0 0.029839 0.044516 -0.059032 -0.089032
0 0.005806 0.009247 -0.010968 -0.018495
0 0.007419 0.013763 -0.014194 -0.027527
0 0.006290 0.008817 -0.011935 -0.017634
0 0.005968 0.008817 -0.011290 -0.017634
0 0.009355 0.015484 -0.018065 -0.030968
0 0.013065 0.020645 -0.025484 -0.041290
0 0.006290 0.013978 -0.011935 -0.027957
0 0.018871 0.025806 -0.037097 -0.051613
0 0.007419 0.013763 -0.014194 -0.027527
0 0.010968 0.017204 -0.021290 -0.034409
0 0.006290 0.013978 -0.011935 -0.027957
0 0.005806 0.009247 -0.010968 -0.018495
0 0.007419 0.013763 -0.014194 -0.027527
0 0.010968 0.017204 -0.021290 -0.034409
0 0.015484 0.031398 -0.030323 -0.062796
0 0.006290 0.013978 -0.011935 -0.027957
0 0.008871 0.015699 -0.017097 -0.031398
0 0.005968 0.008817 -0.011290 -0.017634
0 0.005968 0.008817 -0.011290 -0.017634
0 0.004032 0.006022 -0.007419 -0.012043
0 0.009355 0.015484 -0.018065 -0.030968
0 0.007419 0.013763 -0.014194 -0.027527
0 0.005968 0.008817 -0.011290 -0.017634
0 0.014516 0.019570 -0.028387 -0.039140
0 0.009355 0.015484 -0.018065 -0.030968
0 0.006290 0.008817 -0.011935 -0.017634
0 0.006290 0.008817 -0.011935 -0.017634
0 0.008871 0.015699 -0.017097 -0.031398
0 0.002742 0.004086 -0.004839 -0.008172
0 0.008871 0.015699 -0.017097 -0.031398
0 0.004194 0.005376 -0.007742 -0.010753
0 0.008871 0.015699 -0.017097 -0.031398
0 0.006290 0.013978 -0.011935 -0.027957
0 0.010968 0.017204 -0.021290 -0.034409