0 0.002344 0.003704 -0.003646 -0.005556
0 0.002344 0.003704 -0.003646 -0.005556
0 0.002344 0.003704 -0.003646 -0.005556
0 0.002344 0.003704 -0.003646 -0.005556
0 0.003385 0.006019 -0.005729 -0.010185
0 0.002344 0.003704 -0.003646 -0.005556
0 0.002344 0.003704 -0.003646 -0.005556
0 0.002344 0.004630 -0.003646 -0.007407
0 0.002604 0.005556 -0.004167 -0.009259
0 0.002344 0.003704 -0.003646 -0.005556
0 0.002344 0.004630 -0.003646 -0.007407
0 0.003385 0.006019 -0.005729 -0.010185
0 0.002604 0.005556 -0.004167 -0.009259
0 0.002344 0.003704 -0.003646 -0.005556
0 0.002344 0.003704 -0.003646 -0.005556
0 0.002344 0.003704 -0.003646 -0.005556
0 0.002344 0.003704 -0.003646 -0.005556
0 0.003385 0.006019 -0.005729 -0.010185
0 0.002344 0.003704 -0.003646 -0.005556
0 0.002344 0.004630 -0.003646 -0.007407
0 0.002344 0.004630 -0.003646 -0.007407
0 0.002344 0.003704 -0.003646 -0.005556
0 0.002865 0.005093 -0.004687 -0.008333
0 0.002344 0.003704 -0.003646 -0.005556
0 0.003385 0.006019 -0.005729 -0.010185
0 0.002604 0.005556 -0.004167 -0.009259
0 0.002344 0.003704 -0.003646 -0.005556
0 0.002344 0.004630 -0.003646 -0.007407
0 0.002865 0.005556 -0.004687 -0.009259
0 0.002344 0.003704 -0.003646 -0.005556
0 0.002344 0.004630 -0.003646 -0.007407
0 0.002604 0.005556 -0.004167 -0.009259
0 0.003385 0.006019 -0.005729 -0.010185
0 0.002604 0.005093 -0.004167 -0.008333
0 0.002604 0.005556 -0.004167 -0.009259
0 0.002604 0.005556 -0.004167 -0.009259
0 0.002344 0.003704 -0.003646 -0.005556
0 0.002604 0.005556 -0.004167 -0.009259
0 0.002344 0.003704 -0.003646 -0.005556
0 0.002344 0.004630 -0.003646 -0.007407
0 0.002604 0.005556 -0.004167 -0.009259
0 0.002344 0.003704 -0.003646 -0.005556
0 0.002344 0.004630 -0.003646 -0.007407
0 0.003385 0.006019 -0.005729 -0.010185
0 0.002604 0.005556 -0.004167 -0.009259
0 0.002344 0.003704 -0.003646 -0.005556
0 0.002344 0.004630 -0.003646 -0.007407
0 0.002344 0.004630 -0.003646 -0.007407
0 0.002344 0.003704 -0.003646 -0.005556
0 0.003385 0.006019 -0.005729 -0.010185
0 0.002344 0.003704 -0.003646 -0.005556
0 0.002344 0.003704 -0.003646 -0.005556
0 0.003385 0.006019 -0.005729 -0.010185
0 0.002344 0.003704 -0.003646 -0.005556
0 0.002344 0.004630 -0.003646 -0.007407
0 0.002604 0.005556 -0.004167 -0.009259
0 0.002344 0.003704 -0.003646 -0.005556
0 0.002344 0.004630 -0.003646 -0.007407
0 0.003385 0.006019 -0.005729 -0.010185
0 0.003385 0.006019 -0.005729 -0.010185
0 0.002344 0.004630 -0.003646 -0.007407
0 0.002344 0.003704 -0.003646 -0.005556
0 0.002344 0.003704 -0.003646 -0.005556
0 0.003385 0.006019 -0.005729 -0.010185
0 0.002344 0.004630 -0.003646 -0.007407
0 0.002344 0.004630 -0.003646 -0.007407
0 0.003385 0.006019 -0.005729 -0.010185
0 0.002604 0.005556 -0.004167 -0.009259
0 0.002604 0.005556 -0.004167 -0.009259
0 0.003385 0.006019 -0.005729 -0.010185
0 0.002344 0.004630 -0.003646 -0.007407
0 0.002604 0.005556 -0.004167 -0.009259
0 0.002344 0.003704 -0.003646 -0.005556
0 0.002344 0.003704 -0.003646 -0.005556
0 0.002344 0.004630 -0.003646 -0.007407
0 0.002344 0.003704 -0.003646 -0.005556
0 0.003385 0.006019 -0.005729 -0.010185
0 0.002344 0.003704 -0.003646 -0.005556
0 0.003385 0.006019 -0.005729 -0.010185
0 0.002344 0.003704 -0.003646 -0.005556
0 0.003385 0.006019 -0.005729 -0.010185
0 0.002344 0.004630 -0.003646 -0.007407
0 0.002344 0.004630 -0.003646 -0.007407
0 0.002604 0.005556 -0.004167 -0.009259
0 0.003385 0.006019 -0.005729 -0.010185
0 0.002604 0.005556 -0.004167 -0.009259
0 0.002344 0.003704 -0.003646 -0.005556
0 0.002344 0.003704 -0.003646 -0.005556
0 0.002344 0.003704 -0.003646 -0.005556
0 0.002344 0.004630 -0.003646 -0.007407
0 0.002344 0.003704 -0.003646 -0.005556
0 0.002344 0.004630 -0.003646 -0.007407
0 0.003385 0.006019 -0.005729 -0.010185
0 0.002344 0.004630 -0.003646 -0.007407
0 0.002604 0.005556 -0.004167 -0.009259
0 0.002344 0.003704 -0.003646 -0.005556
0 0.003385 0.006019 -0.005729 -0.010185
0 0.002604 0.005556 -0.004167 -0.009259
0 0.002344 0.003704 -0.003646 -0.005556
0 0.003385 0.006019 -0.005729 -0.010185
0 0.002344 0.003704 -0.003646 -0.005556
0 0.002604 0.005556 -0.004167 -0.009259
0 0.002344 0.003704 -0.003646 -0.005556
0 0.002344 0.004630 -0.003646 -0.007407
0 0.002344 0.003704 -0.003646 -0.005556
0 0.003385 0.006019 -0.005729 -0.010185
0 0.002344 0.004630 -0.003646 -0.007407
0 0.002344 0.003704 -0.003646 -0.005556
0 0.002604 0.005556 -0.004167 -0.009259
0 0.002344 0.003704 -0.003646 -0.005556
0 0.003385 0.006019 -0.005729 -0.010185
0 0.002604 0.005556 -0.004167 -0.009259
0 0.002344 0.003704 -0.003646 -0.005556
0 0.003385 0.006019 -0.005729 -0.010185
0 0.002344 0.004630 -0.003646 -0.007407
0 0.002604 0.005556 -0.004167 -0.009259
0 0.002344 0.003704 -0.003646 -0.005556
0 0.002344 0.004630 -0.003646 -0.007407
0 0.002344 0.003704 -0.003646 -0.005556
0 0.003385 0.006019 -0.005729 -0.010185
0 0.002344 0.004630 -0.003646 -0.007407
0 0.002344 0.003704 -0.003646 -0.005556
0 0.002344 0.003704 -0.003646 -0.005556
0 0.002604 0.005556 -0.004167 -0.009259
0 0.002344 0.003704 -0.003646 -0.005556
0 0.002604 0.005556 -0.004167 -0.009259
0 0.002344 0.004630 -0.003646 -0.007407
0 0.002344 0.003704 -0.003646 -0.005556
0 0.002865 0.005093 -0.004687 -0.008333
0 0.002344 0.004167 -0.003646 -0.006481
0 0.002344 0.004630 -0.003646 -0.007407
0 0.002604 0.004630 -0.004167 -0.007407
0 0.002344 0.003704 -0.003646 -0.005556
0 0.002344 0.003704 -0.003646 -0.005556
0 0.003385 0.006019 -0.005729 -0.010185
0 0.003385 0.006019 -0.005729 -0.010185
0 0.002604 0.005556 -0.004167 -0.009259
0 0.002604 0.005556 -0.004167 -0.009259
0 0.003385 0.006019 -0.005729 -0.010185
0 0.003385 0.006019 -0.005729 -0.010185
0 0.003385 0.006019 -0.005729 -0.010185
0 0.002344 0.003704 -0.003646 -0.005556
0 0.002344 0.003704 -0.003646 -0.005556
0 0.002344 0.003704 -0.003646 -0.005556
0 0.002604 0.005556 -0.004167 -0.009259
0 0.002604 0.005556 -0.004167 -0.009259
0 0.002344 0.004630 -0.003646 -0.007407
0 0.002344 0.004630 -0.003646 -0.007407
0 0.003385 0.006019 -0.005729 -0.010185
0 0.002344 0.003704 -0.003646 -0.005556
0 0.002344 0.003704 -0.003646 -0.005556
0 0.002344 0.003704 -0.003646 -0.005556
0 0.002344 0.003704 -0.003646 -0.005556
0 0.003385 0.006019 -0.005729 -0.010185
0 0.002344 0.004630 -0.003646 -0.007407
0 0.002344 0.003704 -0.003646 -0.005556
0 0.003385 0.006019 -0.005729 -0.010185
0 0.002604 0.005556 -0.004167 -0.009259
0 0.002604 0.005556 -0.004167 -0.009259
0 0.003385 0.006019 -0.005729 -0.010185
0 0.002344 0.004630 -0.003646 -0.007407
0 0.002604 0.005556 -0.004167 -0.009259
0 0.003385 0.006019 -0.005729 -0.010185
0 0.003385 0.006019 -0.005729 -0.010185
0 0.003385 0.006019 -0.005729 -0.010185
0 0.002344 0.004630 -0.003646 -0.007407
0 0.002604 0.005556 -0.004167 -0.009259
0 0.002604 0.005556 -0.004167 -0.009259
0 0.002604 0.005556 -0.004167 -0.009259
0 0.003385 0.006019 -0.005729 -0.010185
0 0.002604 0.005556 -0.004167 -0.009259
0 0.002344 0.003704 -0.003646 -0.005556
0 0.002344 0.004630 -0.003646 -0.007407
0 0.002344 0.004630 -0.003646 -0.007407
0 0.002344 0.003704 -0.003646 -0.005556
0 0.002344 0.004630 -0.003646 -0.007407
0 0.002344 0.004630 -0.003646 -0.007407
0 0.003385 0.006019 -0.005729 -0.010185
0 0.002344 0.004630 -0.003646 -0.007407
0 0.002344 0.004630 -0.003646 -0.007407
0 0.002344 0.003704 -0.003646 -0.005556
0 0.002344 0.004630 -0.003646 -0.007407
0 0.002604 0.005556 -0.004167 -0.009259
0 0.002344 0.003704 -0.003646 -0.005556
0 0.002604 0.005556 -0.004167 -0.009259
0 0.003385 0.006019 -0.005729 -0.010185
0 0.002344 0.004630 -0.003646 -0.007407
0 0.002344 0.003704 -0.003646 -0.005556
0 0.002344 0.003704 -0.003646 -0.005556
0 0.002344 0.004630 -0.003646 -0.007407
0 0.002604 0.005556 -0.004167 -0.009259
0 0.003385 0.006019 -0.005729 -0.010185
0 0.002344 0.004630 -0.003646 -0.007407
0 0.002344 0.003704 -0.003646 -0.005556
0 0.002344 0.004630 -0.003646 -0.007407
0 0.002344 0.003704 -0.003646 -0.005556
0 0.003385 0.006019 -0.005729 -0.010185
0 0.002604 0.005556 -0.004167 -0.009259
0 0.002344 0.003704 -0.003646 -0.005556
0 0.003385 0.006019 -0.005729 -0.010185
0 0.003385 0.006019 -0.005729 -0.010185
0 0.003385 0.006019 -0.005729 -0.010185
0 0.002604 0.005556 -0.004167 -0.009259
0 0.002344 0.003704 -0.003646 -0.005556
0 0.003385 0.006019 -0.005729 -0.010185
0 0.003385 0.006019 -0.005729 -0.010185
0 0.003385 0.006019 -0.005729 -0.010185
0 0.002344 0.004630 -0.003646 -0.007407
0 0.002344 0.003704 -0.003646 -0.005556
0 0.002344 0.003704 -0.003646 -0.005556
0 0.002344 0.003704 -0.003646 -0.005556
0 0.003385 0.006019 -0.005729 -0.010185
0 0.002604 0.005556 -0.004167 -0.009259
0 0.002344 0.004630 -0.003646 -0.007407
0 0.002344 0.003704 -0.003646 -0.005556
0 0.002344 0.004630 -0.003646 -0.007407
0 0.003385 0.006019 -0.005729 -0.010185
0 0.002344 0.003704 -0.003646 -0.005556
0 0.003385 0.006019 -0.005729 -0.010185
0 0.003385 0.006019 -0.005729 -0.010185
0 0.002344 0.004630 -0.003646 -0.007407
0 0.002344 0.003704 -0.003646 -0.005556
0 0.002344 0.004630 -0.003646 -0.007407
0 0.003385 0.006019 -0.005729 -0.010185
0 0.003385 0.006019 -0.005729 -0.010185
0 0.002344 0.004630 -0.003646 -0.007407
0 0.003385 0.006019 -0.005729 -0.010185
0 0.003385 0.006019 -0.005729 -0.010185
0 0.002604 0.005556 -0.004167 -0.009259
0 0.002344 0.003704 -0.003646 -0.005556
0 0.002604 0.005556 -0.004167 -0.009259
0 0.002344 0.003704 -0.003646 -0.005556
0 0.002344 0.003704 -0.003646 -0.005556
0 0.003385 0.006019 -0.005729 -0.010185
0 0.002344 0.003704 -0.003646 -0.005556
0 0.002604 0.005556 -0.004167 -0.009259
0 0.003385 0.006019 -0.005729 -0.010185
0 0.003385 0.006019 -0.005729 -0.010185
0 0.002344 0.003704 -0.003646 -0.005556
0 0.003385 0.006019 -0.005729 -0.010185
0 0.002344 0.003704 -0.003646 -0.005556
0 0.002344 0.004630 -0.003646 -0.007407
0 0.002344 0.004630 -0.003646 -0.007407
0 0.002344 0.003704 -0.003646 -0.005556
0 0.002344 0.004630 -0.003646 -0.007407
0 0.002604 0.005556 -0.004167 -0.009259
0 0.002344 0.004630 -0.003646 -0.007407
0 0.002344 0.004630 -0.003646 -0.007407
0 0.003385 0.006019 -0.005729 -0.010185
0 0.002344 0.003704 -0.003646 -0.005556
0 0.002344 0.003704 -0.003646 -0.005556
0 0.002604 0.005556 -0.004167 -0.009259
0 0.003385 0.006019 -0.005729 -0.010185
0 0.003385 0.006019 -0.005729 -0.010185
0 0.003385 0.006019 -0.005729 -0.010185
0 0.002604 0.005556 -0.004167 -0.009259
0 0.002344 0.003704 -0.003646 -0.005556
0 0.002604 0.005556 -0.004167 -0.009259
0 0.002344 0.003704 -0.003646 -0.005556
0 0.002604 0.005556 -0.004167 -0.009259
0 0.003385 0.006019 -0.005729 -0.010185
0 0.002344 0.003704 -0.003646 -0.005556
0 0.003385 0.006019 -0.005729 -0.010185
0 0.002604 0.005556 -0.004167 -0.009259
0 0.002604 0.005556 -0.004167 -0.009259
0 0.003385 0.006019 -0.005729 -0.010185
0 0.002604 0.005556 -0.004167 -0.009259
0 0.003385 0.006019 -0.005729 -0.010185
0 0.002344 0.003704 -0.003646 -0.005556
0 0.003385 0.006019 -0.005729 -0.010185
0 0.003385 0.006019 -0.005729 -0.010185
0 0.002604 0.005556 -0.004167 -0.009259
0 0.003385 0.006019 -0.005729 -0.010185
0 0.002604 0.005556 -0.004167 -0.009259
0 0.003385 0.006019 -0.005729 -0.010185
0 0.003385 0.006019 -0.005729 -0.010185
0 0.002344 0.003704 -0.003646 -0.005556
0 0.003385 0.006019 -0.005729 -0.010185
0 0.002344 0.004630 -0.003646 -0.007407
0 0.002344 0.003704 -0.003646 -0.005556
0 0.003385 0.006019 -0.005729 -0.010185
0 0.003385 0.006019 -0.005729 -0.010185
0 0.002865 0.005093 -0.004687 -0.008333
0 0.002344 0.004630 -0.003646 -0.007407
0 0.002344 0.004630 -0.003646 -0.007407
0 0.003385 0.006019 -0.005729 -0.010185
0 0.003385 0.006019 -0.005729 -0.010185
0 0.002344 0.004630 -0.003646 -0.007407
0 0.003385 0.006019 -0.005729 -0.010185
0 0.003385 0.006019 -0.005729 -0.010185
0 0.002344 0.003704 -0.003646 -0.005556
0 0.002344 0.003704 -0.003646 -0.005556
0 0.003385 0.006019 -0.005729 -0.010185
0 0.002344 0.003704 -0.003646 -0.005556
0 0.002604 0.005556 -0.004167 -0.009259
0 0.002344 0.003704 -0.003646 -0.005556
0 0.003385 0.006019 -0.005729 -0.010185
0 0.003385 0.006019 -0.005729 -0.010185
0 0.002344 0.004630 -0.003646 -0.007407
0 0.002604 0.005556 -0.004167 -0.009259
0 0.002344 0.003704 -0.003646 -0.005556
0 0.003385 0.006019 -0.005729 -0.010185
0 0.002344 0.004630 -0.003646 -0.007407
0 0.003385 0.006019 -0.005729 -0.010185
0 0.002604 0.005556 -0.004167 -0.009259
0 0.002344 0.003704 -0.003646 -0.005556
0 0.002344 0.004630 -0.003646 -0.007407
0 0.003385 0.006019 -0.005729 -0.010185
0 0.003385 0.006019 -0.005729 -0.010185
0 0.002604 0.005556 -0.004167 -0.009259
0 0.003385 0.006019 -0.005729 -0.010185
0 0.002344 0.003704 -0.003646 -0.005556
0 0.002344 0.004630 -0.003646 -0.007407
0 0.002344 0.003704 -0.003646 -0.005556
0 0.002344 0.004630 -0.003646 -0.007407
0 0.002604 0.005556 -0.004167 -0.009259
0 0.002344 0.003704 -0.003646 -0.005556
0 0.002344 0.004630 -0.003646 -0.007407
0 0.002344 0.004630 -0.003646 -0.007407
0 0.002344 0.003704 -0.003646 -0.005556
0 0.002344 0.003704 -0.003646 -0.005556
0 0.003385 0.006019 -0.005729 -0.010185
0 0.002604 0.005556 -0.004167 -0.009259
0 0.002344 0.003704 -0.003646 -0.005556
0 0.002344 0.003704 -0.003646 -0.005556
0 0.002604 0.005556 -0.004167 -0.009259
0 0.002344 0.003704 -0.003646 -0.005556
0 0.002344 0.003704 -0.003646 -0.005556
0 0.002604 0.005556 -0.004167 -0.009259
0 0.003385 0.006019 -0.005729 -0.010185
0 0.002344 0.003704 -0.003646 -0.005556
0 0.003385 0.006019 -0.005729 -0.010185
0 0.003385 0.006019 -0.005729 -0.010185
0 0.002344 0.003704 -0.003646 -0.005556
0 0.003385 0.006019 -0.005729 -0.010185
0 0.003385 0.006019 -0.005729 -0.010185
0 0.002604 0.005556 -0.004167 -0.009259
0 0.002344 0.004630 -0.003646 -0.007407
0 0.003385 0.006019 -0.005729 -0.010185
0 0.002344 0.003704 -0.003646 -0.005556
0 0.002344 0.004630 -0.003646 -0.007407
0 0.002344 0.003704 -0.003646 -0.005556
0 0.002344 0.003704 -0.003646 -0.005556
0 0.002604 0.005556 -0.004167 -0.009259
0 0.003385 0.006019 -0.005729 -0.010185
0 0.002344 0.003704 -0.003646 -0.005556
0 0.003385 0.006019 -0.005729 -0.010185
0 0.002344 0.003704 -0.003646 -0.005556
0 0.002604 0.005556 -0.004167 -0.009259
0 0.003385 0.006019 -0.005729 -0.010185
0 0.003385 0.006019 -0.005729 -0.010185
0 0.003385 0.006019 -0.005729 -0.010185
0 0.002344 0.003704 -0.003646 -0.005556
0 0.002344 0.003704 -0.003646 -0.005556
0 0.002344 0.003704 -0.003646 -0.005556
0 0.003385 0.006019 -0.005729 -0.010185
0 0.002344 0.004630 -0.003646 -0.007407
0 0.002344 0.003704 -0.003646 -0.005556
0 0.002344 0.003704 -0.003646 -0.005556
0 0.003385 0.006019 -0.005729 -0.010185
0 0.003385 0.006019 -0.005729 -0.010185
0 0.002344 0.004167 -0.003646 -0.006481
0 0.002604 0.005556 -0.004167 -0.009259
0 0.003385 0.006019 -0.005729 -0.010185
0 0.003385 0.006019 -0.005729 -0.010185
0 0.002604 0.005556 -0.004167 -0.009259
0 0.002344 0.004630 -0.003646 -0.007407
0 0.002344 0.004630 -0.003646 -0.007407
0 0.003385 0.006019 -0.005729 -0.010185
0 0.002344 0.003704 -0.003646 -0.005556
0 0.003385 0.006019 -0.005729 -0.010185
0 0.002604 0.004630 -0.004167 -0.007407
0 0.002604 0.005556 -0.004167 -0.009259
0 0.002344 0.004630 -0.003646 -0.007407
0 0.002344 0.004630 -0.003646 -0.007407
0 0.002344 0.003704 -0.003646 -0.005556
0 0.003385 0.006019 -0.005729 -0.010185
0 0.003385 0.006019 -0.005729 -0.010185
0 0.003385 0.006019 -0.005729 -0.010185
0 0.003385 0.006019 -0.005729 -0.010185
0 0.002344 0.004630 -0.003646 -0.007407
0 0.002344 0.004630 -0.003646 -0.007407
0 0.003385 0.006019 -0.005729 -0.010185
0 0.002344 0.003704 -0.003646 -0.005556
0 0.002604 0.005556 -0.004167 -0.009259
0 0.002604 0.005556 -0.004167 -0.009259
0 0.002344 0.004630 -0.003646 -0.007407
0 0.003385 0.006019 -0.005729 -0.010185
0 0.003385 0.006019 -0.005729 -0.010185
0 0.002344 0.003704 -0.003646 -0.005556
0 0.002344 0.004630 -0.003646 -0.007407
0 0.003385 0.006019 -0.005729 -0.010185
0 0.003385 0.006019 -0.005729 -0.010185
0 0.003385 0.006019 -0.005729 -0.010185
0 0.002604 0.005556 -0.004167 -0.009259
0 0.002344 0.003704 -0.003646 -0.005556
0 0.002604 0.005556 -0.004167 -0.009259
0 0.003385 0.006019 -0.005729 -0.010185
0 0.003385 0.006019 -0.005729 -0.010185
0 0.003385 0.006019 -0.005729 -0.010185
0 0.002344 0.003704 -0.003646 -0.005556
0 0.002344 0.003704 -0.003646 -0.005556
0 0.002344 0.004630 -0.003646 -0.007407
0 0.002604 0.005556 -0.004167 -0.009259
0 0.002344 0.003704 -0.003646 -0.005556
0 0.003385 0.006019 -0.005729 -0.010185
0 0.002344 0.003704 -0.003646 -0.005556
0 0.002344 0.003704 -0.003646 -0.005556
0 0.002344 0.004630 -0.003646 -0.007407
0 0.002344 0.004630 -0.003646 -0.007407
0 0.002604 0.005556 -0.004167 -0.009259
0 0.002344 0.003704 -0.003646 -0.005556
0 0.002344 0.003704 -0.003646 -0.005556
0 0.002344 0.003704 -0.003646 -0.005556
0 0.002344 0.004630 -0.003646 -0.007407
0 0.002344 0.004630 -0.003646 -0.007407
0 0.002604 0.005556 -0.004167 -0.009259
0 0.002344 0.003704 -0.003646 -0.005556
0 0.003385 0.006019 -0.005729 -0.010185
0 0.002604 0.005556 -0.004167 -0.009259
0 0.002604 0.005556 -0.004167 -0.009259
0 0.002344 0.003704 -0.003646 -0.005556
0 0.002344 0.004630 -0.003646 -0.007407
0 0.002344 0.003704 -0.003646 -0.005556