0 0.009375 0.014453 -0.017708 -0.028906
0 0.003646 0.004297 -0.006250 -0.007031
0 0.004687 0.006641 -0.008333 -0.011719
0 0.003646 0.004297 -0.006250 -0.007031
0 0.009375 0.014453 -0.017708 -0.028906
0 0.009375 0.014453 -0.017708 -0.028906
0 0.007812 0.012109 -0.014583 -0.022656
0 0.009375 0.014453 -0.017708 -0.028906
0 0.004687 0.006641 -0.008333 -0.011719
0 0.003646 0.004297 -0.006250 -0.007031
0 0.007812 0.011719 -0.014583 -0.023438
0 0.003646 0.004297 -0.006250 -0.007031
0 0.005990 0.009375 -0.010937 -0.018750
0 0.006250 0.010156 -0.011458 -0.020313
0 0.004687 0.006641 -0.008333 -0.011719
0 0.009375 0.014453 -0.017708 -0.028906
0 0.009375 0.014453 -0.017708 -0.028906
0 0.009375 0.014453 -0.017708 -0.028906
0 0.003646 0.005469 -0.006250 -0.009375
0 0.005990 0.009375 -0.010937 -0.018750
0 0.006250 0.010156 -0.011458 -0.020313
0 0.004687 0.006641 -0.008333 -0.011719
0 0.006771 0.010937 -0.012500 -0.021875
0 0.004687 0.006641 -0.008333 -0.011719
0 0.009375 0.014453 -0.017708 -0.028906
0 0.004687 0.006641 -0.008333 -0.011719
0 0.006771 0.010937 -0.012500 -0.021875
0 0.003646 0.005469 -0.006250 -0.009375
0 0.006250 0.010547 -0.011458 -0.019531
0 0.005990 0.009375 -0.010937 -0.018750
0 0.006250 0.010156 -0.011458 -0.020313
0 0.005990 0.009375 -0.010937 -0.018750
0 0.007812 0.012109 -0.014583 -0.022656
0 0.009375 0.014453 -0.017708 -0.028906
0 0.004687 0.006250 -0.008333 -0.012500
0 0.003646 0.004297 -0.006250 -0.007031
0 0.004687 0.006641 -0.008333 -0.011719
0 0.009375 0.014453 -0.017708 -0.028906
0 0.006250 0.010156 -0.011458 -0.020313
0 0.004687 0.006250 -0.008333 -0.012500
0 0.004687 0.006641 -0.008333 -0.011719
0 0.003646 0.004297 -0.006250 -0.007031
0 0.006250 0.010156 -0.011458 -0.020313
0 0.003646 0.004297 -0.006250 -0.007031
0 0.003646 0.004297 -0.006250 -0.007031
0 0.006250 0.010156 -0.011458 -0.020313
0 0.003646 0.004297 -0.006250 -0.007031
0 0.007552 0.011719 -0.014063 -0.023438
0 0.004687 0.006250 -0.008333 -0.012500
0 0.009375 0.014453 -0.017708 -0.028906
0 0.004687 0.006641 -0.008333 -0.011719
0 0.003646 0.004297 -0.006250 -0.007031
0 0.009375 0.014453 -0.017708 -0.028906
0 0.004427 0.008203 -0.007812 -0.014844
0 0.007812 0.011719 -0.014583 -0.023438
0 0.005990 0.009375 -0.010937 -0.018750
0 0.004687 0.006641 -0.008333 -0.011719
0 0.004687 0.006250 -0.008333 -0.012500
0 0.003646 0.005078 -0.006250 -0.010156
0 0.005990 0.010156 -0.010937 -0.018750
0 0.004427 0.008203 -0.007812 -0.014844
0 0.006250 0.010156 -0.011458 -0.020313
0 0.004687 0.006641 -0.008333 -0.011719
0 0.005990 0.009375 -0.010937 -0.018750
0 0.007812 0.011719 -0.014583 -0.023438
0 0.005469 0.008984 -0.009896 -0.016406
0 0.003646 0.004297 -0.006250 -0.007031
0 0.005990 0.009766 -0.010937 -0.017969
0 0.006250 0.010547 -0.011458 -0.019531
0 0.003646 0.004297 -0.006250 -0.007031
0 0.005990 0.009375 -0.010937 -0.018750
0 0.003646 0.004297 -0.006250 -0.007031
0 0.004687 0.006641 -0.008333 -0.011719
0 0.007812 0.011719 -0.014583 -0.023438
0 0.003646 0.004297 -0.006250 -0.007031
0 0.003646 0.004297 -0.006250 -0.007031
0 0.005469 0.008984 -0.009896 -0.016406
0 0.004687 0.006641 -0.008333 -0.011719
0 0.005469 0.008984 -0.009896 -0.016406
0 0.006250 0.010547 -0.011458 -0.019531
0 0.006250 0.010156 -0.011458 -0.020313
0 0.009375 0.014453 -0.017708 -0.028906
0 0.009375 0.014453 -0.017708 -0.028906
0 0.003646 0.005469 -0.006250 -0.009375
0 0.005990 0.009375 -0.010937 -0.018750
0 0.003646 0.004297 -0.006250 -0.007031
0 0.009375 0.014453 -0.017708 -0.028906
0 0.004687 0.006250 -0.008333 -0.012500
0 0.003646 0.005469 -0.006250 -0.009375
0 0.009375 0.014453 -0.017708 -0.028906
0 0.005729 0.008594 -0.010417 -0.015625
0 0.005469 0.008984 -0.009896 -0.016406
0 0.007812 0.012109 -0.014583 -0.022656
0 0.005990 0.009766 -0.010937 -0.017969
0 0.004687 0.006641 -0.008333 -0.011719
0 0.005990 0.009375 -0.010937 -0.018750
0 0.006250 0.010547 -0.011458 -0.019531
0 0.003906 0.007422 -0.006771 -0.013281
0 0.005469 0.008984 -0.009896 -0.016406
0 0.007812 0.012109 -0.014583 -0.022656
0 0.009375 0.014453 -0.017708 -0.028906
0 0.004687 0.006641 -0.008333 -0.011719
0 0.006250 0.010156 -0.011458 -0.020313
0 0.004687 0.006641 -0.008333 -0.011719
0 0.005990 0.009375 -0.010937 -0.018750
0 0.006250 0.010156 -0.011458 -0.020313
0 0.004687 0.006641 -0.008333 -0.011719
0 0.003646 0.004297 -0.006250 -0.007031
0 0.005729 0.008594 -0.010417 -0.015625
0 0.006250 0.010547 -0.011458 -0.019531
0 0.003646 0.005469 -0.006250 -0.009375
0 0.007812 0.011719 -0.014583 -0.023438
0 0.004687 0.006641 -0.008333 -0.011719
0 0.003646 0.004297 -0.006250 -0.007031
0 0.003646 0.004297 -0.006250 -0.007031
0 0.003646 0.004297 -0.006250 -0.007031
0 0.005469 0.008984 -0.009896 -0.016406
0 0.004687 0.006250 -0.008333 -0.012500
0 0.007031 0.011328 -0.013021 -0.021094
0 0.009375 0.014453 -0.017708 -0.028906
0 0.009375 0.014453 -0.017708 -0.028906
0 0.006250 0.010547 -0.011458 -0.019531
0 0.003646 0.004297 -0.006250 -0.007031
0 0.009375 0.014453 -0.017708 -0.028906
0 0.007812 0.011719 -0.014583 -0.023438
0 0.009375 0.014453 -0.017708 -0.028906
0 0.003646 0.004297 -0.006250 -0.007031
0 0.004687 0.006641 -0.008333 -0.011719
0 0.003646 0.005469 -0.006250 -0.009375
0 0.004687 0.006641 -0.008333 -0.011719
0 0.004687 0.006641 -0.008333 -0.011719
0 0.004687 0.006641 -0.008333 -0.011719
0 0.003646 0.004297 -0.006250 -0.007031
0 0.004687 0.006641 -0.008333 -0.011719
0 0.006250 0.010547 -0.011458 -0.019531
0 0.004687 0.006641 -0.008333 -0.011719
0 0.009375 0.014453 -0.017708 -0.028906
0 0.003646 0.004297 -0.006250 -0.007031
0 0.003646 0.004297 -0.006250 -0.007031
0 0.003646 0.004297 -0.006250 -0.007031
0 0.007812 0.011719 -0.014583 -0.023438
0 0.006250 0.010547 -0.011458 -0.019531
0 0.004687 0.006250 -0.008333 -0.012500
0 0.004687 0.006250 -0.008333 -0.012500
0 0.004687 0.006641 -0.008333 -0.011719
0 0.004687 0.006641 -0.008333 -0.011719
0 0.004687 0.006250 -0.008333 -0.012500
0 0.003646 0.004297 -0.006250 -0.007031
0 0.005990 0.009375 -0.010937 -0.018750
0 0.004687 0.006641 -0.008333 -0.011719
0 0.006250 0.010156 -0.011458 -0.020313
0 0.005990 0.009375 -0.010937 -0.018750
0 0.009375 0.014453 -0.017708 -0.028906
0 0.004427 0.008203 -0.007812 -0.014844
0 0.003646 0.005469 -0.006250 -0.009375
0 0.009375 0.014453 -0.017708 -0.028906
0 0.004427 0.008203 -0.007812 -0.014844
0 0.004687 0.006641 -0.008333 -0.011719
0 0.009375 0.014453 -0.017708 -0.028906
0 0.003646 0.005469 -0.006250 -0.009375
0 0.003646 0.005469 -0.006250 -0.009375
0 0.006250 0.010156 -0.011458 -0.020313
0 0.006250 0.010156 -0.011458 -0.020313
0 0.004687 0.006250 -0.008333 -0.012500
0 0.009375 0.014453 -0.017708 -0.028906
0 0.005469 0.008984 -0.009896 -0.016406
0 0.004687 0.006250 -0.008333 -0.012500
0 0.003646 0.004297 -0.006250 -0.007031
0 0.004687 0.006641 -0.008333 -0.011719
0 0.005990 0.009375 -0.010937 -0.018750
0 0.005990 0.009375 -0.010937 -0.018750
0 0.004427 0.008203 -0.007812 -0.014844
0 0.006250 0.010547 -0.011458 -0.019531
0 0.005990 0.009375 -0.010937 -0.018750
0 0.006250 0.010156 -0.011458 -0.020313
0 0.004687 0.006641 -0.008333 -0.011719
0 0.006250 0.010156 -0.011458 -0.020313
0 0.009375 0.014453 -0.017708 -0.028906
0 0.005990 0.009375 -0.010937 -0.018750
0 0.005469 0.008984 -0.009896 -0.016406
0 0.007812 0.012109 -0.014583 -0.022656
0 0.005990 0.009375 -0.010937 -0.018750
0 0.004687 0.006641 -0.008333 -0.011719
0 0.009375 0.014453 -0.017708 -0.028906
0 0.007812 0.012109 -0.014583 -0.022656
0 0.009375 0.014453 -0.017708 -0.028906
0 0.005469 0.008984 -0.009896 -0.016406
0 0.003646 0.005469 -0.006250 -0.009375
0 0.003906 0.007422 -0.006771 -0.013281
0 0.003646 0.005469 -0.006250 -0.009375
0 0.006250 0.010156 -0.011458 -0.020313
0 0.009375 0.014453 -0.017708 -0.028906
0 0.007812 0.011719 -0.014583 -0.023438
0 0.009375 0.014453 -0.017708 -0.028906
0 0.009375 0.014453 -0.017708 -0.028906
0 0.005990 0.009375 -0.010937 -0.018750
0 0.005469 0.008984 -0.009896 -0.016406
0 0.004687 0.006641 -0.008333 -0.011719
0 0.004687 0.006641 -0.008333 -0.011719
0 0.009375 0.014453 -0.017708 -0.028906
0 0.009375 0.014453 -0.017708 -0.028906
0 0.003646 0.004297 -0.006250 -0.007031
0 0.003646 0.004297 -0.006250 -0.007031