0 0.016807 0.027990 -0.030252 -0.055980
0 0.015966 0.029262 -0.028571 -0.058524
0 0.017647 0.027990 -0.031933 -0.055980
0 0.017647 0.027990 -0.031933 -0.055980
0 0.017647 0.027990 -0.031933 -0.055980
0 0.015966 0.024173 -0.028571 -0.048346
0 0.015966 0.024173 -0.028571 -0.048346
0 0.015966 0.029262 -0.028571 -0.058524
0 0.015966 0.024173 -0.028571 -0.048346
0 0.017647 0.027990 -0.031933 -0.055980
0 0.015966 0.029262 -0.028571 -0.058524
0 0.015966 0.024173 -0.028571 -0.048346
0 0.015966 0.029262 -0.028571 -0.058524
0 0.015966 0.029262 -0.028571 -0.058524
0 0.015966 0.029262 -0.028571 -0.058524
0 0.015966 0.029262 -0.028571 -0.058524
0 0.015966 0.029262 -0.028571 -0.058524
0 0.015966 0.024173 -0.028571 -0.048346
0 0.017647 0.027990 -0.031933 -0.055980
0 0.015966 0.029262 -0.028571 -0.058524
0 0.015966 0.029262 -0.028571 -0.058524
0 0.015966 0.029262 -0.028571 -0.058524
0 0.017647 0.027990 -0.031933 -0.055980
0 0.015966 0.029262 -0.028571 -0.058524
0 0.017647 0.027990 -0.031933 -0.055980
0 0.017647 0.027990 -0.031933 -0.055980
0 0.017647 0.027990 -0.031933 -0.055980
0 0.015966 0.029262 -0.028571 -0.058524
0 0.017647 0.027990 -0.031933 -0.055980
0 0.017647 0.027990 -0.031933 -0.055980
0 0.015966 0.029262 -0.028571 -0.058524
0 0.015966 0.024173 -0.028571 -0.048346
0 0.017647 0.027990 -0.031933 -0.055980
0 0.015966 0.027990 -0.028571 -0.055980
0 0.017647 0.027990 -0.031933 -0.055980
0 0.017647 0.027990 -0.031933 -0.055980
0 0.017647 0.027990 -0.031933 -0.055980
0 0.017647 0.027990 -0.031933 -0.055980
0 0.015966 0.024173 -0.028571 -0.048346
0 0.015966 0.029262 -0.028571 -0.058524
0 0.015966 0.029262 -0.028571 -0.058524
0 0.017647 0.027990 -0.031933 -0.055980
0 0.017647 0.027990 -0.031933 -0.055980
0 0.015966 0.024173 -0.028571 -0.048346
0 0.015966 0.029262 -0.028571 -0.058524
0 0.015966 0.024173 -0.028571 -0.048346
0 0.015966 0.029262 -0.028571 -0.058524
0 0.015966 0.029262 -0.028571 -0.058524
0 0.017647 0.027990 -0.031933 -0.055980
0 0.015966 0.029262 -0.028571 -0.058524
0 0.015966 0.029262 -0.028571 -0.058524
0 0.017647 0.027990 -0.031933 -0.055980
0 0.015966 0.029262 -0.028571 -0.058524
0 0.015966 0.029262 -0.028571 -0.058524
0 0.017647 0.027990 -0.031933 -0.055980