0 0.012500 0.022406 -0.021875 -0.044811
0 0.007031 0.011792 -0.010937 -0.023585
0 0.012500 0.022406 -0.021875 -0.044811
0 0.007031 0.011792 -0.010937 -0.023585
0 0.008594 0.012972 -0.014063 -0.025943
0 0.012500 0.022406 -0.021875 -0.044811
0 0.015625 0.028302 -0.028125 -0.056604
0 0.015625 0.028302 -0.028125 -0.056604
0 0.007031 0.011792 -0.010937 -0.023585
0 0.007031 0.011792 -0.010937 -0.023585
0 0.005469 0.009434 -0.007812 -0.018868
0 0.005469 0.009434 -0.007812 -0.018868
0 0.007031 0.011792 -0.010937 -0.023585
0 0.005469 0.009434 -0.007812 -0.018868
0 0.008594 0.012972 -0.014063 -0.025943
0 0.011719 0.017689 -0.020313 -0.035377
0 0.008594 0.012972 -0.014063 -0.025943
0 0.005469 0.009434 -0.007812 -0.018868
0 0.010156 0.015330 -0.017188 -0.030660
0 0.011719 0.017689 -0.020313 -0.035377
0 0.005469 0.009434 -0.007812 -0.018868
0 0.015625 0.028302 -0.028125 -0.056604
0 0.008594 0.012972 -0.014063 -0.025943
0 0.008594 0.012972 -0.014063 -0.025943
0 0.012500 0.022406 -0.021875 -0.044811
0 0.012500 0.022406 -0.021875 -0.044811
0 0.015625 0.028302 -0.028125 -0.056604
0 0.017969 0.027123 -0.032813 -0.054245
0 0.007031 0.011792 -0.010937 -0.023585
0 0.007031 0.011792 -0.010937 -0.023585
0 0.011719 0.017689 -0.020313 -0.035377
0 0.007031 0.011792 -0.010937 -0.023585
0 0.008594 0.012972 -0.014063 -0.025943
0 0.011719 0.017689 -0.020313 -0.035377
0 0.007031 0.011792 -0.010937 -0.023585
0 0.012500 0.022406 -0.021875 -0.044811
0 0.008594 0.012972 -0.014063 -0.025943
0 0.012500 0.022406 -0.021875 -0.044811
0 0.005469 0.009434 -0.007812 -0.018868
0 0.007031 0.011792 -0.010937 -0.023585
0 0.012500 0.022406 -0.021875 -0.044811
0 0.007031 0.011792 -0.010937 -0.023585
0 0.008594 0.012972 -0.014063 -0.025943
0 0.007031 0.011792 -0.010937 -0.023585
0 0.012500 0.022406 -0.021875 -0.044811
0 0.015625 0.028302 -0.028125 -0.056604
0 0.011719 0.017689 -0.020313 -0.035377
0 0.008594 0.012972 -0.014063 -0.025943