0 0.008464 0.015046 -0.014323 -0.030093
0 0.008464 0.015046 -0.014323 -0.030093
0 0.008464 0.018519 -0.014323 -0.037037
0 0.008464 0.015046 -0.014323 -0.030093
0 0.011719 0.020833 -0.020833 -0.041667
0 0.009115 0.019676 -0.015625 -0.039352
0 0.009115 0.019676 -0.015625 -0.039352
0 0.011719 0.020833 -0.020833 -0.041667
0 0.009115 0.019676 -0.015625 -0.039352
0 0.011719 0.020833 -0.020833 -0.041667
0 0.008464 0.015046 -0.014323 -0.030093
0 0.011719 0.020833 -0.020833 -0.041667
0 0.009115 0.019676 -0.015625 -0.039352
0 0.008464 0.015046 -0.014323 -0.030093
0 0.008464 0.015046 -0.014323 -0.030093
0 0.009115 0.019676 -0.015625 -0.039352
0 0.008464 0.015046 -0.014323 -0.030093
0 0.011719 0.020833 -0.020833 -0.041667
0 0.009115 0.019676 -0.015625 -0.039352
0 0.008464 0.015046 -0.014323 -0.030093
0 0.008464 0.018519 -0.014323 -0.037037
0 0.009115 0.019676 -0.015625 -0.039352
0 0.009115 0.019676 -0.015625 -0.039352
0 0.009115 0.019676 -0.015625 -0.039352
0 0.008464 0.015046 -0.014323 -0.030093
0 0.009115 0.019676 -0.015625 -0.039352
0 0.008464 0.017361 -0.014323 -0.034722
0 0.008464 0.015046 -0.014323 -0.030093
0 0.008464 0.015046 -0.014323 -0.030093
0 0.011719 0.020833 -0.020833 -0.041667
0 0.009115 0.019676 -0.015625 -0.039352
0 0.009115 0.019676 -0.015625 -0.039352
0 0.008464 0.015046 -0.014323 -0.030093
0 0.009115 0.019676 -0.015625 -0.039352
0 0.008464 0.015046 -0.014323 -0.030093
0 0.009115 0.019676 -0.015625 -0.039352
0 0.011719 0.020833 -0.020833 -0.041667
0 0.008464 0.015046 -0.014323 -0.030093
0 0.009115 0.019676 -0.015625 -0.039352
0 0.008464 0.015046 -0.014323 -0.030093
0 0.009115 0.019676 -0.015625 -0.039352
0 0.011719 0.020833 -0.020833 -0.041667
0 0.008464 0.015046 -0.014323 -0.030093
0 0.008464 0.015046 -0.014323 -0.030093
0 0.008464 0.015046 -0.014323 -0.030093
0 0.008464 0.015046 -0.014323 -0.030093
0 0.011719 0.020833 -0.020833 -0.041667
0 0.011719 0.020833 -0.020833 -0.041667
0 0.011719 0.020833 -0.020833 -0.041667
0 0.011719 0.020833 -0.020833 -0.041667
0 0.008464 0.015046 -0.014323 -0.030093
0 0.008464 0.015046 -0.014323 -0.030093
0 0.011719 0.020833 -0.020833 -0.041667
0 0.009115 0.019676 -0.015625 -0.039352
0 0.009115 0.019676 -0.015625 -0.039352
0 0.009115 0.019676 -0.015625 -0.039352
0 0.011719 0.020833 -0.020833 -0.041667
0 0.011719 0.020833 -0.020833 -0.041667
0 0.009115 0.019676 -0.015625 -0.039352
0 0.009115 0.019676 -0.015625 -0.039352
0 0.008464 0.015046 -0.014323 -0.030093
0 0.008464 0.015046 -0.014323 -0.030093
0 0.008464 0.017361 -0.014323 -0.034722
0 0.008464 0.015046 -0.014323 -0.030093
0 0.008464 0.015046 -0.014323 -0.030093
0 0.011719 0.020833 -0.020833 -0.041667
0 0.008464 0.015046 -0.014323 -0.030093
0 0.011719 0.020833 -0.020833 -0.041667
0 0.008464 0.015046 -0.014323 -0.030093
0 0.008464 0.015046 -0.014323 -0.030093
0 0.009115 0.019676 -0.015625 -0.039352
0 0.011719 0.020833 -0.020833 -0.041667
0 0.008464 0.015046 -0.014323 -0.030093
0 0.011719 0.020833 -0.020833 -0.041667
0 0.009115 0.019676 -0.015625 -0.039352
0 0.008464 0.015046 -0.014323 -0.030093
0 0.009115 0.019676 -0.015625 -0.039352
0 0.009115 0.019676 -0.015625 -0.039352
0 0.011719 0.020833 -0.020833 -0.041667
0 0.009115 0.019676 -0.015625 -0.039352
0 0.009115 0.019676 -0.015625 -0.039352
0 0.008464 0.015046 -0.014323 -0.030093
0 0.008464 0.015046 -0.014323 -0.030093
0 0.008464 0.015046 -0.014323 -0.030093
0 0.008464 0.015046 -0.014323 -0.030093
0 0.009115 0.019676 -0.015625 -0.039352
0 0.008464 0.015046 -0.014323 -0.030093
0 0.009115 0.019676 -0.015625 -0.039352
0 0.008464 0.015046 -0.014323 -0.030093
0 0.008464 0.015046 -0.014323 -0.030093
0 0.008464 0.015046 -0.014323 -0.030093
0 0.009115 0.019676 -0.015625 -0.039352
0 0.009115 0.019676 -0.015625 -0.039352
0 0.009115 0.019676 -0.015625 -0.039352
0 0.011719 0.020833 -0.020833 -0.041667
0 0.008464 0.015046 -0.014323 -0.030093
0 0.009115 0.019676 -0.015625 -0.039352
0 0.009115 0.019676 -0.015625 -0.039352
0 0.009115 0.019676 -0.015625 -0.039352
0 0.008464 0.015046 -0.014323 -0.030093
0 0.009115 0.019676 -0.015625 -0.039352
0 0.009115 0.019676 -0.015625 -0.039352
0 0.008464 0.015046 -0.014323 -0.030093
0 0.008464 0.015046 -0.014323 -0.030093
0 0.009115 0.019676 -0.015625 -0.039352
0 0.011719 0.020833 -0.020833 -0.041667
0 0.009115 0.019676 -0.015625 -0.039352
0 0.009115 0.019676 -0.015625 -0.039352
0 0.009115 0.019676 -0.015625 -0.039352
0 0.008464 0.015046 -0.014323 -0.030093
0 0.008464 0.015046 -0.014323 -0.030093
0 0.008464 0.015046 -0.014323 -0.030093
0 0.011719 0.020833 -0.020833 -0.041667
0 0.010417 0.019676 -0.018229 -0.039352
0 0.008464 0.015046 -0.014323 -0.030093
0 0.008464 0.015046 -0.014323 -0.030093
0 0.008464 0.015046 -0.014323 -0.030093
0 0.008464 0.015046 -0.014323 -0.030093
0 0.008464 0.015046 -0.014323 -0.030093
0 0.011719 0.020833 -0.020833 -0.041667
0 0.008464 0.015046 -0.014323 -0.030093
0 0.008464 0.015046 -0.014323 -0.030093
0 0.009115 0.019676 -0.015625 -0.039352
0 0.008464 0.015046 -0.014323 -0.030093
0 0.009115 0.019676 -0.015625 -0.039352
0 0.008464 0.015046 -0.014323 -0.030093
0 0.008464 0.015046 -0.014323 -0.030093
0 0.011719 0.020833 -0.020833 -0.041667
0 0.008464 0.015046 -0.014323 -0.030093
0 0.009115 0.019676 -0.015625 -0.039352
0 0.008464 0.015046 -0.014323 -0.030093
0 0.009115 0.019676 -0.015625 -0.039352
0 0.009115 0.019676 -0.015625 -0.039352
0 0.008464 0.015046 -0.014323 -0.030093
0 0.008464 0.015046 -0.014323 -0.030093
0 0.011719 0.020833 -0.020833 -0.041667
0 0.009115 0.019676 -0.015625 -0.039352
0 0.008464 0.015046 -0.014323 -0.030093
0 0.009115 0.019676 -0.015625 -0.039352
0 0.008464 0.015046 -0.014323 -0.030093
0 0.009115 0.019676 -0.015625 -0.039352
0 0.008464 0.015046 -0.014323 -0.030093
0 0.009115 0.019676 -0.015625 -0.039352
0 0.008464 0.015046 -0.014323 -0.030093
0 0.009115 0.019676 -0.015625 -0.039352
0 0.008464 0.015046 -0.014323 -0.030093
0 0.008464 0.017361 -0.014323 -0.034722
0 0.008464 0.015046 -0.014323 -0.030093
0 0.008464 0.015046 -0.014323 -0.030093
0 0.008464 0.015046 -0.014323 -0.030093
0 0.011719 0.020833 -0.020833 -0.041667
0 0.009115 0.019676 -0.015625 -0.039352
0 0.009115 0.019676 -0.015625 -0.039352
0 0.009115 0.019676 -0.015625 -0.039352
0 0.008464 0.015046 -0.014323 -0.030093
0 0.008464 0.015046 -0.014323 -0.030093
0 0.009115 0.019676 -0.015625 -0.039352
0 0.009115 0.019676 -0.015625 -0.039352
0 0.009115 0.019676 -0.015625 -0.039352
0 0.008464 0.015046 -0.014323 -0.030093
0 0.009115 0.019676 -0.015625 -0.039352
0 0.008464 0.015046 -0.014323 -0.030093
0 0.008464 0.015046 -0.014323 -0.030093
0 0.009115 0.019676 -0.015625 -0.039352
0 0.008464 0.015046 -0.014323 -0.030093
0 0.011719 0.020833 -0.020833 -0.041667
0 0.009115 0.019676 -0.015625 -0.039352
0 0.008464 0.015046 -0.014323 -0.030093
0 0.008464 0.015046 -0.014323 -0.030093
0 0.008464 0.015046 -0.014323 -0.030093
0 0.008464 0.015046 -0.014323 -0.030093
0 0.011719 0.020833 -0.020833 -0.041667
0 0.011719 0.020833 -0.020833 -0.041667
0 0.009115 0.019676 -0.015625 -0.039352
0 0.008464 0.015046 -0.014323 -0.030093
0 0.008464 0.015046 -0.014323 -0.030093
0 0.011719 0.020833 -0.020833 -0.041667
0 0.011719 0.020833 -0.020833 -0.041667
0 0.011719 0.020833 -0.020833 -0.041667
0 0.009115 0.019676 -0.015625 -0.039352
0 0.009115 0.019676 -0.015625 -0.039352
0 0.008464 0.015046 -0.014323 -0.030093
0 0.009115 0.019676 -0.015625 -0.039352
0 0.011719 0.020833 -0.020833 -0.041667
0 0.008464 0.015046 -0.014323 -0.030093
0 0.008464 0.015046 -0.014323 -0.030093
0 0.009115 0.019676 -0.015625 -0.039352
0 0.008464 0.017361 -0.014323 -0.034722
0 0.008464 0.015046 -0.014323 -0.030093
0 0.009115 0.019676 -0.015625 -0.039352
0 0.011719 0.020833 -0.020833 -0.041667
0 0.008464 0.015046 -0.014323 -0.030093
0 0.009115 0.019676 -0.015625 -0.039352
0 0.009115 0.019676 -0.015625 -0.039352
0 0.009115 0.019676 -0.015625 -0.039352
0 0.008464 0.015046 -0.014323 -0.030093
0 0.008464 0.015046 -0.014323 -0.030093
0 0.011719 0.020833 -0.020833 -0.041667
0 0.011719 0.020833 -0.020833 -0.041667
0 0.011719 0.020833 -0.020833 -0.041667
0 0.011719 0.020833 -0.020833 -0.041667
0 0.011719 0.020833 -0.020833 -0.041667
0 0.011719 0.020833 -0.020833 -0.041667
0 0.008464 0.015046 -0.014323 -0.030093
0 0.011719 0.020833 -0.020833 -0.041667
0 0.008464 0.017361 -0.014323 -0.034722
0 0.009115 0.019676 -0.015625 -0.039352
0 0.009115 0.019676 -0.015625 -0.039352
0 0.011719 0.020833 -0.020833 -0.041667
0 0.011719 0.020833 -0.020833 -0.041667
0 0.009115 0.019676 -0.015625 -0.039352
0 0.009115 0.019676 -0.015625 -0.039352
0 0.009115 0.019676 -0.015625 -0.039352
0 0.011719 0.020833 -0.020833 -0.041667
0 0.008464 0.015046 -0.014323 -0.030093
0 0.011719 0.020833 -0.020833 -0.041667
0 0.011719 0.020833 -0.020833 -0.041667
0 0.008464 0.015046 -0.014323 -0.030093
0 0.008464 0.015046 -0.014323 -0.030093
0 0.009115 0.019676 -0.015625 -0.039352
0 0.009115 0.019676 -0.015625 -0.039352
0 0.008464 0.015046 -0.014323 -0.030093
0 0.008464 0.015046 -0.014323 -0.030093
0 0.009115 0.019676 -0.015625 -0.039352
0 0.009115 0.019676 -0.015625 -0.039352
0 0.011719 0.020833 -0.020833 -0.041667
0 0.011719 0.020833 -0.020833 -0.041667
0 0.009115 0.019676 -0.015625 -0.039352
0 0.011719 0.020833 -0.020833 -0.041667
0 0.008464 0.015046 -0.014323 -0.030093
0 0.008464 0.015046 -0.014323 -0.030093
0 0.009115 0.019676 -0.015625 -0.039352
0 0.008464 0.015046 -0.014323 -0.030093
0 0.009115 0.019676 -0.015625 -0.039352
0 0.011719 0.020833 -0.020833 -0.041667
0 0.008464 0.015046 -0.014323 -0.030093
0 0.009115 0.019676 -0.015625 -0.039352
0 0.008464 0.016204 -0.014323 -0.032407
0 0.009115 0.019676 -0.015625 -0.039352
0 0.008464 0.015046 -0.014323 -0.030093
0 0.009115 0.019676 -0.015625 -0.039352
0 0.008464 0.015046 -0.014323 -0.030093
0 0.008464 0.015046 -0.014323 -0.030093
0 0.011719 0.020833 -0.020833 -0.041667
0 0.008464 0.015046 -0.014323 -0.030093
0 0.008464 0.017361 -0.014323 -0.034722
0 0.011719 0.020833 -0.020833 -0.041667
0 0.009115 0.019676 -0.015625 -0.039352
0 0.011719 0.020833 -0.020833 -0.041667
0 0.008464 0.015046 -0.014323 -0.030093
0 0.008464 0.015046 -0.014323 -0.030093
0 0.009115 0.019676 -0.015625 -0.039352
0 0.011719 0.020833 -0.020833 -0.041667
0 0.008464 0.015046 -0.014323 -0.030093
0 0.008464 0.015046 -0.014323 -0.030093
0 0.009115 0.019676 -0.015625 -0.039352
0 0.009115 0.019676 -0.015625 -0.039352
0 0.009115 0.019676 -0.015625 -0.039352
0 0.009115 0.019676 -0.015625 -0.039352
0 0.008464 0.015046 -0.014323 -0.030093
0 0.008464 0.017361 -0.014323 -0.034722
0 0.009115 0.019676 -0.015625 -0.039352
0 0.009115 0.019676 -0.015625 -0.039352
0 0.008464 0.015046 -0.014323 -0.030093
0 0.011719 0.020833 -0.020833 -0.041667
0 0.011719 0.020833 -0.020833 -0.041667
0 0.008464 0.015046 -0.014323 -0.030093
0 0.008464 0.015046 -0.014323 -0.030093
0 0.008464 0.015046 -0.014323 -0.030093
0 0.008464 0.015046 -0.014323 -0.030093
0 0.008464 0.017361 -0.014323 -0.034722
0 0.009115 0.019676 -0.015625 -0.039352
0 0.011719 0.020833 -0.020833 -0.041667
0 0.008464 0.018519 -0.014323 -0.037037
0 0.008464 0.017361 -0.014323 -0.034722
0 0.009115 0.019676 -0.015625 -0.039352
0 0.008464 0.015046 -0.014323 -0.030093
0 0.011719 0.020833 -0.020833 -0.041667
0 0.008464 0.015046 -0.014323 -0.030093
0 0.009115 0.019676 -0.015625 -0.039352
0 0.011719 0.020833 -0.020833 -0.041667
0 0.008464 0.015046 -0.014323 -0.030093
0 0.009115 0.019676 -0.015625 -0.039352
0 0.008464 0.015046 -0.014323 -0.030093
0 0.008464 0.015046 -0.014323 -0.030093
0 0.008464 0.015046 -0.014323 -0.030093
0 0.008464 0.015046 -0.014323 -0.030093
0 0.008464 0.015046 -0.014323 -0.030093
0 0.010417 0.019676 -0.018229 -0.039352
0 0.011719 0.020833 -0.020833 -0.041667
0 0.009115 0.019676 -0.015625 -0.039352
0 0.009115 0.019676 -0.015625 -0.039352
0 0.008464 0.015046 -0.014323 -0.030093
0 0.010417 0.019676 -0.018229 -0.039352
0 0.009115 0.019676 -0.015625 -0.039352
0 0.011719 0.020833 -0.020833 -0.041667
0 0.008464 0.015046 -0.014323 -0.030093
0 0.008464 0.015046 -0.014323 -0.030093
0 0.011719 0.020833 -0.020833 -0.041667
0 0.008464 0.015046 -0.014323 -0.030093
0 0.009115 0.019676 -0.015625 -0.039352
0 0.009115 0.019676 -0.015625 -0.039352
0 0.009115 0.019676 -0.015625 -0.039352