0 0.011759 0.016820 -0.022495 -0.033639
0 0.011759 0.016820 -0.022495 -0.033639
0 0.008691 0.013379 -0.016360 -0.026758
0 0.008691 0.013379 -0.016360 -0.026758
0 0.008691 0.013379 -0.016360 -0.026758
0 0.008691 0.013379 -0.016360 -0.026758
0 0.006135 0.009939 -0.011247 -0.019878
0 0.007413 0.011468 -0.013804 -0.022936
0 0.022751 0.033257 -0.044479 -0.066514
0 0.011759 0.016820 -0.022495 -0.033639
0 0.011759 0.016820 -0.022495 -0.033639
0 0.012014 0.019495 -0.023006 -0.038991
0 0.006135 0.009939 -0.011247 -0.019878
0 0.007924 0.012232 -0.014826 -0.024465
0 0.006135 0.009939 -0.011247 -0.019878
0 0.008691 0.013379 -0.016360 -0.026758
0 0.012014 0.019495 -0.023006 -0.038991
0 0.008691 0.013379 -0.016360 -0.026758
0 0.006135 0.009939 -0.011247 -0.019878
0 0.011759 0.016820 -0.022495 -0.033639
0 0.011759 0.016820 -0.022495 -0.033639
0 0.012014 0.019495 -0.023006 -0.038991
0 0.011759 0.016820 -0.022495 -0.033639
0 0.006135 0.009939 -0.011247 -0.019878
0 0.008691 0.013379 -0.016360 -0.026758
0 0.008691 0.013379 -0.016360 -0.026758
0 0.006135 0.009939 -0.011247 -0.019878
0 0.008691 0.013379 -0.016360 -0.026758
0 0.022751 0.033257 -0.044479 -0.066514
0 0.008691 0.013379 -0.016360 -0.026758
0 0.012014 0.019495 -0.023006 -0.038991
0 0.006135 0.009939 -0.011247 -0.019878
0 0.008691 0.013379 -0.016360 -0.026758
0 0.011759 0.016820 -0.022495 -0.033639
0 0.008691 0.013379 -0.016360 -0.026758
0 0.006135 0.009939 -0.011247 -0.019878
0 0.006135 0.009939 -0.011247 -0.019878
0 0.011759 0.016820 -0.022495 -0.033639
0 0.023006 0.035168 -0.044990 -0.070336
0 0.006135 0.009939 -0.011247 -0.019878
0 0.008691 0.013379 -0.016360 -0.026758
0 0.008691 0.013379 -0.016360 -0.026758
0 0.008691 0.013379 -0.016360 -0.026758
0 0.011759 0.016820 -0.022495 -0.033639
0 0.008691 0.013379 -0.016360 -0.026758
0 0.008691 0.013379 -0.016360 -0.026758
0 0.008691 0.013379 -0.016360 -0.026758
0 0.006135 0.009939 -0.011247 -0.019878
0 0.011759 0.016820 -0.022495 -0.033639
0 0.008691 0.013379 -0.016360 -0.026758
0 0.008691 0.013379 -0.016360 -0.026758
0 0.011759 0.016820 -0.022495 -0.033639
0 0.006135 0.009939 -0.011247 -0.019878
0 0.011759 0.016820 -0.022495 -0.033639
0 0.008691 0.013379 -0.016360 -0.026758
0 0.008691 0.013379 -0.016360 -0.026758
0 0.011759 0.016820 -0.022495 -0.033639
0 0.012014 0.019495 -0.023006 -0.038991
0 0.008691 0.013379 -0.016360 -0.026758
0 0.008691 0.013379 -0.016360 -0.026758
0 0.008691 0.013379 -0.016360 -0.026758
0 0.006135 0.009939 -0.011247 -0.019878
0 0.008691 0.013379 -0.016360 -0.026758
0 0.006135 0.009939 -0.011247 -0.019878
0 0.011759 0.016820 -0.022495 -0.033639
0 0.006135 0.009939 -0.011247 -0.019878
0 0.022751 0.033257 -0.044479 -0.066514
0 0.008691 0.013379 -0.016360 -0.026758
0 0.007413 0.011468 -0.013804 -0.022936
0 0.006135 0.009939 -0.011247 -0.019878
0 0.008691 0.013379 -0.016360 -0.026758
0 0.011759 0.016820 -0.022495 -0.033639
0 0.008691 0.013379 -0.016360 -0.026758
0 0.023006 0.035168 -0.044990 -0.070336
0 0.008691 0.013379 -0.016360 -0.026758
0 0.012014 0.019495 -0.023006 -0.038991
0 0.011759 0.016820 -0.022495 -0.033639
0 0.007924 0.012232 -0.014826 -0.024465
0 0.022751 0.033257 -0.044479 -0.066514
0 0.010225 0.015673 -0.019427 -0.031346
0 0.006135 0.009939 -0.011247 -0.019878
0 0.006135 0.009939 -0.011247 -0.019878
0 0.012014 0.019495 -0.023006 -0.038991
0 0.012014 0.019495 -0.023006 -0.038991
0 0.012014 0.019495 -0.023006 -0.038991
0 0.007924 0.012232 -0.014826 -0.024465
0 0.010225 0.015673 -0.019427 -0.031346
0 0.008691 0.013379 -0.016360 -0.026758
0 0.006135 0.009939 -0.011247 -0.019878
0 0.009458 0.014908 -0.017894 -0.029817
0 0.012014 0.019495 -0.023006 -0.038991
0 0.008691 0.013379 -0.016360 -0.026758
0 0.012014 0.019495 -0.023006 -0.038991
0 0.006135 0.009939 -0.011247 -0.019878
0 0.012014 0.019495 -0.023006 -0.038991
0 0.006135 0.009939 -0.011247 -0.019878
0 0.006135 0.009939 -0.011247 -0.019878
0 0.023006 0.035168 -0.044990 -0.070336
0 0.008691 0.013379 -0.016360 -0.026758
0 0.006135 0.009939 -0.011247 -0.019878
0 0.012014 0.019495 -0.023006 -0.038991
0 0.011759 0.016820 -0.022495 -0.033639
0 0.006135 0.009939 -0.011247 -0.019878
0 0.008691 0.013379 -0.016360 -0.026758
0 0.012014 0.019495 -0.023006 -0.038991
0 0.006135 0.009939 -0.011247 -0.019878
0 0.006135 0.009939 -0.011247 -0.019878
0 0.008691 0.013379 -0.016360 -0.026758
0 0.008691 0.013379 -0.016360 -0.026758
0 0.023006 0.035168 -0.044990 -0.070336
0 0.011759 0.016820 -0.022495 -0.033639
0 0.012014 0.019495 -0.023006 -0.038991
0 0.009458 0.014144 -0.017894 -0.028287
0 0.012014 0.019495 -0.023006 -0.038991
0 0.006135 0.009939 -0.011247 -0.019878
0 0.008691 0.013379 -0.016360 -0.026758
0 0.008691 0.013379 -0.016360 -0.026758
0 0.011759 0.016820 -0.022495 -0.033639
0 0.006135 0.009939 -0.011247 -0.019878
0 0.008691 0.013379 -0.016360 -0.026758
0 0.003323 0.004587 -0.005624 -0.009174
0 0.008691 0.013379 -0.016360 -0.026758
0 0.011759 0.016820 -0.022495 -0.033639
0 0.011759 0.016820 -0.022495 -0.033639
0 0.008691 0.013379 -0.016360 -0.026758
0 0.007413 0.011468 -0.013804 -0.022936
0 0.006135 0.009939 -0.011247 -0.019878
0 0.022751 0.033257 -0.044479 -0.066514
0 0.023006 0.035168 -0.044990 -0.070336
0 0.006135 0.009939 -0.011247 -0.019878
0 0.008691 0.013379 -0.016360 -0.026758
0 0.022751 0.033257 -0.044479 -0.066514
0 0.011759 0.016820 -0.022495 -0.033639
0 0.012014 0.019495 -0.023006 -0.038991
0 0.023006 0.035168 -0.044990 -0.070336
0 0.011759 0.016820 -0.022495 -0.033639
0 0.006135 0.009939 -0.011247 -0.019878
0 0.008691 0.013379 -0.016360 -0.026758
0 0.007924 0.012232 -0.014826 -0.024465
0 0.008691 0.013379 -0.016360 -0.026758
0 0.006135 0.009939 -0.011247 -0.019878
0 0.011759 0.016820 -0.022495 -0.033639
0 0.008691 0.013379 -0.016360 -0.026758
0 0.010225 0.015673 -0.019427 -0.031346
0 0.006135 0.009939 -0.011247 -0.019878
0 0.011759 0.016820 -0.022495 -0.033639
0 0.009458 0.014144 -0.017894 -0.028287
0 0.006135 0.009939 -0.011247 -0.019878
0 0.023006 0.035168 -0.044990 -0.070336
0 0.012014 0.019495 -0.023006 -0.038991
0 0.022751 0.033257 -0.044479 -0.066514
0 0.006135 0.009939 -0.011247 -0.019878
0 0.008691 0.013379 -0.016360 -0.026758
0 0.022751 0.033257 -0.044479 -0.066514
0 0.006135 0.009939 -0.011247 -0.019878
0 0.006135 0.009939 -0.011247 -0.019878
0 0.008691 0.013379 -0.016360 -0.026758
0 0.008691 0.013379 -0.016360 -0.026758
0 0.007413 0.011468 -0.013804 -0.022936
0 0.008691 0.013379 -0.016360 -0.026758
0 0.008691 0.013379 -0.016360 -0.026758
0 0.023006 0.035168 -0.044990 -0.070336
0 0.008691 0.013379 -0.016360 -0.026758
0 0.008691 0.013379 -0.016360 -0.026758
0 0.008691 0.013379 -0.016360 -0.026758
0 0.008691 0.013379 -0.016360 -0.026758
0 0.022751 0.033257 -0.044479 -0.066514
0 0.008691 0.013379 -0.016360 -0.026758
0 0.012014 0.019495 -0.023006 -0.038991
0 0.011759 0.016820 -0.022495 -0.033639
0 0.007413 0.011468 -0.013804 -0.022936
0 0.011759 0.016820 -0.022495 -0.033639
0 0.008691 0.013379 -0.016360 -0.026758
0 0.008691 0.013379 -0.016360 -0.026758
0 0.023006 0.035168 -0.044990 -0.070336
0 0.006135 0.009939 -0.011247 -0.019878
0 0.012014 0.019495 -0.023006 -0.038991
0 0.022751 0.033257 -0.044479 -0.066514
0 0.008691 0.013379 -0.016360 -0.026758
0 0.008691 0.013379 -0.016360 -0.026758
0 0.012014 0.019495 -0.023006 -0.038991
0 0.008691 0.013379 -0.016360 -0.026758
0 0.022751 0.033257 -0.044479 -0.066514
0 0.011759 0.016820 -0.022495 -0.033639
0 0.008691 0.013379 -0.016360 -0.026758
0 0.008691 0.013379 -0.016360 -0.026758
0 0.012014 0.019495 -0.023006 -0.038991
0 0.006646 0.010703 -0.012270 -0.021407
0 0.008691 0.013379 -0.016360 -0.026758
0 0.014571 0.022171 -0.028119 -0.044343
0 0.008691 0.013379 -0.016360 -0.026758
0 0.006135 0.009939 -0.011247 -0.019878
0 0.012014 0.019495 -0.023006 -0.038991
0 0.012014 0.019495 -0.023006 -0.038991
0 0.011759 0.016820 -0.022495 -0.033639
0 0.007924 0.012232 -0.014826 -0.024465
0 0.008691 0.013379 -0.016360 -0.026758
0 0.007413 0.011468 -0.013804 -0.022936
0 0.006135 0.009939 -0.011247 -0.019878
0 0.008691 0.013379 -0.016360 -0.026758
0 0.008691 0.013379 -0.016360 -0.026758
0 0.007413 0.011468 -0.013804 -0.022936
0 0.008691 0.013379 -0.016360 -0.026758
0 0.006135 0.009939 -0.011247 -0.019878
0 0.008691 0.013379 -0.016360 -0.026758
0 0.006135 0.009939 -0.011247 -0.019878
0 0.007413 0.011468 -0.013804 -0.022936
0 0.008691 0.013379 -0.016360 -0.026758
0 0.008691 0.013379 -0.016360 -0.026758
0 0.006135 0.009939 -0.011247 -0.019878
0 0.011759 0.016820 -0.022495 -0.033639
0 0.011759 0.016820 -0.022495 -0.033639
0 0.008691 0.013379 -0.016360 -0.026758
0 0.008691 0.013379 -0.016360 -0.026758
0 0.008691 0.013379 -0.016360 -0.026758
0 0.008691 0.013379 -0.016360 -0.026758
0 0.007924 0.012232 -0.014826 -0.024465
0 0.006135 0.009939 -0.011247 -0.019878
0 0.007924 0.012232 -0.014826 -0.024465
0 0.006646 0.010703 -0.012270 -0.021407
0 0.012014 0.019495 -0.023006 -0.038991
0 0.012014 0.019495 -0.023006 -0.038991
0 0.008691 0.013379 -0.016360 -0.026758
0 0.008691 0.013379 -0.016360 -0.026758
0 0.023006 0.035168 -0.044990 -0.070336