0 0.015278 0.031250 -0.027778 -0.062500
0 0.012500 0.027083 -0.022222 -0.054167
0 0.012500 0.027083 -0.022222 -0.054167
0 0.013194 0.022917 -0.023611 -0.045833
0 0.024306 0.046875 -0.045833 -0.093750
0 0.013194 0.022917 -0.023611 -0.045833
0 0.021528 0.034375 -0.040278 -0.068750
0 0.018056 0.030208 -0.033333 -0.060417
0 0.015278 0.031250 -0.027778 -0.062500
0 0.012500 0.027083 -0.022222 -0.054167
0 0.020833 0.028125 -0.038889 -0.056250
0 0.020139 0.039583 -0.037500 -0.079167
0 0.012500 0.022917 -0.022222 -0.045833
0 0.031250 0.066667 -0.059722 -0.133333
0 0.013194 0.023958 -0.023611 -0.047917
0 0.020833 0.028125 -0.038889 -0.056250
0 0.013194 0.023958 -0.023611 -0.047917
0 0.025000 0.047917 -0.047222 -0.095833
0 0.031250 0.066667 -0.059722 -0.133333
0 0.020139 0.039583 -0.037500 -0.079167
0 0.025000 0.047917 -0.047222 -0.095833
0 0.012500 0.027083 -0.022222 -0.054167
0 0.021528 0.034375 -0.040278 -0.068750
0 0.015278 0.031250 -0.027778 -0.062500
0 0.013194 0.023958 -0.023611 -0.047917
0 0.011111 0.019792 -0.019444 -0.039583
0 0.018056 0.030208 -0.033333 -0.060417
0 0.025000 0.046875 -0.047222 -0.093750
0 0.029167 0.053125 -0.055556 -0.106250
0 0.025000 0.046875 -0.047222 -0.093750
0 0.021528 0.034375 -0.040278 -0.068750
0 0.013194 0.022917 -0.023611 -0.045833
0 0.013194 0.022917 -0.023611 -0.045833
0 0.020139 0.039583 -0.037500 -0.079167
0 0.013194 0.023958 -0.023611 -0.047917
0 0.015278 0.031250 -0.027778 -0.062500
0 0.021528 0.034375 -0.040278 -0.068750
0 0.029167 0.053125 -0.055556 -0.106250
0 0.025000 0.046875 -0.047222 -0.093750
0 0.051389 0.044792 -0.100000 -0.089583
0 0.021528 0.034375 -0.040278 -0.068750
0 0.012500 0.022917 -0.022222 -0.045833
0 0.013194 0.023958 -0.023611 -0.047917
0 0.018056 0.035417 -0.033333 -0.070833
0 0.020833 0.028125 -0.038889 -0.056250
0 0.025000 0.046875 -0.047222 -0.093750
0 0.024306 0.046875 -0.045833 -0.093750
0 0.024306 0.046875 -0.045833 -0.093750
0 0.029167 0.053125 -0.055556 -0.106250
0 0.029167 0.053125 -0.055556 -0.106250
0 0.025000 0.046875 -0.047222 -0.093750
0 0.021528 0.034375 -0.040278 -0.068750