0 0.001250 0.001883 0.000000 0.000000
0 0.001250 0.001883 0.000000 0.000000
0 0.001875 0.001883 -0.001250 -0.003766
0 0.004375 0.008475 -0.006250 -0.016949
0 0.001250 0.001883 0.000000 0.000000
0 0.001875 0.002825 -0.001250 -0.001883
0 0.004375 0.008475 -0.006250 -0.016949
0 0.004375 0.008475 -0.006250 -0.016949
0 0.004375 0.008475 -0.006250 -0.016949
0 0.001875 0.001883 -0.001250 -0.003766
0 0.015625 0.021657 -0.028750 -0.043315
0 0.001875 0.001883 -0.001250 -0.003766
0 0.001250 0.001883 0.000000 0.000000
0 0.001875 0.001883 -0.001250 -0.003766
0 0.015625 0.021657 -0.028750 -0.043315
0 0.003125 0.004708 -0.003750 -0.009416
0 0.002500 0.002825 -0.002500 -0.005650
0 0.006875 0.011299 -0.011250 -0.022599
0 0.004375 0.008475 -0.006250 -0.016949
0 0.003125 0.004708 -0.003750 -0.009416
0 0.001875 0.001883 -0.001250 -0.003766
0 0.004375 0.008475 -0.006250 -0.016949
0 0.001875 0.001883 -0.001250 -0.003766
0 0.002500 0.002825 -0.002500 -0.005650
0 0.001875 0.001883 -0.001250 -0.003766
0 0.004375 0.008475 -0.006250 -0.016949
0 0.001875 0.001883 -0.001250 -0.003766
0 0.002500 0.002825 -0.002500 -0.005650
0 0.001875 0.002825 -0.001250 -0.001883
0 0.001875 0.001883 -0.001250 -0.003766
0 0.004375 0.008475 -0.006250 -0.016949
0 0.004375 0.008475 -0.006250 -0.016949
0 0.004375 0.008475 -0.006250 -0.016949
0 0.015625 0.021657 -0.028750 -0.043315
0 0.001875 0.002825 -0.001250 -0.001883
0 0.004375 0.008475 -0.006250 -0.016949
0 0.001250 0.001883 0.000000 0.000000
0 0.004375 0.008475 -0.006250 -0.016949
0 0.015625 0.021657 -0.028750 -0.043315
0 0.001875 0.002825 -0.001250 -0.001883
0 0.001250 0.001883 0.000000 0.000000
0 0.001875 0.002825 -0.001250 -0.001883
0 0.003125 0.004708 -0.003750 -0.009416
0 0.001875 0.001883 -0.001250 -0.003766
0 0.004375 0.008475 -0.006250 -0.016949
0 0.001250 0.001883 0.000000 0.000000
0 0.001875 0.001883 -0.001250 -0.003766
0 0.001875 0.001883 -0.001250 -0.003766
0 0.001875 0.002825 -0.001250 -0.001883
0 0.001250 0.001883 0.000000 0.000000
0 0.015625 0.021657 -0.028750 -0.043315
0 0.001875 0.001883 -0.001250 -0.003766
0 0.003125 0.004708 -0.003750 -0.009416
0 0.004375 0.008475 -0.006250 -0.016949
0 0.004375 0.008475 -0.006250 -0.016949
0 0.001250 0.001883 0.000000 0.000000
0 0.001250 0.001883 0.000000 0.000000
0 0.015625 0.021657 -0.028750 -0.043315
0 0.001875 0.002825 -0.001250 -0.001883
0 0.001875 0.001883 -0.001250 -0.003766
0 0.001875 0.002825 -0.001250 -0.001883
0 0.001875 0.002825 -0.001250 -0.001883
0 0.004375 0.008475 -0.006250 -0.016949
0 0.001875 0.002825 -0.001250 -0.001883
0 0.001875 0.001883 -0.001250 -0.003766
0 0.004375 0.008475 -0.006250 -0.016949
0 0.001875 0.002825 -0.001250 -0.001883
0 0.004375 0.008475 -0.006250 -0.016949
0 0.001250 0.001883 0.000000 0.000000
0 0.006875 0.011299 -0.011250 -0.022599
0 0.004375 0.008475 -0.006250 -0.016949
0 0.001875 0.001883 -0.001250 -0.003766
0 0.001875 0.001883 -0.001250 -0.003766
0 0.015625 0.021657 -0.028750 -0.043315
0 0.015625 0.021657 -0.028750 -0.043315
0 0.004375 0.008475 -0.006250 -0.016949
0 0.001875 0.002825 -0.001250 -0.001883
0 0.004375 0.008475 -0.006250 -0.016949
0 0.001250 0.001883 0.000000 0.000000
0 0.001875 0.001883 -0.001250 -0.003766
0 0.004375 0.008475 -0.006250 -0.016949
0 0.004375 0.008475 -0.006250 -0.016949
0 0.001875 0.002825 -0.001250 -0.001883
0 0.004375 0.008475 -0.006250 -0.016949
0 0.006875 0.011299 -0.011250 -0.022599
0 0.001875 0.001883 -0.001250 -0.003766
0 0.001875 0.001883 -0.001250 -0.003766
0 0.004375 0.008475 -0.006250 -0.016949
0 0.001875 0.001883 -0.001250 -0.003766
0 0.001875 0.002825 -0.001250 -0.001883
0 0.001250 0.001883 0.000000 0.000000
0 0.001875 0.001883 -0.001250 -0.003766
0 0.001875 0.001883 -0.001250 -0.003766
0 0.001875 0.001883 -0.001250 -0.003766
0 0.003750 0.006591 -0.005000 -0.013183
0 0.001875 0.002825 -0.001250 -0.001883
0 0.001250 0.001883 0.000000 0.000000
0 0.001875 0.002825 -0.001250 -0.001883
0 0.001875 0.001883 -0.001250 -0.003766
0 0.001250 0.001883 0.000000 0.000000
0 0.001875 0.001883 -0.001250 -0.003766
0 0.004375 0.008475 -0.006250 -0.016949
0 0.003750 0.006591 -0.005000 -0.013183
0 0.015625 0.021657 -0.028750 -0.043315
0 0.001875 0.002825 -0.001250 -0.001883
0 0.001875 0.001883 -0.001250 -0.003766
0 0.001875 0.002825 -0.001250 -0.001883
0 0.001875 0.002825 -0.001250 -0.001883
0 0.001875 0.001883 -0.001250 -0.003766
0 0.004375 0.008475 -0.006250 -0.016949
0 0.001875 0.002825 -0.001250 -0.001883
0 0.001875 0.002825 -0.001250 -0.001883
0 0.001875 0.001883 -0.001250 -0.003766
0 0.001875 0.001883 -0.001250 -0.003766
0 0.004375 0.008475 -0.006250 -0.016949
0 0.004375 0.008475 -0.006250 -0.016949
0 0.001875 0.002825 -0.001250 -0.001883
0 0.004375 0.008475 -0.006250 -0.016949
0 0.006250 0.009416 -0.010000 -0.018832
0 0.001875 0.001883 -0.001250 -0.003766
0 0.006875 0.011299 -0.011250 -0.022599
0 0.001875 0.002825 -0.001250 -0.001883
0 0.004375 0.008475 -0.006250 -0.016949
0 0.004375 0.008475 -0.006250 -0.016949
0 0.015625 0.021657 -0.028750 -0.043315
0 0.001875 0.002825 -0.001250 -0.001883
0 0.001875 0.001883 -0.001250 -0.003766
0 0.015625 0.021657 -0.028750 -0.043315
0 0.015625 0.021657 -0.028750 -0.043315
0 0.001875 0.002825 -0.001250 -0.001883
0 0.004375 0.008475 -0.006250 -0.016949
0 0.003750 0.006591 -0.005000 -0.013183
0 0.001875 0.001883 -0.001250 -0.003766
0 0.004375 0.008475 -0.006250 -0.016949
0 0.004375 0.008475 -0.006250 -0.016949
0 0.001875 0.002825 -0.001250 -0.001883
0 0.001250 0.001883 0.000000 0.000000
0 0.004375 0.008475 -0.006250 -0.016949
0 0.015625 0.021657 -0.028750 -0.043315
0 0.004375 0.008475 -0.006250 -0.016949
0 0.001250 0.001883 0.000000 0.000000
0 0.003750 0.006591 -0.005000 -0.013183
0 0.002500 0.002825 -0.002500 -0.005650
0 0.004375 0.008475 -0.006250 -0.016949
0 0.001875 0.001883 -0.001250 -0.003766
0 0.003125 0.004708 -0.003750 -0.009416
0 0.015625 0.021657 -0.028750 -0.043315
0 0.004375 0.008475 -0.006250 -0.016949
0 0.001875 0.001883 -0.001250 -0.003766
0 0.001875 0.001883 -0.001250 -0.003766
0 0.001875 0.001883 -0.001250 -0.003766
0 0.001250 0.001883 0.000000 0.000000
0 0.004375 0.008475 -0.006250 -0.016949
0 0.004375 0.008475 -0.006250 -0.016949
0 0.001875 0.002825 -0.001250 -0.001883
0 0.004375 0.008475 -0.006250 -0.016949
0 0.004375 0.008475 -0.006250 -0.016949
0 0.001875 0.002825 -0.001250 -0.001883
0 0.001875 0.001883 -0.001250 -0.003766
0 0.001875 0.002825 -0.001250 -0.001883
0 0.001875 0.001883 -0.001250 -0.003766
0 0.004375 0.008475 -0.006250 -0.016949
0 0.001875 0.002825 -0.001250 -0.001883
0 0.001875 0.002825 -0.001250 -0.001883
0 0.004375 0.008475 -0.006250 -0.016949
0 0.001250 0.001883 0.000000 0.000000
0 0.001875 0.002825 -0.001250 -0.001883
0 0.004375 0.008475 -0.006250 -0.016949
0 0.004375 0.008475 -0.006250 -0.016949
0 0.004375 0.008475 -0.006250 -0.016949
0 0.001875 0.002825 -0.001250 -0.001883
0 0.001875 0.002825 -0.001250 -0.001883
0 0.015625 0.021657 -0.028750 -0.043315
0 0.004375 0.008475 -0.006250 -0.016949
0 0.004375 0.008475 -0.006250 -0.016949
0 0.004375 0.008475 -0.006250 -0.016949
0 0.002500 0.002825 -0.002500 -0.005650
0 0.001250 0.001883 0.000000 0.000000
0 0.001875 0.002825 -0.001250 -0.001883
0 0.001875 0.002825 -0.001250 -0.001883
0 0.001875 0.001883 -0.001250 -0.003766
0 0.001250 0.001883 0.000000 0.000000
0 0.002500 0.003766 -0.002500 -0.003766
0 0.001875 0.001883 -0.001250 -0.003766
0 0.001250 0.001883 0.000000 0.000000
0 0.004375 0.008475 -0.006250 -0.016949
0 0.004375 0.008475 -0.006250 -0.016949
0 0.004375 0.008475 -0.006250 -0.016949
0 0.015625 0.021657 -0.028750 -0.043315
0 0.001250 0.001883 0.000000 0.000000
0 0.001250 0.001883 0.000000 0.000000
0 0.001875 0.001883 -0.001250 -0.003766
0 0.001875 0.002825 -0.001250 -0.001883
0 0.004375 0.008475 -0.006250 -0.016949
0 0.001875 0.002825 -0.001250 -0.001883
0 0.001875 0.002825 -0.001250 -0.001883
0 0.004375 0.008475 -0.006250 -0.016949
0 0.001250 0.001883 0.000000 0.000000
0 0.001875 0.002825 -0.001250 -0.001883
0 0.001875 0.002825 -0.001250 -0.001883
0 0.004375 0.008475 -0.006250 -0.016949
0 0.001875 0.001883 -0.001250 -0.003766
0 0.004375 0.008475 -0.006250 -0.016949
0 0.001875 0.001883 -0.001250 -0.003766
0 0.015625 0.021657 -0.028750 -0.043315
0 0.001875 0.001883 -0.001250 -0.003766
0 0.001875 0.001883 -0.001250 -0.003766
0 0.001875 0.001883 -0.001250 -0.003766
0 0.004375 0.008475 -0.006250 -0.016949
0 0.001875 0.001883 -0.001250 -0.003766
0 0.001875 0.002825 -0.001250 -0.001883
0 0.001875 0.001883 -0.001250 -0.003766
0 0.004375 0.008475 -0.006250 -0.016949
0 0.001875 0.002825 -0.001250 -0.001883
0 0.001875 0.002825 -0.001250 -0.001883
0 0.001875 0.001883 -0.001250 -0.003766
0 0.004375 0.008475 -0.006250 -0.016949
0 0.001875 0.002825 -0.001250 -0.001883
0 0.004375 0.008475 -0.006250 -0.016949
0 0.004375 0.008475 -0.006250 -0.016949
0 0.004375 0.008475 -0.006250 -0.016949
0 0.004375 0.008475 -0.006250 -0.016949
0 0.001875 0.001883 -0.001250 -0.003766
0 0.001875 0.002825 -0.001250 -0.001883
0 0.001875 0.002825 -0.001250 -0.001883
0 0.001875 0.002825 -0.001250 -0.001883
0 0.001875 0.002825 -0.001250 -0.001883
0 0.004375 0.008475 -0.006250 -0.016949
0 0.001875 0.002825 -0.001250 -0.001883
0 0.001875 0.002825 -0.001250 -0.001883
0 0.001875 0.001883 -0.001250 -0.003766
0 0.001250 0.001883 0.000000 0.000000
0 0.001875 0.001883 -0.001250 -0.003766
0 0.001875 0.001883 -0.001250 -0.003766
0 0.004375 0.008475 -0.006250 -0.016949
0 0.003750 0.006591 -0.005000 -0.013183