0 0.008772 0.014620 -0.015595 -0.029240
0 0.022904 0.037281 -0.043860 -0.074561
0 0.008772 0.014620 -0.015595 -0.029240
0 0.008772 0.014620 -0.015595 -0.029240
0 0.008772 0.014620 -0.015595 -0.029240
0 0.008772 0.016082 -0.015595 -0.032164
0 0.007310 0.016082 -0.012671 -0.029240
0 0.008772 0.014620 -0.015595 -0.029240
0 0.008772 0.014620 -0.015595 -0.029240
0 0.022904 0.037281 -0.043860 -0.074561
0 0.008772 0.014620 -0.015595 -0.029240
0 0.022904 0.037281 -0.043860 -0.074561
0 0.023879 0.037281 -0.041910 -0.074561
0 0.012183 0.019737 -0.022417 -0.039474
0 0.008772 0.014620 -0.015595 -0.029240
0 0.007310 0.016082 -0.012671 -0.029240
0 0.007310 0.016082 -0.012671 -0.029240
0 0.007310 0.016082 -0.012671 -0.029240
0 0.007310 0.016082 -0.012671 -0.029240
0 0.008772 0.014620 -0.015595 -0.029240
0 0.008772 0.014620 -0.015595 -0.029240
0 0.012183 0.019737 -0.022417 -0.039474
0 0.023879 0.037281 -0.041910 -0.074561
0 0.012183 0.019737 -0.022417 -0.039474
0 0.045809 0.077485 -0.089669 -0.154971
0 0.017057 0.028509 -0.032164 -0.057018
0 0.012183 0.019737 -0.022417 -0.039474
0 0.012183 0.019737 -0.022417 -0.039474
0 0.018031 0.028509 -0.030214 -0.057018
0 0.008772 0.014620 -0.015595 -0.029240
0 0.045809 0.077485 -0.089669 -0.154971
0 0.008772 0.014620 -0.015595 -0.029240
0 0.008772 0.014620 -0.015595 -0.029240
0 0.039474 0.076023 -0.076998 -0.152047
0 0.045809 0.077485 -0.089669 -0.154971
0 0.012183 0.019737 -0.022417 -0.039474
0 0.008772 0.014620 -0.015595 -0.029240
0 0.008772 0.014620 -0.015595 -0.029240
0 0.046784 0.077485 -0.087719 -0.154971
0 0.007310 0.016082 -0.012671 -0.029240
0 0.008772 0.014620 -0.015595 -0.029240
0 0.008772 0.014620 -0.015595 -0.029240
0 0.008772 0.014620 -0.015595 -0.029240
0 0.008772 0.014620 -0.015595 -0.029240
0 0.007310 0.016082 -0.012671 -0.029240
0 0.007310 0.016082 -0.012671 -0.029240
0 0.007310 0.016082 -0.012671 -0.029240
0 0.008772 0.014620 -0.015595 -0.029240
0 0.008772 0.014620 -0.015595 -0.029240
0 0.012183 0.019737 -0.022417 -0.039474
0 0.008772 0.014620 -0.015595 -0.029240
0 0.017057 0.028509 -0.032164 -0.057018
0 0.029240 0.051901 -0.056530 -0.103801
0 0.008772 0.014620 -0.015595 -0.029240
0 0.023879 0.037281 -0.041910 -0.074561
0 0.022904 0.037281 -0.043860 -0.074561
0 0.008772 0.014620 -0.015595 -0.029240
0 0.022904 0.037281 -0.043860 -0.074561
0 0.008772 0.014620 -0.015595 -0.029240
0 0.008772 0.014620 -0.015595 -0.029240
0 0.008772 0.014620 -0.015595 -0.029240
0 0.008772 0.014620 -0.015595 -0.029240
0 0.008772 0.014620 -0.015595 -0.029240
0 0.008772 0.014620 -0.015595 -0.029240
0 0.008772 0.014620 -0.015595 -0.029240
0 0.008772 0.014620 -0.015595 -0.029240
0 0.022904 0.037281 -0.043860 -0.074561
0 0.023879 0.037281 -0.041910 -0.074561
0 0.022904 0.037281 -0.043860 -0.074561
0 0.012183 0.019737 -0.022417 -0.039474
0 0.012183 0.019737 -0.022417 -0.039474
0 0.008772 0.014620 -0.015595 -0.029240
0 0.008772 0.014620 -0.015595 -0.029240
0 0.007310 0.016082 -0.012671 -0.029240
0 0.013158 0.019737 -0.020468 -0.039474
0 0.012183 0.019737 -0.022417 -0.039474
0 0.008772 0.014620 -0.015595 -0.029240
0 0.022904 0.037281 -0.043860 -0.074561
0 0.007310 0.016082 -0.012671 -0.029240
0 0.007310 0.016082 -0.012671 -0.029240
0 0.007310 0.015351 -0.012671 -0.030702
0 0.012183 0.019737 -0.022417 -0.039474
0 0.007310 0.016082 -0.012671 -0.029240
0 0.007310 0.015351 -0.012671 -0.030702
0 0.008772 0.014620 -0.015595 -0.029240
0 0.017057 0.028509 -0.032164 -0.057018
0 0.017057 0.028509 -0.032164 -0.057018
0 0.012183 0.019737 -0.022417 -0.039474
0 0.012183 0.019737 -0.022417 -0.039474
0 0.007310 0.016082 -0.012671 -0.029240
0 0.008772 0.014620 -0.015595 -0.029240
0 0.045809 0.077485 -0.089669 -0.154971
0 0.028265 0.046784 -0.054581 -0.093567
0 0.007310 0.016082 -0.012671 -0.029240
0 0.008772 0.014620 -0.015595 -0.029240
0 0.045809 0.077485 -0.089669 -0.154971
0 0.008772 0.014620 -0.015595 -0.029240
0 0.008772 0.014620 -0.015595 -0.029240
0 0.022904 0.037281 -0.043860 -0.074561
0 0.022904 0.037281 -0.043860 -0.074561
0 0.012183 0.019737 -0.022417 -0.039474
0 0.033138 0.057749 -0.064327 -0.115497
0 0.008772 0.014620 -0.015595 -0.029240
0 0.012183 0.019737 -0.022417 -0.039474
0 0.018031 0.028509 -0.030214 -0.057018
0 0.017057 0.028509 -0.032164 -0.057018
0 0.017057 0.028509 -0.032164 -0.057018
0 0.007310 0.016082 -0.012671 -0.029240
0 0.017057 0.028509 -0.032164 -0.057018
0 0.008772 0.014620 -0.015595 -0.029240
0 0.007310 0.015351 -0.012671 -0.030702
0 0.018031 0.028509 -0.030214 -0.057018
0 0.007310 0.015351 -0.012671 -0.030702
0 0.017057 0.028509 -0.032164 -0.057018
0 0.007310 0.016082 -0.012671 -0.029240
0 0.012183 0.019737 -0.022417 -0.039474
0 0.017057 0.028509 -0.032164 -0.057018
0 0.007310 0.016082 -0.012671 -0.029240
0 0.008772 0.014620 -0.015595 -0.029240
0 0.034113 0.057018 -0.066277 -0.114035
0 0.008772 0.014620 -0.015595 -0.029240
0 0.008772 0.014620 -0.015595 -0.029240
0 0.008772 0.014620 -0.015595 -0.029240
0 0.008772 0.014620 -0.015595 -0.029240
0 0.007310 0.016082 -0.012671 -0.029240
0 0.017057 0.028509 -0.032164 -0.057018
0 0.008772 0.014620 -0.015595 -0.029240
0 0.012183 0.019737 -0.022417 -0.039474
0 0.008772 0.014620 -0.015595 -0.029240
0 0.017057 0.028509 -0.032164 -0.057018
0 0.018031 0.028509 -0.030214 -0.057018
0 0.012183 0.019737 -0.022417 -0.039474
0 0.007310 0.016082 -0.012671 -0.029240
0 0.007310 0.016082 -0.012671 -0.029240
0 0.029240 0.051901 -0.056530 -0.103801
0 0.017057 0.028509 -0.032164 -0.057018
0 0.022904 0.037281 -0.043860 -0.074561
0 0.008772 0.014620 -0.015595 -0.029240
0 0.012183 0.019737 -0.022417 -0.039474
0 0.012183 0.019737 -0.022417 -0.039474
0 0.012183 0.019737 -0.022417 -0.039474
0 0.008772 0.014620 -0.015595 -0.029240
0 0.029240 0.051901 -0.056530 -0.103801
0 0.013158 0.019737 -0.020468 -0.039474
0 0.018031 0.028509 -0.030214 -0.057018
0 0.007310 0.016082 -0.012671 -0.029240
0 0.008772 0.014620 -0.015595 -0.029240
0 0.039474 0.076023 -0.076998 -0.152047
0 0.007310 0.016082 -0.012671 -0.029240
0 0.007310 0.016082 -0.012671 -0.029240
0 0.007310 0.016082 -0.012671 -0.029240
0 0.012183 0.019737 -0.022417 -0.039474
0 0.017057 0.028509 -0.032164 -0.057018
0 0.007310 0.016082 -0.012671 -0.029240
0 0.018031 0.028509 -0.030214 -0.057018
0 0.017057 0.028509 -0.032164 -0.057018
0 0.008772 0.014620 -0.015595 -0.029240
0 0.008772 0.014620 -0.015595 -0.029240
0 0.007310 0.016082 -0.012671 -0.029240
0 0.023879 0.037281 -0.041910 -0.074561
0 0.008772 0.014620 -0.015595 -0.029240
0 0.030214 0.051901 -0.054581 -0.103801
0 0.007310 0.016082 -0.012671 -0.029240
0 0.017057 0.028509 -0.032164 -0.057018
0 0.008772 0.014620 -0.015595 -0.029240
0 0.017057 0.028509 -0.032164 -0.057018
0 0.007310 0.015351 -0.012671 -0.030702
0 0.012183 0.019737 -0.022417 -0.039474
0 0.012183 0.019737 -0.022417 -0.039474
0 0.009747 0.014620 -0.013645 -0.029240
0 0.023879 0.037281 -0.041910 -0.074561
0 0.022904 0.037281 -0.043860 -0.074561
0 0.008772 0.014620 -0.015595 -0.029240
0 0.017057 0.028509 -0.032164 -0.057018
0 0.008772 0.014620 -0.015595 -0.029240
0 0.036550 0.069444 -0.071150 -0.138889
0 0.039474 0.076023 -0.076998 -0.152047
0 0.008772 0.014620 -0.015595 -0.029240
0 0.012183 0.019737 -0.022417 -0.039474
0 0.014620 0.024854 -0.027290 -0.049708
0 0.008772 0.014620 -0.015595 -0.029240
0 0.039474 0.076023 -0.076998 -0.152047
0 0.008772 0.014620 -0.015595 -0.029240
0 0.008772 0.014620 -0.015595 -0.029240
0 0.009747 0.014620 -0.013645 -0.029240
0 0.007310 0.016082 -0.012671 -0.029240
0 0.022904 0.037281 -0.043860 -0.074561
0 0.017057 0.028509 -0.032164 -0.057018
0 0.022904 0.037281 -0.043860 -0.074561
0 0.007310 0.016082 -0.012671 -0.029240
0 0.008772 0.014620 -0.015595 -0.029240