0 0.023438 0.035156 -0.040625 -0.070312
0 0.013021 0.024219 -0.023958 -0.048438
0 0.003125 0.005469 -0.004167 -0.007812
0 0.043750 0.085156 -0.085417 -0.170313
0 0.003125 0.005469 -0.004167 -0.007812
0 0.003125 0.005469 -0.004167 -0.007812
0 0.029687 0.067187 -0.057292 -0.134375
0 0.003125 0.005469 -0.004167 -0.007812
0 0.003646 0.007031 -0.005208 -0.010937
0 0.029687 0.067187 -0.057292 -0.134375
0 0.007812 0.013281 -0.013542 -0.026562
0 0.003646 0.007031 -0.005208 -0.010937
0 0.003125 0.005469 -0.004167 -0.007812
0 0.023438 0.035156 -0.040625 -0.070312
0 0.029687 0.067187 -0.057292 -0.134375
0 0.013021 0.024219 -0.023958 -0.048438
0 0.003646 0.007031 -0.005208 -0.010937
0 0.043750 0.085156 -0.085417 -0.170313
0 0.003125 0.005469 -0.004167 -0.007812
0 0.003125 0.005469 -0.004167 -0.007812
0 0.043750 0.085156 -0.085417 -0.170313
0 0.007812 0.013281 -0.013542 -0.026562
0 0.006771 0.010937 -0.011458 -0.021875
0 0.044792 0.085156 -0.083333 -0.170313
0 0.029687 0.067187 -0.057292 -0.134375
0 0.003125 0.005469 -0.004167 -0.007812
0 0.026042 0.069531 -0.050000 -0.139063
0 0.003125 0.005469 -0.004167 -0.007812
0 0.003125 0.005469 -0.004167 -0.007812
0 0.013021 0.024219 -0.023958 -0.048438
0 0.029687 0.067187 -0.057292 -0.134375
0 0.003125 0.005469 -0.004167 -0.007812
0 0.003125 0.005469 -0.004167 -0.007812
0 0.029687 0.067187 -0.057292 -0.134375
0 0.013021 0.024219 -0.023958 -0.048438
0 0.003125 0.005469 -0.004167 -0.007812