0 0.006250 0.012778 -0.011250 -0.025556
0 0.002812 0.007222 -0.004375 -0.014444
0 0.002812 0.007222 -0.004375 -0.014444
0 0.006250 0.012778 -0.011250 -0.025556
0 0.001875 0.002778 -0.002500 -0.005556
0 0.002812 0.007222 -0.004375 -0.014444
0 0.005938 0.010000 -0.010625 -0.020000
0 0.005938 0.010000 -0.010625 -0.020000
0 0.002812 0.007222 -0.004375 -0.014444
0 0.005938 0.010000 -0.010625 -0.020000
0 0.005000 0.009444 -0.008750 -0.018889
0 0.006250 0.012778 -0.011250 -0.025556
0 0.005000 0.009444 -0.008750 -0.018889
0 0.006250 0.012778 -0.011250 -0.025556
0 0.006250 0.012778 -0.011250 -0.025556
0 0.002812 0.007222 -0.004375 -0.014444
0 0.002188 0.005000 -0.003125 -0.010000
0 0.005938 0.010000 -0.010625 -0.020000
0 0.005938 0.010000 -0.010625 -0.020000
0 0.006562 0.015000 -0.011875 -0.030000
0 0.005938 0.011111 -0.010625 -0.022222
0 0.005000 0.009444 -0.008750 -0.018889
0 0.002812 0.007222 -0.004375 -0.014444
0 0.005938 0.010000 -0.010625 -0.020000
0 0.005000 0.009444 -0.008750 -0.018889
0 0.005938 0.011111 -0.010625 -0.022222
0 0.005938 0.011111 -0.010625 -0.022222
0 0.005625 0.010556 -0.010000 -0.021111
0 0.001875 0.002778 -0.002500 -0.005556
0 0.002812 0.007222 -0.004375 -0.014444
0 0.005938 0.010000 -0.010625 -0.020000
0 0.005000 0.009444 -0.008750 -0.018889
0 0.002812 0.007222 -0.004375 -0.014444
0 0.005938 0.011667 -0.010625 -0.023333
0 0.005938 0.010000 -0.010625 -0.020000
0 0.006250 0.012778 -0.011250 -0.025556
0 0.005938 0.010000 -0.010625 -0.020000
0 0.005000 0.009444 -0.008750 -0.018889
0 0.001875 0.002778 -0.002500 -0.005556
0 0.006250 0.012778 -0.011250 -0.025556
0 0.002812 0.007222 -0.004375 -0.014444
0 0.006250 0.012778 -0.011250 -0.025556
0 0.005938 0.010000 -0.010625 -0.020000
0 0.001875 0.002778 -0.002500 -0.005556
0 0.005000 0.009444 -0.008750 -0.018889
0 0.002812 0.007222 -0.004375 -0.014444
0 0.006562 0.015000 -0.011875 -0.030000
0 0.005000 0.009444 -0.008750 -0.018889
0 0.001875 0.002778 -0.002500 -0.005556
0 0.002500 0.006111 -0.003750 -0.012222
0 0.005938 0.011111 -0.010625 -0.022222
0 0.005938 0.011111 -0.010625 -0.022222
0 0.001875 0.002778 -0.002500 -0.005556
0 0.006250 0.012778 -0.011250 -0.025556
0 0.002812 0.007222 -0.004375 -0.014444
0 0.005938 0.011111 -0.010625 -0.022222
0 0.001875 0.002778 -0.002500 -0.005556
0 0.002812 0.007222 -0.004375 -0.014444
0 0.001875 0.002778 -0.002500 -0.005556
0 0.002812 0.007222 -0.004375 -0.014444
0 0.005938 0.010000 -0.010625 -0.020000
0 0.001875 0.002778 -0.002500 -0.005556
0 0.001875 0.002778 -0.002500 -0.005556
0 0.001875 0.002778 -0.002500 -0.005556
0 0.002812 0.007222 -0.004375 -0.014444
0 0.005938 0.011111 -0.010625 -0.022222
0 0.005938 0.011111 -0.010625 -0.022222
0 0.001875 0.002778 -0.002500 -0.005556
0 0.005938 0.010000 -0.010625 -0.020000
0 0.002812 0.007222 -0.004375 -0.014444
0 0.001875 0.002778 -0.002500 -0.005556
0 0.005938 0.010000 -0.010625 -0.020000
0 0.005938 0.011111 -0.010625 -0.022222
0 0.005000 0.009444 -0.008750 -0.018889
0 0.005938 0.010000 -0.010625 -0.020000
0 0.002812 0.007222 -0.004375 -0.014444
0 0.005938 0.010000 -0.010625 -0.020000
0 0.002812 0.007222 -0.004375 -0.014444
0 0.006250 0.012778 -0.011250 -0.025556
0 0.006250 0.012778 -0.011250 -0.025556
0 0.002812 0.007222 -0.004375 -0.014444
0 0.005938 0.010000 -0.010625 -0.020000
0 0.005000 0.009444 -0.008750 -0.018889
0 0.006250 0.012778 -0.011250 -0.025556
0 0.001875 0.002778 -0.002500 -0.005556
0 0.005938 0.010000 -0.010625 -0.020000
0 0.002812 0.007222 -0.004375 -0.014444
0 0.002812 0.007222 -0.004375 -0.014444
0 0.005938 0.010000 -0.010625 -0.020000
0 0.005938 0.011111 -0.010625 -0.022222
0 0.005938 0.011111 -0.010625 -0.022222
0 0.005938 0.010000 -0.010625 -0.020000
0 0.001875 0.002778 -0.002500 -0.005556
0 0.001875 0.002778 -0.002500 -0.005556
0 0.002812 0.007222 -0.004375 -0.014444
0 0.006250 0.012778 -0.011250 -0.025556
0 0.005000 0.009444 -0.008750 -0.018889
0 0.002812 0.007222 -0.004375 -0.014444
0 0.005938 0.010000 -0.010625 -0.020000
0 0.002812 0.007222 -0.004375 -0.014444
0 0.006250 0.012778 -0.011250 -0.025556
0 0.005000 0.009444 -0.008750 -0.018889
0 0.005938 0.011111 -0.010625 -0.022222
0 0.006250 0.012778 -0.011250 -0.025556
0 0.002812 0.007222 -0.004375 -0.014444
0 0.002812 0.007222 -0.004375 -0.014444
0 0.005938 0.010000 -0.010625 -0.020000
0 0.005938 0.010000 -0.010625 -0.020000
0 0.006250 0.012778 -0.011250 -0.025556
0 0.005938 0.010000 -0.010625 -0.020000
0 0.005938 0.010000 -0.010625 -0.020000
0 0.001875 0.002778 -0.002500 -0.005556
0 0.001875 0.002778 -0.002500 -0.005556
0 0.002812 0.007222 -0.004375 -0.014444
0 0.005000 0.009444 -0.008750 -0.018889
0 0.006250 0.012778 -0.011250 -0.025556
0 0.005938 0.010000 -0.010625 -0.020000
0 0.005938 0.010000 -0.010625 -0.020000
0 0.005938 0.010000 -0.010625 -0.020000
0 0.001875 0.002778 -0.002500 -0.005556
0 0.005000 0.009444 -0.008750 -0.018889
0 0.005938 0.011111 -0.010625 -0.022222
0 0.005000 0.009444 -0.008750 -0.018889
0 0.005938 0.010000 -0.010625 -0.020000
0 0.001875 0.002778 -0.002500 -0.005556
0 0.005938 0.011111 -0.010625 -0.022222
0 0.002812 0.007222 -0.004375 -0.014444
0 0.001875 0.002778 -0.002500 -0.005556
0 0.005938 0.011111 -0.010625 -0.022222
0 0.001875 0.002778 -0.002500 -0.005556
0 0.005938 0.010000 -0.010625 -0.020000
0 0.002812 0.007222 -0.004375 -0.014444
0 0.006250 0.012778 -0.011250 -0.025556
0 0.006562 0.015000 -0.011875 -0.030000
0 0.005938 0.010000 -0.010625 -0.020000
0 0.002812 0.007222 -0.004375 -0.014444
0 0.006250 0.012778 -0.011250 -0.025556
0 0.002812 0.007222 -0.004375 -0.014444
0 0.005000 0.009444 -0.008750 -0.018889
0 0.001875 0.002778 -0.002500 -0.005556
0 0.005000 0.009444 -0.008750 -0.018889
0 0.001875 0.002778 -0.002500 -0.005556
0 0.006250 0.012778 -0.011250 -0.025556
0 0.005938 0.011111 -0.010625 -0.022222
0 0.001875 0.002778 -0.002500 -0.005556
0 0.005938 0.010000 -0.010625 -0.020000
0 0.005000 0.009444 -0.008750 -0.018889
0 0.002812 0.007222 -0.004375 -0.014444
0 0.001875 0.002778 -0.002500 -0.005556
0 0.006250 0.012778 -0.011250 -0.025556
0 0.001875 0.002778 -0.002500 -0.005556
0 0.005938 0.010000 -0.010625 -0.020000
0 0.005000 0.009444 -0.008750 -0.018889
0 0.001875 0.002778 -0.002500 -0.005556
0 0.006562 0.015000 -0.011875 -0.030000
0 0.002812 0.007222 -0.004375 -0.014444
0 0.002812 0.007222 -0.004375 -0.014444
0 0.006250 0.012778 -0.011250 -0.025556
0 0.001875 0.002778 -0.002500 -0.005556
0 0.001875 0.002778 -0.002500 -0.005556
0 0.001875 0.002778 -0.002500 -0.005556
0 0.005938 0.011111 -0.010625 -0.022222
0 0.002812 0.007222 -0.004375 -0.014444
0 0.006562 0.015000 -0.011875 -0.030000
0 0.002812 0.007222 -0.004375 -0.014444
0 0.002812 0.007222 -0.004375 -0.014444
0 0.002812 0.007222 -0.004375 -0.014444
0 0.002812 0.007222 -0.004375 -0.014444
0 0.001875 0.002778 -0.002500 -0.005556
0 0.002812 0.007222 -0.004375 -0.014444
0 0.002812 0.007222 -0.004375 -0.014444
0 0.002812 0.007222 -0.004375 -0.014444
0 0.002812 0.007222 -0.004375 -0.014444
0 0.005938 0.010000 -0.010625 -0.020000
0 0.005938 0.011111 -0.010625 -0.022222
0 0.006562 0.015000 -0.011875 -0.030000
0 0.006250 0.012778 -0.011250 -0.025556
0 0.006250 0.012778 -0.011250 -0.025556
0 0.005938 0.011111 -0.010625 -0.022222
0 0.006250 0.012778 -0.011250 -0.025556
0 0.005000 0.009444 -0.008750 -0.018889
0 0.001875 0.002778 -0.002500 -0.005556
0 0.006250 0.012778 -0.011250 -0.025556
0 0.002812 0.007222 -0.004375 -0.014444
0 0.005938 0.010000 -0.010625 -0.020000
0 0.005938 0.011111 -0.010625 -0.022222
0 0.006250 0.012778 -0.011250 -0.025556
0 0.005938 0.010000 -0.010625 -0.020000
0 0.005938 0.010000 -0.010625 -0.020000
0 0.006250 0.012778 -0.011250 -0.025556
0 0.002812 0.007222 -0.004375 -0.014444
0 0.002812 0.007222 -0.004375 -0.014444
0 0.005938 0.010000 -0.010625 -0.020000
0 0.005938 0.011111 -0.010625 -0.022222
0 0.002812 0.007222 -0.004375 -0.014444
0 0.006250 0.012778 -0.011250 -0.025556
0 0.002188 0.005000 -0.003125 -0.010000
0 0.002812 0.007222 -0.004375 -0.014444
0 0.006250 0.012778 -0.011250 -0.025556
0 0.006250 0.012778 -0.011250 -0.025556
0 0.005000 0.009444 -0.008750 -0.018889
0 0.005938 0.010000 -0.010625 -0.020000
0 0.006250 0.012778 -0.011250 -0.025556
0 0.005000 0.009444 -0.008750 -0.018889
0 0.001875 0.002778 -0.002500 -0.005556
0 0.001875 0.002778 -0.002500 -0.005556
0 0.006250 0.012778 -0.011250 -0.025556
0 0.002812 0.007222 -0.004375 -0.014444
0 0.006250 0.012778 -0.011250 -0.025556
0 0.005938 0.010000 -0.010625 -0.020000
0 0.005938 0.010000 -0.010625 -0.020000
0 0.005000 0.009444 -0.008750 -0.018889
0 0.005000 0.009444 -0.008750 -0.018889
0 0.002812 0.007222 -0.004375 -0.014444
0 0.005938 0.010000 -0.010625 -0.020000
0 0.005938 0.011111 -0.010625 -0.022222
0 0.005938 0.010000 -0.010625 -0.020000
0 0.001875 0.002778 -0.002500 -0.005556
0 0.006562 0.015000 -0.011875 -0.030000
0 0.002188 0.005000 -0.003125 -0.010000
0 0.006250 0.012778 -0.011250 -0.025556
0 0.005000 0.009444 -0.008750 -0.018889
0 0.001875 0.002778 -0.002500 -0.005556
0 0.006250 0.012778 -0.011250 -0.025556
0 0.001875 0.002778 -0.002500 -0.005556
0 0.001875 0.002778 -0.002500 -0.005556
0 0.005938 0.010000 -0.010625 -0.020000
0 0.005938 0.010000 -0.010625 -0.020000
0 0.005938 0.011111 -0.010625 -0.022222
0 0.001875 0.002778 -0.002500 -0.005556
0 0.002812 0.007222 -0.004375 -0.014444
0 0.006250 0.012778 -0.011250 -0.025556
0 0.002812 0.007222 -0.004375 -0.014444
0 0.006250 0.012778 -0.011250 -0.025556
0 0.002812 0.007222 -0.004375 -0.014444
0 0.005938 0.010000 -0.010625 -0.020000
0 0.001875 0.002778 -0.002500 -0.005556
0 0.005938 0.010000 -0.010625 -0.020000
0 0.001875 0.002778 -0.002500 -0.005556
0 0.002812 0.007222 -0.004375 -0.014444
0 0.005938 0.011111 -0.010625 -0.022222
0 0.001875 0.002778 -0.002500 -0.005556
0 0.006562 0.015000 -0.011875 -0.030000
0 0.001875 0.002778 -0.002500 -0.005556
0 0.005938 0.010000 -0.010625 -0.020000
0 0.002812 0.007222 -0.004375 -0.014444
0 0.001875 0.002778 -0.002500 -0.005556
0 0.006250 0.012778 -0.011250 -0.025556
0 0.006250 0.012778 -0.011250 -0.025556
0 0.001875 0.002778 -0.002500 -0.005556
0 0.005938 0.011111 -0.010625 -0.022222
0 0.002812 0.007222 -0.004375 -0.014444
0 0.002812 0.007222 -0.004375 -0.014444
0 0.005000 0.009444 -0.008750 -0.018889
0 0.002812 0.007222 -0.004375 -0.014444
0 0.006562 0.015000 -0.011875 -0.030000
0 0.002812 0.007222 -0.004375 -0.014444
0 0.001875 0.002778 -0.002500 -0.005556
0 0.005938 0.010000 -0.010625 -0.020000
0 0.002812 0.007222 -0.004375 -0.014444
0 0.002812 0.007222 -0.004375 -0.014444
0 0.005938 0.010000 -0.010625 -0.020000
0 0.002500 0.006111 -0.003750 -0.012222
0 0.002812 0.007222 -0.004375 -0.014444
0 0.001875 0.002778 -0.002500 -0.005556
0 0.005938 0.010000 -0.010625 -0.020000
0 0.005000 0.009444 -0.008750 -0.018889
0 0.002812 0.007222 -0.004375 -0.014444
0 0.005938 0.011111 -0.010625 -0.022222
0 0.005938 0.010000 -0.010625 -0.020000
0 0.001875 0.002778 -0.002500 -0.005556
0 0.001875 0.002778 -0.002500 -0.005556
0 0.005000 0.009444 -0.008750 -0.018889
0 0.001875 0.002778 -0.002500 -0.005556
0 0.006562 0.012778 -0.010625 -0.025556
0 0.005938 0.010000 -0.010625 -0.020000
0 0.005938 0.010000 -0.010625 -0.020000
0 0.001875 0.002778 -0.002500 -0.005556
0 0.002188 0.005000 -0.003125 -0.010000
0 0.006562 0.015000 -0.011875 -0.030000
0 0.005938 0.010000 -0.010625 -0.020000
0 0.001875 0.002778 -0.002500 -0.005556
0 0.005313 0.009444 -0.008125 -0.018889
0 0.005938 0.011111 -0.010625 -0.022222
0 0.001875 0.002778 -0.002500 -0.005556
0 0.006250 0.012778 -0.011250 -0.025556
0 0.006250 0.012778 -0.011250 -0.025556
0 0.001875 0.002778 -0.002500 -0.005556
0 0.001875 0.002778 -0.002500 -0.005556
0 0.001875 0.002778 -0.002500 -0.005556
0 0.001875 0.002778 -0.002500 -0.005556
0 0.005000 0.009444 -0.008750 -0.018889
0 0.005000 0.009444 -0.008750 -0.018889
0 0.005000 0.009444 -0.008750 -0.018889
0 0.002188 0.005000 -0.003125 -0.010000
0 0.001875 0.002778 -0.002500 -0.005556
0 0.005938 0.010000 -0.010625 -0.020000
0 0.001875 0.002778 -0.002500 -0.005556
0 0.002812 0.007222 -0.004375 -0.014444
0 0.006562 0.012778 -0.010625 -0.025556
0 0.001875 0.002778 -0.002500 -0.005556
0 0.001875 0.002778 -0.002500 -0.005556
0 0.001875 0.002778 -0.002500 -0.005556
0 0.001875 0.002778 -0.002500 -0.005556
0 0.005938 0.011111 -0.010625 -0.022222
0 0.001875 0.002778 -0.002500 -0.005556
0 0.002812 0.007222 -0.004375 -0.014444
0 0.001875 0.002778 -0.002500 -0.005556
0 0.005938 0.010000 -0.010625 -0.020000
0 0.006250 0.012778 -0.011250 -0.025556
0 0.001875 0.002778 -0.002500 -0.005556
0 0.005938 0.010000 -0.010625 -0.020000
0 0.001875 0.002778 -0.002500 -0.005556
0 0.002812 0.007222 -0.004375 -0.014444
0 0.005938 0.010000 -0.010625 -0.020000
0 0.001875 0.002778 -0.002500 -0.005556
0 0.006250 0.012778 -0.011250 -0.025556
0 0.006562 0.015000 -0.011875 -0.030000
0 0.005938 0.010000 -0.010625 -0.020000
0 0.001875 0.002778 -0.002500 -0.005556
0 0.002812 0.007222 -0.004375 -0.014444
0 0.002812 0.007222 -0.004375 -0.014444
0 0.001875 0.002778 -0.002500 -0.005556
0 0.002812 0.007222 -0.004375 -0.014444
0 0.005000 0.009444 -0.008750 -0.018889
0 0.005000 0.009444 -0.008750 -0.018889
0 0.001875 0.002778 -0.002500 -0.005556
0 0.006250 0.012778 -0.011250 -0.025556
0 0.001875 0.002778 -0.002500 -0.005556
0 0.002812 0.007222 -0.004375 -0.014444
0 0.005938 0.011111 -0.010625 -0.022222
0 0.005938 0.011111 -0.010625 -0.022222
0 0.002812 0.007222 -0.004375 -0.014444
0 0.001875 0.002778 -0.002500 -0.005556
0 0.006250 0.012778 -0.011250 -0.025556
0 0.005938 0.011111 -0.010625 -0.022222
0 0.005938 0.010000 -0.010625 -0.020000
0 0.006250 0.011111 -0.010000 -0.022222
0 0.001875 0.002778 -0.002500 -0.005556
0 0.006250 0.012778 -0.011250 -0.025556
0 0.005000 0.009444 -0.008750 -0.018889
0 0.001875 0.002778 -0.002500 -0.005556
0 0.002812 0.007222 -0.004375 -0.014444
0 0.001875 0.002778 -0.002500 -0.005556
0 0.005938 0.011111 -0.010625 -0.022222
0 0.006250 0.012778 -0.011250 -0.025556
0 0.002812 0.007222 -0.004375 -0.014444
0 0.002812 0.007222 -0.004375 -0.014444
0 0.002812 0.007222 -0.004375 -0.014444
0 0.005938 0.010000 -0.010625 -0.020000
0 0.001875 0.002778 -0.002500 -0.005556
0 0.005938 0.011111 -0.010625 -0.022222
0 0.001875 0.002778 -0.002500 -0.005556
0 0.005000 0.009444 -0.008750 -0.018889
0 0.005938 0.010000 -0.010625 -0.020000
0 0.002812 0.007222 -0.004375 -0.014444
0 0.001875 0.002778 -0.002500 -0.005556
0 0.005938 0.010000 -0.010625 -0.020000
0 0.001875 0.002778 -0.002500 -0.005556
0 0.002812 0.007222 -0.004375 -0.014444
0 0.005938 0.011111 -0.010625 -0.022222
0 0.002812 0.007222 -0.004375 -0.014444
0 0.002812 0.007222 -0.004375 -0.014444
0 0.001875 0.002778 -0.002500 -0.005556
0 0.006250 0.012778 -0.011250 -0.025556
0 0.005938 0.010000 -0.010625 -0.020000
0 0.002812 0.007222 -0.004375 -0.014444
0 0.005313 0.009444 -0.008125 -0.018889
0 0.006250 0.011111 -0.010000 -0.022222