0 0.008333 0.016250 -0.013333 -0.032500
0 0.029167 0.063750 -0.055000 -0.127500
0 0.008333 0.016250 -0.013333 -0.032500
0 0.006667 0.012500 -0.010000 -0.025000
0 0.007500 0.015000 -0.011667 -0.030000
0 0.018333 0.035000 -0.033333 -0.070000
0 0.029167 0.063750 -0.055000 -0.127500
0 0.015000 0.030000 -0.026667 -0.060000
0 0.018333 0.028750 -0.033333 -0.057500
0 0.008333 0.016250 -0.013333 -0.032500
0 0.018333 0.035000 -0.033333 -0.070000
0 0.006667 0.012500 -0.010000 -0.025000
0 0.006667 0.012500 -0.010000 -0.025000
0 0.010833 0.021250 -0.018333 -0.042500
0 0.008333 0.016250 -0.013333 -0.032500
0 0.008333 0.016250 -0.013333 -0.032500
0 0.040000 0.073750 -0.076667 -0.147500
0 0.018333 0.028750 -0.033333 -0.057500
0 0.040000 0.073750 -0.076667 -0.147500
0 0.010000 0.038750 -0.016667 -0.077500
0 0.006667 0.012500 -0.010000 -0.025000