0 0.013437 0.019718 -0.025625 -0.039437
0 0.025937 0.051174 -0.050625 -0.102347
0 0.026250 0.051174 -0.050000 -0.102347
0 0.013750 0.019718 -0.025000 -0.039437
0 0.026250 0.051174 -0.050000 -0.102347
0 0.010000 0.016432 -0.018750 -0.030986
0 0.013750 0.019718 -0.025000 -0.039437
0 0.013750 0.019718 -0.025000 -0.039437
0 0.010000 0.015962 -0.018750 -0.031925
0 0.013750 0.019718 -0.025000 -0.039437
0 0.025937 0.051174 -0.050625 -0.102347
0 0.025937 0.051174 -0.050625 -0.102347
0 0.025937 0.051174 -0.050625 -0.102347
0 0.010000 0.015962 -0.018750 -0.031925
0 0.010000 0.016432 -0.018750 -0.030986
0 0.010000 0.015962 -0.018750 -0.031925
0 0.008125 0.013146 -0.015000 -0.024413
0 0.025937 0.051174 -0.050625 -0.102347
0 0.013437 0.019718 -0.025625 -0.039437
0 0.008125 0.013146 -0.015000 -0.024413
0 0.013437 0.019718 -0.025625 -0.039437
0 0.008125 0.013146 -0.015000 -0.024413
0 0.032188 0.050704 -0.063125 -0.101408
0 0.013437 0.019718 -0.025625 -0.039437
0 0.026250 0.051174 -0.050000 -0.102347
0 0.013750 0.019718 -0.025000 -0.039437
0 0.010000 0.015962 -0.018750 -0.031925
0 0.013437 0.019718 -0.025625 -0.039437
0 0.013437 0.019718 -0.025625 -0.039437
0 0.026250 0.051174 -0.050000 -0.102347
0 0.013750 0.019718 -0.025000 -0.039437
0 0.025625 0.059624 -0.050000 -0.119249
0 0.013437 0.019718 -0.025625 -0.039437
0 0.010313 0.015962 -0.018125 -0.031925
0 0.013437 0.019718 -0.025625 -0.039437
0 0.013437 0.019718 -0.025625 -0.039437
0 0.013437 0.019718 -0.025625 -0.039437
0 0.025937 0.051174 -0.050625 -0.102347
0 0.025937 0.051174 -0.050625 -0.102347
0 0.025937 0.051174 -0.050625 -0.102347
0 0.013437 0.019718 -0.025625 -0.039437
0 0.013437 0.019718 -0.025625 -0.039437
0 0.013437 0.019718 -0.025625 -0.039437
0 0.013437 0.019718 -0.025625 -0.039437
0 0.026250 0.051174 -0.050000 -0.102347
0 0.010313 0.015962 -0.018125 -0.031925
0 0.013750 0.019718 -0.025000 -0.039437
0 0.013437 0.019718 -0.025625 -0.039437
0 0.013437 0.019718 -0.025625 -0.039437
0 0.026250 0.051174 -0.050000 -0.102347
0 0.026250 0.051174 -0.050000 -0.102347
0 0.026250 0.051174 -0.050000 -0.102347
0 0.010000 0.016432 -0.018750 -0.030986
0 0.010000 0.015962 -0.018750 -0.031925
0 0.008438 0.013615 -0.015625 -0.027230
0 0.012500 0.015023 -0.022500 -0.028169
0 0.008125 0.013146 -0.015000 -0.024413
0 0.008125 0.013146 -0.015000 -0.024413
0 0.022187 0.050704 -0.043125 -0.101408
0 0.026250 0.051174 -0.050000 -0.102347
0 0.013750 0.019718 -0.025000 -0.039437
0 0.008125 0.013146 -0.015000 -0.024413
0 0.025937 0.058216 -0.050625 -0.116432
0 0.010313 0.015962 -0.018125 -0.031925
0 0.010000 0.015962 -0.018750 -0.031925
0 0.025937 0.051174 -0.050625 -0.102347
0 0.026250 0.051174 -0.050000 -0.102347
0 0.008125 0.013146 -0.015000 -0.024413
0 0.005313 0.012207 -0.009375 -0.022535
0 0.010000 0.015962 -0.018750 -0.031925
0 0.013437 0.019718 -0.025625 -0.039437
0 0.025937 0.051174 -0.050625 -0.102347
0 0.025937 0.051174 -0.050625 -0.102347
0 0.010000 0.016432 -0.018750 -0.030986
0 0.010000 0.015962 -0.018750 -0.031925
0 0.013437 0.019718 -0.025625 -0.039437
0 0.010000 0.015962 -0.018750 -0.031925
0 0.008125 0.013146 -0.015000 -0.024413
0 0.013437 0.019718 -0.025625 -0.039437
0 0.013437 0.019718 -0.025625 -0.039437
0 0.013437 0.019718 -0.025625 -0.039437
0 0.025937 0.051174 -0.050625 -0.102347
0 0.011250 0.019718 -0.021250 -0.037559
0 0.013750 0.019718 -0.025000 -0.039437
0 0.013437 0.019718 -0.025625 -0.039437
0 0.013750 0.019718 -0.025000 -0.039437
0 0.013437 0.019718 -0.025625 -0.039437
0 0.008125 0.013146 -0.015000 -0.024413
0 0.010000 0.015962 -0.018750 -0.031925
0 0.013750 0.019718 -0.025000 -0.039437
0 0.026250 0.051174 -0.050000 -0.102347
0 0.013437 0.019718 -0.025625 -0.039437
0 0.026250 0.051174 -0.050000 -0.102347
0 0.013437 0.019718 -0.025625 -0.039437
0 0.013750 0.019718 -0.025000 -0.039437
0 0.013437 0.019718 -0.025625 -0.039437
0 0.025937 0.051174 -0.050625 -0.102347
0 0.008125 0.013146 -0.015000 -0.024413
0 0.010000 0.015962 -0.018750 -0.031925
0 0.010000 0.015962 -0.018750 -0.031925
0 0.008125 0.013146 -0.015000 -0.024413
0 0.013437 0.019718 -0.025625 -0.039437
0 0.010313 0.015962 -0.018125 -0.031925
0 0.010000 0.015962 -0.018750 -0.031925
0 0.025937 0.051174 -0.050625 -0.102347
0 0.010000 0.015962 -0.018750 -0.031925
0 0.026250 0.051174 -0.050000 -0.102347
0 0.025937 0.051174 -0.050625 -0.102347
0 0.010000 0.016432 -0.018750 -0.030986
0 0.010000 0.016432 -0.018750 -0.030986
0 0.013437 0.019718 -0.025625 -0.039437
0 0.026250 0.051174 -0.050000 -0.102347
0 0.010000 0.016432 -0.018750 -0.030986
0 0.025937 0.051174 -0.050625 -0.102347
0 0.013437 0.019718 -0.025625 -0.039437
0 0.010000 0.016432 -0.018750 -0.030986
0 0.008125 0.013146 -0.015000 -0.024413
0 0.010000 0.015962 -0.018750 -0.031925
0 0.010000 0.015962 -0.018750 -0.031925
0 0.011250 0.019718 -0.021250 -0.037559
0 0.010000 0.015962 -0.018750 -0.031925
0 0.025937 0.051174 -0.050625 -0.102347
0 0.013750 0.019718 -0.025000 -0.039437
0 0.010000 0.016432 -0.018750 -0.030986
0 0.010000 0.016432 -0.018750 -0.030986
0 0.008438 0.013146 -0.014375 -0.024413
0 0.008438 0.014085 -0.015625 -0.026291
0 0.013750 0.019718 -0.025000 -0.039437
0 0.010000 0.015962 -0.018750 -0.031925
0 0.011250 0.019718 -0.021250 -0.037559
0 0.013437 0.019718 -0.025625 -0.039437
0 0.025937 0.051174 -0.050625 -0.102347
0 0.013437 0.019718 -0.025625 -0.039437
0 0.013437 0.019718 -0.025625 -0.039437
0 0.010000 0.015962 -0.018750 -0.031925