0 0.030645 0.049462 -0.058065 -0.098925
0 0.020161 0.029032 -0.037097 -0.058065
0 0.012903 0.016129 -0.022581 -0.032258
0 0.008065 0.011828 -0.012903 -0.019355
0 0.008065 0.010753 -0.012903 -0.021505
0 0.024194 0.039785 -0.045161 -0.079570
0 0.053226 0.088172 -0.103226 -0.176344
0 0.010484 0.015054 -0.017742 -0.030108
0 0.019355 0.027957 -0.035484 -0.055914
0 0.015323 0.026882 -0.027419 -0.053763
0 0.019355 0.027957 -0.035484 -0.055914
0 0.008065 0.010753 -0.012903 -0.021505
0 0.012903 0.016129 -0.022581 -0.032258
0 0.015323 0.026882 -0.027419 -0.053763
0 0.020161 0.029032 -0.037097 -0.058065
0 0.080645 0.100000 -0.158065 -0.200000
0 0.008065 0.010753 -0.012903 -0.021505
0 0.012903 0.016129 -0.022581 -0.032258
0 0.025000 0.043011 -0.046774 -0.086022
0 0.020968 0.030108 -0.038710 -0.060215
0 0.041129 0.056989 -0.079032 -0.113978
0 0.020968 0.030108 -0.038710 -0.060215
0 0.020161 0.029032 -0.037097 -0.058065
0 0.020161 0.029032 -0.037097 -0.058065
0 0.024194 0.039785 -0.045161 -0.079570
0 0.012903 0.016129 -0.022581 -0.032258
0 0.019355 0.027957 -0.035484 -0.055914
0 0.025000 0.043011 -0.046774 -0.086022
0 0.019355 0.027957 -0.035484 -0.055914
0 0.012903 0.016129 -0.022581 -0.032258
0 0.041129 0.056989 -0.079032 -0.113978
0 0.010484 0.016129 -0.017742 -0.027957
0 0.010484 0.015054 -0.017742 -0.030108
0 0.020968 0.030108 -0.038710 -0.060215
0 0.030645 0.049462 -0.058065 -0.098925
0 0.025000 0.043011 -0.046774 -0.086022
0 0.012903 0.016129 -0.022581 -0.032258
0 0.008065 0.011828 -0.012903 -0.019355
0 0.010484 0.015054 -0.017742 -0.030108
0 0.053226 0.088172 -0.103226 -0.176344
0 0.010484 0.016129 -0.017742 -0.027957
0 0.020161 0.029032 -0.037097 -0.058065
0 0.025000 0.043011 -0.046774 -0.086022
0 0.015323 0.026882 -0.027419 -0.053763
0 0.012903 0.016129 -0.022581 -0.032258
0 0.031452 0.049462 -0.059677 -0.098925
0 0.020968 0.030108 -0.038710 -0.060215
0 0.012903 0.016129 -0.022581 -0.032258
0 0.029839 0.041935 -0.056452 -0.083871
0 0.008065 0.010753 -0.012903 -0.021505
0 0.008065 0.011828 -0.012903 -0.019355