0 0.024583 0.045000 -0.044167 -0.090000
0 0.023750 0.045000 -0.045833 -0.090000
0 0.023750 0.045000 -0.045833 -0.090000
0 0.023750 0.045000 -0.045833 -0.090000
0 0.023750 0.045000 -0.045833 -0.090000
0 0.023750 0.045000 -0.045833 -0.090000
0 0.023750 0.045000 -0.045833 -0.090000
0 0.023750 0.045000 -0.045833 -0.090000
0 0.023750 0.045000 -0.045833 -0.090000
0 0.023750 0.045000 -0.045833 -0.090000
0 0.023750 0.045000 -0.045833 -0.090000
0 0.023750 0.045000 -0.045833 -0.090000
0 0.023750 0.045000 -0.045833 -0.090000
0 0.023750 0.045000 -0.045833 -0.090000
0 0.024583 0.045000 -0.044167 -0.090000
0 0.023750 0.045000 -0.045833 -0.090000