0 0.017833 0.026250 -0.035000 -0.052500
0 0.007500 0.010250 -0.014333 -0.020500
0 0.010333 0.018500 -0.020000 -0.037000
0 0.004000 0.006000 -0.007333 -0.012000
0 0.010500 0.018500 -0.019667 -0.037000
0 0.004000 0.006000 -0.007333 -0.012000
0 0.008667 0.013000 -0.016667 -0.026000
0 0.005667 0.008000 -0.010000 -0.016000
0 0.013000 0.023250 -0.025333 -0.046500
0 0.004000 0.006000 -0.007333 -0.012000
0 0.005500 0.008000 -0.010333 -0.016000
0 0.008333 0.011250 -0.016000 -0.022500
0 0.004000 0.005750 -0.007333 -0.011500
0 0.004000 0.005750 -0.007333 -0.011500
0 0.008333 0.011250 -0.016000 -0.022500
0 0.005500 0.008000 -0.010333 -0.016000
0 0.008333 0.011250 -0.016000 -0.022500
0 0.008500 0.011250 -0.015667 -0.022500
0 0.008667 0.013000 -0.016667 -0.026000
0 0.004000 0.006000 -0.007333 -0.012000
0 0.005500 0.008000 -0.010333 -0.016000
0 0.004000 0.005750 -0.007333 -0.011500
0 0.008833 0.013000 -0.016333 -0.026000
0 0.014333 0.022000 -0.028000 -0.044000
0 0.009500 0.016750 -0.018333 -0.033500
0 0.005667 0.009250 -0.010667 -0.018500
0 0.007500 0.012750 -0.014333 -0.025500
0 0.008333 0.011250 -0.016000 -0.022500
0 0.010333 0.018500 -0.020000 -0.037000
0 0.005667 0.009250 -0.010667 -0.018500
0 0.005667 0.009250 -0.010667 -0.018500
0 0.008167 0.012500 -0.015667 -0.025000
0 0.005500 0.008000 -0.010333 -0.016000
0 0.008333 0.011250 -0.016000 -0.022500
0 0.004000 0.006000 -0.007333 -0.012000
0 0.009667 0.017000 -0.018667 -0.034000
0 0.008667 0.013000 -0.016667 -0.026000
0 0.009500 0.016750 -0.018333 -0.033500
0 0.005667 0.009250 -0.010667 -0.018500
0 0.008833 0.013000 -0.016333 -0.026000
0 0.009500 0.016750 -0.018333 -0.033500
0 0.004000 0.006000 -0.007333 -0.012000
0 0.008667 0.013000 -0.016667 -0.026000
0 0.008500 0.011250 -0.015667 -0.022500
0 0.008333 0.011250 -0.016000 -0.022500
0 0.004000 0.006000 -0.007333 -0.012000
0 0.009667 0.016750 -0.018000 -0.033500
0 0.009667 0.016750 -0.018000 -0.033500
0 0.017833 0.026250 -0.035000 -0.052500
0 0.008833 0.013000 -0.016333 -0.026000
0 0.009500 0.016750 -0.018333 -0.033500
0 0.005667 0.008000 -0.010000 -0.016000
0 0.008500 0.012500 -0.016333 -0.025000
0 0.008333 0.011250 -0.016000 -0.022500
0 0.005500 0.008000 -0.010333 -0.016000
0 0.005500 0.008000 -0.010333 -0.016000
0 0.005500 0.008000 -0.010333 -0.016000
0 0.008333 0.011250 -0.016000 -0.022500
0 0.010333 0.018500 -0.020000 -0.037000
0 0.009500 0.016750 -0.018333 -0.033500
0 0.008333 0.011250 -0.016000 -0.022500
0 0.005667 0.009250 -0.010667 -0.018500
0 0.006833 0.009500 -0.013000 -0.019000
0 0.008500 0.011250 -0.015667 -0.022500
0 0.008333 0.011250 -0.016000 -0.022500
0 0.005667 0.009250 -0.010667 -0.018500
0 0.005667 0.008000 -0.010000 -0.016000
0 0.008333 0.011250 -0.016000 -0.022500
0 0.004000 0.006000 -0.007333 -0.012000
0 0.009500 0.016750 -0.018333 -0.033500
0 0.006167 0.010500 -0.011667 -0.021000
0 0.004000 0.005750 -0.007333 -0.011500
0 0.005667 0.008000 -0.010000 -0.016000
0 0.007000 0.010000 -0.013333 -0.020000
0 0.004000 0.005750 -0.007333 -0.011500
0 0.009500 0.016750 -0.018333 -0.033500
0 0.008500 0.011250 -0.015667 -0.022500
0 0.008500 0.011250 -0.015667 -0.022500
0 0.009500 0.016750 -0.018333 -0.033500
0 0.008667 0.013000 -0.016667 -0.026000
0 0.008333 0.011250 -0.016000 -0.022500
0 0.005667 0.009250 -0.010667 -0.018500
0 0.007500 0.012750 -0.014333 -0.025500
0 0.005667 0.008000 -0.010000 -0.016000
0 0.014333 0.022000 -0.028000 -0.044000
0 0.009500 0.016750 -0.018333 -0.033500
0 0.008500 0.011250 -0.015667 -0.022500
0 0.008333 0.011250 -0.016000 -0.022500
0 0.005667 0.009250 -0.010667 -0.018500
0 0.005500 0.008000 -0.010333 -0.016000
0 0.004000 0.006000 -0.007333 -0.012000
0 0.005667 0.009250 -0.010667 -0.018500
0 0.009500 0.015750 -0.018333 -0.031500
0 0.004000 0.005750 -0.007333 -0.011500
0 0.008500 0.011250 -0.015667 -0.022500
0 0.004000 0.006000 -0.007333 -0.012000
0 0.014333 0.022000 -0.028000 -0.044000
0 0.010333 0.018500 -0.020000 -0.037000
0 0.005667 0.009250 -0.010667 -0.018500
0 0.012667 0.020500 -0.024667 -0.041000
0 0.008333 0.011250 -0.016000 -0.022500
0 0.005667 0.009250 -0.010667 -0.018500
0 0.008667 0.013000 -0.016667 -0.026000
0 0.010333 0.018500 -0.020000 -0.037000
0 0.008667 0.013000 -0.016667 -0.026000
0 0.004000 0.005750 -0.007333 -0.011500
0 0.008500 0.011250 -0.015667 -0.022500
0 0.008333 0.011250 -0.016000 -0.022500
0 0.008500 0.011250 -0.015667 -0.022500
0 0.006167 0.008750 -0.011667 -0.017500
0 0.009667 0.016750 -0.018000 -0.033500
0 0.004333 0.007250 -0.008000 -0.014500
0 0.008667 0.013000 -0.016667 -0.026000
0 0.005667 0.009250 -0.010667 -0.018500
0 0.009667 0.016750 -0.018000 -0.033500
0 0.008333 0.011250 -0.016000 -0.022500
0 0.005667 0.009250 -0.010667 -0.018500
0 0.005667 0.009250 -0.010667 -0.018500
0 0.007000 0.009500 -0.012667 -0.019000
0 0.009500 0.016750 -0.018333 -0.033500
0 0.005500 0.008000 -0.010333 -0.016000
0 0.005500 0.008000 -0.010333 -0.016000
0 0.008500 0.011250 -0.015667 -0.022500
0 0.005667 0.009250 -0.010667 -0.018500
0 0.010500 0.019500 -0.020333 -0.039000
0 0.005500 0.008000 -0.010333 -0.016000
0 0.008333 0.011250 -0.016000 -0.022500
0 0.008333 0.011250 -0.016000 -0.022500
0 0.010333 0.018500 -0.020000 -0.037000
0 0.005667 0.009250 -0.010667 -0.018500
0 0.010333 0.018500 -0.020000 -0.037000
0 0.009500 0.016750 -0.018333 -0.033500
0 0.005667 0.009250 -0.010667 -0.018500
0 0.010333 0.018500 -0.020000 -0.037000
0 0.010333 0.018500 -0.020000 -0.037000
0 0.005667 0.009250 -0.010667 -0.018500
0 0.005500 0.008000 -0.010333 -0.016000
0 0.006167 0.010500 -0.011667 -0.021000
0 0.004000 0.005750 -0.007333 -0.011500
0 0.008333 0.011250 -0.016000 -0.022500
0 0.008667 0.013000 -0.016667 -0.026000
0 0.008333 0.011250 -0.016000 -0.022500
0 0.008333 0.011250 -0.016000 -0.022500
0 0.009333 0.015250 -0.018000 -0.030500
0 0.008333 0.011250 -0.016000 -0.022500
0 0.004000 0.006000 -0.007333 -0.012000
0 0.006167 0.010500 -0.011667 -0.021000
0 0.008333 0.011250 -0.016000 -0.022500
0 0.005500 0.008000 -0.010333 -0.016000
0 0.006167 0.010500 -0.011667 -0.021000
0 0.008333 0.011250 -0.016000 -0.022500
0 0.008833 0.013000 -0.016333 -0.026000
0 0.008333 0.011250 -0.016000 -0.022500
0 0.004000 0.006000 -0.007333 -0.012000
0 0.004000 0.006000 -0.007333 -0.012000
0 0.004000 0.006000 -0.007333 -0.012000
0 0.007667 0.010250 -0.014000 -0.020500
0 0.008833 0.013000 -0.016333 -0.026000
0 0.007667 0.010250 -0.014000 -0.020500
0 0.008500 0.011250 -0.015667 -0.022500
0 0.004000 0.005750 -0.007333 -0.011500
0 0.007500 0.012750 -0.014333 -0.025500
0 0.012667 0.020500 -0.024667 -0.041000
0 0.004000 0.005750 -0.007333 -0.011500
0 0.005667 0.009250 -0.010667 -0.018500
0 0.010333 0.018500 -0.020000 -0.037000
0 0.008500 0.011250 -0.015667 -0.022500
0 0.005667 0.009250 -0.010667 -0.018500
0 0.009500 0.016750 -0.018333 -0.033500
0 0.004000 0.005750 -0.007333 -0.011500
0 0.013500 0.028500 -0.026333 -0.057000
0 0.008667 0.013000 -0.016667 -0.026000
0 0.004333 0.007250 -0.008000 -0.014500
0 0.008333 0.011250 -0.016000 -0.022500
0 0.004167 0.006000 -0.007000 -0.012000
0 0.007000 0.010000 -0.013333 -0.020000
0 0.004000 0.006000 -0.007333 -0.012000
0 0.008333 0.011250 -0.016000 -0.022500
0 0.008667 0.013000 -0.016667 -0.026000
0 0.006833 0.009500 -0.013000 -0.019000
0 0.008500 0.011250 -0.015667 -0.022500
0 0.006167 0.010500 -0.011667 -0.021000
0 0.004000 0.005750 -0.007333 -0.011500
0 0.008667 0.013000 -0.016667 -0.026000
0 0.004000 0.006000 -0.007333 -0.012000
0 0.008500 0.011250 -0.015667 -0.022500
0 0.005500 0.008000 -0.010333 -0.016000
0 0.007667 0.010250 -0.014000 -0.020500
0 0.005500 0.008000 -0.010333 -0.016000
0 0.008667 0.013000 -0.016667 -0.026000
0 0.010333 0.018500 -0.020000 -0.037000
0 0.005667 0.009250 -0.010667 -0.018500
0 0.008667 0.013000 -0.016667 -0.026000
0 0.007667 0.011250 -0.014667 -0.022500
0 0.010333 0.018500 -0.020000 -0.037000
0 0.005667 0.008000 -0.010000 -0.016000
0 0.008333 0.011250 -0.016000 -0.022500
0 0.010333 0.018500 -0.020000 -0.037000
0 0.008500 0.011250 -0.015667 -0.022500
0 0.013500 0.028500 -0.026333 -0.057000
0 0.004000 0.005750 -0.007333 -0.011500
0 0.005500 0.008000 -0.010333 -0.016000
0 0.009500 0.016750 -0.018333 -0.033500
0 0.005667 0.009250 -0.010667 -0.018500
0 0.008333 0.011250 -0.016000 -0.022500
0 0.008833 0.013000 -0.016333 -0.026000
0 0.006833 0.009500 -0.013000 -0.019000
0 0.008667 0.013000 -0.016667 -0.026000
0 0.008333 0.011250 -0.016000 -0.022500
0 0.010333 0.018500 -0.020000 -0.037000
0 0.005667 0.009250 -0.010667 -0.018500
0 0.013000 0.023250 -0.025333 -0.046500
0 0.008333 0.011250 -0.016000 -0.022500
0 0.008667 0.013000 -0.016667 -0.026000
0 0.004000 0.005750 -0.007333 -0.011500
0 0.010500 0.018500 -0.019667 -0.037000
0 0.010333 0.018500 -0.020000 -0.037000
0 0.008333 0.011250 -0.016000 -0.022500
0 0.006167 0.008750 -0.011667 -0.017500
0 0.006167 0.010500 -0.011667 -0.021000
0 0.005500 0.008000 -0.010333 -0.016000
0 0.010333 0.018500 -0.020000 -0.037000
0 0.005500 0.008000 -0.010333 -0.016000
0 0.010333 0.018500 -0.020000 -0.037000
0 0.004000 0.006000 -0.007333 -0.012000
0 0.007167 0.009750 -0.013667 -0.019500
0 0.013500 0.028500 -0.026333 -0.057000
0 0.013500 0.028500 -0.026333 -0.057000
0 0.017833 0.026250 -0.035000 -0.052500
0 0.008833 0.013500 -0.017000 -0.027000
0 0.005500 0.008000 -0.010333 -0.016000
0 0.004000 0.005750 -0.007333 -0.011500
0 0.005667 0.008000 -0.010000 -0.016000
0 0.006167 0.010500 -0.011667 -0.021000
0 0.010333 0.018500 -0.020000 -0.037000
0 0.004000 0.006000 -0.007333 -0.012000
0 0.008667 0.013000 -0.016667 -0.026000
0 0.008500 0.011250 -0.015667 -0.022500
0 0.004000 0.006000 -0.007333 -0.012000
0 0.013500 0.028500 -0.026333 -0.057000
0 0.008833 0.014000 -0.017000 -0.028000
0 0.010333 0.018500 -0.020000 -0.037000
0 0.008500 0.011250 -0.015667 -0.022500
0 0.010333 0.018500 -0.020000 -0.037000
0 0.014333 0.022000 -0.028000 -0.044000
0 0.004000 0.006000 -0.007333 -0.012000
0 0.008667 0.013000 -0.016667 -0.026000
0 0.004000 0.006000 -0.007333 -0.012000
0 0.006833 0.009500 -0.013000 -0.019000
0 0.004333 0.007250 -0.008000 -0.014500
0 0.008333 0.011250 -0.016000 -0.022500
0 0.004000 0.005750 -0.007333 -0.011500
0 0.004000 0.006000 -0.007333 -0.012000
0 0.005667 0.009250 -0.010667 -0.018500
0 0.008333 0.011250 -0.016000 -0.022500
0 0.013500 0.028500 -0.026333 -0.057000
0 0.004000 0.005750 -0.007333 -0.011500
0 0.006167 0.008750 -0.011667 -0.017500
0 0.008667 0.013000 -0.016667 -0.026000
0 0.005667 0.009250 -0.010667 -0.018500
0 0.008667 0.013000 -0.016667 -0.026000
0 0.008333 0.011250 -0.016000 -0.022500
0 0.013500 0.028500 -0.026333 -0.057000
0 0.005667 0.009250 -0.010667 -0.018500
0 0.010333 0.018500 -0.020000 -0.037000
0 0.013500 0.028500 -0.026333 -0.057000
0 0.004000 0.005750 -0.007333 -0.011500
0 0.008833 0.013000 -0.016333 -0.026000
0 0.013000 0.023250 -0.025333 -0.046500
0 0.008833 0.013000 -0.016333 -0.026000
0 0.008333 0.011250 -0.016000 -0.022500
0 0.004333 0.007250 -0.008000 -0.014500
0 0.005667 0.009250 -0.010667 -0.018500
0 0.004000 0.006000 -0.007333 -0.012000
0 0.006833 0.009500 -0.013000 -0.019000
0 0.004333 0.007250 -0.008000 -0.014500
0 0.008667 0.013000 -0.016667 -0.026000
0 0.008333 0.011250 -0.016000 -0.022500
0 0.007500 0.010250 -0.014333 -0.020500
0 0.005500 0.008000 -0.010333 -0.016000
0 0.014333 0.022000 -0.028000 -0.044000
0 0.004000 0.005750 -0.007333 -0.011500
0 0.013000 0.023250 -0.025333 -0.046500
0 0.007500 0.012750 -0.014333 -0.025500
0 0.007667 0.010250 -0.014000 -0.020500
0 0.008667 0.013000 -0.016667 -0.026000
0 0.004000 0.006000 -0.007333 -0.012000
0 0.013500 0.028500 -0.026333 -0.057000
0 0.005000 0.007500 -0.009333 -0.015000
0 0.008500 0.011250 -0.015667 -0.022500
0 0.007500 0.010250 -0.014333 -0.020500
0 0.004000 0.006000 -0.007333 -0.012000
0 0.008333 0.011250 -0.016000 -0.022500
0 0.004000 0.005750 -0.007333 -0.011500
0 0.004000 0.006000 -0.007333 -0.012000
0 0.007000 0.009500 -0.012667 -0.019000
0 0.005500 0.008000 -0.010333 -0.016000
0 0.009500 0.016750 -0.018333 -0.033500
0 0.012667 0.020500 -0.024667 -0.041000
0 0.008333 0.011250 -0.016000 -0.022500
0 0.005500 0.008000 -0.010333 -0.016000
0 0.008667 0.013000 -0.016667 -0.026000
0 0.008500 0.011250 -0.015667 -0.022500
0 0.005667 0.009250 -0.010667 -0.018500
0 0.008333 0.011250 -0.016000 -0.022500
0 0.008333 0.011250 -0.016000 -0.022500
0 0.008667 0.013000 -0.016667 -0.026000
0 0.009333 0.015250 -0.018000 -0.030500
0 0.008333 0.011250 -0.016000 -0.022500
0 0.005667 0.009250 -0.010667 -0.018500
0 0.005500 0.008000 -0.010333 -0.016000
0 0.004000 0.006000 -0.007333 -0.012000
0 0.012667 0.020500 -0.024667 -0.041000
0 0.010333 0.018500 -0.020000 -0.037000
0 0.004000 0.006000 -0.007333 -0.012000
0 0.004000 0.006000 -0.007333 -0.012000
0 0.008667 0.013000 -0.016667 -0.026000
0 0.013500 0.028500 -0.026333 -0.057000
0 0.005500 0.008000 -0.010333 -0.016000
0 0.005667 0.008000 -0.010000 -0.016000
0 0.008667 0.013000 -0.016667 -0.026000
0 0.008333 0.011250 -0.016000 -0.022500
0 0.008667 0.013000 -0.016667 -0.026000
0 0.007500 0.012750 -0.014333 -0.025500
0 0.014333 0.022000 -0.028000 -0.044000
0 0.004000 0.006000 -0.007333 -0.012000
0 0.008333 0.011250 -0.016000 -0.022500
0 0.008333 0.011500 -0.016000 -0.023000
0 0.004000 0.005750 -0.007333 -0.011500
0 0.008833 0.013000 -0.016333 -0.026000
0 0.008333 0.011250 -0.016000 -0.022500
0 0.005667 0.009250 -0.010667 -0.018500
0 0.005500 0.008000 -0.010333 -0.016000
0 0.006500 0.009000 -0.012333 -0.018000
0 0.007000 0.010000 -0.013333 -0.020000
0 0.004000 0.005750 -0.007333 -0.011500
0 0.008667 0.013000 -0.016667 -0.026000
0 0.004000 0.006000 -0.007333 -0.012000
0 0.005667 0.009250 -0.010667 -0.018500
0 0.004000 0.006000 -0.007333 -0.012000
0 0.005000 0.008250 -0.009333 -0.016500
0 0.005667 0.009250 -0.010667 -0.018500
0 0.008333 0.011250 -0.016000 -0.022500
0 0.005667 0.008000 -0.010000 -0.016000
0 0.013000 0.023250 -0.025333 -0.046500
0 0.010333 0.018500 -0.020000 -0.037000
0 0.005667 0.009250 -0.010667 -0.018500
0 0.008667 0.013000 -0.016667 -0.026000
0 0.010500 0.018500 -0.019667 -0.037000
0 0.007500 0.010250 -0.014333 -0.020500
0 0.008667 0.013000 -0.016667 -0.026000
0 0.012667 0.020500 -0.024667 -0.041000
0 0.008667 0.013000 -0.016667 -0.026000
0 0.004000 0.006000 -0.007333 -0.012000
0 0.010333 0.018500 -0.020000 -0.037000
0 0.005500 0.008000 -0.010333 -0.016000
0 0.013500 0.028500 -0.026333 -0.057000
0 0.004000 0.006000 -0.007333 -0.012000
0 0.008500 0.011250 -0.015667 -0.022500
0 0.008333 0.011250 -0.016000 -0.022500
0 0.008333 0.011250 -0.016000 -0.022500
0 0.004000 0.006000 -0.007333 -0.012000
0 0.008333 0.011250 -0.016000 -0.022500
0 0.010500 0.018500 -0.019667 -0.037000
0 0.004000 0.005750 -0.007333 -0.011500
0 0.008667 0.013000 -0.016667 -0.026000
0 0.008333 0.011250 -0.016000 -0.022500
0 0.008667 0.013000 -0.016667 -0.026000
0 0.006167 0.010500 -0.011667 -0.021000
0 0.010333 0.018500 -0.020000 -0.037000
0 0.004000 0.006000 -0.007333 -0.012000
0 0.005667 0.008000 -0.010000 -0.016000
0 0.005667 0.009250 -0.010667 -0.018500
0 0.010333 0.018500 -0.020000 -0.037000
0 0.004000 0.006000 -0.007333 -0.012000
0 0.004000 0.006000 -0.007333 -0.012000
0 0.005667 0.009250 -0.010667 -0.018500
0 0.004000 0.006000 -0.007333 -0.012000
0 0.007500 0.010250 -0.014333 -0.020500
0 0.004000 0.005750 -0.007333 -0.011500
0 0.008333 0.011250 -0.016000 -0.022500
0 0.010333 0.018500 -0.020000 -0.037000
0 0.008667 0.013000 -0.016667 -0.026000
0 0.004167 0.006000 -0.007000 -0.012000
0 0.004000 0.006000 -0.007333 -0.012000
0 0.005667 0.009250 -0.010667 -0.018500
0 0.005667 0.009250 -0.010667 -0.018500
0 0.004000 0.005750 -0.007333 -0.011500
0 0.005667 0.009250 -0.010667 -0.018500
0 0.010333 0.018500 -0.020000 -0.037000
0 0.008500 0.011250 -0.015667 -0.022500