0 0.004167 0.006263 -0.005556 -0.008351
0 0.006250 0.014614 -0.009722 -0.025052
0 0.011806 0.026096 -0.020833 -0.048017
0 0.004167 0.006263 -0.005556 -0.008351
0 0.004167 0.006263 -0.005556 -0.008351
0 0.011806 0.026096 -0.020833 -0.048017
0 0.004167 0.006263 -0.005556 -0.008351
0 0.004861 0.010438 -0.006944 -0.016701
0 0.011806 0.026096 -0.020833 -0.048017
0 0.008333 0.014614 -0.013889 -0.025052
0 0.004861 0.010438 -0.006944 -0.016701
0 0.008333 0.014614 -0.013889 -0.025052
0 0.004167 0.006263 -0.005556 -0.008351
0 0.004861 0.010438 -0.006944 -0.016701
0 0.004167 0.006263 -0.005556 -0.008351
0 0.006250 0.014614 -0.009722 -0.025052
0 0.006250 0.014614 -0.009722 -0.025052
0 0.004167 0.006263 -0.005556 -0.008351
0 0.011806 0.026096 -0.020833 -0.048017
0 0.008333 0.014614 -0.013889 -0.025052
0 0.006250 0.014614 -0.009722 -0.025052
0 0.004167 0.006263 -0.005556 -0.008351
0 0.011806 0.026096 -0.020833 -0.048017
0 0.004167 0.006263 -0.005556 -0.008351
0 0.004861 0.010438 -0.006944 -0.016701
0 0.011806 0.026096 -0.020833 -0.048017
0 0.008333 0.014614 -0.013889 -0.025052
0 0.004167 0.006263 -0.005556 -0.008351
0 0.004167 0.006263 -0.005556 -0.008351
0 0.006250 0.014614 -0.009722 -0.025052
0 0.004167 0.006263 -0.005556 -0.008351
0 0.004861 0.010438 -0.006944 -0.016701
0 0.004167 0.006263 -0.005556 -0.008351
0 0.006250 0.014614 -0.009722 -0.025052
0 0.004861 0.010438 -0.006944 -0.016701
0 0.006250 0.014614 -0.009722 -0.025052
0 0.004167 0.006263 -0.005556 -0.008351
0 0.006250 0.014614 -0.009722 -0.025052
0 0.004167 0.006263 -0.005556 -0.008351
0 0.011806 0.026096 -0.020833 -0.048017
0 0.011806 0.026096 -0.020833 -0.048017
0 0.011806 0.026096 -0.020833 -0.048017
0 0.011806 0.026096 -0.020833 -0.048017
0 0.004167 0.006263 -0.005556 -0.008351
0 0.004861 0.010438 -0.006944 -0.016701
0 0.004167 0.006263 -0.005556 -0.008351
0 0.011806 0.026096 -0.020833 -0.048017
0 0.004861 0.010438 -0.006944 -0.016701
0 0.004861 0.010438 -0.006944 -0.016701
0 0.011806 0.026096 -0.020833 -0.048017
0 0.006250 0.014614 -0.009722 -0.025052
0 0.008333 0.014614 -0.013889 -0.025052
0 0.004861 0.010438 -0.006944 -0.016701
0 0.004861 0.010438 -0.006944 -0.016701
0 0.004167 0.006263 -0.005556 -0.008351
0 0.004167 0.006263 -0.005556 -0.008351
0 0.006250 0.014614 -0.009722 -0.025052
0 0.004167 0.006263 -0.005556 -0.008351
0 0.004167 0.006263 -0.005556 -0.008351
0 0.006250 0.014614 -0.009722 -0.025052
0 0.006250 0.014614 -0.009722 -0.025052
0 0.006250 0.014614 -0.009722 -0.025052
0 0.004167 0.006263 -0.005556 -0.008351
0 0.008333 0.014614 -0.013889 -0.025052
0 0.006250 0.014614 -0.009722 -0.025052
0 0.011806 0.026096 -0.020833 -0.048017
0 0.011806 0.026096 -0.020833 -0.048017
0 0.004167 0.006263 -0.005556 -0.008351
0 0.008333 0.014614 -0.013889 -0.025052
0 0.004167 0.006263 -0.005556 -0.008351
0 0.004167 0.006263 -0.005556 -0.008351
0 0.006250 0.014614 -0.009722 -0.025052
0 0.011806 0.026096 -0.020833 -0.048017
0 0.006250 0.014614 -0.009722 -0.025052
0 0.006250 0.014614 -0.009722 -0.025052
0 0.004861 0.010438 -0.006944 -0.016701
0 0.004167 0.006263 -0.005556 -0.008351
0 0.011806 0.026096 -0.020833 -0.048017
0 0.006250 0.014614 -0.009722 -0.025052
0 0.004861 0.010438 -0.006944 -0.016701
0 0.006250 0.014614 -0.009722 -0.025052
0 0.011806 0.026096 -0.020833 -0.048017
0 0.006250 0.014614 -0.009722 -0.025052
0 0.006250 0.014614 -0.009722 -0.025052
0 0.006250 0.014614 -0.009722 -0.025052
0 0.004861 0.010438 -0.006944 -0.016701
0 0.004167 0.006263 -0.005556 -0.008351
0 0.011806 0.026096 -0.020833 -0.048017
0 0.004167 0.006263 -0.005556 -0.008351
0 0.004167 0.006263 -0.005556 -0.008351
0 0.004167 0.006263 -0.005556 -0.008351
0 0.006250 0.014614 -0.009722 -0.025052
0 0.004167 0.006263 -0.005556 -0.008351
0 0.004167 0.006263 -0.005556 -0.008351
0 0.004861 0.010438 -0.006944 -0.016701