0 0.020625 0.028476 -0.038750 -0.056951
0 0.008750 0.012563 -0.015000 -0.021776
0 0.013125 0.021776 -0.023750 -0.040201
0 0.005000 0.009213 -0.007500 -0.015075
0 0.014375 0.027638 -0.026250 -0.051926
0 0.020625 0.028476 -0.038750 -0.056951
0 0.018750 0.027638 -0.032500 -0.055276
0 0.011250 0.015075 -0.017500 -0.026801
0 0.009375 0.012563 -0.013750 -0.021776
0 0.012500 0.019263 -0.022500 -0.035176
0 0.014375 0.019263 -0.023750 -0.038526
0 0.018750 0.027638 -0.032500 -0.055276
0 0.018125 0.028476 -0.033750 -0.053601
0 0.006875 0.009213 -0.011250 -0.015075
0 0.012500 0.019263 -0.022500 -0.035176
0 0.014375 0.020101 -0.023750 -0.036851
0 0.015000 0.022613 -0.027500 -0.045226
0 0.014375 0.027638 -0.026250 -0.051926
0 0.018125 0.027638 -0.033750 -0.055276
0 0.026875 0.035176 -0.051250 -0.070352
0 0.013125 0.020938 -0.023750 -0.041876
0 0.008750 0.012563 -0.015000 -0.021776
0 0.013125 0.021776 -0.023750 -0.040201
0 0.006875 0.009213 -0.011250 -0.015075
0 0.009375 0.012563 -0.013750 -0.021776
0 0.010000 0.015913 -0.017500 -0.028476
0 0.013125 0.021776 -0.023750 -0.040201
0 0.012500 0.019263 -0.022500 -0.035176
0 0.006875 0.009213 -0.011250 -0.015075
0 0.011875 0.020938 -0.021250 -0.038526
0 0.011250 0.015075 -0.017500 -0.026801
0 0.015000 0.022613 -0.027500 -0.045226
0 0.010625 0.015075 -0.018750 -0.026801
0 0.012500 0.019263 -0.022500 -0.035176
0 0.013750 0.019263 -0.025000 -0.038526
0 0.008750 0.012563 -0.015000 -0.021776
0 0.005000 0.009213 -0.007500 -0.015075
0 0.014375 0.026801 -0.026250 -0.053601
0 0.013750 0.020101 -0.025000 -0.036851
0 0.013750 0.020101 -0.025000 -0.036851
0 0.011875 0.020938 -0.021250 -0.038526
0 0.014375 0.019263 -0.023750 -0.038526
0 0.013750 0.020101 -0.025000 -0.036851
0 0.026875 0.035176 -0.051250 -0.070352
0 0.009375 0.015913 -0.016250 -0.028476
0 0.010000 0.015913 -0.017500 -0.028476
0 0.011875 0.020938 -0.021250 -0.038526
0 0.018125 0.028476 -0.033750 -0.053601
0 0.013125 0.021776 -0.023750 -0.040201
0 0.005000 0.009213 -0.007500 -0.015075
0 0.010625 0.015075 -0.018750 -0.026801
0 0.019375 0.029313 -0.036250 -0.058626
0 0.013750 0.019263 -0.025000 -0.038526
0 0.009375 0.012563 -0.013750 -0.021776
0 0.012500 0.020938 -0.020000 -0.038526
0 0.015000 0.022613 -0.027500 -0.045226
0 0.008750 0.012563 -0.015000 -0.021776
0 0.014375 0.026801 -0.026250 -0.053601
0 0.011875 0.020938 -0.021250 -0.038526
0 0.014375 0.023451 -0.026250 -0.046901
0 0.012500 0.018425 -0.022500 -0.036851
0 0.005000 0.009213 -0.007500 -0.015075
0 0.013750 0.020101 -0.025000 -0.036851
0 0.010000 0.015913 -0.017500 -0.028476
0 0.014375 0.019263 -0.023750 -0.038526
0 0.011875 0.020938 -0.021250 -0.038526
0 0.013750 0.019263 -0.025000 -0.038526
0 0.019375 0.029313 -0.036250 -0.058626
0 0.005000 0.009213 -0.007500 -0.015075
0 0.012500 0.019263 -0.022500 -0.035176
0 0.013750 0.020101 -0.025000 -0.036851
0 0.009375 0.012563 -0.013750 -0.021776
0 0.009375 0.015913 -0.016250 -0.028476
0 0.011875 0.020938 -0.021250 -0.038526
0 0.010625 0.015075 -0.018750 -0.026801
0 0.005000 0.009213 -0.007500 -0.015075
0 0.010625 0.015075 -0.018750 -0.026801
0 0.013125 0.021776 -0.023750 -0.040201
0 0.013125 0.021776 -0.023750 -0.040201
0 0.009375 0.012563 -0.013750 -0.021776
0 0.018125 0.027638 -0.033750 -0.055276
0 0.009375 0.012563 -0.013750 -0.021776
0 0.010000 0.015913 -0.017500 -0.028476
0 0.006875 0.009213 -0.011250 -0.015075
0 0.008750 0.012563 -0.015000 -0.021776
0 0.012500 0.020101 -0.020000 -0.040201
0 0.018125 0.028476 -0.033750 -0.053601
0 0.011875 0.020938 -0.021250 -0.038526
0 0.009375 0.012563 -0.013750 -0.021776
0 0.014375 0.023451 -0.026250 -0.046901
0 0.013750 0.020101 -0.025000 -0.036851
0 0.008750 0.012563 -0.015000 -0.021776