0 0.010833 0.030973 -0.018333 -0.053097
0 0.010833 0.028761 -0.018333 -0.057522
0 0.005833 0.015487 -0.008333 -0.022124
0 0.005833 0.015487 -0.008333 -0.022124
0 0.010833 0.028761 -0.018333 -0.057522
0 0.010833 0.028761 -0.018333 -0.057522
0 0.005833 0.015487 -0.008333 -0.022124
0 0.005833 0.015487 -0.008333 -0.022124
0 0.005833 0.015487 -0.008333 -0.022124
0 0.010833 0.028761 -0.018333 -0.057522
0 0.005833 0.015487 -0.008333 -0.022124
0 0.005833 0.015487 -0.008333 -0.022124
0 0.024167 0.075221 -0.045000 -0.150442
0 0.005833 0.015487 -0.008333 -0.022124
0 0.010833 0.028761 -0.018333 -0.057522
0 0.012500 0.035398 -0.021667 -0.070796
0 0.010833 0.028761 -0.018333 -0.057522
0 0.005833 0.015487 -0.008333 -0.022124
0 0.005833 0.015487 -0.008333 -0.022124
0 0.024167 0.075221 -0.045000 -0.150442
0 0.005833 0.015487 -0.008333 -0.022124
0 0.024167 0.075221 -0.045000 -0.150442
0 0.010833 0.028761 -0.018333 -0.057522
0 0.010833 0.030973 -0.018333 -0.053097
0 0.010833 0.028761 -0.018333 -0.057522
0 0.024167 0.075221 -0.045000 -0.150442
0 0.010833 0.030973 -0.018333 -0.053097
0 0.005833 0.015487 -0.008333 -0.022124
0 0.010833 0.030973 -0.018333 -0.053097
0 0.010833 0.028761 -0.018333 -0.057522
0 0.005833 0.015487 -0.008333 -0.022124
0 0.005833 0.015487 -0.008333 -0.022124
0 0.005833 0.015487 -0.008333 -0.022124
0 0.010833 0.028761 -0.018333 -0.057522
0 0.005833 0.015487 -0.008333 -0.022124
0 0.005833 0.015487 -0.008333 -0.022124
0 0.005833 0.015487 -0.008333 -0.022124
0 0.009167 0.026549 -0.015000 -0.044248
0 0.010833 0.028761 -0.018333 -0.057522
0 0.005833 0.015487 -0.008333 -0.022124
0 0.005833 0.015487 -0.008333 -0.022124
0 0.010833 0.028761 -0.018333 -0.057522
0 0.010833 0.030973 -0.018333 -0.053097
0 0.005833 0.015487 -0.008333 -0.022124
0 0.005833 0.015487 -0.008333 -0.022124
0 0.005833 0.015487 -0.008333 -0.022124
0 0.005833 0.015487 -0.008333 -0.022124
0 0.005833 0.015487 -0.008333 -0.022124
0 0.010833 0.028761 -0.018333 -0.057522
0 0.024167 0.075221 -0.045000 -0.150442
0 0.024167 0.075221 -0.045000 -0.150442
0 0.005833 0.015487 -0.008333 -0.022124
0 0.005833 0.015487 -0.008333 -0.022124
0 0.005833 0.015487 -0.008333 -0.022124
0 0.010833 0.028761 -0.018333 -0.057522
0 0.005833 0.015487 -0.008333 -0.022124
0 0.005833 0.015487 -0.008333 -0.022124
0 0.010833 0.028761 -0.018333 -0.057522
0 0.010833 0.030973 -0.018333 -0.053097
0 0.010833 0.028761 -0.018333 -0.057522
0 0.005833 0.015487 -0.008333 -0.022124
0 0.010833 0.028761 -0.018333 -0.057522