0 0.018182 0.026055 -0.033058 -0.052109
0 0.012397 0.017370 -0.021488 -0.029777
0 0.011570 0.019851 -0.019835 -0.034739
0 0.012397 0.017370 -0.021488 -0.029777
0 0.011570 0.019851 -0.019835 -0.034739
0 0.012397 0.017370 -0.021488 -0.029777
0 0.019008 0.034739 -0.034711 -0.069479
0 0.018182 0.032258 -0.033058 -0.059553
0 0.018182 0.026055 -0.033058 -0.052109
0 0.012397 0.023573 -0.021488 -0.042184
0 0.010744 0.017370 -0.018182 -0.034739
0 0.019835 0.034739 -0.036364 -0.069479
0 0.012397 0.017370 -0.021488 -0.029777
0 0.010744 0.018610 -0.018182 -0.032258
0 0.019008 0.039702 -0.034711 -0.079404
0 0.018182 0.026055 -0.033058 -0.052109
0 0.019835 0.034739 -0.036364 -0.069479
0 0.012397 0.023573 -0.021488 -0.042184
0 0.012397 0.017370 -0.021488 -0.029777
0 0.010744 0.014888 -0.018182 -0.024814
0 0.019008 0.039702 -0.034711 -0.079404
0 0.020661 0.038462 -0.038017 -0.076923
0 0.022314 0.040943 -0.041322 -0.081886
0 0.011570 0.019851 -0.019835 -0.034739
0 0.022314 0.040943 -0.041322 -0.081886
0 0.019835 0.034739 -0.036364 -0.069479
0 0.012397 0.023573 -0.021488 -0.042184
0 0.012397 0.017370 -0.021488 -0.029777
0 0.011570 0.019851 -0.019835 -0.034739
0 0.019008 0.034739 -0.034711 -0.069479
0 0.011570 0.019851 -0.019835 -0.034739
0 0.011570 0.019851 -0.019835 -0.034739
0 0.011570 0.019851 -0.019835 -0.034739
0 0.023140 0.043424 -0.042975 -0.086849
0 0.023967 0.038462 -0.044628 -0.076923
0 0.019008 0.039702 -0.034711 -0.079404
0 0.019008 0.034739 -0.034711 -0.069479
0 0.012397 0.017370 -0.021488 -0.029777
0 0.019835 0.034739 -0.036364 -0.069479
0 0.010744 0.014888 -0.018182 -0.024814
0 0.010744 0.018610 -0.018182 -0.032258
0 0.018182 0.032258 -0.033058 -0.059553
0 0.012397 0.017370 -0.021488 -0.029777
0 0.019835 0.034739 -0.036364 -0.069479
0 0.011570 0.019851 -0.019835 -0.034739
0 0.012397 0.023573 -0.021488 -0.042184
0 0.019008 0.034739 -0.034711 -0.069479
0 0.010744 0.014888 -0.018182 -0.024814
0 0.011570 0.019851 -0.019835 -0.034739
0 0.019008 0.039702 -0.034711 -0.079404
0 0.012397 0.023573 -0.021488 -0.042184
0 0.019008 0.034739 -0.034711 -0.069479
0 0.019835 0.034739 -0.036364 -0.069479
0 0.018182 0.031017 -0.033058 -0.062035
0 0.022314 0.040943 -0.041322 -0.081886
0 0.018182 0.031017 -0.033058 -0.062035
0 0.018182 0.031017 -0.033058 -0.062035
0 0.018182 0.026055 -0.033058 -0.052109
0 0.019008 0.034739 -0.034711 -0.069479
0 0.019008 0.040943 -0.034711 -0.076923
0 0.010744 0.017370 -0.018182 -0.034739
0 0.012397 0.023573 -0.021488 -0.042184
0 0.010744 0.018610 -0.018182 -0.032258
0 0.013223 0.022333 -0.023140 -0.039702
0 0.012397 0.023573 -0.021488 -0.042184
0 0.010744 0.018610 -0.018182 -0.032258
0 0.023967 0.038462 -0.044628 -0.076923
0 0.010744 0.018610 -0.018182 -0.032258
0 0.010744 0.014888 -0.018182 -0.024814
0 0.019835 0.034739 -0.036364 -0.069479
0 0.022314 0.040943 -0.041322 -0.081886
0 0.031405 0.068238 -0.059504 -0.136476
0 0.010744 0.018610 -0.018182 -0.032258
0 0.012397 0.017370 -0.021488 -0.029777