0 0.003333 0.006875 -0.005000 -0.011250
0 0.002917 0.005625 -0.004167 -0.008750
0 0.002083 0.005000 -0.002500 -0.007500
0 0.003333 0.006875 -0.005000 -0.011250
0 0.000417 0.000625 0.000833 0.001250
0 0.002083 0.005000 -0.002500 -0.007500
0 0.002917 0.005625 -0.004167 -0.008750
0 0.001250 0.001875 -0.000833 -0.001250
0 0.002083 0.005000 -0.002500 -0.007500
0 0.003333 0.006875 -0.005000 -0.011250
0 0.000417 0.000625 0.000833 0.001250
0 0.002917 0.005625 -0.004167 -0.008750
0 0.003333 0.006875 -0.005000 -0.011250
0 0.005000 0.009375 -0.008333 -0.016250
0 0.000417 0.000625 0.000833 0.001250
0 0.002083 0.005000 -0.002500 -0.007500
0 0.003333 0.006250 -0.005000 -0.010000
0 0.002083 0.005000 -0.002500 -0.007500
0 0.003333 0.006875 -0.005000 -0.011250
0 0.000417 0.000625 0.000833 0.001250
0 0.003333 0.006875 -0.005000 -0.011250
0 0.000417 0.000625 0.000833 0.001250
0 0.002917 0.005625 -0.004167 -0.008750
0 0.003333 0.006250 -0.005000 -0.010000
0 0.002083 0.005000 -0.002500 -0.007500
0 0.002917 0.005625 -0.004167 -0.008750
0 0.003333 0.006875 -0.005000 -0.011250
0 0.000417 0.000625 0.000833 0.001250
0 0.000417 0.000625 0.000833 0.001250
0 0.002083 0.005000 -0.002500 -0.007500
0 0.003333 0.006875 -0.005000 -0.011250
0 0.005000 0.009375 -0.008333 -0.016250
0 0.003333 0.006875 -0.005000 -0.011250
0 0.003333 0.006250 -0.005000 -0.010000
0 0.000417 0.000625 0.000833 0.001250
0 0.002083 0.005000 -0.002500 -0.007500
0 0.003333 0.006875 -0.005000 -0.011250
0 0.000417 0.000625 0.000833 0.001250
0 0.000417 0.000625 0.000833 0.001250
0 0.000417 0.000625 0.000833 0.001250
0 0.000417 0.000625 0.000833 0.001250
0 0.002917 0.005625 -0.004167 -0.008750
0 0.005000 0.009375 -0.008333 -0.016250
0 0.003333 0.006875 -0.005000 -0.011250
0 0.000417 0.000625 0.000833 0.001250
0 0.003333 0.006875 -0.005000 -0.011250
0 0.002917 0.005625 -0.004167 -0.008750
0 0.003333 0.006875 -0.005000 -0.011250
0 0.003333 0.006875 -0.005000 -0.011250
0 0.003333 0.006875 -0.005000 -0.011250
0 0.002917 0.005625 -0.004167 -0.008750
0 0.000417 0.000625 0.000833 0.001250
0 0.003333 0.006875 -0.005000 -0.011250
0 0.003333 0.006875 -0.005000 -0.011250
0 0.005000 0.009375 -0.008333 -0.016250
0 0.002083 0.005000 -0.002500 -0.007500
0 0.003333 0.006250 -0.005000 -0.010000
0 0.003333 0.006250 -0.005000 -0.010000
0 0.002083 0.005000 -0.002500 -0.007500
0 0.002083 0.005000 -0.002500 -0.007500
0 0.003333 0.006875 -0.005000 -0.011250
0 0.000417 0.000625 0.000833 0.001250
0 0.003333 0.006875 -0.005000 -0.011250
0 0.003333 0.006250 -0.005000 -0.010000
0 0.002083 0.005000 -0.002500 -0.007500
0 0.002917 0.005625 -0.004167 -0.008750
0 0.002083 0.005000 -0.002500 -0.007500
0 0.003333 0.006250 -0.005000 -0.010000
0 0.002917 0.005625 -0.004167 -0.008750
0 0.002917 0.005625 -0.004167 -0.008750
0 0.000417 0.000625 0.000833 0.001250
0 0.000417 0.000625 0.000833 0.001250
0 0.003333 0.006875 -0.005000 -0.011250
0 0.003333 0.006875 -0.005000 -0.011250
0 0.002917 0.005625 -0.004167 -0.008750
0 0.000417 0.000625 0.000833 0.001250
0 0.000417 0.000625 0.000833 0.001250
0 0.002083 0.005000 -0.002500 -0.007500
0 0.002083 0.005000 -0.002500 -0.007500
0 0.002917 0.005625 -0.004167 -0.008750
0 0.003333 0.006875 -0.005000 -0.011250
0 0.002917 0.005625 -0.004167 -0.008750
0 0.003333 0.006875 -0.005000 -0.011250
0 0.000417 0.000625 0.000833 0.001250
0 0.003333 0.006875 -0.005000 -0.011250
0 0.003333 0.006875 -0.005000 -0.011250
0 0.003333 0.006875 -0.005000 -0.011250
0 0.002083 0.005000 -0.002500 -0.007500
0 0.005000 0.009375 -0.008333 -0.016250
0 0.000417 0.000625 0.000833 0.001250
0 0.002917 0.005625 -0.004167 -0.008750
0 0.003333 0.006875 -0.005000 -0.011250
0 0.003333 0.006250 -0.005000 -0.010000
0 0.002917 0.005625 -0.004167 -0.008750
0 0.000417 0.000625 0.000833 0.001250
0 0.000417 0.000625 0.000833 0.001250
0 0.000417 0.000625 0.000833 0.001250
0 0.003333 0.006875 -0.005000 -0.011250
0 0.003333 0.006875 -0.005000 -0.011250
0 0.002917 0.005625 -0.004167 -0.008750
0 0.005000 0.009375 -0.008333 -0.016250
0 0.002917 0.005625 -0.004167 -0.008750
0 0.001250 0.001875 -0.000833 -0.001250
0 0.005000 0.009375 -0.008333 -0.016250
0 0.003333 0.006875 -0.005000 -0.011250
0 0.002083 0.005000 -0.002500 -0.007500
0 0.000417 0.000625 0.000833 0.001250
0 0.000417 0.000625 0.000833 0.001250
0 0.002917 0.005625 -0.004167 -0.008750
0 0.003333 0.006875 -0.005000 -0.011250
0 0.002917 0.005625 -0.004167 -0.008750
0 0.000417 0.000625 0.000833 0.001250
0 0.002917 0.005625 -0.004167 -0.008750
0 0.002917 0.005625 -0.004167 -0.008750
0 0.002917 0.005625 -0.004167 -0.008750
0 0.002917 0.005625 -0.004167 -0.008750
0 0.003333 0.006250 -0.005000 -0.010000
0 0.002917 0.005625 -0.004167 -0.008750
0 0.003333 0.006875 -0.005000 -0.011250
0 0.002917 0.005625 -0.004167 -0.008750
0 0.000417 0.000625 0.000833 0.001250
0 0.003333 0.006875 -0.005000 -0.011250
0 0.003333 0.006875 -0.005000 -0.011250
0 0.002917 0.005625 -0.004167 -0.008750
0 0.002917 0.005625 -0.004167 -0.008750
0 0.002083 0.005000 -0.002500 -0.007500
0 0.002917 0.005625 -0.004167 -0.008750
0 0.002917 0.005625 -0.004167 -0.008750
0 0.003333 0.006875 -0.005000 -0.011250
0 0.003333 0.006875 -0.005000 -0.011250
0 0.003333 0.006875 -0.005000 -0.011250
0 0.000417 0.000625 0.000833 0.001250
0 0.002083 0.005000 -0.002500 -0.007500
0 0.003333 0.006875 -0.005000 -0.011250
0 0.003333 0.006875 -0.005000 -0.011250
0 0.003333 0.006250 -0.005000 -0.010000
0 0.000417 0.000625 0.000833 0.001250
0 0.000417 0.000625 0.000833 0.001250
0 0.002917 0.005625 -0.004167 -0.008750
0 0.003333 0.006875 -0.005000 -0.011250
0 0.002083 0.005000 -0.002500 -0.007500
0 0.002083 0.005000 -0.002500 -0.007500
0 0.002500 0.001250 -0.003333 0.000000
0 0.003333 0.006875 -0.005000 -0.011250
0 0.002917 0.005625 -0.004167 -0.008750
0 0.002917 0.005625 -0.004167 -0.008750
0 0.003333 0.006875 -0.005000 -0.011250
0 0.002917 0.005625 -0.004167 -0.008750
0 0.003333 0.006875 -0.005000 -0.011250
0 0.002917 0.005625 -0.004167 -0.008750
0 0.002083 0.005000 -0.002500 -0.007500
0 0.002083 0.005000 -0.002500 -0.007500
0 0.003333 0.006875 -0.005000 -0.011250
0 0.003333 0.006875 -0.005000 -0.011250
0 0.000417 0.000625 0.000833 0.001250
0 0.005000 0.009375 -0.008333 -0.016250
0 0.003333 0.006250 -0.005000 -0.010000
0 0.003333 0.006250 -0.005000 -0.010000
0 0.003333 0.006250 -0.005000 -0.010000
0 0.003333 0.006875 -0.005000 -0.011250
0 0.002917 0.005625 -0.004167 -0.008750
0 0.003333 0.006875 -0.005000 -0.011250
0 0.003333 0.006875 -0.005000 -0.011250
0 0.005000 0.009375 -0.008333 -0.016250
0 0.002917 0.005625 -0.004167 -0.008750
0 0.002083 0.005000 -0.002500 -0.007500
0 0.002917 0.005625 -0.004167 -0.008750
0 0.005000 0.009375 -0.008333 -0.016250
0 0.000417 0.000625 0.000833 0.001250
0 0.003333 0.006875 -0.005000 -0.011250
0 0.003333 0.006875 -0.005000 -0.011250
0 0.002917 0.005625 -0.004167 -0.008750
0 0.002083 0.005000 -0.002500 -0.007500
0 0.002083 0.005000 -0.002500 -0.007500
0 0.005000 0.009375 -0.008333 -0.016250
0 0.002917 0.005625 -0.004167 -0.008750
0 0.003333 0.006875 -0.005000 -0.011250
0 0.000417 0.000625 0.000833 0.001250
0 0.005000 0.009375 -0.008333 -0.016250
0 0.002917 0.005625 -0.004167 -0.008750
0 0.002083 0.005000 -0.002500 -0.007500
0 0.000417 0.000625 0.000833 0.001250
0 0.002083 0.005000 -0.002500 -0.007500
0 0.003333 0.006250 -0.005000 -0.010000
0 0.003333 0.006250 -0.005000 -0.010000
0 0.002083 0.005000 -0.002500 -0.007500
0 0.005000 0.009375 -0.008333 -0.016250
0 0.002083 0.005000 -0.002500 -0.007500
0 0.003333 0.006875 -0.005000 -0.011250
0 0.002917 0.005625 -0.004167 -0.008750
0 0.003333 0.006250 -0.005000 -0.010000
0 0.003333 0.006875 -0.005000 -0.011250
0 0.000417 0.000625 0.000833 0.001250
0 0.002083 0.005000 -0.002500 -0.007500
0 0.000417 0.000625 0.000833 0.001250
0 0.002917 0.005625 -0.004167 -0.008750
0 0.003333 0.006875 -0.005000 -0.011250
0 0.003333 0.006875 -0.005000 -0.011250
0 0.005000 0.009375 -0.008333 -0.016250
0 0.002083 0.005000 -0.002500 -0.007500
0 0.000417 0.000625 0.000833 0.001250
0 0.003333 0.006875 -0.005000 -0.011250
0 0.003333 0.006875 -0.005000 -0.011250
0 0.002917 0.005625 -0.004167 -0.008750
0 0.003333 0.006875 -0.005000 -0.011250
0 0.000417 0.000625 0.000833 0.001250
0 0.002083 0.005000 -0.002500 -0.007500
0 0.003333 0.006250 -0.005000 -0.010000
0 0.003333 0.006875 -0.005000 -0.011250
0 0.000417 0.000625 0.000833 0.001250
0 0.000417 0.000625 0.000833 0.001250
0 0.003333 0.006250 -0.005000 -0.010000
0 0.000417 0.000625 0.000833 0.001250
0 0.003333 0.006875 -0.005000 -0.011250
0 0.002917 0.005625 -0.004167 -0.008750
0 0.002917 0.005625 -0.004167 -0.008750
0 0.000417 0.000625 0.000833 0.001250
0 0.000417 0.000625 0.000833 0.001250
0 0.005000 0.009375 -0.008333 -0.016250
0 0.000417 0.000625 0.000833 0.001250
0 0.002083 0.005000 -0.002500 -0.007500
0 0.000417 0.000625 0.000833 0.001250
0 0.002917 0.005625 -0.004167 -0.008750
0 0.000417 0.000625 0.000833 0.001250
0 0.002083 0.005000 -0.002500 -0.007500
0 0.003333 0.006250 -0.005000 -0.010000
0 0.000417 0.000625 0.000833 0.001250
0 0.000417 0.000625 0.000833 0.001250
0 0.002083 0.005000 -0.002500 -0.007500
0 0.002917 0.005625 -0.004167 -0.008750
0 0.002083 0.005000 -0.002500 -0.007500
0 0.003333 0.006875 -0.005000 -0.011250
0 0.003333 0.006875 -0.005000 -0.011250
0 0.003333 0.006875 -0.005000 -0.011250
0 0.000417 0.000625 0.000833 0.001250
0 0.000417 0.000625 0.000833 0.001250
0 0.003333 0.006875 -0.005000 -0.011250
0 0.002917 0.005625 -0.004167 -0.008750
0 0.003333 0.006875 -0.005000 -0.011250
0 0.002917 0.005625 -0.004167 -0.008750
0 0.002083 0.005000 -0.002500 -0.007500
0 0.002917 0.005625 -0.004167 -0.008750
0 0.000417 0.000625 0.000833 0.001250
0 0.003333 0.006875 -0.005000 -0.011250
0 0.005000 0.009375 -0.008333 -0.016250
0 0.002917 0.005625 -0.004167 -0.008750
0 0.003333 0.006875 -0.005000 -0.011250
0 0.000417 0.000625 0.000833 0.001250
0 0.003333 0.006875 -0.005000 -0.011250
0 0.000417 0.000625 0.000833 0.001250
0 0.003333 0.006875 -0.005000 -0.011250
0 0.000417 0.000625 0.000833 0.001250
0 0.003333 0.006875 -0.005000 -0.011250
0 0.000417 0.000625 0.000833 0.001250
0 0.002917 0.005625 -0.004167 -0.008750
0 0.002917 0.005625 -0.004167 -0.008750
0 0.002917 0.005625 -0.004167 -0.008750
0 0.005000 0.009375 -0.008333 -0.016250
0 0.003333 0.006250 -0.005000 -0.010000
0 0.002917 0.005625 -0.004167 -0.008750
0 0.003333 0.006250 -0.005000 -0.010000
0 0.002917 0.005625 -0.004167 -0.008750
0 0.002917 0.005625 -0.004167 -0.008750
0 0.000417 0.000625 0.000833 0.001250
0 0.003333 0.006875 -0.005000 -0.011250
0 0.002083 0.005000 -0.002500 -0.007500
0 0.003333 0.006875 -0.005000 -0.011250
0 0.002083 0.005000 -0.002500 -0.007500
0 0.002917 0.005625 -0.004167 -0.008750
0 0.002083 0.005000 -0.002500 -0.007500
0 0.002917 0.005625 -0.004167 -0.008750
0 0.005000 0.009375 -0.008333 -0.016250
0 0.000417 0.000625 0.000833 0.001250
0 0.003333 0.006875 -0.005000 -0.011250
0 0.003333 0.006875 -0.005000 -0.011250
0 0.000417 0.000625 0.000833 0.001250
0 0.002083 0.005000 -0.002500 -0.007500
0 0.003333 0.006875 -0.005000 -0.011250