0 0.005469 0.013889 -0.007812 -0.022222
0 0.007812 0.020833 -0.012500 -0.036111
0 0.008594 0.016667 -0.014063 -0.027778
0 0.013281 0.031944 -0.023438 -0.058333
0 0.006250 0.013889 -0.009375 -0.022222
0 0.014063 0.030556 -0.025000 -0.055556
0 0.006250 0.013889 -0.009375 -0.022222
0 0.028906 0.050000 -0.054688 -0.100000
0 0.008594 0.018056 -0.014063 -0.030556
0 0.013281 0.031944 -0.023438 -0.058333
0 0.008594 0.018056 -0.014063 -0.030556
0 0.007031 0.013889 -0.010937 -0.022222
0 0.013281 0.031944 -0.023438 -0.058333
0 0.007031 0.013889 -0.010937 -0.022222
0 0.006250 0.013889 -0.009375 -0.022222
0 0.005469 0.013889 -0.007812 -0.022222
0 0.007031 0.013889 -0.010937 -0.022222
0 0.006250 0.013889 -0.009375 -0.022222
0 0.005469 0.012500 -0.007812 -0.019444
0 0.007031 0.013889 -0.010937 -0.022222
0 0.007031 0.013889 -0.010937 -0.022222
0 0.005469 0.012500 -0.007812 -0.019444
0 0.005469 0.013889 -0.007812 -0.022222
0 0.005469 0.013889 -0.007812 -0.022222
0 0.007031 0.013889 -0.010937 -0.022222
0 0.007031 0.013889 -0.010937 -0.022222
0 0.007031 0.013889 -0.010937 -0.022222
0 0.006250 0.013889 -0.009375 -0.022222
0 0.010937 0.025000 -0.018750 -0.044444
0 0.007812 0.020833 -0.012500 -0.036111
0 0.008594 0.016667 -0.014063 -0.027778
0 0.008594 0.016667 -0.014063 -0.027778
0 0.007031 0.013889 -0.010937 -0.022222
0 0.009375 0.022222 -0.015625 -0.038889
0 0.008594 0.018056 -0.014063 -0.030556
0 0.008594 0.018056 -0.014063 -0.030556
0 0.008594 0.018056 -0.014063 -0.030556
0 0.006250 0.013889 -0.009375 -0.022222
0 0.006250 0.013889 -0.009375 -0.022222
0 0.005469 0.013889 -0.007812 -0.022222
0 0.005469 0.013889 -0.007812 -0.022222
0 0.007031 0.013889 -0.010937 -0.022222