0 0.007812 0.013393 -0.013672 -0.026786
0 0.007812 0.016369 -0.013672 -0.032738
0 0.004395 0.010417 -0.006836 -0.017857
0 0.011230 0.019345 -0.020508 -0.038690
0 0.003418 0.005208 -0.004883 -0.007440
0 0.006348 0.010417 -0.010742 -0.017857
0 0.003906 0.009673 -0.005859 -0.016369
0 0.003418 0.005208 -0.004883 -0.007440
0 0.003906 0.008929 -0.005859 -0.017857
0 0.003418 0.005208 -0.004883 -0.007440
0 0.004395 0.010417 -0.006836 -0.017857
0 0.007812 0.013393 -0.013672 -0.026786
0 0.003906 0.009673 -0.005859 -0.016369
0 0.003418 0.005208 -0.004883 -0.007440
0 0.085938 0.189732 -0.169922 -0.379464
0 0.007812 0.013393 -0.013672 -0.026786
0 0.007812 0.013393 -0.013672 -0.026786
0 0.003906 0.009673 -0.005859 -0.016369
0 0.015625 0.025298 -0.029297 -0.050595
0 0.004883 0.011905 -0.007812 -0.020833
0 0.004395 0.009673 -0.006836 -0.016369
0 0.024414 0.041667 -0.046875 -0.083333
0 0.006348 0.010417 -0.010742 -0.017857
0 0.005371 0.008185 -0.008789 -0.013393
0 0.003418 0.005208 -0.004883 -0.007440
0 0.003418 0.008929 -0.004883 -0.017857
0 0.007812 0.013393 -0.013672 -0.026786
0 0.019043 0.030506 -0.036133 -0.061012
0 0.004395 0.008929 -0.006836 -0.017857
0 0.006348 0.010417 -0.010742 -0.017857
0 0.003418 0.005208 -0.004883 -0.007440
0 0.003418 0.008929 -0.004883 -0.017857
0 0.010742 0.016369 -0.019531 -0.032738
0 0.004395 0.008929 -0.006836 -0.017857
0 0.004395 0.008929 -0.006836 -0.017857
0 0.006348 0.009673 -0.010742 -0.019345
0 0.005859 0.017857 -0.009766 -0.035714
0 0.003418 0.005208 -0.004883 -0.007440
0 0.005371 0.008185 -0.008789 -0.013393
0 0.004883 0.011905 -0.007812 -0.020833
0 0.007812 0.013393 -0.013672 -0.026786
0 0.019043 0.030506 -0.036133 -0.061012
0 0.004395 0.010417 -0.006836 -0.017857
0 0.004395 0.009673 -0.006836 -0.016369
0 0.004395 0.009673 -0.006836 -0.016369
0 0.003418 0.005208 -0.004883 -0.007440
0 0.007812 0.014137 -0.013672 -0.025298
0 0.003418 0.005208 -0.004883 -0.007440
0 0.004883 0.011161 -0.007812 -0.022321
0 0.003906 0.009673 -0.005859 -0.016369
0 0.010742 0.016369 -0.019531 -0.032738
0 0.004395 0.010417 -0.006836 -0.017857
0 0.006348 0.010417 -0.010742 -0.017857
0 0.019043 0.030506 -0.036133 -0.061012
0 0.006348 0.012649 -0.010742 -0.025298
0 0.019043 0.030506 -0.036133 -0.061012
0 0.010742 0.016369 -0.019531 -0.032738
0 0.003418 0.005208 -0.004883 -0.007440
0 0.003418 0.005208 -0.004883 -0.007440
0 0.007812 0.013393 -0.013672 -0.026786
0 0.003906 0.009673 -0.005859 -0.016369
0 0.006348 0.013393 -0.010742 -0.023810
0 0.004395 0.010417 -0.006836 -0.017857
0 0.007812 0.017113 -0.013672 -0.031250
0 0.003418 0.005208 -0.004883 -0.007440
0 0.007812 0.013393 -0.013672 -0.026786
0 0.005371 0.008185 -0.008789 -0.013393
0 0.005371 0.008185 -0.008789 -0.013393
0 0.003906 0.009673 -0.005859 -0.016369
0 0.007812 0.014137 -0.013672 -0.025298
0 0.004395 0.010417 -0.006836 -0.017857
0 0.007812 0.013393 -0.013672 -0.026786
0 0.003418 0.005208 -0.004883 -0.007440
0 0.003418 0.005208 -0.004883 -0.007440