0 0.005208 0.006836 -0.007812 -0.009766
0 0.027344 0.041992 -0.052083 -0.083984
0 0.005859 0.010742 -0.009115 -0.017578
0 0.005859 0.010742 -0.009115 -0.017578
0 0.027344 0.041992 -0.052083 -0.083984
0 0.005859 0.010742 -0.009115 -0.017578
0 0.005859 0.010742 -0.009115 -0.017578
0 0.005859 0.010742 -0.009115 -0.017578
0 0.027344 0.041992 -0.052083 -0.083984
0 0.007812 0.015625 -0.013021 -0.027344
0 0.005859 0.010742 -0.009115 -0.017578
0 0.005859 0.010742 -0.009115 -0.017578
0 0.005208 0.006836 -0.007812 -0.009766
0 0.027344 0.041992 -0.052083 -0.083984
0 0.005859 0.010742 -0.009115 -0.017578
0 0.005859 0.010742 -0.009115 -0.017578
0 0.005859 0.010742 -0.009115 -0.017578
0 0.005859 0.010742 -0.009115 -0.017578
0 0.005208 0.006836 -0.007812 -0.009766
0 0.005859 0.010742 -0.009115 -0.017578
0 0.005859 0.010742 -0.009115 -0.017578
0 0.005859 0.010742 -0.009115 -0.017578
0 0.005859 0.010742 -0.009115 -0.017578
0 0.005859 0.010742 -0.009115 -0.017578
0 0.005859 0.010742 -0.009115 -0.017578
0 0.005208 0.006836 -0.007812 -0.009766
0 0.005859 0.010742 -0.009115 -0.017578
0 0.005208 0.009766 -0.007812 -0.015625
0 0.005859 0.010742 -0.009115 -0.017578
0 0.005859 0.010742 -0.009115 -0.017578
0 0.005859 0.010742 -0.009115 -0.017578
0 0.005208 0.006836 -0.007812 -0.009766
0 0.005208 0.006836 -0.007812 -0.009766
0 0.005208 0.006836 -0.007812 -0.009766
0 0.005859 0.010742 -0.009115 -0.017578
0 0.005859 0.010742 -0.009115 -0.017578
0 0.005859 0.010742 -0.009115 -0.017578
0 0.005859 0.010742 -0.009115 -0.017578
0 0.005859 0.010742 -0.009115 -0.017578
0 0.005859 0.010742 -0.009115 -0.017578
0 0.005859 0.010742 -0.009115 -0.017578
0 0.005859 0.010742 -0.009115 -0.017578
0 0.005859 0.010742 -0.009115 -0.017578
0 0.005859 0.010742 -0.009115 -0.017578