0 0.031000 0.044192 -0.060000 -0.088384
0 0.031000 0.044192 -0.060000 -0.088384
0 0.031000 0.044192 -0.060000 -0.088384
0 0.031000 0.044192 -0.060000 -0.088384
0 0.031000 0.044192 -0.060000 -0.088384
0 0.031000 0.044192 -0.060000 -0.088384
0 0.035500 0.057449 -0.069000 -0.114899
0 0.031000 0.044192 -0.060000 -0.088384
0 0.031000 0.044192 -0.060000 -0.088384
0 0.031000 0.044192 -0.060000 -0.088384
0 0.036000 0.058712 -0.070000 -0.117424
0 0.036000 0.058712 -0.070000 -0.117424
0 0.031000 0.044192 -0.060000 -0.088384
0 0.031000 0.044192 -0.060000 -0.088384
0 0.036000 0.058712 -0.070000 -0.117424
0 0.031000 0.044192 -0.060000 -0.088384
0 0.031000 0.044192 -0.060000 -0.088384
0 0.031000 0.044192 -0.060000 -0.088384
0 0.045000 0.082702 -0.088000 -0.165404
0 0.036000 0.058712 -0.070000 -0.117424
0 0.031000 0.044192 -0.060000 -0.088384
0 0.031000 0.044192 -0.060000 -0.088384
0 0.031000 0.044192 -0.060000 -0.088384
0 0.032000 0.047348 -0.062000 -0.094697
0 0.045000 0.082702 -0.088000 -0.165404
0 0.036000 0.058712 -0.070000 -0.117424
0 0.031000 0.044192 -0.060000 -0.088384
0 0.031000 0.044192 -0.060000 -0.088384
0 0.036000 0.058712 -0.070000 -0.117424
0 0.036000 0.058712 -0.070000 -0.117424
0 0.036000 0.058712 -0.070000 -0.117424
0 0.031000 0.044192 -0.060000 -0.088384
0 0.045000 0.082702 -0.088000 -0.165404