0 0.066895 0.107422 -0.131836 -0.214844
0 0.038086 0.066406 -0.074219 -0.132812
0 0.034668 0.053385 -0.067383 -0.106771
0 0.045898 0.085938 -0.089844 -0.171875
0 0.107910 0.245443 -0.213867 -0.490885
0 0.034668 0.053385 -0.067383 -0.106771
0 0.038086 0.066406 -0.074219 -0.132812
0 0.066895 0.107422 -0.131836 -0.214844
0 0.062988 0.096354 -0.124023 -0.192708
0 0.045898 0.085938 -0.089844 -0.171875
0 0.038086 0.066406 -0.074219 -0.132812
0 0.038086 0.066406 -0.074219 -0.132812
0 0.056152 0.098307 -0.110352 -0.196615
0 0.034668 0.053385 -0.067383 -0.106771
0 0.067871 0.101562 -0.133789 -0.203125
0 0.036621 0.061849 -0.071289 -0.123698
0 0.087402 0.145833 -0.172852 -0.291667
0 0.045898 0.085938 -0.089844 -0.171875
0 0.062988 0.096354 -0.124023 -0.192708
0 0.062988 0.096354 -0.124023 -0.192708
0 0.062988 0.096354 -0.124023 -0.192708
0 0.045898 0.085938 -0.089844 -0.171875