0 0.005929 0.008982 -0.009881 -0.014970
0 0.004941 0.008234 -0.007905 -0.013473
0 0.004941 0.008234 -0.007905 -0.013473
0 0.003953 0.006737 -0.005929 -0.010479
0 0.004941 0.008234 -0.007905 -0.013473
0 0.003953 0.006737 -0.005929 -0.010479
0 0.005929 0.008982 -0.009881 -0.014970
0 0.004941 0.008234 -0.007905 -0.013473
0 0.038538 0.071108 -0.075099 -0.142216
0 0.003953 0.006737 -0.005929 -0.010479
0 0.005929 0.008982 -0.009881 -0.014970
0 0.005929 0.008982 -0.009881 -0.014970
0 0.005929 0.008982 -0.009881 -0.014970
0 0.004447 0.005240 -0.006917 -0.007485
0 0.005929 0.008982 -0.009881 -0.014970
0 0.004447 0.005240 -0.006917 -0.007485
0 0.054842 0.085329 -0.107708 -0.170659
0 0.003953 0.006737 -0.005929 -0.010479
0 0.004941 0.008234 -0.007905 -0.013473
0 0.004447 0.005240 -0.006917 -0.007485
0 0.003953 0.006737 -0.005929 -0.010479
0 0.002964 0.003743 -0.003953 -0.004491
0 0.002964 0.003743 -0.003953 -0.004491
0 0.002964 0.003743 -0.003953 -0.004491
0 0.007411 0.013473 -0.012846 -0.023952
0 0.002964 0.003743 -0.003953 -0.004491
0 0.004941 0.008234 -0.007905 -0.013473
0 0.002964 0.003743 -0.003953 -0.004491
0 0.004447 0.004491 -0.006917 -0.008982
0 0.003953 0.006737 -0.005929 -0.010479
0 0.029644 0.053144 -0.057312 -0.106287
0 0.005929 0.008982 -0.009881 -0.014970
0 0.004941 0.008234 -0.007905 -0.013473
0 0.003458 0.004491 -0.004941 -0.005988
0 0.003953 0.006737 -0.005929 -0.010479
0 0.004941 0.008234 -0.007905 -0.013473
0 0.004941 0.008234 -0.007905 -0.013473
0 0.002964 0.003743 -0.003953 -0.004491
0 0.002964 0.003743 -0.003953 -0.004491
0 0.003953 0.006737 -0.005929 -0.010479
0 0.004447 0.004491 -0.006917 -0.008982
0 0.006423 0.010479 -0.010870 -0.020958
0 0.005929 0.008982 -0.009881 -0.014970
0 0.004941 0.008234 -0.007905 -0.013473
0 0.004941 0.008234 -0.007905 -0.013473
0 0.002964 0.003743 -0.003953 -0.004491
0 0.004447 0.005240 -0.006917 -0.007485
0 0.005929 0.008982 -0.009881 -0.014970
0 0.004941 0.008234 -0.007905 -0.013473
0 0.004941 0.008234 -0.007905 -0.013473
0 0.002964 0.003743 -0.003953 -0.004491
0 0.002964 0.003743 -0.003953 -0.004491
0 0.002964 0.003743 -0.003953 -0.004491
0 0.004941 0.008234 -0.007905 -0.013473
0 0.002964 0.003743 -0.003953 -0.004491
0 0.005929 0.008982 -0.009881 -0.014970
0 0.004447 0.005240 -0.006917 -0.007485
0 0.004941 0.008234 -0.007905 -0.013473
0 0.004447 0.005240 -0.006917 -0.007485
0 0.004941 0.008234 -0.007905 -0.013473
0 0.004447 0.005240 -0.006917 -0.007485
0 0.004941 0.007485 -0.007905 -0.014970
0 0.002964 0.003743 -0.003953 -0.004491
0 0.004941 0.008234 -0.007905 -0.013473
0 0.006423 0.010479 -0.010870 -0.020958
0 0.002964 0.003743 -0.003953 -0.004491
0 0.004447 0.005240 -0.006917 -0.007485
0 0.005929 0.008982 -0.009881 -0.014970
0 0.004447 0.004491 -0.006917 -0.008982
0 0.004941 0.008234 -0.007905 -0.013473
0 0.002964 0.003743 -0.003953 -0.004491
0 0.006423 0.010479 -0.010870 -0.020958
0 0.002964 0.003743 -0.003953 -0.004491
0 0.002964 0.003743 -0.003953 -0.004491
0 0.002964 0.003743 -0.003953 -0.004491
0 0.004941 0.008234 -0.007905 -0.013473
0 0.004941 0.008234 -0.007905 -0.013473
0 0.004941 0.008234 -0.007905 -0.013473
0 0.015810 0.026198 -0.029644 -0.052395
0 0.007411 0.012725 -0.012846 -0.025449
0 0.005929 0.008982 -0.009881 -0.014970
0 0.004447 0.004491 -0.006917 -0.008982
0 0.002964 0.003743 -0.003953 -0.004491
0 0.004447 0.005240 -0.006917 -0.007485
0 0.006423 0.010479 -0.010870 -0.020958
0 0.003953 0.005240 -0.005929 -0.007485
0 0.005929 0.008982 -0.009881 -0.014970
0 0.005929 0.008982 -0.009881 -0.014970
0 0.005929 0.008982 -0.009881 -0.014970
0 0.005929 0.008234 -0.009881 -0.016467
0 0.006423 0.010479 -0.010870 -0.020958
0 0.002964 0.003743 -0.003953 -0.004491
0 0.002964 0.003743 -0.003953 -0.004491
0 0.004447 0.005240 -0.006917 -0.007485
0 0.005929 0.008982 -0.009881 -0.014970
0 0.004447 0.004491 -0.006917 -0.008982
0 0.003953 0.006737 -0.005929 -0.010479
0 0.006423 0.010479 -0.010870 -0.020958
0 0.002964 0.003743 -0.003953 -0.004491
0 0.005929 0.008982 -0.009881 -0.014970
0 0.003953 0.006737 -0.005929 -0.010479
0 0.002964 0.003743 -0.003953 -0.004491
0 0.004447 0.004491 -0.006917 -0.008982
0 0.002964 0.003743 -0.003953 -0.004491
0 0.005929 0.008982 -0.009881 -0.014970
0 0.002964 0.003743 -0.003953 -0.004491
0 0.006423 0.010479 -0.010870 -0.020958
0 0.002964 0.003743 -0.003953 -0.004491
0 0.005929 0.008234 -0.009881 -0.016467
0 0.004941 0.008234 -0.007905 -0.013473
0 0.005929 0.008234 -0.009881 -0.016467
0 0.004447 0.005240 -0.006917 -0.007485
0 0.002964 0.003743 -0.003953 -0.004491
0 0.007411 0.013473 -0.012846 -0.023952
0 0.006423 0.010479 -0.010870 -0.020958
0 0.004941 0.008234 -0.007905 -0.013473
0 0.004941 0.007485 -0.007905 -0.014970
0 0.004447 0.005240 -0.006917 -0.007485
0 0.002964 0.003743 -0.003953 -0.004491
0 0.004941 0.008234 -0.007905 -0.013473
0 0.002964 0.003743 -0.003953 -0.004491
0 0.002964 0.003743 -0.003953 -0.004491
0 0.002964 0.003743 -0.003953 -0.004491
0 0.004941 0.008234 -0.007905 -0.013473
0 0.005929 0.008982 -0.009881 -0.014970
0 0.004447 0.005240 -0.006917 -0.007485
0 0.005929 0.008982 -0.009881 -0.014970
0 0.002964 0.003743 -0.003953 -0.004491
0 0.003953 0.006737 -0.005929 -0.010479
0 0.004941 0.008234 -0.007905 -0.013473
0 0.006423 0.010479 -0.010870 -0.020958
0 0.003953 0.006737 -0.005929 -0.010479
0 0.002964 0.003743 -0.003953 -0.004491
0 0.007411 0.013473 -0.012846 -0.023952
0 0.004447 0.005240 -0.006917 -0.007485
0 0.002964 0.003743 -0.003953 -0.004491
0 0.004941 0.008234 -0.007905 -0.013473
0 0.007411 0.012725 -0.012846 -0.025449
0 0.005929 0.008982 -0.009881 -0.014970
0 0.004941 0.008234 -0.007905 -0.013473
0 0.002964 0.003743 -0.003953 -0.004491
0 0.007411 0.013473 -0.012846 -0.023952
0 0.006423 0.010479 -0.010870 -0.020958
0 0.004941 0.008234 -0.007905 -0.013473
0 0.002964 0.003743 -0.003953 -0.004491
0 0.005929 0.008234 -0.009881 -0.016467
0 0.002964 0.003743 -0.003953 -0.004491
0 0.004447 0.004491 -0.006917 -0.008982
0 0.004447 0.005240 -0.006917 -0.007485
0 0.003458 0.004491 -0.004941 -0.005988
0 0.004941 0.008234 -0.007905 -0.013473
0 0.002964 0.003743 -0.003953 -0.004491
0 0.004941 0.008234 -0.007905 -0.013473
0 0.004941 0.008234 -0.007905 -0.013473
0 0.005929 0.008982 -0.009881 -0.014970
0 0.005929 0.008982 -0.009881 -0.014970
0 0.004941 0.008234 -0.007905 -0.013473
0 0.006423 0.010479 -0.010870 -0.020958
0 0.002964 0.003743 -0.003953 -0.004491
0 0.006423 0.010479 -0.010870 -0.020958
0 0.006423 0.010479 -0.010870 -0.020958
0 0.007411 0.012725 -0.012846 -0.025449
0 0.003953 0.006737 -0.005929 -0.010479
0 0.004447 0.005240 -0.006917 -0.007485
0 0.002964 0.003743 -0.003953 -0.004491
0 0.002964 0.003743 -0.003953 -0.004491
0 0.006423 0.010479 -0.010870 -0.020958
0 0.007411 0.013473 -0.012846 -0.023952
0 0.007411 0.012725 -0.012846 -0.025449
0 0.007411 0.012725 -0.012846 -0.025449
0 0.011364 0.019461 -0.020751 -0.038922
0 0.015810 0.026198 -0.029644 -0.052395
0 0.006423 0.010479 -0.010870 -0.020958
0 0.004447 0.005240 -0.006917 -0.007485
0 0.007411 0.012725 -0.012846 -0.025449
0 0.004941 0.008234 -0.007905 -0.013473
0 0.004447 0.005240 -0.006917 -0.007485
0 0.002964 0.003743 -0.003953 -0.004491
0 0.004941 0.008234 -0.007905 -0.013473
0 0.007411 0.012725 -0.012846 -0.025449
0 0.006423 0.010479 -0.010870 -0.020958
0 0.005929 0.008234 -0.009881 -0.016467
0 0.054842 0.085329 -0.107708 -0.170659
0 0.005929 0.008982 -0.009881 -0.014970
0 0.005929 0.008982 -0.009881 -0.014970
0 0.004941 0.008234 -0.007905 -0.013473
0 0.004447 0.005240 -0.006917 -0.007485
0 0.005929 0.008234 -0.009881 -0.016467
0 0.002964 0.003743 -0.003953 -0.004491
0 0.004941 0.008234 -0.007905 -0.013473
0 0.004447 0.005240 -0.006917 -0.007485
0 0.011364 0.019461 -0.020751 -0.038922
0 0.005929 0.008982 -0.009881 -0.014970
0 0.002964 0.003743 -0.003953 -0.004491
0 0.002964 0.003743 -0.003953 -0.004491
0 0.003458 0.004491 -0.004941 -0.005988
0 0.005929 0.008982 -0.009881 -0.014970
0 0.005929 0.008982 -0.009881 -0.014970
0 0.005929 0.008982 -0.009881 -0.014970
0 0.002964 0.003743 -0.003953 -0.004491
0 0.005929 0.008234 -0.009881 -0.016467
0 0.002964 0.003743 -0.003953 -0.004491
0 0.002964 0.003743 -0.003953 -0.004491
0 0.006423 0.010479 -0.010870 -0.020958
0 0.004941 0.008234 -0.007905 -0.013473
0 0.002964 0.003743 -0.003953 -0.004491
0 0.006423 0.010479 -0.010870 -0.020958
0 0.004447 0.005240 -0.006917 -0.007485
0 0.004447 0.004491 -0.006917 -0.008982
0 0.002964 0.003743 -0.003953 -0.004491
0 0.005929 0.008234 -0.009881 -0.016467
0 0.003953 0.006737 -0.005929 -0.010479
0 0.007411 0.013473 -0.012846 -0.023952
0 0.011364 0.019461 -0.020751 -0.038922
0 0.002964 0.003743 -0.003953 -0.004491
0 0.005929 0.008982 -0.009881 -0.014970
0 0.004941 0.008234 -0.007905 -0.013473
0 0.002964 0.003743 -0.003953 -0.004491
0 0.011364 0.019461 -0.020751 -0.038922
0 0.003953 0.006737 -0.005929 -0.010479
0 0.004447 0.004491 -0.006917 -0.008982
0 0.003953 0.006737 -0.005929 -0.010479
0 0.007411 0.012725 -0.012846 -0.025449
0 0.004941 0.008234 -0.007905 -0.013473
0 0.005929 0.008982 -0.009881 -0.014970
0 0.004941 0.008234 -0.007905 -0.013473
0 0.011364 0.019461 -0.020751 -0.038922
0 0.004447 0.005240 -0.006917 -0.007485
0 0.004941 0.008234 -0.007905 -0.013473
0 0.002964 0.003743 -0.003953 -0.004491
0 0.005929 0.008982 -0.009881 -0.014970
0 0.002964 0.003743 -0.003953 -0.004491
0 0.002964 0.003743 -0.003953 -0.004491
0 0.002964 0.003743 -0.003953 -0.004491
0 0.004447 0.005240 -0.006917 -0.007485
0 0.002964 0.003743 -0.003953 -0.004491
0 0.002964 0.003743 -0.003953 -0.004491
0 0.002964 0.003743 -0.003953 -0.004491
0 0.004447 0.005240 -0.006917 -0.007485
0 0.005929 0.008982 -0.009881 -0.014970
0 0.004941 0.008234 -0.007905 -0.013473
0 0.005929 0.008234 -0.009881 -0.016467
0 0.002964 0.003743 -0.003953 -0.004491
0 0.005929 0.008982 -0.009881 -0.014970
0 0.005929 0.008234 -0.009881 -0.016467
0 0.004941 0.008234 -0.007905 -0.013473
0 0.005929 0.008234 -0.009881 -0.016467
0 0.005929 0.008234 -0.009881 -0.016467
0 0.002964 0.003743 -0.003953 -0.004491
0 0.007411 0.012725 -0.012846 -0.025449
0 0.003953 0.006737 -0.005929 -0.010479
0 0.002964 0.003743 -0.003953 -0.004491
0 0.002964 0.003743 -0.003953 -0.004491
0 0.002964 0.003743 -0.003953 -0.004491
0 0.003953 0.006737 -0.005929 -0.010479
0 0.004941 0.008234 -0.007905 -0.013473
0 0.005929 0.008982 -0.009881 -0.014970
0 0.005929 0.008982 -0.009881 -0.014970
0 0.004447 0.004491 -0.006917 -0.008982
0 0.004941 0.008234 -0.007905 -0.013473
0 0.004941 0.008234 -0.007905 -0.013473
0 0.005929 0.008982 -0.009881 -0.014970
0 0.004447 0.005240 -0.006917 -0.007485
0 0.004941 0.008234 -0.007905 -0.013473
0 0.004447 0.005240 -0.006917 -0.007485
0 0.005929 0.008982 -0.009881 -0.014970
0 0.003953 0.006737 -0.005929 -0.010479
0 0.002964 0.003743 -0.003953 -0.004491
0 0.002964 0.003743 -0.003953 -0.004491
0 0.003953 0.006737 -0.005929 -0.010479
0 0.007411 0.012725 -0.012846 -0.025449
0 0.006423 0.010479 -0.010870 -0.020958
0 0.007411 0.012725 -0.012846 -0.025449