0 0.012500 0.022500 -0.023333 -0.045000
0 0.014583 0.025000 -0.027500 -0.050000
0 0.012500 0.022500 -0.023333 -0.045000
0 0.014583 0.025000 -0.027500 -0.050000
0 0.014583 0.025000 -0.027500 -0.050000
0 0.012500 0.022500 -0.023333 -0.045000
0 0.010000 0.024375 -0.018333 -0.048750
0 0.012500 0.022500 -0.023333 -0.045000
0 0.012500 0.022500 -0.023333 -0.045000
0 0.012500 0.022500 -0.023333 -0.045000
0 0.014583 0.025000 -0.027500 -0.050000
0 0.012500 0.022500 -0.023333 -0.045000
0 0.010000 0.024375 -0.018333 -0.048750
0 0.012500 0.022500 -0.023333 -0.045000
0 0.010000 0.024375 -0.018333 -0.048750
0 0.012500 0.022500 -0.023333 -0.045000
0 0.014583 0.025000 -0.027500 -0.050000
0 0.012500 0.022500 -0.023333 -0.045000
0 0.012500 0.022500 -0.023333 -0.045000
0 0.014583 0.025000 -0.027500 -0.050000
0 0.014583 0.025000 -0.027500 -0.050000
0 0.014583 0.025000 -0.027500 -0.050000
0 0.010000 0.024375 -0.018333 -0.048750
0 0.020417 0.019375 -0.039167 -0.038750
0 0.012500 0.022500 -0.023333 -0.045000
0 0.010000 0.024375 -0.018333 -0.048750
0 0.012500 0.022500 -0.023333 -0.045000
0 0.020417 0.019375 -0.039167 -0.038750
0 0.010000 0.024375 -0.018333 -0.048750
0 0.014583 0.025000 -0.027500 -0.050000
0 0.010000 0.024375 -0.018333 -0.048750
0 0.012500 0.022500 -0.023333 -0.045000
0 0.014583 0.025000 -0.027500 -0.050000
0 0.014583 0.025000 -0.027500 -0.050000
0 0.014583 0.025000 -0.027500 -0.050000
0 0.006667 0.020000 -0.011667 -0.040000
0 0.010000 0.024375 -0.018333 -0.048750
0 0.012500 0.022500 -0.023333 -0.045000
0 0.012500 0.022500 -0.023333 -0.045000
0 0.014583 0.025000 -0.027500 -0.050000
0 0.012500 0.022500 -0.023333 -0.045000
0 0.014583 0.025000 -0.027500 -0.050000
0 0.010000 0.024375 -0.018333 -0.048750
0 0.014583 0.025000 -0.027500 -0.050000
0 0.010000 0.024375 -0.018333 -0.048750
0 0.012500 0.022500 -0.023333 -0.045000
0 0.010000 0.024375 -0.018333 -0.048750
0 0.010000 0.024375 -0.018333 -0.048750
0 0.014583 0.025000 -0.027500 -0.050000
0 0.012500 0.022500 -0.023333 -0.045000
0 0.010000 0.024375 -0.018333 -0.048750
0 0.014583 0.025000 -0.027500 -0.050000
0 0.012500 0.022500 -0.023333 -0.045000
0 0.009167 0.018750 -0.016667 -0.037500
0 0.010000 0.024375 -0.018333 -0.048750
0 0.010000 0.024375 -0.018333 -0.048750
0 0.014583 0.025000 -0.027500 -0.050000
0 0.010000 0.024375 -0.018333 -0.048750
0 0.012500 0.022500 -0.023333 -0.045000
0 0.012500 0.022500 -0.023333 -0.045000