0 0.010111 0.021685 -0.019818 -0.043370
0 0.006775 0.011740 -0.013145 -0.023481
0 0.030334 0.050138 -0.060263 -0.100276
0 0.005460 0.009530 -0.010516 -0.019061
0 0.006775 0.011740 -0.013145 -0.023481
0 0.005460 0.009530 -0.010516 -0.019061
0 0.017594 0.032873 -0.034783 -0.065746
0 0.011021 0.018370 -0.021638 -0.036740
0 0.011021 0.018370 -0.021638 -0.036740
0 0.006775 0.011740 -0.013145 -0.023481
0 0.005460 0.009530 -0.010516 -0.019061
0 0.005460 0.009530 -0.010516 -0.019061
0 0.009403 0.012431 -0.018402 -0.024862
0 0.009505 0.016160 -0.018605 -0.032320
0 0.011830 0.021961 -0.022447 -0.043923
0 0.011628 0.021961 -0.022851 -0.043923
0 0.011628 0.021961 -0.022851 -0.043923
0 0.011830 0.021961 -0.022447 -0.043923
0 0.011628 0.021961 -0.022851 -0.043923
0 0.011830 0.021961 -0.022447 -0.043923
0 0.029019 0.058011 -0.057634 -0.116022
0 0.006775 0.011740 -0.013145 -0.023481
0 0.030334 0.050138 -0.060263 -0.100276
0 0.006572 0.012017 -0.012740 -0.024033
0 0.004651 0.004696 -0.008898 -0.009392
0 0.009909 0.019890 -0.019414 -0.039779
0 0.011021 0.018370 -0.021638 -0.036740
0 0.009403 0.012431 -0.018402 -0.024862
0 0.009909 0.019890 -0.019414 -0.039779
0 0.007786 0.013812 -0.015167 -0.027624
0 0.007786 0.013812 -0.015167 -0.027624
0 0.009505 0.016160 -0.018605 -0.032320
0 0.009909 0.019890 -0.019414 -0.039779
0 0.033974 0.060359 -0.067543 -0.120718
0 0.011021 0.018370 -0.021638 -0.036740
0 0.011021 0.018370 -0.021638 -0.036740
0 0.011628 0.021961 -0.022851 -0.043923
0 0.011021 0.018370 -0.021638 -0.036740
0 0.011628 0.021961 -0.022851 -0.043923
0 0.009909 0.019890 -0.019414 -0.039779
0 0.006775 0.011740 -0.013145 -0.023481
0 0.017594 0.032873 -0.034783 -0.065746
0 0.005460 0.009530 -0.010516 -0.019061
0 0.009403 0.012431 -0.018402 -0.024862
0 0.016886 0.025691 -0.033367 -0.051381
0 0.011628 0.021961 -0.022851 -0.043923
0 0.007786 0.013812 -0.015167 -0.027624
0 0.009505 0.016160 -0.018605 -0.032320
0 0.009909 0.019890 -0.019414 -0.039779
0 0.011021 0.018370 -0.021638 -0.036740
0 0.010111 0.021685 -0.019818 -0.043370
0 0.009403 0.012431 -0.018402 -0.024862
0 0.007786 0.013812 -0.015167 -0.027624
0 0.009505 0.016160 -0.018605 -0.032320
0 0.009909 0.019890 -0.019414 -0.039779
0 0.020728 0.044890 -0.041052 -0.089779
0 0.004651 0.004696 -0.008898 -0.009392
0 0.009909 0.019890 -0.019414 -0.039779
0 0.005460 0.009530 -0.010516 -0.019061
0 0.011223 0.018370 -0.021234 -0.036740
0 0.004651 0.004696 -0.008898 -0.009392
0 0.005460 0.009530 -0.010516 -0.019061
0 0.007786 0.013812 -0.015167 -0.027624
0 0.009505 0.016160 -0.018605 -0.032320
0 0.026188 0.045580 -0.051972 -0.091160
0 0.009707 0.016160 -0.018200 -0.032320
0 0.011628 0.021961 -0.022851 -0.043923
0 0.005460 0.009530 -0.010516 -0.019061
0 0.005258 0.010912 -0.010111 -0.021823
0 0.005460 0.009530 -0.010516 -0.019061
0 0.005460 0.009530 -0.010516 -0.019061
0 0.033974 0.060359 -0.067543 -0.120718
0 0.005460 0.009530 -0.010516 -0.019061
0 0.011830 0.021961 -0.022447 -0.043923
0 0.009403 0.012431 -0.018402 -0.024862
0 0.011021 0.018370 -0.021638 -0.036740
0 0.009403 0.012431 -0.018402 -0.024862
0 0.007786 0.013812 -0.015167 -0.027624
0 0.017594 0.032873 -0.034783 -0.065746
0 0.029221 0.045028 -0.058038 -0.090055
0 0.011021 0.018370 -0.021638 -0.036740
0 0.005460 0.009530 -0.010516 -0.019061
0 0.005460 0.009530 -0.010516 -0.019061
0 0.009707 0.016160 -0.018200 -0.032320
0 0.011223 0.018370 -0.021234 -0.036740
0 0.009505 0.016160 -0.018605 -0.032320
0 0.026188 0.045580 -0.051972 -0.091160
0 0.016886 0.025691 -0.033367 -0.051381
0 0.009505 0.016160 -0.018605 -0.032320
0 0.016886 0.025691 -0.033367 -0.051381
0 0.020728 0.044890 -0.041052 -0.089779
0 0.009505 0.016160 -0.018605 -0.032320
0 0.029019 0.058011 -0.057634 -0.116022
0 0.006775 0.011740 -0.013145 -0.023481
0 0.009909 0.019890 -0.019414 -0.039779
0 0.006775 0.011740 -0.013145 -0.023481
0 0.020728 0.044890 -0.041052 -0.089779
0 0.005460 0.009530 -0.010516 -0.019061
0 0.005460 0.009530 -0.010516 -0.019061
0 0.009403 0.012431 -0.018402 -0.024862
0 0.009505 0.016160 -0.018605 -0.032320
0 0.029221 0.045028 -0.058038 -0.090055
0 0.007786 0.013812 -0.015167 -0.027624
0 0.005460 0.009530 -0.010516 -0.019061