0 0.002604 0.006481 -0.003125 -0.009259
0 0.006250 0.012963 -0.010417 -0.022222
0 0.003646 0.008333 -0.005208 -0.012963
0 0.006250 0.012963 -0.010417 -0.022222
0 0.008333 0.020370 -0.014583 -0.040741
0 0.006250 0.012963 -0.010417 -0.022222
0 0.006250 0.012963 -0.010417 -0.022222
0 0.005208 0.012963 -0.008333 -0.022222
0 0.008854 0.023148 -0.015625 -0.046296
0 0.005208 0.008333 -0.008333 -0.012963
0 0.005208 0.008333 -0.008333 -0.012963
0 0.005208 0.008333 -0.008333 -0.012963
0 0.006250 0.012963 -0.010417 -0.025926
0 0.006250 0.012963 -0.010417 -0.025926
0 0.003646 0.007407 -0.005208 -0.011111
0 0.002604 0.006481 -0.003125 -0.009259
0 0.010417 0.023148 -0.018750 -0.046296
0 0.006771 0.016667 -0.011458 -0.033333
0 0.006771 0.017593 -0.011458 -0.031481
0 0.006250 0.012963 -0.010417 -0.025926
0 0.005208 0.008333 -0.008333 -0.012963
0 0.005208 0.015741 -0.008333 -0.027778
0 0.006771 0.016667 -0.011458 -0.033333
0 0.008854 0.023148 -0.015625 -0.046296
0 0.005208 0.008333 -0.008333 -0.012963
0 0.003125 0.007407 -0.004167 -0.011111
0 0.005208 0.012963 -0.008333 -0.022222
0 0.010417 0.023148 -0.018750 -0.046296
0 0.005208 0.011111 -0.008333 -0.018519
0 0.016146 0.027778 -0.030208 -0.055556
0 0.008854 0.023148 -0.015625 -0.046296
0 0.003646 0.007407 -0.005208 -0.011111
0 0.005208 0.012963 -0.008333 -0.022222
0 0.005208 0.008333 -0.008333 -0.012963
0 0.005208 0.010185 -0.008333 -0.016667
0 0.005208 0.011111 -0.008333 -0.018519
0 0.011979 0.036111 -0.021875 -0.072222
0 0.005729 0.011111 -0.009375 -0.018519
0 0.005208 0.008333 -0.008333 -0.012963
0 0.010417 0.023148 -0.018750 -0.046296
0 0.010417 0.023148 -0.018750 -0.046296
0 0.016146 0.027778 -0.030208 -0.055556
0 0.005729 0.010185 -0.009375 -0.016667
0 0.006250 0.012963 -0.010417 -0.022222
0 0.016146 0.027778 -0.030208 -0.055556
0 0.005729 0.010185 -0.009375 -0.016667
0 0.005208 0.011111 -0.008333 -0.018519
0 0.006250 0.012963 -0.010417 -0.022222
0 0.008333 0.020370 -0.014583 -0.040741
0 0.003646 0.009259 -0.005208 -0.014815
0 0.006250 0.012963 -0.010417 -0.025926
0 0.005208 0.008333 -0.008333 -0.012963
0 0.006771 0.016667 -0.011458 -0.033333
0 0.007292 0.014815 -0.012500 -0.025926
0 0.006250 0.012963 -0.010417 -0.022222
0 0.016146 0.027778 -0.030208 -0.055556
0 0.005208 0.008333 -0.008333 -0.012963
0 0.005208 0.008333 -0.008333 -0.012963
0 0.005208 0.008333 -0.008333 -0.012963
0 0.005208 0.008333 -0.008333 -0.012963
0 0.008854 0.023148 -0.015625 -0.046296
0 0.010417 0.023148 -0.018750 -0.046296
0 0.005208 0.008333 -0.008333 -0.012963
0 0.005208 0.008333 -0.008333 -0.012963
0 0.010417 0.023148 -0.018750 -0.046296
0 0.005729 0.010185 -0.009375 -0.016667
0 0.003646 0.007407 -0.005208 -0.011111
0 0.008854 0.023148 -0.015625 -0.046296
0 0.005208 0.008333 -0.008333 -0.012963
0 0.008854 0.023148 -0.015625 -0.046296
0 0.008333 0.020370 -0.014583 -0.040741
0 0.003646 0.007407 -0.005208 -0.011111
0 0.006250 0.012963 -0.010417 -0.022222
0 0.005729 0.011111 -0.009375 -0.018519
0 0.008854 0.023148 -0.015625 -0.046296
0 0.006250 0.012963 -0.010417 -0.022222
0 0.006250 0.012963 -0.010417 -0.022222
0 0.008854 0.026852 -0.015625 -0.053704
0 0.006250 0.012963 -0.010417 -0.022222
0 0.008333 0.020370 -0.014583 -0.040741
0 0.005208 0.008333 -0.008333 -0.012963
0 0.005208 0.008333 -0.008333 -0.012963
0 0.008854 0.023148 -0.015625 -0.046296
0 0.003125 0.007407 -0.004167 -0.011111
0 0.008854 0.026852 -0.015625 -0.053704
0 0.006771 0.016667 -0.011458 -0.033333
0 0.003646 0.007407 -0.005208 -0.011111
0 0.006250 0.012963 -0.010417 -0.022222
0 0.005729 0.010185 -0.009375 -0.020370
0 0.003125 0.007407 -0.004167 -0.011111
0 0.006771 0.016667 -0.011458 -0.033333
0 0.005208 0.008333 -0.008333 -0.012963
0 0.005729 0.011111 -0.009375 -0.018519
0 0.010417 0.023148 -0.018750 -0.046296
0 0.006771 0.016667 -0.011458 -0.033333
0 0.005208 0.008333 -0.008333 -0.012963
0 0.014583 0.027778 -0.027083 -0.055556
0 0.005208 0.011111 -0.008333 -0.018519
0 0.003646 0.007407 -0.005208 -0.011111
0 0.003646 0.008333 -0.005208 -0.012963
0 0.003646 0.009259 -0.005208 -0.014815
0 0.005208 0.008333 -0.008333 -0.012963
0 0.005208 0.008333 -0.008333 -0.012963
0 0.005208 0.008333 -0.008333 -0.012963
0 0.003646 0.007407 -0.005208 -0.011111
0 0.005208 0.012963 -0.008333 -0.022222
0 0.010417 0.023148 -0.018750 -0.046296
0 0.003646 0.007407 -0.005208 -0.011111
0 0.008854 0.023148 -0.015625 -0.046296
0 0.008854 0.023148 -0.015625 -0.046296
0 0.008333 0.020370 -0.014583 -0.040741
0 0.006250 0.012963 -0.010417 -0.025926
0 0.005208 0.008333 -0.008333 -0.012963
0 0.006771 0.016667 -0.011458 -0.033333
0 0.010417 0.023148 -0.018750 -0.046296
0 0.008333 0.020370 -0.014583 -0.040741
0 0.010417 0.023148 -0.018750 -0.046296
0 0.003646 0.008333 -0.005208 -0.012963
0 0.003646 0.009259 -0.005208 -0.014815
0 0.005729 0.011111 -0.009375 -0.018519
0 0.003125 0.007407 -0.004167 -0.011111
0 0.005208 0.008333 -0.008333 -0.012963
0 0.005208 0.011111 -0.008333 -0.018519
0 0.003646 0.007407 -0.005208 -0.011111
0 0.005208 0.008333 -0.008333 -0.012963
0 0.003125 0.007407 -0.004167 -0.011111
0 0.003646 0.007407 -0.005208 -0.011111
0 0.008333 0.020370 -0.014583 -0.040741
0 0.007292 0.014815 -0.012500 -0.025926
0 0.005208 0.008333 -0.008333 -0.012963
0 0.005208 0.008333 -0.008333 -0.012963
0 0.003646 0.007407 -0.005208 -0.011111
0 0.005208 0.013889 -0.008333 -0.024074
0 0.010417 0.023148 -0.018750 -0.046296
0 0.005729 0.010185 -0.009375 -0.016667
0 0.008333 0.020370 -0.014583 -0.040741
0 0.005208 0.013889 -0.008333 -0.024074
0 0.010417 0.023148 -0.018750 -0.046296
0 0.006250 0.012963 -0.010417 -0.022222
0 0.010417 0.023148 -0.018750 -0.046296
0 0.008854 0.023148 -0.015625 -0.046296
0 0.006250 0.012963 -0.010417 -0.022222
0 0.003125 0.007407 -0.004167 -0.011111
0 0.005729 0.011111 -0.009375 -0.018519
0 0.005208 0.011111 -0.008333 -0.018519
0 0.008333 0.020370 -0.014583 -0.040741
0 0.006250 0.012963 -0.010417 -0.025926
0 0.005729 0.010185 -0.009375 -0.016667
0 0.014583 0.027778 -0.027083 -0.055556
0 0.006250 0.012963 -0.010417 -0.022222
0 0.008854 0.023148 -0.015625 -0.046296
0 0.005208 0.011111 -0.008333 -0.018519
0 0.016146 0.027778 -0.030208 -0.055556
0 0.005208 0.008333 -0.008333 -0.012963
0 0.007292 0.014815 -0.012500 -0.025926
0 0.003646 0.009259 -0.005208 -0.014815
0 0.006771 0.016667 -0.011458 -0.033333
0 0.003125 0.007407 -0.004167 -0.011111
0 0.005208 0.011111 -0.008333 -0.018519
0 0.016146 0.027778 -0.030208 -0.055556
0 0.016146 0.027778 -0.030208 -0.055556
0 0.008854 0.023148 -0.015625 -0.046296
0 0.005208 0.008333 -0.008333 -0.012963
0 0.003125 0.007407 -0.004167 -0.011111
0 0.016146 0.027778 -0.030208 -0.055556
0 0.006250 0.012963 -0.010417 -0.022222
0 0.005208 0.008333 -0.008333 -0.012963
0 0.002604 0.006481 -0.003125 -0.009259
0 0.016146 0.027778 -0.030208 -0.055556
0 0.002604 0.006481 -0.003125 -0.009259
0 0.008333 0.020370 -0.014583 -0.040741
0 0.006250 0.012963 -0.010417 -0.022222
0 0.003646 0.007407 -0.005208 -0.011111
0 0.011979 0.036111 -0.021875 -0.072222
0 0.005208 0.008333 -0.008333 -0.012963
0 0.003646 0.009259 -0.005208 -0.014815
0 0.010417 0.023148 -0.018750 -0.046296
0 0.007292 0.014815 -0.012500 -0.025926
0 0.002604 0.006481 -0.003125 -0.009259
0 0.005729 0.011111 -0.009375 -0.018519
0 0.007292 0.014815 -0.012500 -0.025926
0 0.008333 0.020370 -0.014583 -0.040741
0 0.006771 0.016667 -0.011458 -0.033333
0 0.003646 0.007407 -0.005208 -0.011111
0 0.003646 0.009259 -0.005208 -0.014815
0 0.007292 0.013889 -0.012500 -0.027778
0 0.010417 0.023148 -0.018750 -0.046296
0 0.008854 0.023148 -0.015625 -0.046296
0 0.010417 0.023148 -0.018750 -0.046296
0 0.005208 0.008333 -0.008333 -0.012963
0 0.008854 0.023148 -0.015625 -0.046296
0 0.006250 0.012963 -0.010417 -0.022222
0 0.014583 0.027778 -0.027083 -0.055556
0 0.008854 0.026852 -0.015625 -0.053704
0 0.010417 0.023148 -0.018750 -0.046296
0 0.005208 0.011111 -0.008333 -0.018519
0 0.003646 0.007407 -0.005208 -0.011111
0 0.005208 0.008333 -0.008333 -0.012963
0 0.006250 0.012963 -0.010417 -0.022222
0 0.008854 0.026852 -0.015625 -0.053704
0 0.005208 0.008333 -0.008333 -0.012963
0 0.005208 0.013889 -0.008333 -0.024074
0 0.005208 0.011111 -0.008333 -0.018519
0 0.005208 0.008333 -0.008333 -0.012963
0 0.006250 0.012963 -0.010417 -0.022222
0 0.006771 0.016667 -0.011458 -0.033333
0 0.007292 0.013889 -0.012500 -0.027778
0 0.003646 0.007407 -0.005208 -0.011111
0 0.016146 0.027778 -0.030208 -0.055556
0 0.006250 0.012963 -0.010417 -0.022222
0 0.006250 0.012963 -0.010417 -0.022222
0 0.006250 0.012963 -0.010417 -0.025926
0 0.003646 0.008333 -0.005208 -0.012963
0 0.006250 0.012963 -0.010417 -0.022222
0 0.008854 0.026852 -0.015625 -0.053704
0 0.003125 0.007407 -0.004167 -0.011111
0 0.008854 0.023148 -0.015625 -0.046296
0 0.003646 0.007407 -0.005208 -0.011111
0 0.003646 0.007407 -0.005208 -0.011111
0 0.007292 0.013889 -0.012500 -0.027778
0 0.006250 0.012963 -0.010417 -0.025926
0 0.005208 0.013889 -0.008333 -0.024074
0 0.006250 0.012963 -0.010417 -0.022222
0 0.003646 0.008333 -0.005208 -0.012963
0 0.005208 0.008333 -0.008333 -0.012963
0 0.005208 0.008333 -0.008333 -0.012963
0 0.006250 0.012963 -0.010417 -0.022222
0 0.008333 0.020370 -0.014583 -0.040741
0 0.006250 0.012963 -0.010417 -0.022222
0 0.006771 0.016667 -0.011458 -0.033333
0 0.008333 0.020370 -0.014583 -0.040741
0 0.005208 0.012963 -0.008333 -0.022222
0 0.005729 0.010185 -0.009375 -0.016667
0 0.011979 0.036111 -0.021875 -0.072222
0 0.005208 0.011111 -0.008333 -0.018519
0 0.005208 0.011111 -0.008333 -0.018519
0 0.016146 0.027778 -0.030208 -0.055556
0 0.005208 0.008333 -0.008333 -0.012963
0 0.005208 0.011111 -0.008333 -0.018519
0 0.005208 0.008333 -0.008333 -0.012963
0 0.006250 0.012963 -0.010417 -0.022222
0 0.005208 0.008333 -0.008333 -0.012963
0 0.008854 0.023148 -0.015625 -0.046296
0 0.008854 0.023148 -0.015625 -0.046296
0 0.010417 0.023148 -0.018750 -0.046296
0 0.008854 0.026852 -0.015625 -0.053704
0 0.010417 0.023148 -0.018750 -0.046296
0 0.003646 0.007407 -0.005208 -0.011111
0 0.005208 0.008333 -0.008333 -0.012963
0 0.006250 0.012963 -0.010417 -0.025926
0 0.006250 0.012963 -0.010417 -0.025926
0 0.006250 0.012963 -0.010417 -0.022222
0 0.005208 0.010185 -0.008333 -0.016667
0 0.003125 0.007407 -0.004167 -0.011111
0 0.005208 0.008333 -0.008333 -0.012963
0 0.010417 0.025926 -0.018750 -0.051852
0 0.005208 0.013889 -0.008333 -0.024074
0 0.014583 0.027778 -0.027083 -0.055556
0 0.005208 0.011111 -0.008333 -0.018519
0 0.006250 0.012963 -0.010417 -0.022222
0 0.006250 0.012963 -0.010417 -0.022222
0 0.007292 0.013889 -0.012500 -0.027778
0 0.006250 0.012963 -0.010417 -0.022222
0 0.005208 0.011111 -0.008333 -0.018519
0 0.008854 0.023148 -0.015625 -0.046296
0 0.008333 0.020370 -0.014583 -0.040741
0 0.016146 0.027778 -0.030208 -0.055556
0 0.005208 0.008333 -0.008333 -0.012963
0 0.005208 0.008333 -0.008333 -0.012963
0 0.006771 0.016667 -0.011458 -0.033333
0 0.016146 0.027778 -0.030208 -0.055556
0 0.003125 0.007407 -0.004167 -0.011111
0 0.006771 0.016667 -0.011458 -0.033333
0 0.006250 0.012963 -0.010417 -0.022222
0 0.016146 0.027778 -0.030208 -0.055556
0 0.005729 0.010185 -0.009375 -0.020370
0 0.016146 0.027778 -0.030208 -0.055556
0 0.008333 0.020370 -0.014583 -0.040741
0 0.008854 0.026852 -0.015625 -0.053704
0 0.005208 0.015741 -0.008333 -0.027778
0 0.005208 0.011111 -0.008333 -0.018519
0 0.016146 0.027778 -0.030208 -0.055556
0 0.014583 0.027778 -0.027083 -0.055556
0 0.006250 0.012963 -0.010417 -0.025926
0 0.006250 0.012963 -0.010417 -0.022222
0 0.005729 0.011111 -0.009375 -0.018519
0 0.005208 0.011111 -0.008333 -0.018519
0 0.006250 0.012963 -0.010417 -0.025926
0 0.005208 0.008333 -0.008333 -0.012963
0 0.006771 0.016667 -0.011458 -0.033333
0 0.003646 0.007407 -0.005208 -0.011111
0 0.005729 0.010185 -0.009375 -0.020370
0 0.005729 0.010185 -0.009375 -0.020370
0 0.008333 0.020370 -0.014583 -0.040741
0 0.006250 0.012963 -0.010417 -0.025926
0 0.005729 0.010185 -0.009375 -0.016667
0 0.003646 0.008333 -0.005208 -0.012963
0 0.005729 0.010185 -0.009375 -0.016667
0 0.005208 0.013889 -0.008333 -0.024074
0 0.008854 0.023148 -0.015625 -0.046296
0 0.005208 0.011111 -0.008333 -0.018519
0 0.006771 0.016667 -0.011458 -0.033333
0 0.014583 0.027778 -0.027083 -0.055556
0 0.010417 0.023148 -0.018750 -0.046296
0 0.003125 0.007407 -0.004167 -0.011111
0 0.005208 0.008333 -0.008333 -0.012963
0 0.010417 0.023148 -0.018750 -0.046296
0 0.006771 0.016667 -0.011458 -0.033333
0 0.006250 0.012963 -0.010417 -0.022222
0 0.008854 0.023148 -0.015625 -0.046296
0 0.008854 0.022222 -0.015625 -0.040741
0 0.005208 0.012963 -0.008333 -0.022222
0 0.008854 0.023148 -0.015625 -0.046296
0 0.006250 0.012963 -0.010417 -0.025926
0 0.008333 0.020370 -0.014583 -0.040741
0 0.005208 0.008333 -0.008333 -0.012963
0 0.005208 0.011111 -0.008333 -0.018519
0 0.003646 0.009259 -0.005208 -0.014815
0 0.003125 0.007407 -0.004167 -0.011111
0 0.011979 0.036111 -0.021875 -0.072222
0 0.014583 0.027778 -0.027083 -0.055556
0 0.005208 0.008333 -0.008333 -0.012963
0 0.005208 0.008333 -0.008333 -0.012963
0 0.005208 0.008333 -0.008333 -0.012963
0 0.010417 0.023148 -0.018750 -0.046296
0 0.008333 0.020370 -0.014583 -0.040741
0 0.007292 0.014815 -0.012500 -0.025926
0 0.002604 0.006481 -0.003125 -0.009259
0 0.006250 0.012963 -0.010417 -0.022222
0 0.005208 0.008333 -0.008333 -0.012963
0 0.005208 0.008333 -0.008333 -0.012963
0 0.008854 0.023148 -0.015625 -0.046296
0 0.002604 0.006481 -0.003125 -0.009259
0 0.006250 0.012963 -0.010417 -0.025926
0 0.005208 0.008333 -0.008333 -0.012963
0 0.005208 0.008333 -0.008333 -0.012963
0 0.003646 0.009259 -0.005208 -0.014815
0 0.006250 0.012963 -0.010417 -0.025926
0 0.006771 0.016667 -0.011458 -0.033333
0 0.003646 0.009259 -0.005208 -0.014815
0 0.005208 0.013889 -0.008333 -0.024074
0 0.003646 0.007407 -0.005208 -0.011111
0 0.003646 0.007407 -0.005208 -0.011111
0 0.008854 0.026852 -0.015625 -0.053704
0 0.005208 0.013889 -0.008333 -0.024074
0 0.005208 0.015741 -0.008333 -0.027778
0 0.008333 0.020370 -0.014583 -0.040741
0 0.005208 0.008333 -0.008333 -0.012963
0 0.010417 0.025926 -0.018750 -0.051852
0 0.005208 0.008333 -0.008333 -0.012963
0 0.006771 0.016667 -0.011458 -0.033333
0 0.006250 0.012963 -0.010417 -0.022222
0 0.007292 0.014815 -0.012500 -0.025926
0 0.005208 0.011111 -0.008333 -0.018519
0 0.008854 0.026852 -0.015625 -0.053704
0 0.010417 0.023148 -0.018750 -0.046296
0 0.008854 0.023148 -0.015625 -0.046296
0 0.005208 0.011111 -0.008333 -0.018519
0 0.008333 0.020370 -0.014583 -0.040741
0 0.005208 0.012963 -0.008333 -0.022222
0 0.016146 0.027778 -0.030208 -0.055556
0 0.006771 0.017593 -0.011458 -0.031481
0 0.003646 0.009259 -0.005208 -0.014815
0 0.003646 0.009259 -0.005208 -0.014815
0 0.006771 0.016667 -0.011458 -0.033333
0 0.016146 0.027778 -0.030208 -0.055556
0 0.003125 0.007407 -0.004167 -0.011111
0 0.007292 0.014815 -0.012500 -0.025926
0 0.005208 0.011111 -0.008333 -0.018519
0 0.008854 0.023148 -0.015625 -0.046296
0 0.005729 0.011111 -0.009375 -0.018519
0 0.008854 0.024074 -0.015625 -0.044444
0 0.002604 0.006481 -0.003125 -0.009259
0 0.007292 0.014815 -0.012500 -0.025926
0 0.005208 0.015741 -0.008333 -0.027778
0 0.008333 0.020370 -0.014583 -0.040741
0 0.003125 0.007407 -0.004167 -0.011111
0 0.005208 0.011111 -0.008333 -0.018519
0 0.006771 0.017593 -0.011458 -0.031481
0 0.003646 0.009259 -0.005208 -0.014815
0 0.006771 0.016667 -0.011458 -0.033333
0 0.005208 0.012963 -0.008333 -0.022222
0 0.006250 0.012963 -0.010417 -0.025926
0 0.005208 0.008333 -0.008333 -0.012963
0 0.010417 0.023148 -0.018750 -0.046296
0 0.005208 0.008333 -0.008333 -0.012963
0 0.005208 0.008333 -0.008333 -0.012963
0 0.006250 0.012963 -0.010417 -0.022222
0 0.005208 0.011111 -0.008333 -0.018519