0 0.006515 0.007592 -0.009772 -0.010846
0 0.006515 0.007592 -0.009772 -0.010846
0 0.004072 0.007592 -0.004886 -0.010846
0 0.006515 0.007592 -0.009772 -0.010846
0 0.004072 0.007592 -0.004886 -0.010846
0 0.006515 0.007592 -0.009772 -0.010846
0 0.004072 0.007592 -0.004886 -0.010846
0 0.006515 0.007592 -0.009772 -0.010846
0 0.006515 0.007592 -0.009772 -0.010846
0 0.004072 0.007592 -0.004886 -0.010846
0 0.004072 0.007592 -0.004886 -0.010846
0 0.006515 0.007592 -0.009772 -0.010846
0 0.004072 0.007592 -0.004886 -0.010846
0 0.006515 0.007592 -0.009772 -0.010846
0 0.004072 0.007592 -0.004886 -0.010846
0 0.004072 0.007592 -0.004886 -0.010846
0 0.006515 0.007592 -0.009772 -0.010846
0 0.008958 0.013015 -0.014658 -0.021692
0 0.009772 0.014100 -0.016287 -0.023861
0 0.006515 0.007592 -0.009772 -0.010846
0 0.008143 0.010846 -0.013029 -0.017354
0 0.008958 0.013015 -0.014658 -0.021692
0 0.009772 0.014100 -0.016287 -0.023861
0 0.006515 0.007592 -0.009772 -0.010846
0 0.009772 0.014100 -0.016287 -0.023861
0 0.006515 0.007592 -0.009772 -0.010846
0 0.008958 0.013015 -0.014658 -0.021692
0 0.008958 0.013015 -0.014658 -0.021692
0 0.004072 0.007592 -0.004886 -0.010846
0 0.004072 0.007592 -0.004886 -0.010846
0 0.006515 0.007592 -0.009772 -0.010846
0 0.006515 0.007592 -0.009772 -0.010846
0 0.006515 0.007592 -0.009772 -0.010846
0 0.006515 0.007592 -0.009772 -0.010846
0 0.008958 0.013015 -0.014658 -0.021692
0 0.006515 0.007592 -0.009772 -0.010846
0 0.008958 0.013015 -0.014658 -0.021692
0 0.008958 0.013015 -0.014658 -0.021692
0 0.009772 0.014100 -0.016287 -0.023861
0 0.006515 0.007592 -0.009772 -0.010846
0 0.006515 0.007592 -0.009772 -0.010846
0 0.009772 0.014100 -0.016287 -0.023861
0 0.013029 0.019523 -0.022801 -0.034707
0 0.006515 0.007592 -0.009772 -0.010846
0 0.006515 0.007592 -0.009772 -0.010846
0 0.008958 0.013015 -0.014658 -0.021692
0 0.004072 0.007592 -0.004886 -0.010846
0 0.006515 0.007592 -0.009772 -0.010846
0 0.021173 0.031453 -0.039088 -0.062907
0 0.006515 0.007592 -0.009772 -0.010846
0 0.006515 0.007592 -0.009772 -0.010846
0 0.006515 0.007592 -0.009772 -0.010846
0 0.004072 0.007592 -0.004886 -0.010846
0 0.006515 0.007592 -0.009772 -0.010846
0 0.006515 0.007592 -0.009772 -0.010846
0 0.006515 0.007592 -0.009772 -0.010846
0 0.004072 0.007592 -0.004886 -0.010846
0 0.006515 0.007592 -0.009772 -0.010846
0 0.004072 0.007592 -0.004886 -0.010846
0 0.006515 0.007592 -0.009772 -0.010846
0 0.006515 0.007592 -0.009772 -0.010846
0 0.006515 0.007592 -0.009772 -0.010846
0 0.004072 0.007592 -0.004886 -0.010846
0 0.026059 0.033623 -0.048860 -0.067245
0 0.006515 0.007592 -0.009772 -0.010846
0 0.006515 0.007592 -0.009772 -0.010846
0 0.009772 0.014100 -0.016287 -0.023861
0 0.006515 0.007592 -0.009772 -0.010846
0 0.006515 0.007592 -0.009772 -0.010846
0 0.006515 0.007592 -0.009772 -0.010846
0 0.004072 0.007592 -0.004886 -0.010846
0 0.006515 0.007592 -0.009772 -0.010846
0 0.006515 0.007592 -0.009772 -0.010846
0 0.004072 0.007592 -0.004886 -0.010846
0 0.004072 0.007592 -0.004886 -0.010846
0 0.004072 0.007592 -0.004886 -0.010846
0 0.009772 0.014100 -0.016287 -0.023861
0 0.004072 0.007592 -0.004886 -0.010846
0 0.006515 0.007592 -0.009772 -0.010846
0 0.006515 0.007592 -0.009772 -0.010846
0 0.004072 0.007592 -0.004886 -0.010846
0 0.006515 0.007592 -0.009772 -0.010846
0 0.021173 0.031453 -0.039088 -0.062907
0 0.006515 0.007592 -0.009772 -0.010846
0 0.006515 0.007592 -0.009772 -0.010846
0 0.008958 0.013015 -0.014658 -0.021692
0 0.009772 0.013015 -0.016287 -0.026030
0 0.006515 0.007592 -0.009772 -0.010846
0 0.004072 0.007592 -0.004886 -0.010846
0 0.009772 0.014100 -0.016287 -0.023861
0 0.006515 0.007592 -0.009772 -0.010846
0 0.006515 0.007592 -0.009772 -0.010846
0 0.008958 0.011931 -0.014658 -0.023861
0 0.006515 0.007592 -0.009772 -0.010846
0 0.013029 0.019523 -0.022801 -0.034707
0 0.008958 0.013015 -0.014658 -0.021692
0 0.006515 0.007592 -0.009772 -0.010846
0 0.006515 0.007592 -0.009772 -0.010846
0 0.006515 0.007592 -0.009772 -0.010846
0 0.006515 0.007592 -0.009772 -0.010846
0 0.006515 0.007592 -0.009772 -0.010846
0 0.008958 0.013015 -0.014658 -0.021692
0 0.004072 0.007592 -0.004886 -0.010846
0 0.006515 0.007592 -0.009772 -0.010846
0 0.006515 0.007592 -0.009772 -0.010846
0 0.008958 0.013015 -0.014658 -0.021692
0 0.006515 0.007592 -0.009772 -0.010846
0 0.006515 0.007592 -0.009772 -0.010846
0 0.004072 0.007592 -0.004886 -0.010846
0 0.006515 0.007592 -0.009772 -0.010846
0 0.006515 0.007592 -0.009772 -0.010846
0 0.006515 0.007592 -0.009772 -0.010846
0 0.006515 0.007592 -0.009772 -0.010846
0 0.006515 0.007592 -0.009772 -0.010846
0 0.004072 0.007592 -0.004886 -0.010846
0 0.006515 0.007592 -0.009772 -0.010846
0 0.006515 0.007592 -0.009772 -0.010846
0 0.006515 0.007592 -0.009772 -0.010846
0 0.013029 0.019523 -0.022801 -0.034707
0 0.004072 0.007592 -0.004886 -0.010846
0 0.004072 0.007592 -0.004886 -0.010846
0 0.009772 0.013015 -0.016287 -0.026030
0 0.008958 0.011931 -0.014658 -0.023861
0 0.006515 0.007592 -0.009772 -0.010846
0 0.007329 0.008677 -0.011401 -0.013015
0 0.006515 0.007592 -0.009772 -0.010846
0 0.006515 0.007592 -0.009772 -0.010846
0 0.004072 0.007592 -0.004886 -0.010846
0 0.004072 0.007592 -0.004886 -0.010846
0 0.006515 0.007592 -0.009772 -0.010846
0 0.008958 0.013015 -0.014658 -0.021692
0 0.009772 0.014100 -0.016287 -0.023861
0 0.006515 0.007592 -0.009772 -0.010846
0 0.004072 0.007592 -0.004886 -0.010846
0 0.006515 0.007592 -0.009772 -0.010846
0 0.006515 0.007592 -0.009772 -0.010846
0 0.006515 0.007592 -0.009772 -0.010846
0 0.021173 0.031453 -0.039088 -0.062907
0 0.026059 0.033623 -0.048860 -0.067245
0 0.007329 0.008677 -0.011401 -0.013015
0 0.006515 0.007592 -0.009772 -0.010846
0 0.006515 0.007592 -0.009772 -0.010846
0 0.006515 0.007592 -0.009772 -0.010846
0 0.004072 0.007592 -0.004886 -0.010846
0 0.006515 0.007592 -0.009772 -0.010846
0 0.006515 0.007592 -0.009772 -0.010846
0 0.006515 0.007592 -0.009772 -0.010846
0 0.004072 0.007592 -0.004886 -0.010846
0 0.006515 0.007592 -0.009772 -0.010846
0 0.006515 0.007592 -0.009772 -0.010846
0 0.006515 0.007592 -0.009772 -0.010846
0 0.021173 0.031453 -0.039088 -0.062907
0 0.006515 0.007592 -0.009772 -0.010846
0 0.006515 0.007592 -0.009772 -0.010846
0 0.006515 0.007592 -0.009772 -0.010846
0 0.004072 0.007592 -0.004886 -0.010846
0 0.008958 0.013015 -0.014658 -0.021692