0 0.025294 0.051087 -0.049412 -0.102174
0 0.016765 0.037500 -0.032353 -0.075000
0 0.010882 0.026087 -0.020588 -0.052174
0 0.025294 0.051087 -0.049412 -0.102174
0 0.012647 0.030435 -0.024118 -0.060870
0 0.025294 0.051087 -0.049412 -0.102174
0 0.007941 0.017391 -0.014706 -0.034783
0 0.011471 0.027174 -0.021765 -0.054348
0 0.016765 0.037500 -0.032353 -0.075000
0 0.039412 0.080978 -0.077647 -0.161957
0 0.016765 0.037500 -0.032353 -0.075000
0 0.022647 0.059239 -0.044118 -0.118478
0 0.009412 0.017935 -0.017647 -0.035870
0 0.022647 0.059239 -0.044118 -0.118478
0 0.041765 0.095652 -0.082353 -0.191304
0 0.008235 0.015761 -0.015294 -0.031522
0 0.025294 0.051087 -0.049412 -0.102174
0 0.022647 0.059239 -0.044118 -0.118478
0 0.010882 0.026087 -0.020588 -0.052174
0 0.009412 0.017935 -0.017647 -0.035870
0 0.013235 0.032065 -0.025294 -0.064130
0 0.033824 0.073913 -0.066471 -0.147826
0 0.010882 0.026087 -0.020588 -0.052174
0 0.013235 0.032065 -0.025294 -0.064130
0 0.008235 0.015761 -0.015294 -0.031522
0 0.010882 0.026087 -0.020588 -0.052174
0 0.012647 0.030435 -0.024118 -0.060870
0 0.011471 0.027174 -0.021765 -0.054348
0 0.024706 0.056522 -0.048235 -0.113043
0 0.016765 0.037500 -0.032353 -0.075000
0 0.007941 0.017391 -0.014706 -0.034783
0 0.017647 0.037500 -0.034118 -0.075000
0 0.010882 0.026087 -0.020588 -0.052174
0 0.011471 0.027174 -0.021765 -0.054348
0 0.017647 0.039674 -0.034118 -0.079348
0 0.012647 0.030435 -0.024118 -0.060870
0 0.011471 0.027174 -0.021765 -0.054348
0 0.016765 0.037500 -0.032353 -0.075000
0 0.016765 0.037500 -0.032353 -0.075000
0 0.012647 0.030435 -0.024118 -0.060870
0 0.024706 0.056522 -0.048235 -0.113043
0 0.022647 0.059239 -0.044118 -0.118478
0 0.025294 0.051087 -0.049412 -0.102174
0 0.039412 0.080978 -0.077647 -0.161957
0 0.011471 0.027174 -0.021765 -0.054348
0 0.007941 0.017391 -0.014706 -0.034783
0 0.010882 0.026087 -0.020588 -0.052174
0 0.007941 0.017391 -0.014706 -0.034783
0 0.039412 0.080978 -0.077647 -0.161957
0 0.026471 0.048370 -0.051765 -0.096739