0 0.003472 0.006779 -0.006448 -0.013558
0 0.005456 0.007110 -0.010417 -0.014220
0 0.005456 0.008102 -0.010417 -0.016204
0 0.026414 0.037698 -0.052331 -0.075397
0 0.001612 0.001984 -0.002728 -0.003968
0 0.005828 0.008433 -0.011161 -0.016865
0 0.002852 0.003307 -0.005208 -0.006614
0 0.005456 0.008102 -0.010417 -0.016204
0 0.004960 0.009921 -0.009425 -0.019841
0 0.004588 0.007771 -0.008681 -0.015542
0 0.001612 0.001984 -0.002728 -0.003968
0 0.004960 0.009921 -0.009425 -0.019841
0 0.002852 0.003307 -0.005208 -0.006614
0 0.005704 0.007440 -0.010913 -0.014881
0 0.004588 0.007771 -0.008681 -0.015542
0 0.004588 0.007771 -0.008681 -0.015542
0 0.006448 0.009425 -0.012401 -0.018849
0 0.005208 0.008267 -0.009921 -0.016534
0 0.004588 0.007771 -0.008681 -0.015542
0 0.006448 0.009425 -0.012401 -0.018849
0 0.005456 0.008102 -0.010417 -0.016204
0 0.012525 0.015873 -0.024554 -0.031746
0 0.002852 0.003307 -0.005208 -0.006614
0 0.005456 0.008102 -0.010417 -0.016204
0 0.004960 0.009921 -0.009425 -0.019841
0 0.003472 0.006779 -0.006448 -0.013558
0 0.009177 0.015377 -0.017857 -0.030754
0 0.006324 0.008763 -0.012153 -0.017526
0 0.005456 0.007110 -0.010417 -0.014220
0 0.006448 0.009425 -0.012401 -0.018849
0 0.004960 0.009921 -0.009425 -0.019841
0 0.008185 0.010913 -0.015873 -0.021825
0 0.005456 0.007110 -0.010417 -0.014220
0 0.006448 0.009425 -0.012401 -0.018849
0 0.005208 0.008267 -0.009921 -0.016534
0 0.006448 0.009425 -0.012401 -0.018849
0 0.003968 0.007275 -0.007440 -0.014550
0 0.004588 0.007771 -0.008681 -0.015542
0 0.005580 0.009425 -0.010665 -0.018849
0 0.005952 0.009755 -0.011409 -0.019511
0 0.005456 0.008102 -0.010417 -0.016204
0 0.004960 0.009921 -0.009425 -0.019841
0 0.001612 0.001984 -0.002728 -0.003968
0 0.001612 0.001984 -0.002728 -0.003968
0 0.002852 0.003307 -0.005208 -0.006614
0 0.003472 0.006779 -0.006448 -0.013558
0 0.004960 0.009921 -0.009425 -0.019841
0 0.005704 0.007440 -0.010913 -0.014881
0 0.026414 0.037698 -0.052331 -0.075397
0 0.007068 0.009755 -0.013641 -0.019511
0 0.004960 0.009755 -0.009425 -0.019511
0 0.005580 0.009425 -0.010665 -0.018849
0 0.004960 0.009921 -0.009425 -0.019841
0 0.004960 0.009921 -0.009425 -0.019841
0 0.005704 0.007440 -0.010913 -0.014881
0 0.005456 0.007110 -0.010417 -0.014220
0 0.005456 0.008102 -0.010417 -0.016204
0 0.004960 0.009755 -0.009425 -0.019511
0 0.005952 0.009755 -0.011409 -0.019511
0 0.003472 0.006779 -0.006448 -0.013558
0 0.004960 0.009921 -0.009425 -0.019841
0 0.002852 0.003307 -0.005208 -0.006614
0 0.008185 0.010913 -0.015873 -0.021825
0 0.003472 0.006779 -0.006448 -0.013558
0 0.012525 0.015873 -0.024554 -0.031746
0 0.006572 0.010086 -0.012649 -0.020172
0 0.003472 0.006779 -0.006448 -0.013558
0 0.026414 0.037698 -0.052331 -0.075397
0 0.003472 0.006779 -0.006448 -0.013558
0 0.005704 0.007440 -0.010913 -0.014881
0 0.003968 0.007275 -0.007440 -0.014550
0 0.002852 0.003307 -0.005208 -0.006614
0 0.004960 0.009755 -0.009425 -0.019511