0 0.009211 0.015789 -0.013158 -0.024561
0 0.009211 0.015789 -0.013158 -0.024561
0 0.010526 0.015789 -0.015789 -0.024561
0 0.009211 0.015789 -0.013158 -0.024561
0 0.010526 0.015789 -0.015789 -0.024561
0 0.009211 0.015789 -0.013158 -0.024561
0 0.010526 0.015789 -0.015789 -0.024561
0 0.009211 0.015789 -0.013158 -0.024561
0 0.010526 0.015789 -0.015789 -0.024561
0 0.009211 0.015789 -0.013158 -0.024561
0 0.009211 0.015789 -0.013158 -0.024561
0 0.009211 0.015789 -0.013158 -0.024561
0 0.009211 0.015789 -0.013158 -0.024561
0 0.010526 0.015789 -0.015789 -0.024561
0 0.009211 0.015789 -0.013158 -0.024561
0 0.009211 0.015789 -0.013158 -0.024561
0 0.010526 0.015789 -0.015789 -0.024561
0 0.009211 0.015789 -0.013158 -0.024561
0 0.009211 0.015789 -0.013158 -0.024561
0 0.009211 0.015789 -0.013158 -0.024561
0 0.010526 0.015789 -0.015789 -0.024561
0 0.009211 0.015789 -0.013158 -0.024561
0 0.009211 0.015789 -0.013158 -0.024561
0 0.010526 0.015789 -0.015789 -0.024561
0 0.009211 0.015789 -0.013158 -0.024561
0 0.009211 0.015789 -0.013158 -0.024561
0 0.009211 0.015789 -0.013158 -0.024561
0 0.009211 0.015789 -0.013158 -0.024561
0 0.009211 0.015789 -0.013158 -0.024561
0 0.010526 0.015789 -0.015789 -0.024561
0 0.009211 0.015789 -0.013158 -0.024561
0 0.009211 0.015789 -0.013158 -0.024561
0 0.010526 0.015789 -0.015789 -0.024561
0 0.009211 0.015789 -0.013158 -0.024561
0 0.010526 0.015789 -0.015789 -0.024561
0 0.010526 0.015789 -0.015789 -0.024561
0 0.009211 0.015789 -0.013158 -0.024561
0 0.009211 0.015789 -0.013158 -0.024561
0 0.009211 0.015789 -0.013158 -0.024561
0 0.009211 0.015789 -0.013158 -0.024561
0 0.009211 0.015789 -0.013158 -0.024561
0 0.009211 0.015789 -0.013158 -0.024561
0 0.009211 0.015789 -0.013158 -0.024561
0 0.010526 0.015789 -0.015789 -0.024561
0 0.009211 0.015789 -0.013158 -0.024561
0 0.009211 0.015789 -0.013158 -0.024561
0 0.010526 0.015789 -0.015789 -0.024561
0 0.009211 0.015789 -0.013158 -0.024561
0 0.009211 0.015789 -0.013158 -0.024561
0 0.009211 0.015789 -0.013158 -0.024561
0 0.009211 0.015789 -0.013158 -0.024561
0 0.010526 0.015789 -0.015789 -0.024561
0 0.010526 0.015789 -0.015789 -0.024561
0 0.022368 0.031579 -0.039474 -0.063158
0 0.009211 0.015789 -0.013158 -0.024561
0 0.009211 0.015789 -0.013158 -0.024561
0 0.009211 0.015789 -0.013158 -0.024561
0 0.010526 0.015789 -0.015789 -0.024561
0 0.009211 0.015789 -0.013158 -0.024561
0 0.009211 0.015789 -0.013158 -0.024561
0 0.009211 0.015789 -0.013158 -0.024561
0 0.009211 0.015789 -0.013158 -0.024561
0 0.010526 0.015789 -0.015789 -0.024561
0 0.010526 0.015789 -0.015789 -0.024561
0 0.009211 0.015789 -0.013158 -0.024561
0 0.010526 0.015789 -0.015789 -0.024561
0 0.010526 0.015789 -0.015789 -0.024561
0 0.009211 0.015789 -0.013158 -0.024561
0 0.010526 0.015789 -0.015789 -0.024561
0 0.010526 0.015789 -0.015789 -0.024561
0 0.009211 0.015789 -0.013158 -0.024561
0 0.009211 0.015789 -0.013158 -0.024561
0 0.009211 0.015789 -0.013158 -0.024561
0 0.010526 0.015789 -0.015789 -0.024561
0 0.009211 0.015789 -0.013158 -0.024561
0 0.009211 0.015789 -0.013158 -0.024561
0 0.009211 0.015789 -0.013158 -0.024561
0 0.009211 0.015789 -0.013158 -0.024561
0 0.009211 0.015789 -0.013158 -0.024561
0 0.009211 0.015789 -0.013158 -0.024561
0 0.009211 0.015789 -0.013158 -0.024561
0 0.009211 0.015789 -0.013158 -0.024561
0 0.010526 0.015789 -0.015789 -0.024561
0 0.010526 0.015789 -0.015789 -0.024561
0 0.009211 0.015789 -0.013158 -0.024561
0 0.009211 0.015789 -0.013158 -0.024561
0 0.009211 0.015789 -0.013158 -0.024561
0 0.010526 0.015789 -0.015789 -0.024561
0 0.009211 0.015789 -0.013158 -0.024561
0 0.009211 0.015789 -0.013158 -0.024561
0 0.010526 0.015789 -0.015789 -0.024561
0 0.009211 0.015789 -0.013158 -0.024561
0 0.009211 0.015789 -0.013158 -0.024561
0 0.010526 0.015789 -0.015789 -0.024561
0 0.009211 0.015789 -0.013158 -0.024561
0 0.010526 0.015789 -0.015789 -0.024561
0 0.009211 0.015789 -0.013158 -0.024561
0 0.009211 0.015789 -0.013158 -0.024561
0 0.009211 0.015789 -0.013158 -0.024561
0 0.010526 0.015789 -0.015789 -0.024561
0 0.010526 0.015789 -0.015789 -0.024561
0 0.010526 0.015789 -0.015789 -0.024561
0 0.009211 0.015789 -0.013158 -0.024561
0 0.009211 0.015789 -0.013158 -0.024561
0 0.010526 0.015789 -0.015789 -0.024561
0 0.010526 0.015789 -0.015789 -0.024561
0 0.010526 0.015789 -0.015789 -0.024561
0 0.010526 0.015789 -0.015789 -0.024561
0 0.009211 0.015789 -0.013158 -0.024561
0 0.022368 0.031579 -0.039474 -0.063158
0 0.009211 0.015789 -0.013158 -0.024561
0 0.009211 0.015789 -0.013158 -0.024561
0 0.009211 0.015789 -0.013158 -0.024561
0 0.009211 0.015789 -0.013158 -0.024561
0 0.010526 0.015789 -0.015789 -0.024561
0 0.009211 0.015789 -0.013158 -0.024561
0 0.009211 0.015789 -0.013158 -0.024561
0 0.010526 0.015789 -0.015789 -0.024561
0 0.010526 0.015789 -0.015789 -0.024561
0 0.009211 0.015789 -0.013158 -0.024561
0 0.010526 0.015789 -0.015789 -0.024561
0 0.009211 0.015789 -0.013158 -0.024561
0 0.010526 0.015789 -0.015789 -0.024561
0 0.009211 0.015789 -0.013158 -0.024561
0 0.009211 0.015789 -0.013158 -0.024561