0 0.005729 0.010156 -0.009375 -0.017188
0 0.005729 0.010156 -0.009375 -0.017188
0 0.005729 0.010156 -0.009375 -0.017188
0 0.005729 0.010156 -0.009375 -0.017188
0 0.005729 0.010156 -0.009375 -0.017188
0 0.022396 0.042969 -0.042708 -0.085938
0 0.028646 0.043750 -0.055208 -0.087500
0 0.005729 0.010156 -0.009375 -0.017188
0 0.005729 0.010156 -0.009375 -0.017188
0 0.005729 0.010156 -0.009375 -0.017188
0 0.005208 0.008594 -0.008333 -0.014063
0 0.022396 0.042969 -0.042708 -0.085938
0 0.005208 0.008594 -0.008333 -0.014063
0 0.003646 0.007031 -0.005208 -0.010937
0 0.021354 0.045312 -0.040625 -0.090625
0 0.022917 0.037500 -0.043750 -0.075000
0 0.005729 0.009375 -0.009375 -0.018750
0 0.003646 0.007031 -0.005208 -0.010937
0 0.005208 0.008594 -0.008333 -0.014063
0 0.005729 0.010156 -0.009375 -0.017188
0 0.005729 0.010156 -0.009375 -0.017188
0 0.005208 0.008594 -0.008333 -0.014063
0 0.006771 0.012500 -0.011458 -0.021875
0 0.028646 0.043750 -0.055208 -0.087500
0 0.005208 0.008594 -0.008333 -0.014063
0 0.022396 0.042969 -0.042708 -0.085938
0 0.022396 0.042969 -0.042708 -0.085938
0 0.018750 0.037500 -0.035417 -0.075000
0 0.018750 0.037500 -0.035417 -0.075000
0 0.005729 0.009375 -0.009375 -0.018750
0 0.005208 0.008594 -0.008333 -0.014063
0 0.005729 0.010156 -0.009375 -0.017188
0 0.005208 0.008594 -0.008333 -0.014063
0 0.005729 0.010156 -0.009375 -0.017188
0 0.005729 0.010156 -0.009375 -0.017188
0 0.006771 0.012500 -0.011458 -0.021875
0 0.005208 0.008594 -0.008333 -0.014063
0 0.005208 0.008594 -0.008333 -0.014063
0 0.003646 0.007031 -0.005208 -0.010937
0 0.005208 0.008594 -0.008333 -0.014063
0 0.005729 0.010156 -0.009375 -0.017188
0 0.005729 0.010156 -0.009375 -0.017188
0 0.005729 0.010156 -0.009375 -0.017188
0 0.005729 0.010156 -0.009375 -0.017188
0 0.003646 0.007031 -0.005208 -0.010937
0 0.028646 0.043750 -0.055208 -0.087500
0 0.005208 0.008594 -0.008333 -0.014063
0 0.005729 0.010156 -0.009375 -0.017188
0 0.021354 0.045312 -0.040625 -0.090625
0 0.022396 0.042969 -0.042708 -0.085938
0 0.005729 0.010156 -0.009375 -0.017188
0 0.021354 0.045312 -0.040625 -0.090625
0 0.003646 0.007031 -0.005208 -0.010937
0 0.005729 0.010156 -0.009375 -0.017188
0 0.018750 0.037500 -0.035417 -0.075000
0 0.005208 0.008594 -0.008333 -0.014063
0 0.005729 0.010156 -0.009375 -0.017188
0 0.005729 0.010156 -0.009375 -0.017188
0 0.005729 0.010156 -0.009375 -0.017188
0 0.005208 0.008594 -0.008333 -0.014063
0 0.021354 0.045312 -0.040625 -0.090625
0 0.028646 0.043750 -0.055208 -0.087500
0 0.005729 0.010156 -0.009375 -0.017188
0 0.005729 0.010156 -0.009375 -0.017188
0 0.005729 0.010156 -0.009375 -0.017188
0 0.005729 0.010156 -0.009375 -0.017188
0 0.005729 0.010156 -0.009375 -0.017188
0 0.005729 0.010156 -0.009375 -0.017188
0 0.028646 0.043750 -0.055208 -0.087500
0 0.003646 0.007031 -0.005208 -0.010937
0 0.021354 0.045312 -0.040625 -0.090625
0 0.005729 0.010156 -0.009375 -0.017188
0 0.021354 0.045312 -0.040625 -0.090625
0 0.028646 0.043750 -0.055208 -0.087500
0 0.005729 0.010156 -0.009375 -0.017188
0 0.028646 0.043750 -0.055208 -0.087500