0 0.022422 0.039496 -0.042601 -0.078992
0 0.008688 0.014706 -0.015135 -0.029412
0 0.001962 0.004202 -0.002803 -0.006723
0 0.011211 0.024790 -0.021300 -0.049580
0 0.022422 0.039496 -0.042601 -0.078992
0 0.004484 0.008824 -0.007848 -0.015966
0 0.004484 0.008403 -0.007848 -0.016807
0 0.011211 0.024790 -0.021300 -0.049580
0 0.001962 0.004202 -0.002803 -0.006723
0 0.011211 0.024790 -0.021300 -0.049580
0 0.008408 0.014706 -0.015695 -0.029412
0 0.004484 0.008403 -0.007848 -0.016807
0 0.022141 0.039496 -0.043161 -0.078992
0 0.022422 0.039496 -0.042601 -0.078992
0 0.008408 0.014706 -0.015695 -0.029412
0 0.004484 0.008824 -0.007848 -0.015966
0 0.004484 0.008403 -0.007848 -0.016807
0 0.022141 0.039496 -0.043161 -0.078992
0 0.008408 0.014706 -0.015695 -0.029412
0 0.008688 0.014706 -0.015135 -0.029412
0 0.004484 0.008403 -0.007848 -0.016807
0 0.011211 0.024790 -0.021300 -0.049580
0 0.008408 0.014706 -0.015695 -0.029412
0 0.022422 0.039496 -0.042601 -0.078992
0 0.022141 0.039496 -0.043161 -0.078992
0 0.008408 0.014706 -0.015695 -0.029412
0 0.008688 0.014706 -0.015135 -0.029412
0 0.004484 0.008824 -0.007848 -0.015966
0 0.008408 0.014706 -0.015695 -0.029412
0 0.008408 0.014706 -0.015695 -0.029412
0 0.008408 0.014706 -0.015695 -0.029412
0 0.004484 0.008403 -0.007848 -0.016807
0 0.004484 0.008403 -0.007848 -0.016807
0 0.004484 0.008824 -0.007848 -0.015966
0 0.011491 0.024790 -0.020740 -0.049580
0 0.004484 0.008824 -0.007848 -0.015966
0 0.004484 0.008403 -0.007848 -0.016807
0 0.008408 0.014706 -0.015695 -0.029412
0 0.004484 0.008403 -0.007848 -0.016807
0 0.004484 0.008403 -0.007848 -0.016807
0 0.004484 0.008403 -0.007848 -0.016807
0 0.008408 0.014706 -0.015695 -0.029412
0 0.011211 0.024790 -0.021300 -0.049580
0 0.011211 0.024790 -0.021300 -0.049580
0 0.001962 0.004202 -0.002803 -0.006723
0 0.004484 0.008403 -0.007848 -0.016807
0 0.011211 0.024790 -0.021300 -0.049580
0 0.008688 0.014706 -0.015135 -0.029412
0 0.006446 0.011345 -0.011771 -0.022689
0 0.004484 0.008403 -0.007848 -0.016807
0 0.008688 0.014706 -0.015135 -0.029412
0 0.008408 0.014706 -0.015695 -0.029412
0 0.007287 0.013025 -0.013453 -0.026050
0 0.011211 0.024790 -0.021300 -0.049580
0 0.008688 0.014706 -0.015135 -0.029412
0 0.004484 0.008403 -0.007848 -0.016807
0 0.004484 0.008403 -0.007848 -0.016807
0 0.001962 0.004202 -0.002803 -0.006723
0 0.004484 0.008403 -0.007848 -0.016807
0 0.004484 0.008824 -0.007848 -0.015966
0 0.004484 0.008824 -0.007848 -0.015966
0 0.004484 0.008403 -0.007848 -0.016807
0 0.011211 0.024790 -0.021300 -0.049580
0 0.022422 0.039496 -0.042601 -0.078992
0 0.001962 0.004202 -0.002803 -0.006723
0 0.004484 0.008403 -0.007848 -0.016807
0 0.008408 0.014706 -0.015695 -0.029412
0 0.004484 0.008403 -0.007848 -0.016807
0 0.004484 0.008403 -0.007848 -0.016807
0 0.011211 0.024790 -0.021300 -0.049580
0 0.008408 0.014706 -0.015695 -0.029412
0 0.011211 0.024790 -0.021300 -0.049580
0 0.008408 0.014706 -0.015695 -0.029412
0 0.001962 0.004202 -0.002803 -0.006723
0 0.011211 0.024790 -0.021300 -0.049580
0 0.022141 0.039496 -0.043161 -0.078992
0 0.008408 0.014706 -0.015695 -0.029412
0 0.004484 0.008403 -0.007848 -0.016807
0 0.008688 0.014706 -0.015135 -0.029412
0 0.008408 0.014706 -0.015695 -0.029412
0 0.008408 0.014706 -0.015695 -0.029412
0 0.004484 0.008824 -0.007848 -0.015966
0 0.001962 0.004202 -0.002803 -0.006723
0 0.008408 0.014706 -0.015695 -0.029412
0 0.011491 0.024790 -0.020740 -0.049580
0 0.011491 0.024790 -0.020740 -0.049580
0 0.004484 0.008824 -0.007848 -0.015966
0 0.008408 0.014706 -0.015695 -0.029412
0 0.008688 0.014706 -0.015135 -0.029412
0 0.001962 0.004202 -0.002803 -0.006723
0 0.008408 0.014706 -0.015695 -0.029412
0 0.008408 0.014706 -0.015695 -0.029412
0 0.007287 0.013025 -0.013453 -0.026050
0 0.004484 0.008403 -0.007848 -0.016807
0 0.008408 0.014706 -0.015695 -0.029412
0 0.011211 0.024790 -0.021300 -0.049580
0 0.011211 0.024790 -0.021300 -0.049580
0 0.011211 0.024790 -0.021300 -0.049580
0 0.008408 0.014706 -0.015695 -0.029412
0 0.011491 0.024790 -0.020740 -0.049580
0 0.004484 0.008824 -0.007848 -0.015966
0 0.008408 0.014706 -0.015695 -0.029412
0 0.011491 0.024790 -0.020740 -0.049580
0 0.004484 0.008403 -0.007848 -0.016807
0 0.004484 0.008403 -0.007848 -0.016807
0 0.008408 0.014706 -0.015695 -0.029412
0 0.004484 0.008403 -0.007848 -0.016807
0 0.011211 0.024790 -0.021300 -0.049580
0 0.004484 0.008403 -0.007848 -0.016807
0 0.022422 0.039496 -0.042601 -0.078992
0 0.011211 0.024790 -0.021300 -0.049580
0 0.011211 0.024790 -0.021300 -0.049580
0 0.022141 0.039496 -0.043161 -0.078992
0 0.001962 0.004202 -0.002803 -0.006723
0 0.008408 0.014706 -0.015695 -0.029412
0 0.011491 0.024790 -0.020740 -0.049580
0 0.004484 0.008403 -0.007848 -0.016807
0 0.011211 0.024790 -0.021300 -0.049580
0 0.022141 0.039496 -0.043161 -0.078992
0 0.008408 0.014706 -0.015695 -0.029412
0 0.019339 0.035714 -0.037556 -0.071429
0 0.008408 0.014706 -0.015695 -0.029412
0 0.008408 0.014706 -0.015695 -0.029412
0 0.008688 0.014706 -0.015135 -0.029412
0 0.008408 0.014706 -0.015695 -0.029412
0 0.011211 0.024790 -0.021300 -0.049580
0 0.011211 0.024790 -0.021300 -0.049580
0 0.008408 0.014706 -0.015695 -0.029412
0 0.004484 0.008403 -0.007848 -0.016807
0 0.022141 0.039496 -0.043161 -0.078992
0 0.008408 0.014706 -0.015695 -0.029412
0 0.004484 0.008403 -0.007848 -0.016807
0 0.008408 0.014706 -0.015695 -0.029412
0 0.004484 0.008403 -0.007848 -0.016807
0 0.011211 0.024790 -0.021300 -0.049580
0 0.004484 0.008403 -0.007848 -0.016807
0 0.008408 0.014706 -0.015695 -0.029412
0 0.022422 0.039496 -0.042601 -0.078992
0 0.022422 0.039496 -0.042601 -0.078992
0 0.008408 0.014706 -0.015695 -0.029412
0 0.004484 0.008403 -0.007848 -0.016807
0 0.004484 0.008403 -0.007848 -0.016807
0 0.008688 0.014706 -0.015135 -0.029412
0 0.011211 0.024790 -0.021300 -0.049580
0 0.004484 0.008403 -0.007848 -0.016807
0 0.008408 0.014706 -0.015695 -0.029412
0 0.004484 0.008403 -0.007848 -0.016807
0 0.022141 0.039496 -0.043161 -0.078992
0 0.004484 0.008824 -0.007848 -0.015966
0 0.008408 0.014706 -0.015695 -0.029412
0 0.008408 0.014706 -0.015695 -0.029412
0 0.001962 0.004202 -0.002803 -0.006723
0 0.008408 0.014706 -0.015695 -0.029412
0 0.011211 0.024790 -0.021300 -0.049580
0 0.011211 0.024790 -0.021300 -0.049580
0 0.004484 0.008403 -0.007848 -0.016807
0 0.011491 0.024790 -0.020740 -0.049580
0 0.004484 0.008403 -0.007848 -0.016807
0 0.008408 0.014706 -0.015695 -0.029412
0 0.011491 0.024790 -0.020740 -0.049580
0 0.011211 0.024790 -0.021300 -0.049580
0 0.011211 0.024790 -0.021300 -0.049580
0 0.011211 0.024790 -0.021300 -0.049580
0 0.004484 0.008824 -0.007848 -0.015966
0 0.022141 0.039496 -0.043161 -0.078992
0 0.022422 0.039496 -0.042601 -0.078992
0 0.004484 0.008403 -0.007848 -0.016807
0 0.004484 0.008403 -0.007848 -0.016807
0 0.001962 0.004202 -0.002803 -0.006723
0 0.008408 0.014706 -0.015695 -0.029412
0 0.004484 0.008403 -0.007848 -0.016807
0 0.004484 0.008403 -0.007848 -0.016807
0 0.022141 0.039496 -0.043161 -0.078992
0 0.008408 0.014706 -0.015695 -0.029412
0 0.008408 0.014706 -0.015695 -0.029412
0 0.004484 0.008403 -0.007848 -0.016807
0 0.011211 0.024790 -0.021300 -0.049580
0 0.004484 0.008824 -0.007848 -0.015966
0 0.001962 0.004202 -0.002803 -0.006723
0 0.004765 0.008403 -0.007287 -0.016807
0 0.004484 0.008403 -0.007848 -0.016807
0 0.008408 0.014706 -0.015695 -0.029412
0 0.011211 0.024790 -0.021300 -0.049580
0 0.001962 0.004202 -0.002803 -0.006723
0 0.004484 0.008824 -0.007848 -0.015966
0 0.011211 0.024790 -0.021300 -0.049580
0 0.008408 0.014706 -0.015695 -0.029412
0 0.004484 0.008403 -0.007848 -0.016807
0 0.011491 0.024790 -0.020740 -0.049580
0 0.004484 0.008824 -0.007848 -0.015966
0 0.008408 0.014706 -0.015695 -0.029412
0 0.008688 0.014706 -0.015135 -0.029412
0 0.004484 0.008824 -0.007848 -0.015966
0 0.004484 0.008824 -0.007848 -0.015966
0 0.008688 0.014706 -0.015135 -0.029412
0 0.011211 0.024790 -0.021300 -0.049580
0 0.008408 0.014706 -0.015695 -0.029412
0 0.011211 0.024790 -0.021300 -0.049580
0 0.004484 0.008403 -0.007848 -0.016807
0 0.022422 0.039496 -0.042601 -0.078992
0 0.008408 0.014706 -0.015695 -0.029412
0 0.001962 0.004202 -0.002803 -0.006723
0 0.004484 0.008403 -0.007848 -0.016807
0 0.011211 0.024790 -0.021300 -0.049580
0 0.004484 0.008403 -0.007848 -0.016807
0 0.008408 0.014706 -0.015695 -0.029412
0 0.011211 0.024790 -0.021300 -0.049580
0 0.004484 0.008824 -0.007848 -0.015966
0 0.004484 0.008403 -0.007848 -0.016807
0 0.004484 0.008403 -0.007848 -0.016807
0 0.022141 0.039496 -0.043161 -0.078992
0 0.008408 0.014706 -0.015695 -0.029412
0 0.008408 0.014706 -0.015695 -0.029412
0 0.008408 0.014706 -0.015695 -0.029412
0 0.004484 0.008403 -0.007848 -0.016807
0 0.008408 0.014706 -0.015695 -0.029412
0 0.004484 0.008824 -0.007848 -0.015966
0 0.008408 0.014706 -0.015695 -0.029412
0 0.011491 0.024790 -0.020740 -0.049580
0 0.008408 0.014706 -0.015695 -0.029412
0 0.008408 0.014706 -0.015695 -0.029412
0 0.008408 0.014706 -0.015695 -0.029412
0 0.011211 0.024790 -0.021300 -0.049580
0 0.004484 0.008403 -0.007848 -0.016807
0 0.004484 0.008403 -0.007848 -0.016807
0 0.004484 0.008824 -0.007848 -0.015966
0 0.004484 0.008403 -0.007848 -0.016807
0 0.001962 0.004202 -0.002803 -0.006723
0 0.008408 0.014706 -0.015695 -0.029412
0 0.004484 0.008824 -0.007848 -0.015966
0 0.004484 0.008403 -0.007848 -0.016807
0 0.022141 0.039496 -0.043161 -0.078992
0 0.011211 0.024790 -0.021300 -0.049580
0 0.022141 0.039496 -0.043161 -0.078992
0 0.010650 0.022269 -0.019058 -0.044538
0 0.011211 0.024790 -0.021300 -0.049580
0 0.008408 0.014706 -0.015695 -0.029412
0 0.001962 0.004202 -0.002803 -0.006723
0 0.011491 0.024790 -0.020740 -0.049580
0 0.004484 0.008403 -0.007848 -0.016807
0 0.011211 0.024790 -0.021300 -0.049580
0 0.004484 0.008403 -0.007848 -0.016807
0 0.004484 0.008403 -0.007848 -0.016807
0 0.008408 0.014706 -0.015695 -0.029412
0 0.011211 0.024790 -0.021300 -0.049580
0 0.008688 0.014706 -0.015135 -0.029412
0 0.008408 0.014706 -0.015695 -0.029412
0 0.008688 0.014706 -0.015135 -0.029412
0 0.008408 0.014706 -0.015695 -0.029412
0 0.004484 0.008403 -0.007848 -0.016807
0 0.008408 0.014706 -0.015695 -0.029412
0 0.004484 0.008403 -0.007848 -0.016807
0 0.004484 0.008403 -0.007848 -0.016807
0 0.004484 0.008403 -0.007848 -0.016807
0 0.008408 0.014706 -0.015695 -0.029412
0 0.008408 0.014706 -0.015695 -0.029412
0 0.004484 0.008403 -0.007848 -0.016807
0 0.008688 0.014706 -0.015135 -0.029412
0 0.022422 0.039496 -0.042601 -0.078992
0 0.011211 0.024790 -0.021300 -0.049580
0 0.008408 0.014706 -0.015695 -0.029412
0 0.022141 0.039496 -0.043161 -0.078992
0 0.011211 0.024790 -0.021300 -0.049580
0 0.004484 0.008403 -0.007848 -0.016807
0 0.008408 0.014706 -0.015695 -0.029412
0 0.008408 0.014706 -0.015695 -0.029412
0 0.008408 0.014706 -0.015695 -0.029412
0 0.008408 0.014706 -0.015695 -0.029412
0 0.001962 0.004202 -0.002803 -0.006723
0 0.004484 0.008403 -0.007848 -0.016807
0 0.008408 0.014706 -0.015695 -0.029412
0 0.008688 0.014706 -0.015135 -0.029412
0 0.004484 0.008403 -0.007848 -0.016807
0 0.008408 0.014706 -0.015695 -0.029412
0 0.022141 0.039496 -0.043161 -0.078992
0 0.001962 0.004202 -0.002803 -0.006723
0 0.008688 0.014706 -0.015135 -0.029412
0 0.004484 0.008403 -0.007848 -0.016807
0 0.004484 0.008403 -0.007848 -0.016807
0 0.001962 0.004202 -0.002803 -0.006723
0 0.001962 0.004202 -0.002803 -0.006723
0 0.022141 0.039496 -0.043161 -0.078992
0 0.011211 0.024790 -0.021300 -0.049580
0 0.001962 0.004202 -0.002803 -0.006723
0 0.001962 0.004202 -0.002803 -0.006723
0 0.008408 0.014706 -0.015695 -0.029412
0 0.008408 0.014706 -0.015695 -0.029412
0 0.022141 0.039496 -0.043161 -0.078992
0 0.008408 0.014706 -0.015695 -0.029412
0 0.001962 0.004202 -0.002803 -0.006723
0 0.004484 0.008403 -0.007848 -0.016807
0 0.004484 0.008403 -0.007848 -0.016807
0 0.004484 0.008403 -0.007848 -0.016807
0 0.001962 0.004202 -0.002803 -0.006723
0 0.008688 0.014706 -0.015135 -0.029412
0 0.008408 0.014706 -0.015695 -0.029412
0 0.004484 0.008403 -0.007848 -0.016807
0 0.004484 0.008403 -0.007848 -0.016807
0 0.011491 0.024790 -0.020740 -0.049580
0 0.004484 0.008403 -0.007848 -0.016807
0 0.008408 0.014706 -0.015695 -0.029412
0 0.011491 0.024790 -0.020740 -0.049580
0 0.022141 0.039496 -0.043161 -0.078992
0 0.004484 0.008403 -0.007848 -0.016807
0 0.004484 0.008403 -0.007848 -0.016807
0 0.001962 0.004202 -0.002803 -0.006723
0 0.001962 0.004202 -0.002803 -0.006723
0 0.004484 0.008403 -0.007848 -0.016807
0 0.011211 0.024790 -0.021300 -0.049580
0 0.008408 0.014706 -0.015695 -0.029412
0 0.022141 0.039496 -0.043161 -0.078992
0 0.004484 0.008403 -0.007848 -0.016807
0 0.011211 0.024790 -0.021300 -0.049580
0 0.022141 0.039496 -0.043161 -0.078992
0 0.001962 0.004202 -0.002803 -0.006723
0 0.004484 0.008403 -0.007848 -0.016807
0 0.001962 0.004202 -0.002803 -0.006723
0 0.008408 0.014706 -0.015695 -0.029412
0 0.008408 0.014706 -0.015695 -0.029412
0 0.004484 0.008403 -0.007848 -0.016807
0 0.011211 0.024790 -0.021300 -0.049580
0 0.022141 0.039496 -0.043161 -0.078992
0 0.004484 0.008403 -0.007848 -0.016807
0 0.008408 0.014706 -0.015695 -0.029412
0 0.001962 0.004202 -0.002803 -0.006723
0 0.004484 0.008403 -0.007848 -0.016807
0 0.004484 0.008403 -0.007848 -0.016807
0 0.008688 0.014706 -0.015135 -0.029412
0 0.011211 0.024790 -0.021300 -0.049580
0 0.008688 0.014706 -0.015135 -0.029412
0 0.011211 0.024790 -0.021300 -0.049580
0 0.008688 0.014706 -0.015135 -0.029412
0 0.004484 0.008403 -0.007848 -0.016807
0 0.008408 0.014706 -0.015695 -0.029412
0 0.011211 0.024790 -0.021300 -0.049580
0 0.004484 0.008403 -0.007848 -0.016807
0 0.004484 0.008824 -0.007848 -0.015966
0 0.001962 0.004202 -0.002803 -0.006723
0 0.004484 0.008403 -0.007848 -0.016807
0 0.004484 0.008824 -0.007848 -0.015966
0 0.022141 0.039496 -0.043161 -0.078992
0 0.019619 0.035714 -0.036996 -0.071429
0 0.004484 0.008824 -0.007848 -0.015966
0 0.005325 0.009664 -0.009529 -0.019328
0 0.004484 0.008824 -0.007848 -0.015966
0 0.011211 0.024790 -0.021300 -0.049580
0 0.011211 0.024790 -0.021300 -0.049580
0 0.004484 0.008403 -0.007848 -0.016807
0 0.004484 0.008403 -0.007848 -0.016807
0 0.008408 0.014706 -0.015695 -0.029412
0 0.022141 0.039496 -0.043161 -0.078992
0 0.004484 0.008403 -0.007848 -0.016807
0 0.011491 0.024790 -0.020740 -0.049580
0 0.008408 0.014706 -0.015695 -0.029412
0 0.008408 0.014706 -0.015695 -0.029412
0 0.008408 0.014706 -0.015695 -0.029412
0 0.022141 0.039496 -0.043161 -0.078992
0 0.022422 0.039496 -0.042601 -0.078992
0 0.004484 0.008403 -0.007848 -0.016807
0 0.008408 0.014706 -0.015695 -0.029412
0 0.022141 0.039496 -0.043161 -0.078992
0 0.011211 0.024790 -0.021300 -0.049580
0 0.008688 0.014706 -0.015135 -0.029412
0 0.008408 0.014706 -0.015695 -0.029412
0 0.004484 0.008403 -0.007848 -0.016807
0 0.011211 0.024790 -0.021300 -0.049580
0 0.011211 0.024790 -0.021300 -0.049580
0 0.022141 0.039496 -0.043161 -0.078992
0 0.008688 0.014706 -0.015135 -0.029412
0 0.001962 0.004202 -0.002803 -0.006723
0 0.008408 0.014706 -0.015695 -0.029412
0 0.004484 0.008403 -0.007848 -0.016807
0 0.011211 0.024790 -0.021300 -0.049580
0 0.004484 0.008824 -0.007848 -0.015966
0 0.002522 0.005042 -0.003924 -0.008403
0 0.004484 0.008403 -0.007848 -0.016807
0 0.022141 0.039496 -0.043161 -0.078992
0 0.008408 0.014706 -0.015695 -0.029412
0 0.004484 0.008403 -0.007848 -0.016807
0 0.004484 0.008824 -0.007848 -0.015966
0 0.011211 0.024790 -0.021300 -0.049580
0 0.022422 0.039496 -0.042601 -0.078992
0 0.004484 0.008403 -0.007848 -0.016807
0 0.008408 0.014706 -0.015695 -0.029412
0 0.004484 0.008824 -0.007848 -0.015966
0 0.004484 0.008824 -0.007848 -0.015966
0 0.022141 0.039496 -0.043161 -0.078992
0 0.022141 0.039496 -0.043161 -0.078992
0 0.004484 0.008403 -0.007848 -0.016807
0 0.004484 0.008403 -0.007848 -0.016807
0 0.004484 0.008403 -0.007848 -0.016807
0 0.004484 0.008403 -0.007848 -0.016807
0 0.004484 0.008403 -0.007848 -0.016807
0 0.004484 0.008403 -0.007848 -0.016807
0 0.004484 0.008403 -0.007848 -0.016807
0 0.004484 0.008824 -0.007848 -0.015966
0 0.004484 0.008403 -0.007848 -0.016807
0 0.008688 0.014706 -0.015135 -0.029412
0 0.022422 0.039496 -0.042601 -0.078992
0 0.004484 0.008824 -0.007848 -0.015966
0 0.004484 0.008403 -0.007848 -0.016807
0 0.008408 0.014706 -0.015695 -0.029412
0 0.008408 0.014706 -0.015695 -0.029412
0 0.004484 0.008403 -0.007848 -0.016807
0 0.004484 0.008824 -0.007848 -0.015966
0 0.004484 0.008403 -0.007848 -0.016807
0 0.011211 0.024790 -0.021300 -0.049580
0 0.008688 0.014706 -0.015135 -0.029412
0 0.008408 0.014706 -0.015695 -0.029412
0 0.011211 0.024790 -0.021300 -0.049580
0 0.022141 0.039496 -0.043161 -0.078992
0 0.008408 0.014706 -0.015695 -0.029412
0 0.004484 0.008824 -0.007848 -0.015966
0 0.011211 0.024790 -0.021300 -0.049580
0 0.008408 0.014706 -0.015695 -0.029412
0 0.008408 0.014706 -0.015695 -0.029412
0 0.022422 0.039496 -0.042601 -0.078992
0 0.004484 0.008403 -0.007848 -0.016807
0 0.011211 0.024790 -0.021300 -0.049580
0 0.011211 0.024790 -0.021300 -0.049580
0 0.004484 0.008403 -0.007848 -0.016807
0 0.004484 0.008403 -0.007848 -0.016807
0 0.008408 0.014706 -0.015695 -0.029412
0 0.011211 0.024790 -0.021300 -0.049580
0 0.004484 0.008824 -0.007848 -0.015966
0 0.001962 0.004202 -0.002803 -0.006723
0 0.011211 0.024790 -0.021300 -0.049580
0 0.004484 0.008403 -0.007848 -0.016807
0 0.022141 0.039496 -0.043161 -0.078992
0 0.022141 0.039496 -0.043161 -0.078992
0 0.011211 0.024790 -0.021300 -0.049580
0 0.008408 0.014706 -0.015695 -0.029412
0 0.022141 0.039496 -0.043161 -0.078992
0 0.022141 0.039496 -0.043161 -0.078992
0 0.022141 0.039496 -0.043161 -0.078992
0 0.004484 0.008403 -0.007848 -0.016807
0 0.001962 0.004202 -0.002803 -0.006723
0 0.004765 0.008403 -0.007287 -0.016807
0 0.011211 0.024790 -0.021300 -0.049580
0 0.011211 0.024790 -0.021300 -0.049580
0 0.011491 0.024790 -0.020740 -0.049580
0 0.001962 0.004202 -0.002803 -0.006723
0 0.008408 0.014706 -0.015695 -0.029412
0 0.004484 0.008403 -0.007848 -0.016807
0 0.004484 0.008403 -0.007848 -0.016807
0 0.004484 0.008403 -0.007848 -0.016807
0 0.008408 0.014706 -0.015695 -0.029412
0 0.022422 0.039496 -0.042601 -0.078992
0 0.004484 0.008824 -0.007848 -0.015966
0 0.011491 0.024790 -0.020740 -0.049580
0 0.011211 0.024790 -0.021300 -0.049580
0 0.008408 0.014706 -0.015695 -0.029412
0 0.004484 0.008824 -0.007848 -0.015966
0 0.008408 0.014706 -0.015695 -0.029412
0 0.011211 0.024790 -0.021300 -0.049580
0 0.022141 0.039496 -0.043161 -0.078992
0 0.004484 0.008824 -0.007848 -0.015966
0 0.008408 0.014706 -0.015695 -0.029412
0 0.004484 0.008824 -0.007848 -0.015966
0 0.011211 0.024790 -0.021300 -0.049580
0 0.008408 0.014706 -0.015695 -0.029412
0 0.011211 0.024790 -0.021300 -0.049580
0 0.004484 0.008824 -0.007848 -0.015966
0 0.004484 0.008403 -0.007848 -0.016807
0 0.011211 0.024790 -0.021300 -0.049580
0 0.022422 0.039496 -0.042601 -0.078992
0 0.011211 0.024790 -0.021300 -0.049580
0 0.001962 0.004202 -0.002803 -0.006723
0 0.022141 0.039496 -0.043161 -0.078992
0 0.004484 0.008403 -0.007848 -0.016807
0 0.022141 0.039496 -0.043161 -0.078992
0 0.004484 0.008403 -0.007848 -0.016807
0 0.022422 0.039496 -0.042601 -0.078992
0 0.008688 0.014706 -0.015135 -0.029412
0 0.004484 0.008403 -0.007848 -0.016807
0 0.022422 0.039496 -0.042601 -0.078992
0 0.011211 0.024790 -0.021300 -0.049580
0 0.008408 0.014706 -0.015695 -0.029412
0 0.010370 0.022269 -0.019619 -0.044538
0 0.004484 0.008824 -0.007848 -0.015966
0 0.008408 0.014706 -0.015695 -0.029412
0 0.008408 0.014706 -0.015695 -0.029412
0 0.004484 0.008403 -0.007848 -0.016807
0 0.008408 0.014706 -0.015695 -0.029412
0 0.002522 0.005042 -0.003924 -0.008403
0 0.008688 0.014706 -0.015135 -0.029412
0 0.022141 0.039496 -0.043161 -0.078992
0 0.004484 0.008403 -0.007848 -0.016807
0 0.022422 0.039496 -0.042601 -0.078992
0 0.008408 0.014706 -0.015695 -0.029412
0 0.004484 0.008824 -0.007848 -0.015966
0 0.004484 0.008403 -0.007848 -0.016807
0 0.001962 0.004202 -0.002803 -0.006723
0 0.008408 0.014706 -0.015695 -0.029412
0 0.004484 0.008824 -0.007848 -0.015966
0 0.001962 0.004202 -0.002803 -0.006723
0 0.008408 0.014706 -0.015695 -0.029412
0 0.008408 0.014706 -0.015695 -0.029412
0 0.004484 0.008824 -0.007848 -0.015966
0 0.011211 0.024790 -0.021300 -0.049580
0 0.011211 0.024790 -0.021300 -0.049580
0 0.008408 0.014706 -0.015695 -0.029412
0 0.004484 0.008403 -0.007848 -0.016807
0 0.008408 0.014706 -0.015695 -0.029412
0 0.004484 0.008403 -0.007848 -0.016807
0 0.008408 0.014706 -0.015695 -0.029412
0 0.011211 0.024790 -0.021300 -0.049580
0 0.004484 0.008403 -0.007848 -0.016807
0 0.022422 0.039496 -0.042601 -0.078992
0 0.008688 0.014706 -0.015135 -0.029412
0 0.004484 0.008403 -0.007848 -0.016807
0 0.004484 0.008824 -0.007848 -0.015966
0 0.008408 0.014706 -0.015695 -0.029412
0 0.004484 0.008403 -0.007848 -0.016807
0 0.008688 0.014706 -0.015135 -0.029412
0 0.011491 0.024790 -0.020740 -0.049580
0 0.022141 0.039496 -0.043161 -0.078992
0 0.008408 0.014706 -0.015695 -0.029412
0 0.011211 0.024790 -0.021300 -0.049580