0 0.005625 0.011111 -0.008750 -0.022222
0 0.052500 0.098889 -0.102500 -0.197778
0 0.006250 0.024444 -0.010000 -0.048889
0 0.009375 0.017778 -0.016250 -0.035556
0 0.010000 0.060000 -0.017500 -0.120000
0 0.027500 0.050000 -0.052500 -0.100000
0 0.006250 0.006667 -0.010000 -0.013333
0 0.009375 0.017778 -0.016250 -0.035556
0 0.052500 0.098889 -0.102500 -0.197778
0 0.018125 0.025556 -0.033750 -0.051111
0 0.009375 0.017778 -0.016250 -0.035556
0 0.009375 0.017778 -0.016250 -0.035556
0 0.017500 0.030000 -0.032500 -0.060000
0 0.009375 0.017778 -0.016250 -0.035556
0 0.027500 0.050000 -0.052500 -0.100000
0 0.018125 0.025556 -0.033750 -0.051111
0 0.018125 0.025556 -0.033750 -0.051111
0 0.009375 0.017778 -0.016250 -0.035556
0 0.005625 0.011111 -0.008750 -0.022222
0 0.009375 0.017778 -0.016250 -0.035556
0 0.027500 0.050000 -0.052500 -0.100000
0 0.018125 0.025556 -0.033750 -0.051111
0 0.018125 0.025556 -0.033750 -0.051111
0 0.009375 0.017778 -0.016250 -0.035556
0 0.005625 0.011111 -0.008750 -0.022222
0 0.027500 0.050000 -0.052500 -0.100000
0 0.009375 0.017778 -0.016250 -0.035556
0 0.018125 0.025556 -0.033750 -0.051111
0 0.015625 0.018889 -0.028750 -0.037778
0 0.018125 0.025556 -0.033750 -0.051111
0 0.005625 0.011111 -0.008750 -0.022222
0 0.018125 0.025556 -0.033750 -0.051111
0 0.027500 0.050000 -0.052500 -0.100000
0 0.018125 0.025556 -0.033750 -0.051111
0 0.009375 0.017778 -0.016250 -0.035556
0 0.018125 0.025556 -0.033750 -0.051111
0 0.018125 0.025556 -0.033750 -0.051111
0 0.018125 0.025556 -0.033750 -0.051111
0 0.018125 0.025556 -0.033750 -0.051111
0 0.009375 0.017778 -0.016250 -0.035556
0 0.027500 0.050000 -0.052500 -0.100000
0 0.009375 0.017778 -0.016250 -0.035556
0 0.027500 0.050000 -0.052500 -0.100000
0 0.027500 0.050000 -0.052500 -0.100000
0 0.009375 0.017778 -0.016250 -0.035556
0 0.009375 0.017778 -0.016250 -0.035556
0 0.018125 0.025556 -0.033750 -0.051111
0 0.031250 0.065556 -0.060000 -0.131111
0 0.018125 0.025556 -0.033750 -0.051111
0 0.018125 0.025556 -0.033750 -0.051111
0 0.006250 0.006667 -0.010000 -0.013333
0 0.018125 0.025556 -0.033750 -0.051111
0 0.005625 0.011111 -0.008750 -0.022222
0 0.035000 0.075556 -0.067500 -0.151111
0 0.018125 0.025556 -0.033750 -0.051111
0 0.009375 0.017778 -0.016250 -0.035556
0 0.018125 0.025556 -0.033750 -0.051111
0 0.006250 0.006667 -0.010000 -0.013333
0 0.009375 0.017778 -0.016250 -0.035556
0 0.027500 0.050000 -0.052500 -0.100000
0 0.018125 0.025556 -0.033750 -0.051111
0 0.009375 0.017778 -0.016250 -0.035556