0 0.011957 0.019704 -0.021739 -0.039409
0 0.019022 0.032020 -0.035870 -0.064039
0 0.008696 0.013957 -0.015217 -0.027915
0 0.009239 0.013957 -0.016304 -0.027915
0 0.008696 0.013957 -0.015217 -0.027915
0 0.019022 0.032020 -0.035870 -0.064039
0 0.009783 0.013957 -0.015217 -0.027915
0 0.009239 0.013957 -0.016304 -0.027915
0 0.008696 0.013957 -0.015217 -0.027915
0 0.009239 0.013957 -0.016304 -0.027915
0 0.011957 0.019704 -0.021739 -0.039409
0 0.045109 0.082102 -0.088043 -0.164204
0 0.017391 0.027915 -0.032609 -0.055829
0 0.019022 0.032020 -0.035870 -0.064039
0 0.010870 0.020525 -0.019565 -0.041051
0 0.009239 0.013957 -0.016304 -0.027915
0 0.008696 0.013957 -0.015217 -0.027915
0 0.008696 0.013957 -0.015217 -0.027915
0 0.009239 0.013957 -0.016304 -0.027915
0 0.008696 0.013957 -0.015217 -0.027915
0 0.009239 0.013957 -0.016304 -0.027915
0 0.017391 0.027915 -0.032609 -0.055829
0 0.007609 0.012315 -0.013043 -0.024631
0 0.008696 0.013957 -0.015217 -0.027915
0 0.017391 0.027915 -0.032609 -0.055829
0 0.010870 0.020525 -0.019565 -0.041051
0 0.009783 0.013957 -0.015217 -0.027915
0 0.007609 0.012315 -0.013043 -0.024631
0 0.009239 0.013957 -0.016304 -0.027915
0 0.010870 0.020525 -0.019565 -0.041051
0 0.008696 0.013957 -0.015217 -0.027915
0 0.019022 0.032020 -0.035870 -0.064039
0 0.017391 0.027915 -0.032609 -0.055829
0 0.024457 0.056650 -0.046739 -0.113300
0 0.009239 0.013957 -0.016304 -0.027915
0 0.008696 0.013957 -0.015217 -0.027915
0 0.009239 0.013957 -0.016304 -0.027915
0 0.009239 0.013957 -0.016304 -0.027915
0 0.008696 0.013957 -0.015217 -0.027915
0 0.008696 0.013957 -0.015217 -0.027915
0 0.009783 0.013957 -0.015217 -0.027915
0 0.010326 0.019704 -0.018478 -0.039409
0 0.008696 0.013957 -0.015217 -0.027915
0 0.009783 0.013957 -0.015217 -0.027915
0 0.008696 0.013957 -0.015217 -0.027915
0 0.008696 0.013957 -0.015217 -0.027915
0 0.008696 0.013957 -0.015217 -0.027915
0 0.008696 0.013957 -0.015217 -0.027915
0 0.009239 0.013957 -0.016304 -0.027915
0 0.008696 0.013957 -0.015217 -0.027915
0 0.009239 0.017241 -0.016304 -0.034483
0 0.008696 0.013957 -0.015217 -0.027915
0 0.008696 0.013957 -0.015217 -0.027915
0 0.009239 0.013957 -0.016304 -0.027915
0 0.009239 0.013957 -0.016304 -0.027915
0 0.008696 0.013957 -0.015217 -0.027915
0 0.008696 0.013957 -0.015217 -0.027915
0 0.008696 0.013957 -0.015217 -0.027915
0 0.010870 0.020525 -0.019565 -0.041051
0 0.009239 0.013957 -0.016304 -0.027915
0 0.009239 0.013957 -0.016304 -0.027915
0 0.010870 0.020525 -0.019565 -0.041051
0 0.008696 0.023810 -0.015217 -0.047619
0 0.009239 0.013957 -0.016304 -0.027915
0 0.009239 0.017241 -0.016304 -0.034483
0 0.009239 0.013957 -0.016304 -0.027915
0 0.007609 0.012315 -0.013043 -0.024631
0 0.019022 0.032020 -0.035870 -0.064039
0 0.018478 0.032841 -0.034783 -0.065681
0 0.009239 0.013957 -0.016304 -0.027915
0 0.008696 0.013957 -0.015217 -0.027915
0 0.009239 0.013957 -0.016304 -0.027915
0 0.011957 0.019704 -0.021739 -0.039409
0 0.007609 0.012315 -0.013043 -0.024631
0 0.008696 0.013957 -0.015217 -0.027915
0 0.108152 0.142857 -0.214130 -0.285714
0 0.008696 0.023810 -0.015217 -0.047619
0 0.008696 0.013957 -0.015217 -0.027915
0 0.008696 0.013957 -0.015217 -0.027915
0 0.009239 0.013957 -0.016304 -0.027915