0 0.008130 0.014354 -0.013008 -0.028708
0 0.008130 0.014354 -0.013008 -0.028708
0 0.008130 0.014354 -0.013008 -0.028708
0 0.008130 0.014354 -0.013008 -0.028708
0 0.008130 0.014354 -0.013008 -0.028708
0 0.008130 0.014354 -0.013008 -0.028708
0 0.008130 0.014354 -0.013008 -0.028708
0 0.008130 0.014354 -0.013008 -0.028708
0 0.008130 0.014354 -0.013008 -0.028708
0 0.008130 0.014354 -0.013008 -0.028708
0 0.031707 0.056220 -0.060163 -0.112440
0 0.008130 0.014354 -0.013008 -0.028708
0 0.017073 0.028708 -0.030894 -0.057416
0 0.008130 0.014354 -0.013008 -0.028708
0 0.008130 0.014354 -0.013008 -0.028708
0 0.008130 0.014354 -0.013008 -0.028708
0 0.008130 0.014354 -0.013008 -0.028708