0 0.008333 0.015741 -0.015625 -0.031481
0 0.004687 0.009259 -0.008333 -0.018519
0 0.007552 0.013889 -0.014063 -0.027778
0 0.006510 0.011574 -0.011979 -0.023148
0 0.010937 0.018981 -0.020833 -0.037963
0 0.004687 0.009259 -0.008333 -0.018519
0 0.020313 0.031481 -0.039583 -0.062963
0 0.004687 0.009259 -0.008333 -0.018519
0 0.022396 0.043981 -0.043750 -0.087963
0 0.037760 0.064352 -0.074479 -0.128704
0 0.013542 0.029630 -0.026042 -0.059259
0 0.004687 0.008796 -0.008333 -0.017593
0 0.032031 0.065741 -0.063021 -0.131481
0 0.008333 0.015741 -0.015625 -0.031481
0 0.004427 0.008333 -0.007812 -0.016667
0 0.030469 0.053704 -0.059896 -0.107407
0 0.019010 0.033333 -0.036979 -0.066667
0 0.005469 0.010185 -0.009896 -0.020370
0 0.004427 0.008333 -0.007812 -0.016667
0 0.004687 0.008796 -0.008333 -0.017593
0 0.004427 0.008333 -0.007812 -0.016667
0 0.015625 0.029167 -0.030208 -0.058333
0 0.014583 0.024537 -0.028125 -0.049074
0 0.004427 0.008333 -0.007812 -0.016667
0 0.013542 0.029630 -0.026042 -0.059259
0 0.007552 0.013889 -0.014063 -0.027778
0 0.005469 0.010185 -0.009896 -0.020370
0 0.009115 0.020370 -0.017188 -0.040741
0 0.008333 0.016667 -0.015625 -0.033333
0 0.004427 0.008333 -0.007812 -0.016667
0 0.004427 0.008333 -0.007812 -0.016667
0 0.006510 0.013426 -0.011979 -0.026852
0 0.004427 0.008333 -0.007812 -0.016667
0 0.007552 0.013889 -0.014063 -0.027778
0 0.005729 0.010648 -0.010417 -0.021296
0 0.005469 0.010185 -0.009896 -0.020370
0 0.014583 0.024074 -0.028125 -0.048148
0 0.004687 0.009259 -0.008333 -0.018519
0 0.006510 0.016204 -0.011979 -0.032407
0 0.006510 0.013426 -0.011979 -0.026852
0 0.012240 0.023148 -0.023438 -0.046296
0 0.004687 0.009259 -0.008333 -0.018519
0 0.032031 0.065741 -0.063021 -0.131481
0 0.009375 0.016667 -0.017708 -0.033333
0 0.014583 0.024537 -0.028125 -0.049074
0 0.019010 0.033333 -0.036979 -0.066667
0 0.005469 0.010185 -0.009896 -0.020370