0 0.032500 0.061000 -0.063750 -0.122000
0 0.067187 0.103500 -0.133125 -0.207000
0 0.032500 0.061000 -0.063750 -0.122000
0 0.035625 0.068500 -0.070000 -0.137000
0 0.040313 0.064000 -0.079375 -0.128000
0 0.049375 0.082500 -0.097500 -0.165000
0 0.050625 0.087000 -0.100000 -0.174000
0 0.033125 0.073000 -0.065000 -0.146000
0 0.037187 0.057500 -0.073125 -0.115000
0 0.037187 0.057500 -0.073125 -0.115000
0 0.033125 0.073000 -0.065000 -0.146000
0 0.035625 0.068500 -0.070000 -0.137000
0 0.033125 0.073000 -0.065000 -0.146000
0 0.024375 0.039500 -0.047500 -0.079000
0 0.040313 0.064000 -0.079375 -0.128000
0 0.032500 0.061000 -0.063750 -0.122000
0 0.037187 0.057500 -0.073125 -0.115000
0 0.049375 0.082500 -0.097500 -0.165000
0 0.033125 0.073000 -0.065000 -0.146000
0 0.023750 0.039500 -0.046250 -0.079000
0 0.033125 0.073000 -0.065000 -0.146000
0 0.037187 0.057500 -0.073125 -0.115000
0 0.035625 0.068500 -0.070000 -0.137000
0 0.067187 0.103500 -0.133125 -0.207000
0 0.040313 0.064000 -0.079375 -0.128000
0 0.037187 0.057500 -0.073125 -0.115000
0 0.040313 0.064000 -0.079375 -0.128000
0 0.049375 0.082500 -0.097500 -0.165000
0 0.040313 0.064000 -0.079375 -0.128000
0 0.049375 0.082500 -0.097500 -0.165000
0 0.067187 0.103500 -0.133125 -0.207000
0 0.032500 0.061000 -0.063750 -0.122000