0 0.021429 0.045400 -0.042286 -0.090799
0 0.034571 0.061945 -0.068571 -0.123890
0 0.008429 0.015335 -0.016286 -0.030670
0 0.021429 0.045400 -0.042286 -0.090799
0 0.033286 0.048628 -0.066000 -0.097256
0 0.017286 0.031477 -0.034000 -0.062954
0 0.012286 0.021186 -0.024000 -0.042373
0 0.014857 0.028652 -0.029143 -0.057304
0 0.028000 0.052462 -0.055429 -0.104923
0 0.033286 0.048628 -0.066000 -0.097256
0 0.034714 0.053874 -0.068857 -0.107748
0 0.034571 0.061945 -0.068571 -0.123890
0 0.032714 0.061138 -0.064857 -0.122276
0 0.043571 0.066788 -0.086571 -0.133575
0 0.026571 0.049637 -0.052571 -0.099274
0 0.034286 0.049637 -0.068000 -0.099274
0 0.015571 0.031679 -0.030571 -0.063358