0 0.011735 0.023593 -0.021429 -0.047187
0 0.011735 0.023593 -0.021429 -0.047187
0 0.014286 0.026316 -0.026531 -0.052632
0 0.011224 0.025408 -0.020408 -0.050817
0 0.012245 0.025408 -0.022449 -0.050817
0 0.011224 0.025408 -0.020408 -0.050817
0 0.012755 0.024501 -0.023469 -0.049002
0 0.012755 0.024501 -0.023469 -0.049002
0 0.011735 0.023593 -0.021429 -0.047187
0 0.011224 0.026316 -0.020408 -0.052632
0 0.017347 0.033575 -0.032653 -0.067151
0 0.010714 0.028131 -0.019388 -0.056261
0 0.011224 0.026316 -0.020408 -0.052632
0 0.010714 0.028131 -0.019388 -0.056261
0 0.011735 0.023593 -0.021429 -0.047187
0 0.015306 0.030853 -0.028571 -0.061706
0 0.012755 0.024501 -0.023469 -0.049002
0 0.011735 0.023593 -0.021429 -0.047187
0 0.014286 0.026316 -0.026531 -0.052632
0 0.011224 0.025408 -0.020408 -0.050817
0 0.012755 0.024501 -0.023469 -0.049002
0 0.011735 0.023593 -0.021429 -0.047187
0 0.017347 0.033575 -0.032653 -0.067151
0 0.017347 0.033575 -0.032653 -0.067151
0 0.012245 0.025408 -0.022449 -0.050817
0 0.012755 0.024501 -0.023469 -0.049002
0 0.011224 0.025408 -0.020408 -0.050817
0 0.014286 0.026316 -0.026531 -0.052632
0 0.014286 0.026316 -0.026531 -0.052632
0 0.014286 0.026316 -0.026531 -0.052632
0 0.015306 0.030853 -0.028571 -0.061706
0 0.012755 0.024501 -0.023469 -0.049002
0 0.013265 0.031760 -0.024490 -0.063521
0 0.011224 0.025408 -0.020408 -0.050817
0 0.011224 0.026316 -0.020408 -0.052632
0 0.011224 0.025408 -0.020408 -0.050817
0 0.011224 0.026316 -0.020408 -0.052632
0 0.013265 0.031760 -0.024490 -0.063521
0 0.014286 0.026316 -0.026531 -0.052632
0 0.011224 0.026316 -0.020408 -0.052632
0 0.015306 0.030853 -0.028571 -0.061706
0 0.012755 0.024501 -0.023469 -0.049002
0 0.011735 0.023593 -0.021429 -0.047187
0 0.014286 0.026316 -0.026531 -0.052632
0 0.010714 0.028131 -0.019388 -0.056261
0 0.014286 0.026316 -0.026531 -0.052632
0 0.015306 0.030853 -0.028571 -0.061706
0 0.012755 0.024501 -0.023469 -0.049002
0 0.013265 0.031760 -0.024490 -0.063521
0 0.011224 0.026316 -0.020408 -0.052632
0 0.011224 0.026316 -0.020408 -0.052632
0 0.012755 0.024501 -0.023469 -0.049002
0 0.012755 0.024501 -0.023469 -0.049002
0 0.012755 0.024501 -0.023469 -0.049002
0 0.012755 0.024501 -0.023469 -0.049002
0 0.010714 0.028131 -0.019388 -0.056261
0 0.011224 0.025408 -0.020408 -0.050817
0 0.011735 0.023593 -0.021429 -0.047187
0 0.012245 0.025408 -0.022449 -0.050817
0 0.014286 0.026316 -0.026531 -0.052632
0 0.011735 0.023593 -0.021429 -0.047187
0 0.011224 0.025408 -0.020408 -0.050817
0 0.011224 0.025408 -0.020408 -0.050817
0 0.011224 0.026316 -0.020408 -0.052632
0 0.012245 0.025408 -0.022449 -0.050817
0 0.012755 0.024501 -0.023469 -0.049002
0 0.011224 0.026316 -0.020408 -0.052632
0 0.012755 0.024501 -0.023469 -0.049002
0 0.012755 0.024501 -0.023469 -0.049002
0 0.017347 0.033575 -0.032653 -0.067151
0 0.011224 0.025408 -0.020408 -0.050817
0 0.012755 0.024501 -0.023469 -0.049002
0 0.014286 0.026316 -0.026531 -0.052632
0 0.011735 0.023593 -0.021429 -0.047187
0 0.014286 0.026316 -0.026531 -0.052632
0 0.012755 0.024501 -0.023469 -0.049002
0 0.015306 0.030853 -0.028571 -0.061706
0 0.012245 0.025408 -0.022449 -0.050817
0 0.015306 0.030853 -0.028571 -0.061706
0 0.011224 0.025408 -0.020408 -0.050817
0 0.012755 0.024501 -0.023469 -0.049002
0 0.012245 0.025408 -0.022449 -0.050817
0 0.011224 0.025408 -0.020408 -0.050817
0 0.014286 0.026316 -0.026531 -0.052632
0 0.011224 0.025408 -0.020408 -0.050817
0 0.011224 0.025408 -0.020408 -0.050817
0 0.010714 0.028131 -0.019388 -0.056261
0 0.011224 0.026316 -0.020408 -0.052632
0 0.011224 0.025408 -0.020408 -0.050817
0 0.014286 0.026316 -0.026531 -0.052632
0 0.014286 0.026316 -0.026531 -0.052632
0 0.010714 0.028131 -0.019388 -0.056261
0 0.014286 0.026316 -0.026531 -0.052632
0 0.011735 0.023593 -0.021429 -0.047187
0 0.010714 0.028131 -0.019388 -0.056261
0 0.012245 0.025408 -0.022449 -0.050817