0 0.009559 0.028571 -0.016176 -0.057143
0 0.010294 0.030357 -0.017647 -0.060714
0 0.010294 0.030357 -0.017647 -0.060714
0 0.018382 0.046429 -0.033824 -0.092857
0 0.013235 0.035714 -0.023529 -0.071429
0 0.009559 0.028571 -0.016176 -0.057143
0 0.010294 0.030357 -0.017647 -0.060714
0 0.018382 0.046429 -0.033824 -0.092857
0 0.013971 0.033929 -0.025000 -0.067857
0 0.013235 0.035714 -0.023529 -0.071429
0 0.018382 0.046429 -0.033824 -0.092857
0 0.013235 0.035714 -0.023529 -0.071429
0 0.013235 0.035714 -0.023529 -0.071429
0 0.016912 0.042857 -0.030882 -0.085714
0 0.013971 0.033929 -0.025000 -0.067857
0 0.009559 0.028571 -0.016176 -0.057143
0 0.013235 0.035714 -0.023529 -0.071429
0 0.018382 0.046429 -0.033824 -0.092857
0 0.013235 0.035714 -0.023529 -0.071429
0 0.016912 0.042857 -0.030882 -0.085714
0 0.025000 0.055357 -0.047059 -0.110714
0 0.018382 0.046429 -0.033824 -0.092857
0 0.010294 0.030357 -0.017647 -0.060714
0 0.018382 0.044643 -0.033824 -0.089286
0 0.009559 0.028571 -0.016176 -0.057143
0 0.013235 0.035714 -0.023529 -0.071429
0 0.018382 0.046429 -0.033824 -0.092857
0 0.013971 0.033929 -0.025000 -0.067857
0 0.009559 0.028571 -0.016176 -0.057143
0 0.018382 0.046429 -0.033824 -0.092857