0 0.007625 0.011825 -0.014750 -0.023650
0 0.011000 0.019238 -0.021500 -0.038475
0 0.005000 0.010589 -0.009500 -0.021179
0 0.007625 0.011825 -0.014750 -0.023650
0 0.007625 0.011825 -0.014750 -0.023650
0 0.005000 0.010589 -0.009500 -0.021179
0 0.009250 0.015531 -0.018000 -0.031062
0 0.011000 0.019238 -0.021500 -0.038475
0 0.011000 0.019238 -0.021500 -0.038475
0 0.011000 0.019238 -0.021500 -0.038475
0 0.005000 0.010589 -0.009500 -0.021179
0 0.007625 0.011825 -0.014750 -0.023650
0 0.011000 0.019238 -0.021500 -0.038475
0 0.007625 0.011825 -0.014750 -0.023650
0 0.007625 0.011825 -0.014750 -0.023650
0 0.007625 0.011825 -0.014750 -0.023650
0 0.009250 0.015531 -0.018000 -0.031062
0 0.005000 0.010589 -0.009500 -0.021179
0 0.007625 0.011825 -0.014750 -0.023650
0 0.011000 0.019238 -0.021500 -0.038475
0 0.007625 0.011825 -0.014750 -0.023650
0 0.007625 0.011825 -0.014750 -0.023650
0 0.007625 0.011825 -0.014750 -0.023650
0 0.011000 0.019238 -0.021500 -0.038475
0 0.005000 0.010589 -0.009500 -0.021179
0 0.007625 0.011825 -0.014750 -0.023650
0 0.007625 0.011825 -0.014750 -0.023650
0 0.010125 0.017296 -0.019750 -0.034592
0 0.005000 0.010589 -0.009500 -0.021179
0 0.007625 0.011825 -0.014750 -0.023650
0 0.005625 0.010060 -0.010750 -0.020120
0 0.005000 0.010589 -0.009500 -0.021179
0 0.005000 0.010589 -0.009500 -0.021179
0 0.011000 0.019238 -0.021500 -0.038475
0 0.007625 0.011825 -0.014750 -0.023650
0 0.011000 0.019238 -0.021500 -0.038475
0 0.007625 0.011825 -0.014750 -0.023650
0 0.005000 0.010589 -0.009500 -0.021179
0 0.011000 0.019238 -0.021500 -0.038475
0 0.005625 0.010060 -0.010750 -0.020120
0 0.007625 0.011825 -0.014750 -0.023650
0 0.007625 0.011825 -0.014750 -0.023650
0 0.011000 0.019238 -0.021500 -0.038475
0 0.007625 0.011825 -0.014750 -0.023650
0 0.005000 0.010589 -0.009500 -0.021179
0 0.007625 0.011825 -0.014750 -0.023650
0 0.005000 0.010589 -0.009500 -0.021179
0 0.005000 0.010589 -0.009500 -0.021179
0 0.005000 0.010589 -0.009500 -0.021179
0 0.011000 0.019238 -0.021500 -0.038475
0 0.007625 0.011825 -0.014750 -0.023650
0 0.007625 0.011825 -0.014750 -0.023650
0 0.005000 0.010589 -0.009500 -0.021179
0 0.011000 0.019238 -0.021500 -0.038475
0 0.007625 0.011825 -0.014750 -0.023650
0 0.011000 0.019238 -0.021500 -0.038475
0 0.005000 0.010589 -0.009500 -0.021179
0 0.007625 0.011825 -0.014750 -0.023650
0 0.011000 0.019238 -0.021500 -0.038475
0 0.007625 0.011825 -0.014750 -0.023650
0 0.005000 0.010589 -0.009500 -0.021179
0 0.011000 0.019238 -0.021500 -0.038475
0 0.005625 0.010060 -0.010750 -0.020120
0 0.011000 0.019238 -0.021500 -0.038475
0 0.007625 0.011825 -0.014750 -0.023650
0 0.007625 0.011825 -0.014750 -0.023650
0 0.007625 0.011825 -0.014750 -0.023650
0 0.005000 0.010589 -0.009500 -0.021179
0 0.011000 0.019238 -0.021500 -0.038475
0 0.011000 0.019238 -0.021500 -0.038475
0 0.011000 0.019238 -0.021500 -0.038475
0 0.011000 0.019238 -0.021500 -0.038475
0 0.007625 0.011825 -0.014750 -0.023650
0 0.007625 0.011825 -0.014750 -0.023650
0 0.011000 0.019238 -0.021500 -0.038475
0 0.005000 0.010589 -0.009500 -0.021179
0 0.011000 0.019238 -0.021500 -0.038475
0 0.011000 0.019238 -0.021500 -0.038475
0 0.007625 0.011825 -0.014750 -0.023650
0 0.007625 0.011825 -0.014750 -0.023650
0 0.005000 0.010589 -0.009500 -0.021179
0 0.007625 0.011825 -0.014750 -0.023650
0 0.005000 0.010589 -0.009500 -0.021179
0 0.011000 0.019238 -0.021500 -0.038475
0 0.009250 0.015531 -0.018000 -0.031062
0 0.005000 0.010589 -0.009500 -0.021179
0 0.011000 0.019238 -0.021500 -0.038475
0 0.011000 0.019238 -0.021500 -0.038475
0 0.007625 0.011825 -0.014750 -0.023650
0 0.005000 0.010589 -0.009500 -0.021179
0 0.005000 0.010589 -0.009500 -0.021179
0 0.011000 0.019238 -0.021500 -0.038475
0 0.011000 0.019238 -0.021500 -0.038475
0 0.005000 0.010589 -0.009500 -0.021179
0 0.011000 0.019238 -0.021500 -0.038475
0 0.007625 0.011825 -0.014750 -0.023650
0 0.011000 0.019238 -0.021500 -0.038475
0 0.011000 0.019238 -0.021500 -0.038475
0 0.011000 0.019238 -0.021500 -0.038475
0 0.005000 0.010589 -0.009500 -0.021179
0 0.005000 0.010589 -0.009500 -0.021179
0 0.011000 0.019238 -0.021500 -0.038475
0 0.007625 0.011825 -0.014750 -0.023650
0 0.007625 0.011825 -0.014750 -0.023650
0 0.007625 0.011825 -0.014750 -0.023650
0 0.007625 0.011825 -0.014750 -0.023650
0 0.011000 0.019238 -0.021500 -0.038475
0 0.005000 0.010589 -0.009500 -0.021179
0 0.011000 0.019238 -0.021500 -0.038475
0 0.005000 0.010589 -0.009500 -0.021179
0 0.007625 0.011825 -0.014750 -0.023650
0 0.007625 0.011825 -0.014750 -0.023650
0 0.011000 0.019238 -0.021500 -0.038475
0 0.005000 0.010589 -0.009500 -0.021179
0 0.011000 0.019238 -0.021500 -0.038475
0 0.004625 0.006530 -0.008750 -0.013060
0 0.011000 0.019238 -0.021500 -0.038475
0 0.007625 0.011825 -0.014750 -0.023650
0 0.005000 0.010589 -0.009500 -0.021179
0 0.011000 0.019238 -0.021500 -0.038475
0 0.007625 0.011825 -0.014750 -0.023650
0 0.007625 0.011825 -0.014750 -0.023650
0 0.011000 0.019238 -0.021500 -0.038475
0 0.005000 0.010589 -0.009500 -0.021179
0 0.005000 0.010589 -0.009500 -0.021179
0 0.011000 0.019238 -0.021500 -0.038475
0 0.005000 0.010589 -0.009500 -0.021179
0 0.007625 0.011825 -0.014750 -0.023650
0 0.007625 0.011825 -0.014750 -0.023650
0 0.007625 0.011825 -0.014750 -0.023650
0 0.005000 0.010589 -0.009500 -0.021179
0 0.005625 0.010060 -0.010750 -0.020120
0 0.005000 0.010589 -0.009500 -0.021179
0 0.011000 0.019238 -0.021500 -0.038475
0 0.005000 0.010589 -0.009500 -0.021179
0 0.007625 0.011825 -0.014750 -0.023650
0 0.005000 0.010589 -0.009500 -0.021179
0 0.011000 0.019238 -0.021500 -0.038475
0 0.011000 0.019238 -0.021500 -0.038475
0 0.011000 0.019238 -0.021500 -0.038475
0 0.011000 0.019238 -0.021500 -0.038475
0 0.007625 0.011825 -0.014750 -0.023650
0 0.007625 0.011825 -0.014750 -0.023650
0 0.007625 0.011825 -0.014750 -0.023650
0 0.011000 0.019238 -0.021500 -0.038475
0 0.005000 0.010589 -0.009500 -0.021179
0 0.005000 0.010589 -0.009500 -0.021179
0 0.011000 0.019238 -0.021500 -0.038475
0 0.005625 0.010060 -0.010750 -0.020120
0 0.005625 0.010060 -0.010750 -0.020120
0 0.005000 0.010589 -0.009500 -0.021179
0 0.007625 0.011825 -0.014750 -0.023650
0 0.005000 0.010589 -0.009500 -0.021179
0 0.011000 0.019238 -0.021500 -0.038475
0 0.005625 0.010060 -0.010750 -0.020120
0 0.005000 0.010589 -0.009500 -0.021179
0 0.005000 0.010589 -0.009500 -0.021179
0 0.007625 0.011825 -0.014750 -0.023650
0 0.011000 0.019238 -0.021500 -0.038475
0 0.007625 0.011825 -0.014750 -0.023650
0 0.007625 0.011825 -0.014750 -0.023650
0 0.007625 0.011825 -0.014750 -0.023650
0 0.007625 0.011825 -0.014750 -0.023650
0 0.007625 0.011825 -0.014750 -0.023650
0 0.011000 0.019238 -0.021500 -0.038475
0 0.005000 0.010589 -0.009500 -0.021179
0 0.005000 0.010589 -0.009500 -0.021179
0 0.010125 0.017296 -0.019750 -0.034592
0 0.007625 0.011825 -0.014750 -0.023650
0 0.007625 0.011825 -0.014750 -0.023650
0 0.005000 0.010589 -0.009500 -0.021179
0 0.005625 0.010060 -0.010750 -0.020120
0 0.005000 0.010589 -0.009500 -0.021179
0 0.005000 0.010589 -0.009500 -0.021179
0 0.011000 0.019238 -0.021500 -0.038475
0 0.005000 0.010589 -0.009500 -0.021179
0 0.007625 0.011825 -0.014750 -0.023650
0 0.007625 0.011825 -0.014750 -0.023650
0 0.007625 0.011825 -0.014750 -0.023650
0 0.005000 0.010589 -0.009500 -0.021179
0 0.007625 0.011825 -0.014750 -0.023650
0 0.005000 0.010589 -0.009500 -0.021179
0 0.005000 0.010589 -0.009500 -0.021179
0 0.007625 0.011825 -0.014750 -0.023650
0 0.011000 0.019238 -0.021500 -0.038475
0 0.007625 0.011825 -0.014750 -0.023650
0 0.005000 0.010589 -0.009500 -0.021179
0 0.005000 0.010589 -0.009500 -0.021179
0 0.005000 0.010589 -0.009500 -0.021179
0 0.007625 0.011825 -0.014750 -0.023650
0 0.005000 0.010589 -0.009500 -0.021179
0 0.005000 0.010589 -0.009500 -0.021179
0 0.005000 0.010589 -0.009500 -0.021179
0 0.007625 0.011825 -0.014750 -0.023650
0 0.007625 0.011825 -0.014750 -0.023650
0 0.005000 0.010589 -0.009500 -0.021179
0 0.007625 0.011825 -0.014750 -0.023650
0 0.007625 0.011825 -0.014750 -0.023650
0 0.007625 0.011825 -0.014750 -0.023650
0 0.011000 0.019238 -0.021500 -0.038475
0 0.007625 0.011825 -0.014750 -0.023650
0 0.007625 0.011825 -0.014750 -0.023650
0 0.011000 0.019238 -0.021500 -0.038475
0 0.005625 0.010060 -0.010750 -0.020120
0 0.011000 0.019238 -0.021500 -0.038475
0 0.011000 0.019238 -0.021500 -0.038475
0 0.005000 0.010589 -0.009500 -0.021179
0 0.007625 0.011825 -0.014750 -0.023650
0 0.007625 0.011825 -0.014750 -0.023650
0 0.007625 0.011825 -0.014750 -0.023650
0 0.005000 0.010589 -0.009500 -0.021179
0 0.007625 0.011825 -0.014750 -0.023650
0 0.005000 0.010589 -0.009500 -0.021179
0 0.005000 0.010589 -0.009500 -0.021179
0 0.011000 0.019238 -0.021500 -0.038475
0 0.005000 0.010589 -0.009500 -0.021179
0 0.005625 0.010060 -0.010750 -0.020120
0 0.007625 0.011825 -0.014750 -0.023650
0 0.005000 0.010589 -0.009500 -0.021179
0 0.011000 0.019238 -0.021500 -0.038475
0 0.005000 0.010589 -0.009500 -0.021179
0 0.011000 0.019238 -0.021500 -0.038475
0 0.005000 0.010589 -0.009500 -0.021179
0 0.005000 0.010589 -0.009500 -0.021179
0 0.005000 0.010589 -0.009500 -0.021179
0 0.007625 0.011825 -0.014750 -0.023650
0 0.011000 0.019238 -0.021500 -0.038475
0 0.011000 0.019238 -0.021500 -0.038475
0 0.007625 0.011825 -0.014750 -0.023650
0 0.005625 0.010060 -0.010750 -0.020120
0 0.007625 0.011825 -0.014750 -0.023650
0 0.007625 0.011825 -0.014750 -0.023650
0 0.011000 0.019238 -0.021500 -0.038475
0 0.011000 0.019238 -0.021500 -0.038475
0 0.011000 0.019238 -0.021500 -0.038475
0 0.007625 0.011825 -0.014750 -0.023650
0 0.007625 0.011825 -0.014750 -0.023650
0 0.011000 0.019238 -0.021500 -0.038475
0 0.011000 0.019238 -0.021500 -0.038475
0 0.011000 0.019238 -0.021500 -0.038475
0 0.011000 0.019238 -0.021500 -0.038475
0 0.007625 0.011825 -0.014750 -0.023650
0 0.005000 0.010589 -0.009500 -0.021179
0 0.005000 0.010589 -0.009500 -0.021179
0 0.011000 0.019238 -0.021500 -0.038475
0 0.007625 0.011825 -0.014750 -0.023650
0 0.007625 0.011825 -0.014750 -0.023650
0 0.011000 0.019238 -0.021500 -0.038475
0 0.005000 0.010589 -0.009500 -0.021179
0 0.005625 0.010060 -0.010750 -0.020120
0 0.007625 0.011825 -0.014750 -0.023650
0 0.007625 0.011825 -0.014750 -0.023650
0 0.011000 0.019238 -0.021500 -0.038475
0 0.011000 0.019238 -0.021500 -0.038475
0 0.005000 0.010589 -0.009500 -0.021179
0 0.005000 0.010589 -0.009500 -0.021179
0 0.005000 0.010589 -0.009500 -0.021179
0 0.007625 0.011825 -0.014750 -0.023650
0 0.007625 0.011825 -0.014750 -0.023650
0 0.011000 0.019238 -0.021500 -0.038475
0 0.011000 0.019238 -0.021500 -0.038475
0 0.005000 0.010589 -0.009500 -0.021179
0 0.011000 0.019238 -0.021500 -0.038475
0 0.007625 0.011825 -0.014750 -0.023650
0 0.005000 0.010589 -0.009500 -0.021179
0 0.005000 0.010589 -0.009500 -0.021179
0 0.011000 0.019238 -0.021500 -0.038475
0 0.005000 0.010589 -0.009500 -0.021179
0 0.007625 0.011825 -0.014750 -0.023650
0 0.011000 0.019238 -0.021500 -0.038475
0 0.007625 0.011825 -0.014750 -0.023650
0 0.007625 0.011825 -0.014750 -0.023650
0 0.005000 0.010589 -0.009500 -0.021179
0 0.011000 0.019238 -0.021500 -0.038475
0 0.005000 0.010589 -0.009500 -0.021179
0 0.005000 0.010589 -0.009500 -0.021179
0 0.007625 0.011825 -0.014750 -0.023650
0 0.007625 0.011825 -0.014750 -0.023650
0 0.007625 0.011825 -0.014750 -0.023650
0 0.007625 0.011825 -0.014750 -0.023650
0 0.005000 0.010589 -0.009500 -0.021179
0 0.007625 0.011825 -0.014750 -0.023650
0 0.007625 0.011825 -0.014750 -0.023650
0 0.007625 0.011825 -0.014750 -0.023650
0 0.005000 0.010589 -0.009500 -0.021179
0 0.005625 0.010060 -0.010750 -0.020120
0 0.007625 0.011825 -0.014750 -0.023650
0 0.005000 0.010589 -0.009500 -0.021179
0 0.005000 0.010589 -0.009500 -0.021179
0 0.011000 0.019238 -0.021500 -0.038475
0 0.005000 0.010589 -0.009500 -0.021179
0 0.005625 0.010060 -0.010750 -0.020120
0 0.011000 0.019238 -0.021500 -0.038475
0 0.007625 0.011825 -0.014750 -0.023650
0 0.007625 0.011825 -0.014750 -0.023650
0 0.005000 0.010589 -0.009500 -0.021179
0 0.005000 0.010589 -0.009500 -0.021179
0 0.011000 0.019238 -0.021500 -0.038475
0 0.005000 0.010589 -0.009500 -0.021179
0 0.011000 0.019238 -0.021500 -0.038475
0 0.005000 0.010589 -0.009500 -0.021179
0 0.007625 0.011825 -0.014750 -0.023650
0 0.007625 0.011825 -0.014750 -0.023650
0 0.007625 0.011825 -0.014750 -0.023650
0 0.011000 0.019238 -0.021500 -0.038475
0 0.005000 0.010589 -0.009500 -0.021179
0 0.011000 0.019238 -0.021500 -0.038475
0 0.005000 0.010589 -0.009500 -0.021179
0 0.005000 0.010589 -0.009500 -0.021179
0 0.005000 0.010589 -0.009500 -0.021179
0 0.005000 0.010589 -0.009500 -0.021179
0 0.009250 0.015531 -0.018000 -0.031062
0 0.007625 0.011825 -0.014750 -0.023650
0 0.011000 0.019238 -0.021500 -0.038475
0 0.005625 0.010060 -0.010750 -0.020120
0 0.007625 0.011825 -0.014750 -0.023650
0 0.005000 0.010589 -0.009500 -0.021179
0 0.005000 0.010589 -0.009500 -0.021179
0 0.009250 0.015531 -0.018000 -0.031062
0 0.007625 0.011825 -0.014750 -0.023650
0 0.011000 0.019238 -0.021500 -0.038475
0 0.007625 0.011825 -0.014750 -0.023650
0 0.005625 0.010060 -0.010750 -0.020120
0 0.007625 0.011825 -0.014750 -0.023650
0 0.005000 0.010589 -0.009500 -0.021179
0 0.007625 0.011825 -0.014750 -0.023650
0 0.011000 0.019238 -0.021500 -0.038475
0 0.011000 0.019238 -0.021500 -0.038475
0 0.005625 0.010060 -0.010750 -0.020120
0 0.005000 0.010589 -0.009500 -0.021179
0 0.007625 0.011825 -0.014750 -0.023650
0 0.005000 0.010589 -0.009500 -0.021179
0 0.010125 0.017296 -0.019750 -0.034592
0 0.007625 0.011825 -0.014750 -0.023650
0 0.005000 0.010589 -0.009500 -0.021179
0 0.011000 0.019238 -0.021500 -0.038475
0 0.005000 0.010589 -0.009500 -0.021179
0 0.011000 0.019238 -0.021500 -0.038475
0 0.005000 0.010589 -0.009500 -0.021179
0 0.007625 0.011825 -0.014750 -0.023650
0 0.011000 0.019238 -0.021500 -0.038475
0 0.005000 0.010589 -0.009500 -0.021179
0 0.007625 0.011825 -0.014750 -0.023650
0 0.005625 0.010060 -0.010750 -0.020120
0 0.005000 0.010589 -0.009500 -0.021179
0 0.007625 0.011825 -0.014750 -0.023650
0 0.009250 0.015531 -0.018000 -0.031062
0 0.007625 0.011825 -0.014750 -0.023650
0 0.007625 0.011825 -0.014750 -0.023650
0 0.005000 0.010589 -0.009500 -0.021179
0 0.005000 0.010589 -0.009500 -0.021179
0 0.004875 0.009531 -0.009250 -0.019061
0 0.011000 0.019238 -0.021500 -0.038475
0 0.011000 0.019238 -0.021500 -0.038475
0 0.005000 0.010589 -0.009500 -0.021179
0 0.011000 0.019238 -0.021500 -0.038475
0 0.011000 0.019238 -0.021500 -0.038475
0 0.005000 0.010589 -0.009500 -0.021179
0 0.005000 0.010589 -0.009500 -0.021179
0 0.005000 0.010589 -0.009500 -0.021179
0 0.007625 0.011825 -0.014750 -0.023650
0 0.005000 0.010589 -0.009500 -0.021179
0 0.005000 0.010589 -0.009500 -0.021179
0 0.007625 0.011825 -0.014750 -0.023650
0 0.007625 0.011825 -0.014750 -0.023650
0 0.007625 0.011825 -0.014750 -0.023650
0 0.011000 0.019238 -0.021500 -0.038475
0 0.011000 0.019238 -0.021500 -0.038475
0 0.007625 0.011825 -0.014750 -0.023650
0 0.011000 0.019238 -0.021500 -0.038475
0 0.005000 0.010589 -0.009500 -0.021179
0 0.008375 0.013590 -0.016250 -0.027180
0 0.007625 0.011825 -0.014750 -0.023650
0 0.007625 0.011825 -0.014750 -0.023650
0 0.007625 0.011825 -0.014750 -0.023650
0 0.007625 0.011825 -0.014750 -0.023650
0 0.007625 0.011825 -0.014750 -0.023650
0 0.007625 0.011825 -0.014750 -0.023650
0 0.011000 0.019238 -0.021500 -0.038475
0 0.005625 0.010060 -0.010750 -0.020120
0 0.005000 0.010589 -0.009500 -0.021179
0 0.005000 0.010589 -0.009500 -0.021179
0 0.011000 0.019238 -0.021500 -0.038475
0 0.007625 0.011825 -0.014750 -0.023650
0 0.011000 0.019238 -0.021500 -0.038475
0 0.007625 0.011825 -0.014750 -0.023650
0 0.005000 0.010589 -0.009500 -0.021179
0 0.007625 0.011825 -0.014750 -0.023650
0 0.007625 0.011825 -0.014750 -0.023650
0 0.011000 0.019238 -0.021500 -0.038475
0 0.009250 0.015531 -0.018000 -0.031062
0 0.011000 0.019238 -0.021500 -0.038475
0 0.007625 0.011825 -0.014750 -0.023650
0 0.007625 0.011825 -0.014750 -0.023650
0 0.011000 0.019238 -0.021500 -0.038475
0 0.007625 0.011825 -0.014750 -0.023650
0 0.005000 0.010589 -0.009500 -0.021179
0 0.007625 0.011825 -0.014750 -0.023650
0 0.005000 0.010589 -0.009500 -0.021179
0 0.005000 0.010589 -0.009500 -0.021179
0 0.011000 0.019238 -0.021500 -0.038475
0 0.007625 0.011825 -0.014750 -0.023650
0 0.007625 0.011825 -0.014750 -0.023650
0 0.005000 0.010589 -0.009500 -0.021179
0 0.005000 0.010589 -0.009500 -0.021179
0 0.007625 0.011825 -0.014750 -0.023650