0 0.006182 0.008663 -0.009274 -0.012376
0 0.006182 0.008663 -0.009274 -0.012376
0 0.003864 0.004950 -0.004637 -0.004950
0 0.006182 0.007426 -0.009274 -0.014851
0 0.003864 0.004950 -0.004637 -0.004950
0 0.003864 0.004950 -0.004637 -0.004950
0 0.003864 0.004950 -0.004637 -0.004950
0 0.009274 0.017327 -0.015456 -0.034653
0 0.003864 0.004950 -0.004637 -0.004950
0 0.003864 0.004950 -0.004637 -0.004950
0 0.006182 0.008663 -0.009274 -0.012376
0 0.003864 0.004950 -0.004637 -0.004950
0 0.006182 0.007426 -0.009274 -0.014851
0 0.006182 0.007426 -0.009274 -0.014851
0 0.006182 0.007426 -0.009274 -0.014851
0 0.009274 0.017327 -0.015456 -0.034653
0 0.006182 0.007426 -0.009274 -0.014851
0 0.004637 0.006188 -0.006182 -0.007426
0 0.003864 0.004950 -0.004637 -0.004950
0 0.003864 0.004950 -0.004637 -0.004950
0 0.006182 0.008663 -0.009274 -0.012376
0 0.003864 0.004950 -0.004637 -0.004950
0 0.006182 0.007426 -0.009274 -0.014851
0 0.006182 0.007426 -0.009274 -0.014851
0 0.003864 0.004950 -0.004637 -0.004950
0 0.006182 0.007426 -0.009274 -0.014851
0 0.006182 0.007426 -0.009274 -0.014851
0 0.009274 0.017327 -0.015456 -0.034653
0 0.009274 0.017327 -0.015456 -0.034653
0 0.003864 0.004950 -0.004637 -0.004950
0 0.003864 0.004950 -0.004637 -0.004950
0 0.006182 0.008663 -0.009274 -0.012376
0 0.006182 0.007426 -0.009274 -0.014851
0 0.009274 0.017327 -0.015456 -0.034653
0 0.003864 0.004950 -0.004637 -0.004950
0 0.003864 0.004950 -0.004637 -0.004950
0 0.003864 0.004950 -0.004637 -0.004950
0 0.006182 0.008663 -0.009274 -0.012376
0 0.006182 0.007426 -0.009274 -0.014851
0 0.003864 0.004950 -0.004637 -0.004950
0 0.006182 0.007426 -0.009274 -0.014851
0 0.006182 0.008663 -0.009274 -0.012376
0 0.006182 0.008663 -0.009274 -0.012376
0 0.006182 0.007426 -0.009274 -0.014851
0 0.003864 0.004950 -0.004637 -0.004950
0 0.006182 0.007426 -0.009274 -0.014851
0 0.006182 0.008663 -0.009274 -0.012376
0 0.009274 0.017327 -0.015456 -0.034653
0 0.007728 0.012376 -0.012365 -0.024752
0 0.003864 0.004950 -0.004637 -0.004950
0 0.006182 0.008663 -0.009274 -0.012376
0 0.006182 0.007426 -0.009274 -0.014851
0 0.006182 0.008663 -0.009274 -0.012376
0 0.006182 0.007426 -0.009274 -0.014851
0 0.006182 0.007426 -0.009274 -0.014851
0 0.003864 0.004950 -0.004637 -0.004950
0 0.008501 0.014851 -0.013910 -0.029703
0 0.003864 0.004950 -0.004637 -0.004950
0 0.006182 0.008663 -0.009274 -0.012376
0 0.009274 0.017327 -0.015456 -0.034653
0 0.003864 0.004950 -0.004637 -0.004950
0 0.003864 0.004950 -0.004637 -0.004950
0 0.006182 0.007426 -0.009274 -0.014851
0 0.003864 0.004950 -0.004637 -0.004950
0 0.006182 0.007426 -0.009274 -0.014851
0 0.003864 0.004950 -0.004637 -0.004950
0 0.003864 0.004950 -0.004637 -0.004950
0 0.006182 0.007426 -0.009274 -0.014851
0 0.003864 0.004950 -0.004637 -0.004950
0 0.003864 0.004950 -0.004637 -0.004950
0 0.009274 0.017327 -0.015456 -0.034653
0 0.006182 0.007426 -0.009274 -0.014851
0 0.006182 0.007426 -0.009274 -0.014851
0 0.009274 0.017327 -0.015456 -0.034653
0 0.009274 0.017327 -0.015456 -0.034653
0 0.006182 0.007426 -0.009274 -0.014851
0 0.009274 0.017327 -0.015456 -0.034653
0 0.006182 0.008663 -0.009274 -0.012376
0 0.003864 0.004950 -0.004637 -0.004950
0 0.003864 0.004950 -0.004637 -0.004950
0 0.010046 0.017327 -0.013910 -0.034653
0 0.003864 0.004950 -0.004637 -0.004950
0 0.006182 0.008663 -0.009274 -0.012376
0 0.006182 0.008663 -0.009274 -0.012376
0 0.003864 0.004950 -0.004637 -0.004950
0 0.006182 0.007426 -0.009274 -0.014851
0 0.006182 0.008663 -0.009274 -0.012376
0 0.009274 0.017327 -0.015456 -0.034653
0 0.003864 0.004950 -0.004637 -0.004950
0 0.006182 0.007426 -0.009274 -0.014851
0 0.006182 0.008663 -0.009274 -0.012376
0 0.003864 0.004950 -0.004637 -0.004950
0 0.006182 0.008663 -0.009274 -0.012376
0 0.006182 0.007426 -0.009274 -0.014851
0 0.003864 0.004950 -0.004637 -0.004950
0 0.006182 0.007426 -0.009274 -0.014851
0 0.006182 0.007426 -0.009274 -0.014851
0 0.003864 0.004950 -0.004637 -0.004950
0 0.009274 0.017327 -0.015456 -0.034653
0 0.006182 0.007426 -0.009274 -0.014851
0 0.003864 0.004950 -0.004637 -0.004950
0 0.009274 0.017327 -0.015456 -0.034653
0 0.006182 0.007426 -0.009274 -0.014851
0 0.006182 0.008663 -0.009274 -0.012376
0 0.009274 0.017327 -0.015456 -0.034653
0 0.006182 0.007426 -0.009274 -0.014851
0 0.006182 0.007426 -0.009274 -0.014851
0 0.003864 0.004950 -0.004637 -0.004950
0 0.003864 0.004950 -0.004637 -0.004950
0 0.003864 0.004950 -0.004637 -0.004950
0 0.003864 0.004950 -0.004637 -0.004950
0 0.003864 0.004950 -0.004637 -0.004950
0 0.009274 0.017327 -0.015456 -0.034653
0 0.006182 0.008663 -0.009274 -0.012376
0 0.003864 0.004950 -0.004637 -0.004950
0 0.003864 0.004950 -0.004637 -0.004950
0 0.006182 0.007426 -0.009274 -0.014851
0 0.003864 0.004950 -0.004637 -0.004950
0 0.003864 0.004950 -0.004637 -0.004950
0 0.006182 0.008663 -0.009274 -0.012376
0 0.006182 0.007426 -0.009274 -0.014851
0 0.006182 0.007426 -0.009274 -0.014851
0 0.006182 0.007426 -0.009274 -0.014851
0 0.006182 0.007426 -0.009274 -0.014851
0 0.003864 0.004950 -0.004637 -0.004950
0 0.003864 0.004950 -0.004637 -0.004950
0 0.006182 0.007426 -0.009274 -0.014851
0 0.003864 0.004950 -0.004637 -0.004950
0 0.006182 0.007426 -0.009274 -0.014851
0 0.006182 0.008663 -0.009274 -0.012376
0 0.009274 0.017327 -0.015456 -0.034653
0 0.009274 0.017327 -0.015456 -0.034653
0 0.006182 0.007426 -0.009274 -0.014851
0 0.009274 0.017327 -0.015456 -0.034653
0 0.003864 0.004950 -0.004637 -0.004950
0 0.006182 0.007426 -0.009274 -0.014851
0 0.006182 0.007426 -0.009274 -0.014851
0 0.006182 0.007426 -0.009274 -0.014851
0 0.006182 0.007426 -0.009274 -0.014851
0 0.006182 0.008663 -0.009274 -0.012376
0 0.009274 0.017327 -0.015456 -0.034653
0 0.009274 0.017327 -0.015456 -0.034653
0 0.006182 0.007426 -0.009274 -0.014851
0 0.006182 0.007426 -0.009274 -0.014851
0 0.006182 0.007426 -0.009274 -0.014851
0 0.003864 0.004950 -0.004637 -0.004950
0 0.007728 0.012376 -0.012365 -0.024752
0 0.006182 0.007426 -0.009274 -0.014851
0 0.006182 0.007426 -0.009274 -0.014851
0 0.006182 0.007426 -0.009274 -0.014851
0 0.006182 0.007426 -0.009274 -0.014851
0 0.006182 0.007426 -0.009274 -0.014851
0 0.003864 0.004950 -0.004637 -0.004950
0 0.003864 0.004950 -0.004637 -0.004950
0 0.006182 0.007426 -0.009274 -0.014851
0 0.006182 0.008663 -0.009274 -0.012376
0 0.003864 0.004950 -0.004637 -0.004950
0 0.009274 0.017327 -0.015456 -0.034653
0 0.006182 0.007426 -0.009274 -0.014851
0 0.006182 0.008663 -0.009274 -0.012376
0 0.003864 0.004950 -0.004637 -0.004950
0 0.003864 0.004950 -0.004637 -0.004950
0 0.009274 0.017327 -0.015456 -0.034653
0 0.006182 0.008663 -0.009274 -0.012376
0 0.003864 0.004950 -0.004637 -0.004950
0 0.006182 0.008663 -0.009274 -0.012376
0 0.006182 0.008663 -0.009274 -0.012376
0 0.006182 0.007426 -0.009274 -0.014851
0 0.006182 0.007426 -0.009274 -0.014851
0 0.006182 0.007426 -0.009274 -0.014851
0 0.003864 0.004950 -0.004637 -0.004950
0 0.003864 0.004950 -0.004637 -0.004950
0 0.008501 0.014851 -0.013910 -0.029703
0 0.006182 0.007426 -0.009274 -0.014851
0 0.003864 0.004950 -0.004637 -0.004950
0 0.006182 0.007426 -0.009274 -0.014851
0 0.006182 0.008663 -0.009274 -0.012376
0 0.003864 0.004950 -0.004637 -0.004950
0 0.007728 0.012376 -0.012365 -0.024752
0 0.006182 0.007426 -0.009274 -0.014851
0 0.003864 0.004950 -0.004637 -0.004950
0 0.006182 0.007426 -0.009274 -0.014851
0 0.006182 0.008663 -0.009274 -0.012376
0 0.006182 0.008663 -0.009274 -0.012376
0 0.003864 0.004950 -0.004637 -0.004950
0 0.006182 0.007426 -0.009274 -0.014851
0 0.006182 0.007426 -0.009274 -0.014851
0 0.003864 0.004950 -0.004637 -0.004950
0 0.006182 0.008663 -0.009274 -0.012376
0 0.006182 0.008663 -0.009274 -0.012376
0 0.006182 0.008663 -0.009274 -0.012376
0 0.006182 0.007426 -0.009274 -0.014851
0 0.009274 0.017327 -0.015456 -0.034653
0 0.003864 0.004950 -0.004637 -0.004950
0 0.006182 0.007426 -0.009274 -0.014851
0 0.006182 0.007426 -0.009274 -0.014851
0 0.003864 0.004950 -0.004637 -0.004950
0 0.009274 0.017327 -0.015456 -0.034653
0 0.003864 0.004950 -0.004637 -0.004950
0 0.006182 0.008663 -0.009274 -0.012376
0 0.003864 0.004950 -0.004637 -0.004950
0 0.003864 0.004950 -0.004637 -0.004950
0 0.009274 0.017327 -0.015456 -0.034653
0 0.009274 0.017327 -0.015456 -0.034653
0 0.006182 0.007426 -0.009274 -0.014851
0 0.006182 0.007426 -0.009274 -0.014851
0 0.006182 0.008663 -0.009274 -0.012376
0 0.009274 0.017327 -0.015456 -0.034653
0 0.003864 0.004950 -0.004637 -0.004950
0 0.009274 0.017327 -0.015456 -0.034653
0 0.009274 0.017327 -0.015456 -0.034653
0 0.006182 0.007426 -0.009274 -0.014851
0 0.005410 0.007426 -0.007728 -0.009901
0 0.005410 0.007426 -0.007728 -0.009901
0 0.006182 0.007426 -0.009274 -0.014851
0 0.003864 0.004950 -0.004637 -0.004950
0 0.006182 0.007426 -0.009274 -0.014851
0 0.003864 0.004950 -0.004637 -0.004950
0 0.009274 0.017327 -0.015456 -0.034653
0 0.006182 0.007426 -0.009274 -0.014851
0 0.003864 0.004950 -0.004637 -0.004950
0 0.003864 0.004950 -0.004637 -0.004950
0 0.003864 0.004950 -0.004637 -0.004950
0 0.003864 0.004950 -0.004637 -0.004950
0 0.006182 0.008663 -0.009274 -0.012376
0 0.003864 0.004950 -0.004637 -0.004950
0 0.006182 0.007426 -0.009274 -0.014851
0 0.003864 0.004950 -0.004637 -0.004950
0 0.003864 0.004950 -0.004637 -0.004950
0 0.006182 0.007426 -0.009274 -0.014851
0 0.003864 0.004950 -0.004637 -0.004950
0 0.003864 0.004950 -0.004637 -0.004950
0 0.003864 0.004950 -0.004637 -0.004950
0 0.003864 0.004950 -0.004637 -0.004950
0 0.003864 0.004950 -0.004637 -0.004950
0 0.009274 0.017327 -0.015456 -0.034653
0 0.006182 0.007426 -0.009274 -0.014851
0 0.006182 0.007426 -0.009274 -0.014851
0 0.006182 0.008663 -0.009274 -0.012376
0 0.006182 0.007426 -0.009274 -0.014851
0 0.006182 0.007426 -0.009274 -0.014851
0 0.003864 0.004950 -0.004637 -0.004950
0 0.003864 0.004950 -0.004637 -0.004950
0 0.009274 0.017327 -0.015456 -0.034653
0 0.003864 0.004950 -0.004637 -0.004950
0 0.009274 0.017327 -0.015456 -0.034653
0 0.006182 0.007426 -0.009274 -0.014851
0 0.006182 0.007426 -0.009274 -0.014851
0 0.003864 0.004950 -0.004637 -0.004950
0 0.006182 0.007426 -0.009274 -0.014851
0 0.006182 0.007426 -0.009274 -0.014851
0 0.003864 0.004950 -0.004637 -0.004950
0 0.003864 0.004950 -0.004637 -0.004950
0 0.003864 0.004950 -0.004637 -0.004950
0 0.006182 0.007426 -0.009274 -0.014851
0 0.009274 0.017327 -0.015456 -0.034653
0 0.009274 0.017327 -0.015456 -0.034653
0 0.006182 0.007426 -0.009274 -0.014851
0 0.003864 0.004950 -0.004637 -0.004950
0 0.003864 0.004950 -0.004637 -0.004950
0 0.006182 0.007426 -0.009274 -0.014851
0 0.003864 0.004950 -0.004637 -0.004950
0 0.006182 0.007426 -0.009274 -0.014851
0 0.006182 0.007426 -0.009274 -0.014851
0 0.006182 0.007426 -0.009274 -0.014851
0 0.003864 0.004950 -0.004637 -0.004950
0 0.003864 0.004950 -0.004637 -0.004950
0 0.009274 0.017327 -0.015456 -0.034653
0 0.006182 0.007426 -0.009274 -0.014851
0 0.006182 0.007426 -0.009274 -0.014851
0 0.003864 0.004950 -0.004637 -0.004950
0 0.003864 0.004950 -0.004637 -0.004950
0 0.006182 0.007426 -0.009274 -0.014851
0 0.006182 0.008663 -0.009274 -0.012376
0 0.003864 0.004950 -0.004637 -0.004950
0 0.006182 0.008663 -0.009274 -0.012376
0 0.006182 0.008663 -0.009274 -0.012376
0 0.006182 0.007426 -0.009274 -0.014851
0 0.003864 0.004950 -0.004637 -0.004950
0 0.003864 0.004950 -0.004637 -0.004950
0 0.003864 0.004950 -0.004637 -0.004950
0 0.003864 0.004950 -0.004637 -0.004950
0 0.003864 0.004950 -0.004637 -0.004950
0 0.006182 0.007426 -0.009274 -0.014851
0 0.009274 0.017327 -0.015456 -0.034653
0 0.006182 0.008663 -0.009274 -0.012376
0 0.006955 0.009901 -0.010819 -0.019802
0 0.009274 0.017327 -0.015456 -0.034653
0 0.006182 0.007426 -0.009274 -0.014851
0 0.003864 0.004950 -0.004637 -0.004950
0 0.003864 0.004950 -0.004637 -0.004950
0 0.006182 0.007426 -0.009274 -0.014851
0 0.006182 0.007426 -0.009274 -0.014851
0 0.009274 0.017327 -0.015456 -0.034653
0 0.005410 0.007426 -0.007728 -0.009901
0 0.003864 0.004950 -0.004637 -0.004950
0 0.003864 0.004950 -0.004637 -0.004950
0 0.003864 0.004950 -0.004637 -0.004950
0 0.009274 0.017327 -0.015456 -0.034653
0 0.009274 0.017327 -0.015456 -0.034653
0 0.003864 0.004950 -0.004637 -0.004950
0 0.003864 0.004950 -0.004637 -0.004950
0 0.009274 0.017327 -0.015456 -0.034653
0 0.006182 0.008663 -0.009274 -0.012376
0 0.003864 0.004950 -0.004637 -0.004950
0 0.003864 0.004950 -0.004637 -0.004950
0 0.006182 0.007426 -0.009274 -0.014851
0 0.006182 0.007426 -0.009274 -0.014851
0 0.003864 0.004950 -0.004637 -0.004950
0 0.009274 0.017327 -0.015456 -0.034653
0 0.003864 0.004950 -0.004637 -0.004950
0 0.003864 0.004950 -0.004637 -0.004950
0 0.003864 0.004950 -0.004637 -0.004950
0 0.006182 0.008663 -0.009274 -0.012376
0 0.006182 0.007426 -0.009274 -0.014851
0 0.006182 0.007426 -0.009274 -0.014851
0 0.003864 0.004950 -0.004637 -0.004950
0 0.005410 0.007426 -0.007728 -0.009901
0 0.003864 0.004950 -0.004637 -0.004950
0 0.006182 0.008663 -0.009274 -0.012376
0 0.009274 0.017327 -0.015456 -0.034653
0 0.003864 0.004950 -0.004637 -0.004950
0 0.003864 0.004950 -0.004637 -0.004950
0 0.006182 0.007426 -0.009274 -0.014851
0 0.003864 0.004950 -0.004637 -0.004950
0 0.009274 0.017327 -0.015456 -0.034653
0 0.003864 0.004950 -0.004637 -0.004950
0 0.003864 0.004950 -0.004637 -0.004950
0 0.003864 0.004950 -0.004637 -0.004950
0 0.009274 0.017327 -0.015456 -0.034653
0 0.003864 0.004950 -0.004637 -0.004950
0 0.006182 0.008663 -0.009274 -0.012376
0 0.006182 0.007426 -0.009274 -0.014851
0 0.003864 0.004950 -0.004637 -0.004950
0 0.009274 0.017327 -0.015456 -0.034653
0 0.006182 0.007426 -0.009274 -0.014851
0 0.006182 0.007426 -0.009274 -0.014851
0 0.003864 0.004950 -0.004637 -0.004950
0 0.009274 0.017327 -0.015456 -0.034653
0 0.006182 0.008663 -0.009274 -0.012376
0 0.006182 0.007426 -0.009274 -0.014851
0 0.003864 0.004950 -0.004637 -0.004950
0 0.009274 0.017327 -0.015456 -0.034653
0 0.006182 0.008663 -0.009274 -0.012376
0 0.003864 0.004950 -0.004637 -0.004950
0 0.006182 0.007426 -0.009274 -0.014851
0 0.003864 0.004950 -0.004637 -0.004950
0 0.009274 0.017327 -0.015456 -0.034653
0 0.003864 0.004950 -0.004637 -0.004950
0 0.003864 0.004950 -0.004637 -0.004950
0 0.003864 0.004950 -0.004637 -0.004950
0 0.003864 0.004950 -0.004637 -0.004950
0 0.006182 0.008663 -0.009274 -0.012376
0 0.010046 0.017327 -0.013910 -0.034653
0 0.006182 0.007426 -0.009274 -0.014851
0 0.006182 0.007426 -0.009274 -0.014851
0 0.003864 0.004950 -0.004637 -0.004950
0 0.003864 0.004950 -0.004637 -0.004950
0 0.003864 0.004950 -0.004637 -0.004950
0 0.003864 0.004950 -0.004637 -0.004950
0 0.003864 0.004950 -0.004637 -0.004950
0 0.006182 0.007426 -0.009274 -0.014851
0 0.003864 0.004950 -0.004637 -0.004950
0 0.003864 0.004950 -0.004637 -0.004950
0 0.006182 0.007426 -0.009274 -0.014851
0 0.006182 0.007426 -0.009274 -0.014851
0 0.003864 0.004950 -0.004637 -0.004950
0 0.004637 0.006188 -0.006182 -0.007426
0 0.009274 0.017327 -0.015456 -0.034653
0 0.003864 0.004950 -0.004637 -0.004950
0 0.006182 0.007426 -0.009274 -0.014851
0 0.003864 0.004950 -0.004637 -0.004950
0 0.006182 0.007426 -0.009274 -0.014851
0 0.006182 0.008663 -0.009274 -0.012376
0 0.006182 0.008663 -0.009274 -0.012376
0 0.006182 0.007426 -0.009274 -0.014851
0 0.006182 0.007426 -0.009274 -0.014851
0 0.005410 0.007426 -0.007728 -0.009901
0 0.003864 0.004950 -0.004637 -0.004950
0 0.003864 0.004950 -0.004637 -0.004950
0 0.003864 0.004950 -0.004637 -0.004950
0 0.006182 0.007426 -0.009274 -0.014851
0 0.006182 0.007426 -0.009274 -0.014851
0 0.006182 0.007426 -0.009274 -0.014851
0 0.006182 0.007426 -0.009274 -0.014851
0 0.006182 0.007426 -0.009274 -0.014851
0 0.006182 0.007426 -0.009274 -0.014851
0 0.006182 0.007426 -0.009274 -0.014851
0 0.006182 0.007426 -0.009274 -0.014851
0 0.003864 0.004950 -0.004637 -0.004950
0 0.006182 0.007426 -0.009274 -0.014851
0 0.003864 0.004950 -0.004637 -0.004950
0 0.003864 0.004950 -0.004637 -0.004950
0 0.004637 0.006188 -0.006182 -0.007426
0 0.006182 0.008663 -0.009274 -0.012376
0 0.009274 0.017327 -0.015456 -0.034653
0 0.003864 0.004950 -0.004637 -0.004950
0 0.003864 0.004950 -0.004637 -0.004950
0 0.009274 0.017327 -0.015456 -0.034653
0 0.009274 0.017327 -0.015456 -0.034653
0 0.006182 0.007426 -0.009274 -0.014851
0 0.009274 0.017327 -0.015456 -0.034653
0 0.006182 0.007426 -0.009274 -0.014851
0 0.003864 0.004950 -0.004637 -0.004950
0 0.006182 0.007426 -0.009274 -0.014851
0 0.003864 0.004950 -0.004637 -0.004950
0 0.006182 0.007426 -0.009274 -0.014851
0 0.003864 0.004950 -0.004637 -0.004950
0 0.009274 0.017327 -0.015456 -0.034653
0 0.009274 0.017327 -0.015456 -0.034653
0 0.009274 0.017327 -0.015456 -0.034653
0 0.006182 0.007426 -0.009274 -0.014851
0 0.006182 0.008663 -0.009274 -0.012376
0 0.006182 0.007426 -0.009274 -0.014851
0 0.009274 0.017327 -0.015456 -0.034653
0 0.009274 0.017327 -0.015456 -0.034653
0 0.003864 0.004950 -0.004637 -0.004950
0 0.006182 0.008663 -0.009274 -0.012376
0 0.003864 0.004950 -0.004637 -0.004950
0 0.003864 0.004950 -0.004637 -0.004950
0 0.009274 0.017327 -0.015456 -0.034653
0 0.006182 0.008663 -0.009274 -0.012376
0 0.003864 0.004950 -0.004637 -0.004950
0 0.006182 0.008663 -0.009274 -0.012376
0 0.003864 0.004950 -0.004637 -0.004950
0 0.009274 0.017327 -0.015456 -0.034653
0 0.003864 0.004950 -0.004637 -0.004950
0 0.009274 0.017327 -0.015456 -0.034653
0 0.004637 0.006188 -0.006182 -0.007426