0 0.019830 0.035932 -0.038244 -0.071864
0 0.001416 0.003045 -0.001416 -0.006090
0 0.001416 0.003045 -0.001416 -0.006090
0 0.001416 0.003045 -0.001416 -0.006090
0 0.019122 0.034714 -0.036827 -0.069428
0 0.002479 0.003045 -0.003541 -0.006090
0 0.001416 0.003045 -0.001416 -0.006090
0 0.002479 0.003045 -0.003541 -0.006090
0 0.004958 0.009744 -0.008499 -0.019488
0 0.015581 0.031669 -0.029745 -0.063337
0 0.002479 0.003045 -0.003541 -0.006090
0 0.001416 0.003045 -0.001416 -0.006090
0 0.001416 0.003045 -0.001416 -0.006090
0 0.018768 0.032887 -0.036119 -0.065773
0 0.016643 0.028624 -0.031870 -0.057247
0 0.007436 0.014616 -0.013456 -0.029233
0 0.040368 0.069428 -0.079320 -0.138855
0 0.001416 0.003045 -0.001416 -0.006090
0 0.002479 0.003045 -0.003541 -0.006090
0 0.001416 0.003045 -0.001416 -0.006090
0 0.007436 0.014616 -0.013456 -0.029233
0 0.001416 0.003045 -0.001416 -0.006090
0 0.001416 0.003045 -0.001416 -0.006090
0 0.007790 0.013398 -0.014164 -0.026797
0 0.001416 0.003045 -0.001416 -0.006090
0 0.015935 0.035932 -0.030453 -0.071864
0 0.001416 0.003045 -0.001416 -0.006090
0 0.002479 0.003045 -0.003541 -0.006090
0 0.003895 0.006090 -0.006374 -0.012180
0 0.001416 0.003045 -0.001416 -0.006090
0 0.036827 0.066991 -0.072238 -0.133983
0 0.012394 0.020706 -0.023371 -0.041413
0 0.001416 0.003045 -0.001416 -0.006090
0 0.003895 0.006090 -0.006374 -0.012180
0 0.002479 0.003045 -0.003541 -0.006090
0 0.001416 0.003045 -0.001416 -0.006090
0 0.023725 0.048112 -0.046034 -0.096224
0 0.006020 0.010962 -0.010623 -0.021924
0 0.002479 0.003045 -0.003541 -0.006090
0 0.001416 0.003045 -0.001416 -0.006090
0 0.012394 0.020706 -0.023371 -0.041413
0 0.018768 0.032887 -0.036119 -0.065773
0 0.007790 0.014616 -0.014164 -0.029233
0 0.002479 0.003045 -0.003541 -0.006090
0 0.002125 0.003045 -0.002833 -0.006090
0 0.018768 0.032887 -0.036119 -0.065773
0 0.005312 0.008526 -0.009207 -0.017052
0 0.002479 0.003045 -0.003541 -0.006090
0 0.003895 0.006090 -0.006374 -0.012180
0 0.012394 0.020706 -0.023371 -0.041413
0 0.004958 0.009744 -0.008499 -0.019488
0 0.001416 0.003045 -0.001416 -0.006090
0 0.001416 0.003045 -0.001416 -0.006090
0 0.001416 0.003045 -0.001416 -0.006090
0 0.012394 0.023143 -0.023371 -0.046285
0 0.015581 0.031669 -0.029745 -0.063337
0 0.002479 0.003045 -0.003541 -0.006090
0 0.023725 0.048112 -0.046034 -0.096224
0 0.018768 0.032887 -0.036119 -0.065773
0 0.001416 0.003045 -0.001416 -0.006090
0 0.001416 0.003045 -0.001416 -0.006090
0 0.002479 0.003045 -0.003541 -0.006090
0 0.001416 0.003045 -0.001416 -0.006090
0 0.001771 0.003045 -0.002125 -0.006090
0 0.001416 0.003045 -0.001416 -0.006090
0 0.004958 0.009744 -0.008499 -0.019488
0 0.001416 0.003045 -0.001416 -0.006090
0 0.002479 0.003045 -0.003541 -0.006090
0 0.018768 0.032887 -0.036119 -0.065773
0 0.001416 0.003045 -0.001416 -0.006090
0 0.024079 0.046285 -0.046742 -0.092570
0 0.023725 0.048112 -0.046034 -0.096224
0 0.001416 0.003045 -0.001416 -0.006090
0 0.015581 0.031669 -0.029745 -0.063337
0 0.001416 0.003045 -0.001416 -0.006090
0 0.002479 0.003045 -0.003541 -0.006090
0 0.001416 0.003045 -0.001416 -0.006090
0 0.002479 0.003045 -0.003541 -0.006090
0 0.001416 0.003045 -0.001416 -0.006090
0 0.002479 0.003045 -0.003541 -0.006090
0 0.001416 0.003045 -0.001416 -0.006090
0 0.002479 0.003045 -0.003541 -0.006090
0 0.002479 0.003045 -0.003541 -0.006090
0 0.001416 0.003045 -0.001416 -0.006090
0 0.001416 0.003045 -0.001416 -0.006090
0 0.002479 0.003045 -0.003541 -0.006090
0 0.007436 0.014616 -0.013456 -0.029233
0 0.001416 0.003045 -0.001416 -0.006090
0 0.002479 0.003045 -0.003541 -0.006090
0 0.002125 0.003045 -0.002833 -0.006090
0 0.005312 0.008526 -0.009207 -0.017052
0 0.001416 0.003045 -0.001416 -0.006090
0 0.002479 0.003045 -0.003541 -0.006090
0 0.004958 0.010962 -0.008499 -0.021924
0 0.003895 0.006090 -0.006374 -0.012180
0 0.002479 0.003045 -0.003541 -0.006090
0 0.002479 0.003045 -0.003541 -0.006090
0 0.015581 0.031669 -0.029745 -0.063337
0 0.005666 0.007308 -0.009915 -0.014616
0 0.002479 0.003045 -0.003541 -0.006090
0 0.011686 0.020706 -0.021955 -0.041413
0 0.001416 0.003045 -0.001416 -0.006090
0 0.002479 0.003045 -0.003541 -0.006090
0 0.005312 0.008526 -0.009207 -0.017052
0 0.019122 0.034714 -0.036827 -0.069428
0 0.018768 0.032887 -0.036119 -0.065773
0 0.005312 0.008526 -0.009207 -0.017052
0 0.003895 0.006090 -0.006374 -0.012180
0 0.001416 0.003045 -0.001416 -0.006090
0 0.005312 0.008526 -0.009207 -0.017052
0 0.001416 0.003045 -0.001416 -0.006090
0 0.002479 0.003045 -0.003541 -0.006090
0 0.018768 0.032887 -0.036119 -0.065773
0 0.005312 0.008526 -0.009207 -0.017052
0 0.010623 0.018879 -0.019830 -0.037759
0 0.003895 0.006090 -0.006374 -0.012180
0 0.002479 0.003045 -0.003541 -0.006090
0 0.018768 0.032887 -0.036119 -0.065773
0 0.001416 0.003045 -0.001416 -0.006090
0 0.001416 0.003045 -0.001416 -0.006090
0 0.019830 0.034714 -0.035411 -0.069428
0 0.015581 0.031669 -0.029745 -0.063337
0 0.011686 0.028624 -0.021955 -0.057247
0 0.001416 0.003045 -0.001416 -0.006090
0 0.002479 0.003045 -0.003541 -0.006090