0 0.010000 0.011250 -0.015000 -0.022500
0 0.010000 0.011250 -0.015000 -0.022500
0 0.010000 0.011250 -0.015000 -0.022500
0 0.010000 0.011250 -0.015000 -0.022500
0 0.010000 0.011250 -0.015000 -0.022500
0 0.010000 0.011250 -0.015000 -0.022500
0 0.010000 0.011250 -0.015000 -0.022500
0 0.010000 0.011250 -0.015000 -0.022500
0 0.010000 0.011250 -0.015000 -0.022500
0 0.010000 0.011250 -0.015000 -0.022500
0 0.010000 0.011250 -0.015000 -0.022500
0 0.010000 0.011250 -0.015000 -0.022500
0 0.010000 0.011250 -0.015000 -0.022500
0 0.010000 0.011250 -0.015000 -0.022500
0 0.010000 0.011250 -0.015000 -0.022500
0 0.010000 0.011250 -0.015000 -0.022500