0 0.005556 0.009136 -0.008889 -0.018272
0 0.007222 0.010797 -0.012222 -0.021595
0 0.005556 0.009136 -0.008889 -0.018272
0 0.003889 0.004983 -0.005556 -0.009967
0 0.010556 0.017442 -0.018889 -0.034884
0 0.007222 0.010797 -0.012222 -0.021595
0 0.010000 0.019103 -0.017778 -0.038206
0 0.013889 0.023256 -0.025556 -0.046512
0 0.005556 0.009136 -0.008889 -0.018272
0 0.010556 0.017442 -0.018889 -0.034884
0 0.021111 0.039037 -0.040000 -0.078073
0 0.017222 0.038206 -0.032222 -0.076412
0 0.005556 0.009136 -0.008889 -0.018272
0 0.003889 0.004983 -0.005556 -0.009967
0 0.008333 0.011628 -0.014444 -0.023256
0 0.013889 0.023256 -0.025556 -0.046512
0 0.007222 0.008306 -0.012222 -0.016611
0 0.005556 0.009136 -0.008889 -0.018272
0 0.003889 0.004983 -0.005556 -0.009967
0 0.010556 0.017442 -0.018889 -0.034884
0 0.005556 0.009136 -0.008889 -0.018272
0 0.005556 0.009136 -0.008889 -0.018272
0 0.005556 0.009136 -0.008889 -0.018272
0 0.005556 0.009136 -0.008889 -0.018272
0 0.019444 0.042359 -0.036667 -0.084718
0 0.005556 0.009136 -0.008889 -0.018272
0 0.007222 0.010797 -0.012222 -0.021595
0 0.005556 0.009136 -0.008889 -0.018272
0 0.005556 0.009136 -0.008889 -0.018272
0 0.006667 0.009967 -0.011111 -0.019934
0 0.013889 0.023256 -0.025556 -0.046512
0 0.007222 0.010797 -0.012222 -0.021595
0 0.010556 0.017442 -0.018889 -0.034884
0 0.005556 0.009136 -0.008889 -0.018272
0 0.010556 0.017442 -0.018889 -0.034884
0 0.021111 0.039037 -0.040000 -0.078073
0 0.007222 0.010797 -0.012222 -0.021595
0 0.003889 0.004983 -0.005556 -0.009967
0 0.005556 0.009136 -0.008889 -0.018272
0 0.008333 0.011628 -0.014444 -0.023256
0 0.015556 0.023256 -0.028889 -0.046512
0 0.003889 0.004983 -0.005556 -0.009967
0 0.010556 0.017442 -0.018889 -0.034884
0 0.007222 0.008306 -0.012222 -0.016611
0 0.013889 0.021595 -0.025556 -0.043189
0 0.003889 0.004983 -0.005556 -0.009967
0 0.005556 0.009136 -0.008889 -0.018272
0 0.007222 0.010797 -0.012222 -0.021595
0 0.005556 0.009136 -0.008889 -0.018272
0 0.007222 0.010797 -0.012222 -0.021595
0 0.006667 0.009136 -0.011111 -0.018272
0 0.005556 0.009136 -0.008889 -0.018272
0 0.007222 0.010797 -0.012222 -0.021595
0 0.017222 0.038206 -0.032222 -0.076412
0 0.007222 0.010797 -0.012222 -0.021595
0 0.007222 0.010797 -0.012222 -0.021595
0 0.007222 0.010797 -0.012222 -0.021595
0 0.008889 0.012458 -0.015556 -0.024917
0 0.005556 0.009136 -0.008889 -0.018272
0 0.007222 0.010797 -0.012222 -0.021595
0 0.006667 0.009136 -0.011111 -0.018272
0 0.007222 0.010797 -0.012222 -0.021595
0 0.007222 0.010797 -0.012222 -0.021595
0 0.003889 0.004983 -0.005556 -0.009967
0 0.006667 0.009136 -0.011111 -0.018272
0 0.006667 0.009136 -0.011111 -0.018272
0 0.005556 0.009136 -0.008889 -0.018272
0 0.008889 0.012458 -0.015556 -0.024917
0 0.008889 0.012458 -0.015556 -0.024917
0 0.013889 0.023256 -0.025556 -0.046512
0 0.006667 0.009136 -0.011111 -0.018272
0 0.005556 0.009136 -0.008889 -0.018272
0 0.003889 0.004983 -0.005556 -0.009967
0 0.008889 0.012458 -0.015556 -0.024917
0 0.005556 0.009136 -0.008889 -0.018272
0 0.006667 0.009967 -0.011111 -0.019934
0 0.019444 0.042359 -0.036667 -0.084718
0 0.005556 0.009136 -0.008889 -0.018272
0 0.005556 0.009136 -0.008889 -0.018272
0 0.005556 0.009136 -0.008889 -0.018272
0 0.006667 0.009136 -0.011111 -0.018272
0 0.008889 0.012458 -0.015556 -0.024917
0 0.003889 0.004983 -0.005556 -0.009967
0 0.006667 0.009136 -0.011111 -0.018272
0 0.006667 0.009136 -0.011111 -0.018272
0 0.015556 0.023256 -0.028889 -0.046512
0 0.006667 0.009136 -0.011111 -0.018272
0 0.003889 0.004983 -0.005556 -0.009967
0 0.008889 0.012458 -0.015556 -0.024917
0 0.006667 0.009967 -0.011111 -0.019934
0 0.005556 0.009136 -0.008889 -0.018272
0 0.010000 0.012458 -0.013333 -0.024917
0 0.010000 0.019103 -0.017778 -0.038206
0 0.003889 0.004983 -0.005556 -0.009967
0 0.007222 0.010797 -0.012222 -0.021595
0 0.006667 0.009136 -0.011111 -0.018272
0 0.005556 0.009136 -0.008889 -0.018272
0 0.013889 0.021595 -0.025556 -0.043189
0 0.005556 0.009136 -0.008889 -0.018272
0 0.015556 0.023256 -0.028889 -0.046512