0 0.014516 0.027500 -0.025806 -0.055000
0 0.014516 0.027500 -0.025806 -0.055000
0 0.014516 0.027500 -0.025806 -0.055000
0 0.014516 0.027500 -0.025806 -0.055000
0 0.014516 0.027500 -0.025806 -0.055000
0 0.014516 0.027500 -0.025806 -0.055000
0 0.014516 0.027500 -0.025806 -0.055000
0 0.014516 0.027500 -0.025806 -0.055000
0 0.014516 0.027500 -0.025806 -0.055000
0 0.014516 0.027500 -0.025806 -0.055000
0 0.014516 0.027500 -0.025806 -0.055000
0 0.014516 0.027500 -0.025806 -0.055000
0 0.014516 0.027500 -0.025806 -0.055000
0 0.014516 0.027500 -0.025806 -0.055000
0 0.014516 0.027500 -0.025806 -0.055000
0 0.014516 0.027500 -0.025806 -0.055000
0 0.014516 0.027500 -0.025806 -0.055000
0 0.014516 0.027500 -0.025806 -0.055000
0 0.014516 0.027500 -0.025806 -0.055000
0 0.014516 0.027500 -0.025806 -0.055000
0 0.014516 0.027500 -0.025806 -0.055000
0 0.014516 0.027500 -0.025806 -0.055000
0 0.014516 0.027500 -0.025806 -0.055000
0 0.014516 0.027500 -0.025806 -0.055000
0 0.014516 0.027500 -0.025806 -0.055000
0 0.014516 0.027500 -0.025806 -0.055000
0 0.014516 0.027500 -0.025806 -0.055000
0 0.014516 0.027500 -0.025806 -0.055000
0 0.014516 0.027500 -0.025806 -0.055000
0 0.014516 0.027500 -0.025806 -0.055000
0 0.014516 0.027500 -0.025806 -0.055000
0 0.014516 0.027500 -0.025806 -0.055000
0 0.014516 0.027500 -0.025806 -0.055000
0 0.014516 0.027500 -0.025806 -0.055000
0 0.014516 0.027500 -0.025806 -0.055000
0 0.014516 0.027500 -0.025806 -0.055000
0 0.014516 0.027500 -0.025806 -0.055000
0 0.014516 0.027500 -0.025806 -0.055000
0 0.014516 0.027500 -0.025806 -0.055000
0 0.014516 0.027500 -0.025806 -0.055000
0 0.014516 0.027500 -0.025806 -0.055000
0 0.014516 0.027500 -0.025806 -0.055000
0 0.014516 0.027500 -0.025806 -0.055000
0 0.014516 0.027500 -0.025806 -0.055000
0 0.014516 0.027500 -0.025806 -0.055000
0 0.014516 0.027500 -0.025806 -0.055000
0 0.014516 0.027500 -0.025806 -0.055000
0 0.014516 0.027500 -0.025806 -0.055000
0 0.014516 0.027500 -0.025806 -0.055000
0 0.014516 0.027500 -0.025806 -0.055000
0 0.014516 0.027500 -0.025806 -0.055000
0 0.014516 0.027500 -0.025806 -0.055000
0 0.014516 0.027500 -0.025806 -0.055000
0 0.014516 0.027500 -0.025806 -0.055000
0 0.014516 0.027500 -0.025806 -0.055000
0 0.014516 0.027500 -0.025806 -0.055000
0 0.011290 0.023750 -0.019355 -0.047500
0 0.014516 0.027500 -0.025806 -0.055000
0 0.014516 0.027500 -0.025806 -0.055000
0 0.014516 0.027500 -0.025806 -0.055000
0 0.014516 0.027500 -0.025806 -0.055000
0 0.014516 0.027500 -0.025806 -0.055000
0 0.014516 0.027500 -0.025806 -0.055000
0 0.014516 0.027500 -0.025806 -0.055000
0 0.009677 0.023750 -0.016129 -0.047500
0 0.014516 0.027500 -0.025806 -0.055000
0 0.014516 0.027500 -0.025806 -0.055000
0 0.014516 0.027500 -0.025806 -0.055000
0 0.014516 0.027500 -0.025806 -0.055000
0 0.014516 0.027500 -0.025806 -0.055000
0 0.014516 0.027500 -0.025806 -0.055000
0 0.014516 0.027500 -0.025806 -0.055000
0 0.014516 0.027500 -0.025806 -0.055000
0 0.014516 0.027500 -0.025806 -0.055000
0 0.014516 0.027500 -0.025806 -0.055000
0 0.014516 0.027500 -0.025806 -0.055000
0 0.014516 0.027500 -0.025806 -0.055000
0 0.014516 0.027500 -0.025806 -0.055000
0 0.014516 0.027500 -0.025806 -0.055000
0 0.014516 0.027500 -0.025806 -0.055000
0 0.014516 0.027500 -0.025806 -0.055000
0 0.014516 0.027500 -0.025806 -0.055000
0 0.014516 0.027500 -0.025806 -0.055000
0 0.014516 0.027500 -0.025806 -0.055000
0 0.014516 0.027500 -0.025806 -0.055000
0 0.011290 0.023750 -0.019355 -0.047500
0 0.014516 0.027500 -0.025806 -0.055000
0 0.014516 0.027500 -0.025806 -0.055000
0 0.014516 0.027500 -0.025806 -0.055000
0 0.014516 0.027500 -0.025806 -0.055000
0 0.014516 0.027500 -0.025806 -0.055000
0 0.014516 0.027500 -0.025806 -0.055000
0 0.014516 0.027500 -0.025806 -0.055000
0 0.014516 0.027500 -0.025806 -0.055000
0 0.014516 0.027500 -0.025806 -0.055000
0 0.014516 0.027500 -0.025806 -0.055000
0 0.014516 0.027500 -0.025806 -0.055000
0 0.014516 0.027500 -0.025806 -0.055000
0 0.014516 0.027500 -0.025806 -0.055000
0 0.014516 0.027500 -0.025806 -0.055000
0 0.014516 0.027500 -0.025806 -0.055000
0 0.014516 0.027500 -0.025806 -0.055000
0 0.014516 0.027500 -0.025806 -0.055000
0 0.014516 0.027500 -0.025806 -0.055000
0 0.014516 0.027500 -0.025806 -0.055000
0 0.014516 0.027500 -0.025806 -0.055000
0 0.014516 0.027500 -0.025806 -0.055000
0 0.014516 0.027500 -0.025806 -0.055000
0 0.014516 0.027500 -0.025806 -0.055000
0 0.014516 0.027500 -0.025806 -0.055000
0 0.014516 0.027500 -0.025806 -0.055000
0 0.014516 0.027500 -0.025806 -0.055000
0 0.014516 0.027500 -0.025806 -0.055000
0 0.014516 0.027500 -0.025806 -0.055000
0 0.014516 0.027500 -0.025806 -0.055000
0 0.014516 0.027500 -0.025806 -0.055000
0 0.014516 0.027500 -0.025806 -0.055000
0 0.014516 0.027500 -0.025806 -0.055000
0 0.014516 0.027500 -0.025806 -0.055000
0 0.014516 0.027500 -0.025806 -0.055000
0 0.014516 0.027500 -0.025806 -0.055000
0 0.014516 0.027500 -0.025806 -0.055000
0 0.014516 0.027500 -0.025806 -0.055000
0 0.014516 0.027500 -0.025806 -0.055000
0 0.014516 0.027500 -0.025806 -0.055000
0 0.014516 0.027500 -0.025806 -0.055000
0 0.014516 0.027500 -0.025806 -0.055000
0 0.014516 0.027500 -0.025806 -0.055000
0 0.014516 0.027500 -0.025806 -0.055000