0 0.002508 0.005932 -0.004630 -0.011863
0 0.000965 0.001302 -0.001543 -0.002604
0 0.001350 0.002459 -0.002315 -0.004919
0 0.002508 0.005932 -0.004630 -0.011863
0 0.001833 0.004051 -0.003279 -0.008102
0 0.011478 0.020544 -0.022569 -0.041088
0 0.003472 0.006076 -0.006559 -0.012153
0 0.000965 0.001302 -0.001543 -0.002604
0 0.002508 0.005932 -0.004630 -0.011863
0 0.001833 0.003183 -0.003279 -0.006366
0 0.003665 0.005642 -0.006944 -0.011285
0 0.002508 0.005932 -0.004630 -0.011863
0 0.001833 0.003183 -0.003279 -0.006366
0 0.001061 0.001736 -0.001736 -0.003472
0 0.013021 0.018953 -0.025656 -0.037905
0 0.001833 0.003183 -0.003279 -0.006366
0 0.001833 0.003183 -0.003279 -0.006366
0 0.003665 0.005642 -0.006944 -0.011285
0 0.001061 0.001736 -0.001736 -0.003472
0 0.003665 0.005642 -0.006944 -0.011285
0 0.001833 0.003183 -0.003279 -0.006366
0 0.013021 0.018953 -0.025656 -0.037905
0 0.002508 0.005932 -0.004630 -0.011863
0 0.001833 0.003183 -0.003279 -0.006366
0 0.001350 0.002459 -0.002315 -0.004919
0 0.002218 0.004196 -0.004051 -0.008391
0 0.002508 0.004485 -0.004630 -0.008970
0 0.003472 0.006076 -0.006559 -0.012153
0 0.001833 0.004051 -0.003279 -0.008102
0 0.003665 0.005642 -0.006944 -0.011285
0 0.003665 0.005642 -0.006944 -0.011285
0 0.003665 0.005642 -0.006944 -0.011285
0 0.002218 0.004196 -0.004051 -0.008391
0 0.001833 0.004051 -0.003279 -0.008102
0 0.002508 0.005932 -0.004630 -0.011863
0 0.002508 0.005932 -0.004630 -0.011863
0 0.004051 0.008391 -0.007716 -0.016782
0 0.001157 0.001591 -0.001929 -0.003183
0 0.011478 0.020544 -0.022569 -0.041088
0 0.001833 0.003183 -0.003279 -0.006366
0 0.003472 0.006076 -0.006559 -0.012153
0 0.002218 0.004196 -0.004051 -0.008391
0 0.006848 0.012297 -0.013310 -0.024595
0 0.002218 0.004196 -0.004051 -0.008391
0 0.002508 0.004485 -0.004630 -0.008970
0 0.002508 0.005932 -0.004630 -0.011863
0 0.002218 0.004196 -0.004051 -0.008391
0 0.007137 0.012731 -0.013889 -0.025463
0 0.001833 0.002749 -0.003279 -0.005498
0 0.002508 0.005932 -0.004630 -0.011863
0 0.003472 0.006076 -0.006559 -0.012153
0 0.003472 0.006076 -0.006559 -0.012153
0 0.002508 0.004485 -0.004630 -0.008970
0 0.006848 0.012297 -0.013310 -0.024595
0 0.001833 0.004051 -0.003279 -0.008102
0 0.002218 0.004196 -0.004051 -0.008391
0 0.001350 0.002459 -0.002315 -0.004919
0 0.011478 0.020544 -0.022569 -0.041088
0 0.001061 0.001736 -0.001736 -0.003472
0 0.011478 0.020544 -0.022569 -0.041088
0 0.002508 0.005932 -0.004630 -0.011863
0 0.001447 0.002604 -0.002508 -0.005208
0 0.001447 0.002604 -0.002508 -0.005208
0 0.003665 0.005642 -0.006944 -0.011285
0 0.003665 0.005642 -0.006944 -0.011285
0 0.006848 0.012297 -0.013310 -0.024595
0 0.005691 0.009404 -0.010995 -0.018808
0 0.004051 0.008391 -0.007716 -0.016782
0 0.000965 0.001302 -0.001543 -0.002604
0 0.003665 0.005642 -0.006944 -0.011285
0 0.001833 0.004051 -0.003279 -0.008102
0 0.001350 0.002459 -0.002315 -0.004919
0 0.002508 0.004485 -0.004630 -0.008970
0 0.002990 0.005353 -0.005594 -0.010706
0 0.006848 0.012297 -0.013310 -0.024595
0 0.002508 0.004485 -0.004630 -0.008970
0 0.002218 0.004196 -0.004051 -0.008391
0 0.001833 0.003183 -0.003279 -0.006366
0 0.002990 0.005353 -0.005594 -0.010706
0 0.001833 0.004051 -0.003279 -0.008102
0 0.001447 0.002604 -0.002508 -0.005208
0 0.001447 0.002604 -0.002508 -0.005208
0 0.001447 0.002604 -0.002508 -0.005208
0 0.001833 0.004051 -0.003279 -0.008102
0 0.013021 0.018953 -0.025656 -0.037905
0 0.001447 0.002604 -0.002508 -0.005208
0 0.003665 0.005642 -0.006944 -0.011285
0 0.007137 0.012731 -0.013889 -0.025463
0 0.002508 0.004485 -0.004630 -0.008970
0 0.001833 0.003183 -0.003279 -0.006366
0 0.002990 0.005353 -0.005594 -0.010706
0 0.002508 0.005932 -0.004630 -0.011863
0 0.001833 0.004051 -0.003279 -0.008102
0 0.003665 0.005642 -0.006944 -0.011285
0 0.001833 0.003183 -0.003279 -0.006366
0 0.004051 0.008391 -0.007716 -0.016782
0 0.001061 0.001736 -0.001736 -0.003472
0 0.002508 0.005932 -0.004630 -0.011863
0 0.013021 0.018953 -0.025656 -0.037905
0 0.002508 0.004485 -0.004630 -0.008970
0 0.001157 0.001591 -0.001929 -0.003183
0 0.002218 0.004196 -0.004051 -0.008391
0 0.001833 0.003183 -0.003279 -0.006366
0 0.011478 0.020544 -0.022569 -0.041088
0 0.001447 0.002604 -0.002508 -0.005208
0 0.002508 0.004485 -0.004630 -0.008970
0 0.011478 0.020544 -0.022569 -0.041088
0 0.001447 0.002604 -0.002508 -0.005208
0 0.001833 0.003183 -0.003279 -0.006366
0 0.001833 0.003183 -0.003279 -0.006366
0 0.001833 0.002749 -0.003279 -0.005498
0 0.002508 0.005932 -0.004630 -0.011863
0 0.005691 0.009404 -0.010995 -0.018808
0 0.001833 0.002749 -0.003279 -0.005498
0 0.007137 0.012731 -0.013889 -0.025463
0 0.001833 0.003183 -0.003279 -0.006366
0 0.002508 0.005932 -0.004630 -0.011863
0 0.011478 0.020544 -0.022569 -0.041088
0 0.006848 0.012297 -0.013310 -0.024595
0 0.001254 0.001157 -0.002122 -0.002315
0 0.001833 0.003183 -0.003279 -0.006366
0 0.001833 0.004051 -0.003279 -0.008102
0 0.003665 0.005642 -0.006944 -0.011285
0 0.001833 0.003183 -0.003279 -0.006366
0 0.003762 0.006655 -0.007137 -0.013310
0 0.003472 0.006076 -0.006559 -0.012153
0 0.002508 0.005932 -0.004630 -0.011863
0 0.002508 0.005932 -0.004630 -0.011863
0 0.001833 0.003183 -0.003279 -0.006366
0 0.001833 0.003183 -0.003279 -0.006366
0 0.001833 0.003183 -0.003279 -0.006366
0 0.002508 0.004485 -0.004630 -0.008970
0 0.000965 0.001302 -0.001543 -0.002604
0 0.003665 0.005642 -0.006944 -0.011285
0 0.003762 0.006655 -0.007137 -0.013310
0 0.003665 0.005642 -0.006944 -0.011285
0 0.000965 0.001302 -0.001543 -0.002604
0 0.000965 0.001302 -0.001543 -0.002604
0 0.001447 0.002604 -0.002508 -0.005208
0 0.002508 0.005932 -0.004630 -0.011863
0 0.001254 0.001157 -0.002122 -0.002315
0 0.003665 0.005642 -0.006944 -0.011285
0 0.001833 0.003183 -0.003279 -0.006366
0 0.004051 0.008391 -0.007716 -0.016782
0 0.001447 0.002604 -0.002508 -0.005208
0 0.001254 0.001157 -0.002122 -0.002315
0 0.001447 0.002604 -0.002508 -0.005208
0 0.001833 0.002749 -0.003279 -0.005498
0 0.001833 0.003183 -0.003279 -0.006366
0 0.002508 0.004485 -0.004630 -0.008970
0 0.001833 0.003183 -0.003279 -0.006366
0 0.002508 0.005932 -0.004630 -0.011863
0 0.001447 0.002604 -0.002508 -0.005208
0 0.002218 0.004196 -0.004051 -0.008391
0 0.003665 0.005642 -0.006944 -0.011285
0 0.003472 0.006076 -0.006559 -0.012153
0 0.001833 0.003183 -0.003279 -0.006366
0 0.001833 0.004051 -0.003279 -0.008102
0 0.003665 0.005642 -0.006944 -0.011285
0 0.001833 0.003183 -0.003279 -0.006366
0 0.004051 0.008391 -0.007716 -0.016782
0 0.005691 0.009404 -0.010995 -0.018808
0 0.003665 0.005642 -0.006944 -0.011285
0 0.001833 0.004051 -0.003279 -0.008102
0 0.002508 0.004485 -0.004630 -0.008970
0 0.002508 0.004485 -0.004630 -0.008970
0 0.000965 0.001302 -0.001543 -0.002604
0 0.001833 0.004051 -0.003279 -0.008102
0 0.001833 0.004051 -0.003279 -0.008102
0 0.002218 0.004196 -0.004051 -0.008391
0 0.001833 0.002749 -0.003279 -0.005498
0 0.002604 0.003906 -0.004823 -0.007812
0 0.001061 0.001736 -0.001736 -0.003472
0 0.002508 0.005932 -0.004630 -0.011863
0 0.003472 0.006076 -0.006559 -0.012153
0 0.005691 0.009404 -0.010995 -0.018808
0 0.001447 0.002604 -0.002508 -0.005208
0 0.003472 0.006076 -0.006559 -0.012153
0 0.001447 0.002604 -0.002508 -0.005208
0 0.001833 0.003183 -0.003279 -0.006366
0 0.007137 0.012731 -0.013889 -0.025463
0 0.001833 0.004051 -0.003279 -0.008102
0 0.002218 0.004196 -0.004051 -0.008391
0 0.001833 0.003183 -0.003279 -0.006366
0 0.006848 0.012297 -0.013310 -0.024595
0 0.003762 0.006655 -0.007137 -0.013310
0 0.003665 0.005642 -0.006944 -0.011285
0 0.001833 0.003183 -0.003279 -0.006366
0 0.002508 0.005932 -0.004630 -0.011863
0 0.002218 0.004196 -0.004051 -0.008391
0 0.001447 0.002604 -0.002508 -0.005208
0 0.013021 0.018953 -0.025656 -0.037905
0 0.002218 0.004196 -0.004051 -0.008391
0 0.003665 0.005642 -0.006944 -0.011285
0 0.001447 0.002604 -0.002508 -0.005208
0 0.003665 0.005642 -0.006944 -0.011285
0 0.002508 0.005932 -0.004630 -0.011863
0 0.005691 0.009404 -0.010995 -0.018808
0 0.001447 0.002604 -0.002508 -0.005208
0 0.002508 0.005932 -0.004630 -0.011863
0 0.000965 0.001302 -0.001543 -0.002604
0 0.000965 0.001302 -0.001543 -0.002604
0 0.001833 0.004051 -0.003279 -0.008102
0 0.001833 0.004051 -0.003279 -0.008102
0 0.001833 0.004051 -0.003279 -0.008102
0 0.001833 0.003183 -0.003279 -0.006366
0 0.003762 0.006655 -0.007137 -0.013310
0 0.001061 0.001736 -0.001736 -0.003472
0 0.002508 0.005932 -0.004630 -0.011863