0 0.009434 0.016152 -0.016771 -0.032303
0 0.004193 0.007725 -0.006289 -0.015449
0 0.003669 0.006320 -0.005241 -0.012640
0 0.003669 0.006320 -0.005241 -0.012640
0 0.009434 0.016152 -0.016771 -0.032303
0 0.006289 0.009129 -0.010482 -0.018258
0 0.003669 0.006320 -0.005241 -0.012640
0 0.004717 0.006320 -0.007338 -0.012640
0 0.020964 0.037219 -0.039832 -0.074438
0 0.004717 0.006320 -0.007338 -0.012640
0 0.003669 0.006320 -0.005241 -0.012640
0 0.003145 0.003511 -0.004193 -0.007022
0 0.006289 0.009129 -0.010482 -0.018258
0 0.020964 0.037219 -0.039832 -0.074438
0 0.006289 0.009129 -0.010482 -0.018258
0 0.003145 0.004213 -0.004193 -0.008427
0 0.003145 0.004213 -0.004193 -0.008427
0 0.004193 0.007725 -0.006289 -0.015449
0 0.003145 0.004213 -0.004193 -0.008427
0 0.003669 0.006320 -0.005241 -0.012640
0 0.004193 0.007725 -0.006289 -0.015449
0 0.003669 0.006320 -0.005241 -0.012640
0 0.006289 0.009129 -0.010482 -0.018258
0 0.020964 0.037219 -0.039832 -0.074438
0 0.003669 0.006320 -0.005241 -0.012640
0 0.009434 0.016152 -0.016771 -0.032303
0 0.004193 0.007725 -0.006289 -0.015449
0 0.003145 0.004213 -0.004193 -0.008427
0 0.009434 0.016152 -0.016771 -0.032303
0 0.004193 0.007725 -0.006289 -0.015449
0 0.020964 0.037219 -0.039832 -0.074438
0 0.020964 0.037219 -0.039832 -0.074438
0 0.003145 0.004213 -0.004193 -0.008427
0 0.004717 0.006320 -0.007338 -0.012640
0 0.004717 0.006320 -0.007338 -0.012640
0 0.003669 0.006320 -0.005241 -0.012640
0 0.004717 0.006320 -0.007338 -0.012640
0 0.004193 0.007725 -0.006289 -0.015449
0 0.003145 0.004213 -0.004193 -0.008427
0 0.003669 0.006320 -0.005241 -0.012640
0 0.003145 0.004213 -0.004193 -0.008427
0 0.003145 0.003511 -0.004193 -0.007022
0 0.009434 0.016152 -0.016771 -0.032303
0 0.009434 0.016152 -0.016771 -0.032303
0 0.004717 0.006320 -0.007338 -0.012640
0 0.004717 0.006320 -0.007338 -0.012640
0 0.003145 0.003511 -0.004193 -0.007022
0 0.003145 0.003511 -0.004193 -0.007022
0 0.009434 0.016152 -0.016771 -0.032303
0 0.003145 0.003511 -0.004193 -0.007022
0 0.009434 0.016152 -0.016771 -0.032303
0 0.004717 0.006320 -0.007338 -0.012640
0 0.003669 0.006320 -0.005241 -0.012640
0 0.009434 0.016152 -0.016771 -0.032303
0 0.006289 0.009129 -0.010482 -0.018258
0 0.003669 0.006320 -0.005241 -0.012640
0 0.004193 0.005618 -0.006289 -0.011236
0 0.009434 0.016152 -0.016771 -0.032303
0 0.004193 0.007725 -0.006289 -0.015449
0 0.003145 0.003511 -0.004193 -0.007022
0 0.003145 0.004213 -0.004193 -0.008427
0 0.004193 0.007725 -0.006289 -0.015449
0 0.004717 0.006320 -0.007338 -0.012640
0 0.004717 0.006320 -0.007338 -0.012640
0 0.003669 0.006320 -0.005241 -0.012640
0 0.003669 0.006320 -0.005241 -0.012640
0 0.003145 0.004213 -0.004193 -0.008427
0 0.006289 0.009129 -0.010482 -0.018258
0 0.009434 0.016152 -0.016771 -0.032303
0 0.004193 0.007022 -0.006289 -0.014045
0 0.004717 0.006320 -0.007338 -0.012640
0 0.004717 0.006320 -0.007338 -0.012640
0 0.003669 0.006320 -0.005241 -0.012640
0 0.003669 0.006320 -0.005241 -0.012640
0 0.003669 0.006320 -0.005241 -0.012640
0 0.010482 0.014747 -0.018868 -0.029494
0 0.004193 0.007725 -0.006289 -0.015449
0 0.004193 0.007022 -0.006289 -0.014045
0 0.003669 0.006320 -0.005241 -0.012640
0 0.004193 0.007725 -0.006289 -0.015449
0 0.006289 0.009129 -0.010482 -0.018258
0 0.004717 0.007725 -0.007338 -0.015449
0 0.004717 0.006320 -0.007338 -0.012640
0 0.004717 0.006320 -0.007338 -0.012640
0 0.004717 0.006320 -0.007338 -0.012640
0 0.009434 0.016152 -0.016771 -0.032303
0 0.003669 0.006320 -0.005241 -0.012640
0 0.003145 0.004213 -0.004193 -0.008427
0 0.003669 0.006320 -0.005241 -0.012640
0 0.004717 0.006320 -0.007338 -0.012640
0 0.009434 0.016152 -0.016771 -0.032303
0 0.009434 0.016152 -0.016771 -0.032303
0 0.004193 0.007725 -0.006289 -0.015449
0 0.004717 0.006320 -0.007338 -0.012640
0 0.004193 0.007725 -0.006289 -0.015449
0 0.006289 0.009129 -0.010482 -0.018258
0 0.004717 0.006320 -0.007338 -0.012640
0 0.004193 0.007725 -0.006289 -0.015449
0 0.003669 0.006320 -0.005241 -0.012640
0 0.004193 0.007725 -0.006289 -0.015449
0 0.003145 0.004213 -0.004193 -0.008427