0 0.004375 0.010256 -0.006250 -0.020513
0 0.005000 0.011538 -0.007500 -0.023077
0 0.004375 0.010256 -0.006250 -0.020513
0 0.004375 0.010256 -0.006250 -0.020513
0 0.005625 0.014103 -0.008750 -0.028205
0 0.004375 0.010256 -0.006250 -0.020513
0 0.007500 0.019231 -0.012500 -0.038462
0 0.002500 0.005128 -0.002500 -0.010256
0 0.006250 0.016667 -0.010000 -0.033333
0 0.005000 0.011538 -0.007500 -0.023077
0 0.002500 0.005128 -0.002500 -0.010256
0 0.007500 0.019231 -0.012500 -0.038462
0 0.005625 0.014103 -0.008750 -0.028205
0 0.004375 0.010256 -0.006250 -0.020513
0 0.005625 0.014103 -0.008750 -0.028205
0 0.005000 0.012821 -0.007500 -0.025641
0 0.004375 0.010256 -0.006250 -0.020513
0 0.006250 0.016667 -0.010000 -0.033333
0 0.005625 0.014103 -0.008750 -0.028205
0 0.006875 0.017949 -0.011250 -0.035897
0 0.004375 0.010256 -0.006250 -0.020513
0 0.005625 0.014103 -0.008750 -0.028205
0 0.002500 0.005128 -0.002500 -0.010256
0 0.005625 0.014103 -0.008750 -0.028205
0 0.004375 0.010256 -0.006250 -0.020513
0 0.007500 0.019231 -0.012500 -0.038462
0 0.004375 0.010256 -0.006250 -0.020513
0 0.004375 0.010256 -0.006250 -0.020513
0 0.005625 0.014103 -0.008750 -0.028205
0 0.004375 0.010256 -0.006250 -0.020513
0 0.005625 0.014103 -0.008750 -0.028205
0 0.002500 0.005128 -0.002500 -0.010256
0 0.004375 0.010256 -0.006250 -0.020513
0 0.005625 0.015385 -0.008750 -0.030769
0 0.004375 0.010256 -0.006250 -0.020513
0 0.002500 0.005128 -0.002500 -0.010256
0 0.004375 0.010256 -0.006250 -0.020513
0 0.007500 0.019231 -0.012500 -0.038462
0 0.005625 0.014103 -0.008750 -0.028205
0 0.002500 0.005128 -0.002500 -0.010256
0 0.004375 0.010256 -0.006250 -0.020513
0 0.005625 0.014103 -0.008750 -0.028205
0 0.002500 0.005128 -0.002500 -0.010256
0 0.002500 0.005128 -0.002500 -0.010256
0 0.008125 0.021795 -0.013750 -0.043590
0 0.002500 0.005128 -0.002500 -0.010256
0 0.011250 0.030769 -0.020000 -0.061538
0 0.006250 0.016667 -0.010000 -0.033333
0 0.007500 0.019231 -0.012500 -0.038462
0 0.007500 0.019231 -0.012500 -0.038462
0 0.011250 0.030769 -0.020000 -0.061538
0 0.004375 0.010256 -0.006250 -0.020513
0 0.002500 0.005128 -0.002500 -0.010256
0 0.002500 0.005128 -0.002500 -0.010256
0 0.007500 0.019231 -0.012500 -0.038462
0 0.004375 0.010256 -0.006250 -0.020513
0 0.005625 0.015385 -0.008750 -0.030769
0 0.007500 0.019231 -0.012500 -0.038462
0 0.005625 0.014103 -0.008750 -0.028205
0 0.007500 0.019231 -0.012500 -0.038462
0 0.007500 0.019231 -0.012500 -0.038462
0 0.004375 0.010256 -0.006250 -0.020513
0 0.002500 0.006410 -0.002500 -0.012821
0 0.004375 0.010256 -0.006250 -0.020513
0 0.004375 0.010256 -0.006250 -0.020513
0 0.004375 0.010256 -0.006250 -0.020513
0 0.005625 0.014103 -0.008750 -0.028205
0 0.005000 0.011538 -0.007500 -0.023077
0 0.008125 0.021795 -0.013750 -0.043590
0 0.008125 0.021795 -0.013750 -0.043590
0 0.011250 0.030769 -0.020000 -0.061538
0 0.005625 0.014103 -0.008750 -0.028205
0 0.005625 0.014103 -0.008750 -0.028205
0 0.005625 0.014103 -0.008750 -0.028205
0 0.002500 0.005128 -0.002500 -0.010256
0 0.004375 0.010256 -0.006250 -0.020513
0 0.005625 0.014103 -0.008750 -0.028205
0 0.004375 0.010256 -0.006250 -0.020513
0 0.005625 0.014103 -0.008750 -0.028205
0 0.004375 0.010256 -0.006250 -0.020513
0 0.004375 0.010256 -0.006250 -0.020513
0 0.002500 0.005128 -0.002500 -0.010256
0 0.005000 0.011538 -0.007500 -0.023077
0 0.004375 0.010256 -0.006250 -0.020513
0 0.004375 0.010256 -0.006250 -0.020513
0 0.007500 0.019231 -0.012500 -0.038462
0 0.011250 0.030769 -0.020000 -0.061538
0 0.008125 0.021795 -0.013750 -0.043590
0 0.004375 0.010256 -0.006250 -0.020513
0 0.007500 0.019231 -0.012500 -0.038462
0 0.005625 0.014103 -0.008750 -0.028205
0 0.009375 0.024359 -0.016250 -0.048718
0 0.005625 0.015385 -0.008750 -0.030769
0 0.005625 0.014103 -0.008750 -0.028205
0 0.007500 0.019231 -0.012500 -0.038462
0 0.011250 0.030769 -0.020000 -0.061538
0 0.005625 0.014103 -0.008750 -0.028205
0 0.004375 0.010256 -0.006250 -0.020513
0 0.005625 0.014103 -0.008750 -0.028205
0 0.004375 0.010256 -0.006250 -0.020513
0 0.005000 0.011538 -0.007500 -0.023077
0 0.004375 0.010256 -0.006250 -0.020513
0 0.004375 0.010256 -0.006250 -0.020513
0 0.005625 0.015385 -0.008750 -0.030769
0 0.004375 0.010256 -0.006250 -0.020513
0 0.005625 0.014103 -0.008750 -0.028205
0 0.007500 0.019231 -0.012500 -0.038462
0 0.004375 0.010256 -0.006250 -0.020513
0 0.004375 0.010256 -0.006250 -0.020513
0 0.007500 0.019231 -0.012500 -0.038462
0 0.007500 0.019231 -0.012500 -0.038462
0 0.002500 0.005128 -0.002500 -0.010256
0 0.004375 0.010256 -0.006250 -0.020513
0 0.007500 0.019231 -0.012500 -0.038462
0 0.002500 0.005128 -0.002500 -0.010256
0 0.004375 0.010256 -0.006250 -0.020513
0 0.004375 0.010256 -0.006250 -0.020513
0 0.005625 0.014103 -0.008750 -0.028205
0 0.004375 0.010256 -0.006250 -0.020513
0 0.007500 0.019231 -0.012500 -0.038462
0 0.005625 0.014103 -0.008750 -0.028205
0 0.002500 0.005128 -0.002500 -0.010256
0 0.003750 0.008974 -0.005000 -0.017949
0 0.002500 0.005128 -0.002500 -0.010256
0 0.011250 0.030769 -0.020000 -0.061538
0 0.005625 0.014103 -0.008750 -0.028205
0 0.004375 0.010256 -0.006250 -0.020513
0 0.008125 0.021795 -0.013750 -0.043590
0 0.004375 0.010256 -0.006250 -0.020513
0 0.005000 0.011538 -0.007500 -0.023077
0 0.004375 0.010256 -0.006250 -0.020513
0 0.005625 0.014103 -0.008750 -0.028205
0 0.005625 0.014103 -0.008750 -0.028205
0 0.004375 0.010256 -0.006250 -0.020513
0 0.005000 0.012821 -0.007500 -0.025641
0 0.004375 0.010256 -0.006250 -0.020513
0 0.007500 0.020513 -0.012500 -0.041026
0 0.005000 0.011538 -0.007500 -0.023077
0 0.004375 0.010256 -0.006250 -0.020513
0 0.005625 0.014103 -0.008750 -0.028205
0 0.011250 0.030769 -0.020000 -0.061538
0 0.004375 0.010256 -0.006250 -0.020513
0 0.004375 0.010256 -0.006250 -0.020513
0 0.002500 0.005128 -0.002500 -0.010256
0 0.002500 0.005128 -0.002500 -0.010256
0 0.007500 0.019231 -0.012500 -0.038462
0 0.004375 0.010256 -0.006250 -0.020513
0 0.005000 0.011538 -0.007500 -0.023077
0 0.007500 0.019231 -0.012500 -0.038462
0 0.002500 0.005128 -0.002500 -0.010256
0 0.002500 0.005128 -0.002500 -0.010256
0 0.007500 0.019231 -0.012500 -0.038462
0 0.004375 0.010256 -0.006250 -0.020513
0 0.007500 0.019231 -0.012500 -0.038462
0 0.004375 0.010256 -0.006250 -0.020513
0 0.005625 0.014103 -0.008750 -0.028205
0 0.004375 0.010256 -0.006250 -0.020513
0 0.002500 0.005128 -0.002500 -0.010256
0 0.004375 0.010256 -0.006250 -0.020513
0 0.002500 0.005128 -0.002500 -0.010256
0 0.005625 0.014103 -0.008750 -0.028205
0 0.004375 0.010256 -0.006250 -0.020513
0 0.002500 0.005128 -0.002500 -0.010256
0 0.007500 0.019231 -0.012500 -0.038462
0 0.003125 0.007692 -0.003750 -0.015385
0 0.011250 0.030769 -0.020000 -0.061538
0 0.005000 0.012821 -0.007500 -0.025641
0 0.004375 0.010256 -0.006250 -0.020513
0 0.005625 0.014103 -0.008750 -0.028205
0 0.002500 0.005128 -0.002500 -0.010256
0 0.005625 0.014103 -0.008750 -0.028205
0 0.002500 0.005128 -0.002500 -0.010256
0 0.004375 0.010256 -0.006250 -0.020513
0 0.011250 0.030769 -0.020000 -0.061538
0 0.005625 0.014103 -0.008750 -0.028205
0 0.002500 0.005128 -0.002500 -0.010256
0 0.004375 0.010256 -0.006250 -0.020513
0 0.007500 0.019231 -0.012500 -0.038462
0 0.011250 0.030769 -0.020000 -0.061538
0 0.005000 0.011538 -0.007500 -0.023077
0 0.004375 0.010256 -0.006250 -0.020513
0 0.002500 0.005128 -0.002500 -0.010256
0 0.004375 0.010256 -0.006250 -0.020513
0 0.004375 0.010256 -0.006250 -0.020513
0 0.004375 0.010256 -0.006250 -0.020513
0 0.004375 0.010256 -0.006250 -0.020513
0 0.002500 0.005128 -0.002500 -0.010256
0 0.009375 0.024359 -0.016250 -0.048718
0 0.002500 0.005128 -0.002500 -0.010256
0 0.005625 0.015385 -0.008750 -0.030769
0 0.011250 0.030769 -0.020000 -0.061538
0 0.006875 0.017949 -0.011250 -0.035897
0 0.002500 0.005128 -0.002500 -0.010256
0 0.004375 0.010256 -0.006250 -0.020513
0 0.007500 0.019231 -0.012500 -0.038462
0 0.005625 0.014103 -0.008750 -0.028205
0 0.002500 0.005128 -0.002500 -0.010256
0 0.004375 0.010256 -0.006250 -0.020513
0 0.004375 0.010256 -0.006250 -0.020513
0 0.005625 0.014103 -0.008750 -0.028205
0 0.005625 0.014103 -0.008750 -0.028205
0 0.005625 0.014103 -0.008750 -0.028205
0 0.004375 0.010256 -0.006250 -0.020513