0 0.009073 0.018817 -0.016129 -0.037634
0 0.007056 0.014337 -0.012097 -0.028674
0 0.003024 0.006272 -0.004032 -0.012545
0 0.009073 0.018817 -0.016129 -0.037634
0 0.009073 0.018817 -0.016129 -0.037634
0 0.009073 0.018817 -0.016129 -0.037634
0 0.006048 0.013441 -0.010081 -0.026882
0 0.004536 0.008961 -0.007056 -0.017921
0 0.007056 0.014337 -0.012097 -0.028674
0 0.009073 0.017025 -0.016129 -0.034050
0 0.009073 0.017025 -0.016129 -0.034050
0 0.006048 0.013441 -0.010081 -0.026882
0 0.007056 0.014337 -0.012097 -0.028674
0 0.006048 0.013441 -0.010081 -0.026882
0 0.006048 0.013441 -0.010081 -0.026882
0 0.007056 0.014337 -0.012097 -0.028674
0 0.006048 0.013441 -0.010081 -0.026882
0 0.006048 0.013441 -0.010081 -0.026882
0 0.009073 0.017025 -0.016129 -0.034050
0 0.005544 0.011649 -0.009073 -0.023297
0 0.004536 0.008961 -0.007056 -0.017921
0 0.009073 0.017025 -0.016129 -0.034050
0 0.006048 0.013441 -0.010081 -0.026882
0 0.009073 0.017025 -0.016129 -0.034050
0 0.006048 0.013441 -0.010081 -0.026882
0 0.006048 0.013441 -0.010081 -0.026882
0 0.006048 0.013441 -0.010081 -0.026882
0 0.009073 0.017025 -0.016129 -0.034050
0 0.004536 0.008961 -0.007056 -0.017921
0 0.006048 0.013441 -0.010081 -0.026882
0 0.006048 0.013441 -0.010081 -0.026882
0 0.009073 0.017025 -0.016129 -0.034050
0 0.006048 0.013441 -0.010081 -0.026882
0 0.009073 0.018817 -0.016129 -0.037634
0 0.007056 0.014337 -0.012097 -0.028674
0 0.006048 0.013441 -0.010081 -0.026882
0 0.009073 0.018817 -0.016129 -0.037634
0 0.009073 0.017025 -0.016129 -0.034050
0 0.004536 0.008961 -0.007056 -0.017921
0 0.007056 0.014337 -0.012097 -0.028674
0 0.006048 0.013441 -0.010081 -0.026882
0 0.009073 0.018817 -0.016129 -0.037634
0 0.009073 0.017025 -0.016129 -0.034050
0 0.009073 0.018817 -0.016129 -0.037634
0 0.008065 0.015233 -0.014113 -0.030466
0 0.009073 0.018817 -0.016129 -0.037634
0 0.009073 0.017025 -0.016129 -0.034050
0 0.007056 0.014337 -0.012097 -0.028674
0 0.006048 0.013441 -0.010081 -0.026882
0 0.009073 0.018817 -0.016129 -0.037634
0 0.006048 0.013441 -0.010081 -0.026882
0 0.009073 0.017025 -0.016129 -0.034050
0 0.007056 0.014337 -0.012097 -0.028674
0 0.004536 0.008961 -0.007056 -0.017921
0 0.006048 0.013441 -0.010081 -0.026882
0 0.004536 0.008961 -0.007056 -0.017921
0 0.009073 0.018817 -0.016129 -0.037634
0 0.007056 0.014337 -0.012097 -0.028674
0 0.009073 0.018817 -0.016129 -0.037634
0 0.007056 0.014337 -0.012097 -0.028674
0 0.006048 0.013441 -0.010081 -0.026882
0 0.009073 0.017025 -0.016129 -0.034050
0 0.006048 0.013441 -0.010081 -0.026882
0 0.007056 0.014337 -0.012097 -0.028674
0 0.009073 0.017025 -0.016129 -0.034050
0 0.004536 0.008961 -0.007056 -0.017921
0 0.004536 0.008961 -0.007056 -0.017921
0 0.009073 0.017025 -0.016129 -0.034050
0 0.004536 0.008961 -0.007056 -0.017921
0 0.006048 0.013441 -0.010081 -0.026882
0 0.009073 0.017025 -0.016129 -0.034050
0 0.007056 0.014337 -0.012097 -0.028674
0 0.007056 0.014337 -0.012097 -0.028674
0 0.009073 0.018817 -0.016129 -0.037634
0 0.006048 0.013441 -0.010081 -0.026882
0 0.006048 0.013441 -0.010081 -0.026882
0 0.006048 0.013441 -0.010081 -0.026882
0 0.009073 0.017025 -0.016129 -0.034050
0 0.008569 0.016129 -0.015121 -0.032258
0 0.003024 0.006272 -0.004032 -0.012545
0 0.004536 0.008961 -0.007056 -0.017921
0 0.007056 0.014337 -0.012097 -0.028674
0 0.007056 0.014337 -0.012097 -0.028674
0 0.007056 0.014337 -0.012097 -0.028674
0 0.009073 0.017025 -0.016129 -0.034050
0 0.006048 0.013441 -0.010081 -0.026882
0 0.007056 0.014337 -0.012097 -0.028674
0 0.007056 0.014337 -0.012097 -0.028674
0 0.009073 0.017025 -0.016129 -0.034050
0 0.006048 0.013441 -0.010081 -0.026882
0 0.009073 0.017025 -0.016129 -0.034050
0 0.006048 0.013441 -0.010081 -0.026882
0 0.004536 0.008961 -0.007056 -0.017921
0 0.006048 0.013441 -0.010081 -0.026882
0 0.007056 0.014337 -0.012097 -0.028674
0 0.006048 0.013441 -0.010081 -0.026882
0 0.007056 0.014337 -0.012097 -0.028674
0 0.008065 0.015233 -0.014113 -0.030466
0 0.009073 0.017025 -0.016129 -0.034050
0 0.006048 0.013441 -0.010081 -0.026882
0 0.009073 0.018817 -0.016129 -0.037634
0 0.004536 0.009857 -0.007056 -0.019713
0 0.009073 0.017025 -0.016129 -0.034050
0 0.006048 0.013441 -0.010081 -0.026882
0 0.009073 0.017025 -0.016129 -0.034050
0 0.006048 0.013441 -0.010081 -0.026882
0 0.007056 0.014337 -0.012097 -0.028674
0 0.006048 0.013441 -0.010081 -0.026882
0 0.009073 0.017025 -0.016129 -0.034050
0 0.009073 0.017025 -0.016129 -0.034050
0 0.006048 0.013441 -0.010081 -0.026882
0 0.007056 0.014337 -0.012097 -0.028674
0 0.006048 0.013441 -0.010081 -0.026882
0 0.005040 0.010753 -0.008065 -0.021505
0 0.009073 0.017025 -0.016129 -0.034050
0 0.005040 0.010753 -0.008065 -0.021505
0 0.009073 0.017025 -0.016129 -0.034050