0 0.012994 0.021028 -0.023909 -0.038941
0 0.007277 0.011682 -0.012474 -0.020249
0 0.015073 0.025701 -0.028067 -0.051402
0 0.006757 0.015576 -0.011435 -0.028037
0 0.014553 0.020249 -0.027027 -0.040498
0 0.005198 0.014019 -0.008316 -0.028037
0 0.009875 0.025701 -0.017672 -0.051402
0 0.005717 0.007788 -0.009356 -0.012461
0 0.005198 0.011682 -0.008316 -0.023364
0 0.006757 0.018692 -0.011435 -0.037383
0 0.017152 0.029595 -0.032225 -0.059190
0 0.010395 0.021807 -0.018711 -0.040498
0 0.008316 0.010903 -0.014553 -0.021807
0 0.009875 0.016355 -0.017672 -0.032710
0 0.016112 0.030374 -0.030146 -0.060748
0 0.008316 0.011682 -0.014553 -0.020249
0 0.007796 0.017134 -0.013514 -0.031153
0 0.005717 0.007009 -0.009356 -0.014019
0 0.010395 0.028816 -0.018711 -0.057632
0 0.007277 0.010903 -0.012474 -0.021807
0 0.006757 0.015576 -0.011435 -0.028037
0 0.016112 0.028816 -0.030146 -0.054517
0 0.013514 0.025701 -0.024948 -0.051402
0 0.006757 0.015576 -0.011435 -0.028037
0 0.005717 0.007788 -0.009356 -0.012461
0 0.022869 0.034268 -0.043659 -0.068536
0 0.008316 0.017134 -0.014553 -0.034268