0 0.029221 0.042885 -0.055844 -0.085770
0 0.020779 0.041910 -0.038961 -0.079922
0 0.018182 0.035088 -0.033766 -0.070175
0 0.020779 0.040936 -0.038961 -0.081871
0 0.032468 0.065302 -0.062338 -0.130604
0 0.036364 0.061404 -0.070130 -0.122807
0 0.020779 0.041910 -0.038961 -0.079922
0 0.036364 0.061404 -0.070130 -0.122807
0 0.018182 0.035088 -0.033766 -0.070175
0 0.032468 0.065302 -0.062338 -0.130604
0 0.029221 0.042885 -0.055844 -0.085770
0 0.029221 0.042885 -0.055844 -0.085770
0 0.032468 0.065302 -0.062338 -0.130604
0 0.020779 0.041910 -0.038961 -0.079922
0 0.020779 0.041910 -0.038961 -0.079922
0 0.032468 0.065302 -0.062338 -0.130604
0 0.020779 0.041910 -0.038961 -0.079922
0 0.018182 0.035088 -0.033766 -0.070175
0 0.020779 0.041910 -0.038961 -0.079922
0 0.021429 0.041910 -0.037662 -0.079922
0 0.020779 0.041910 -0.038961 -0.079922
0 0.020779 0.041910 -0.038961 -0.079922
0 0.029221 0.042885 -0.055844 -0.085770
0 0.029221 0.042885 -0.055844 -0.085770
0 0.020779 0.041910 -0.038961 -0.079922
0 0.020779 0.041910 -0.038961 -0.079922
0 0.020779 0.041910 -0.038961 -0.079922
0 0.020779 0.040936 -0.038961 -0.081871
0 0.029221 0.042885 -0.055844 -0.085770
0 0.018182 0.035088 -0.033766 -0.070175
0 0.020779 0.040936 -0.038961 -0.081871
0 0.018182 0.035088 -0.033766 -0.070175
0 0.029221 0.042885 -0.055844 -0.085770
0 0.020779 0.041910 -0.038961 -0.079922
0 0.021429 0.040936 -0.037662 -0.081871
0 0.018831 0.035088 -0.032468 -0.070175
0 0.020779 0.041910 -0.038961 -0.079922
0 0.032468 0.065302 -0.062338 -0.130604
0 0.037013 0.061404 -0.068831 -0.122807
0 0.020779 0.040936 -0.038961 -0.081871
0 0.036364 0.061404 -0.070130 -0.122807
0 0.020779 0.041910 -0.038961 -0.079922
0 0.037013 0.061404 -0.068831 -0.122807
0 0.029221 0.042885 -0.055844 -0.085770
0 0.029221 0.042885 -0.055844 -0.085770
0 0.018182 0.035088 -0.033766 -0.070175
0 0.020779 0.040936 -0.038961 -0.081871
0 0.020779 0.041910 -0.038961 -0.079922
0 0.018182 0.035088 -0.033766 -0.070175
0 0.020779 0.041910 -0.038961 -0.079922
0 0.018182 0.035088 -0.033766 -0.070175
0 0.018182 0.035088 -0.033766 -0.070175
0 0.021429 0.041910 -0.037662 -0.079922
0 0.032468 0.065302 -0.062338 -0.130604
0 0.020779 0.041910 -0.038961 -0.079922
0 0.020779 0.041910 -0.038961 -0.079922
0 0.018182 0.035088 -0.033766 -0.070175
0 0.018182 0.035088 -0.033766 -0.070175
0 0.020779 0.041910 -0.038961 -0.079922
0 0.032468 0.065302 -0.062338 -0.130604
0 0.029221 0.042885 -0.055844 -0.085770
0 0.018182 0.035088 -0.033766 -0.070175
0 0.012338 0.017544 -0.022078 -0.031189
0 0.036364 0.061404 -0.070130 -0.122807
0 0.032468 0.065302 -0.062338 -0.130604
0 0.012338 0.017544 -0.022078 -0.031189
0 0.012338 0.017544 -0.022078 -0.031189
0 0.029221 0.042885 -0.055844 -0.085770
0 0.021429 0.041910 -0.037662 -0.079922
0 0.032468 0.065302 -0.062338 -0.130604
0 0.018182 0.035088 -0.033766 -0.070175
0 0.020779 0.040936 -0.038961 -0.081871
0 0.018182 0.035088 -0.033766 -0.070175
0 0.032468 0.065302 -0.062338 -0.130604
0 0.018831 0.035088 -0.032468 -0.070175
0 0.018182 0.035088 -0.033766 -0.070175
0 0.020779 0.041910 -0.038961 -0.079922