0 0.009016 0.015988 -0.014754 -0.031977
0 0.022951 0.040698 -0.042623 -0.081395
0 0.012295 0.024709 -0.021311 -0.049419
0 0.017213 0.030523 -0.031148 -0.061047
0 0.009016 0.015988 -0.014754 -0.031977
0 0.022951 0.040698 -0.042623 -0.081395
0 0.009016 0.015988 -0.014754 -0.031977
0 0.022951 0.040698 -0.042623 -0.081395
0 0.022951 0.040698 -0.042623 -0.081395
0 0.022951 0.040698 -0.042623 -0.081395
0 0.022951 0.040698 -0.042623 -0.081395
0 0.017213 0.030523 -0.031148 -0.061047
0 0.019672 0.036337 -0.036066 -0.072674
0 0.022951 0.040698 -0.042623 -0.081395
0 0.022951 0.040698 -0.042623 -0.081395
0 0.022951 0.040698 -0.042623 -0.081395
0 0.022951 0.040698 -0.042623 -0.081395
0 0.017213 0.030523 -0.031148 -0.061047
0 0.022951 0.040698 -0.042623 -0.081395
0 0.009016 0.015988 -0.014754 -0.031977
0 0.012295 0.024709 -0.021311 -0.049419
0 0.022951 0.040698 -0.042623 -0.081395
0 0.009016 0.015988 -0.014754 -0.031977
0 0.012295 0.024709 -0.021311 -0.049419
0 0.009016 0.015988 -0.014754 -0.031977
0 0.017213 0.030523 -0.031148 -0.061047
0 0.009016 0.015988 -0.014754 -0.031977
0 0.022951 0.040698 -0.042623 -0.081395
0 0.022951 0.040698 -0.042623 -0.081395
0 0.022951 0.040698 -0.042623 -0.081395
0 0.009016 0.015988 -0.014754 -0.031977
0 0.009016 0.015988 -0.014754 -0.031977
0 0.012295 0.024709 -0.021311 -0.049419
0 0.012295 0.024709 -0.021311 -0.049419
0 0.012295 0.024709 -0.021311 -0.049419
0 0.017213 0.030523 -0.031148 -0.061047
0 0.009016 0.015988 -0.014754 -0.031977
0 0.017213 0.030523 -0.031148 -0.061047
0 0.009016 0.015988 -0.014754 -0.031977
0 0.009016 0.015988 -0.014754 -0.031977
0 0.018033 0.031977 -0.032787 -0.063953
0 0.009016 0.015988 -0.014754 -0.031977
0 0.022951 0.040698 -0.042623 -0.081395
0 0.013115 0.024709 -0.019672 -0.049419
0 0.017213 0.030523 -0.031148 -0.061047
0 0.009016 0.015988 -0.014754 -0.031977
0 0.022951 0.040698 -0.042623 -0.081395
0 0.010656 0.020349 -0.018033 -0.040698
0 0.023770 0.040698 -0.040984 -0.081395
0 0.022951 0.040698 -0.042623 -0.081395
0 0.009016 0.015988 -0.014754 -0.031977
0 0.017213 0.030523 -0.031148 -0.061047
0 0.013934 0.026163 -0.024590 -0.052326
0 0.022951 0.040698 -0.042623 -0.081395
0 0.022951 0.040698 -0.042623 -0.081395
0 0.009016 0.015988 -0.014754 -0.031977
0 0.022951 0.040698 -0.042623 -0.081395
0 0.017213 0.030523 -0.031148 -0.061047
0 0.012295 0.024709 -0.021311 -0.049419
0 0.009836 0.017442 -0.016393 -0.034884
0 0.017213 0.030523 -0.031148 -0.061047
0 0.022951 0.040698 -0.042623 -0.081395
0 0.009016 0.015988 -0.014754 -0.031977
0 0.022951 0.040698 -0.042623 -0.081395
0 0.012295 0.024709 -0.021311 -0.049419
0 0.022951 0.040698 -0.042623 -0.081395
0 0.022951 0.040698 -0.042623 -0.081395
0 0.017213 0.030523 -0.031148 -0.061047
0 0.022951 0.040698 -0.042623 -0.081395
0 0.022951 0.040698 -0.042623 -0.081395
0 0.017213 0.030523 -0.031148 -0.061047
0 0.022951 0.040698 -0.042623 -0.081395
0 0.022951 0.040698 -0.042623 -0.081395
0 0.012295 0.024709 -0.021311 -0.049419
0 0.022951 0.040698 -0.042623 -0.081395
0 0.022951 0.040698 -0.042623 -0.081395
0 0.012295 0.024709 -0.021311 -0.049419
0 0.022951 0.040698 -0.042623 -0.081395
0 0.017213 0.030523 -0.031148 -0.061047
0 0.013115 0.024709 -0.019672 -0.049419
0 0.009016 0.015988 -0.014754 -0.031977
0 0.022951 0.040698 -0.042623 -0.081395
0 0.012295 0.024709 -0.021311 -0.049419
0 0.017213 0.030523 -0.031148 -0.061047
0 0.022951 0.040698 -0.042623 -0.081395
0 0.023770 0.040698 -0.040984 -0.081395
0 0.017213 0.030523 -0.031148 -0.061047
0 0.022951 0.040698 -0.042623 -0.081395
0 0.022951 0.040698 -0.042623 -0.081395
0 0.012295 0.024709 -0.021311 -0.049419
0 0.019672 0.034884 -0.036066 -0.069767
0 0.012295 0.024709 -0.021311 -0.049419
0 0.009016 0.015988 -0.014754 -0.031977
0 0.012295 0.024709 -0.021311 -0.049419
0 0.012295 0.024709 -0.021311 -0.049419
0 0.017213 0.030523 -0.031148 -0.061047
0 0.010656 0.020349 -0.018033 -0.040698
0 0.022951 0.040698 -0.042623 -0.081395
0 0.017213 0.030523 -0.031148 -0.061047
0 0.023770 0.040698 -0.040984 -0.081395
0 0.022951 0.040698 -0.042623 -0.081395
0 0.009016 0.015988 -0.014754 -0.031977
0 0.023770 0.040698 -0.040984 -0.081395
0 0.012295 0.024709 -0.021311 -0.049419
0 0.009016 0.015988 -0.014754 -0.031977
0 0.022951 0.040698 -0.042623 -0.081395
0 0.022951 0.040698 -0.042623 -0.081395
0 0.012295 0.024709 -0.021311 -0.049419
0 0.022951 0.040698 -0.042623 -0.081395