0 0.024667 0.048000 -0.046667 -0.096000
0 0.022667 0.052000 -0.042667 -0.104000
0 0.029333 0.053000 -0.050667 -0.106000
0 0.034000 0.050000 -0.065333 -0.100000
0 0.034000 0.050000 -0.065333 -0.100000
0 0.034000 0.050000 -0.065333 -0.100000
0 0.022667 0.052000 -0.042667 -0.104000
0 0.022667 0.052000 -0.042667 -0.104000
0 0.030667 0.051000 -0.058667 -0.102000
0 0.022667 0.052000 -0.042667 -0.104000
0 0.034000 0.050000 -0.065333 -0.100000
0 0.034000 0.050000 -0.065333 -0.100000
0 0.024000 0.052000 -0.045333 -0.104000
0 0.024000 0.041000 -0.045333 -0.082000
0 0.028000 0.053000 -0.053333 -0.106000
0 0.021333 0.039000 -0.040000 -0.078000
0 0.022667 0.052000 -0.042667 -0.104000
0 0.024667 0.048000 -0.046667 -0.096000
0 0.034000 0.050000 -0.065333 -0.100000
0 0.028000 0.053000 -0.053333 -0.106000
0 0.028000 0.053000 -0.053333 -0.106000
0 0.035333 0.050000 -0.062667 -0.100000
0 0.021333 0.039000 -0.040000 -0.078000
0 0.030667 0.051000 -0.058667 -0.102000
0 0.028000 0.053000 -0.053333 -0.106000
0 0.021333 0.039000 -0.040000 -0.078000
0 0.028000 0.053000 -0.053333 -0.106000
0 0.028000 0.053000 -0.053333 -0.106000
0 0.024667 0.048000 -0.046667 -0.096000
0 0.028000 0.053000 -0.053333 -0.106000
0 0.028000 0.053000 -0.053333 -0.106000
0 0.028000 0.053000 -0.053333 -0.106000
0 0.034000 0.050000 -0.065333 -0.100000
0 0.029333 0.053000 -0.050667 -0.106000
0 0.022667 0.052000 -0.042667 -0.104000
0 0.030667 0.051000 -0.058667 -0.102000
0 0.035333 0.050000 -0.062667 -0.100000
0 0.022667 0.052000 -0.042667 -0.104000
0 0.022667 0.052000 -0.042667 -0.104000
0 0.028000 0.053000 -0.053333 -0.106000
0 0.022667 0.052000 -0.042667 -0.104000
0 0.034000 0.050000 -0.065333 -0.100000
0 0.021333 0.039000 -0.040000 -0.078000
0 0.024667 0.048000 -0.046667 -0.096000
0 0.021333 0.039000 -0.040000 -0.078000
0 0.021333 0.039000 -0.040000 -0.078000
0 0.034000 0.050000 -0.065333 -0.100000
0 0.024667 0.048000 -0.046667 -0.096000