0 0.006897 0.015596 -0.011494 -0.031193
0 0.006897 0.015596 -0.011494 -0.031193
0 0.008046 0.012844 -0.013793 -0.025688
0 0.018966 0.040367 -0.035632 -0.080734
0 0.006897 0.015596 -0.011494 -0.031193
0 0.006897 0.015596 -0.011494 -0.031193
0 0.018966 0.040367 -0.035632 -0.080734
0 0.008046 0.012844 -0.013793 -0.025688
0 0.008046 0.012844 -0.013793 -0.025688
0 0.008046 0.012844 -0.013793 -0.025688
0 0.035632 0.062385 -0.068966 -0.124771
0 0.006897 0.015596 -0.011494 -0.031193
0 0.035632 0.062385 -0.068966 -0.124771
0 0.006897 0.015596 -0.011494 -0.031193
0 0.008046 0.012844 -0.013793 -0.025688
0 0.018966 0.040367 -0.035632 -0.080734
0 0.011494 0.022936 -0.020690 -0.045872
0 0.008046 0.012844 -0.013793 -0.025688
0 0.008046 0.012844 -0.013793 -0.025688
0 0.006897 0.015596 -0.011494 -0.031193
0 0.006897 0.015596 -0.011494 -0.031193
0 0.008046 0.012844 -0.013793 -0.025688
0 0.011494 0.022936 -0.020690 -0.045872
0 0.006897 0.015596 -0.011494 -0.031193
0 0.006897 0.015596 -0.011494 -0.031193
0 0.010920 0.025688 -0.019540 -0.051376
0 0.006897 0.015596 -0.011494 -0.031193
0 0.011494 0.022936 -0.020690 -0.045872
0 0.005747 0.006422 -0.009195 -0.012844
0 0.035632 0.062385 -0.068966 -0.124771
0 0.011494 0.022936 -0.020690 -0.045872
0 0.008046 0.012844 -0.013793 -0.025688
0 0.008046 0.012844 -0.013793 -0.025688
0 0.008046 0.012844 -0.013793 -0.025688
0 0.010920 0.025688 -0.019540 -0.051376
0 0.006897 0.015596 -0.011494 -0.031193
0 0.006897 0.015596 -0.011494 -0.031193
0 0.018966 0.040367 -0.035632 -0.080734
0 0.010920 0.025688 -0.019540 -0.051376
0 0.008046 0.012844 -0.013793 -0.025688
0 0.008046 0.012844 -0.013793 -0.025688
0 0.018966 0.040367 -0.035632 -0.080734
0 0.035632 0.062385 -0.068966 -0.124771
0 0.008046 0.012844 -0.013793 -0.025688
0 0.014368 0.027523 -0.026437 -0.055046
0 0.011494 0.022936 -0.020690 -0.045872
0 0.035632 0.062385 -0.068966 -0.124771
0 0.014368 0.027523 -0.026437 -0.055046
0 0.008046 0.012844 -0.013793 -0.025688
0 0.008046 0.012844 -0.013793 -0.025688
0 0.014368 0.027523 -0.026437 -0.055046
0 0.035632 0.062385 -0.068966 -0.124771
0 0.006897 0.015596 -0.011494 -0.031193
0 0.008046 0.012844 -0.013793 -0.025688
0 0.006897 0.015596 -0.011494 -0.031193
0 0.008046 0.012844 -0.013793 -0.025688
0 0.014368 0.027523 -0.026437 -0.055046
0 0.008046 0.012844 -0.013793 -0.025688
0 0.006897 0.015596 -0.011494 -0.031193
0 0.011494 0.022936 -0.020690 -0.045872
0 0.008046 0.012844 -0.013793 -0.025688
0 0.008046 0.012844 -0.013793 -0.025688
0 0.014368 0.027523 -0.026437 -0.055046
0 0.006897 0.015596 -0.011494 -0.031193
0 0.008046 0.012844 -0.013793 -0.025688
0 0.006897 0.015596 -0.011494 -0.031193
0 0.008046 0.012844 -0.013793 -0.025688
0 0.008046 0.012844 -0.013793 -0.025688