0 0.004583 0.005833 -0.007500 -0.011667
0 0.019167 0.025417 -0.036667 -0.050833
0 0.004167 0.004583 -0.006667 -0.009167
0 0.004167 0.004583 -0.006667 -0.009167
0 0.004167 0.005417 -0.006667 -0.010833
0 0.004167 0.004583 -0.006667 -0.009167
0 0.003333 0.004583 -0.005000 -0.009167
0 0.003333 0.004583 -0.005000 -0.009167
0 0.004167 0.004583 -0.006667 -0.009167
0 0.019167 0.025417 -0.036667 -0.050833
0 0.003333 0.004583 -0.005000 -0.009167
0 0.019167 0.025417 -0.036667 -0.050833
0 0.004167 0.005000 -0.006667 -0.010000
0 0.019167 0.025417 -0.036667 -0.050833
0 0.005000 0.005417 -0.008333 -0.010833
0 0.003333 0.004583 -0.005000 -0.009167
0 0.043750 0.053333 -0.085833 -0.106667
0 0.003333 0.004583 -0.005000 -0.009167
0 0.003333 0.004583 -0.005000 -0.009167
0 0.004167 0.004583 -0.006667 -0.009167
0 0.003333 0.004583 -0.005000 -0.009167
0 0.004167 0.004583 -0.006667 -0.009167
0 0.003333 0.004583 -0.005000 -0.009167
0 0.004167 0.004583 -0.006667 -0.009167
0 0.004167 0.004583 -0.006667 -0.009167
0 0.004167 0.004583 -0.006667 -0.009167
0 0.004583 0.005833 -0.007500 -0.011667
0 0.004167 0.004583 -0.006667 -0.009167
0 0.003333 0.004583 -0.005000 -0.009167
0 0.003333 0.004583 -0.005000 -0.009167
0 0.003333 0.004583 -0.005000 -0.009167
0 0.004167 0.005000 -0.006667 -0.010000
0 0.005000 0.005417 -0.008333 -0.010833
0 0.002917 0.004583 -0.004167 -0.009167
0 0.003333 0.004583 -0.005000 -0.009167
0 0.004167 0.004583 -0.006667 -0.009167
0 0.003333 0.004583 -0.005000 -0.009167
0 0.002917 0.004583 -0.004167 -0.009167
0 0.003333 0.004583 -0.005000 -0.009167
0 0.003333 0.004583 -0.005000 -0.009167
0 0.003333 0.004583 -0.005000 -0.009167
0 0.004167 0.004583 -0.006667 -0.009167
0 0.003333 0.004583 -0.005000 -0.009167
0 0.003333 0.004583 -0.005000 -0.009167
0 0.004167 0.005417 -0.006667 -0.010833
0 0.004167 0.004583 -0.006667 -0.009167
0 0.003333 0.004583 -0.005000 -0.009167
0 0.003333 0.004583 -0.005000 -0.009167
0 0.003333 0.004583 -0.005000 -0.009167
0 0.004167 0.004583 -0.006667 -0.009167
0 0.003333 0.004583 -0.005000 -0.009167
0 0.004167 0.004583 -0.006667 -0.009167
0 0.004167 0.005417 -0.006667 -0.010833
0 0.004167 0.004583 -0.006667 -0.009167
0 0.005000 0.005417 -0.008333 -0.010833
0 0.003333 0.004583 -0.005000 -0.009167
0 0.003333 0.004583 -0.005000 -0.009167
0 0.003333 0.004583 -0.005000 -0.009167
0 0.003333 0.004583 -0.005000 -0.009167
0 0.004167 0.004583 -0.006667 -0.009167
0 0.003333 0.004583 -0.005000 -0.009167
0 0.003333 0.004583 -0.005000 -0.009167
0 0.004583 0.005833 -0.007500 -0.011667
0 0.004167 0.005417 -0.006667 -0.010833
0 0.004583 0.005833 -0.007500 -0.011667
0 0.003333 0.004583 -0.005000 -0.009167
0 0.003333 0.004583 -0.005000 -0.009167
0 0.003333 0.004583 -0.005000 -0.009167
0 0.003333 0.004583 -0.005000 -0.009167
0 0.004167 0.004583 -0.006667 -0.009167
0 0.044583 0.047500 -0.087500 -0.095000
0 0.003333 0.004583 -0.005000 -0.009167
0 0.004167 0.005417 -0.006667 -0.010833
0 0.003333 0.004583 -0.005000 -0.009167
0 0.004167 0.004583 -0.006667 -0.009167
0 0.005000 0.005000 -0.008333 -0.010000
0 0.003333 0.004583 -0.005000 -0.009167
0 0.004167 0.004583 -0.006667 -0.009167
0 0.003333 0.004583 -0.005000 -0.009167
0 0.003333 0.004583 -0.005000 -0.009167
0 0.004167 0.004583 -0.006667 -0.009167
0 0.003333 0.004583 -0.005000 -0.009167
0 0.004167 0.005417 -0.006667 -0.010833
0 0.004167 0.004583 -0.006667 -0.009167
0 0.004583 0.005000 -0.007500 -0.010000
0 0.003333 0.004583 -0.005000 -0.009167
0 0.004167 0.004583 -0.006667 -0.009167
0 0.003333 0.004583 -0.005000 -0.009167
0 0.019167 0.023750 -0.036667 -0.047500
0 0.003750 0.004583 -0.005833 -0.009167
0 0.003333 0.004583 -0.005000 -0.009167
0 0.004167 0.005417 -0.006667 -0.010833
0 0.004583 0.006667 -0.007500 -0.013333
0 0.003333 0.004583 -0.005000 -0.009167
0 0.003333 0.004583 -0.005000 -0.009167
0 0.003333 0.003333 -0.005000 -0.006667
0 0.003333 0.004583 -0.005000 -0.009167
0 0.004167 0.004583 -0.006667 -0.009167
0 0.004167 0.004583 -0.006667 -0.009167
0 0.003333 0.004583 -0.005000 -0.009167
0 0.004167 0.004583 -0.006667 -0.009167
0 0.004167 0.004583 -0.006667 -0.009167
0 0.027500 0.028750 -0.051667 -0.057500
0 0.003333 0.004583 -0.005000 -0.009167
0 0.027083 0.028750 -0.052500 -0.057500
0 0.003750 0.004583 -0.005833 -0.009167
0 0.003333 0.004583 -0.005000 -0.009167
0 0.022500 0.024167 -0.043333 -0.048333
0 0.004167 0.004583 -0.006667 -0.009167
0 0.004167 0.004583 -0.006667 -0.009167
0 0.003333 0.004583 -0.005000 -0.009167
0 0.004583 0.006667 -0.007500 -0.013333
0 0.003333 0.004583 -0.005000 -0.009167
0 0.003333 0.004583 -0.005000 -0.009167
0 0.003333 0.004583 -0.005000 -0.009167
0 0.003333 0.004583 -0.005000 -0.009167
0 0.004167 0.004583 -0.006667 -0.009167
0 0.004167 0.004583 -0.006667 -0.009167
0 0.059583 0.071667 -0.117500 -0.143333
0 0.027500 0.028750 -0.051667 -0.057500
0 0.004167 0.004583 -0.006667 -0.009167
0 0.003333 0.004583 -0.005000 -0.009167
0 0.019167 0.023750 -0.036667 -0.047500
0 0.003333 0.004583 -0.005000 -0.009167
0 0.003333 0.004583 -0.005000 -0.009167
0 0.003333 0.004583 -0.005000 -0.009167
0 0.003333 0.004583 -0.005000 -0.009167
0 0.004167 0.004583 -0.006667 -0.009167
0 0.003333 0.004583 -0.005000 -0.009167
0 0.003333 0.004583 -0.005000 -0.009167
0 0.004583 0.005833 -0.007500 -0.011667
0 0.003333 0.004583 -0.005000 -0.009167
0 0.003333 0.004583 -0.005000 -0.009167
0 0.004167 0.005417 -0.006667 -0.010833
0 0.003333 0.004583 -0.005000 -0.009167
0 0.003333 0.004583 -0.005000 -0.009167
0 0.004167 0.004583 -0.006667 -0.009167
0 0.003333 0.004583 -0.005000 -0.009167
0 0.004167 0.004583 -0.006667 -0.009167
0 0.004167 0.004583 -0.006667 -0.009167
0 0.003333 0.004583 -0.005000 -0.009167
0 0.003333 0.004583 -0.005000 -0.009167
0 0.003333 0.004583 -0.005000 -0.009167
0 0.003333 0.004583 -0.005000 -0.009167
0 0.003333 0.004583 -0.005000 -0.009167
0 0.003333 0.004583 -0.005000 -0.009167
0 0.004167 0.004583 -0.006667 -0.009167
0 0.004167 0.004583 -0.006667 -0.009167
0 0.003333 0.004583 -0.005000 -0.009167
0 0.003333 0.004583 -0.005000 -0.009167
0 0.051250 0.055833 -0.100833 -0.111667
0 0.004167 0.004583 -0.006667 -0.009167
0 0.003333 0.004583 -0.005000 -0.009167
0 0.003333 0.004583 -0.005000 -0.009167
0 0.003333 0.004583 -0.005000 -0.009167
0 0.003333 0.004583 -0.005000 -0.009167
0 0.004167 0.004583 -0.006667 -0.009167
0 0.003333 0.004583 -0.005000 -0.009167
0 0.003333 0.004583 -0.005000 -0.009167
0 0.003333 0.004583 -0.005000 -0.009167
0 0.004167 0.004583 -0.006667 -0.009167
0 0.004167 0.005417 -0.006667 -0.010833
0 0.004167 0.004583 -0.006667 -0.009167
0 0.003333 0.004583 -0.005000 -0.009167
0 0.019167 0.023750 -0.036667 -0.047500
0 0.004167 0.004583 -0.006667 -0.009167
0 0.003333 0.004583 -0.005000 -0.009167
0 0.004167 0.004583 -0.006667 -0.009167
0 0.003333 0.004583 -0.005000 -0.009167
0 0.017500 0.024167 -0.033333 -0.048333
0 0.004583 0.005833 -0.007500 -0.011667
0 0.017500 0.024167 -0.033333 -0.048333
0 0.004167 0.005000 -0.006667 -0.010000
0 0.004167 0.005417 -0.006667 -0.010833
0 0.003333 0.004583 -0.005000 -0.009167
0 0.003333 0.004583 -0.005000 -0.009167
0 0.004167 0.004583 -0.006667 -0.009167
0 0.003333 0.004583 -0.005000 -0.009167
0 0.004167 0.004583 -0.006667 -0.009167
0 0.003333 0.004583 -0.005000 -0.009167
0 0.003333 0.004583 -0.005000 -0.009167
0 0.003333 0.004583 -0.005000 -0.009167
0 0.004167 0.005000 -0.006667 -0.010000
0 0.004167 0.004583 -0.006667 -0.009167
0 0.003333 0.004583 -0.005000 -0.009167
0 0.003333 0.004583 -0.005000 -0.009167
0 0.004583 0.005833 -0.007500 -0.011667
0 0.003333 0.004583 -0.005000 -0.009167
0 0.003333 0.004583 -0.005000 -0.009167
0 0.003333 0.004583 -0.005000 -0.009167
0 0.004167 0.004583 -0.006667 -0.009167
0 0.027083 0.028750 -0.052500 -0.057500
0 0.017500 0.024167 -0.033333 -0.048333
0 0.004167 0.005417 -0.006667 -0.010833
0 0.004167 0.005417 -0.006667 -0.010833
0 0.004167 0.004583 -0.006667 -0.009167
0 0.004167 0.004583 -0.006667 -0.009167
0 0.003333 0.004583 -0.005000 -0.009167
0 0.005000 0.005417 -0.008333 -0.010833
0 0.003333 0.004583 -0.005000 -0.009167
0 0.003333 0.004583 -0.005000 -0.009167
0 0.004167 0.004583 -0.006667 -0.009167
0 0.004167 0.004583 -0.006667 -0.009167
0 0.004167 0.004583 -0.006667 -0.009167
0 0.004167 0.004583 -0.006667 -0.009167
0 0.004167 0.004583 -0.006667 -0.009167
0 0.003333 0.004583 -0.005000 -0.009167
0 0.028750 0.033750 -0.055833 -0.067500
0 0.004167 0.004583 -0.006667 -0.009167
0 0.029583 0.029583 -0.055833 -0.059167
0 0.004167 0.004583 -0.006667 -0.009167
0 0.005000 0.005417 -0.008333 -0.010833
0 0.003333 0.004583 -0.005000 -0.009167
0 0.004167 0.004583 -0.006667 -0.009167
0 0.004167 0.005417 -0.006667 -0.010833
0 0.019167 0.023750 -0.036667 -0.047500
0 0.019167 0.023750 -0.036667 -0.047500
0 0.004167 0.004583 -0.006667 -0.009167
0 0.003333 0.004583 -0.005000 -0.009167
0 0.029583 0.029583 -0.055833 -0.059167
0 0.004167 0.004583 -0.006667 -0.009167
0 0.003333 0.004583 -0.005000 -0.009167
0 0.004167 0.004583 -0.006667 -0.009167
0 0.004167 0.004583 -0.006667 -0.009167
0 0.003333 0.004583 -0.005000 -0.009167
0 0.004167 0.004583 -0.006667 -0.009167
0 0.004167 0.004583 -0.006667 -0.009167
0 0.004167 0.004583 -0.006667 -0.009167
0 0.004167 0.004583 -0.006667 -0.009167
0 0.004167 0.004583 -0.006667 -0.009167
0 0.004167 0.004583 -0.006667 -0.009167
0 0.005000 0.005417 -0.008333 -0.010833
0 0.003333 0.004583 -0.005000 -0.009167
0 0.004583 0.005833 -0.007500 -0.011667
0 0.019167 0.023750 -0.036667 -0.047500
0 0.003333 0.004583 -0.005000 -0.009167
0 0.003333 0.004583 -0.005000 -0.009167
0 0.003333 0.004583 -0.005000 -0.009167
0 0.003333 0.004583 -0.005000 -0.009167
0 0.005000 0.005000 -0.008333 -0.010000
0 0.004167 0.004583 -0.006667 -0.009167
0 0.004167 0.005417 -0.006667 -0.010833
0 0.004167 0.004583 -0.006667 -0.009167
0 0.004167 0.004583 -0.006667 -0.009167
0 0.003333 0.004583 -0.005000 -0.009167
0 0.003333 0.004583 -0.005000 -0.009167
0 0.003333 0.004583 -0.005000 -0.009167
0 0.003333 0.004583 -0.005000 -0.009167
0 0.003333 0.004583 -0.005000 -0.009167
0 0.005000 0.005417 -0.008333 -0.010833
0 0.004167 0.004583 -0.006667 -0.009167
0 0.004167 0.004583 -0.006667 -0.009167
0 0.003333 0.004583 -0.005000 -0.009167
0 0.004167 0.005417 -0.006667 -0.010833
0 0.004167 0.004583 -0.006667 -0.009167
0 0.004167 0.004583 -0.006667 -0.009167
0 0.004167 0.004583 -0.006667 -0.009167
0 0.004167 0.004583 -0.006667 -0.009167
0 0.004583 0.005833 -0.007500 -0.011667
0 0.004167 0.005417 -0.006667 -0.010833
0 0.003333 0.004583 -0.005000 -0.009167
0 0.005000 0.005417 -0.008333 -0.010833
0 0.004167 0.004583 -0.006667 -0.009167
0 0.003333 0.004583 -0.005000 -0.009167
0 0.004167 0.004583 -0.006667 -0.009167
0 0.004167 0.004583 -0.006667 -0.009167
0 0.003333 0.004583 -0.005000 -0.009167
0 0.004583 0.005833 -0.007500 -0.011667
0 0.003333 0.004583 -0.005000 -0.009167
0 0.003333 0.004583 -0.005000 -0.009167
0 0.004167 0.004583 -0.006667 -0.009167
0 0.003333 0.004583 -0.005000 -0.009167
0 0.003333 0.004583 -0.005000 -0.009167