0 0.002429 0.004113 -0.003643 -0.008227
0 0.004554 0.007770 -0.007893 -0.015539
0 0.004554 0.007770 -0.007893 -0.015539
0 0.004554 0.007770 -0.007893 -0.015539
0 0.001518 0.002742 -0.001821 -0.005484
0 0.003339 0.003656 -0.005464 -0.007313
0 0.005464 0.010512 -0.009715 -0.021024
0 0.002429 0.004113 -0.003643 -0.008227
0 0.002429 0.004113 -0.003643 -0.008227
0 0.005161 0.010055 -0.009107 -0.020110
0 0.005464 0.009141 -0.009715 -0.018282
0 0.005161 0.010055 -0.009107 -0.020110
0 0.001821 0.002742 -0.002429 -0.005484
0 0.004554 0.007770 -0.007893 -0.015539
0 0.001821 0.002742 -0.002429 -0.005484
0 0.004554 0.007770 -0.007893 -0.015539
0 0.001821 0.002742 -0.002429 -0.005484
0 0.001821 0.002742 -0.002429 -0.005484
0 0.001214 0.000000 -0.001214 0.000000
0 0.001821 0.002742 -0.002429 -0.005484
0 0.001821 0.002742 -0.002429 -0.005484
0 0.001821 0.002742 -0.002429 -0.005484
0 0.004554 0.007770 -0.007893 -0.015539
0 0.005464 0.007770 -0.009715 -0.015539
0 0.005464 0.010512 -0.009715 -0.021024
0 0.001821 0.002742 -0.002429 -0.005484
0 0.001821 0.002742 -0.002429 -0.005484
0 0.004857 0.007770 -0.007286 -0.015539
0 0.005464 0.010512 -0.009715 -0.021024
0 0.004554 0.007770 -0.007893 -0.015539
0 0.004857 0.007770 -0.007286 -0.015539
0 0.000304 0.001371 0.000607 -0.002742
0 0.002429 0.002285 -0.003643 -0.004570
0 0.004857 0.007770 -0.007286 -0.015539
0 0.002429 0.004113 -0.003643 -0.008227
0 0.004554 0.007770 -0.007893 -0.015539
0 0.001821 0.002742 -0.002429 -0.005484
0 0.007286 0.015082 -0.013358 -0.030165
0 0.001821 0.002742 -0.002429 -0.005484
0 0.001518 0.002742 -0.001821 -0.005484
0 0.005464 0.010512 -0.009715 -0.021024
0 0.002429 0.004113 -0.003643 -0.008227
0 0.002429 0.004113 -0.003643 -0.008227
0 0.004554 0.007770 -0.007893 -0.015539
0 0.002429 0.004113 -0.003643 -0.008227
0 0.001821 0.002742 -0.002429 -0.005484
0 0.001821 0.002742 -0.002429 -0.005484
0 0.005464 0.010512 -0.009715 -0.021024
0 0.004554 0.007770 -0.007893 -0.015539
0 0.007286 0.015082 -0.013358 -0.030165
0 0.004554 0.007770 -0.007893 -0.015539
0 0.006375 0.012797 -0.011536 -0.025594
0 0.006375 0.012797 -0.011536 -0.025594
0 0.005161 0.010055 -0.009107 -0.020110
0 0.002429 0.004113 -0.003643 -0.008227
0 0.004554 0.007770 -0.007893 -0.015539
0 0.005464 0.009141 -0.009715 -0.018282
0 0.002429 0.002285 -0.003643 -0.004570
0 0.001518 0.002742 -0.001821 -0.005484
0 0.001821 0.002742 -0.002429 -0.005484
0 0.001821 0.002742 -0.002429 -0.005484
0 0.001518 0.002742 -0.001821 -0.005484
0 0.004554 0.007770 -0.007893 -0.015539
0 0.006375 0.012797 -0.011536 -0.025594
0 0.002429 0.004113 -0.003643 -0.008227
0 0.007286 0.015082 -0.013358 -0.030165
0 0.004554 0.007770 -0.007893 -0.015539
0 0.000304 0.000914 0.000607 -0.001828
0 0.001821 0.002742 -0.002429 -0.005484
0 0.001821 0.002742 -0.002429 -0.005484
0 0.002429 0.004113 -0.003643 -0.008227
0 0.005464 0.009141 -0.009715 -0.018282
0 0.002429 0.004113 -0.003643 -0.008227
0 0.002732 0.002742 -0.004250 -0.005484
0 0.005161 0.010055 -0.009107 -0.020110
0 0.001518 0.002742 -0.001821 -0.005484
0 0.005768 0.009141 -0.009107 -0.018282
0 0.005161 0.010055 -0.009107 -0.020110
0 0.004554 0.007770 -0.007893 -0.015539
0 0.001821 0.002742 -0.002429 -0.005484
0 0.002429 0.004113 -0.003643 -0.008227
0 0.004554 0.007770 -0.007893 -0.015539
0 0.001821 0.002742 -0.002429 -0.005484
0 0.001518 0.000000 -0.001821 0.000000
0 0.001518 0.002742 -0.001821 -0.005484
0 0.001821 0.002742 -0.002429 -0.005484
0 0.005464 0.010512 -0.009715 -0.021024
0 0.005464 0.009141 -0.009715 -0.018282
0 0.007590 0.015539 -0.013965 -0.031079
0 0.000304 0.000914 0.000607 -0.001828
0 0.007286 0.015082 -0.013358 -0.030165
0 0.005464 0.010512 -0.009715 -0.021024
0 0.004554 0.007770 -0.007893 -0.015539
0 0.004554 0.007770 -0.007893 -0.015539
0 0.001821 0.002742 -0.002429 -0.005484
0 0.004554 0.007770 -0.007893 -0.015539
0 0.001821 0.002742 -0.002429 -0.005484
0 0.005464 0.009141 -0.009715 -0.018282
0 0.004554 0.007770 -0.007893 -0.015539
0 0.001821 0.002742 -0.002429 -0.005484
0 0.005464 0.010512 -0.009715 -0.021024
0 0.004554 0.007770 -0.007893 -0.015539
0 0.005161 0.010055 -0.009107 -0.020110
0 0.002429 0.004113 -0.003643 -0.008227
0 0.001821 0.002742 -0.002429 -0.005484
0 0.001821 0.002742 -0.002429 -0.005484
0 0.001821 0.002742 -0.002429 -0.005484
0 0.005464 0.010512 -0.009715 -0.021024
0 0.005768 0.009141 -0.009107 -0.018282
0 0.001821 0.002742 -0.002429 -0.005484
0 0.001821 0.002742 -0.002429 -0.005484
0 0.003339 0.003656 -0.005464 -0.007313
0 0.001821 0.002742 -0.002429 -0.005484
0 0.001518 0.002742 -0.001821 -0.005484
0 0.006375 0.012797 -0.011536 -0.025594
0 0.005161 0.010055 -0.009107 -0.020110
0 0.007286 0.015082 -0.013358 -0.030165
0 0.000304 0.001828 0.000607 -0.003656
0 0.000304 0.001828 0.000607 -0.003656
0 0.004554 0.007770 -0.007893 -0.015539
0 0.001821 0.002742 -0.002429 -0.005484
0 0.001518 0.002742 -0.001821 -0.005484
0 0.002429 0.004113 -0.003643 -0.008227
0 0.002429 0.004113 -0.003643 -0.008227
0 0.001518 0.002742 -0.001821 -0.005484
0 0.001821 0.002742 -0.002429 -0.005484
0 0.004554 0.007770 -0.007893 -0.015539
0 0.001821 0.002742 -0.002429 -0.005484
0 0.004554 0.007770 -0.007893 -0.015539
0 0.002429 0.004113 -0.003643 -0.008227
0 0.002429 0.004113 -0.003643 -0.008227
0 0.001821 0.002742 -0.002429 -0.005484
0 0.001821 0.002742 -0.002429 -0.005484
0 0.001821 0.002742 -0.002429 -0.005484
0 0.001821 0.002742 -0.002429 -0.005484
0 0.006375 0.012797 -0.011536 -0.025594
0 0.005161 0.010055 -0.009107 -0.020110
0 0.000304 0.001828 0.000607 -0.003656
0 0.002429 0.004113 -0.003643 -0.008227
0 0.004554 0.007770 -0.007893 -0.015539
0 0.001821 0.002742 -0.002429 -0.005484
0 0.003339 0.003656 -0.005464 -0.007313
0 0.004554 0.007770 -0.007893 -0.015539
0 0.002429 0.004113 -0.003643 -0.008227
0 0.000304 0.001371 0.000607 -0.002742
0 0.005464 0.010512 -0.009715 -0.021024
0 0.000304 0.001371 0.000607 -0.002742
0 0.002429 0.004113 -0.003643 -0.008227
0 0.004554 0.007770 -0.007893 -0.015539
0 0.001821 0.002742 -0.002429 -0.005484
0 0.003339 0.003656 -0.005464 -0.007313
0 0.005464 0.010512 -0.009715 -0.021024
0 0.004857 0.007770 -0.007286 -0.015539
0 0.001518 0.002742 -0.001821 -0.005484
0 0.001518 0.002742 -0.001821 -0.005484
0 0.005161 0.010055 -0.009107 -0.020110
0 0.001821 0.002742 -0.002429 -0.005484
0 0.004554 0.007770 -0.007893 -0.015539
0 0.001821 0.002742 -0.002429 -0.005484
0 0.001821 0.002742 -0.002429 -0.005484
0 0.005464 0.010512 -0.009715 -0.021024
0 0.001821 0.002742 -0.002429 -0.005484
0 0.001821 0.002742 -0.002429 -0.005484
0 0.001821 0.002742 -0.002429 -0.005484
0 0.004554 0.007770 -0.007893 -0.015539
0 0.000304 0.001371 0.000607 -0.002742
0 0.004857 0.007770 -0.007286 -0.015539
0 0.001821 0.002742 -0.002429 -0.005484
0 0.002429 0.004113 -0.003643 -0.008227
0 0.006375 0.012797 -0.011536 -0.025594
0 0.002429 0.004113 -0.003643 -0.008227
0 0.005464 0.010512 -0.009715 -0.021024
0 0.005161 0.010055 -0.009107 -0.020110
0 0.001518 0.002742 -0.001821 -0.005484
0 0.001518 0.002742 -0.001821 -0.005484
0 0.005464 0.010512 -0.009715 -0.021024
0 0.005464 0.010512 -0.009715 -0.021024
0 0.001821 0.002742 -0.002429 -0.005484
0 0.001518 0.002742 -0.001821 -0.005484
0 0.001821 0.002742 -0.002429 -0.005484
0 0.002429 0.004113 -0.003643 -0.008227
0 0.001821 0.002742 -0.002429 -0.005484
0 0.001518 0.000914 -0.001821 -0.001828
0 0.005464 0.009141 -0.009715 -0.018282
0 0.005464 0.010512 -0.009715 -0.021024
0 0.004554 0.007770 -0.007893 -0.015539
0 0.001821 0.002742 -0.002429 -0.005484
0 0.001821 0.002742 -0.002429 -0.005484
0 0.004554 0.007770 -0.007893 -0.015539
0 0.001518 0.002742 -0.001821 -0.005484
0 0.001821 0.002742 -0.002429 -0.005484
0 0.005768 0.009141 -0.009107 -0.018282
0 0.001821 0.002742 -0.002429 -0.005484
0 0.001518 0.002742 -0.001821 -0.005484
0 0.001821 0.002742 -0.002429 -0.005484
0 0.002429 0.004113 -0.003643 -0.008227
0 0.004857 0.007770 -0.007286 -0.015539
0 0.004554 0.007770 -0.007893 -0.015539
0 0.004554 0.007770 -0.007893 -0.015539
0 0.005464 0.010512 -0.009715 -0.021024
0 0.001821 0.002742 -0.002429 -0.005484
0 0.001821 0.002742 -0.002429 -0.005484
0 0.002732 0.002742 -0.004250 -0.005484
0 0.001821 0.002742 -0.002429 -0.005484
0 0.001821 0.002742 -0.002429 -0.005484
0 0.002429 0.004113 -0.003643 -0.008227
0 0.001821 0.002742 -0.002429 -0.005484
0 0.005464 0.010512 -0.009715 -0.021024
0 0.005161 0.010055 -0.009107 -0.020110
0 0.000304 0.001828 0.000607 -0.003656
0 0.004554 0.007770 -0.007893 -0.015539
0 0.001821 0.002742 -0.002429 -0.005484
0 0.005161 0.010055 -0.009107 -0.020110
0 0.001821 0.002742 -0.002429 -0.005484
0 0.001821 0.002742 -0.002429 -0.005484
0 0.004857 0.007770 -0.007286 -0.015539
0 0.002429 0.004113 -0.003643 -0.008227
0 0.001518 0.002742 -0.001821 -0.005484
0 0.001821 0.002742 -0.002429 -0.005484
0 0.005464 0.010512 -0.009715 -0.021024
0 0.004554 0.007770 -0.007893 -0.015539
0 0.002732 0.002742 -0.004250 -0.005484
0 0.005464 0.009141 -0.009715 -0.018282
0 0.005464 0.009141 -0.009715 -0.018282
0 0.004857 0.007770 -0.007286 -0.015539
0 0.001518 0.002742 -0.001821 -0.005484
0 0.003339 0.003656 -0.005464 -0.007313
0 0.001821 0.002742 -0.002429 -0.005484
0 0.001821 0.002742 -0.002429 -0.005484
0 0.001821 0.001828 -0.002429 -0.003656
0 0.005161 0.010055 -0.009107 -0.020110
0 0.004554 0.007770 -0.007893 -0.015539
0 0.000304 0.001828 0.000607 -0.003656
0 0.002429 0.004113 -0.003643 -0.008227
0 0.002429 0.004113 -0.003643 -0.008227
0 0.001518 0.002742 -0.001821 -0.005484
0 0.005464 0.009141 -0.009715 -0.018282
0 0.002732 0.002742 -0.004250 -0.005484
0 0.001821 0.002742 -0.002429 -0.005484
0 0.000304 0.001828 0.000607 -0.003656
0 0.001821 0.002742 -0.002429 -0.005484
0 0.004554 0.007770 -0.007893 -0.015539
0 0.002429 0.004113 -0.003643 -0.008227
0 0.007286 0.015082 -0.013358 -0.030165
0 0.004554 0.007770 -0.007893 -0.015539
0 0.002429 0.004113 -0.003643 -0.008227
0 0.001821 0.002742 -0.002429 -0.005484
0 0.001821 0.002742 -0.002429 -0.005484
0 0.004554 0.007770 -0.007893 -0.015539
0 0.002429 0.004113 -0.003643 -0.008227
0 0.004554 0.007770 -0.007893 -0.015539
0 0.002429 0.004113 -0.003643 -0.008227
0 0.001821 0.002742 -0.002429 -0.005484
0 0.005768 0.009141 -0.009107 -0.018282
0 0.002732 0.002742 -0.004250 -0.005484
0 0.001821 0.002742 -0.002429 -0.005484
0 0.005464 0.010512 -0.009715 -0.021024
0 0.001821 0.002742 -0.002429 -0.005484
0 0.004857 0.007770 -0.007286 -0.015539
0 0.001821 0.002742 -0.002429 -0.005484
0 0.002429 0.004113 -0.003643 -0.008227
0 0.001821 0.002742 -0.002429 -0.005484
0 0.001518 0.002742 -0.001821 -0.005484
0 0.001518 0.002742 -0.001821 -0.005484
0 0.001518 0.002742 -0.001821 -0.005484
0 0.005464 0.009141 -0.009715 -0.018282
0 0.001821 0.002742 -0.002429 -0.005484
0 0.005464 0.009141 -0.009715 -0.018282
0 0.001821 0.002742 -0.002429 -0.005484
0 0.007286 0.015082 -0.013358 -0.030165
0 0.001821 0.002742 -0.002429 -0.005484
0 0.002732 0.002742 -0.004250 -0.005484
0 0.004554 0.007770 -0.007893 -0.015539
0 0.001821 0.002742 -0.002429 -0.005484
0 0.002429 0.004113 -0.003643 -0.008227
0 0.004554 0.007770 -0.007893 -0.015539
0 0.004554 0.007770 -0.007893 -0.015539
0 0.005161 0.010055 -0.009107 -0.020110
0 0.003339 0.003656 -0.005464 -0.007313
0 0.005464 0.010512 -0.009715 -0.021024
0 0.002732 0.002742 -0.004250 -0.005484
0 0.001821 0.002742 -0.002429 -0.005484
0 0.004554 0.007770 -0.007893 -0.015539
0 0.002429 0.004113 -0.003643 -0.008227
0 0.002732 0.002742 -0.004250 -0.005484
0 0.001821 0.002742 -0.002429 -0.005484
0 0.003339 0.003656 -0.005464 -0.007313
0 0.004554 0.007770 -0.007893 -0.015539
0 0.002732 0.002742 -0.004250 -0.005484
0 0.001821 0.002742 -0.002429 -0.005484
0 0.001821 0.002742 -0.002429 -0.005484
0 0.001518 0.002742 -0.001821 -0.005484
0 0.001821 0.002742 -0.002429 -0.005484
0 0.005161 0.010055 -0.009107 -0.020110
0 0.001821 0.002742 -0.002429 -0.005484
0 0.002732 0.002742 -0.004250 -0.005484
0 0.004554 0.007770 -0.007893 -0.015539
0 0.005161 0.010055 -0.009107 -0.020110
0 0.003339 0.003656 -0.005464 -0.007313
0 0.005464 0.010512 -0.009715 -0.021024
0 0.002732 0.002742 -0.004250 -0.005484
0 0.001518 0.002742 -0.001821 -0.005484
0 0.007286 0.015082 -0.013358 -0.030165
0 0.007286 0.015082 -0.013358 -0.030165
0 0.001821 0.002742 -0.002429 -0.005484
0 0.004554 0.007770 -0.007893 -0.015539
0 0.007286 0.015082 -0.013358 -0.030165
0 0.001821 0.002742 -0.002429 -0.005484
0 0.005464 0.010512 -0.009715 -0.021024
0 0.004554 0.007770 -0.007893 -0.015539
0 0.001821 0.002742 -0.002429 -0.005484
0 0.001821 0.002742 -0.002429 -0.005484
0 0.005464 0.009141 -0.009715 -0.018282
0 0.004554 0.007770 -0.007893 -0.015539
0 0.001821 0.002742 -0.002429 -0.005484
0 0.005464 0.009141 -0.009715 -0.018282
0 0.005161 0.010055 -0.009107 -0.020110
0 0.002429 0.004113 -0.003643 -0.008227
0 0.005464 0.010512 -0.009715 -0.021024
0 0.001518 0.002742 -0.001821 -0.005484
0 0.001821 0.002742 -0.002429 -0.005484
0 0.001821 0.002742 -0.002429 -0.005484
0 0.002732 0.002742 -0.004250 -0.005484
0 0.001821 0.002742 -0.002429 -0.005484
0 0.005464 0.009141 -0.009715 -0.018282
0 0.001821 0.002742 -0.002429 -0.005484
0 0.001518 0.002742 -0.001821 -0.005484
0 0.002429 0.004113 -0.003643 -0.008227
0 0.001821 0.001828 -0.002429 -0.003656
0 0.005161 0.010055 -0.009107 -0.020110
0 0.001821 0.002742 -0.002429 -0.005484
0 0.000304 0.001828 0.000607 -0.003656
0 0.004554 0.007770 -0.007893 -0.015539
0 0.002732 0.002742 -0.004250 -0.005484
0 0.005464 0.009141 -0.009715 -0.018282
0 0.004554 0.007770 -0.007893 -0.015539
0 0.001518 0.002742 -0.001821 -0.005484
0 0.001518 0.002742 -0.001821 -0.005484
0 0.003339 0.003656 -0.005464 -0.007313
0 0.001821 0.002742 -0.002429 -0.005484
0 0.004554 0.007770 -0.007893 -0.015539
0 0.003339 0.003656 -0.005464 -0.007313
0 0.004554 0.007770 -0.007893 -0.015539
0 0.005464 0.010512 -0.009715 -0.021024
0 0.003339 0.003656 -0.005464 -0.007313
0 0.004554 0.007770 -0.007893 -0.015539
0 0.005161 0.010055 -0.009107 -0.020110
0 0.005464 0.009141 -0.009715 -0.018282
0 0.005464 0.010512 -0.009715 -0.021024
0 0.001821 0.002742 -0.002429 -0.005484
0 0.001518 0.002742 -0.001821 -0.005484
0 0.004554 0.007770 -0.007893 -0.015539
0 0.001821 0.002742 -0.002429 -0.005484
0 0.005464 0.009141 -0.009715 -0.018282
0 0.006375 0.012797 -0.011536 -0.025594
0 0.004554 0.007770 -0.007893 -0.015539
0 0.001821 0.002742 -0.002429 -0.005484
0 0.003339 0.003656 -0.005464 -0.007313
0 0.005161 0.010055 -0.009107 -0.020110
0 0.005464 0.009141 -0.009715 -0.018282
0 0.004857 0.007770 -0.007286 -0.015539
0 0.004554 0.007770 -0.007893 -0.015539
0 0.001821 0.002742 -0.002429 -0.005484
0 0.001821 0.002742 -0.002429 -0.005484
0 0.000304 0.001828 0.000607 -0.003656
0 0.005464 0.010512 -0.009715 -0.021024
0 0.004554 0.007770 -0.007893 -0.015539
0 0.005464 0.010512 -0.009715 -0.021024
0 0.004554 0.007770 -0.007893 -0.015539
0 0.004554 0.007770 -0.007893 -0.015539
0 0.001518 0.002742 -0.001821 -0.005484
0 0.004554 0.007770 -0.007893 -0.015539
0 0.001821 0.002742 -0.002429 -0.005484
0 0.001821 0.002742 -0.002429 -0.005484
0 0.002732 0.002742 -0.004250 -0.005484
0 0.001821 0.002742 -0.002429 -0.005484
0 0.001821 0.002742 -0.002429 -0.005484
0 0.004554 0.007770 -0.007893 -0.015539
0 0.003339 0.003656 -0.005464 -0.007313
0 0.001821 0.002742 -0.002429 -0.005484
0 0.002429 0.004113 -0.003643 -0.008227
0 0.004554 0.007770 -0.007893 -0.015539
0 0.001518 0.002742 -0.001821 -0.005484
0 0.001821 0.002742 -0.002429 -0.005484
0 0.001821 0.002742 -0.002429 -0.005484
0 0.005768 0.009141 -0.009107 -0.018282
0 0.002429 0.004113 -0.003643 -0.008227
0 0.001821 0.002742 -0.002429 -0.005484
0 0.004554 0.007770 -0.007893 -0.015539
0 0.001821 0.002742 -0.002429 -0.005484
0 0.001821 0.002742 -0.002429 -0.005484
0 0.002732 0.002742 -0.004250 -0.005484
0 0.004554 0.007770 -0.007893 -0.015539
0 0.004554 0.007770 -0.007893 -0.015539
0 0.001518 0.002742 -0.001821 -0.005484
0 0.001821 0.002742 -0.002429 -0.005484
0 0.004554 0.007770 -0.007893 -0.015539
0 0.004554 0.007770 -0.007893 -0.015539
0 0.004554 0.007770 -0.007893 -0.015539
0 0.001821 0.002742 -0.002429 -0.005484
0 0.001821 0.002742 -0.002429 -0.005484
0 0.004554 0.007770 -0.007893 -0.015539
0 0.001518 0.002742 -0.001821 -0.005484
0 0.005464 0.009141 -0.009715 -0.018282
0 0.004554 0.007770 -0.007893 -0.015539
0 0.002429 0.004113 -0.003643 -0.008227
0 0.006375 0.012797 -0.011536 -0.025594
0 0.001821 0.002742 -0.002429 -0.005484
0 0.005464 0.010512 -0.009715 -0.021024
0 0.005464 0.010512 -0.009715 -0.021024
0 0.005464 0.010512 -0.009715 -0.021024
0 0.001518 0.002742 -0.001821 -0.005484
0 0.004554 0.007770 -0.007893 -0.015539
0 0.004554 0.007770 -0.007893 -0.015539
0 0.001821 0.002742 -0.002429 -0.005484
0 0.005464 0.010512 -0.009715 -0.021024
0 0.005464 0.009141 -0.009715 -0.018282
0 0.004554 0.007770 -0.007893 -0.015539
0 0.001821 0.002742 -0.002429 -0.005484
0 0.004554 0.007770 -0.007893 -0.015539
0 0.005464 0.010512 -0.009715 -0.021024
0 0.004857 0.007770 -0.007286 -0.015539
0 0.004554 0.007770 -0.007893 -0.015539
0 0.001518 0.000000 -0.001821 0.000000
0 0.001821 0.002742 -0.002429 -0.005484
0 0.004857 0.007770 -0.007286 -0.015539
0 0.001821 0.002742 -0.002429 -0.005484
0 0.001518 0.002742 -0.001821 -0.005484
0 0.001821 0.002742 -0.002429 -0.005484
0 0.005768 0.009141 -0.009107 -0.018282
0 0.005464 0.010512 -0.009715 -0.021024
0 0.005161 0.010055 -0.009107 -0.020110
0 0.004554 0.007770 -0.007893 -0.015539
0 0.002732 0.002742 -0.004250 -0.005484
0 0.004554 0.007770 -0.007893 -0.015539
0 0.005464 0.010512 -0.009715 -0.021024
0 0.001821 0.002742 -0.002429 -0.005484
0 0.001821 0.002742 -0.002429 -0.005484
0 0.007590 0.015082 -0.012750 -0.030165
0 0.004554 0.007770 -0.007893 -0.015539
0 0.004857 0.007770 -0.007286 -0.015539
0 0.001518 0.002742 -0.001821 -0.005484
0 0.001518 0.002742 -0.001821 -0.005484
0 0.002429 0.002285 -0.003643 -0.004570
0 0.000304 0.001371 0.000607 -0.002742
0 0.001821 0.002742 -0.002429 -0.005484
0 0.001518 0.002742 -0.001821 -0.005484
0 0.004554 0.007770 -0.007893 -0.015539
0 0.004554 0.007770 -0.007893 -0.015539
0 0.001821 0.001828 -0.002429 -0.003656
0 0.002429 0.004113 -0.003643 -0.008227
0 0.001821 0.002742 -0.002429 -0.005484
0 0.001821 0.002742 -0.002429 -0.005484
0 0.001821 0.002742 -0.002429 -0.005484
0 0.005464 0.010512 -0.009715 -0.021024
0 0.001518 0.002742 -0.001821 -0.005484
0 0.001821 0.002742 -0.002429 -0.005484
0 0.004554 0.007770 -0.007893 -0.015539
0 0.004554 0.007770 -0.007893 -0.015539
0 0.001518 0.002742 -0.001821 -0.005484
0 0.004554 0.007770 -0.007893 -0.015539
0 0.001518 0.002742 -0.001821 -0.005484
0 0.002732 0.002742 -0.004250 -0.005484
0 0.002429 0.004113 -0.003643 -0.008227
0 0.005464 0.010512 -0.009715 -0.021024
0 0.001821 0.002742 -0.002429 -0.005484
0 0.002429 0.004113 -0.003643 -0.008227
0 0.001821 0.002742 -0.002429 -0.005484
0 0.007286 0.015082 -0.013358 -0.030165
0 0.004554 0.007770 -0.007893 -0.015539
0 0.001821 0.002742 -0.002429 -0.005484
0 0.004554 0.007770 -0.007893 -0.015539
0 0.001821 0.002742 -0.002429 -0.005484
0 0.005464 0.010512 -0.009715 -0.021024
0 0.001821 0.002742 -0.002429 -0.005484
0 0.001821 0.002742 -0.002429 -0.005484
0 0.001518 0.002742 -0.001821 -0.005484
0 0.004554 0.007770 -0.007893 -0.015539
0 0.001821 0.002742 -0.002429 -0.005484
0 0.001821 0.002742 -0.002429 -0.005484
0 0.003339 0.003656 -0.005464 -0.007313
0 0.004554 0.007770 -0.007893 -0.015539
0 0.005464 0.010512 -0.009715 -0.021024
0 0.001821 0.002742 -0.002429 -0.005484
0 0.004554 0.007770 -0.007893 -0.015539
0 0.001518 0.002742 -0.001821 -0.005484
0 0.006375 0.012797 -0.011536 -0.025594
0 0.001518 0.002742 -0.001821 -0.005484
0 0.001821 0.002742 -0.002429 -0.005484
0 0.005768 0.009141 -0.009107 -0.018282
0 0.007286 0.015082 -0.013358 -0.030165
0 0.007286 0.015082 -0.013358 -0.030165
0 0.001821 0.002742 -0.002429 -0.005484
0 0.004554 0.007770 -0.007893 -0.015539
0 0.005161 0.010055 -0.009107 -0.020110
0 0.001821 0.002742 -0.002429 -0.005484
0 0.004554 0.007770 -0.007893 -0.015539
0 0.004554 0.007770 -0.007893 -0.015539
0 0.001821 0.002742 -0.002429 -0.005484
0 0.001518 0.002742 -0.001821 -0.005484
0 0.001821 0.002742 -0.002429 -0.005484
0 0.004554 0.007770 -0.007893 -0.015539
0 0.005161 0.010055 -0.009107 -0.020110
0 0.001821 0.002742 -0.002429 -0.005484
0 0.005464 0.010512 -0.009715 -0.021024
0 0.001518 0.000914 -0.001821 -0.001828
0 0.004554 0.007770 -0.007893 -0.015539
0 0.005464 0.010512 -0.009715 -0.021024
0 0.001518 0.002742 -0.001821 -0.005484
0 0.005161 0.010055 -0.009107 -0.020110
0 0.002429 0.004113 -0.003643 -0.008227
0 0.001821 0.002742 -0.002429 -0.005484
0 0.001821 0.002742 -0.002429 -0.005484
0 0.005464 0.010512 -0.009715 -0.021024
0 0.001821 0.002742 -0.002429 -0.005484
0 0.002429 0.004113 -0.003643 -0.008227
0 0.005464 0.010512 -0.009715 -0.021024
0 0.002732 0.002742 -0.004250 -0.005484
0 0.001821 0.002742 -0.002429 -0.005484
0 0.001518 0.002742 -0.001821 -0.005484
0 0.005464 0.009141 -0.009715 -0.018282
0 0.001821 0.002742 -0.002429 -0.005484
0 0.001821 0.002742 -0.002429 -0.005484
0 0.007590 0.015082 -0.012750 -0.030165
0 0.004554 0.007770 -0.007893 -0.015539
0 0.004554 0.007770 -0.007893 -0.015539
0 0.006679 0.010969 -0.010929 -0.021938
0 0.005161 0.010055 -0.009107 -0.020110
0 0.004554 0.007770 -0.007893 -0.015539
0 0.001821 0.002742 -0.002429 -0.005484
0 0.004554 0.007770 -0.007893 -0.015539
0 0.001821 0.002742 -0.002429 -0.005484
0 0.006679 0.010969 -0.010929 -0.021938
0 0.007286 0.015082 -0.013358 -0.030165
0 0.004554 0.007770 -0.007893 -0.015539
0 0.007286 0.015082 -0.013358 -0.030165
0 0.004554 0.007770 -0.007893 -0.015539
0 0.001821 0.002742 -0.002429 -0.005484
0 0.002429 0.004113 -0.003643 -0.008227
0 0.004554 0.007770 -0.007893 -0.015539
0 0.000304 0.001371 0.000607 -0.002742
0 0.005464 0.007770 -0.009715 -0.015539
0 0.001821 0.002742 -0.002429 -0.005484
0 0.004554 0.007770 -0.007893 -0.015539
0 0.003339 0.003656 -0.005464 -0.007313
0 0.003339 0.003656 -0.005464 -0.007313
0 0.002429 0.004113 -0.003643 -0.008227
0 0.005464 0.010512 -0.009715 -0.021024
0 0.001821 0.002742 -0.002429 -0.005484
0 0.002429 0.004113 -0.003643 -0.008227
0 0.005464 0.010512 -0.009715 -0.021024
0 0.001518 0.002742 -0.001821 -0.005484
0 0.004554 0.007770 -0.007893 -0.015539
0 0.004554 0.007770 -0.007893 -0.015539
0 0.004554 0.007770 -0.007893 -0.015539
0 0.001821 0.002742 -0.002429 -0.005484
0 0.001518 0.002742 -0.001821 -0.005484
0 0.004554 0.007770 -0.007893 -0.015539
0 0.001821 0.002742 -0.002429 -0.005484
0 0.004554 0.007770 -0.007893 -0.015539
0 0.005464 0.010512 -0.009715 -0.021024
0 0.002429 0.002285 -0.003643 -0.004570
0 0.005464 0.010512 -0.009715 -0.021024
0 0.005161 0.010055 -0.009107 -0.020110
0 0.007286 0.015082 -0.013358 -0.030165
0 0.001821 0.002742 -0.002429 -0.005484
0 0.001821 0.002742 -0.002429 -0.005484
0 0.001518 0.002742 -0.001821 -0.005484
0 0.001518 0.002742 -0.001821 -0.005484
0 0.004554 0.007770 -0.007893 -0.015539