0 0.018333 0.025074 -0.034444 -0.050147
0 0.018333 0.025074 -0.034444 -0.050147
0 0.018333 0.025074 -0.034444 -0.050147
0 0.018333 0.025074 -0.034444 -0.050147
0 0.018333 0.025074 -0.034444 -0.050147
0 0.018333 0.025074 -0.034444 -0.050147
0 0.017222 0.029499 -0.032222 -0.058997
0 0.017222 0.029499 -0.032222 -0.058997
0 0.018333 0.025074 -0.034444 -0.050147
0 0.018333 0.025074 -0.034444 -0.050147
0 0.018333 0.025074 -0.034444 -0.050147
0 0.017222 0.029499 -0.032222 -0.058997
0 0.017222 0.029499 -0.032222 -0.058997
0 0.017222 0.029499 -0.032222 -0.058997
0 0.017222 0.029499 -0.032222 -0.058997
0 0.018333 0.025074 -0.034444 -0.050147
0 0.018333 0.025074 -0.034444 -0.050147
0 0.017222 0.029499 -0.032222 -0.058997
0 0.018333 0.025074 -0.034444 -0.050147
0 0.018333 0.025074 -0.034444 -0.050147
0 0.017222 0.029499 -0.032222 -0.058997
0 0.018333 0.025074 -0.034444 -0.050147
0 0.018333 0.025074 -0.034444 -0.050147
0 0.018333 0.025074 -0.034444 -0.050147