0 0.005865 0.011725 -0.009775 -0.023451
0 0.015152 0.040201 -0.028348 -0.080402
0 0.008798 0.015913 -0.015640 -0.031826
0 0.008798 0.015913 -0.015640 -0.031826
0 0.005376 0.010050 -0.008798 -0.020101
0 0.012219 0.046901 -0.022483 -0.093802
0 0.003421 0.004188 -0.004888 -0.008375
0 0.005865 0.011725 -0.009775 -0.023451
0 0.011241 0.029313 -0.020528 -0.058626
0 0.005865 0.011725 -0.009775 -0.023451
0 0.023949 0.061139 -0.045943 -0.122278
0 0.005376 0.010050 -0.008798 -0.020101
0 0.011241 0.029313 -0.020528 -0.058626
0 0.011241 0.029313 -0.020528 -0.058626
0 0.011241 0.029313 -0.020528 -0.058626
0 0.011241 0.029313 -0.020528 -0.058626
0 0.011730 0.029313 -0.021505 -0.058626
0 0.011241 0.029313 -0.020528 -0.058626
0 0.011241 0.029313 -0.020528 -0.058626
0 0.011241 0.029313 -0.020528 -0.058626
0 0.011241 0.029313 -0.020528 -0.058626
0 0.011241 0.029313 -0.020528 -0.058626