0 0.013343 0.010916 -0.025204 -0.021832
0 0.008895 0.007721 -0.016308 -0.015442
0 0.003336 0.002929 -0.005189 -0.005857
0 0.003336 0.002929 -0.005189 -0.005857
0 0.005930 0.003994 -0.010378 -0.007987
0 0.008154 0.005591 -0.014826 -0.011182
0 0.013343 0.010916 -0.025204 -0.021832
0 0.005930 0.003994 -0.010378 -0.007987
0 0.005560 0.003994 -0.009637 -0.007987
0 0.005560 0.004792 -0.009637 -0.009585
0 0.004448 0.003195 -0.007413 -0.006390
0 0.008895 0.007721 -0.016308 -0.015442
0 0.008154 0.005591 -0.014826 -0.011182
0 0.006672 0.005059 -0.011861 -0.010117
0 0.009266 0.007721 -0.017050 -0.015442
0 0.005930 0.003994 -0.010378 -0.007987
0 0.003336 0.002929 -0.005189 -0.005857
0 0.008525 0.005591 -0.014085 -0.011182
0 0.010378 0.008253 -0.019274 -0.016507
0 0.008154 0.005591 -0.014826 -0.011182
0 0.014455 0.011182 -0.027428 -0.022364
0 0.010749 0.009318 -0.020015 -0.018637
0 0.020015 0.015176 -0.038547 -0.030351
0 0.008895 0.007721 -0.016308 -0.015442
0 0.012602 0.011448 -0.023721 -0.022897
0 0.005560 0.004792 -0.009637 -0.009585
0 0.008154 0.005591 -0.014826 -0.011182
0 0.008525 0.005591 -0.014085 -0.011182
0 0.005560 0.003994 -0.009637 -0.007987
0 0.007784 0.006922 -0.014085 -0.013845
0 0.005560 0.003994 -0.009637 -0.007987
0 0.007042 0.006656 -0.012602 -0.013312
0 0.005930 0.003994 -0.010378 -0.007987
0 0.004448 0.003195 -0.007413 -0.006390
0 0.008154 0.005591 -0.014826 -0.011182
0 0.013343 0.010916 -0.025204 -0.021832