0 0.003906 0.005208 -0.005859 -0.007812
0 0.016113 0.020182 -0.030273 -0.040365
0 0.010254 0.012370 -0.018555 -0.024740
0 0.003906 0.005208 -0.005859 -0.007812
0 0.004883 0.005208 -0.007812 -0.007812
0 0.004883 0.004557 -0.007812 -0.009115
0 0.004883 0.004557 -0.007812 -0.009115
0 0.003906 0.005208 -0.005859 -0.007812
0 0.004883 0.004557 -0.007812 -0.009115
0 0.004883 0.005208 -0.007812 -0.007812
0 0.010254 0.012370 -0.018555 -0.024740
0 0.004883 0.004557 -0.007812 -0.009115
0 0.004883 0.005208 -0.007812 -0.007812
0 0.003906 0.005208 -0.005859 -0.007812
0 0.008789 0.010417 -0.015625 -0.020833
0 0.010254 0.012370 -0.018555 -0.024740
0 0.003906 0.005208 -0.005859 -0.007812
0 0.010254 0.012370 -0.018555 -0.024740
0 0.003906 0.005208 -0.005859 -0.007812
0 0.003906 0.005208 -0.005859 -0.007812
0 0.003906 0.005208 -0.005859 -0.007812
0 0.003906 0.005208 -0.005859 -0.007812
0 0.003906 0.005208 -0.005859 -0.007812
0 0.004883 0.005208 -0.007812 -0.007812
0 0.003906 0.005208 -0.005859 -0.007812
0 0.010254 0.012370 -0.018555 -0.024740
0 0.004883 0.005208 -0.007812 -0.007812
0 0.007324 0.010417 -0.012695 -0.020833
0 0.003906 0.005208 -0.005859 -0.007812
0 0.010254 0.012370 -0.018555 -0.024740
0 0.008789 0.010417 -0.015625 -0.020833
0 0.003906 0.005208 -0.005859 -0.007812
0 0.004883 0.004557 -0.007812 -0.009115
0 0.003906 0.005208 -0.005859 -0.007812
0 0.003906 0.005208 -0.005859 -0.007812
0 0.010254 0.012370 -0.018555 -0.024740
0 0.010254 0.012370 -0.018555 -0.024740
0 0.003906 0.005208 -0.005859 -0.007812
0 0.010254 0.012370 -0.018555 -0.024740
0 0.003906 0.005208 -0.005859 -0.007812
0 0.003906 0.005208 -0.005859 -0.007812
0 0.003906 0.005208 -0.005859 -0.007812
0 0.004883 0.004557 -0.007812 -0.009115
0 0.016113 0.020182 -0.030273 -0.040365
0 0.003906 0.005208 -0.005859 -0.007812
0 0.004883 0.004557 -0.007812 -0.009115
0 0.003906 0.005208 -0.005859 -0.007812
0 0.003906 0.005208 -0.005859 -0.007812
0 0.004883 0.004557 -0.007812 -0.009115
0 0.003906 0.005208 -0.005859 -0.007812
0 0.003906 0.005208 -0.005859 -0.007812
0 0.003906 0.005208 -0.005859 -0.007812
0 0.004883 0.005208 -0.007812 -0.007812
0 0.003906 0.005208 -0.005859 -0.007812
0 0.003906 0.005208 -0.005859 -0.007812
0 0.026367 0.038411 -0.050781 -0.076823
0 0.003906 0.005208 -0.005859 -0.007812
0 0.003906 0.005208 -0.005859 -0.007812
0 0.003906 0.005208 -0.005859 -0.007812
0 0.004883 0.004557 -0.007812 -0.009115
0 0.003906 0.005208 -0.005859 -0.007812
0 0.010254 0.012370 -0.018555 -0.024740
0 0.004883 0.004557 -0.007812 -0.009115
0 0.004883 0.005208 -0.007812 -0.007812
0 0.003906 0.005208 -0.005859 -0.007812
0 0.003906 0.005208 -0.005859 -0.007812
0 0.003906 0.005208 -0.005859 -0.007812
0 0.004883 0.004557 -0.007812 -0.009115
0 0.003906 0.005208 -0.005859 -0.007812
0 0.003906 0.005208 -0.005859 -0.007812
0 0.003906 0.005208 -0.005859 -0.007812
0 0.004883 0.004557 -0.007812 -0.009115
0 0.004883 0.005208 -0.007812 -0.007812
0 0.004883 0.005208 -0.007812 -0.007812
0 0.003906 0.005208 -0.005859 -0.007812
0 0.008789 0.010417 -0.015625 -0.020833
0 0.026367 0.038411 -0.050781 -0.076823
0 0.008789 0.010417 -0.015625 -0.020833
0 0.004883 0.004557 -0.007812 -0.009115
0 0.003906 0.005208 -0.005859 -0.007812
0 0.004883 0.005208 -0.007812 -0.007812
0 0.004883 0.004557 -0.007812 -0.009115
0 0.003906 0.005208 -0.005859 -0.007812
0 0.004883 0.005208 -0.007812 -0.007812
0 0.003906 0.005208 -0.005859 -0.007812
0 0.010254 0.012370 -0.018555 -0.024740
0 0.004883 0.005208 -0.007812 -0.007812
0 0.004883 0.005208 -0.007812 -0.007812
0 0.010254 0.012370 -0.018555 -0.024740
0 0.004883 0.004557 -0.007812 -0.009115
0 0.003906 0.005208 -0.005859 -0.007812
0 0.003906 0.005208 -0.005859 -0.007812
0 0.003906 0.005208 -0.005859 -0.007812
0 0.004883 0.004557 -0.007812 -0.009115
0 0.004883 0.005208 -0.007812 -0.007812
0 0.004883 0.004557 -0.007812 -0.009115
0 0.003906 0.005208 -0.005859 -0.007812
0 0.003906 0.005208 -0.005859 -0.007812
0 0.003906 0.005208 -0.005859 -0.007812
0 0.003906 0.005208 -0.005859 -0.007812
0 0.003906 0.005208 -0.005859 -0.007812
0 0.008789 0.010417 -0.015625 -0.020833
0 0.004883 0.005208 -0.007812 -0.007812
0 0.010254 0.012370 -0.018555 -0.024740
0 0.003906 0.005208 -0.005859 -0.007812
0 0.004883 0.005208 -0.007812 -0.007812
0 0.003906 0.005208 -0.005859 -0.007812
0 0.003906 0.005208 -0.005859 -0.007812
0 0.008789 0.010417 -0.015625 -0.020833
0 0.003906 0.005208 -0.005859 -0.007812
0 0.010254 0.012370 -0.018555 -0.024740
0 0.004883 0.004557 -0.007812 -0.009115
0 0.003906 0.005208 -0.005859 -0.007812
0 0.004883 0.004557 -0.007812 -0.009115
0 0.004883 0.004557 -0.007812 -0.009115
0 0.010254 0.012370 -0.018555 -0.024740
0 0.037109 0.051432 -0.072266 -0.102865
0 0.010254 0.012370 -0.018555 -0.024740
0 0.003906 0.005208 -0.005859 -0.007812
0 0.003906 0.005208 -0.005859 -0.007812
0 0.003906 0.005208 -0.005859 -0.007812
0 0.004883 0.005208 -0.007812 -0.007812
0 0.004883 0.005208 -0.007812 -0.007812
0 0.003906 0.005208 -0.005859 -0.007812
0 0.008789 0.010417 -0.015625 -0.020833
0 0.003906 0.005208 -0.005859 -0.007812
0 0.010254 0.012370 -0.018555 -0.024740
0 0.003906 0.005208 -0.005859 -0.007812
0 0.003906 0.005208 -0.005859 -0.007812
0 0.003906 0.005208 -0.005859 -0.007812
0 0.007324 0.010417 -0.012695 -0.020833
0 0.008789 0.010417 -0.015625 -0.020833
0 0.026367 0.038411 -0.050781 -0.076823
0 0.010254 0.012370 -0.018555 -0.024740
0 0.010254 0.012370 -0.018555 -0.024740
0 0.010254 0.012370 -0.018555 -0.024740