0 0.007161 0.012500 -0.011719 -0.025000
0 0.007161 0.012500 -0.011719 -0.025000
0 0.007161 0.012500 -0.011719 -0.025000
0 0.018229 0.032292 -0.033854 -0.064583
0 0.007161 0.012500 -0.011719 -0.025000
0 0.018229 0.032292 -0.033854 -0.064583
0 0.010417 0.020833 -0.018229 -0.041667
0 0.013021 0.023958 -0.023438 -0.047917
0 0.013021 0.023958 -0.023438 -0.047917
0 0.018229 0.032292 -0.033854 -0.064583
0 0.018229 0.032292 -0.033854 -0.064583
0 0.018229 0.032292 -0.033854 -0.064583
0 0.010417 0.020833 -0.018229 -0.041667
0 0.005208 0.009375 -0.007812 -0.014583
0 0.010417 0.020833 -0.018229 -0.041667
0 0.007161 0.012500 -0.011719 -0.025000
0 0.013021 0.023958 -0.023438 -0.047917
0 0.018229 0.032292 -0.033854 -0.064583
0 0.018229 0.032292 -0.033854 -0.064583
0 0.018229 0.032292 -0.033854 -0.064583
0 0.011068 0.020833 -0.016927 -0.041667
0 0.007161 0.012500 -0.011719 -0.025000
0 0.013021 0.023958 -0.023438 -0.047917
0 0.007161 0.012500 -0.011719 -0.025000
0 0.013021 0.023958 -0.023438 -0.047917
0 0.007161 0.012500 -0.011719 -0.025000
0 0.010417 0.020833 -0.018229 -0.041667
0 0.007161 0.012500 -0.011719 -0.025000
0 0.013021 0.023958 -0.023438 -0.047917
0 0.013021 0.023958 -0.023438 -0.047917
0 0.013021 0.023958 -0.023438 -0.047917
0 0.010417 0.020833 -0.018229 -0.041667
0 0.018229 0.032292 -0.033854 -0.064583
0 0.011719 0.020833 -0.020833 -0.041667
0 0.011719 0.020833 -0.020833 -0.041667
0 0.013021 0.023958 -0.023438 -0.047917
0 0.007161 0.012500 -0.011719 -0.025000
0 0.007161 0.012500 -0.011719 -0.025000
0 0.007812 0.014583 -0.013021 -0.029167
0 0.005208 0.009375 -0.007812 -0.014583
0 0.013021 0.023958 -0.023438 -0.047917
0 0.013021 0.023958 -0.023438 -0.047917
0 0.013021 0.023958 -0.023438 -0.047917
0 0.018229 0.032292 -0.033854 -0.064583
0 0.018229 0.032292 -0.033854 -0.064583
0 0.011719 0.020833 -0.020833 -0.041667
0 0.007161 0.012500 -0.011719 -0.025000
0 0.010417 0.020833 -0.018229 -0.041667
0 0.011719 0.020833 -0.020833 -0.041667
0 0.013021 0.023958 -0.023438 -0.047917
0 0.018229 0.032292 -0.033854 -0.064583
0 0.010417 0.020833 -0.018229 -0.041667
0 0.005208 0.009375 -0.007812 -0.014583
0 0.011068 0.020833 -0.016927 -0.041667
0 0.010417 0.020833 -0.018229 -0.041667
0 0.010417 0.020833 -0.018229 -0.041667
0 0.013021 0.023958 -0.023438 -0.047917
0 0.008464 0.016667 -0.014323 -0.033333
0 0.005208 0.009375 -0.007812 -0.014583
0 0.005208 0.009375 -0.007812 -0.014583
0 0.013021 0.023958 -0.023438 -0.047917
0 0.007161 0.012500 -0.011719 -0.025000
0 0.010417 0.020833 -0.018229 -0.041667
0 0.010417 0.020833 -0.018229 -0.041667
0 0.013021 0.023958 -0.023438 -0.047917
0 0.011719 0.020833 -0.020833 -0.041667
0 0.011719 0.020833 -0.020833 -0.041667
0 0.018229 0.032292 -0.033854 -0.064583
0 0.018229 0.032292 -0.033854 -0.064583
0 0.013021 0.023958 -0.023438 -0.047917
0 0.010417 0.020833 -0.018229 -0.041667
0 0.007161 0.012500 -0.011719 -0.025000
0 0.010417 0.020833 -0.018229 -0.041667
0 0.018229 0.032292 -0.033854 -0.064583
0 0.014323 0.026042 -0.026042 -0.052083
0 0.018229 0.032292 -0.033854 -0.064583
0 0.018229 0.032292 -0.033854 -0.064583
0 0.013021 0.023958 -0.023438 -0.047917
0 0.010417 0.020833 -0.018229 -0.041667
0 0.011068 0.020833 -0.016927 -0.041667
0 0.011719 0.020833 -0.020833 -0.041667
0 0.010417 0.020833 -0.018229 -0.041667
0 0.008464 0.016667 -0.014323 -0.033333
0 0.007161 0.012500 -0.011719 -0.025000
0 0.018229 0.032292 -0.033854 -0.064583
0 0.011719 0.020833 -0.020833 -0.041667
0 0.007161 0.012500 -0.011719 -0.025000
0 0.013021 0.023958 -0.023438 -0.047917
0 0.011719 0.020833 -0.020833 -0.041667
0 0.011719 0.020833 -0.020833 -0.041667
0 0.010417 0.020833 -0.018229 -0.041667
0 0.018229 0.032292 -0.033854 -0.064583
0 0.010417 0.020833 -0.018229 -0.041667
0 0.007161 0.012500 -0.011719 -0.025000
0 0.007161 0.012500 -0.011719 -0.025000
0 0.010417 0.020833 -0.018229 -0.041667
0 0.010417 0.020833 -0.018229 -0.041667
0 0.010417 0.020833 -0.018229 -0.041667
0 0.018229 0.032292 -0.033854 -0.064583
0 0.013021 0.023958 -0.023438 -0.047917
0 0.018229 0.032292 -0.033854 -0.064583
0 0.012370 0.020833 -0.019531 -0.041667
0 0.007161 0.012500 -0.011719 -0.025000
0 0.010417 0.020833 -0.018229 -0.041667
0 0.005208 0.009375 -0.007812 -0.014583
0 0.005208 0.009375 -0.007812 -0.014583
0 0.007161 0.012500 -0.011719 -0.025000
0 0.013021 0.023958 -0.023438 -0.047917
0 0.010417 0.020833 -0.018229 -0.041667
0 0.013021 0.023958 -0.023438 -0.047917
0 0.013021 0.023958 -0.023438 -0.047917
0 0.007161 0.012500 -0.011719 -0.025000
0 0.018229 0.032292 -0.033854 -0.064583
0 0.010417 0.020833 -0.018229 -0.041667
0 0.018229 0.032292 -0.033854 -0.064583
0 0.018229 0.032292 -0.033854 -0.064583
0 0.005208 0.009375 -0.007812 -0.014583
0 0.011719 0.020833 -0.020833 -0.041667
0 0.013021 0.023958 -0.023438 -0.047917
0 0.007161 0.012500 -0.011719 -0.025000
0 0.011719 0.020833 -0.020833 -0.041667
0 0.005208 0.009375 -0.007812 -0.014583
0 0.010417 0.020833 -0.018229 -0.041667
0 0.008464 0.016667 -0.014323 -0.033333
0 0.010417 0.020833 -0.018229 -0.041667
0 0.007161 0.012500 -0.011719 -0.025000
0 0.005208 0.009375 -0.007812 -0.014583
0 0.010417 0.020833 -0.018229 -0.041667
0 0.011719 0.020833 -0.020833 -0.041667
0 0.011719 0.020833 -0.020833 -0.041667
0 0.005208 0.009375 -0.007812 -0.014583
0 0.018229 0.032292 -0.033854 -0.064583
0 0.013021 0.023958 -0.023438 -0.047917
0 0.007161 0.012500 -0.011719 -0.025000
0 0.018229 0.032292 -0.033854 -0.064583
0 0.018229 0.032292 -0.033854 -0.064583
0 0.018229 0.032292 -0.033854 -0.064583
0 0.013021 0.023958 -0.023438 -0.047917
0 0.013021 0.023958 -0.023438 -0.047917
0 0.018229 0.032292 -0.033854 -0.064583
0 0.013021 0.023958 -0.023438 -0.047917