0 0.007000 0.010550 -0.013000 -0.021100
0 0.007250 0.015072 -0.013500 -0.030143
0 0.006250 0.010550 -0.011500 -0.021100
0 0.005250 0.011680 -0.009500 -0.023361
0 0.008500 0.016579 -0.016000 -0.033157
0 0.000500 0.000377 0.000000 -0.000754
0 0.007250 0.015072 -0.013500 -0.030143
0 0.005750 0.012434 -0.010500 -0.024868
0 0.008500 0.016579 -0.016000 -0.033157
0 0.005250 0.011680 -0.009500 -0.023361
0 0.007250 0.015072 -0.013500 -0.030143
0 0.007500 0.015072 -0.014000 -0.030143
0 0.006250 0.010550 -0.011500 -0.021100
0 0.007000 0.010550 -0.013000 -0.021100
0 0.006250 0.010550 -0.011500 -0.021100
0 0.007000 0.010550 -0.013000 -0.021100
0 0.008250 0.015825 -0.015500 -0.031650
0 0.007000 0.010550 -0.013000 -0.021100
0 0.005750 0.012434 -0.010500 -0.024868
0 0.005250 0.011680 -0.009500 -0.023361
0 0.007250 0.015072 -0.013500 -0.030143
0 0.008500 0.016579 -0.016000 -0.033157
0 0.008500 0.016579 -0.016000 -0.033157
0 0.005750 0.012434 -0.010500 -0.024868
0 0.005250 0.011680 -0.009500 -0.023361
0 0.006000 0.009797 -0.011000 -0.019593
0 0.007250 0.015072 -0.013500 -0.030143
0 0.005750 0.012434 -0.010500 -0.024868
0 0.005750 0.012434 -0.010500 -0.024868
0 0.007250 0.015072 -0.013500 -0.030143
0 0.006250 0.010550 -0.011500 -0.021100
0 0.006000 0.009797 -0.011000 -0.019593
0 0.009000 0.017709 -0.017000 -0.035418
0 0.006250 0.010550 -0.011500 -0.021100
0 0.008500 0.016579 -0.016000 -0.033157
0 0.005250 0.011680 -0.009500 -0.023361
0 0.008000 0.015825 -0.015000 -0.031650
0 0.006000 0.009797 -0.011000 -0.019593
0 0.007000 0.010550 -0.013000 -0.021100
0 0.006250 0.009797 -0.011500 -0.019593
0 0.007500 0.013188 -0.014000 -0.026375
0 0.007500 0.013188 -0.014000 -0.026375
0 0.006000 0.009797 -0.011000 -0.019593
0 0.000500 0.000377 0.000000 -0.000754
0 0.007750 0.015448 -0.014500 -0.030897
0 0.005250 0.011680 -0.009500 -0.023361
0 0.000500 0.000377 0.000000 -0.000754
0 0.009000 0.017709 -0.017000 -0.035418
0 0.007500 0.013188 -0.014000 -0.026375
0 0.005750 0.012434 -0.010500 -0.024868
0 0.007500 0.013188 -0.014000 -0.026375
0 0.008500 0.016579 -0.016000 -0.033157
0 0.007000 0.010550 -0.013000 -0.021100
0 0.007250 0.015072 -0.013500 -0.030143
0 0.008250 0.015825 -0.015500 -0.031650
0 0.006000 0.009797 -0.011000 -0.019593
0 0.006500 0.013564 -0.012000 -0.027129
0 0.007250 0.015072 -0.013500 -0.030143
0 0.007500 0.013188 -0.014000 -0.026375
0 0.008500 0.016579 -0.016000 -0.033157
0 0.006250 0.010550 -0.011500 -0.021100
0 0.006250 0.010550 -0.011500 -0.021100
0 0.007500 0.015072 -0.014000 -0.030143
0 0.007000 0.010550 -0.013000 -0.021100
0 0.005750 0.012434 -0.010500 -0.024868
0 0.007500 0.013188 -0.014000 -0.026375
0 0.007500 0.013188 -0.014000 -0.026375
0 0.005750 0.012434 -0.010500 -0.024868
0 0.005250 0.011680 -0.009500 -0.023361
0 0.007000 0.010550 -0.013000 -0.021100
0 0.008500 0.016579 -0.016000 -0.033157
0 0.007500 0.013188 -0.014000 -0.026375
0 0.006000 0.010173 -0.011000 -0.018839
0 0.005250 0.011680 -0.009500 -0.023361
0 0.007500 0.013188 -0.014000 -0.026375
0 0.000500 0.000377 0.000000 -0.000754
0 0.009000 0.017709 -0.017000 -0.035418
0 0.006000 0.009797 -0.011000 -0.019593
0 0.008500 0.016579 -0.016000 -0.033157
0 0.007250 0.015072 -0.013500 -0.030143
0 0.007500 0.013188 -0.014000 -0.026375
0 0.007500 0.015072 -0.014000 -0.030143
0 0.000500 0.000377 0.000000 -0.000754
0 0.007250 0.015072 -0.013500 -0.030143
0 0.007500 0.015072 -0.014000 -0.030143
0 0.007250 0.015072 -0.013500 -0.030143
0 0.007500 0.013188 -0.014000 -0.026375
0 0.007500 0.013188 -0.014000 -0.026375
0 0.009000 0.017709 -0.017000 -0.035418
0 0.005250 0.011680 -0.009500 -0.023361
0 0.007000 0.010550 -0.013000 -0.021100
0 0.007500 0.013188 -0.014000 -0.026375
0 0.007500 0.015072 -0.014000 -0.030143
0 0.006250 0.010550 -0.011500 -0.021100
0 0.007500 0.013188 -0.014000 -0.026375
0 0.008500 0.016579 -0.016000 -0.033157
0 0.006750 0.012811 -0.012500 -0.025622
0 0.005750 0.012434 -0.010500 -0.024868
0 0.005250 0.011680 -0.009500 -0.023361
0 0.007250 0.014695 -0.013500 -0.029390
0 0.006750 0.013941 -0.012500 -0.027882
0 0.007500 0.015072 -0.014000 -0.030143
0 0.006000 0.009797 -0.011000 -0.019593
0 0.005250 0.011680 -0.009500 -0.023361
0 0.007250 0.015072 -0.013500 -0.030143
0 0.008500 0.016579 -0.016000 -0.033157
0 0.007250 0.015072 -0.013500 -0.030143
0 0.008500 0.016579 -0.016000 -0.033157
0 0.007000 0.010550 -0.013000 -0.021100
0 0.008500 0.016579 -0.016000 -0.033157
0 0.007500 0.015072 -0.014000 -0.030143
0 0.006000 0.009797 -0.011000 -0.019593
0 0.006250 0.010550 -0.011500 -0.021100
0 0.007000 0.010550 -0.013000 -0.021100
0 0.009000 0.017709 -0.017000 -0.035418
0 0.007250 0.015072 -0.013500 -0.030143
0 0.008500 0.016579 -0.016000 -0.033157
0 0.007500 0.013188 -0.014000 -0.026375
0 0.007500 0.013188 -0.014000 -0.026375
0 0.007500 0.015072 -0.014000 -0.030143
0 0.006500 0.012057 -0.012000 -0.024115
0 0.006250 0.010550 -0.011500 -0.021100
0 0.007500 0.015072 -0.014000 -0.030143
0 0.008500 0.016579 -0.016000 -0.033157
0 0.005250 0.011680 -0.009500 -0.023361
0 0.007250 0.015072 -0.013500 -0.030143
0 0.007500 0.015072 -0.014000 -0.030143
0 0.007500 0.015072 -0.014000 -0.030143
0 0.006000 0.009797 -0.011000 -0.019593
0 0.006000 0.009797 -0.011000 -0.019593
0 0.007000 0.010550 -0.013000 -0.021100
0 0.008500 0.016579 -0.016000 -0.033157
0 0.000500 0.000377 0.000000 -0.000754
0 0.007500 0.015072 -0.014000 -0.030143
0 0.008250 0.015825 -0.015500 -0.031650
0 0.007000 0.010550 -0.013000 -0.021100
0 0.005250 0.011680 -0.009500 -0.023361
0 0.000500 0.000377 0.000000 -0.000754
0 0.006250 0.010550 -0.011500 -0.021100
0 0.006000 0.009797 -0.011000 -0.019593
0 0.006250 0.010550 -0.011500 -0.021100
0 0.007000 0.010927 -0.013000 -0.020347
0 0.005250 0.011680 -0.009500 -0.023361
0 0.005750 0.012434 -0.010500 -0.024868
0 0.007250 0.015072 -0.013500 -0.030143
0 0.005250 0.011680 -0.009500 -0.023361
0 0.000500 0.000377 0.000000 -0.000754
0 0.000500 0.000377 0.000000 -0.000754
0 0.008500 0.016579 -0.016000 -0.033157
0 0.007500 0.015072 -0.014000 -0.030143
0 0.007500 0.013188 -0.014000 -0.026375
0 0.007500 0.015072 -0.014000 -0.030143
0 0.006500 0.013564 -0.012000 -0.027129
0 0.000500 0.000377 0.000000 -0.000754
0 0.007500 0.015072 -0.014000 -0.030143
0 0.007250 0.015072 -0.013500 -0.030143
0 0.008250 0.015825 -0.015500 -0.031650
0 0.007500 0.015072 -0.014000 -0.030143
0 0.006000 0.010173 -0.011000 -0.018839
0 0.005250 0.011680 -0.009500 -0.023361
0 0.007250 0.015072 -0.013500 -0.030143
0 0.008500 0.016579 -0.016000 -0.033157
0 0.008500 0.016579 -0.016000 -0.033157
0 0.005250 0.011680 -0.009500 -0.023361
0 0.007500 0.015072 -0.014000 -0.030143
0 0.006250 0.010550 -0.011500 -0.021100
0 0.006250 0.010550 -0.011500 -0.021100
0 0.005250 0.011680 -0.009500 -0.023361
0 0.006000 0.009797 -0.011000 -0.019593
0 0.007500 0.013188 -0.014000 -0.026375
0 0.006500 0.010550 -0.012000 -0.021100
0 0.005750 0.012434 -0.010500 -0.024868
0 0.008250 0.015825 -0.015500 -0.031650
0 0.009000 0.017709 -0.017000 -0.035418
0 0.008500 0.016579 -0.016000 -0.033157
0 0.006000 0.009797 -0.011000 -0.019593
0 0.007500 0.013188 -0.014000 -0.026375
0 0.006000 0.010173 -0.011000 -0.018839
0 0.006000 0.009797 -0.011000 -0.019593
0 0.008250 0.015825 -0.015500 -0.031650
0 0.006000 0.010173 -0.011000 -0.018839
0 0.008500 0.016579 -0.016000 -0.033157
0 0.007250 0.015072 -0.013500 -0.030143
0 0.000500 0.000377 0.000000 -0.000754
0 0.006250 0.010550 -0.011500 -0.021100
0 0.007000 0.010550 -0.013000 -0.021100
0 0.008500 0.016579 -0.016000 -0.033157
0 0.007000 0.010927 -0.013000 -0.020347
0 0.007250 0.015072 -0.013500 -0.030143
0 0.005750 0.012434 -0.010500 -0.024868
0 0.005750 0.012434 -0.010500 -0.024868
0 0.007250 0.015072 -0.013500 -0.030143
0 0.007500 0.015072 -0.014000 -0.030143
0 0.007500 0.015072 -0.014000 -0.030143
0 0.007000 0.010550 -0.013000 -0.021100
0 0.007500 0.015072 -0.014000 -0.030143
0 0.007000 0.010550 -0.013000 -0.021100
0 0.007000 0.010550 -0.013000 -0.021100
0 0.007250 0.015072 -0.013500 -0.030143
0 0.000500 0.000377 0.000000 -0.000754
0 0.006000 0.009797 -0.011000 -0.019593
0 0.006250 0.010550 -0.011500 -0.021100
0 0.007500 0.013188 -0.014000 -0.026375
0 0.008500 0.016579 -0.016000 -0.033157
0 0.007500 0.013188 -0.014000 -0.026375
0 0.000500 0.000377 0.000000 -0.000754
0 0.009000 0.017709 -0.017000 -0.035418
0 0.000500 0.000377 0.000000 -0.000754
0 0.008500 0.016579 -0.016000 -0.033157
0 0.008500 0.016579 -0.016000 -0.033157
0 0.007500 0.013188 -0.014000 -0.026375
0 0.005250 0.011680 -0.009500 -0.023361
0 0.006250 0.010550 -0.011500 -0.021100
0 0.007250 0.015072 -0.013500 -0.030143
0 0.007500 0.015072 -0.014000 -0.030143
0 0.008500 0.016579 -0.016000 -0.033157
0 0.006250 0.010550 -0.011500 -0.021100
0 0.006000 0.009797 -0.011000 -0.019593
0 0.006250 0.010550 -0.011500 -0.021100
0 0.006250 0.010550 -0.011500 -0.021100
0 0.005500 0.010550 -0.010000 -0.021100
0 0.005250 0.011680 -0.009500 -0.023361
0 0.008500 0.016579 -0.016000 -0.033157
0 0.007250 0.015072 -0.013500 -0.030143
0 0.007250 0.015072 -0.013500 -0.030143
0 0.006000 0.009797 -0.011000 -0.019593
0 0.005750 0.012434 -0.010500 -0.024868
0 0.005750 0.012434 -0.010500 -0.024868
0 0.007500 0.015072 -0.014000 -0.030143
0 0.005750 0.012434 -0.010500 -0.024868
0 0.005750 0.012434 -0.010500 -0.024868
0 0.005750 0.012434 -0.010500 -0.024868
0 0.000500 0.000377 0.000000 -0.000754
0 0.005250 0.011680 -0.009500 -0.023361
0 0.008500 0.016579 -0.016000 -0.033157
0 0.007500 0.015072 -0.014000 -0.030143
0 0.007000 0.010550 -0.013000 -0.021100
0 0.006000 0.009797 -0.011000 -0.019593
0 0.008500 0.016579 -0.016000 -0.033157
0 0.008500 0.016579 -0.016000 -0.033157
0 0.006000 0.009797 -0.011000 -0.019593
0 0.008250 0.015825 -0.015500 -0.031650
0 0.008250 0.015825 -0.015500 -0.031650
0 0.005750 0.012434 -0.010500 -0.024868
0 0.007000 0.010550 -0.013000 -0.021100
0 0.007500 0.013188 -0.014000 -0.026375
0 0.007000 0.010550 -0.013000 -0.021100
0 0.000500 0.000377 0.000000 -0.000754
0 0.007250 0.015072 -0.013500 -0.030143
0 0.000500 0.000377 0.000000 -0.000754
0 0.006750 0.012811 -0.012500 -0.025622
0 0.009000 0.017709 -0.017000 -0.035418
0 0.008250 0.015825 -0.015500 -0.031650
0 0.008250 0.015825 -0.015500 -0.031650
0 0.007000 0.010550 -0.013000 -0.021100
0 0.006000 0.009797 -0.011000 -0.019593
0 0.008500 0.016579 -0.016000 -0.033157
0 0.006250 0.010550 -0.011500 -0.021100
0 0.006500 0.012057 -0.012000 -0.024115
0 0.007500 0.015072 -0.014000 -0.030143
0 0.007250 0.015072 -0.013500 -0.030143
0 0.008500 0.016579 -0.016000 -0.033157
0 0.005750 0.012057 -0.010500 -0.024115
0 0.005750 0.012434 -0.010500 -0.024868
0 0.005250 0.011680 -0.009500 -0.023361
0 0.007250 0.015072 -0.013500 -0.030143
0 0.006500 0.012057 -0.012000 -0.024115
0 0.007500 0.013188 -0.014000 -0.026375
0 0.007500 0.013188 -0.014000 -0.026375
0 0.006250 0.010550 -0.011500 -0.021100
0 0.006250 0.010550 -0.011500 -0.021100
0 0.007250 0.015072 -0.013500 -0.030143
0 0.005750 0.012434 -0.010500 -0.024868
0 0.006250 0.010550 -0.011500 -0.021100
0 0.008500 0.016579 -0.016000 -0.033157
0 0.007500 0.015072 -0.014000 -0.030143
0 0.007500 0.013188 -0.014000 -0.026375
0 0.008250 0.015825 -0.015500 -0.031650
0 0.007500 0.015072 -0.014000 -0.030143
0 0.000500 0.000377 0.000000 -0.000754
0 0.006000 0.009797 -0.011000 -0.019593
0 0.008500 0.016579 -0.016000 -0.033157
0 0.007250 0.015072 -0.013500 -0.030143
0 0.009000 0.017709 -0.017000 -0.035418
0 0.005250 0.011680 -0.009500 -0.023361
0 0.008500 0.016579 -0.016000 -0.033157
0 0.009000 0.017709 -0.017000 -0.035418
0 0.009000 0.017709 -0.017000 -0.035418
0 0.007500 0.015072 -0.014000 -0.030143
0 0.007250 0.015072 -0.013500 -0.030143
0 0.007500 0.013188 -0.014000 -0.026375
0 0.007500 0.013188 -0.014000 -0.026375
0 0.005250 0.011680 -0.009500 -0.023361
0 0.007500 0.015072 -0.014000 -0.030143
0 0.006500 0.012057 -0.012000 -0.024115
0 0.006250 0.010550 -0.011500 -0.021100
0 0.005250 0.011680 -0.009500 -0.023361
0 0.007250 0.015072 -0.013500 -0.030143
0 0.007500 0.013188 -0.014000 -0.026375
0 0.000500 0.000377 0.000000 -0.000754
0 0.005250 0.011680 -0.009500 -0.023361
0 0.005750 0.012434 -0.010500 -0.024868
0 0.006000 0.009797 -0.011000 -0.019593
0 0.007500 0.013188 -0.014000 -0.026375
0 0.007500 0.015072 -0.014000 -0.030143
0 0.000500 0.000377 0.000000 -0.000754
0 0.007500 0.015072 -0.014000 -0.030143
0 0.007500 0.015072 -0.014000 -0.030143
0 0.007250 0.015072 -0.013500 -0.030143
0 0.008500 0.016579 -0.016000 -0.033157
0 0.007000 0.010550 -0.013000 -0.021100
0 0.005750 0.012434 -0.010500 -0.024868
0 0.007500 0.013188 -0.014000 -0.026375
0 0.007250 0.015072 -0.013500 -0.030143
0 0.007000 0.010550 -0.013000 -0.021100
0 0.006000 0.009797 -0.011000 -0.019593
0 0.005250 0.011680 -0.009500 -0.023361
0 0.008250 0.015825 -0.015500 -0.031650
0 0.006250 0.010550 -0.011500 -0.021100
0 0.007500 0.015072 -0.014000 -0.030143
0 0.008500 0.016579 -0.016000 -0.033157
0 0.007500 0.013188 -0.014000 -0.026375
0 0.006250 0.010550 -0.011500 -0.021100
0 0.007500 0.013188 -0.014000 -0.026375
0 0.008500 0.016579 -0.016000 -0.033157
0 0.005250 0.011680 -0.009500 -0.023361
0 0.009000 0.017709 -0.017000 -0.035418
0 0.009000 0.017709 -0.017000 -0.035418
0 0.005250 0.011680 -0.009500 -0.023361
0 0.008500 0.016579 -0.016000 -0.033157
0 0.007250 0.015072 -0.013500 -0.030143
0 0.005750 0.012434 -0.010500 -0.024868
0 0.005750 0.012434 -0.010500 -0.024868
0 0.005750 0.012434 -0.010500 -0.024868
0 0.006000 0.009797 -0.011000 -0.019593
0 0.007250 0.015072 -0.013500 -0.030143
0 0.007500 0.015072 -0.014000 -0.030143
0 0.007250 0.015072 -0.013500 -0.030143
0 0.007500 0.013188 -0.014000 -0.026375
0 0.007000 0.010550 -0.013000 -0.021100
0 0.007500 0.013188 -0.014000 -0.026375
0 0.006250 0.010550 -0.011500 -0.021100
0 0.007250 0.015072 -0.013500 -0.030143
0 0.006250 0.010550 -0.011500 -0.021100
0 0.005250 0.011680 -0.009500 -0.023361
0 0.006000 0.009797 -0.011000 -0.019593
0 0.005750 0.012434 -0.010500 -0.024868
0 0.000500 0.000377 0.000000 -0.000754
0 0.007500 0.013188 -0.014000 -0.026375
0 0.009000 0.017709 -0.017000 -0.035418
0 0.005250 0.011680 -0.009500 -0.023361
0 0.008500 0.016579 -0.016000 -0.033157
0 0.003250 0.005275 -0.005500 -0.010550
0 0.007500 0.015072 -0.014000 -0.030143
0 0.005250 0.011680 -0.009500 -0.023361
0 0.006250 0.010550 -0.011500 -0.021100
0 0.006000 0.010173 -0.011000 -0.018839
0 0.008500 0.016579 -0.016000 -0.033157
0 0.006000 0.009797 -0.011000 -0.019593
0 0.008500 0.016579 -0.016000 -0.033157
0 0.007000 0.010550 -0.013000 -0.021100
0 0.007250 0.015072 -0.013500 -0.030143
0 0.007500 0.013188 -0.014000 -0.026375
0 0.005750 0.012434 -0.010500 -0.024868
0 0.008500 0.016579 -0.016000 -0.033157
0 0.007500 0.013188 -0.014000 -0.026375
0 0.007500 0.013188 -0.014000 -0.026375
0 0.007500 0.013188 -0.014000 -0.026375
0 0.007500 0.015072 -0.014000 -0.030143
0 0.008500 0.016579 -0.016000 -0.033157
0 0.007000 0.010927 -0.013000 -0.020347
0 0.009000 0.017709 -0.017000 -0.035418
0 0.006000 0.009797 -0.011000 -0.019593
0 0.000500 0.000377 0.000000 -0.000754
0 0.000500 0.000377 0.000000 -0.000754
0 0.005750 0.012434 -0.010500 -0.024868
0 0.006000 0.009797 -0.011000 -0.019593
0 0.007500 0.013188 -0.014000 -0.026375
0 0.005750 0.012434 -0.010500 -0.024868
0 0.000500 0.000377 0.000000 -0.000754
0 0.006000 0.009797 -0.011000 -0.019593
0 0.007250 0.015072 -0.013500 -0.030143
0 0.007000 0.010927 -0.013000 -0.020347
0 0.005250 0.011680 -0.009500 -0.023361
0 0.008250 0.015825 -0.015500 -0.031650
0 0.009000 0.017709 -0.017000 -0.035418
0 0.000500 0.000377 0.000000 -0.000754
0 0.007000 0.010550 -0.013000 -0.021100
0 0.007500 0.013188 -0.014000 -0.026375
0 0.005750 0.012434 -0.010500 -0.024868
0 0.007000 0.010550 -0.013000 -0.021100
0 0.007000 0.010550 -0.013000 -0.021100
0 0.000500 0.000377 0.000000 -0.000754
0 0.005250 0.011680 -0.009500 -0.023361
0 0.005750 0.012434 -0.010500 -0.024868
0 0.008250 0.016202 -0.015500 -0.032404
0 0.005250 0.011680 -0.009500 -0.023361
0 0.006750 0.013941 -0.012500 -0.027882
0 0.005250 0.011680 -0.009500 -0.023361
0 0.005250 0.011680 -0.009500 -0.023361