0 0.023469 0.050725 -0.044898 -0.101449
0 0.006122 0.009964 -0.010204 -0.019928
0 0.008673 0.015399 -0.015306 -0.030797
0 0.008673 0.014493 -0.015306 -0.028986
0 0.018367 0.038949 -0.034694 -0.077899
0 0.010204 0.023551 -0.018367 -0.047101
0 0.008673 0.015399 -0.015306 -0.030797
0 0.005612 0.005435 -0.009184 -0.010870
0 0.017347 0.024457 -0.032653 -0.048913
0 0.003061 0.004529 -0.004082 -0.009058
0 0.015816 0.038949 -0.029592 -0.077899
0 0.013776 0.041667 -0.025510 -0.083333
0 0.013776 0.024457 -0.025510 -0.048913
0 0.025510 0.076993 -0.048980 -0.153986
0 0.005612 0.005435 -0.009184 -0.010870
0 0.017857 0.045290 -0.033673 -0.090580
0 0.014286 0.027174 -0.026531 -0.054348
0 0.009184 0.013587 -0.016327 -0.027174
0 0.005612 0.005435 -0.009184 -0.010870
0 0.028571 0.049819 -0.055102 -0.099638
0 0.006122 0.009964 -0.010204 -0.019928
0 0.010714 0.030797 -0.019388 -0.061594
0 0.017347 0.030797 -0.032653 -0.061594
0 0.009184 0.013587 -0.016327 -0.027174
0 0.017857 0.045290 -0.033673 -0.090580
0 0.004082 0.007246 -0.006122 -0.014493
0 0.009184 0.013587 -0.016327 -0.027174
0 0.004082 0.007246 -0.006122 -0.014493
0 0.033163 0.057971 -0.064286 -0.115942
0 0.007653 0.015399 -0.013265 -0.030797
0 0.006122 0.009964 -0.010204 -0.019928
0 0.021939 0.049819 -0.041837 -0.099638
0 0.005612 0.005435 -0.009184 -0.010870
0 0.038265 0.067935 -0.074490 -0.135870
0 0.007143 0.017210 -0.012245 -0.034420
0 0.030102 0.081522 -0.058163 -0.163043
0 0.010714 0.026268 -0.019388 -0.052536
0 0.014796 0.028080 -0.027551 -0.056159
0 0.015816 0.038949 -0.029592 -0.077899
0 0.023980 0.048913 -0.045918 -0.097826