0 0.022083 0.036875 -0.042500 -0.073750
0 0.022083 0.036875 -0.042500 -0.073750
0 0.022083 0.036875 -0.042500 -0.073750
0 0.022083 0.036875 -0.042500 -0.073750
0 0.022083 0.036875 -0.042500 -0.073750
0 0.022083 0.036875 -0.042500 -0.073750
0 0.022083 0.036875 -0.042500 -0.073750
0 0.022083 0.036875 -0.042500 -0.073750
0 0.022083 0.036875 -0.042500 -0.073750
0 0.022083 0.036875 -0.042500 -0.073750
0 0.022083 0.036875 -0.042500 -0.073750
0 0.022083 0.036875 -0.042500 -0.073750
0 0.022083 0.036875 -0.042500 -0.073750
0 0.022083 0.036875 -0.042500 -0.073750
0 0.022083 0.036875 -0.042500 -0.073750
0 0.022083 0.036875 -0.042500 -0.073750
0 0.022083 0.036875 -0.042500 -0.073750
0 0.022083 0.036875 -0.042500 -0.073750
0 0.022083 0.036875 -0.042500 -0.073750
0 0.022083 0.036875 -0.042500 -0.073750
0 0.017917 0.025625 -0.034167 -0.051250
0 0.022083 0.036875 -0.042500 -0.073750
0 0.022083 0.036875 -0.042500 -0.073750
0 0.022083 0.036875 -0.042500 -0.073750
0 0.022083 0.036875 -0.042500 -0.073750
0 0.022083 0.036875 -0.042500 -0.073750
0 0.022083 0.036875 -0.042500 -0.073750
0 0.022083 0.036875 -0.042500 -0.073750
0 0.022083 0.036875 -0.042500 -0.073750
0 0.022083 0.036875 -0.042500 -0.073750
0 0.022083 0.036875 -0.042500 -0.073750
0 0.022083 0.036875 -0.042500 -0.073750
0 0.022083 0.036875 -0.042500 -0.073750
0 0.022083 0.036875 -0.042500 -0.073750
0 0.022083 0.036875 -0.042500 -0.073750
0 0.022083 0.036875 -0.042500 -0.073750
0 0.022083 0.036875 -0.042500 -0.073750
0 0.022083 0.036875 -0.042500 -0.073750
0 0.022083 0.036875 -0.042500 -0.073750
0 0.022083 0.036875 -0.042500 -0.073750
0 0.022083 0.036875 -0.042500 -0.073750
0 0.022083 0.036875 -0.042500 -0.073750
0 0.022083 0.036875 -0.042500 -0.073750
0 0.022083 0.036875 -0.042500 -0.073750
0 0.022083 0.036875 -0.042500 -0.073750