0 0.009545 0.018493 -0.017273 -0.036986
0 0.028182 0.049315 -0.054545 -0.098630
0 0.009545 0.018493 -0.017273 -0.036986
0 0.028182 0.049315 -0.054545 -0.098630
0 0.028182 0.049315 -0.054545 -0.098630
0 0.028182 0.049315 -0.054545 -0.098630
0 0.028182 0.049315 -0.054545 -0.098630
0 0.010455 0.018493 -0.015455 -0.036986
0 0.028182 0.049315 -0.054545 -0.098630
0 0.010455 0.018493 -0.015455 -0.036986
0 0.028182 0.049315 -0.054545 -0.098630
0 0.009545 0.018493 -0.017273 -0.036986
0 0.028182 0.049315 -0.054545 -0.098630
0 0.028182 0.049315 -0.054545 -0.098630
0 0.010455 0.018493 -0.015455 -0.036986
0 0.028182 0.049315 -0.054545 -0.098630
0 0.014545 0.022603 -0.027273 -0.045205
0 0.010455 0.018493 -0.015455 -0.036986
0 0.010455 0.018493 -0.015455 -0.036986
0 0.028182 0.049315 -0.054545 -0.098630
0 0.009545 0.018493 -0.017273 -0.036986
0 0.028182 0.049315 -0.054545 -0.098630