0 0.031206 0.047872 -0.059574 -0.095745
0 0.041844 0.090426 -0.080851 -0.180851
0 0.026950 0.048936 -0.051064 -0.097872
0 0.038298 0.081915 -0.073759 -0.163830
0 0.038298 0.081915 -0.073759 -0.163830
0 0.038298 0.081915 -0.073759 -0.163830
0 0.026950 0.048936 -0.051064 -0.097872
0 0.041844 0.090426 -0.080851 -0.180851
0 0.075177 0.108511 -0.147518 -0.217021
0 0.043972 0.074468 -0.085106 -0.148936
0 0.017021 0.039362 -0.031206 -0.078723
0 0.021277 0.039362 -0.039716 -0.078723
0 0.038298 0.081915 -0.073759 -0.163830
0 0.021277 0.039362 -0.039716 -0.078723
0 0.033333 0.078723 -0.063830 -0.157447
0 0.026950 0.048936 -0.051064 -0.097872
0 0.021277 0.039362 -0.039716 -0.078723
0 0.038298 0.081915 -0.073759 -0.163830
0 0.017021 0.039362 -0.031206 -0.078723
0 0.009220 0.017021 -0.015603 -0.034043
0 0.026950 0.057447 -0.051064 -0.114894