0 0.018000 0.033932 -0.033333 -0.067864
0 0.010000 0.016966 -0.017333 -0.033932
0 0.015333 0.027944 -0.028000 -0.055888
0 0.031333 0.053892 -0.060000 -0.107784
0 0.009333 0.018962 -0.016000 -0.037924
0 0.015333 0.023952 -0.028000 -0.047904
0 0.030667 0.070858 -0.058667 -0.141717
0 0.036000 0.062874 -0.069333 -0.125749
0 0.015333 0.027944 -0.028000 -0.055888
0 0.014000 0.021956 -0.025333 -0.043912
0 0.012000 0.025948 -0.021333 -0.051896
0 0.031333 0.053892 -0.060000 -0.107784
0 0.030667 0.070858 -0.058667 -0.141717
0 0.015333 0.023952 -0.028000 -0.047904
0 0.018667 0.033932 -0.034667 -0.067864
0 0.015333 0.027944 -0.028000 -0.055888
0 0.012000 0.025948 -0.021333 -0.051896
0 0.026667 0.049900 -0.050667 -0.099800
0 0.031333 0.053892 -0.060000 -0.107784
0 0.031333 0.053892 -0.060000 -0.107784
0 0.014000 0.021956 -0.025333 -0.043912
0 0.047333 0.076846 -0.092000 -0.153693
0 0.024667 0.053892 -0.046667 -0.107784
0 0.018667 0.033932 -0.034667 -0.067864
0 0.014000 0.021956 -0.025333 -0.043912
0 0.018667 0.036926 -0.034667 -0.073852
0 0.010000 0.016966 -0.017333 -0.033932
0 0.025333 0.034930 -0.048000 -0.069860
0 0.017333 0.038922 -0.032000 -0.077844
0 0.014667 0.029940 -0.026667 -0.059880
0 0.010667 0.021956 -0.018667 -0.043912
0 0.036000 0.062874 -0.069333 -0.125749
0 0.036000 0.062874 -0.069333 -0.125749
0 0.018000 0.033932 -0.033333 -0.067864
0 0.025333 0.034930 -0.048000 -0.069860
0 0.014667 0.027944 -0.026667 -0.055888
0 0.015333 0.023952 -0.028000 -0.047904
0 0.025333 0.034930 -0.048000 -0.069860
0 0.031333 0.053892 -0.060000 -0.107784
0 0.018667 0.036926 -0.034667 -0.073852
0 0.012000 0.025948 -0.021333 -0.051896
0 0.014000 0.021956 -0.025333 -0.043912
0 0.015333 0.023952 -0.028000 -0.047904
0 0.014667 0.029940 -0.026667 -0.059880
0 0.014667 0.027944 -0.026667 -0.055888
0 0.017333 0.038922 -0.032000 -0.077844
0 0.014000 0.021956 -0.025333 -0.043912
0 0.015333 0.027944 -0.028000 -0.055888
0 0.018000 0.033932 -0.033333 -0.067864
0 0.031333 0.053892 -0.060000 -0.107784
0 0.015333 0.023952 -0.028000 -0.047904
0 0.010667 0.021956 -0.018667 -0.043912
0 0.012000 0.025948 -0.021333 -0.051896
0 0.030667 0.070858 -0.058667 -0.141717
0 0.019333 0.039920 -0.036000 -0.079840
0 0.015333 0.027944 -0.028000 -0.055888