0 0.012500 0.021127 -0.022917 -0.042254
0 0.012500 0.021127 -0.022917 -0.042254
0 0.010937 0.016432 -0.019792 -0.032864
0 0.009896 0.012520 -0.017708 -0.025039
0 0.012500 0.021127 -0.022917 -0.042254
0 0.012500 0.021127 -0.022917 -0.042254
0 0.012500 0.021127 -0.022917 -0.042254
0 0.012500 0.021127 -0.022917 -0.042254
0 0.012500 0.021127 -0.022917 -0.042254
0 0.010937 0.016432 -0.019792 -0.032864
0 0.009896 0.012520 -0.017708 -0.025039
0 0.010937 0.016432 -0.019792 -0.032864
0 0.008854 0.014867 -0.015625 -0.029734
0 0.011458 0.016432 -0.018750 -0.032864
0 0.012500 0.021127 -0.022917 -0.042254
0 0.008854 0.015649 -0.015625 -0.031299
0 0.009896 0.012520 -0.017708 -0.025039
0 0.009896 0.012520 -0.017708 -0.025039
0 0.010937 0.017214 -0.019792 -0.034429
0 0.010937 0.016432 -0.019792 -0.032864
0 0.009896 0.012520 -0.017708 -0.025039
0 0.012500 0.021127 -0.022917 -0.042254
0 0.012500 0.021127 -0.022917 -0.042254
0 0.010937 0.016432 -0.019792 -0.032864
0 0.012500 0.021127 -0.022917 -0.042254
0 0.010937 0.016432 -0.019792 -0.032864
0 0.012500 0.021127 -0.022917 -0.042254
0 0.010937 0.016432 -0.019792 -0.032864
0 0.012500 0.021127 -0.022917 -0.042254
0 0.010937 0.016432 -0.019792 -0.032864
0 0.012500 0.021127 -0.022917 -0.042254
0 0.012500 0.021127 -0.022917 -0.042254
0 0.012500 0.021127 -0.022917 -0.042254
0 0.012500 0.021127 -0.022917 -0.042254
0 0.009896 0.012520 -0.017708 -0.025039
0 0.011458 0.016432 -0.018750 -0.032864
0 0.012500 0.019562 -0.020833 -0.039124
0 0.012500 0.021127 -0.022917 -0.042254
0 0.012500 0.021127 -0.022917 -0.042254
0 0.008854 0.015649 -0.015625 -0.031299
0 0.010937 0.016432 -0.019792 -0.032864
0 0.010937 0.016432 -0.019792 -0.032864
0 0.012500 0.021127 -0.022917 -0.042254
0 0.008854 0.015649 -0.015625 -0.031299
0 0.009896 0.012520 -0.017708 -0.025039
0 0.012500 0.021127 -0.022917 -0.042254
0 0.009896 0.012520 -0.017708 -0.025039
0 0.009896 0.012520 -0.017708 -0.025039
0 0.009896 0.012520 -0.017708 -0.025039
0 0.012500 0.021127 -0.022917 -0.042254
0 0.012500 0.021127 -0.022917 -0.042254
0 0.010937 0.016432 -0.019792 -0.032864
0 0.009896 0.012520 -0.017708 -0.025039
0 0.012500 0.021127 -0.022917 -0.042254
0 0.012500 0.021127 -0.022917 -0.042254
0 0.009896 0.012520 -0.017708 -0.025039
0 0.009896 0.012520 -0.017708 -0.025039
0 0.012500 0.021127 -0.022917 -0.042254
0 0.012500 0.021127 -0.022917 -0.042254
0 0.009896 0.012520 -0.017708 -0.025039
0 0.009896 0.012520 -0.017708 -0.025039
0 0.012500 0.021127 -0.022917 -0.042254
0 0.012500 0.021127 -0.022917 -0.042254
0 0.010937 0.016432 -0.019792 -0.032864
0 0.009896 0.012520 -0.017708 -0.025039
0 0.010417 0.014867 -0.018750 -0.029734
0 0.012500 0.021127 -0.022917 -0.042254
0 0.010937 0.016432 -0.019792 -0.032864
0 0.010937 0.016432 -0.019792 -0.032864
0 0.010937 0.016432 -0.019792 -0.032864
0 0.009896 0.012520 -0.017708 -0.025039
0 0.012500 0.021127 -0.022917 -0.042254
0 0.008854 0.015649 -0.015625 -0.031299
0 0.008854 0.015649 -0.015625 -0.031299
0 0.009896 0.012520 -0.017708 -0.025039
0 0.009896 0.013302 -0.017708 -0.026604
0 0.012500 0.021127 -0.022917 -0.042254
0 0.012500 0.021127 -0.022917 -0.042254
0 0.008854 0.015649 -0.015625 -0.031299
0 0.009896 0.012520 -0.017708 -0.025039
0 0.008854 0.015649 -0.015625 -0.031299
0 0.010937 0.016432 -0.019792 -0.032864
0 0.012500 0.021127 -0.022917 -0.042254
0 0.010937 0.016432 -0.019792 -0.032864
0 0.010937 0.016432 -0.019792 -0.032864
0 0.012500 0.021127 -0.022917 -0.042254
0 0.011458 0.016432 -0.018750 -0.032864
0 0.012500 0.021127 -0.022917 -0.042254
0 0.009896 0.012520 -0.017708 -0.025039
0 0.009896 0.012520 -0.017708 -0.025039
0 0.012500 0.021127 -0.022917 -0.042254
0 0.010937 0.016432 -0.019792 -0.032864
0 0.009896 0.012520 -0.017708 -0.025039
0 0.008854 0.015649 -0.015625 -0.031299
0 0.011458 0.016432 -0.018750 -0.032864
0 0.009375 0.014085 -0.016667 -0.028169
0 0.012500 0.021127 -0.022917 -0.042254
0 0.009896 0.012520 -0.017708 -0.025039
0 0.009896 0.012520 -0.017708 -0.025039
0 0.009896 0.012520 -0.017708 -0.025039
0 0.008854 0.015649 -0.015625 -0.031299
0 0.010937 0.016432 -0.019792 -0.032864
0 0.012500 0.021127 -0.022917 -0.042254
0 0.012500 0.021127 -0.022917 -0.042254
0 0.008854 0.015649 -0.015625 -0.031299
0 0.010937 0.016432 -0.019792 -0.032864
0 0.010417 0.014867 -0.018750 -0.029734
0 0.008854 0.015649 -0.015625 -0.031299
0 0.010937 0.016432 -0.019792 -0.032864
0 0.009896 0.012520 -0.017708 -0.025039
0 0.010937 0.016432 -0.019792 -0.032864
0 0.009896 0.012520 -0.017708 -0.025039
0 0.012500 0.021127 -0.022917 -0.042254
0 0.010937 0.016432 -0.019792 -0.032864
0 0.012500 0.021127 -0.022917 -0.042254
0 0.012500 0.021127 -0.022917 -0.042254
0 0.009896 0.012520 -0.017708 -0.025039
0 0.010937 0.016432 -0.019792 -0.032864
0 0.008854 0.015649 -0.015625 -0.031299
0 0.009896 0.012520 -0.017708 -0.025039
0 0.010937 0.016432 -0.019792 -0.032864
0 0.012500 0.021127 -0.022917 -0.042254
0 0.010937 0.016432 -0.019792 -0.032864
0 0.012500 0.021127 -0.022917 -0.042254
0 0.012500 0.021127 -0.022917 -0.042254
0 0.012500 0.021127 -0.022917 -0.042254
0 0.012500 0.021127 -0.022917 -0.042254
0 0.012500 0.021127 -0.022917 -0.042254
0 0.012500 0.021127 -0.022917 -0.042254
0 0.008854 0.015649 -0.015625 -0.031299
0 0.010937 0.016432 -0.019792 -0.032864
0 0.012500 0.021127 -0.022917 -0.042254
0 0.012500 0.021127 -0.022917 -0.042254
0 0.011458 0.016432 -0.018750 -0.032864
0 0.012500 0.021127 -0.022917 -0.042254
0 0.012500 0.021127 -0.022917 -0.042254
0 0.010937 0.016432 -0.019792 -0.032864
0 0.009896 0.012520 -0.017708 -0.025039
0 0.010937 0.016432 -0.019792 -0.032864
0 0.009896 0.012520 -0.017708 -0.025039
0 0.012500 0.021127 -0.022917 -0.042254
0 0.008854 0.015649 -0.015625 -0.031299
0 0.012500 0.021127 -0.022917 -0.042254
0 0.012500 0.021127 -0.022917 -0.042254
0 0.010937 0.016432 -0.019792 -0.032864
0 0.012500 0.021127 -0.022917 -0.042254
0 0.012500 0.021127 -0.022917 -0.042254
0 0.009896 0.012520 -0.017708 -0.025039
0 0.009896 0.012520 -0.017708 -0.025039
0 0.010937 0.016432 -0.019792 -0.032864
0 0.010937 0.016432 -0.019792 -0.032864
0 0.010937 0.016432 -0.019792 -0.032864
0 0.010937 0.016432 -0.019792 -0.032864
0 0.012500 0.021127 -0.022917 -0.042254
0 0.012500 0.021127 -0.022917 -0.042254
0 0.009375 0.013302 -0.016667 -0.026604
0 0.011458 0.018779 -0.020833 -0.037559
0 0.008854 0.015649 -0.015625 -0.031299
0 0.008854 0.015649 -0.015625 -0.031299
0 0.012500 0.021127 -0.022917 -0.042254
0 0.008854 0.015649 -0.015625 -0.031299
0 0.010937 0.017214 -0.019792 -0.034429
0 0.009375 0.014085 -0.016667 -0.028169
0 0.012500 0.021127 -0.022917 -0.042254
0 0.009896 0.012520 -0.017708 -0.025039
0 0.010937 0.016432 -0.019792 -0.032864
0 0.009896 0.012520 -0.017708 -0.025039
0 0.009896 0.012520 -0.017708 -0.025039
0 0.008854 0.015649 -0.015625 -0.031299
0 0.012500 0.021127 -0.022917 -0.042254
0 0.012500 0.021127 -0.022917 -0.042254
0 0.012500 0.021127 -0.022917 -0.042254
0 0.010937 0.016432 -0.019792 -0.032864
0 0.010937 0.016432 -0.019792 -0.032864
0 0.010937 0.016432 -0.019792 -0.032864
0 0.009896 0.012520 -0.017708 -0.025039
0 0.010937 0.016432 -0.019792 -0.032864
0 0.012500 0.021127 -0.022917 -0.042254
0 0.010937 0.016432 -0.019792 -0.032864
0 0.010937 0.016432 -0.019792 -0.032864
0 0.008854 0.015649 -0.015625 -0.031299
0 0.009896 0.012520 -0.017708 -0.025039
0 0.010937 0.016432 -0.019792 -0.032864
0 0.012500 0.021127 -0.022917 -0.042254
0 0.009896 0.012520 -0.017708 -0.025039
0 0.012500 0.021127 -0.022917 -0.042254
0 0.010937 0.016432 -0.019792 -0.032864
0 0.009896 0.012520 -0.017708 -0.025039
0 0.012500 0.021127 -0.022917 -0.042254
0 0.012500 0.021127 -0.022917 -0.042254
0 0.010937 0.016432 -0.019792 -0.032864
0 0.012500 0.021127 -0.022917 -0.042254
0 0.010937 0.016432 -0.019792 -0.032864
0 0.008854 0.015649 -0.015625 -0.031299
0 0.012500 0.021127 -0.022917 -0.042254
0 0.012500 0.021127 -0.022917 -0.042254
0 0.008854 0.015649 -0.015625 -0.031299
0 0.011458 0.016432 -0.018750 -0.032864
0 0.008854 0.015649 -0.015625 -0.031299
0 0.009896 0.012520 -0.017708 -0.025039
0 0.008854 0.015649 -0.015625 -0.031299
0 0.012500 0.021127 -0.022917 -0.042254
0 0.012500 0.021127 -0.022917 -0.042254
0 0.012500 0.021127 -0.022917 -0.042254
0 0.009896 0.012520 -0.017708 -0.025039
0 0.010937 0.016432 -0.019792 -0.032864
0 0.012500 0.021127 -0.022917 -0.042254
0 0.010937 0.016432 -0.019792 -0.032864
0 0.012500 0.021127 -0.022917 -0.042254
0 0.008854 0.015649 -0.015625 -0.031299
0 0.012500 0.021127 -0.022917 -0.042254
0 0.012500 0.021127 -0.022917 -0.042254
0 0.010937 0.016432 -0.019792 -0.032864
0 0.012500 0.021127 -0.022917 -0.042254
0 0.012500 0.021127 -0.022917 -0.042254
0 0.010937 0.016432 -0.019792 -0.032864
0 0.010937 0.016432 -0.019792 -0.032864
0 0.009896 0.012520 -0.017708 -0.025039
0 0.012500 0.021127 -0.022917 -0.042254
0 0.011458 0.016432 -0.018750 -0.032864
0 0.012500 0.021127 -0.022917 -0.042254
0 0.010937 0.016432 -0.019792 -0.032864
0 0.012500 0.021127 -0.022917 -0.042254
0 0.009896 0.012520 -0.017708 -0.025039
0 0.010937 0.016432 -0.019792 -0.032864
0 0.012500 0.021127 -0.022917 -0.042254
0 0.010937 0.016432 -0.019792 -0.032864
0 0.009896 0.012520 -0.017708 -0.025039
0 0.012500 0.021127 -0.022917 -0.042254
0 0.012500 0.021127 -0.022917 -0.042254
0 0.009896 0.012520 -0.017708 -0.025039
0 0.012500 0.021127 -0.022917 -0.042254
0 0.008854 0.015649 -0.015625 -0.031299
0 0.010937 0.017214 -0.019792 -0.034429
0 0.012500 0.021127 -0.022917 -0.042254
0 0.012500 0.021127 -0.022917 -0.042254
0 0.010937 0.016432 -0.019792 -0.032864
0 0.009896 0.012520 -0.017708 -0.025039
0 0.009896 0.012520 -0.017708 -0.025039
0 0.010937 0.016432 -0.019792 -0.032864
0 0.008854 0.015649 -0.015625 -0.031299
0 0.009896 0.012520 -0.017708 -0.025039
0 0.012500 0.021127 -0.022917 -0.042254
0 0.012500 0.021127 -0.022917 -0.042254
0 0.010937 0.016432 -0.019792 -0.032864
0 0.012500 0.021127 -0.022917 -0.042254
0 0.012500 0.021127 -0.022917 -0.042254
0 0.012500 0.021127 -0.022917 -0.042254
0 0.008854 0.015649 -0.015625 -0.031299
0 0.008854 0.015649 -0.015625 -0.031299
0 0.009896 0.012520 -0.017708 -0.025039
0 0.012500 0.021127 -0.022917 -0.042254
0 0.010937 0.016432 -0.019792 -0.032864
0 0.010937 0.016432 -0.019792 -0.032864
0 0.012500 0.021127 -0.022917 -0.042254
0 0.008854 0.015649 -0.015625 -0.031299
0 0.010937 0.016432 -0.019792 -0.032864
0 0.012500 0.021127 -0.022917 -0.042254
0 0.012500 0.021127 -0.022917 -0.042254
0 0.012500 0.021127 -0.022917 -0.042254
0 0.009896 0.012520 -0.017708 -0.025039
0 0.008854 0.015649 -0.015625 -0.031299
0 0.012500 0.021127 -0.022917 -0.042254
0 0.009896 0.012520 -0.017708 -0.025039
0 0.010937 0.016432 -0.019792 -0.032864
0 0.009896 0.012520 -0.017708 -0.025039
0 0.009896 0.012520 -0.017708 -0.025039
0 0.009896 0.012520 -0.017708 -0.025039
0 0.009375 0.013302 -0.016667 -0.026604
0 0.009896 0.012520 -0.017708 -0.025039
0 0.012500 0.021127 -0.022917 -0.042254
0 0.010937 0.016432 -0.019792 -0.032864
0 0.010937 0.016432 -0.019792 -0.032864
0 0.009896 0.012520 -0.017708 -0.025039
0 0.012500 0.021127 -0.022917 -0.042254
0 0.012500 0.021127 -0.022917 -0.042254
0 0.008854 0.015649 -0.015625 -0.031299
0 0.009896 0.012520 -0.017708 -0.025039
0 0.008854 0.015649 -0.015625 -0.031299
0 0.010937 0.016432 -0.019792 -0.032864
0 0.010937 0.016432 -0.019792 -0.032864
0 0.012500 0.021127 -0.022917 -0.042254
0 0.012500 0.021127 -0.022917 -0.042254
0 0.012500 0.021127 -0.022917 -0.042254
0 0.009896 0.012520 -0.017708 -0.025039
0 0.010937 0.016432 -0.019792 -0.032864
0 0.010937 0.016432 -0.019792 -0.032864
0 0.010937 0.017214 -0.019792 -0.034429
0 0.010937 0.016432 -0.019792 -0.032864
0 0.012500 0.021127 -0.022917 -0.042254
0 0.012500 0.021127 -0.022917 -0.042254
0 0.012500 0.021127 -0.022917 -0.042254