0 0.006000 0.013321 -0.009333 -0.026643
0 0.004667 0.010657 -0.006667 -0.021314
0 0.008667 0.015986 -0.014667 -0.031972
0 0.006000 0.013321 -0.009333 -0.026643
0 0.006000 0.013321 -0.009333 -0.026643
0 0.018667 0.032860 -0.034667 -0.065719
0 0.004667 0.010657 -0.006667 -0.021314
0 0.046000 0.073712 -0.089333 -0.147425
0 0.008667 0.011545 -0.014667 -0.023091
0 0.010000 0.013321 -0.017333 -0.026643
0 0.008667 0.015986 -0.014667 -0.031972
0 0.018667 0.032860 -0.034667 -0.065719
0 0.008667 0.011545 -0.014667 -0.023091
0 0.028667 0.045293 -0.052000 -0.090586
0 0.008667 0.015986 -0.014667 -0.031972
0 0.018667 0.032860 -0.034667 -0.065719
0 0.008667 0.015986 -0.014667 -0.031972
0 0.004667 0.010657 -0.006667 -0.021314
0 0.019333 0.045293 -0.036000 -0.090586
0 0.019333 0.032860 -0.033333 -0.065719
0 0.004667 0.010657 -0.006667 -0.021314
0 0.014000 0.023091 -0.025333 -0.046181
0 0.012000 0.019538 -0.021333 -0.039076
0 0.010000 0.019538 -0.017333 -0.039076
0 0.006000 0.013321 -0.009333 -0.026643
0 0.014000 0.028419 -0.025333 -0.056838
0 0.004667 0.010657 -0.006667 -0.021314
0 0.004667 0.010657 -0.006667 -0.021314
0 0.006667 0.015986 -0.010667 -0.031972
0 0.008667 0.015986 -0.014667 -0.031972
0 0.008667 0.011545 -0.014667 -0.023091
0 0.018667 0.032860 -0.034667 -0.065719
0 0.008667 0.011545 -0.014667 -0.023091
0 0.004667 0.010657 -0.006667 -0.021314
0 0.006000 0.013321 -0.009333 -0.026643
0 0.006000 0.013321 -0.009333 -0.026643
0 0.010000 0.019538 -0.017333 -0.039076
0 0.010000 0.019538 -0.017333 -0.039076
0 0.010667 0.019538 -0.016000 -0.039076
0 0.004667 0.010657 -0.006667 -0.021314
0 0.006000 0.013321 -0.009333 -0.026643
0 0.010000 0.019538 -0.017333 -0.039076
0 0.028000 0.045293 -0.053333 -0.090586
0 0.004667 0.010657 -0.006667 -0.021314
0 0.010000 0.019538 -0.017333 -0.039076
0 0.004667 0.010657 -0.006667 -0.021314
0 0.006000 0.013321 -0.009333 -0.026643
0 0.046000 0.073712 -0.089333 -0.147425
0 0.008667 0.015986 -0.014667 -0.031972
0 0.008667 0.015986 -0.014667 -0.031972
0 0.008667 0.015986 -0.014667 -0.031972
0 0.004000 0.008881 -0.005333 -0.017762
0 0.006000 0.013321 -0.009333 -0.026643
0 0.010667 0.019538 -0.016000 -0.039076
0 0.004667 0.010657 -0.006667 -0.021314
0 0.028667 0.045293 -0.052000 -0.090586
0 0.004667 0.010657 -0.006667 -0.021314
0 0.006000 0.013321 -0.009333 -0.026643
0 0.010000 0.019538 -0.017333 -0.039076
0 0.010000 0.019538 -0.017333 -0.039076
0 0.028000 0.045293 -0.053333 -0.090586
0 0.006000 0.013321 -0.009333 -0.026643
0 0.004667 0.010657 -0.006667 -0.021314
0 0.010000 0.013321 -0.017333 -0.026643
0 0.008667 0.015986 -0.014667 -0.031972
0 0.006000 0.013321 -0.009333 -0.026643
0 0.019333 0.045293 -0.036000 -0.090586
0 0.010000 0.019538 -0.017333 -0.039076
0 0.028000 0.045293 -0.053333 -0.090586
0 0.004667 0.010657 -0.006667 -0.021314
0 0.006000 0.013321 -0.009333 -0.026643
0 0.004667 0.010657 -0.006667 -0.021314
0 0.010000 0.019538 -0.017333 -0.039076
0 0.008667 0.011545 -0.014667 -0.023091
0 0.006000 0.013321 -0.009333 -0.026643
0 0.018667 0.032860 -0.034667 -0.065719
0 0.010667 0.019538 -0.016000 -0.039076
0 0.006000 0.013321 -0.009333 -0.026643
0 0.004667 0.010657 -0.006667 -0.021314
0 0.004667 0.010657 -0.006667 -0.021314
0 0.010000 0.019538 -0.017333 -0.039076
0 0.008667 0.015986 -0.014667 -0.031972
0 0.028000 0.045293 -0.053333 -0.090586
0 0.010000 0.019538 -0.017333 -0.039076
0 0.010667 0.019538 -0.016000 -0.039076
0 0.026667 0.065719 -0.050667 -0.131439
0 0.004667 0.010657 -0.006667 -0.021314
0 0.021333 0.035524 -0.037333 -0.071048
0 0.018667 0.032860 -0.034667 -0.065719
0 0.004667 0.010657 -0.006667 -0.021314
0 0.008667 0.015986 -0.014667 -0.031972
0 0.008667 0.015986 -0.014667 -0.031972
0 0.018667 0.032860 -0.034667 -0.065719
0 0.008667 0.015986 -0.014667 -0.031972
0 0.012000 0.019538 -0.021333 -0.039076
0 0.008667 0.015986 -0.014667 -0.031972
0 0.004667 0.010657 -0.006667 -0.021314
0 0.046000 0.073712 -0.089333 -0.147425
0 0.010000 0.019538 -0.017333 -0.039076
0 0.004667 0.010657 -0.006667 -0.021314
0 0.006000 0.013321 -0.009333 -0.026643
0 0.006000 0.013321 -0.009333 -0.026643
0 0.006000 0.013321 -0.009333 -0.026643
0 0.004667 0.010657 -0.006667 -0.021314
0 0.008667 0.015986 -0.014667 -0.031972
0 0.008667 0.015986 -0.014667 -0.031972
0 0.008667 0.015986 -0.014667 -0.031972
0 0.008667 0.015986 -0.014667 -0.031972
0 0.008667 0.015986 -0.014667 -0.031972
0 0.028667 0.045293 -0.052000 -0.090586
0 0.004667 0.010657 -0.006667 -0.021314
0 0.008667 0.015986 -0.014667 -0.031972
0 0.018667 0.032860 -0.034667 -0.065719
0 0.018667 0.032860 -0.034667 -0.065719
0 0.010000 0.019538 -0.017333 -0.039076
0 0.012000 0.019538 -0.021333 -0.039076
0 0.004667 0.010657 -0.006667 -0.021314
0 0.018667 0.032860 -0.034667 -0.065719
0 0.006000 0.013321 -0.009333 -0.026643
0 0.046000 0.073712 -0.089333 -0.147425
0 0.008667 0.011545 -0.014667 -0.023091
0 0.008667 0.015986 -0.014667 -0.031972
0 0.004667 0.010657 -0.006667 -0.021314
0 0.028000 0.045293 -0.053333 -0.090586
0 0.010667 0.019538 -0.016000 -0.039076
0 0.026667 0.065719 -0.050667 -0.131439
0 0.008667 0.015986 -0.014667 -0.031972
0 0.010667 0.019538 -0.016000 -0.039076
0 0.004667 0.010657 -0.006667 -0.021314
0 0.010000 0.013321 -0.017333 -0.026643
0 0.006000 0.013321 -0.009333 -0.026643
0 0.006000 0.013321 -0.009333 -0.026643
0 0.006000 0.013321 -0.009333 -0.026643
0 0.008667 0.015986 -0.014667 -0.031972
0 0.004667 0.010657 -0.006667 -0.021314
0 0.012667 0.021314 -0.022667 -0.042629
0 0.010000 0.019538 -0.017333 -0.039076
0 0.004667 0.010657 -0.006667 -0.021314
0 0.004667 0.010657 -0.006667 -0.021314
0 0.009333 0.015986 -0.013333 -0.031972
0 0.008667 0.015986 -0.014667 -0.031972
0 0.008667 0.015986 -0.014667 -0.031972
0 0.004667 0.010657 -0.006667 -0.021314
0 0.010000 0.013321 -0.017333 -0.026643
0 0.012000 0.019538 -0.021333 -0.039076
0 0.008667 0.015986 -0.014667 -0.031972
0 0.010000 0.019538 -0.017333 -0.039076
0 0.009333 0.015986 -0.013333 -0.031972
0 0.006000 0.013321 -0.009333 -0.026643
0 0.018667 0.032860 -0.034667 -0.065719
0 0.004667 0.010657 -0.006667 -0.021314
0 0.011333 0.017762 -0.020000 -0.035524
0 0.006000 0.013321 -0.009333 -0.026643
0 0.012000 0.019538 -0.021333 -0.039076
0 0.012000 0.019538 -0.021333 -0.039076
0 0.012000 0.019538 -0.021333 -0.039076
0 0.008667 0.015986 -0.014667 -0.031972
0 0.008667 0.015986 -0.014667 -0.031972
0 0.018667 0.032860 -0.034667 -0.065719
0 0.004667 0.010657 -0.006667 -0.021314
0 0.004667 0.010657 -0.006667 -0.021314
0 0.010000 0.013321 -0.017333 -0.026643
0 0.004667 0.010657 -0.006667 -0.021314
0 0.008667 0.015986 -0.014667 -0.031972
0 0.023333 0.039076 -0.044000 -0.078153
0 0.012000 0.019538 -0.021333 -0.039076
0 0.004667 0.010657 -0.006667 -0.021314
0 0.004667 0.010657 -0.006667 -0.021314
0 0.006000 0.013321 -0.009333 -0.026643
0 0.009333 0.015986 -0.013333 -0.031972
0 0.004667 0.010657 -0.006667 -0.021314
0 0.006000 0.013321 -0.009333 -0.026643
0 0.012667 0.019538 -0.020000 -0.039076
0 0.004667 0.010657 -0.006667 -0.021314
0 0.006000 0.013321 -0.009333 -0.026643
0 0.006667 0.013321 -0.008000 -0.026643
0 0.004667 0.010657 -0.006667 -0.021314
0 0.008667 0.015986 -0.014667 -0.031972
0 0.018667 0.032860 -0.034667 -0.065719
0 0.010667 0.019538 -0.016000 -0.039076
0 0.018667 0.032860 -0.034667 -0.065719
0 0.004667 0.010657 -0.006667 -0.021314
0 0.008667 0.015986 -0.014667 -0.031972
0 0.018667 0.032860 -0.034667 -0.065719
0 0.008667 0.015986 -0.014667 -0.031972
0 0.008667 0.015986 -0.014667 -0.031972
0 0.018667 0.032860 -0.034667 -0.065719
0 0.046000 0.073712 -0.089333 -0.147425
0 0.004667 0.010657 -0.006667 -0.021314
0 0.004667 0.010657 -0.006667 -0.021314
0 0.018667 0.032860 -0.034667 -0.065719
0 0.010000 0.019538 -0.017333 -0.039076
0 0.012000 0.019538 -0.021333 -0.039076
0 0.010000 0.019538 -0.017333 -0.039076
0 0.010000 0.019538 -0.017333 -0.039076
0 0.006000 0.013321 -0.009333 -0.026643
0 0.006000 0.013321 -0.009333 -0.026643
0 0.028000 0.045293 -0.053333 -0.090586
0 0.004667 0.010657 -0.006667 -0.021314
0 0.008667 0.015986 -0.014667 -0.031972
0 0.028667 0.045293 -0.052000 -0.090586
0 0.006000 0.013321 -0.009333 -0.026643
0 0.010000 0.019538 -0.017333 -0.039076
0 0.010000 0.019538 -0.017333 -0.039076
0 0.010667 0.019538 -0.016000 -0.039076
0 0.018667 0.032860 -0.034667 -0.065719
0 0.010000 0.019538 -0.017333 -0.039076
0 0.006000 0.013321 -0.009333 -0.026643
0 0.004667 0.010657 -0.006667 -0.021314
0 0.007333 0.015986 -0.009333 -0.031972
0 0.004667 0.010657 -0.006667 -0.021314
0 0.012000 0.019538 -0.021333 -0.039076
0 0.012000 0.019538 -0.021333 -0.039076
0 0.006000 0.013321 -0.009333 -0.026643