0 0.027368 0.050388 -0.052632 -0.100775
0 0.013684 0.029070 -0.025263 -0.058140
0 0.015789 0.028101 -0.029474 -0.056202
0 0.013158 0.029070 -0.024211 -0.058140
0 0.010000 0.020349 -0.017895 -0.040698
0 0.007895 0.014535 -0.013684 -0.029070
0 0.043158 0.081395 -0.084211 -0.162791
0 0.012632 0.027132 -0.023158 -0.054264
0 0.022105 0.055233 -0.042105 -0.110465
0 0.016842 0.036822 -0.031579 -0.073643
0 0.012632 0.027132 -0.023158 -0.054264
0 0.012632 0.027132 -0.023158 -0.054264
0 0.027368 0.050388 -0.052632 -0.100775
0 0.017368 0.033915 -0.032632 -0.067829
0 0.010526 0.017442 -0.018947 -0.034884
0 0.011579 0.024225 -0.021053 -0.048450
0 0.013684 0.029070 -0.025263 -0.058140
0 0.048947 0.122093 -0.095789 -0.244186
0 0.023158 0.057171 -0.044211 -0.114341
0 0.023158 0.061047 -0.044211 -0.122093
0 0.012632 0.027132 -0.023158 -0.054264
0 0.007895 0.014535 -0.013684 -0.029070
0 0.013158 0.029070 -0.024211 -0.058140
0 0.048947 0.122093 -0.095789 -0.244186
0 0.013684 0.029070 -0.025263 -0.058140
0 0.012105 0.026163 -0.022105 -0.052326
0 0.012105 0.021318 -0.022105 -0.042636
0 0.010526 0.017442 -0.018947 -0.034884
0 0.012105 0.026163 -0.022105 -0.052326
0 0.013158 0.029070 -0.024211 -0.058140
0 0.023158 0.057171 -0.044211 -0.114341
0 0.023158 0.057171 -0.044211 -0.114341
0 0.026316 0.051357 -0.050526 -0.102713
0 0.023158 0.057171 -0.044211 -0.114341
0 0.023158 0.061047 -0.044211 -0.122093
0 0.013158 0.029070 -0.024211 -0.058140
0 0.010526 0.017442 -0.018947 -0.034884
0 0.022105 0.055233 -0.042105 -0.110465
0 0.023158 0.057171 -0.044211 -0.114341
0 0.023158 0.057171 -0.044211 -0.114341
0 0.026316 0.051357 -0.050526 -0.102713
0 0.048947 0.122093 -0.095789 -0.244186
0 0.010526 0.017442 -0.018947 -0.034884