0 0.029412 0.044143 -0.056150 -0.088285
0 0.029412 0.044143 -0.056150 -0.088285
0 0.029412 0.044143 -0.056150 -0.088285
0 0.029412 0.044143 -0.056150 -0.088285
0 0.029412 0.044143 -0.056150 -0.088285
0 0.029412 0.044143 -0.056150 -0.088285
0 0.029412 0.044143 -0.056150 -0.088285
0 0.029412 0.044143 -0.056150 -0.088285
0 0.029412 0.044143 -0.056150 -0.088285
0 0.029412 0.044143 -0.056150 -0.088285
0 0.029412 0.044143 -0.056150 -0.088285
0 0.029412 0.044143 -0.056150 -0.088285
0 0.029412 0.044143 -0.056150 -0.088285
0 0.029412 0.044143 -0.056150 -0.088285
0 0.029412 0.044143 -0.056150 -0.088285
0 0.029412 0.044143 -0.056150 -0.088285
0 0.029412 0.044143 -0.056150 -0.088285
0 0.029412 0.044143 -0.056150 -0.088285
0 0.029412 0.044143 -0.056150 -0.088285
0 0.029412 0.044143 -0.056150 -0.088285
0 0.029412 0.044143 -0.056150 -0.088285
0 0.029412 0.044143 -0.056150 -0.088285
0 0.029412 0.044143 -0.056150 -0.088285
0 0.029412 0.044143 -0.056150 -0.088285
0 0.029412 0.044143 -0.056150 -0.088285
0 0.029412 0.044143 -0.056150 -0.088285
0 0.029412 0.044143 -0.056150 -0.088285
0 0.029412 0.044143 -0.056150 -0.088285
0 0.029412 0.044143 -0.056150 -0.088285
0 0.029412 0.044143 -0.056150 -0.088285
0 0.029412 0.044143 -0.056150 -0.088285
0 0.029412 0.044143 -0.056150 -0.088285
0 0.029412 0.044143 -0.056150 -0.088285
0 0.029412 0.044143 -0.056150 -0.088285
0 0.029412 0.044143 -0.056150 -0.088285
0 0.029412 0.044143 -0.056150 -0.088285
0 0.029412 0.044143 -0.056150 -0.088285
0 0.029412 0.044143 -0.056150 -0.088285