0 0.045833 0.081250 -0.088889 -0.162500
0 0.045833 0.081250 -0.088889 -0.162500
0 0.085417 0.161458 -0.168056 -0.322917
0 0.047917 0.083333 -0.093056 -0.166667
0 0.045833 0.081250 -0.088889 -0.162500
0 0.085417 0.161458 -0.168056 -0.322917
0 0.045833 0.081250 -0.088889 -0.162500
0 0.059028 0.109375 -0.115278 -0.218750
0 0.055556 0.102083 -0.108333 -0.204167
0 0.059028 0.093750 -0.115278 -0.187500
0 0.045833 0.081250 -0.088889 -0.162500
0 0.047917 0.083333 -0.093056 -0.166667
0 0.059028 0.109375 -0.115278 -0.218750
0 0.059028 0.109375 -0.115278 -0.218750
0 0.059028 0.109375 -0.115278 -0.218750
0 0.085417 0.161458 -0.168056 -0.322917
0 0.045833 0.081250 -0.088889 -0.162500
0 0.085417 0.161458 -0.168056 -0.322917
0 0.085417 0.161458 -0.168056 -0.322917
0 0.059028 0.109375 -0.115278 -0.218750
0 0.086806 0.161458 -0.165278 -0.322917
0 0.052083 0.094792 -0.101389 -0.189583
0 0.043056 0.064583 -0.083333 -0.129167
0 0.085417 0.161458 -0.168056 -0.322917