0 0.038012 0.086897 -0.074927 -0.173794
0 0.008406 0.018777 -0.016447 -0.037555
0 0.007767 0.014391 -0.015168 -0.028783
0 0.008041 0.018777 -0.015716 -0.037555
0 0.034814 0.084430 -0.069262 -0.168860
0 0.048794 0.129934 -0.097222 -0.259868
0 0.009412 0.017544 -0.018458 -0.035088
0 0.037829 0.086897 -0.075292 -0.173794
0 0.007767 0.014391 -0.015168 -0.028783
0 0.013798 0.023026 -0.027230 -0.046053
0 0.037829 0.086897 -0.075292 -0.173794
0 0.037829 0.086897 -0.075292 -0.173794
0 0.029788 0.032484 -0.059211 -0.064967
0 0.037829 0.086897 -0.075292 -0.173794
0 0.038012 0.086897 -0.074927 -0.173794
0 0.037829 0.086897 -0.075292 -0.173794
0 0.016265 0.026864 -0.032164 -0.053728
0 0.008041 0.018777 -0.015716 -0.037555
0 0.008041 0.018777 -0.015716 -0.037555
0 0.037829 0.086897 -0.075292 -0.173794
0 0.057383 0.071957 -0.114401 -0.143914
0 0.008406 0.018777 -0.016447 -0.037555
0 0.037829 0.086897 -0.075292 -0.173794
0 0.008041 0.018777 -0.015716 -0.037555
0 0.012427 0.018777 -0.024488 -0.037555
0 0.129477 0.113076 -0.258589 -0.226151
0 0.008406 0.018777 -0.016447 -0.037555
0 0.008041 0.018777 -0.015716 -0.037555
0 0.008041 0.018777 -0.015716 -0.037555
0 0.017635 0.060033 -0.034905 -0.120066
0 0.008041 0.018777 -0.015716 -0.037555
0 0.008406 0.018777 -0.016447 -0.037555
0 0.008498 0.007538 -0.016630 -0.015077
0 0.037829 0.086897 -0.075292 -0.173794
0 0.036367 0.047560 -0.072368 -0.095121
0 0.007767 0.014391 -0.015168 -0.028783
0 0.008041 0.018777 -0.015716 -0.037555
0 0.047058 0.091831 -0.093750 -0.183662
0 0.008041 0.018777 -0.015716 -0.037555