0 0.010937 0.025781 -0.019792 -0.051562
0 0.010417 0.022656 -0.018750 -0.045312
0 0.010937 0.025781 -0.019792 -0.051562
0 0.010417 0.022656 -0.018750 -0.045312
0 0.010417 0.022656 -0.018750 -0.045312
0 0.010417 0.022656 -0.018750 -0.045312
0 0.010417 0.022656 -0.018750 -0.045312
0 0.017188 0.035156 -0.032292 -0.070312
0 0.017188 0.035156 -0.032292 -0.070312
0 0.010937 0.025781 -0.019792 -0.051562
0 0.010937 0.025781 -0.019792 -0.051562
0 0.010417 0.022656 -0.018750 -0.045312
0 0.010417 0.022656 -0.018750 -0.045312
0 0.010417 0.022656 -0.018750 -0.045312
0 0.010417 0.022656 -0.018750 -0.045312
0 0.010417 0.022656 -0.018750 -0.045312
0 0.017188 0.035156 -0.032292 -0.070312
0 0.033333 0.055469 -0.064583 -0.110937
0 0.010417 0.022656 -0.018750 -0.045312
0 0.010417 0.022656 -0.018750 -0.045312
0 0.010417 0.022656 -0.018750 -0.045312
0 0.010417 0.022656 -0.018750 -0.045312
0 0.038542 0.057813 -0.072917 -0.115625
0 0.035937 0.054688 -0.069792 -0.109375
0 0.010417 0.022656 -0.018750 -0.045312
0 0.010417 0.022656 -0.018750 -0.045312
0 0.016146 0.034375 -0.030208 -0.068750
0 0.010417 0.022656 -0.018750 -0.045312
0 0.010417 0.022656 -0.018750 -0.045312
0 0.038021 0.057813 -0.073958 -0.115625
0 0.010417 0.022656 -0.018750 -0.045312
0 0.010417 0.022656 -0.018750 -0.045312
0 0.010417 0.022656 -0.018750 -0.045312
0 0.010937 0.025781 -0.019792 -0.051562
0 0.010417 0.022656 -0.018750 -0.045312
0 0.010417 0.022656 -0.018750 -0.045312
0 0.010417 0.022656 -0.018750 -0.045312
0 0.017188 0.035156 -0.032292 -0.070312
0 0.010417 0.022656 -0.018750 -0.045312
0 0.010417 0.022656 -0.018750 -0.045312
0 0.010937 0.025781 -0.019792 -0.051562
0 0.010417 0.022656 -0.018750 -0.045312
0 0.017188 0.035156 -0.032292 -0.070312
0 0.010417 0.022656 -0.018750 -0.045312
0 0.010417 0.022656 -0.018750 -0.045312
0 0.010417 0.022656 -0.018750 -0.045312
0 0.010417 0.022656 -0.018750 -0.045312
0 0.010417 0.022656 -0.018750 -0.045312
0 0.033333 0.055469 -0.064583 -0.110937
0 0.010417 0.022656 -0.018750 -0.045312
0 0.010417 0.022656 -0.018750 -0.045312
0 0.016146 0.034375 -0.030208 -0.068750
0 0.010937 0.025781 -0.019792 -0.051562
0 0.010417 0.022656 -0.018750 -0.045312
0 0.010417 0.022656 -0.018750 -0.045312
0 0.010417 0.022656 -0.018750 -0.045312
0 0.010417 0.022656 -0.018750 -0.045312
0 0.010417 0.022656 -0.018750 -0.045312
0 0.010937 0.025781 -0.019792 -0.051562
0 0.010937 0.025781 -0.019792 -0.051562
0 0.010417 0.022656 -0.018750 -0.045312
0 0.010417 0.022656 -0.018750 -0.045312
0 0.010937 0.025781 -0.019792 -0.051562
0 0.010417 0.022656 -0.018750 -0.045312
0 0.010937 0.025781 -0.019792 -0.051562
0 0.010417 0.022656 -0.018750 -0.045312
0 0.010937 0.025781 -0.019792 -0.051562
0 0.016146 0.034375 -0.030208 -0.068750
0 0.010417 0.022656 -0.018750 -0.045312
0 0.016146 0.034375 -0.030208 -0.068750
0 0.010417 0.022656 -0.018750 -0.045312
0 0.010937 0.025781 -0.019792 -0.051562
0 0.010417 0.022656 -0.018750 -0.045312
0 0.010937 0.025781 -0.019792 -0.051562
0 0.010417 0.022656 -0.018750 -0.045312
0 0.010937 0.025781 -0.019792 -0.051562
0 0.010417 0.022656 -0.018750 -0.045312
0 0.010417 0.022656 -0.018750 -0.045312
0 0.010417 0.022656 -0.018750 -0.045312
0 0.010417 0.022656 -0.018750 -0.045312
0 0.010417 0.022656 -0.018750 -0.045312
0 0.010417 0.022656 -0.018750 -0.045312
0 0.010937 0.025781 -0.019792 -0.051562
0 0.010937 0.025781 -0.019792 -0.051562
0 0.010417 0.022656 -0.018750 -0.045312
0 0.010417 0.022656 -0.018750 -0.045312
0 0.010417 0.022656 -0.018750 -0.045312
0 0.010937 0.025781 -0.019792 -0.051562
0 0.010937 0.025781 -0.019792 -0.051562
0 0.010417 0.022656 -0.018750 -0.045312
0 0.010937 0.025781 -0.019792 -0.051562
0 0.010937 0.025781 -0.019792 -0.051562
0 0.038542 0.057813 -0.072917 -0.115625
0 0.010937 0.025781 -0.019792 -0.051562
0 0.010937 0.025781 -0.019792 -0.051562
0 0.010417 0.022656 -0.018750 -0.045312
0 0.010417 0.022656 -0.018750 -0.045312