0 0.002108 0.003741 -0.003720 -0.007482
0 0.002108 0.003741 -0.003720 -0.007482
0 0.002108 0.003741 -0.003720 -0.007482
0 0.002108 0.003741 -0.003720 -0.007482
0 0.001240 0.003301 -0.001984 -0.006602
0 0.001364 0.003521 -0.001736 -0.006162
0 0.004960 0.009023 -0.009425 -0.018046
0 0.004960 0.009023 -0.009425 -0.018046
0 0.001240 0.003521 -0.001984 -0.006162
0 0.002108 0.003741 -0.003720 -0.007482
0 0.008805 0.024428 -0.017113 -0.048856
0 0.001240 0.003301 -0.001984 -0.006602
0 0.004960 0.009023 -0.009425 -0.018046
0 0.001240 0.003521 -0.001984 -0.006162
0 0.004464 0.007482 -0.008433 -0.014965
0 0.003720 0.007923 -0.006944 -0.015845
0 0.003720 0.007923 -0.006944 -0.015845
0 0.002108 0.003741 -0.003720 -0.007482
0 0.003720 0.007923 -0.006944 -0.015845
0 0.002108 0.003741 -0.003720 -0.007482
0 0.002108 0.003741 -0.003720 -0.007482
0 0.002108 0.003741 -0.003720 -0.007482
0 0.002108 0.003741 -0.003720 -0.007482
0 0.001240 0.003521 -0.001984 -0.006162
0 0.002108 0.003741 -0.003720 -0.007482
0 0.004712 0.007482 -0.008929 -0.014965
0 0.003720 0.007923 -0.006944 -0.015845
0 0.001240 0.003521 -0.001984 -0.006162
0 0.001240 0.003301 -0.001984 -0.006602
0 0.001240 0.003521 -0.001984 -0.006162
0 0.005084 0.009023 -0.009177 -0.018046
0 0.003720 0.007923 -0.006944 -0.015845
0 0.004712 0.007482 -0.008929 -0.014965
0 0.003720 0.007923 -0.006944 -0.015845
0 0.004712 0.007482 -0.008929 -0.014965
0 0.001240 0.003521 -0.001984 -0.006162
0 0.001240 0.003521 -0.001984 -0.006162
0 0.002108 0.003741 -0.003720 -0.007482
0 0.004712 0.007482 -0.008929 -0.014965
0 0.002108 0.003741 -0.003720 -0.007482
0 0.002108 0.003741 -0.003720 -0.007482
0 0.001240 0.003521 -0.001984 -0.006162
0 0.002108 0.003741 -0.003720 -0.007482
0 0.004960 0.009023 -0.009425 -0.018046
0 0.002108 0.003741 -0.003720 -0.007482
0 0.002108 0.003741 -0.003720 -0.007482
0 0.002108 0.003741 -0.003720 -0.007482
0 0.001240 0.003521 -0.001984 -0.006162
0 0.002108 0.003741 -0.003720 -0.007482
0 0.002108 0.003741 -0.003720 -0.007482
0 0.001240 0.003301 -0.001984 -0.006602
0 0.004960 0.009023 -0.009425 -0.018046
0 0.001240 0.003301 -0.001984 -0.006602
0 0.002108 0.003741 -0.003720 -0.007482
0 0.004960 0.009023 -0.009425 -0.018046
0 0.002108 0.003741 -0.003720 -0.007482
0 0.001240 0.003521 -0.001984 -0.006162
0 0.001364 0.003301 -0.001736 -0.006602
0 0.005084 0.009023 -0.009177 -0.018046
0 0.001240 0.003521 -0.001984 -0.006162
0 0.004712 0.007482 -0.008929 -0.014965
0 0.002108 0.003741 -0.003720 -0.007482
0 0.004712 0.007482 -0.008929 -0.014965
0 0.004960 0.009023 -0.009425 -0.018046
0 0.003720 0.007923 -0.006944 -0.015845
0 0.004960 0.009023 -0.009425 -0.018046
0 0.002108 0.003741 -0.003720 -0.007482
0 0.001240 0.003301 -0.001984 -0.006602
0 0.001240 0.003301 -0.001984 -0.006602
0 0.002108 0.003961 -0.003720 -0.007042
0 0.002108 0.003741 -0.003720 -0.007482
0 0.001364 0.003301 -0.001736 -0.006602
0 0.002108 0.003741 -0.003720 -0.007482
0 0.002108 0.003741 -0.003720 -0.007482
0 0.004960 0.009023 -0.009425 -0.018046
0 0.004712 0.007482 -0.008929 -0.014965
0 0.004960 0.009023 -0.009425 -0.018046
0 0.004960 0.009023 -0.009425 -0.018046
0 0.004960 0.009023 -0.009425 -0.018046
0 0.002108 0.003741 -0.003720 -0.007482
0 0.001240 0.003301 -0.001984 -0.006602
0 0.004712 0.007482 -0.008929 -0.014965
0 0.003720 0.007923 -0.006944 -0.015845
0 0.001240 0.003301 -0.001984 -0.006602
0 0.002108 0.003741 -0.003720 -0.007482
0 0.002108 0.003741 -0.003720 -0.007482
0 0.004960 0.009023 -0.009425 -0.018046
0 0.001240 0.003301 -0.001984 -0.006602
0 0.001240 0.003301 -0.001984 -0.006602
0 0.001240 0.003301 -0.001984 -0.006602
0 0.002108 0.003741 -0.003720 -0.007482
0 0.004712 0.007482 -0.008929 -0.014965
0 0.002108 0.003741 -0.003720 -0.007482
0 0.004712 0.007482 -0.008929 -0.014965
0 0.002108 0.003741 -0.003720 -0.007482
0 0.002108 0.003741 -0.003720 -0.007482
0 0.001240 0.003521 -0.001984 -0.006162
0 0.002108 0.003741 -0.003720 -0.007482
0 0.001240 0.003521 -0.001984 -0.006162
0 0.001240 0.003301 -0.001984 -0.006602
0 0.001240 0.003521 -0.001984 -0.006162
0 0.001240 0.003521 -0.001984 -0.006162
0 0.001240 0.003301 -0.001984 -0.006602
0 0.004960 0.009023 -0.009425 -0.018046
0 0.003720 0.007923 -0.006944 -0.015845
0 0.004960 0.009023 -0.009425 -0.018046
0 0.002108 0.003741 -0.003720 -0.007482
0 0.001240 0.003521 -0.001984 -0.006162
0 0.005084 0.009023 -0.009177 -0.018046
0 0.001240 0.003301 -0.001984 -0.006602
0 0.001240 0.003301 -0.001984 -0.006602
0 0.002108 0.003741 -0.003720 -0.007482
0 0.001240 0.003521 -0.001984 -0.006162
0 0.002108 0.003741 -0.003720 -0.007482
0 0.001240 0.003521 -0.001984 -0.006162
0 0.003720 0.007923 -0.006944 -0.015845
0 0.003720 0.007923 -0.006944 -0.015845
0 0.002108 0.003741 -0.003720 -0.007482
0 0.001240 0.003521 -0.001984 -0.006162
0 0.004712 0.007482 -0.008929 -0.014965
0 0.003720 0.007923 -0.006944 -0.015845
0 0.004712 0.007482 -0.008929 -0.014965
0 0.001240 0.003301 -0.001984 -0.006602
0 0.001240 0.003301 -0.001984 -0.006602
0 0.002108 0.003741 -0.003720 -0.007482
0 0.002108 0.003741 -0.003720 -0.007482
0 0.005084 0.009023 -0.009177 -0.018046
0 0.001240 0.003301 -0.001984 -0.006602
0 0.001240 0.003521 -0.001984 -0.006162
0 0.001364 0.003521 -0.001736 -0.006162
0 0.004712 0.007482 -0.008929 -0.014965
0 0.003720 0.007923 -0.006944 -0.015845
0 0.002108 0.003741 -0.003720 -0.007482
0 0.002108 0.003741 -0.003720 -0.007482
0 0.004960 0.009023 -0.009425 -0.018046
0 0.004712 0.007482 -0.008929 -0.014965
0 0.001240 0.003521 -0.001984 -0.006162
0 0.003720 0.007923 -0.006944 -0.015845
0 0.004712 0.007482 -0.008929 -0.014965
0 0.001240 0.003521 -0.001984 -0.006162
0 0.004960 0.009023 -0.009425 -0.018046
0 0.003720 0.007923 -0.006944 -0.015845
0 0.001240 0.003521 -0.001984 -0.006162
0 0.003720 0.007923 -0.006944 -0.015845
0 0.002108 0.003741 -0.003720 -0.007482
0 0.004960 0.009023 -0.009425 -0.018046
0 0.001240 0.003301 -0.001984 -0.006602
0 0.001240 0.003301 -0.001984 -0.006602
0 0.002108 0.003741 -0.003720 -0.007482
0 0.003720 0.007923 -0.006944 -0.015845
0 0.001240 0.003301 -0.001984 -0.006602
0 0.008805 0.024428 -0.017113 -0.048856
0 0.001240 0.003301 -0.001984 -0.006602
0 0.004712 0.007482 -0.008929 -0.014965
0 0.002108 0.003741 -0.003720 -0.007482
0 0.002108 0.003741 -0.003720 -0.007482
0 0.001240 0.003301 -0.001984 -0.006602
0 0.008805 0.024428 -0.017113 -0.048856
0 0.004712 0.007482 -0.008929 -0.014965
0 0.003720 0.007923 -0.006944 -0.015845
0 0.004712 0.007482 -0.008929 -0.014965
0 0.003720 0.007923 -0.006944 -0.015845
0 0.002108 0.003741 -0.003720 -0.007482
0 0.004960 0.009023 -0.009425 -0.018046
0 0.002108 0.003741 -0.003720 -0.007482
0 0.001240 0.003521 -0.001984 -0.006162
0 0.001240 0.003521 -0.001984 -0.006162
0 0.002108 0.003741 -0.003720 -0.007482
0 0.003720 0.007923 -0.006944 -0.015845
0 0.002108 0.003741 -0.003720 -0.007482
0 0.002108 0.003741 -0.003720 -0.007482
0 0.002108 0.003741 -0.003720 -0.007482
0 0.004960 0.009023 -0.009425 -0.018046
0 0.002108 0.003741 -0.003720 -0.007482
0 0.002108 0.003741 -0.003720 -0.007482
0 0.002108 0.003741 -0.003720 -0.007482
0 0.004712 0.007482 -0.008929 -0.014965
0 0.004960 0.009023 -0.009425 -0.018046
0 0.001240 0.003521 -0.001984 -0.006162
0 0.004712 0.007482 -0.008929 -0.014965
0 0.001240 0.003521 -0.001984 -0.006162
0 0.002108 0.003741 -0.003720 -0.007482
0 0.004712 0.007482 -0.008929 -0.014965
0 0.002108 0.003741 -0.003720 -0.007482
0 0.001240 0.003521 -0.001984 -0.006162
0 0.002108 0.003741 -0.003720 -0.007482
0 0.003720 0.007923 -0.006944 -0.015845
0 0.002108 0.003741 -0.003720 -0.007482
0 0.001240 0.003301 -0.001984 -0.006602
0 0.002108 0.003741 -0.003720 -0.007482
0 0.004712 0.007482 -0.008929 -0.014965
0 0.001240 0.003301 -0.001984 -0.006602
0 0.003720 0.007923 -0.006944 -0.015845
0 0.001240 0.003521 -0.001984 -0.006162
0 0.002108 0.003741 -0.003720 -0.007482
0 0.001240 0.003521 -0.001984 -0.006162
0 0.001240 0.003301 -0.001984 -0.006602
0 0.001240 0.003301 -0.001984 -0.006602
0 0.005084 0.009023 -0.009177 -0.018046
0 0.002108 0.003741 -0.003720 -0.007482
0 0.004712 0.007482 -0.008929 -0.014965
0 0.002108 0.003741 -0.003720 -0.007482
0 0.004712 0.007482 -0.008929 -0.014965
0 0.004712 0.007482 -0.008929 -0.014965
0 0.001240 0.003521 -0.001984 -0.006162
0 0.001240 0.003521 -0.001984 -0.006162
0 0.008805 0.024428 -0.017113 -0.048856
0 0.002108 0.003741 -0.003720 -0.007482
0 0.002108 0.003741 -0.003720 -0.007482
0 0.002108 0.003741 -0.003720 -0.007482
0 0.002108 0.003741 -0.003720 -0.007482
0 0.001240 0.003521 -0.001984 -0.006162
0 0.001240 0.003301 -0.001984 -0.006602
0 0.001240 0.003521 -0.001984 -0.006162
0 0.002108 0.003741 -0.003720 -0.007482
0 0.002108 0.003741 -0.003720 -0.007482
0 0.001240 0.003521 -0.001984 -0.006162
0 0.003720 0.007923 -0.006944 -0.015845
0 0.004712 0.007482 -0.008929 -0.014965
0 0.004960 0.009023 -0.009425 -0.018046
0 0.001240 0.003521 -0.001984 -0.006162
0 0.001240 0.003521 -0.001984 -0.006162
0 0.002108 0.003741 -0.003720 -0.007482
0 0.002108 0.003741 -0.003720 -0.007482
0 0.002108 0.003741 -0.003720 -0.007482
0 0.002108 0.003741 -0.003720 -0.007482
0 0.002108 0.003741 -0.003720 -0.007482
0 0.001240 0.003521 -0.001984 -0.006162
0 0.001240 0.003301 -0.001984 -0.006602
0 0.002108 0.003741 -0.003720 -0.007482
0 0.003720 0.007923 -0.006944 -0.015845
0 0.001240 0.003301 -0.001984 -0.006602
0 0.001240 0.003521 -0.001984 -0.006162
0 0.002108 0.003741 -0.003720 -0.007482
0 0.002108 0.003741 -0.003720 -0.007482
0 0.003720 0.007923 -0.006944 -0.015845
0 0.003720 0.007923 -0.006944 -0.015845
0 0.001240 0.003521 -0.001984 -0.006162
0 0.001240 0.003521 -0.001984 -0.006162
0 0.001240 0.003521 -0.001984 -0.006162
0 0.004960 0.009023 -0.009425 -0.018046
0 0.003720 0.007923 -0.006944 -0.015845
0 0.004712 0.007482 -0.008929 -0.014965
0 0.004960 0.009023 -0.009425 -0.018046
0 0.003720 0.007923 -0.006944 -0.015845
0 0.002108 0.003741 -0.003720 -0.007482
0 0.003720 0.007923 -0.006944 -0.015845
0 0.008805 0.024428 -0.017113 -0.048856
0 0.002108 0.003741 -0.003720 -0.007482
0 0.001240 0.003301 -0.001984 -0.006602
0 0.002108 0.003741 -0.003720 -0.007482
0 0.001240 0.003521 -0.001984 -0.006162
0 0.002108 0.003741 -0.003720 -0.007482
0 0.003720 0.007923 -0.006944 -0.015845
0 0.003720 0.007923 -0.006944 -0.015845
0 0.002108 0.003741 -0.003720 -0.007482
0 0.002108 0.003741 -0.003720 -0.007482
0 0.002108 0.003741 -0.003720 -0.007482
0 0.001240 0.003521 -0.001984 -0.006162
0 0.003720 0.007923 -0.006944 -0.015845
0 0.004960 0.009023 -0.009425 -0.018046
0 0.004960 0.009023 -0.009425 -0.018046
0 0.002108 0.003741 -0.003720 -0.007482
0 0.003720 0.007923 -0.006944 -0.015845
0 0.003720 0.007923 -0.006944 -0.015845
0 0.004960 0.009023 -0.009425 -0.018046
0 0.002108 0.003741 -0.003720 -0.007482
0 0.001240 0.003521 -0.001984 -0.006162
0 0.001240 0.003301 -0.001984 -0.006602
0 0.004712 0.007482 -0.008929 -0.014965
0 0.004712 0.007482 -0.008929 -0.014965
0 0.002108 0.003741 -0.003720 -0.007482
0 0.001240 0.003521 -0.001984 -0.006162
0 0.003720 0.007923 -0.006944 -0.015845
0 0.002108 0.003741 -0.003720 -0.007482
0 0.001240 0.003521 -0.001984 -0.006162
0 0.002108 0.003741 -0.003720 -0.007482
0 0.001240 0.003521 -0.001984 -0.006162
0 0.001240 0.003521 -0.001984 -0.006162
0 0.002108 0.003741 -0.003720 -0.007482
0 0.002108 0.003741 -0.003720 -0.007482
0 0.001240 0.003521 -0.001984 -0.006162
0 0.001240 0.003521 -0.001984 -0.006162
0 0.004960 0.009023 -0.009425 -0.018046
0 0.002108 0.003741 -0.003720 -0.007482
0 0.001240 0.003301 -0.001984 -0.006602
0 0.003720 0.007923 -0.006944 -0.015845
0 0.002108 0.003741 -0.003720 -0.007482
0 0.002108 0.003741 -0.003720 -0.007482
0 0.002108 0.003741 -0.003720 -0.007482
0 0.003844 0.007923 -0.006696 -0.015845
0 0.001240 0.003301 -0.001984 -0.006602
0 0.004960 0.009023 -0.009425 -0.018046
0 0.003720 0.007923 -0.006944 -0.015845
0 0.003720 0.007923 -0.006944 -0.015845
0 0.001240 0.003301 -0.001984 -0.006602
0 0.001240 0.003521 -0.001984 -0.006162
0 0.001240 0.003301 -0.001984 -0.006602
0 0.002108 0.003741 -0.003720 -0.007482
0 0.003720 0.007923 -0.006944 -0.015845
0 0.002108 0.003741 -0.003720 -0.007482
0 0.003720 0.007923 -0.006944 -0.015845
0 0.002108 0.003741 -0.003720 -0.007482
0 0.003720 0.007923 -0.006944 -0.015845
0 0.002108 0.003741 -0.003720 -0.007482
0 0.001240 0.003521 -0.001984 -0.006162
0 0.001240 0.003301 -0.001984 -0.006602
0 0.002108 0.003741 -0.003720 -0.007482
0 0.004960 0.009023 -0.009425 -0.018046
0 0.004712 0.007482 -0.008929 -0.014965
0 0.002108 0.003741 -0.003720 -0.007482
0 0.002108 0.003741 -0.003720 -0.007482
0 0.001240 0.003301 -0.001984 -0.006602
0 0.004960 0.009023 -0.009425 -0.018046
0 0.002108 0.003741 -0.003720 -0.007482
0 0.002108 0.003741 -0.003720 -0.007482