0 0.030990 0.073148 -0.060937 -0.146296
0 0.011198 0.031944 -0.021354 -0.062037
0 0.039323 0.082407 -0.077604 -0.164815
0 0.028385 0.070370 -0.055729 -0.140741
0 0.033854 0.076389 -0.066667 -0.152778
0 0.014844 0.029167 -0.028646 -0.056481
0 0.028385 0.070370 -0.055729 -0.140741
0 0.011198 0.031944 -0.021354 -0.062037
0 0.014844 0.028704 -0.028646 -0.057407
0 0.039323 0.082407 -0.077604 -0.164815
0 0.039323 0.082407 -0.077604 -0.164815
0 0.039323 0.082407 -0.077604 -0.164815
0 0.033854 0.076389 -0.066667 -0.152778
0 0.039323 0.082407 -0.077604 -0.164815
0 0.039323 0.082407 -0.077604 -0.164815
0 0.011198 0.031481 -0.021354 -0.062963
0 0.013281 0.028704 -0.025521 -0.057407
0 0.028385 0.051852 -0.055729 -0.101852
0 0.039844 0.082407 -0.076563 -0.164815
0 0.028385 0.070370 -0.055729 -0.140741
0 0.039323 0.082407 -0.077604 -0.164815
0 0.039323 0.082407 -0.077604 -0.164815
0 0.039323 0.082407 -0.077604 -0.164815
0 0.028385 0.070370 -0.055729 -0.140741
0 0.012240 0.028704 -0.023438 -0.055556
0 0.039323 0.082407 -0.077604 -0.164815
0 0.028385 0.070370 -0.055729 -0.140741
0 0.039323 0.082407 -0.077604 -0.164815
0 0.039323 0.082407 -0.077604 -0.164815
0 0.028385 0.070370 -0.055729 -0.140741
0 0.028385 0.070370 -0.055729 -0.140741
0 0.012240 0.028704 -0.023438 -0.055556
0 0.011198 0.031944 -0.021354 -0.062037
0 0.014844 0.028704 -0.028646 -0.057407
0 0.033854 0.076852 -0.066667 -0.151852
0 0.039323 0.082407 -0.077604 -0.164815
0 0.026302 0.055556 -0.051562 -0.109259
0 0.039323 0.082407 -0.077604 -0.164815
0 0.029427 0.061574 -0.057813 -0.123148
0 0.039323 0.082407 -0.077604 -0.164815
0 0.010677 0.022685 -0.020313 -0.043519
0 0.039323 0.082407 -0.077604 -0.164815
0 0.038802 0.090741 -0.076563 -0.179630
0 0.028385 0.051389 -0.055729 -0.102778
0 0.028385 0.051389 -0.055729 -0.102778