0 0.009237 0.017735 -0.017938 -0.034663
0 0.006827 0.016929 -0.013119 -0.033857
0 0.011647 0.014913 -0.022758 -0.029827
0 0.006024 0.005643 -0.011513 -0.011286
0 0.016198 0.021161 -0.031861 -0.042322
0 0.007631 0.009875 -0.014726 -0.019750
0 0.014324 0.027610 -0.028112 -0.055220
0 0.013253 0.015518 -0.025971 -0.031036
0 0.006961 0.011084 -0.013387 -0.022168
0 0.014190 0.030028 -0.027845 -0.060056
0 0.014056 0.027005 -0.027577 -0.054010
0 0.008434 0.011487 -0.016332 -0.022168
0 0.005489 0.013301 -0.010442 -0.026602
0 0.013788 0.026199 -0.027041 -0.052398
0 0.015127 0.030633 -0.029719 -0.061266
0 0.016734 0.026804 -0.032932 -0.053607
0 0.016466 0.026804 -0.032396 -0.053607
0 0.006560 0.014309 -0.012584 -0.028617
0 0.018876 0.029222 -0.037216 -0.058444
0 0.008434 0.024385 -0.016332 -0.048771
0 0.016198 0.026804 -0.031861 -0.053607
0 0.005756 0.007457 -0.010977 -0.014913
0 0.016466 0.027005 -0.032396 -0.054010
0 0.007631 0.013100 -0.014726 -0.026199
0 0.015930 0.027005 -0.031325 -0.054010
0 0.006292 0.008263 -0.012048 -0.016526
0 0.014324 0.027610 -0.028112 -0.055220
0 0.006292 0.008263 -0.012048 -0.016526
0 0.008434 0.011487 -0.016332 -0.022168
0 0.019411 0.023579 -0.038286 -0.047158
0 0.013253 0.015719 -0.025971 -0.030633
0 0.011379 0.019347 -0.022222 -0.038694
0 0.010977 0.017533 -0.021419 -0.035067
0 0.013387 0.024990 -0.026238 -0.049980
0 0.019411 0.031237 -0.038286 -0.062475
0 0.018072 0.029424 -0.035609 -0.058847
0 0.011379 0.017533 -0.022222 -0.035067
0 0.011379 0.019347 -0.022222 -0.038694
0 0.015127 0.030633 -0.029719 -0.061266
0 0.015930 0.027005 -0.031325 -0.054010
0 0.007631 0.013100 -0.014726 -0.026199
0 0.013788 0.026199 -0.027041 -0.052398
0 0.007095 0.008867 -0.013655 -0.017735