0 0.007222 0.016932 -0.012222 -0.033865
0 0.007222 0.016932 -0.012222 -0.033865
0 0.015000 0.029880 -0.027778 -0.059761
0 0.004444 0.008964 -0.006667 -0.017928
0 0.001111 0.006972 0.000000 -0.013944
0 0.008889 0.017928 -0.015556 -0.035857
0 0.007222 0.016932 -0.012222 -0.033865
0 0.001111 0.006972 0.000000 -0.013944
0 0.004444 0.008964 -0.006667 -0.017928
0 0.007222 0.016932 -0.012222 -0.033865
0 0.004444 0.008964 -0.006667 -0.017928
0 0.001111 0.006972 0.000000 -0.013944
0 0.007222 0.016932 -0.012222 -0.033865
0 0.001111 0.006972 0.000000 -0.013944
0 0.004444 0.008964 -0.006667 -0.017928
0 0.001111 0.006972 0.000000 -0.013944
0 0.001111 0.006972 0.000000 -0.013944
0 0.001111 0.006972 0.000000 -0.013944
0 0.004444 0.008964 -0.006667 -0.017928
0 0.001111 0.006972 0.000000 -0.013944
0 0.007222 0.016932 -0.012222 -0.033865
0 0.004444 0.008964 -0.006667 -0.017928
0 0.008889 0.017928 -0.015556 -0.035857
0 0.007222 0.016932 -0.012222 -0.033865
0 0.001111 0.006972 0.000000 -0.013944
0 0.001111 0.006972 0.000000 -0.013944
0 0.007222 0.016932 -0.012222 -0.033865
0 0.001111 0.006972 0.000000 -0.013944
0 0.001111 0.006972 0.000000 -0.013944
0 0.001111 0.006972 0.000000 -0.013944
0 0.005556 0.012948 -0.008889 -0.025896
0 0.001111 0.006972 0.000000 -0.013944
0 0.001111 0.006972 0.000000 -0.013944
0 0.001111 0.006972 0.000000 -0.013944
0 0.008889 0.017928 -0.015556 -0.035857
0 0.004444 0.008964 -0.006667 -0.017928
0 0.001111 0.006972 0.000000 -0.013944
0 0.007222 0.016932 -0.012222 -0.033865
0 0.007222 0.016932 -0.012222 -0.033865
0 0.001111 0.006972 0.000000 -0.013944
0 0.007222 0.016932 -0.012222 -0.033865
0 0.004444 0.008964 -0.006667 -0.017928
0 0.007222 0.016932 -0.012222 -0.033865
0 0.007222 0.016932 -0.012222 -0.033865
0 0.007222 0.016932 -0.012222 -0.033865
0 0.004444 0.008964 -0.006667 -0.017928
0 0.001111 0.006972 0.000000 -0.013944
0 0.001111 0.006972 0.000000 -0.013944
0 0.004444 0.008964 -0.006667 -0.017928
0 0.001111 0.006972 0.000000 -0.013944
0 0.007222 0.016932 -0.012222 -0.033865
0 0.001111 0.006972 0.000000 -0.013944
0 0.007222 0.016932 -0.012222 -0.033865
0 0.015000 0.029880 -0.027778 -0.059761
0 0.001111 0.006972 0.000000 -0.013944
0 0.001111 0.006972 0.000000 -0.013944
0 0.001111 0.006972 0.000000 -0.013944
0 0.001111 0.006972 0.000000 -0.013944
0 0.003333 0.007968 -0.004444 -0.015936
0 0.007222 0.016932 -0.012222 -0.033865
0 0.001111 0.006972 0.000000 -0.013944
0 0.007222 0.016932 -0.012222 -0.033865
0 0.007222 0.016932 -0.012222 -0.033865
0 0.007222 0.016932 -0.012222 -0.033865
0 0.004444 0.008964 -0.006667 -0.017928
0 0.001111 0.006972 0.000000 -0.013944
0 0.001111 0.006972 0.000000 -0.013944
0 0.007222 0.016932 -0.012222 -0.033865
0 0.001111 0.006972 0.000000 -0.013944
0 0.001111 0.006972 0.000000 -0.013944
0 0.001111 0.006972 0.000000 -0.013944
0 0.004444 0.008964 -0.006667 -0.017928
0 0.001111 0.006972 0.000000 -0.013944
0 0.004444 0.008964 -0.006667 -0.017928
0 0.001111 0.006972 0.000000 -0.013944
0 0.001111 0.006972 0.000000 -0.013944
0 0.004444 0.008964 -0.006667 -0.017928
0 0.001111 0.006972 0.000000 -0.013944
0 0.001111 0.006972 0.000000 -0.013944
0 0.001111 0.006972 0.000000 -0.013944
0 0.004444 0.008964 -0.006667 -0.017928
0 0.007222 0.016932 -0.012222 -0.033865
0 0.001111 0.006972 0.000000 -0.013944
0 0.004444 0.008964 -0.006667 -0.017928
0 0.001111 0.006972 0.000000 -0.013944
0 0.004444 0.008964 -0.006667 -0.017928
0 0.008889 0.017928 -0.015556 -0.035857
0 0.004444 0.008964 -0.006667 -0.017928
0 0.001111 0.006972 0.000000 -0.013944
0 0.015000 0.029880 -0.027778 -0.059761
0 0.004444 0.008964 -0.006667 -0.017928
0 0.004444 0.008964 -0.006667 -0.017928
0 0.007222 0.016932 -0.012222 -0.033865
0 0.007222 0.016932 -0.012222 -0.033865
0 0.001111 0.006972 0.000000 -0.013944
0 0.001111 0.006972 0.000000 -0.013944
0 0.007222 0.016932 -0.012222 -0.033865
0 0.004444 0.008964 -0.006667 -0.017928
0 0.001111 0.006972 0.000000 -0.013944
0 0.007222 0.016932 -0.012222 -0.033865
0 0.004444 0.008964 -0.006667 -0.017928
0 0.001111 0.006972 0.000000 -0.013944
0 0.003333 0.007968 -0.004444 -0.015936
0 0.001111 0.006972 0.000000 -0.013944
0 0.008889 0.017928 -0.015556 -0.035857
0 0.007222 0.016932 -0.012222 -0.033865
0 0.008889 0.017928 -0.015556 -0.035857
0 0.001111 0.006972 0.000000 -0.013944
0 0.002778 0.007968 -0.003333 -0.015936
0 0.007222 0.016932 -0.012222 -0.033865
0 0.001111 0.006972 0.000000 -0.013944
0 0.004444 0.008964 -0.006667 -0.017928
0 0.004444 0.008964 -0.006667 -0.017928
0 0.001111 0.006972 0.000000 -0.013944
0 0.007222 0.016932 -0.012222 -0.033865
0 0.001111 0.006972 0.000000 -0.013944
0 0.007222 0.016932 -0.012222 -0.033865
0 0.004444 0.008964 -0.006667 -0.017928
0 0.007222 0.016932 -0.012222 -0.033865
0 0.001111 0.006972 0.000000 -0.013944
0 0.004444 0.008964 -0.006667 -0.017928
0 0.004444 0.008964 -0.006667 -0.017928
0 0.007222 0.016932 -0.012222 -0.033865
0 0.001111 0.006972 0.000000 -0.013944
0 0.001111 0.006972 0.000000 -0.013944
0 0.001111 0.006972 0.000000 -0.013944
0 0.001111 0.006972 0.000000 -0.013944
0 0.007778 0.016932 -0.013333 -0.033865
0 0.007222 0.016932 -0.012222 -0.033865
0 0.001111 0.006972 0.000000 -0.013944
0 0.001111 0.006972 0.000000 -0.013944
0 0.001111 0.006972 0.000000 -0.013944
0 0.004444 0.008964 -0.006667 -0.017928
0 0.001111 0.006972 0.000000 -0.013944
0 0.001111 0.006972 0.000000 -0.013944
0 0.004444 0.008964 -0.006667 -0.017928
0 0.004444 0.008964 -0.006667 -0.017928
0 0.001111 0.006972 0.000000 -0.013944
0 0.004444 0.008964 -0.006667 -0.017928
0 0.001111 0.006972 0.000000 -0.013944
0 0.001111 0.006972 0.000000 -0.013944
0 0.004444 0.008964 -0.006667 -0.017928
0 0.004444 0.008964 -0.006667 -0.017928
0 0.007222 0.016932 -0.012222 -0.033865
0 0.004444 0.008964 -0.006667 -0.017928
0 0.001111 0.006972 0.000000 -0.013944
0 0.007222 0.016932 -0.012222 -0.033865
0 0.007222 0.016932 -0.012222 -0.033865
0 0.001111 0.006972 0.000000 -0.013944
0 0.001111 0.006972 0.000000 -0.013944
0 0.008889 0.017928 -0.015556 -0.035857
0 0.001111 0.006972 0.000000 -0.013944
0 0.004444 0.008964 -0.006667 -0.017928
0 0.001111 0.006972 0.000000 -0.013944
0 0.001111 0.006972 0.000000 -0.013944
0 0.007222 0.016932 -0.012222 -0.033865
0 0.001111 0.006972 0.000000 -0.013944
0 0.007222 0.016932 -0.012222 -0.033865
0 0.001111 0.006972 0.000000 -0.013944
0 0.004444 0.008964 -0.006667 -0.017928
0 0.001111 0.006972 0.000000 -0.013944
0 0.004444 0.008964 -0.006667 -0.017928
0 0.008889 0.017928 -0.015556 -0.035857
0 0.004444 0.008964 -0.006667 -0.017928
0 0.004444 0.008964 -0.006667 -0.017928
0 0.004444 0.008964 -0.006667 -0.017928
0 0.007222 0.016932 -0.012222 -0.033865
0 0.001111 0.006972 0.000000 -0.013944
0 0.007222 0.016932 -0.012222 -0.033865
0 0.004444 0.008964 -0.006667 -0.017928
0 0.007222 0.016932 -0.012222 -0.033865
0 0.001111 0.006972 0.000000 -0.013944
0 0.001111 0.006972 0.000000 -0.013944
0 0.001111 0.006972 0.000000 -0.013944
0 0.001111 0.006972 0.000000 -0.013944
0 0.011111 0.022908 -0.020000 -0.045817
0 0.007222 0.016932 -0.012222 -0.033865
0 0.001111 0.006972 0.000000 -0.013944
0 0.001111 0.006972 0.000000 -0.013944
0 0.004444 0.008964 -0.006667 -0.017928
0 0.004444 0.008964 -0.006667 -0.017928
0 0.004444 0.008964 -0.006667 -0.017928
0 0.001111 0.006972 0.000000 -0.013944
0 0.007222 0.016932 -0.012222 -0.033865
0 0.004444 0.008964 -0.006667 -0.017928
0 0.007222 0.016932 -0.012222 -0.033865
0 0.001667 0.006972 -0.001111 -0.013944
0 0.001111 0.006972 0.000000 -0.013944
0 0.004444 0.008964 -0.006667 -0.017928
0 0.004444 0.008964 -0.006667 -0.017928
0 0.001111 0.006972 0.000000 -0.013944
0 0.001111 0.006972 0.000000 -0.013944
0 0.001111 0.006972 0.000000 -0.013944
0 0.007222 0.016932 -0.012222 -0.033865
0 0.001111 0.006972 0.000000 -0.013944
0 0.008889 0.017928 -0.015556 -0.035857
0 0.004444 0.008964 -0.006667 -0.017928
0 0.001111 0.006972 0.000000 -0.013944
0 0.008889 0.017928 -0.015556 -0.035857
0 0.004444 0.008964 -0.006667 -0.017928
0 0.001111 0.006972 0.000000 -0.013944
0 0.007222 0.016932 -0.012222 -0.033865
0 0.004444 0.008964 -0.006667 -0.017928
0 0.002778 0.007968 -0.003333 -0.015936
0 0.001111 0.006972 0.000000 -0.013944
0 0.004444 0.008964 -0.006667 -0.017928
0 0.007222 0.016932 -0.012222 -0.033865
0 0.004444 0.008964 -0.006667 -0.017928
0 0.008889 0.017928 -0.015556 -0.035857
0 0.001111 0.006972 0.000000 -0.013944
0 0.004444 0.008964 -0.006667 -0.017928
0 0.008889 0.017928 -0.015556 -0.035857
0 0.001111 0.006972 0.000000 -0.013944
0 0.001111 0.006972 0.000000 -0.013944
0 0.001111 0.006972 0.000000 -0.013944
0 0.007222 0.016932 -0.012222 -0.033865
0 0.001111 0.006972 0.000000 -0.013944
0 0.007222 0.016932 -0.012222 -0.033865
0 0.007222 0.016932 -0.012222 -0.033865
0 0.001111 0.006972 0.000000 -0.013944
0 0.001111 0.006972 0.000000 -0.013944
0 0.001111 0.006972 0.000000 -0.013944
0 0.015000 0.029880 -0.027778 -0.059761
0 0.001667 0.006972 -0.001111 -0.013944
0 0.001111 0.006972 0.000000 -0.013944
0 0.001111 0.006972 0.000000 -0.013944
0 0.001111 0.006972 0.000000 -0.013944
0 0.007222 0.016932 -0.012222 -0.033865
0 0.001111 0.006972 0.000000 -0.013944
0 0.001111 0.006972 0.000000 -0.013944
0 0.004444 0.008964 -0.006667 -0.017928
0 0.004444 0.008964 -0.006667 -0.017928
0 0.001111 0.006972 0.000000 -0.013944
0 0.001111 0.006972 0.000000 -0.013944
0 0.004444 0.008964 -0.006667 -0.017928
0 0.001111 0.006972 0.000000 -0.013944
0 0.004444 0.008964 -0.006667 -0.017928
0 0.008889 0.017928 -0.015556 -0.035857
0 0.002778 0.007968 -0.003333 -0.015936
0 0.001111 0.006972 0.000000 -0.013944
0 0.008889 0.017928 -0.015556 -0.035857
0 0.004444 0.008964 -0.006667 -0.017928
0 0.004444 0.008964 -0.006667 -0.017928
0 0.001111 0.006972 0.000000 -0.013944
0 0.001111 0.006972 0.000000 -0.013944
0 0.001111 0.006972 0.000000 -0.013944
0 0.001111 0.006972 0.000000 -0.013944
0 0.001111 0.006972 0.000000 -0.013944
0 0.007222 0.016932 -0.012222 -0.033865
0 0.004444 0.008964 -0.006667 -0.017928
0 0.007222 0.016932 -0.012222 -0.033865
0 0.015000 0.029880 -0.027778 -0.059761
0 0.001111 0.006972 0.000000 -0.013944
0 0.001111 0.006972 0.000000 -0.013944
0 0.001111 0.006972 0.000000 -0.013944
0 0.001111 0.006972 0.000000 -0.013944
0 0.001111 0.006972 0.000000 -0.013944
0 0.001111 0.006972 0.000000 -0.013944
0 0.004444 0.008964 -0.006667 -0.017928
0 0.001111 0.006972 0.000000 -0.013944
0 0.007222 0.016932 -0.012222 -0.033865
0 0.007222 0.016932 -0.012222 -0.033865
0 0.001111 0.006972 0.000000 -0.013944
0 0.008889 0.017928 -0.015556 -0.035857
0 0.002778 0.007968 -0.003333 -0.015936
0 0.008889 0.017928 -0.015556 -0.035857
0 0.001111 0.006972 0.000000 -0.013944
0 0.004444 0.008964 -0.006667 -0.017928
0 0.004444 0.008964 -0.006667 -0.017928
0 0.001111 0.006972 0.000000 -0.013944
0 0.001111 0.006972 0.000000 -0.013944
0 0.001111 0.006972 0.000000 -0.013944
0 0.004444 0.008964 -0.006667 -0.017928
0 0.004444 0.008964 -0.006667 -0.017928
0 0.001111 0.006972 0.000000 -0.013944
0 0.001111 0.006972 0.000000 -0.013944
0 0.001111 0.006972 0.000000 -0.013944
0 0.007222 0.016932 -0.012222 -0.033865
0 0.007222 0.016932 -0.012222 -0.033865
0 0.001111 0.006972 0.000000 -0.013944
0 0.004444 0.008964 -0.006667 -0.017928
0 0.004444 0.008964 -0.006667 -0.017928
0 0.007222 0.016932 -0.012222 -0.033865
0 0.001111 0.006972 0.000000 -0.013944
0 0.008889 0.017928 -0.015556 -0.035857
0 0.007222 0.016932 -0.012222 -0.033865
0 0.004444 0.008964 -0.006667 -0.017928
0 0.008889 0.017928 -0.015556 -0.035857
0 0.001111 0.006972 0.000000 -0.013944
0 0.007222 0.016932 -0.012222 -0.033865
0 0.004444 0.008964 -0.006667 -0.017928
0 0.007222 0.016932 -0.012222 -0.033865
0 0.007222 0.016932 -0.012222 -0.033865
0 0.001111 0.006972 0.000000 -0.013944
0 0.001111 0.006972 0.000000 -0.013944
0 0.004444 0.008964 -0.006667 -0.017928
0 0.007222 0.016932 -0.012222 -0.033865
0 0.001111 0.006972 0.000000 -0.013944
0 0.004444 0.008964 -0.006667 -0.017928
0 0.001111 0.006972 0.000000 -0.013944
0 0.001111 0.006972 0.000000 -0.013944
0 0.001111 0.006972 0.000000 -0.013944
0 0.001111 0.006972 0.000000 -0.013944
0 0.004444 0.008964 -0.006667 -0.017928
0 0.001111 0.006972 0.000000 -0.013944
0 0.007222 0.016932 -0.012222 -0.033865
0 0.001111 0.006972 0.000000 -0.013944
0 0.004444 0.008964 -0.006667 -0.017928
0 0.001111 0.006972 0.000000 -0.013944
0 0.007222 0.016932 -0.012222 -0.033865
0 0.001111 0.006972 0.000000 -0.013944
0 0.007222 0.016932 -0.012222 -0.033865
0 0.001111 0.006972 0.000000 -0.013944
0 0.001111 0.006972 0.000000 -0.013944
0 0.007222 0.016932 -0.012222 -0.033865
0 0.001111 0.006972 0.000000 -0.013944
0 0.007222 0.016932 -0.012222 -0.033865
0 0.015000 0.029880 -0.027778 -0.059761
0 0.001111 0.006972 0.000000 -0.013944
0 0.007222 0.016932 -0.012222 -0.033865
0 0.001111 0.006972 0.000000 -0.013944
0 0.001111 0.006972 0.000000 -0.013944
0 0.001111 0.006972 0.000000 -0.013944
0 0.004444 0.008964 -0.006667 -0.017928
0 0.007222 0.016932 -0.012222 -0.033865
0 0.004444 0.008964 -0.006667 -0.017928
0 0.004444 0.008964 -0.006667 -0.017928
0 0.007222 0.016932 -0.012222 -0.033865
0 0.001111 0.006972 0.000000 -0.013944
0 0.015000 0.029880 -0.027778 -0.059761
0 0.001111 0.006972 0.000000 -0.013944
0 0.001111 0.006972 0.000000 -0.013944
0 0.007222 0.016932 -0.012222 -0.033865
0 0.004444 0.008964 -0.006667 -0.017928
0 0.001111 0.006972 0.000000 -0.013944
0 0.007222 0.016932 -0.012222 -0.033865
0 0.001111 0.006972 0.000000 -0.013944
0 0.004444 0.008964 -0.006667 -0.017928
0 0.004444 0.008964 -0.006667 -0.017928
0 0.008889 0.017928 -0.015556 -0.035857
0 0.008889 0.017928 -0.015556 -0.035857
0 0.001111 0.006972 0.000000 -0.013944
0 0.007222 0.016932 -0.012222 -0.033865
0 0.007222 0.016932 -0.012222 -0.033865
0 0.007222 0.016932 -0.012222 -0.033865
0 0.004444 0.008964 -0.006667 -0.017928
0 0.001111 0.006972 0.000000 -0.013944
0 0.001111 0.006972 0.000000 -0.013944
0 0.001111 0.006972 0.000000 -0.013944
0 0.001111 0.006972 0.000000 -0.013944
0 0.007222 0.016932 -0.012222 -0.033865
0 0.008889 0.017928 -0.015556 -0.035857
0 0.007222 0.016932 -0.012222 -0.033865
0 0.001111 0.006972 0.000000 -0.013944
0 0.015000 0.029880 -0.027778 -0.059761
0 0.001111 0.006972 0.000000 -0.013944
0 0.001111 0.006972 0.000000 -0.013944
0 0.007222 0.016932 -0.012222 -0.033865
0 0.008889 0.017928 -0.015556 -0.035857
0 0.001111 0.006972 0.000000 -0.013944
0 0.007222 0.016932 -0.012222 -0.033865
0 0.008889 0.017928 -0.015556 -0.035857
0 0.015000 0.029880 -0.027778 -0.059761
0 0.007222 0.016932 -0.012222 -0.033865
0 0.007222 0.016932 -0.012222 -0.033865
0 0.001111 0.006972 0.000000 -0.013944
0 0.007222 0.016932 -0.012222 -0.033865
0 0.007222 0.016932 -0.012222 -0.033865
0 0.015000 0.029880 -0.027778 -0.059761
0 0.007222 0.016932 -0.012222 -0.033865
0 0.007222 0.016932 -0.012222 -0.033865
0 0.001111 0.006972 0.000000 -0.013944
0 0.001667 0.006972 -0.001111 -0.013944
0 0.001111 0.006972 0.000000 -0.013944
0 0.007222 0.016932 -0.012222 -0.033865
0 0.007222 0.016932 -0.012222 -0.033865
0 0.001111 0.006972 0.000000 -0.013944
0 0.001111 0.006972 0.000000 -0.013944
0 0.004444 0.008964 -0.006667 -0.017928
0 0.015000 0.029880 -0.027778 -0.059761
0 0.001111 0.006972 0.000000 -0.013944
0 0.001111 0.006972 0.000000 -0.013944
0 0.004444 0.008964 -0.006667 -0.017928
0 0.001111 0.006972 0.000000 -0.013944
0 0.001111 0.006972 0.000000 -0.013944
0 0.001111 0.006972 0.000000 -0.013944
0 0.001111 0.006972 0.000000 -0.013944
0 0.004444 0.008964 -0.006667 -0.017928
0 0.004444 0.008964 -0.006667 -0.017928
0 0.001111 0.006972 0.000000 -0.013944
0 0.001111 0.006972 0.000000 -0.013944
0 0.007222 0.016932 -0.012222 -0.033865
0 0.007222 0.016932 -0.012222 -0.033865
0 0.007222 0.016932 -0.012222 -0.033865
0 0.001111 0.006972 0.000000 -0.013944
0 0.001111 0.006972 0.000000 -0.013944
0 0.015000 0.029880 -0.027778 -0.059761
0 0.001111 0.006972 0.000000 -0.013944
0 0.007222 0.016932 -0.012222 -0.033865
0 0.001111 0.006972 0.000000 -0.013944
0 0.007222 0.016932 -0.012222 -0.033865
0 0.004444 0.008964 -0.006667 -0.017928
0 0.001111 0.006972 0.000000 -0.013944
0 0.001111 0.006972 0.000000 -0.013944
0 0.001111 0.006972 0.000000 -0.013944
0 0.004444 0.008964 -0.006667 -0.017928
0 0.015000 0.029880 -0.027778 -0.059761
0 0.001111 0.006972 0.000000 -0.013944
0 0.004444 0.008964 -0.006667 -0.017928
0 0.001111 0.006972 0.000000 -0.013944
0 0.004444 0.008964 -0.006667 -0.017928
0 0.001111 0.006972 0.000000 -0.013944
0 0.008889 0.017928 -0.015556 -0.035857
0 0.008889 0.017928 -0.015556 -0.035857
0 0.001111 0.006972 0.000000 -0.013944
0 0.008889 0.017928 -0.015556 -0.035857
0 0.008889 0.017928 -0.015556 -0.035857
0 0.001111 0.006972 0.000000 -0.013944
0 0.001111 0.006972 0.000000 -0.013944
0 0.004444 0.008964 -0.006667 -0.017928
0 0.001111 0.006972 0.000000 -0.013944
0 0.001111 0.006972 0.000000 -0.013944
0 0.004444 0.008964 -0.006667 -0.017928
0 0.001111 0.006972 0.000000 -0.013944
0 0.007222 0.016932 -0.012222 -0.033865
0 0.001111 0.006972 0.000000 -0.013944
0 0.004444 0.008964 -0.006667 -0.017928
0 0.004444 0.008964 -0.006667 -0.017928
0 0.001111 0.006972 0.000000 -0.013944
0 0.001111 0.006972 0.000000 -0.013944
0 0.004444 0.008964 -0.006667 -0.017928
0 0.007222 0.016932 -0.012222 -0.033865
0 0.001111 0.006972 0.000000 -0.013944
0 0.008889 0.017928 -0.015556 -0.035857
0 0.008889 0.017928 -0.015556 -0.035857
0 0.007222 0.016932 -0.012222 -0.033865
0 0.007222 0.016932 -0.012222 -0.033865
0 0.007222 0.016932 -0.012222 -0.033865
0 0.007222 0.016932 -0.012222 -0.033865
0 0.004444 0.008964 -0.006667 -0.017928
0 0.004444 0.008964 -0.006667 -0.017928
0 0.001111 0.006972 0.000000 -0.013944
0 0.007222 0.016932 -0.012222 -0.033865
0 0.001111 0.006972 0.000000 -0.013944
0 0.004444 0.008964 -0.006667 -0.017928
0 0.004444 0.008964 -0.006667 -0.017928
0 0.001111 0.006972 0.000000 -0.013944
0 0.004444 0.008964 -0.006667 -0.017928
0 0.008889 0.017928 -0.015556 -0.035857
0 0.001111 0.006972 0.000000 -0.013944
0 0.001111 0.006972 0.000000 -0.013944
0 0.001111 0.006972 0.000000 -0.013944
0 0.004444 0.008964 -0.006667 -0.017928
0 0.004444 0.008964 -0.006667 -0.017928
0 0.004444 0.008964 -0.006667 -0.017928
0 0.004444 0.008964 -0.006667 -0.017928
0 0.008889 0.017928 -0.015556 -0.035857
0 0.001111 0.006972 0.000000 -0.013944
0 0.001111 0.006972 0.000000 -0.013944
0 0.007222 0.016932 -0.012222 -0.033865
0 0.015000 0.029880 -0.027778 -0.059761
0 0.002778 0.007968 -0.003333 -0.015936
0 0.001111 0.006972 0.000000 -0.013944
0 0.007222 0.016932 -0.012222 -0.033865
0 0.015000 0.029880 -0.027778 -0.059761
0 0.004444 0.008964 -0.006667 -0.017928
0 0.001111 0.006972 0.000000 -0.013944
0 0.004444 0.008964 -0.006667 -0.017928
0 0.002778 0.007968 -0.003333 -0.015936
0 0.004444 0.008964 -0.006667 -0.017928
0 0.001111 0.006972 0.000000 -0.013944
0 0.007222 0.016932 -0.012222 -0.033865
0 0.008889 0.017928 -0.015556 -0.035857
0 0.007222 0.016932 -0.012222 -0.033865
0 0.015000 0.029880 -0.027778 -0.059761
0 0.007222 0.016932 -0.012222 -0.033865
0 0.004444 0.008964 -0.006667 -0.017928
0 0.008889 0.017928 -0.015556 -0.035857
0 0.001111 0.006972 0.000000 -0.013944
0 0.015000 0.029880 -0.027778 -0.059761
0 0.001111 0.006972 0.000000 -0.013944
0 0.001111 0.006972 0.000000 -0.013944
0 0.007222 0.016932 -0.012222 -0.033865
0 0.007222 0.016932 -0.012222 -0.033865
0 0.001111 0.006972 0.000000 -0.013944
0 0.001111 0.006972 0.000000 -0.013944
0 0.004444 0.008964 -0.006667 -0.017928
0 0.007222 0.016932 -0.012222 -0.033865
0 0.008889 0.017928 -0.015556 -0.035857
0 0.004444 0.008964 -0.006667 -0.017928
0 0.001111 0.006972 0.000000 -0.013944
0 0.007222 0.016932 -0.012222 -0.033865
0 0.007222 0.016932 -0.012222 -0.033865
0 0.004444 0.008964 -0.006667 -0.017928
0 0.008889 0.017928 -0.015556 -0.035857
0 0.004444 0.008964 -0.006667 -0.017928
0 0.001111 0.006972 0.000000 -0.013944
0 0.004444 0.008964 -0.006667 -0.017928
0 0.007222 0.016932 -0.012222 -0.033865
0 0.008889 0.017928 -0.015556 -0.035857
0 0.004444 0.008964 -0.006667 -0.017928
0 0.007222 0.016932 -0.012222 -0.033865
0 0.007222 0.016932 -0.012222 -0.033865
0 0.001111 0.006972 0.000000 -0.013944
0 0.004444 0.008964 -0.006667 -0.017928
0 0.008889 0.017928 -0.015556 -0.035857
0 0.001111 0.006972 0.000000 -0.013944
0 0.007222 0.016932 -0.012222 -0.033865
0 0.001111 0.006972 0.000000 -0.013944
0 0.001111 0.006972 0.000000 -0.013944
0 0.001111 0.006972 0.000000 -0.013944
0 0.007222 0.016932 -0.012222 -0.033865
0 0.007222 0.016932 -0.012222 -0.033865
0 0.004444 0.008964 -0.006667 -0.017928
0 0.001111 0.006972 0.000000 -0.013944
0 0.001111 0.006972 0.000000 -0.013944
0 0.001111 0.006972 0.000000 -0.013944
0 0.001111 0.006972 0.000000 -0.013944
0 0.008889 0.017928 -0.015556 -0.035857
0 0.007222 0.016932 -0.012222 -0.033865
0 0.004444 0.008964 -0.006667 -0.017928
0 0.004444 0.008964 -0.006667 -0.017928
0 0.004444 0.008964 -0.006667 -0.017928