0 0.025893 0.065957 -0.048214 -0.131915
0 0.025893 0.065957 -0.048214 -0.131915
0 0.025893 0.065957 -0.048214 -0.131915
0 0.025893 0.065957 -0.048214 -0.131915
0 0.025893 0.065957 -0.048214 -0.131915
0 0.025893 0.065957 -0.048214 -0.131915
0 0.010714 0.031915 -0.017857 -0.063830
0 0.025893 0.065957 -0.048214 -0.131915
0 0.025893 0.065957 -0.048214 -0.131915
0 0.025893 0.065957 -0.048214 -0.131915
0 0.025893 0.065957 -0.048214 -0.131915
0 0.025893 0.065957 -0.048214 -0.131915
0 0.025893 0.065957 -0.048214 -0.131915
0 0.025893 0.065957 -0.048214 -0.131915
0 0.025893 0.065957 -0.048214 -0.131915
0 0.025893 0.065957 -0.048214 -0.131915
0 0.025893 0.065957 -0.048214 -0.131915
0 0.025893 0.065957 -0.048214 -0.131915
0 0.025893 0.065957 -0.048214 -0.131915
0 0.025893 0.065957 -0.048214 -0.131915
0 0.025893 0.065957 -0.048214 -0.131915
0 0.025893 0.065957 -0.048214 -0.131915
0 0.025893 0.065957 -0.048214 -0.131915
0 0.025893 0.065957 -0.048214 -0.131915
0 0.010714 0.031915 -0.017857 -0.063830
0 0.025893 0.065957 -0.048214 -0.131915
0 0.025893 0.065957 -0.048214 -0.131915
0 0.025893 0.065957 -0.048214 -0.131915
0 0.025893 0.065957 -0.048214 -0.131915
0 0.025893 0.065957 -0.048214 -0.131915
0 0.025893 0.065957 -0.048214 -0.131915
0 0.025893 0.065957 -0.048214 -0.131915
0 0.025893 0.065957 -0.048214 -0.131915
0 0.025893 0.065957 -0.048214 -0.131915
0 0.025893 0.065957 -0.048214 -0.131915
0 0.025893 0.065957 -0.048214 -0.131915
0 0.025893 0.065957 -0.048214 -0.131915
0 0.025893 0.065957 -0.048214 -0.131915
0 0.025893 0.065957 -0.048214 -0.131915
0 0.025893 0.065957 -0.048214 -0.131915
0 0.025893 0.065957 -0.048214 -0.131915
0 0.025893 0.065957 -0.048214 -0.131915
0 0.025893 0.065957 -0.048214 -0.131915
0 0.025893 0.065957 -0.048214 -0.131915
0 0.025893 0.065957 -0.048214 -0.131915
0 0.025893 0.065957 -0.048214 -0.131915
0 0.025893 0.065957 -0.048214 -0.131915
0 0.025893 0.065957 -0.048214 -0.131915
0 0.025893 0.065957 -0.048214 -0.131915
0 0.025893 0.065957 -0.048214 -0.131915
0 0.025893 0.065957 -0.048214 -0.131915
0 0.025893 0.065957 -0.048214 -0.131915
0 0.025893 0.065957 -0.048214 -0.131915
0 0.025893 0.065957 -0.048214 -0.131915
0 0.025893 0.065957 -0.048214 -0.131915
0 0.025893 0.065957 -0.048214 -0.131915
0 0.025893 0.065957 -0.048214 -0.131915
0 0.025893 0.065957 -0.048214 -0.131915
0 0.025893 0.065957 -0.048214 -0.131915
0 0.025893 0.065957 -0.048214 -0.131915
0 0.025893 0.065957 -0.048214 -0.131915
0 0.025893 0.065957 -0.048214 -0.131915
0 0.025893 0.065957 -0.048214 -0.131915
0 0.010714 0.031915 -0.017857 -0.063830
0 0.025893 0.065957 -0.048214 -0.131915
0 0.025893 0.065957 -0.048214 -0.131915
0 0.025893 0.065957 -0.048214 -0.131915
0 0.025893 0.065957 -0.048214 -0.131915
0 0.025893 0.065957 -0.048214 -0.131915
0 0.025893 0.065957 -0.048214 -0.131915
0 0.025893 0.065957 -0.048214 -0.131915
0 0.025893 0.065957 -0.048214 -0.131915