0 0.010937 0.027083 -0.020313 -0.051389
0 0.030859 0.059028 -0.060156 -0.118056
0 0.030859 0.059028 -0.060156 -0.118056
0 0.031250 0.059028 -0.059375 -0.118056
0 0.021094 0.038194 -0.040625 -0.073611
0 0.010937 0.027083 -0.020313 -0.051389
0 0.021094 0.038194 -0.040625 -0.073611
0 0.021094 0.038194 -0.040625 -0.073611
0 0.021094 0.038194 -0.040625 -0.073611
0 0.010937 0.027083 -0.020313 -0.051389
0 0.010937 0.027083 -0.020313 -0.051389
0 0.010937 0.027083 -0.020313 -0.051389
0 0.038281 0.088889 -0.075000 -0.177778
0 0.030859 0.059028 -0.060156 -0.118056
0 0.021094 0.038194 -0.040625 -0.073611
0 0.031250 0.059028 -0.059375 -0.118056
0 0.010937 0.027083 -0.020313 -0.051389
0 0.028906 0.071528 -0.056250 -0.143056
0 0.038281 0.088889 -0.075000 -0.177778
0 0.038281 0.089583 -0.075000 -0.176389
0 0.021094 0.038194 -0.040625 -0.073611
0 0.030859 0.059722 -0.060156 -0.116667
0 0.010937 0.027083 -0.020313 -0.051389
0 0.030859 0.059028 -0.060156 -0.118056
0 0.010937 0.027083 -0.020313 -0.051389
0 0.038281 0.088889 -0.075000 -0.177778
0 0.038281 0.088889 -0.075000 -0.177778
0 0.028906 0.072222 -0.056250 -0.141667
0 0.010937 0.027083 -0.020313 -0.051389
0 0.010937 0.027083 -0.020313 -0.051389
0 0.010937 0.027083 -0.020313 -0.051389
0 0.030859 0.059722 -0.060156 -0.116667
0 0.010937 0.027083 -0.020313 -0.051389
0 0.021094 0.038194 -0.040625 -0.073611
0 0.038281 0.088889 -0.075000 -0.177778
0 0.021094 0.038194 -0.040625 -0.073611
0 0.010937 0.027083 -0.020313 -0.051389
0 0.030859 0.059722 -0.060156 -0.116667
0 0.030859 0.059028 -0.060156 -0.118056
0 0.038281 0.088889 -0.075000 -0.177778
0 0.021094 0.038194 -0.040625 -0.073611
0 0.021094 0.038194 -0.040625 -0.073611
0 0.010937 0.027083 -0.020313 -0.051389
0 0.038281 0.089583 -0.075000 -0.176389
0 0.010937 0.027083 -0.020313 -0.051389
0 0.021484 0.056250 -0.041406 -0.112500
0 0.030859 0.059028 -0.060156 -0.118056
0 0.021094 0.038194 -0.040625 -0.073611
0 0.010937 0.027083 -0.020313 -0.051389
0 0.010937 0.027083 -0.020313 -0.051389
0 0.010937 0.027083 -0.020313 -0.051389
0 0.010937 0.027083 -0.020313 -0.051389