0 0.006667 0.012685 -0.011111 -0.025370
0 0.010556 0.028541 -0.018889 -0.057082
0 0.010556 0.028541 -0.018889 -0.057082
0 0.006667 0.012685 -0.011111 -0.025370
0 0.010556 0.028541 -0.018889 -0.057082
0 0.010556 0.028541 -0.018889 -0.057082
0 0.004444 0.008457 -0.006667 -0.016913
0 0.015000 0.029598 -0.027778 -0.059197
0 0.006667 0.012685 -0.011111 -0.025370
0 0.006667 0.012685 -0.011111 -0.025370
0 0.006667 0.012685 -0.011111 -0.025370
0 0.006667 0.012685 -0.011111 -0.025370
0 0.006667 0.012685 -0.011111 -0.025370
0 0.004444 0.010571 -0.006667 -0.021142
0 0.006667 0.012685 -0.011111 -0.025370
0 0.010556 0.028541 -0.018889 -0.057082
0 0.010556 0.028541 -0.018889 -0.057082
0 0.015000 0.029598 -0.027778 -0.059197
0 0.005000 0.010571 -0.007778 -0.021142
0 0.017778 0.035941 -0.033333 -0.071882
0 0.006667 0.012685 -0.011111 -0.025370
0 0.006667 0.012685 -0.011111 -0.025370
0 0.010556 0.028541 -0.018889 -0.057082
0 0.015000 0.029598 -0.027778 -0.059197
0 0.006667 0.012685 -0.011111 -0.025370
0 0.006667 0.012685 -0.011111 -0.025370
0 0.010556 0.028541 -0.018889 -0.057082
0 0.004444 0.010571 -0.006667 -0.021142
0 0.006667 0.012685 -0.011111 -0.025370
0 0.006667 0.012685 -0.011111 -0.025370
0 0.006667 0.012685 -0.011111 -0.025370
0 0.006667 0.012685 -0.011111 -0.025370
0 0.004444 0.010571 -0.006667 -0.021142
0 0.006667 0.012685 -0.011111 -0.025370
0 0.006667 0.012685 -0.011111 -0.025370
0 0.006667 0.012685 -0.011111 -0.025370
0 0.010556 0.028541 -0.018889 -0.057082
0 0.015000 0.029598 -0.027778 -0.059197
0 0.010556 0.028541 -0.018889 -0.057082
0 0.006667 0.012685 -0.011111 -0.025370
0 0.006667 0.012685 -0.011111 -0.025370
0 0.006667 0.012685 -0.011111 -0.025370
0 0.010556 0.028541 -0.018889 -0.057082
0 0.010556 0.028541 -0.018889 -0.057082
0 0.010556 0.028541 -0.018889 -0.057082
0 0.006667 0.012685 -0.011111 -0.025370
0 0.006667 0.012685 -0.011111 -0.025370
0 0.006667 0.012685 -0.011111 -0.025370
0 0.010556 0.028541 -0.018889 -0.057082
0 0.006667 0.012685 -0.011111 -0.025370
0 0.010556 0.028541 -0.018889 -0.057082
0 0.006667 0.012685 -0.011111 -0.025370
0 0.006667 0.012685 -0.011111 -0.025370
0 0.006667 0.012685 -0.011111 -0.025370
0 0.010556 0.028541 -0.018889 -0.057082
0 0.006667 0.012685 -0.011111 -0.025370
0 0.010556 0.028541 -0.018889 -0.057082
0 0.002222 0.002114 -0.002222 -0.004228
0 0.010556 0.028541 -0.018889 -0.057082
0 0.015000 0.029598 -0.027778 -0.059197
0 0.002222 0.002114 -0.002222 -0.004228
0 0.010556 0.028541 -0.018889 -0.057082
0 0.004444 0.010571 -0.006667 -0.021142
0 0.006667 0.012685 -0.011111 -0.025370
0 0.004444 0.008457 -0.006667 -0.016913
0 0.006667 0.012685 -0.011111 -0.025370
0 0.006667 0.012685 -0.011111 -0.025370
0 0.006667 0.012685 -0.011111 -0.025370
0 0.015000 0.029598 -0.027778 -0.059197
0 0.010556 0.028541 -0.018889 -0.057082
0 0.006667 0.012685 -0.011111 -0.025370
0 0.010556 0.028541 -0.018889 -0.057082
0 0.006667 0.012685 -0.011111 -0.025370
0 0.006667 0.012685 -0.011111 -0.025370
0 0.006667 0.012685 -0.011111 -0.025370
0 0.015000 0.029598 -0.027778 -0.059197
0 0.010556 0.028541 -0.018889 -0.057082
0 0.010556 0.028541 -0.018889 -0.057082
0 0.004444 0.010571 -0.006667 -0.021142
0 0.010556 0.028541 -0.018889 -0.057082
0 0.006667 0.012685 -0.011111 -0.025370
0 0.006667 0.012685 -0.011111 -0.025370
0 0.005000 0.010571 -0.007778 -0.021142
0 0.010556 0.028541 -0.018889 -0.057082
0 0.015000 0.029598 -0.027778 -0.059197
0 0.010556 0.028541 -0.018889 -0.057082
0 0.006667 0.012685 -0.011111 -0.025370
0 0.015000 0.029598 -0.027778 -0.059197
0 0.015000 0.029598 -0.027778 -0.059197
0 0.010556 0.028541 -0.018889 -0.057082
0 0.006667 0.012685 -0.011111 -0.025370
0 0.006667 0.012685 -0.011111 -0.025370
0 0.002222 0.002114 -0.002222 -0.004228
0 0.006667 0.012685 -0.011111 -0.025370
0 0.010556 0.028541 -0.018889 -0.057082
0 0.004444 0.010571 -0.006667 -0.021142
0 0.007778 0.020085 -0.013333 -0.040169
0 0.015000 0.029598 -0.027778 -0.059197
0 0.006667 0.012685 -0.011111 -0.025370
0 0.004444 0.010571 -0.006667 -0.021142
0 0.006667 0.012685 -0.011111 -0.025370
0 0.010556 0.028541 -0.018889 -0.057082
0 0.004444 0.010571 -0.006667 -0.021142
0 0.006667 0.012685 -0.011111 -0.025370
0 0.010556 0.028541 -0.018889 -0.057082
0 0.010556 0.028541 -0.018889 -0.057082
0 0.006667 0.012685 -0.011111 -0.025370
0 0.010556 0.028541 -0.018889 -0.057082
0 0.006667 0.012685 -0.011111 -0.025370
0 0.010556 0.028541 -0.018889 -0.057082
0 0.010556 0.028541 -0.018889 -0.057082
0 0.010556 0.028541 -0.018889 -0.057082
0 0.015000 0.029598 -0.027778 -0.059197
0 0.006667 0.012685 -0.011111 -0.025370
0 0.006667 0.012685 -0.011111 -0.025370
0 0.010556 0.028541 -0.018889 -0.057082
0 0.006667 0.012685 -0.011111 -0.025370
0 0.010556 0.028541 -0.018889 -0.057082
0 0.010556 0.028541 -0.018889 -0.057082
0 0.006667 0.012685 -0.011111 -0.025370
0 0.010556 0.028541 -0.018889 -0.057082
0 0.006667 0.012685 -0.011111 -0.025370
0 0.002222 0.002114 -0.002222 -0.004228
0 0.006667 0.012685 -0.011111 -0.025370
0 0.006667 0.012685 -0.011111 -0.025370
0 0.010556 0.028541 -0.018889 -0.057082
0 0.010556 0.028541 -0.018889 -0.057082
0 0.010556 0.028541 -0.018889 -0.057082
0 0.010556 0.028541 -0.018889 -0.057082
0 0.006667 0.012685 -0.011111 -0.025370
0 0.006667 0.012685 -0.011111 -0.025370
0 0.010556 0.028541 -0.018889 -0.057082
0 0.010556 0.028541 -0.018889 -0.057082
0 0.014444 0.043340 -0.026667 -0.086681
0 0.006667 0.012685 -0.011111 -0.025370
0 0.006667 0.012685 -0.011111 -0.025370
0 0.006667 0.012685 -0.011111 -0.025370
0 0.010556 0.028541 -0.018889 -0.057082
0 0.006667 0.012685 -0.011111 -0.025370
0 0.006667 0.012685 -0.011111 -0.025370
0 0.006667 0.012685 -0.011111 -0.025370
0 0.006667 0.012685 -0.011111 -0.025370
0 0.006667 0.012685 -0.011111 -0.025370
0 0.010556 0.028541 -0.018889 -0.057082
0 0.006667 0.012685 -0.011111 -0.025370
0 0.015000 0.029598 -0.027778 -0.059197
0 0.005000 0.010571 -0.007778 -0.021142
0 0.006667 0.012685 -0.011111 -0.025370
0 0.006667 0.012685 -0.011111 -0.025370
0 0.010556 0.028541 -0.018889 -0.057082
0 0.010556 0.028541 -0.018889 -0.057082
0 0.006667 0.012685 -0.011111 -0.025370
0 0.006667 0.012685 -0.011111 -0.025370
0 0.006667 0.012685 -0.011111 -0.025370
0 0.006667 0.012685 -0.011111 -0.025370
0 0.010556 0.028541 -0.018889 -0.057082
0 0.006667 0.012685 -0.011111 -0.025370
0 0.006667 0.012685 -0.011111 -0.025370
0 0.015000 0.029598 -0.027778 -0.059197
0 0.015000 0.029598 -0.027778 -0.059197
0 0.006667 0.012685 -0.011111 -0.025370
0 0.006667 0.012685 -0.011111 -0.025370
0 0.010556 0.028541 -0.018889 -0.057082
0 0.014444 0.043340 -0.026667 -0.086681
0 0.010556 0.028541 -0.018889 -0.057082
0 0.010556 0.028541 -0.018889 -0.057082
0 0.010556 0.028541 -0.018889 -0.057082
0 0.015000 0.029598 -0.027778 -0.059197
0 0.010556 0.028541 -0.018889 -0.057082
0 0.006667 0.012685 -0.011111 -0.025370
0 0.006667 0.012685 -0.011111 -0.025370
0 0.010556 0.028541 -0.018889 -0.057082
0 0.010556 0.028541 -0.018889 -0.057082
0 0.006667 0.012685 -0.011111 -0.025370
0 0.010556 0.028541 -0.018889 -0.057082
0 0.010556 0.028541 -0.018889 -0.057082
0 0.007778 0.020085 -0.013333 -0.040169
0 0.006667 0.012685 -0.011111 -0.025370
0 0.006667 0.012685 -0.011111 -0.025370
0 0.006667 0.012685 -0.011111 -0.025370
0 0.010556 0.028541 -0.018889 -0.057082
0 0.006667 0.012685 -0.011111 -0.025370
0 0.006667 0.012685 -0.011111 -0.025370