0 0.062778 0.112500 -0.123333 -0.225000
0 0.022778 0.049167 -0.043333 -0.098333
0 0.047222 0.103333 -0.092222 -0.206667
0 0.022778 0.050000 -0.043333 -0.096667
0 0.035000 0.060833 -0.067778 -0.121667
0 0.015556 0.029167 -0.028889 -0.055000
0 0.044444 0.067500 -0.086667 -0.135000
0 0.035556 0.071667 -0.068889 -0.140000
0 0.035556 0.070833 -0.068889 -0.141667
0 0.015556 0.029167 -0.028889 -0.055000
0 0.050000 0.091667 -0.097778 -0.183333
0 0.041667 0.096667 -0.081111 -0.193333
0 0.016667 0.036667 -0.031111 -0.070000