0 0.006771 0.014815 -0.012500 -0.029630
0 0.007031 0.018056 -0.013021 -0.036111
0 0.021875 0.056481 -0.042708 -0.112963
0 0.018490 0.033333 -0.035937 -0.066667
0 0.010677 0.024074 -0.020313 -0.048148
0 0.013021 0.025000 -0.025000 -0.050000
0 0.018490 0.033333 -0.035937 -0.066667
0 0.012240 0.022685 -0.023438 -0.045370
0 0.006771 0.014815 -0.012500 -0.029630
0 0.004687 0.008796 -0.008333 -0.017593
0 0.025260 0.047685 -0.049479 -0.095370
0 0.014583 0.022685 -0.028125 -0.045370
0 0.006771 0.014815 -0.012500 -0.029630
0 0.047917 0.093519 -0.094792 -0.187037
0 0.006771 0.014815 -0.012500 -0.029630
0 0.006510 0.017130 -0.011979 -0.034259
0 0.009115 0.023148 -0.017188 -0.046296
0 0.012760 0.031481 -0.024479 -0.062963
0 0.004687 0.008796 -0.008333 -0.017593
0 0.006510 0.017130 -0.011979 -0.034259
0 0.006771 0.014815 -0.012500 -0.029630
0 0.025260 0.047685 -0.049479 -0.095370
0 0.013021 0.025000 -0.025000 -0.050000
0 0.047917 0.093519 -0.094792 -0.187037
0 0.004687 0.008796 -0.008333 -0.017593
0 0.025260 0.047685 -0.049479 -0.095370
0 0.006771 0.014815 -0.012500 -0.029630
0 0.010677 0.024074 -0.020313 -0.048148
0 0.012240 0.022685 -0.023438 -0.045370
0 0.039583 0.056481 -0.078125 -0.112963
0 0.011198 0.018519 -0.021354 -0.037037
0 0.006771 0.014815 -0.012500 -0.029630
0 0.006771 0.014815 -0.012500 -0.029630
0 0.009115 0.023148 -0.017188 -0.046296
0 0.006771 0.014815 -0.012500 -0.029630
0 0.013802 0.031481 -0.026562 -0.062963
0 0.006510 0.017130 -0.011979 -0.034259
0 0.047917 0.093519 -0.094792 -0.187037
0 0.009896 0.022222 -0.018750 -0.044444
0 0.014583 0.022685 -0.028125 -0.045370
0 0.009115 0.023148 -0.017188 -0.046296
0 0.006771 0.014815 -0.012500 -0.029630
0 0.004687 0.008796 -0.008333 -0.017593
0 0.018490 0.033333 -0.035937 -0.066667
0 0.009115 0.023148 -0.017188 -0.046296
0 0.025260 0.047685 -0.049479 -0.095370
0 0.013802 0.031481 -0.026562 -0.062963