0 0.012759 0.038462 -0.022329 -0.076923
0 0.010367 0.029412 -0.017544 -0.058824
0 0.012759 0.038462 -0.022329 -0.076923
0 0.010367 0.029412 -0.017544 -0.058824
0 0.014354 0.052036 -0.025518 -0.104072
0 0.011164 0.036199 -0.019139 -0.072398
0 0.011164 0.033937 -0.019139 -0.067873
0 0.012759 0.045249 -0.022329 -0.090498
0 0.011164 0.029412 -0.015949 -0.058824
0 0.011164 0.036199 -0.019139 -0.072398
0 0.010367 0.029412 -0.017544 -0.058824
0 0.010367 0.029412 -0.017544 -0.058824
0 0.007974 0.022624 -0.012759 -0.045249
0 0.007974 0.022624 -0.012759 -0.045249
0 0.012759 0.045249 -0.022329 -0.090498
0 0.010367 0.029412 -0.017544 -0.058824
0 0.007974 0.022624 -0.012759 -0.045249
0 0.013557 0.040724 -0.023923 -0.081448
0 0.012759 0.045249 -0.022329 -0.090498
0 0.007974 0.022624 -0.012759 -0.045249
0 0.010367 0.029412 -0.017544 -0.058824
0 0.010367 0.029412 -0.017544 -0.058824
0 0.007974 0.022624 -0.012759 -0.045249
0 0.010367 0.029412 -0.017544 -0.058824
0 0.013557 0.040724 -0.023923 -0.081448
0 0.009569 0.045249 -0.015949 -0.090498
0 0.010367 0.029412 -0.017544 -0.058824
0 0.020734 0.085973 -0.038278 -0.171946
0 0.007974 0.022624 -0.012759 -0.045249
0 0.012759 0.045249 -0.022329 -0.090498
0 0.012759 0.045249 -0.022329 -0.090498
0 0.012759 0.045249 -0.022329 -0.090498
0 0.036683 0.147059 -0.070175 -0.294118
0 0.011164 0.036199 -0.019139 -0.072398
0 0.012759 0.045249 -0.022329 -0.090498
0 0.012759 0.045249 -0.022329 -0.090498
0 0.011164 0.033937 -0.019139 -0.067873
0 0.007974 0.022624 -0.012759 -0.045249
0 0.012759 0.038462 -0.022329 -0.076923
0 0.012759 0.040724 -0.022329 -0.081448
0 0.012759 0.045249 -0.022329 -0.090498
0 0.012759 0.045249 -0.022329 -0.090498
0 0.012759 0.045249 -0.022329 -0.090498
0 0.007974 0.022624 -0.012759 -0.045249
0 0.012759 0.045249 -0.022329 -0.090498
0 0.011164 0.036199 -0.019139 -0.072398
0 0.011164 0.033937 -0.019139 -0.067873
0 0.020734 0.085973 -0.038278 -0.171946
0 0.009569 0.045249 -0.015949 -0.090498
0 0.010367 0.029412 -0.017544 -0.058824
0 0.014354 0.052036 -0.025518 -0.104072
0 0.011164 0.033937 -0.019139 -0.067873
0 0.011164 0.029412 -0.015949 -0.058824
0 0.011164 0.033937 -0.019139 -0.067873
0 0.012759 0.045249 -0.022329 -0.090498
0 0.013557 0.040724 -0.023923 -0.081448
0 0.011164 0.033937 -0.019139 -0.067873
0 0.036683 0.147059 -0.070175 -0.294118
0 0.012759 0.038462 -0.022329 -0.076923
0 0.012759 0.045249 -0.022329 -0.090498
0 0.011164 0.033937 -0.019139 -0.067873
0 0.010367 0.029412 -0.017544 -0.058824
0 0.010367 0.029412 -0.017544 -0.058824
0 0.011962 0.038462 -0.020734 -0.076923
0 0.009569 0.045249 -0.015949 -0.090498
0 0.013557 0.040724 -0.023923 -0.081448
0 0.011164 0.036199 -0.019139 -0.072398
0 0.011164 0.033937 -0.019139 -0.067873
0 0.012759 0.045249 -0.022329 -0.090498
0 0.011164 0.033937 -0.019139 -0.067873
0 0.012759 0.045249 -0.022329 -0.090498
0 0.010367 0.029412 -0.017544 -0.058824