0 0.015000 0.021226 -0.026667 -0.042453
0 0.014167 0.021226 -0.025000 -0.042453
0 0.015000 0.021226 -0.026667 -0.042453
0 0.015000 0.021226 -0.026667 -0.042453
0 0.015000 0.021226 -0.026667 -0.042453
0 0.014167 0.021226 -0.025000 -0.042453
0 0.014167 0.021226 -0.025000 -0.042453
0 0.015000 0.021226 -0.026667 -0.042453
0 0.019167 0.033019 -0.035000 -0.066038
0 0.014167 0.021226 -0.025000 -0.042453
0 0.015000 0.021226 -0.023333 -0.042453
0 0.015000 0.021226 -0.026667 -0.042453
0 0.015000 0.021226 -0.026667 -0.042453
0 0.014167 0.021226 -0.025000 -0.042453
0 0.019167 0.033019 -0.035000 -0.066038
0 0.014167 0.021226 -0.025000 -0.042453
0 0.015000 0.021226 -0.023333 -0.042453
0 0.014167 0.021226 -0.025000 -0.042453
0 0.014167 0.021226 -0.025000 -0.042453
0 0.014167 0.021226 -0.025000 -0.042453
0 0.014167 0.021226 -0.025000 -0.042453
0 0.024167 0.034198 -0.045000 -0.068396
0 0.014167 0.021226 -0.025000 -0.042453
0 0.014167 0.021226 -0.025000 -0.042453
0 0.014167 0.021226 -0.025000 -0.042453
0 0.014167 0.021226 -0.025000 -0.042453
0 0.015000 0.021226 -0.026667 -0.042453
0 0.014167 0.021226 -0.025000 -0.042453
0 0.015000 0.021226 -0.026667 -0.042453
0 0.014167 0.021226 -0.025000 -0.042453
0 0.014167 0.021226 -0.025000 -0.042453
0 0.015000 0.021226 -0.026667 -0.042453
0 0.014167 0.021226 -0.025000 -0.042453
0 0.014167 0.021226 -0.025000 -0.042453
0 0.014167 0.021226 -0.025000 -0.042453
0 0.015000 0.021226 -0.026667 -0.042453
0 0.014167 0.021226 -0.025000 -0.042453
0 0.014167 0.021226 -0.025000 -0.042453
0 0.014167 0.021226 -0.025000 -0.042453
0 0.014167 0.021226 -0.025000 -0.042453
0 0.015000 0.021226 -0.026667 -0.042453
0 0.015000 0.021226 -0.026667 -0.042453
0 0.014167 0.021226 -0.025000 -0.042453
0 0.014167 0.021226 -0.025000 -0.042453
0 0.014167 0.021226 -0.025000 -0.042453
0 0.014167 0.021226 -0.025000 -0.042453
0 0.014167 0.021226 -0.025000 -0.042453
0 0.014167 0.021226 -0.025000 -0.042453
0 0.014167 0.021226 -0.025000 -0.042453
0 0.015000 0.021226 -0.026667 -0.042453
0 0.019167 0.033019 -0.035000 -0.066038
0 0.015000 0.021226 -0.026667 -0.042453
0 0.015000 0.021226 -0.026667 -0.042453
0 0.015000 0.021226 -0.026667 -0.042453
0 0.015833 0.023585 -0.028333 -0.047170
0 0.014167 0.021226 -0.025000 -0.042453
0 0.015000 0.021226 -0.026667 -0.042453
0 0.014167 0.021226 -0.025000 -0.042453
0 0.014167 0.021226 -0.025000 -0.042453
0 0.014167 0.021226 -0.025000 -0.042453
0 0.015000 0.021226 -0.026667 -0.042453
0 0.014167 0.021226 -0.025000 -0.042453
0 0.014167 0.021226 -0.025000 -0.042453
0 0.014167 0.021226 -0.025000 -0.042453
0 0.014167 0.021226 -0.025000 -0.042453
0 0.014167 0.021226 -0.025000 -0.042453
0 0.015000 0.021226 -0.026667 -0.042453
0 0.014167 0.021226 -0.025000 -0.042453
0 0.014167 0.021226 -0.025000 -0.042453
0 0.019167 0.033019 -0.035000 -0.066038
0 0.015000 0.021226 -0.023333 -0.042453
0 0.015000 0.021226 -0.026667 -0.042453
0 0.014167 0.021226 -0.025000 -0.042453
0 0.015000 0.021226 -0.023333 -0.042453
0 0.015000 0.021226 -0.026667 -0.042453
0 0.015000 0.021226 -0.026667 -0.042453
0 0.015000 0.021226 -0.026667 -0.042453
0 0.014167 0.021226 -0.025000 -0.042453
0 0.014167 0.021226 -0.025000 -0.042453
0 0.019167 0.033019 -0.035000 -0.066038
0 0.019167 0.033019 -0.035000 -0.066038
0 0.015000 0.021226 -0.026667 -0.042453
0 0.015000 0.021226 -0.026667 -0.042453
0 0.014167 0.021226 -0.025000 -0.042453
0 0.014167 0.021226 -0.025000 -0.042453
0 0.014167 0.021226 -0.025000 -0.042453
0 0.015000 0.021226 -0.026667 -0.042453
0 0.014167 0.021226 -0.025000 -0.042453
0 0.024167 0.034198 -0.045000 -0.068396
0 0.014167 0.021226 -0.025000 -0.042453
0 0.014167 0.021226 -0.025000 -0.042453
0 0.014167 0.021226 -0.025000 -0.042453
0 0.014167 0.021226 -0.025000 -0.042453
0 0.014167 0.021226 -0.025000 -0.042453
0 0.014167 0.021226 -0.025000 -0.042453