0 0.007184 0.008791 -0.011494 -0.017582
0 0.008621 0.010989 -0.014368 -0.021978
0 0.007184 0.008791 -0.011494 -0.017582
0 0.007184 0.008791 -0.011494 -0.017582
0 0.007184 0.009890 -0.011494 -0.019780
0 0.007184 0.008791 -0.011494 -0.017582
0 0.007184 0.008791 -0.011494 -0.017582
0 0.011494 0.016484 -0.020115 -0.032967
0 0.008621 0.010989 -0.014368 -0.021978
0 0.008621 0.010989 -0.014368 -0.021978
0 0.028736 0.045055 -0.054598 -0.090110
0 0.007184 0.009890 -0.011494 -0.019780
0 0.020115 0.025275 -0.037356 -0.050549
0 0.015086 0.025275 -0.027299 -0.050549
0 0.008621 0.010989 -0.014368 -0.021978
0 0.039511 0.063736 -0.076149 -0.127473
0 0.012931 0.015385 -0.022989 -0.030769
0 0.022270 0.038462 -0.041667 -0.076923
0 0.022270 0.038462 -0.041667 -0.076923
0 0.011494 0.016484 -0.020115 -0.032967
0 0.007184 0.008791 -0.011494 -0.017582
0 0.022270 0.038462 -0.041667 -0.076923
0 0.028736 0.039560 -0.054598 -0.079121
0 0.007184 0.008791 -0.011494 -0.017582
0 0.022270 0.038462 -0.041667 -0.076923
0 0.012931 0.015385 -0.022989 -0.030769
0 0.008621 0.010989 -0.014368 -0.021978
0 0.016523 0.020879 -0.030172 -0.041758
0 0.041667 0.054945 -0.080460 -0.109890
0 0.011494 0.016484 -0.020115 -0.032967
0 0.007184 0.008791 -0.011494 -0.017582
0 0.008621 0.010989 -0.014368 -0.021978
0 0.011494 0.016484 -0.020115 -0.032967
0 0.020115 0.025275 -0.037356 -0.050549
0 0.020115 0.025275 -0.037356 -0.050549
0 0.012931 0.015385 -0.022989 -0.030769
0 0.007184 0.008791 -0.011494 -0.017582
0 0.012931 0.015385 -0.022989 -0.030769
0 0.008621 0.010989 -0.014368 -0.021978
0 0.008621 0.010989 -0.014368 -0.021978
0 0.007184 0.008791 -0.011494 -0.017582
0 0.007184 0.008791 -0.011494 -0.017582
0 0.041667 0.054945 -0.080460 -0.109890
0 0.008621 0.010989 -0.014368 -0.021978
0 0.028736 0.039560 -0.054598 -0.079121
0 0.020115 0.025275 -0.037356 -0.050549
0 0.016523 0.020879 -0.030172 -0.041758
0 0.007184 0.008791 -0.011494 -0.017582