0 0.049000 0.108631 -0.094000 -0.217262
0 0.049000 0.080357 -0.094000 -0.160714
0 0.049000 0.080357 -0.094000 -0.160714
0 0.049000 0.093750 -0.094000 -0.187500
0 0.048000 0.092262 -0.092000 -0.184524
0 0.066000 0.110119 -0.128000 -0.220238
0 0.049000 0.080357 -0.094000 -0.160714
0 0.048000 0.092262 -0.092000 -0.184524
0 0.049000 0.080357 -0.094000 -0.160714
0 0.049000 0.093750 -0.094000 -0.187500
0 0.049000 0.080357 -0.094000 -0.160714
0 0.049000 0.108631 -0.094000 -0.217262
0 0.049000 0.086310 -0.094000 -0.172619
0 0.048000 0.092262 -0.092000 -0.184524
0 0.049000 0.080357 -0.094000 -0.160714
0 0.049000 0.108631 -0.094000 -0.217262
0 0.049000 0.080357 -0.094000 -0.160714
0 0.049000 0.080357 -0.094000 -0.160714
0 0.048000 0.086310 -0.092000 -0.172619
0 0.049000 0.108631 -0.094000 -0.217262
0 0.049000 0.080357 -0.094000 -0.160714