0 0.053646 0.100234 -0.106250 -0.200468
0 0.030469 0.052262 -0.059896 -0.102964
0 0.030469 0.052262 -0.059896 -0.102964
0 0.034635 0.055772 -0.068229 -0.109984
0 0.035156 0.055772 -0.067187 -0.109984
0 0.036198 0.066693 -0.071354 -0.131825
0 0.029687 0.053822 -0.058333 -0.106084
0 0.015365 0.022621 -0.029687 -0.043682
0 0.020313 0.037441 -0.039583 -0.073323
0 0.019531 0.035491 -0.038021 -0.069423
0 0.030469 0.052262 -0.059896 -0.102964
0 0.035156 0.055772 -0.067187 -0.109984
0 0.028385 0.046802 -0.055729 -0.092044
0 0.015365 0.022621 -0.029687 -0.043682