0 0.022581 0.039007 -0.041935 -0.078014
0 0.011290 0.017730 -0.019355 -0.035461
0 0.012097 0.017730 -0.017742 -0.035461
0 0.008065 0.010638 -0.012903 -0.021277
0 0.011290 0.017730 -0.019355 -0.035461
0 0.011290 0.017730 -0.019355 -0.035461
0 0.018548 0.035461 -0.033871 -0.070922
0 0.011290 0.017730 -0.019355 -0.035461
0 0.016129 0.024823 -0.029032 -0.049645
0 0.011290 0.017730 -0.019355 -0.035461
0 0.012097 0.017730 -0.017742 -0.035461
0 0.011290 0.017730 -0.019355 -0.035461
0 0.032258 0.054374 -0.061290 -0.108747
0 0.008065 0.010638 -0.012903 -0.021277
0 0.012097 0.017730 -0.017742 -0.035461
0 0.008065 0.010638 -0.012903 -0.021277
0 0.037097 0.062648 -0.070968 -0.125296
0 0.016129 0.024823 -0.029032 -0.049645
0 0.016129 0.024823 -0.029032 -0.049645
0 0.004032 0.008274 -0.004839 -0.016548
0 0.011290 0.017730 -0.019355 -0.035461
0 0.011290 0.017730 -0.019355 -0.035461
0 0.013710 0.021277 -0.024194 -0.042553
0 0.011290 0.017730 -0.019355 -0.035461
0 0.013710 0.021277 -0.024194 -0.042553
0 0.032258 0.054374 -0.061290 -0.108747
0 0.011290 0.017730 -0.019355 -0.035461
0 0.012097 0.017730 -0.017742 -0.035461
0 0.004032 0.008274 -0.004839 -0.016548
0 0.011290 0.017730 -0.019355 -0.035461
0 0.004032 0.009456 -0.004839 -0.018913
0 0.012097 0.017730 -0.017742 -0.035461
0 0.011290 0.017730 -0.019355 -0.035461
0 0.011290 0.017730 -0.019355 -0.035461
0 0.037097 0.062648 -0.070968 -0.125296
0 0.008065 0.010638 -0.012903 -0.021277
0 0.023387 0.039007 -0.043548 -0.078014
0 0.011290 0.017730 -0.019355 -0.035461
0 0.027419 0.043735 -0.051613 -0.087470
0 0.004032 0.008274 -0.004839 -0.016548
0 0.012097 0.017730 -0.017742 -0.035461
0 0.008065 0.010638 -0.012903 -0.021277
0 0.008065 0.010638 -0.012903 -0.021277
0 0.004032 0.008274 -0.004839 -0.016548
0 0.011290 0.017730 -0.019355 -0.035461
0 0.011290 0.017730 -0.019355 -0.035461
0 0.027419 0.043735 -0.051613 -0.087470
0 0.013710 0.021277 -0.024194 -0.042553
0 0.022581 0.039007 -0.041935 -0.078014
0 0.017742 0.027187 -0.032258 -0.054374
0 0.022581 0.039007 -0.041935 -0.078014
0 0.013710 0.021277 -0.024194 -0.042553
0 0.008065 0.010638 -0.012903 -0.021277
0 0.012097 0.017730 -0.017742 -0.035461
0 0.027419 0.043735 -0.051613 -0.087470
0 0.017742 0.027187 -0.032258 -0.054374
0 0.011290 0.017730 -0.019355 -0.035461
0 0.013710 0.021277 -0.024194 -0.042553
0 0.018548 0.035461 -0.033871 -0.070922
0 0.012097 0.017730 -0.017742 -0.035461
0 0.012097 0.017730 -0.017742 -0.035461
0 0.012097 0.017730 -0.017742 -0.035461
0 0.017742 0.027187 -0.032258 -0.054374
0 0.017742 0.027187 -0.032258 -0.054374
0 0.011290 0.017730 -0.019355 -0.035461
0 0.016129 0.024823 -0.029032 -0.049645