0 0.007456 0.010540 -0.013158 -0.021080
0 0.003947 0.005929 -0.006140 -0.011858
0 0.003947 0.005929 -0.006140 -0.011858
0 0.003947 0.005929 -0.006140 -0.011858
0 0.003509 0.005270 -0.005263 -0.010540
0 0.003509 0.005270 -0.005263 -0.010540
0 0.003509 0.005270 -0.005263 -0.010540
0 0.003947 0.007905 -0.006140 -0.015810
0 0.003947 0.005929 -0.006140 -0.011858
0 0.007456 0.010540 -0.013158 -0.021080
0 0.003947 0.007905 -0.006140 -0.015810
0 0.003947 0.005929 -0.006140 -0.011858
0 0.003509 0.005270 -0.005263 -0.010540
0 0.003947 0.005929 -0.006140 -0.011858
0 0.003509 0.005270 -0.005263 -0.010540
0 0.003947 0.005929 -0.006140 -0.011858
0 0.007456 0.010540 -0.013158 -0.021080
0 0.003947 0.007905 -0.006140 -0.015810
0 0.003947 0.005929 -0.006140 -0.011858
0 0.003947 0.005929 -0.006140 -0.011858
0 0.007456 0.010540 -0.013158 -0.021080
0 0.007456 0.010540 -0.013158 -0.021080
0 0.003947 0.005929 -0.006140 -0.011858
0 0.003947 0.005929 -0.006140 -0.011858
0 0.003947 0.005929 -0.006140 -0.011858
0 0.003947 0.007905 -0.006140 -0.015810
0 0.012281 0.023057 -0.022807 -0.046113
0 0.003947 0.005929 -0.006140 -0.011858
0 0.003947 0.005929 -0.006140 -0.011858
0 0.003947 0.007905 -0.006140 -0.015810
0 0.003947 0.007905 -0.006140 -0.015810
0 0.003947 0.005929 -0.006140 -0.011858
0 0.003947 0.005929 -0.006140 -0.011858
0 0.003947 0.007905 -0.006140 -0.015810
0 0.003947 0.005929 -0.006140 -0.011858
0 0.003947 0.005929 -0.006140 -0.011858
0 0.003509 0.005270 -0.005263 -0.010540
0 0.003947 0.007905 -0.006140 -0.015810
0 0.007456 0.010540 -0.013158 -0.021080
0 0.003947 0.007905 -0.006140 -0.015810
0 0.003509 0.005270 -0.005263 -0.010540
0 0.003947 0.007905 -0.006140 -0.015810
0 0.003947 0.007905 -0.006140 -0.015810
0 0.003947 0.005929 -0.006140 -0.011858
0 0.003509 0.005270 -0.005263 -0.010540
0 0.003947 0.005929 -0.006140 -0.011858
0 0.003947 0.005929 -0.006140 -0.011858
0 0.003947 0.007905 -0.006140 -0.015810
0 0.003947 0.005929 -0.006140 -0.011858
0 0.003947 0.007905 -0.006140 -0.015810
0 0.003947 0.005929 -0.006140 -0.011858
0 0.003509 0.005270 -0.005263 -0.010540
0 0.007456 0.010540 -0.013158 -0.021080
0 0.003947 0.005929 -0.006140 -0.011858
0 0.003947 0.005929 -0.006140 -0.011858
0 0.019298 0.035573 -0.036842 -0.071146
0 0.012281 0.023057 -0.022807 -0.046113
0 0.003509 0.005270 -0.005263 -0.010540
0 0.003947 0.005929 -0.006140 -0.011858
0 0.003947 0.005929 -0.006140 -0.011858
0 0.003947 0.005929 -0.006140 -0.011858
0 0.003947 0.007905 -0.006140 -0.015810
0 0.007456 0.010540 -0.013158 -0.021080
0 0.003947 0.005929 -0.006140 -0.011858
0 0.003947 0.007905 -0.006140 -0.015810
0 0.003509 0.005270 -0.005263 -0.010540
0 0.003947 0.007905 -0.006140 -0.015810
0 0.003947 0.005929 -0.006140 -0.011858
0 0.003509 0.005270 -0.005263 -0.010540
0 0.003947 0.005929 -0.006140 -0.011858
0 0.019737 0.035573 -0.035965 -0.071146
0 0.003509 0.005270 -0.005263 -0.010540
0 0.012281 0.023057 -0.022807 -0.046113
0 0.003947 0.007905 -0.006140 -0.015810
0 0.003947 0.005929 -0.006140 -0.011858
0 0.003947 0.005929 -0.006140 -0.011858
0 0.003947 0.005929 -0.006140 -0.011858
0 0.003947 0.007905 -0.006140 -0.015810
0 0.007456 0.010540 -0.013158 -0.021080
0 0.003509 0.005270 -0.005263 -0.010540
0 0.003947 0.007905 -0.006140 -0.015810
0 0.003947 0.007905 -0.006140 -0.015810
0 0.003947 0.005929 -0.006140 -0.011858
0 0.003947 0.007905 -0.006140 -0.015810
0 0.003947 0.005929 -0.006140 -0.011858
0 0.003947 0.005929 -0.006140 -0.011858
0 0.003509 0.005270 -0.005263 -0.010540
0 0.003947 0.007905 -0.006140 -0.015810
0 0.003947 0.007905 -0.006140 -0.015810
0 0.003947 0.005929 -0.006140 -0.011858
0 0.003947 0.005929 -0.006140 -0.011858
0 0.003509 0.005270 -0.005263 -0.010540
0 0.003947 0.005929 -0.006140 -0.011858
0 0.003509 0.005270 -0.005263 -0.010540
0 0.024123 0.044796 -0.046491 -0.089592
0 0.003509 0.005270 -0.005263 -0.010540
0 0.040789 0.083004 -0.079825 -0.166008
0 0.003947 0.005929 -0.006140 -0.011858
0 0.003947 0.007905 -0.006140 -0.015810
0 0.003947 0.005929 -0.006140 -0.011858
0 0.012281 0.020422 -0.022807 -0.040843
0 0.003947 0.005929 -0.006140 -0.011858
0 0.003947 0.007905 -0.006140 -0.015810
0 0.003509 0.005270 -0.005263 -0.010540
0 0.003947 0.005929 -0.006140 -0.011858
0 0.003509 0.005270 -0.005263 -0.010540
0 0.003947 0.007905 -0.006140 -0.015810
0 0.015351 0.031621 -0.028947 -0.063241
0 0.003509 0.005270 -0.005263 -0.010540
0 0.003947 0.007905 -0.006140 -0.015810
0 0.007456 0.010540 -0.013158 -0.021080
0 0.003947 0.005929 -0.006140 -0.011858
0 0.003947 0.007905 -0.006140 -0.015810
0 0.003947 0.007905 -0.006140 -0.015810
0 0.003509 0.005270 -0.005263 -0.010540
0 0.003947 0.007905 -0.006140 -0.015810
0 0.003947 0.005929 -0.006140 -0.011858
0 0.003509 0.005270 -0.005263 -0.010540
0 0.003947 0.005929 -0.006140 -0.011858
0 0.003509 0.005270 -0.005263 -0.010540
0 0.003947 0.007905 -0.006140 -0.015810
0 0.003947 0.005929 -0.006140 -0.011858
0 0.003947 0.007905 -0.006140 -0.015810
0 0.003947 0.005929 -0.006140 -0.011858
0 0.003947 0.007905 -0.006140 -0.015810
0 0.003947 0.007905 -0.006140 -0.015810
0 0.003947 0.005929 -0.006140 -0.011858
0 0.003947 0.007905 -0.006140 -0.015810
0 0.003947 0.007905 -0.006140 -0.015810
0 0.003947 0.007905 -0.006140 -0.015810
0 0.003947 0.005929 -0.006140 -0.011858
0 0.003509 0.005270 -0.005263 -0.010540
0 0.003947 0.007905 -0.006140 -0.015810
0 0.003947 0.005929 -0.006140 -0.011858
0 0.003947 0.005929 -0.006140 -0.011858
0 0.003509 0.005270 -0.005263 -0.010540
0 0.003509 0.005270 -0.005263 -0.010540
0 0.003947 0.005929 -0.006140 -0.011858
0 0.003947 0.007905 -0.006140 -0.015810
0 0.003947 0.007905 -0.006140 -0.015810
0 0.007456 0.010540 -0.013158 -0.021080
0 0.003947 0.007905 -0.006140 -0.015810
0 0.003947 0.005929 -0.006140 -0.011858
0 0.003947 0.007905 -0.006140 -0.015810
0 0.003509 0.005270 -0.005263 -0.010540
0 0.007456 0.010540 -0.013158 -0.021080
0 0.003947 0.005929 -0.006140 -0.011858
0 0.003947 0.005929 -0.006140 -0.011858
0 0.003947 0.005929 -0.006140 -0.011858
0 0.003947 0.005929 -0.006140 -0.011858
0 0.003947 0.005929 -0.006140 -0.011858
0 0.003947 0.007905 -0.006140 -0.015810
0 0.007456 0.010540 -0.013158 -0.021080
0 0.009211 0.015810 -0.016667 -0.031621
0 0.008333 0.013175 -0.014912 -0.026350
0 0.003947 0.007905 -0.006140 -0.015810
0 0.003947 0.007905 -0.006140 -0.015810
0 0.003947 0.005929 -0.006140 -0.011858
0 0.003947 0.007905 -0.006140 -0.015810
0 0.003947 0.007905 -0.006140 -0.015810
0 0.003509 0.005270 -0.005263 -0.010540
0 0.003947 0.005929 -0.006140 -0.011858
0 0.003947 0.005929 -0.006140 -0.011858
0 0.003509 0.005270 -0.005263 -0.010540
0 0.003947 0.005929 -0.006140 -0.011858
0 0.003947 0.005929 -0.006140 -0.011858
0 0.007456 0.010540 -0.013158 -0.021080
0 0.003509 0.005270 -0.005263 -0.010540
0 0.003509 0.005270 -0.005263 -0.010540
0 0.019737 0.035573 -0.035965 -0.071146
0 0.007456 0.010540 -0.013158 -0.021080
0 0.003509 0.005270 -0.005263 -0.010540
0 0.003947 0.005929 -0.006140 -0.011858
0 0.003947 0.007905 -0.006140 -0.015810
0 0.007456 0.010540 -0.013158 -0.021080
0 0.003947 0.005929 -0.006140 -0.011858
0 0.003947 0.005929 -0.006140 -0.011858
0 0.003509 0.005270 -0.005263 -0.010540
0 0.003947 0.005929 -0.006140 -0.011858
0 0.003947 0.005929 -0.006140 -0.011858
0 0.003947 0.007905 -0.006140 -0.015810
0 0.003947 0.005929 -0.006140 -0.011858
0 0.012281 0.020422 -0.022807 -0.040843
0 0.003947 0.007905 -0.006140 -0.015810
0 0.007456 0.010540 -0.013158 -0.021080
0 0.003947 0.005929 -0.006140 -0.011858
0 0.003947 0.005929 -0.006140 -0.011858
0 0.003947 0.007905 -0.006140 -0.015810
0 0.003947 0.005929 -0.006140 -0.011858
0 0.008333 0.013175 -0.014912 -0.026350
0 0.003947 0.007905 -0.006140 -0.015810
0 0.003947 0.005929 -0.006140 -0.011858
0 0.003509 0.005270 -0.005263 -0.010540
0 0.003947 0.007905 -0.006140 -0.015810
0 0.003509 0.005270 -0.005263 -0.010540
0 0.003947 0.005929 -0.006140 -0.011858
0 0.012281 0.020422 -0.022807 -0.040843
0 0.003509 0.005270 -0.005263 -0.010540
0 0.003947 0.005929 -0.006140 -0.011858
0 0.007456 0.010540 -0.013158 -0.021080
0 0.007456 0.010540 -0.013158 -0.021080
0 0.003947 0.007905 -0.006140 -0.015810
0 0.003509 0.005270 -0.005263 -0.010540
0 0.003509 0.005270 -0.005263 -0.010540
0 0.003947 0.005929 -0.006140 -0.011858
0 0.003509 0.005270 -0.005263 -0.010540
0 0.003509 0.005270 -0.005263 -0.010540
0 0.003947 0.005929 -0.006140 -0.011858
0 0.003947 0.005929 -0.006140 -0.011858
0 0.003947 0.005929 -0.006140 -0.011858
0 0.003947 0.007905 -0.006140 -0.015810
0 0.003947 0.005929 -0.006140 -0.011858
0 0.003509 0.005270 -0.005263 -0.010540
0 0.003509 0.005270 -0.005263 -0.010540
0 0.012281 0.020422 -0.022807 -0.040843
0 0.003509 0.005270 -0.005263 -0.010540
0 0.003947 0.005929 -0.006140 -0.011858
0 0.003947 0.005929 -0.006140 -0.011858
0 0.003947 0.006588 -0.006140 -0.013175
0 0.003947 0.005929 -0.006140 -0.011858
0 0.003509 0.005270 -0.005263 -0.010540
0 0.003947 0.005929 -0.006140 -0.011858
0 0.003947 0.005929 -0.006140 -0.011858
0 0.003947 0.005929 -0.006140 -0.011858
0 0.007456 0.010540 -0.013158 -0.021080
0 0.003947 0.007905 -0.006140 -0.015810
0 0.003509 0.005270 -0.005263 -0.010540
0 0.003947 0.007905 -0.006140 -0.015810
0 0.003509 0.005270 -0.005263 -0.010540
0 0.003947 0.005929 -0.006140 -0.011858
0 0.003509 0.005270 -0.005263 -0.010540
0 0.003509 0.005270 -0.005263 -0.010540
0 0.003509 0.005270 -0.005263 -0.010540
0 0.003947 0.007905 -0.006140 -0.015810
0 0.003947 0.007905 -0.006140 -0.015810
0 0.003509 0.005270 -0.005263 -0.010540
0 0.003947 0.005929 -0.006140 -0.011858
0 0.003947 0.007905 -0.006140 -0.015810
0 0.003947 0.005929 -0.006140 -0.011858
0 0.003947 0.005929 -0.006140 -0.011858
0 0.003947 0.007905 -0.006140 -0.015810
0 0.003509 0.005270 -0.005263 -0.010540
0 0.003509 0.005270 -0.005263 -0.010540
0 0.003947 0.005929 -0.006140 -0.011858
0 0.003947 0.007905 -0.006140 -0.015810
0 0.003947 0.005929 -0.006140 -0.011858
0 0.003947 0.007905 -0.006140 -0.015810
0 0.003509 0.005270 -0.005263 -0.010540
0 0.003947 0.005929 -0.006140 -0.011858
0 0.003509 0.005270 -0.005263 -0.010540
0 0.003947 0.005929 -0.006140 -0.011858
0 0.003947 0.007905 -0.006140 -0.015810
0 0.003509 0.005270 -0.005263 -0.010540
0 0.003947 0.005929 -0.006140 -0.011858
0 0.003947 0.005929 -0.006140 -0.011858
0 0.003947 0.005929 -0.006140 -0.011858
0 0.003947 0.007905 -0.006140 -0.015810
0 0.003947 0.005929 -0.006140 -0.011858
0 0.003947 0.005929 -0.006140 -0.011858
0 0.003947 0.007905 -0.006140 -0.015810
0 0.003947 0.005929 -0.006140 -0.011858
0 0.007456 0.010540 -0.013158 -0.021080
0 0.003509 0.005270 -0.005263 -0.010540
0 0.003509 0.005270 -0.005263 -0.010540
0 0.003947 0.005929 -0.006140 -0.011858
0 0.010526 0.015152 -0.019298 -0.030303
0 0.003947 0.005929 -0.006140 -0.011858
0 0.003947 0.005929 -0.006140 -0.011858
0 0.007456 0.010540 -0.013158 -0.021080
0 0.003947 0.007905 -0.006140 -0.015810
0 0.012281 0.020422 -0.022807 -0.040843
0 0.003947 0.005929 -0.006140 -0.011858
0 0.003509 0.005270 -0.005263 -0.010540
0 0.003947 0.007905 -0.006140 -0.015810
0 0.003947 0.007905 -0.006140 -0.015810
0 0.003947 0.005929 -0.006140 -0.011858
0 0.003947 0.005929 -0.006140 -0.011858
0 0.003509 0.005270 -0.005263 -0.010540
0 0.003947 0.005929 -0.006140 -0.011858
0 0.003947 0.005929 -0.006140 -0.011858
0 0.003947 0.005929 -0.006140 -0.011858
0 0.003947 0.005929 -0.006140 -0.011858
0 0.003947 0.005929 -0.006140 -0.011858
0 0.003947 0.007905 -0.006140 -0.015810
0 0.003947 0.005929 -0.006140 -0.011858
0 0.003947 0.005929 -0.006140 -0.011858
0 0.003509 0.005270 -0.005263 -0.010540
0 0.003947 0.007905 -0.006140 -0.015810
0 0.003947 0.006588 -0.006140 -0.013175
0 0.003947 0.005929 -0.006140 -0.011858
0 0.003509 0.005270 -0.005263 -0.010540
0 0.003947 0.007905 -0.006140 -0.015810
0 0.003509 0.005270 -0.005263 -0.010540
0 0.003947 0.005929 -0.006140 -0.011858
0 0.003947 0.005929 -0.006140 -0.011858
0 0.003947 0.007905 -0.006140 -0.015810
0 0.003947 0.007905 -0.006140 -0.015810
0 0.003947 0.005929 -0.006140 -0.011858
0 0.003509 0.005270 -0.005263 -0.010540
0 0.003509 0.005270 -0.005263 -0.010540
0 0.003947 0.007905 -0.006140 -0.015810
0 0.003947 0.007905 -0.006140 -0.015810
0 0.003509 0.005270 -0.005263 -0.010540
0 0.007456 0.010540 -0.013158 -0.021080
0 0.007456 0.010540 -0.013158 -0.021080
0 0.003509 0.005270 -0.005263 -0.010540
0 0.003947 0.007905 -0.006140 -0.015810
0 0.003947 0.005929 -0.006140 -0.011858
0 0.003947 0.005929 -0.006140 -0.011858
0 0.003947 0.005929 -0.006140 -0.011858
0 0.003947 0.007905 -0.006140 -0.015810
0 0.003947 0.005929 -0.006140 -0.011858
0 0.003947 0.007905 -0.006140 -0.015810
0 0.003947 0.007905 -0.006140 -0.015810
0 0.003947 0.007905 -0.006140 -0.015810
0 0.003947 0.007905 -0.006140 -0.015810
0 0.007456 0.010540 -0.013158 -0.021080
0 0.003947 0.007905 -0.006140 -0.015810
0 0.007456 0.010540 -0.013158 -0.021080
0 0.003509 0.005270 -0.005263 -0.010540
0 0.003947 0.007905 -0.006140 -0.015810
0 0.003947 0.005929 -0.006140 -0.011858
0 0.003947 0.005929 -0.006140 -0.011858
0 0.007456 0.010540 -0.013158 -0.021080
0 0.003947 0.007905 -0.006140 -0.015810
0 0.003947 0.005929 -0.006140 -0.011858
0 0.003947 0.007905 -0.006140 -0.015810
0 0.003947 0.005929 -0.006140 -0.011858
0 0.003947 0.007905 -0.006140 -0.015810
0 0.003947 0.005929 -0.006140 -0.011858
0 0.003947 0.007905 -0.006140 -0.015810
0 0.012281 0.020422 -0.022807 -0.040843
0 0.003947 0.007905 -0.006140 -0.015810
0 0.003947 0.005929 -0.006140 -0.011858
0 0.003947 0.006588 -0.006140 -0.013175
0 0.003947 0.007905 -0.006140 -0.015810
0 0.003947 0.007905 -0.006140 -0.015810
0 0.003509 0.005270 -0.005263 -0.010540
0 0.003947 0.005929 -0.006140 -0.011858
0 0.003947 0.007905 -0.006140 -0.015810
0 0.003509 0.005270 -0.005263 -0.010540
0 0.003947 0.005929 -0.006140 -0.011858
0 0.003509 0.005270 -0.005263 -0.010540
0 0.003509 0.005270 -0.005263 -0.010540
0 0.003509 0.005270 -0.005263 -0.010540
0 0.003947 0.005929 -0.006140 -0.011858
0 0.003947 0.005929 -0.006140 -0.011858
0 0.008333 0.013175 -0.014912 -0.026350
0 0.003947 0.005929 -0.006140 -0.011858
0 0.008333 0.013175 -0.014912 -0.026350
0 0.003947 0.007905 -0.006140 -0.015810
0 0.007456 0.010540 -0.013158 -0.021080
0 0.003947 0.005929 -0.006140 -0.011858
0 0.003509 0.005270 -0.005263 -0.010540
0 0.007456 0.010540 -0.013158 -0.021080
0 0.003947 0.007905 -0.006140 -0.015810
0 0.012281 0.020422 -0.022807 -0.040843
0 0.003947 0.007905 -0.006140 -0.015810
0 0.003509 0.005270 -0.005263 -0.010540
0 0.003947 0.005929 -0.006140 -0.011858
0 0.003947 0.005929 -0.006140 -0.011858
0 0.003947 0.005929 -0.006140 -0.011858
0 0.003947 0.005929 -0.006140 -0.011858
0 0.003947 0.005929 -0.006140 -0.011858
0 0.007456 0.010540 -0.013158 -0.021080
0 0.003947 0.005929 -0.006140 -0.011858
0 0.003947 0.005929 -0.006140 -0.011858
0 0.003947 0.005929 -0.006140 -0.011858
0 0.003509 0.005270 -0.005263 -0.010540
0 0.003509 0.005270 -0.005263 -0.010540
0 0.003947 0.005929 -0.006140 -0.011858
0 0.003947 0.005929 -0.006140 -0.011858
0 0.003947 0.005929 -0.006140 -0.011858
0 0.003509 0.005270 -0.005263 -0.010540
0 0.003947 0.005929 -0.006140 -0.011858
0 0.003509 0.005270 -0.005263 -0.010540
0 0.003947 0.005929 -0.006140 -0.011858
0 0.003947 0.007905 -0.006140 -0.015810
0 0.003947 0.007905 -0.006140 -0.015810
0 0.003509 0.005270 -0.005263 -0.010540
0 0.003947 0.005929 -0.006140 -0.011858
0 0.003509 0.005270 -0.005263 -0.010540
0 0.012281 0.020422 -0.022807 -0.040843
0 0.007456 0.010540 -0.013158 -0.021080
0 0.003509 0.005270 -0.005263 -0.010540
0 0.003947 0.007905 -0.006140 -0.015810
0 0.003947 0.005929 -0.006140 -0.011858
0 0.003947 0.005929 -0.006140 -0.011858
0 0.003947 0.005929 -0.006140 -0.011858
0 0.003947 0.005929 -0.006140 -0.011858
0 0.003947 0.007905 -0.006140 -0.015810
0 0.003947 0.005929 -0.006140 -0.011858
0 0.003947 0.005929 -0.006140 -0.011858
0 0.003509 0.005270 -0.005263 -0.010540
0 0.003947 0.005929 -0.006140 -0.011858
0 0.003947 0.007905 -0.006140 -0.015810
0 0.003947 0.005929 -0.006140 -0.011858
0 0.003947 0.005929 -0.006140 -0.011858
0 0.003947 0.005929 -0.006140 -0.011858
0 0.003947 0.005929 -0.006140 -0.011858
0 0.003947 0.007905 -0.006140 -0.015810
0 0.003947 0.007905 -0.006140 -0.015810
0 0.003947 0.005929 -0.006140 -0.011858
0 0.003947 0.007905 -0.006140 -0.015810
0 0.003947 0.007905 -0.006140 -0.015810
0 0.003947 0.005929 -0.006140 -0.011858
0 0.003509 0.005270 -0.005263 -0.010540
0 0.007456 0.010540 -0.013158 -0.021080
0 0.003947 0.005929 -0.006140 -0.011858
0 0.003947 0.007246 -0.006140 -0.014493
0 0.003509 0.005270 -0.005263 -0.010540
0 0.003947 0.005929 -0.006140 -0.011858
0 0.003947 0.007905 -0.006140 -0.015810
0 0.003947 0.005929 -0.006140 -0.011858
0 0.007456 0.010540 -0.013158 -0.021080
0 0.007456 0.010540 -0.013158 -0.021080
0 0.003947 0.005929 -0.006140 -0.011858
0 0.003509 0.005270 -0.005263 -0.010540
0 0.003947 0.005929 -0.006140 -0.011858
0 0.003947 0.005929 -0.006140 -0.011858
0 0.003947 0.007905 -0.006140 -0.015810
0 0.003947 0.005929 -0.006140 -0.011858
0 0.003509 0.005270 -0.005263 -0.010540
0 0.003947 0.005929 -0.006140 -0.011858
0 0.003509 0.005270 -0.005263 -0.010540
0 0.003509 0.005270 -0.005263 -0.010540
0 0.003947 0.005929 -0.006140 -0.011858
0 0.007456 0.010540 -0.013158 -0.021080
0 0.003947 0.005929 -0.006140 -0.011858
0 0.003947 0.007905 -0.006140 -0.015810
0 0.003947 0.005929 -0.006140 -0.011858
0 0.003509 0.005270 -0.005263 -0.010540
0 0.003947 0.005929 -0.006140 -0.011858
0 0.012281 0.020422 -0.022807 -0.040843
0 0.007456 0.010540 -0.013158 -0.021080
0 0.003947 0.005929 -0.006140 -0.011858
0 0.003509 0.005270 -0.005263 -0.010540
0 0.012281 0.020422 -0.022807 -0.040843
0 0.003947 0.007905 -0.006140 -0.015810
0 0.003947 0.007905 -0.006140 -0.015810
0 0.003509 0.005270 -0.005263 -0.010540
0 0.003509 0.005270 -0.005263 -0.010540
0 0.003947 0.005929 -0.006140 -0.011858
0 0.003947 0.005929 -0.006140 -0.011858
0 0.003947 0.005929 -0.006140 -0.011858
0 0.003947 0.007905 -0.006140 -0.015810
0 0.003947 0.005929 -0.006140 -0.011858
0 0.003947 0.005929 -0.006140 -0.011858
0 0.003947 0.005929 -0.006140 -0.011858
0 0.003947 0.005929 -0.006140 -0.011858
0 0.003509 0.005270 -0.005263 -0.010540
0 0.003509 0.005270 -0.005263 -0.010540
0 0.003509 0.005270 -0.005263 -0.010540
0 0.012281 0.020422 -0.022807 -0.040843
0 0.003509 0.005270 -0.005263 -0.010540
0 0.003947 0.005929 -0.006140 -0.011858
0 0.003947 0.005929 -0.006140 -0.011858
0 0.003947 0.005929 -0.006140 -0.011858
0 0.003947 0.005929 -0.006140 -0.011858
0 0.003947 0.007905 -0.006140 -0.015810
0 0.003947 0.005929 -0.006140 -0.011858
0 0.003947 0.007905 -0.006140 -0.015810
0 0.007456 0.010540 -0.013158 -0.021080
0 0.003947 0.007905 -0.006140 -0.015810
0 0.003509 0.005270 -0.005263 -0.010540
0 0.003947 0.005929 -0.006140 -0.011858
0 0.003947 0.007905 -0.006140 -0.015810
0 0.003509 0.005270 -0.005263 -0.010540
0 0.003947 0.005929 -0.006140 -0.011858
0 0.003947 0.005929 -0.006140 -0.011858
0 0.012281 0.023057 -0.022807 -0.046113
0 0.003947 0.005929 -0.006140 -0.011858
0 0.003947 0.007905 -0.006140 -0.015810
0 0.003947 0.007905 -0.006140 -0.015810
0 0.007456 0.010540 -0.013158 -0.021080
0 0.003947 0.007905 -0.006140 -0.015810
0 0.003509 0.005270 -0.005263 -0.010540
0 0.003509 0.005270 -0.005263 -0.010540
0 0.003947 0.007905 -0.006140 -0.015810
0 0.003947 0.007905 -0.006140 -0.015810
0 0.003509 0.005270 -0.005263 -0.010540
0 0.003947 0.005929 -0.006140 -0.011858
0 0.003947 0.005929 -0.006140 -0.011858
0 0.003947 0.005929 -0.006140 -0.011858
0 0.003509 0.005270 -0.005263 -0.010540
0 0.003947 0.007905 -0.006140 -0.015810
0 0.007456 0.010540 -0.013158 -0.021080
0 0.003947 0.007905 -0.006140 -0.015810
0 0.003947 0.005929 -0.006140 -0.011858
0 0.003509 0.005270 -0.005263 -0.010540
0 0.003947 0.005929 -0.006140 -0.011858
0 0.003947 0.005929 -0.006140 -0.011858
0 0.003947 0.005929 -0.006140 -0.011858
0 0.003947 0.005929 -0.006140 -0.011858
0 0.003509 0.005270 -0.005263 -0.010540
0 0.007456 0.010540 -0.013158 -0.021080
0 0.003947 0.005929 -0.006140 -0.011858
0 0.003947 0.005929 -0.006140 -0.011858
0 0.003947 0.007905 -0.006140 -0.015810
0 0.007456 0.010540 -0.013158 -0.021080
0 0.003509 0.005270 -0.005263 -0.010540
0 0.003947 0.005929 -0.006140 -0.011858
0 0.003947 0.007905 -0.006140 -0.015810
0 0.003947 0.005929 -0.006140 -0.011858
0 0.007456 0.010540 -0.013158 -0.021080
0 0.003509 0.005270 -0.005263 -0.010540
0 0.003947 0.005929 -0.006140 -0.011858
0 0.003947 0.005929 -0.006140 -0.011858
0 0.003947 0.007905 -0.006140 -0.015810
0 0.003509 0.005270 -0.005263 -0.010540
0 0.003947 0.005929 -0.006140 -0.011858
0 0.003509 0.005270 -0.005263 -0.010540
0 0.007456 0.010540 -0.013158 -0.021080
0 0.003947 0.005929 -0.006140 -0.011858
0 0.010526 0.015152 -0.019298 -0.030303
0 0.003947 0.005929 -0.006140 -0.011858
0 0.003947 0.007905 -0.006140 -0.015810
0 0.007456 0.010540 -0.013158 -0.021080
0 0.003947 0.005929 -0.006140 -0.011858
0 0.003947 0.005929 -0.006140 -0.011858
0 0.003509 0.005270 -0.005263 -0.010540
0 0.025000 0.045455 -0.048246 -0.090909
0 0.003509 0.005270 -0.005263 -0.010540
0 0.003947 0.005929 -0.006140 -0.011858
0 0.003509 0.005270 -0.005263 -0.010540
0 0.003947 0.007905 -0.006140 -0.015810
0 0.003947 0.007905 -0.006140 -0.015810
0 0.003947 0.005929 -0.006140 -0.011858
0 0.003947 0.007905 -0.006140 -0.015810
0 0.007456 0.010540 -0.013158 -0.021080
0 0.003947 0.007905 -0.006140 -0.015810
0 0.003947 0.007905 -0.006140 -0.015810
0 0.007456 0.010540 -0.013158 -0.021080
0 0.003509 0.005270 -0.005263 -0.010540
0 0.003947 0.007905 -0.006140 -0.015810
0 0.003509 0.005270 -0.005263 -0.010540
0 0.003947 0.005929 -0.006140 -0.011858
0 0.003947 0.007905 -0.006140 -0.015810
0 0.003947 0.007905 -0.006140 -0.015810
0 0.003947 0.007905 -0.006140 -0.015810
0 0.003509 0.005270 -0.005263 -0.010540
0 0.003947 0.005929 -0.006140 -0.011858
0 0.003947 0.005929 -0.006140 -0.011858
0 0.003509 0.005270 -0.005263 -0.010540
0 0.003947 0.005929 -0.006140 -0.011858
0 0.003509 0.005270 -0.005263 -0.010540
0 0.003947 0.005929 -0.006140 -0.011858
0 0.003947 0.007905 -0.006140 -0.015810
0 0.003947 0.007905 -0.006140 -0.015810
0 0.019298 0.035573 -0.036842 -0.071146
0 0.003509 0.005270 -0.005263 -0.010540
0 0.003947 0.007905 -0.006140 -0.015810
0 0.003947 0.005929 -0.006140 -0.011858
0 0.003947 0.007905 -0.006140 -0.015810
0 0.003947 0.005929 -0.006140 -0.011858
0 0.003947 0.005929 -0.006140 -0.011858
0 0.007456 0.010540 -0.013158 -0.021080
0 0.003947 0.005929 -0.006140 -0.011858
0 0.007456 0.010540 -0.013158 -0.021080
0 0.007456 0.010540 -0.013158 -0.021080
0 0.003509 0.005270 -0.005263 -0.010540
0 0.003509 0.005270 -0.005263 -0.010540
0 0.003947 0.007905 -0.006140 -0.015810
0 0.003947 0.005929 -0.006140 -0.011858
0 0.003509 0.005270 -0.005263 -0.010540