0 0.011875 0.017500 -0.021250 -0.035000
0 0.010625 0.015000 -0.018750 -0.030000
0 0.011875 0.017500 -0.021250 -0.035000
0 0.005625 0.008333 -0.008750 -0.016667
0 0.005625 0.008333 -0.008750 -0.016667
0 0.010625 0.015000 -0.018750 -0.030000
0 0.016875 0.029167 -0.031250 -0.058333
0 0.005625 0.008333 -0.008750 -0.016667
0 0.005625 0.008333 -0.008750 -0.016667
0 0.010625 0.015000 -0.018750 -0.030000
0 0.016875 0.029167 -0.031250 -0.058333
0 0.011875 0.015833 -0.021250 -0.031667
0 0.006875 0.010000 -0.011250 -0.020000
0 0.011875 0.015833 -0.021250 -0.031667
0 0.005625 0.008333 -0.008750 -0.016667
0 0.010625 0.015000 -0.018750 -0.030000
0 0.005625 0.008333 -0.008750 -0.016667
0 0.010625 0.015000 -0.018750 -0.030000
0 0.011875 0.015833 -0.021250 -0.031667
0 0.010625 0.015000 -0.018750 -0.030000
0 0.011875 0.017500 -0.021250 -0.035000
0 0.005625 0.008333 -0.008750 -0.016667
0 0.016875 0.029167 -0.031250 -0.058333
0 0.005625 0.008333 -0.008750 -0.016667
0 0.010625 0.015000 -0.018750 -0.030000
0 0.010625 0.015000 -0.018750 -0.030000
0 0.005625 0.008333 -0.008750 -0.016667
0 0.011875 0.017500 -0.021250 -0.035000
0 0.016875 0.029167 -0.031250 -0.058333
0 0.005625 0.008333 -0.008750 -0.016667
0 0.005625 0.008333 -0.008750 -0.016667
0 0.010625 0.015000 -0.018750 -0.030000
0 0.011875 0.015833 -0.021250 -0.031667
0 0.005625 0.008333 -0.008750 -0.016667
0 0.005625 0.008333 -0.008750 -0.016667
0 0.016875 0.029167 -0.031250 -0.058333
0 0.011875 0.015833 -0.021250 -0.031667
0 0.005625 0.008333 -0.008750 -0.016667
0 0.005625 0.008333 -0.008750 -0.016667
0 0.005625 0.008333 -0.008750 -0.016667
0 0.010625 0.015000 -0.018750 -0.030000
0 0.005625 0.008333 -0.008750 -0.016667
0 0.010625 0.015000 -0.018750 -0.030000
0 0.005625 0.008333 -0.008750 -0.016667
0 0.005625 0.008333 -0.008750 -0.016667
0 0.005625 0.008333 -0.008750 -0.016667
0 0.010625 0.015000 -0.018750 -0.030000
0 0.005625 0.008333 -0.008750 -0.016667
0 0.016875 0.029167 -0.031250 -0.058333
0 0.005625 0.008333 -0.008750 -0.016667
0 0.005625 0.008333 -0.008750 -0.016667
0 0.005625 0.008333 -0.008750 -0.016667
0 0.011875 0.015833 -0.021250 -0.031667
0 0.005625 0.008333 -0.008750 -0.016667
0 0.005625 0.008333 -0.008750 -0.016667
0 0.010625 0.015000 -0.018750 -0.030000
0 0.005625 0.008333 -0.008750 -0.016667
0 0.005625 0.008333 -0.008750 -0.016667
0 0.011875 0.015833 -0.021250 -0.031667
0 0.005625 0.008333 -0.008750 -0.016667
0 0.010625 0.015000 -0.018750 -0.030000
0 0.005625 0.008333 -0.008750 -0.016667
0 0.010625 0.015000 -0.018750 -0.030000
0 0.005625 0.008333 -0.008750 -0.016667
0 0.011875 0.015833 -0.021250 -0.031667
0 0.010625 0.015000 -0.018750 -0.030000
0 0.010625 0.015000 -0.018750 -0.030000
0 0.005625 0.008333 -0.008750 -0.016667
0 0.010625 0.015000 -0.018750 -0.030000
0 0.005625 0.008333 -0.008750 -0.016667
0 0.016875 0.029167 -0.031250 -0.058333
0 0.011875 0.015833 -0.021250 -0.031667
0 0.005625 0.008333 -0.008750 -0.016667
0 0.005625 0.008333 -0.008750 -0.016667
0 0.010625 0.015000 -0.018750 -0.030000
0 0.016875 0.029167 -0.031250 -0.058333
0 0.010625 0.015000 -0.018750 -0.030000
0 0.016875 0.029167 -0.031250 -0.058333
0 0.011875 0.017500 -0.021250 -0.035000
0 0.005625 0.008333 -0.008750 -0.016667
0 0.005625 0.008333 -0.008750 -0.016667
0 0.010625 0.015000 -0.018750 -0.030000
0 0.005625 0.008333 -0.008750 -0.016667
0 0.005625 0.008333 -0.008750 -0.016667
0 0.010625 0.015000 -0.018750 -0.030000
0 0.015625 0.025833 -0.028750 -0.051667
0 0.016875 0.029167 -0.031250 -0.058333
0 0.005625 0.008333 -0.008750 -0.016667
0 0.005625 0.008333 -0.008750 -0.016667
0 0.011875 0.015833 -0.021250 -0.031667