0 0.011250 0.025556 -0.020000 -0.046667
0 0.010000 0.026667 -0.017500 -0.053333
0 0.015000 0.034444 -0.027500 -0.068889
0 0.010000 0.017778 -0.017500 -0.035556
0 0.008125 0.020000 -0.013750 -0.040000
0 0.010000 0.018889 -0.017500 -0.033333
0 0.010000 0.017778 -0.017500 -0.035556
0 0.008125 0.017778 -0.013750 -0.035556
0 0.015000 0.040000 -0.027500 -0.080000
0 0.026250 0.060000 -0.050000 -0.120000
0 0.010000 0.017778 -0.017500 -0.035556
0 0.011250 0.024444 -0.020000 -0.048889
0 0.028125 0.064444 -0.053750 -0.128889
0 0.011250 0.024444 -0.020000 -0.048889
0 0.008125 0.020000 -0.013750 -0.040000
0 0.015000 0.034444 -0.027500 -0.068889
0 0.010000 0.026667 -0.017500 -0.053333
0 0.008125 0.017778 -0.013750 -0.035556
0 0.026250 0.060000 -0.050000 -0.120000
0 0.010625 0.025556 -0.018750 -0.051111
0 0.008125 0.017778 -0.013750 -0.035556
0 0.008125 0.020000 -0.013750 -0.040000
0 0.011250 0.024444 -0.020000 -0.048889
0 0.008125 0.020000 -0.013750 -0.040000
0 0.008125 0.020000 -0.013750 -0.040000
0 0.031250 0.072222 -0.060000 -0.144444
0 0.011250 0.024444 -0.020000 -0.048889
0 0.009375 0.020000 -0.016250 -0.040000
0 0.013750 0.034444 -0.025000 -0.068889
0 0.008125 0.020000 -0.013750 -0.040000
0 0.010000 0.017778 -0.017500 -0.035556
0 0.010000 0.017778 -0.017500 -0.035556
0 0.023750 0.042222 -0.045000 -0.084444
0 0.010000 0.026667 -0.017500 -0.053333
0 0.015000 0.034444 -0.027500 -0.068889
0 0.011250 0.026667 -0.015000 -0.053333
0 0.010625 0.025556 -0.018750 -0.051111
0 0.011250 0.025556 -0.020000 -0.046667
0 0.010625 0.025556 -0.018750 -0.051111
0 0.015625 0.036667 -0.028750 -0.073333
0 0.010000 0.017778 -0.017500 -0.035556
0 0.010625 0.025556 -0.018750 -0.051111
0 0.010000 0.017778 -0.017500 -0.035556