0 0.006293 0.011393 -0.012153 -0.022786
0 0.009223 0.017253 -0.018012 -0.034505
0 0.010742 0.016276 -0.021050 -0.032552
0 0.009223 0.018229 -0.018012 -0.036458
0 0.009223 0.018229 -0.018012 -0.036458
0 0.006185 0.010905 -0.011936 -0.021810
0 0.009657 0.018555 -0.018880 -0.037109
0 0.006185 0.010905 -0.011936 -0.021810
0 0.012044 0.027669 -0.023655 -0.055339
0 0.006185 0.010905 -0.011936 -0.021810
0 0.007161 0.013509 -0.013889 -0.027018
0 0.010742 0.016276 -0.021050 -0.032552
0 0.009657 0.015137 -0.018880 -0.030273
0 0.010742 0.016276 -0.021050 -0.032552
0 0.006293 0.011393 -0.012153 -0.022786
0 0.018663 0.035156 -0.036892 -0.070312
0 0.021701 0.034993 -0.042969 -0.069987
0 0.009223 0.017253 -0.018012 -0.034505
0 0.009766 0.015137 -0.018663 -0.030273
0 0.013238 0.026204 -0.026042 -0.052409
0 0.018446 0.040365 -0.036458 -0.080729
0 0.023112 0.052409 -0.045790 -0.104818
0 0.019206 0.035319 -0.037977 -0.070638
0 0.006293 0.011393 -0.012153 -0.022786
0 0.006185 0.010905 -0.011936 -0.021810
0 0.008572 0.018229 -0.016710 -0.036458
0 0.008572 0.018229 -0.016710 -0.036458
0 0.013238 0.026204 -0.026042 -0.052409
0 0.010200 0.018229 -0.019965 -0.036458
0 0.030816 0.054850 -0.061198 -0.109701
0 0.018663 0.035156 -0.036892 -0.070312
0 0.008572 0.018229 -0.016710 -0.036458
0 0.021701 0.034993 -0.042969 -0.069987
0 0.012044 0.027669 -0.023655 -0.055339
0 0.019206 0.035319 -0.037977 -0.070638
0 0.010851 0.021322 -0.021267 -0.042643
0 0.006293 0.011393 -0.012153 -0.022786
0 0.009657 0.015137 -0.018880 -0.030273
0 0.010742 0.016276 -0.021050 -0.032552
0 0.010742 0.016276 -0.021050 -0.032552
0 0.009332 0.018555 -0.018229 -0.037109
0 0.009766 0.015137 -0.018663 -0.030273
0 0.010742 0.016276 -0.021050 -0.032552
0 0.006185 0.010905 -0.011936 -0.021810
0 0.007161 0.013509 -0.013889 -0.027018
0 0.018663 0.035156 -0.036892 -0.070312