0 0.036957 0.083012 -0.069565 -0.166023
0 0.036957 0.083012 -0.069565 -0.166023
0 0.011957 0.019305 -0.019565 -0.038610
0 0.019565 0.036680 -0.034783 -0.073359
0 0.030435 0.061776 -0.056522 -0.123552
0 0.011957 0.019305 -0.019565 -0.038610
0 0.010870 0.019305 -0.017391 -0.038610
0 0.015217 0.028958 -0.026087 -0.057915
0 0.034783 0.067568 -0.065217 -0.135135
0 0.030435 0.061776 -0.056522 -0.123552
0 0.019565 0.036680 -0.034783 -0.073359
0 0.013043 0.027027 -0.021739 -0.054054
0 0.030435 0.055985 -0.056522 -0.111969
0 0.042391 0.077220 -0.080435 -0.154440
0 0.017391 0.034749 -0.030435 -0.069498
0 0.029348 0.054054 -0.054348 -0.108108
0 0.020652 0.048263 -0.036957 -0.096525
0 0.034783 0.067568 -0.065217 -0.135135
0 0.042391 0.077220 -0.080435 -0.154440
0 0.030435 0.061776 -0.056522 -0.123552
0 0.028261 0.046332 -0.052174 -0.092664
0 0.014130 0.028958 -0.023913 -0.057915
0 0.011957 0.019305 -0.019565 -0.038610
0 0.013043 0.019305 -0.021739 -0.038610
0 0.015217 0.028958 -0.026087 -0.057915
0 0.013043 0.027027 -0.021739 -0.054054
0 0.015217 0.027027 -0.026087 -0.054054
0 0.030435 0.061776 -0.056522 -0.123552
0 0.042391 0.077220 -0.080435 -0.154440
0 0.019565 0.036680 -0.034783 -0.073359
0 0.044565 0.092664 -0.084783 -0.185328
0 0.034783 0.067568 -0.065217 -0.135135
0 0.030435 0.055985 -0.056522 -0.111969
0 0.015217 0.027027 -0.026087 -0.054054
0 0.042391 0.077220 -0.080435 -0.154440
0 0.051087 0.084942 -0.097826 -0.169884
0 0.010870 0.019305 -0.017391 -0.038610
0 0.022826 0.036680 -0.041304 -0.073359
0 0.016304 0.032819 -0.028261 -0.065637
0 0.013043 0.027027 -0.021739 -0.054054
0 0.030435 0.055985 -0.056522 -0.111969
0 0.032609 0.061776 -0.052174 -0.123552
0 0.010870 0.019305 -0.017391 -0.038610
0 0.009783 0.038610 -0.015217 -0.077220
0 0.022826 0.046332 -0.041304 -0.092664
0 0.025000 0.050193 -0.045652 -0.100386
0 0.010870 0.019305 -0.017391 -0.038610
0 0.020652 0.048263 -0.036957 -0.096525
0 0.013043 0.027027 -0.021739 -0.054054
0 0.020652 0.048263 -0.036957 -0.096525
0 0.043478 0.073359 -0.073913 -0.146718
0 0.013043 0.023166 -0.021739 -0.046332
0 0.029348 0.052124 -0.054348 -0.104247
0 0.029348 0.054054 -0.054348 -0.108108
0 0.030435 0.061776 -0.056522 -0.123552
0 0.027174 0.052124 -0.050000 -0.104247
0 0.019565 0.036680 -0.034783 -0.073359
0 0.013043 0.027027 -0.021739 -0.054054
0 0.028261 0.046332 -0.052174 -0.092664
0 0.010870 0.019305 -0.017391 -0.038610
0 0.030435 0.061776 -0.056522 -0.123552
0 0.013043 0.019305 -0.021739 -0.038610