0 0.008750 0.017778 -0.015000 -0.035556
0 0.010000 0.020000 -0.017500 -0.040000
0 0.008750 0.017778 -0.015000 -0.035556
0 0.010625 0.021111 -0.018750 -0.042222
0 0.008750 0.017778 -0.015000 -0.035556
0 0.008750 0.017778 -0.015000 -0.035556
0 0.010625 0.021111 -0.018750 -0.042222
0 0.008750 0.017778 -0.015000 -0.035556
0 0.008750 0.017778 -0.015000 -0.035556
0 0.008750 0.017778 -0.015000 -0.035556
0 0.010625 0.021111 -0.018750 -0.042222
0 0.008750 0.017778 -0.015000 -0.035556
0 0.011250 0.027778 -0.020000 -0.055556
0 0.010625 0.024444 -0.018750 -0.048889
0 0.009375 0.021111 -0.016250 -0.042222
0 0.008750 0.017778 -0.015000 -0.035556
0 0.008750 0.017778 -0.015000 -0.035556
0 0.010625 0.021111 -0.018750 -0.042222
0 0.008750 0.017778 -0.015000 -0.035556
0 0.010625 0.021111 -0.018750 -0.042222
0 0.010625 0.021111 -0.018750 -0.042222
0 0.009375 0.018889 -0.016250 -0.037778
0 0.008750 0.017778 -0.015000 -0.035556
0 0.008750 0.017778 -0.015000 -0.035556
0 0.008750 0.017778 -0.015000 -0.035556
0 0.008750 0.017778 -0.015000 -0.035556
0 0.008750 0.017778 -0.015000 -0.035556
0 0.008750 0.017778 -0.015000 -0.035556
0 0.008750 0.017778 -0.015000 -0.035556
0 0.010625 0.022222 -0.018750 -0.044444
0 0.010625 0.021111 -0.018750 -0.042222
0 0.008750 0.017778 -0.015000 -0.035556
0 0.011250 0.027778 -0.020000 -0.055556
0 0.010625 0.021111 -0.018750 -0.042222
0 0.011250 0.027778 -0.020000 -0.055556
0 0.008750 0.017778 -0.015000 -0.035556
0 0.010625 0.021111 -0.018750 -0.042222
0 0.008750 0.017778 -0.015000 -0.035556
0 0.011250 0.027778 -0.020000 -0.055556
0 0.010625 0.021111 -0.018750 -0.042222
0 0.008750 0.017778 -0.015000 -0.035556
0 0.010625 0.021111 -0.018750 -0.042222
0 0.010000 0.021111 -0.017500 -0.042222
0 0.008750 0.017778 -0.015000 -0.035556
0 0.010625 0.021111 -0.018750 -0.042222
0 0.010625 0.021111 -0.018750 -0.042222
0 0.010625 0.021111 -0.018750 -0.042222
0 0.010625 0.021111 -0.018750 -0.042222
0 0.010625 0.021111 -0.018750 -0.042222
0 0.011250 0.027778 -0.020000 -0.055556
0 0.010625 0.022222 -0.018750 -0.044444
0 0.010625 0.022222 -0.018750 -0.044444
0 0.011250 0.027778 -0.020000 -0.055556
0 0.011250 0.027778 -0.020000 -0.055556
0 0.010625 0.021111 -0.018750 -0.042222
0 0.010625 0.021111 -0.018750 -0.042222
0 0.011250 0.027778 -0.020000 -0.055556
0 0.008750 0.017778 -0.015000 -0.035556
0 0.008750 0.017778 -0.015000 -0.035556
0 0.010625 0.021111 -0.018750 -0.042222
0 0.008750 0.017778 -0.015000 -0.035556
0 0.008750 0.017778 -0.015000 -0.035556
0 0.011250 0.027778 -0.020000 -0.055556
0 0.011250 0.027778 -0.020000 -0.055556
0 0.010625 0.021111 -0.018750 -0.042222
0 0.008750 0.017778 -0.015000 -0.035556
0 0.010625 0.021111 -0.018750 -0.042222
0 0.008750 0.017778 -0.015000 -0.035556
0 0.010625 0.021111 -0.018750 -0.042222
0 0.008750 0.017778 -0.015000 -0.035556
0 0.008750 0.017778 -0.015000 -0.035556
0 0.008750 0.017778 -0.015000 -0.035556
0 0.010625 0.021111 -0.018750 -0.042222
0 0.010625 0.021111 -0.018750 -0.042222
0 0.011250 0.027778 -0.020000 -0.055556
0 0.008750 0.017778 -0.015000 -0.035556
0 0.008750 0.017778 -0.015000 -0.035556
0 0.011250 0.027778 -0.020000 -0.055556
0 0.010625 0.021111 -0.018750 -0.042222
0 0.011250 0.027778 -0.020000 -0.055556
0 0.008750 0.017778 -0.015000 -0.035556
0 0.008750 0.017778 -0.015000 -0.035556
0 0.011250 0.027778 -0.020000 -0.055556
0 0.008750 0.017778 -0.015000 -0.035556
0 0.008750 0.017778 -0.015000 -0.035556
0 0.011250 0.027778 -0.020000 -0.055556
0 0.008750 0.017778 -0.015000 -0.035556
0 0.008750 0.017778 -0.015000 -0.035556
0 0.011250 0.027778 -0.020000 -0.055556
0 0.008750 0.017778 -0.015000 -0.035556
0 0.010625 0.021111 -0.018750 -0.042222
0 0.008750 0.017778 -0.015000 -0.035556
0 0.008750 0.017778 -0.015000 -0.035556
0 0.011250 0.027778 -0.020000 -0.055556
0 0.010625 0.021111 -0.018750 -0.042222
0 0.008750 0.017778 -0.015000 -0.035556
0 0.011250 0.027778 -0.020000 -0.055556
0 0.008750 0.017778 -0.015000 -0.035556
0 0.010625 0.021111 -0.018750 -0.042222
0 0.008750 0.017778 -0.015000 -0.035556
0 0.008750 0.017778 -0.015000 -0.035556
0 0.009375 0.018889 -0.016250 -0.037778