0 0.013072 0.030637 -0.022876 -0.061275
0 0.008170 0.018382 -0.013072 -0.031863
0 0.017974 0.033088 -0.032680 -0.066176
0 0.017974 0.033088 -0.032680 -0.066176
0 0.008170 0.018382 -0.013072 -0.031863
0 0.017157 0.033088 -0.031046 -0.066176
0 0.010621 0.025735 -0.017974 -0.051471
0 0.008170 0.012255 -0.013072 -0.019608
0 0.012255 0.025735 -0.021242 -0.051471
0 0.004085 0.013480 -0.004902 -0.022059
0 0.004085 0.013480 -0.004902 -0.022059
0 0.008170 0.018382 -0.013072 -0.031863
0 0.011438 0.025735 -0.019608 -0.046569
0 0.027778 0.058824 -0.052288 -0.117647
0 0.008170 0.026961 -0.013072 -0.053922
0 0.008170 0.018382 -0.013072 -0.031863
0 0.018791 0.044118 -0.034314 -0.088235
0 0.008170 0.012255 -0.013072 -0.019608
0 0.008170 0.008578 -0.013072 -0.012255
0 0.015523 0.025735 -0.027778 -0.051471
0 0.008170 0.008578 -0.013072 -0.012255