0 0.001627 0.004286 -0.001952 -0.008571
0 0.001627 0.004286 -0.001952 -0.008571
0 0.001627 0.004286 -0.001952 -0.008571
0 0.001627 0.004286 -0.001952 -0.008571
0 0.006181 0.015714 -0.011061 -0.031429
0 0.001627 0.004286 -0.001952 -0.008571
0 0.008133 0.014286 -0.014964 -0.028571
0 0.001627 0.004286 -0.001952 -0.008571
0 0.008133 0.014286 -0.014964 -0.028571
0 0.001627 0.004286 -0.001952 -0.008571
0 0.001627 0.004286 -0.001952 -0.008571
0 0.008458 0.014286 -0.015615 -0.028571
0 0.001627 0.004286 -0.001952 -0.008571
0 0.001627 0.004286 -0.001952 -0.008571
0 0.001627 0.004286 -0.001952 -0.008571
0 0.002277 0.002857 -0.003253 -0.005714
0 0.001627 0.004286 -0.001952 -0.008571
0 0.001627 0.004286 -0.001952 -0.008571
0 0.003578 0.009286 -0.005856 -0.018571
0 0.001627 0.004286 -0.001952 -0.008571
0 0.001627 0.004286 -0.001952 -0.008571
0 0.002277 0.002857 -0.003253 -0.005714
0 0.001627 0.004286 -0.001952 -0.008571
0 0.001627 0.004286 -0.001952 -0.008571
0 0.001627 0.004286 -0.001952 -0.008571
0 0.005530 0.011429 -0.009759 -0.022857
0 0.001627 0.004286 -0.001952 -0.008571
0 0.005205 0.011429 -0.009109 -0.022857
0 0.001627 0.004286 -0.001952 -0.008571
0 0.001627 0.004286 -0.001952 -0.008571
0 0.001627 0.004286 -0.001952 -0.008571
0 0.003578 0.009286 -0.005856 -0.018571
0 0.001627 0.004286 -0.001952 -0.008571
0 0.002928 0.005000 -0.004554 -0.010000
0 0.001627 0.004286 -0.001952 -0.008571
0 0.001627 0.004286 -0.001952 -0.008571
0 0.002602 0.009286 -0.003904 -0.018571
0 0.001627 0.004286 -0.001952 -0.008571
0 0.001627 0.004286 -0.001952 -0.008571
0 0.001627 0.004286 -0.001952 -0.008571
0 0.001627 0.004286 -0.001952 -0.008571
0 0.001627 0.004286 -0.001952 -0.008571
0 0.001627 0.004286 -0.001952 -0.008571
0 0.001627 0.004286 -0.001952 -0.008571
0 0.001627 0.004286 -0.001952 -0.008571
0 0.012362 0.027143 -0.023422 -0.054286
0 0.001627 0.004286 -0.001952 -0.008571
0 0.001627 0.004286 -0.001952 -0.008571
0 0.001627 0.004286 -0.001952 -0.008571
0 0.006181 0.010000 -0.011061 -0.020000
0 0.001627 0.004286 -0.001952 -0.008571
0 0.001627 0.004286 -0.001952 -0.008571
0 0.001627 0.004286 -0.001952 -0.008571
0 0.001627 0.004286 -0.001952 -0.008571
0 0.001627 0.004286 -0.001952 -0.008571
0 0.001627 0.004286 -0.001952 -0.008571
0 0.001627 0.004286 -0.001952 -0.008571
0 0.001627 0.004286 -0.001952 -0.008571
0 0.001627 0.004286 -0.001952 -0.008571
0 0.001627 0.004286 -0.001952 -0.008571
0 0.007482 0.022857 -0.013663 -0.045714
0 0.001627 0.004286 -0.001952 -0.008571
0 0.003904 0.010000 -0.006506 -0.020000
0 0.001627 0.004286 -0.001952 -0.008571
0 0.005205 0.011429 -0.009109 -0.022857
0 0.001627 0.004286 -0.001952 -0.008571
0 0.002928 0.005000 -0.004554 -0.010000
0 0.001627 0.004286 -0.001952 -0.008571
0 0.001627 0.004286 -0.001952 -0.008571
0 0.001627 0.004286 -0.001952 -0.008571
0 0.001627 0.004286 -0.001952 -0.008571
0 0.012036 0.023571 -0.022772 -0.047143
0 0.001627 0.004286 -0.001952 -0.008571
0 0.001627 0.004286 -0.001952 -0.008571
0 0.004229 0.009286 -0.007157 -0.018571
0 0.008133 0.014286 -0.014964 -0.028571
0 0.008133 0.014286 -0.014964 -0.028571
0 0.001627 0.004286 -0.001952 -0.008571
0 0.001627 0.004286 -0.001952 -0.008571
0 0.001627 0.004286 -0.001952 -0.008571
0 0.001627 0.004286 -0.001952 -0.008571
0 0.001627 0.004286 -0.001952 -0.008571
0 0.007482 0.010000 -0.013663 -0.020000
0 0.005205 0.009286 -0.009109 -0.018571
0 0.005530 0.011429 -0.009759 -0.022857
0 0.001627 0.004286 -0.001952 -0.008571
0 0.001627 0.004286 -0.001952 -0.008571
0 0.001627 0.004286 -0.001952 -0.008571
0 0.001627 0.004286 -0.001952 -0.008571
0 0.002277 0.002857 -0.003253 -0.005714
0 0.001627 0.004286 -0.001952 -0.008571
0 0.001627 0.004286 -0.001952 -0.008571
0 0.001627 0.004286 -0.001952 -0.008571
0 0.001627 0.004286 -0.001952 -0.008571
0 0.001627 0.004286 -0.001952 -0.008571
0 0.003578 0.009286 -0.005856 -0.018571
0 0.001627 0.004286 -0.001952 -0.008571
0 0.002277 0.002857 -0.003253 -0.005714
0 0.005530 0.015714 -0.009759 -0.031429
0 0.007157 0.013571 -0.013012 -0.027143
0 0.001627 0.004286 -0.001952 -0.008571
0 0.001627 0.004286 -0.001952 -0.008571
0 0.001627 0.004286 -0.001952 -0.008571
0 0.001627 0.004286 -0.001952 -0.008571
0 0.001627 0.004286 -0.001952 -0.008571
0 0.001627 0.004286 -0.001952 -0.008571
0 0.001627 0.004286 -0.001952 -0.008571
0 0.001627 0.004286 -0.001952 -0.008571
0 0.001627 0.004286 -0.001952 -0.008571
0 0.001627 0.003571 -0.001952 -0.007143
0 0.001627 0.004286 -0.001952 -0.008571
0 0.001627 0.004286 -0.001952 -0.008571
0 0.001627 0.004286 -0.001952 -0.008571
0 0.001627 0.004286 -0.001952 -0.008571
0 0.001627 0.004286 -0.001952 -0.008571
0 0.001627 0.004286 -0.001952 -0.008571
0 0.001627 0.004286 -0.001952 -0.008571
0 0.001627 0.004286 -0.001952 -0.008571
0 0.005205 0.009286 -0.009109 -0.018571
0 0.001627 0.004286 -0.001952 -0.008571
0 0.000976 0.000714 -0.000651 -0.001429
0 0.001627 0.004286 -0.001952 -0.008571
0 0.001627 0.004286 -0.001952 -0.008571
0 0.005530 0.015714 -0.009759 -0.031429
0 0.008133 0.014286 -0.014964 -0.028571
0 0.006831 0.012143 -0.012362 -0.024286
0 0.001627 0.004286 -0.001952 -0.008571
0 0.001627 0.004286 -0.001952 -0.008571
0 0.001627 0.004286 -0.001952 -0.008571
0 0.001627 0.004286 -0.001952 -0.008571
0 0.001627 0.004286 -0.001952 -0.008571
0 0.002928 0.005000 -0.004554 -0.010000
0 0.001627 0.004286 -0.001952 -0.008571
0 0.001627 0.004286 -0.001952 -0.008571
0 0.001627 0.004286 -0.001952 -0.008571
0 0.001627 0.004286 -0.001952 -0.008571
0 0.001627 0.004286 -0.001952 -0.008571
0 0.001627 0.004286 -0.001952 -0.008571
0 0.001627 0.004286 -0.001952 -0.008571
0 0.001627 0.004286 -0.001952 -0.008571
0 0.001627 0.004286 -0.001952 -0.008571
0 0.001627 0.004286 -0.001952 -0.008571
0 0.001627 0.004286 -0.001952 -0.008571
0 0.003578 0.009286 -0.005856 -0.018571
0 0.001627 0.004286 -0.001952 -0.008571
0 0.001627 0.004286 -0.001952 -0.008571
0 0.001627 0.004286 -0.001952 -0.008571
0 0.001627 0.004286 -0.001952 -0.008571
0 0.004554 0.011429 -0.007807 -0.022857
0 0.003578 0.009286 -0.005856 -0.018571
0 0.001627 0.004286 -0.001952 -0.008571
0 0.001627 0.003571 -0.001952 -0.007143
0 0.000976 0.000714 -0.000651 -0.001429
0 0.001627 0.004286 -0.001952 -0.008571
0 0.001627 0.004286 -0.001952 -0.008571
0 0.001627 0.003571 -0.001952 -0.007143
0 0.003578 0.009286 -0.005856 -0.018571
0 0.001627 0.004286 -0.001952 -0.008571
0 0.003578 0.009286 -0.005856 -0.018571
0 0.001627 0.004286 -0.001952 -0.008571
0 0.001627 0.004286 -0.001952 -0.008571
0 0.009434 0.023571 -0.017567 -0.047143
0 0.010085 0.020000 -0.018868 -0.040000
0 0.001627 0.004286 -0.001952 -0.008571
0 0.001627 0.004286 -0.001952 -0.008571
0 0.001627 0.004286 -0.001952 -0.008571
0 0.001627 0.004286 -0.001952 -0.008571
0 0.001627 0.004286 -0.001952 -0.008571
0 0.005205 0.009286 -0.009109 -0.018571
0 0.001627 0.004286 -0.001952 -0.008571
0 0.001627 0.004286 -0.001952 -0.008571
0 0.001627 0.004286 -0.001952 -0.008571
0 0.004554 0.011429 -0.007807 -0.022857
0 0.001627 0.004286 -0.001952 -0.008571
0 0.001627 0.004286 -0.001952 -0.008571
0 0.001627 0.004286 -0.001952 -0.008571
0 0.001627 0.004286 -0.001952 -0.008571
0 0.005205 0.010714 -0.009109 -0.021429
0 0.007482 0.010000 -0.013663 -0.020000
0 0.001627 0.004286 -0.001952 -0.008571
0 0.001627 0.004286 -0.001952 -0.008571
0 0.001627 0.004286 -0.001952 -0.008571
0 0.011386 0.018571 -0.021470 -0.037143
0 0.001627 0.004286 -0.001952 -0.008571
0 0.001627 0.004286 -0.001952 -0.008571
0 0.006831 0.012143 -0.012362 -0.024286
0 0.001627 0.004286 -0.001952 -0.008571
0 0.001627 0.004286 -0.001952 -0.008571
0 0.001627 0.004286 -0.001952 -0.008571
0 0.001627 0.004286 -0.001952 -0.008571
0 0.001627 0.004286 -0.001952 -0.008571
0 0.001627 0.004286 -0.001952 -0.008571
0 0.003578 0.009286 -0.005856 -0.018571
0 0.004229 0.009286 -0.007157 -0.018571
0 0.006181 0.010000 -0.011061 -0.020000
0 0.001627 0.004286 -0.001952 -0.008571
0 0.001627 0.004286 -0.001952 -0.008571
0 0.001627 0.004286 -0.001952 -0.008571
0 0.001627 0.004286 -0.001952 -0.008571
0 0.001627 0.004286 -0.001952 -0.008571
0 0.001627 0.004286 -0.001952 -0.008571
0 0.005205 0.009286 -0.009109 -0.018571
0 0.001627 0.004286 -0.001952 -0.008571
0 0.001627 0.004286 -0.001952 -0.008571
0 0.008133 0.014286 -0.014964 -0.028571
0 0.004229 0.009286 -0.007157 -0.018571
0 0.001627 0.004286 -0.001952 -0.008571
0 0.001627 0.004286 -0.001952 -0.008571
0 0.001627 0.004286 -0.001952 -0.008571
0 0.001627 0.004286 -0.001952 -0.008571
0 0.001627 0.004286 -0.001952 -0.008571
0 0.001627 0.004286 -0.001952 -0.008571
0 0.001627 0.004286 -0.001952 -0.008571
0 0.001627 0.004286 -0.001952 -0.008571
0 0.001627 0.004286 -0.001952 -0.008571
0 0.001627 0.004286 -0.001952 -0.008571
0 0.001627 0.004286 -0.001952 -0.008571
0 0.001627 0.004286 -0.001952 -0.008571
0 0.001627 0.004286 -0.001952 -0.008571
0 0.001627 0.004286 -0.001952 -0.008571
0 0.009434 0.026429 -0.017567 -0.052857
0 0.001627 0.004286 -0.001952 -0.008571
0 0.006181 0.015714 -0.011061 -0.031429
0 0.006831 0.019286 -0.012362 -0.038571
0 0.004554 0.011429 -0.007807 -0.022857
0 0.001627 0.004286 -0.001952 -0.008571
0 0.001627 0.004286 -0.001952 -0.008571
0 0.003578 0.009286 -0.005856 -0.018571
0 0.011061 0.022143 -0.020820 -0.044286
0 0.009434 0.017857 -0.017567 -0.035714
0 0.008133 0.014286 -0.014964 -0.028571
0 0.001627 0.004286 -0.001952 -0.008571
0 0.001627 0.004286 -0.001952 -0.008571
0 0.001627 0.004286 -0.001952 -0.008571
0 0.001627 0.004286 -0.001952 -0.008571
0 0.001627 0.004286 -0.001952 -0.008571
0 0.001627 0.004286 -0.001952 -0.008571
0 0.001627 0.004286 -0.001952 -0.008571
0 0.001627 0.004286 -0.001952 -0.008571
0 0.001627 0.004286 -0.001952 -0.008571
0 0.001627 0.004286 -0.001952 -0.008571
0 0.005205 0.009286 -0.009109 -0.018571
0 0.001627 0.004286 -0.001952 -0.008571
0 0.006181 0.010000 -0.011061 -0.020000
0 0.002602 0.009286 -0.003904 -0.018571
0 0.001627 0.004286 -0.001952 -0.008571
0 0.004554 0.007143 -0.007807 -0.014286
0 0.001627 0.004286 -0.001952 -0.008571
0 0.003578 0.009286 -0.005856 -0.018571
0 0.020494 0.035000 -0.039688 -0.070000
0 0.001627 0.004286 -0.001952 -0.008571
0 0.001627 0.004286 -0.001952 -0.008571
0 0.001627 0.004286 -0.001952 -0.008571
0 0.005205 0.011429 -0.009109 -0.022857
0 0.001627 0.004286 -0.001952 -0.008571
0 0.001627 0.004286 -0.001952 -0.008571
0 0.012362 0.027857 -0.023422 -0.055714