0 0.006500 0.009769 -0.011000 -0.019538
0 0.009000 0.015986 -0.016000 -0.031972
0 0.009000 0.015986 -0.016000 -0.031972
0 0.009000 0.015986 -0.016000 -0.031972
0 0.009000 0.015986 -0.016000 -0.031972
0 0.006500 0.009769 -0.011000 -0.019538
0 0.009000 0.015986 -0.016000 -0.031972
0 0.009000 0.015986 -0.016000 -0.031972
0 0.006500 0.009769 -0.011000 -0.019538
0 0.009000 0.015986 -0.016000 -0.031972
0 0.009000 0.015986 -0.016000 -0.031972
0 0.009000 0.015986 -0.016000 -0.031972
0 0.009000 0.015986 -0.016000 -0.031972
0 0.006500 0.009769 -0.011000 -0.019538
0 0.009000 0.015986 -0.016000 -0.031972
0 0.009000 0.015986 -0.016000 -0.031972
0 0.006500 0.009769 -0.011000 -0.019538
0 0.009000 0.015986 -0.016000 -0.031972
0 0.009000 0.015986 -0.016000 -0.031972
0 0.006500 0.009769 -0.011000 -0.019538
0 0.009000 0.015986 -0.016000 -0.031972
0 0.009000 0.015986 -0.016000 -0.031972
0 0.006500 0.009769 -0.011000 -0.019538
0 0.009000 0.015986 -0.016000 -0.031972
0 0.009000 0.015986 -0.016000 -0.031972
0 0.009000 0.015986 -0.016000 -0.031972
0 0.009000 0.015986 -0.016000 -0.031972
0 0.009000 0.015986 -0.016000 -0.031972
0 0.006500 0.009769 -0.011000 -0.019538
0 0.006500 0.009769 -0.011000 -0.019538
0 0.009000 0.015986 -0.016000 -0.031972
0 0.006500 0.009769 -0.011000 -0.019538
0 0.006500 0.009769 -0.011000 -0.019538
0 0.009000 0.015986 -0.016000 -0.031972
0 0.009000 0.015986 -0.016000 -0.031972
0 0.009000 0.015986 -0.016000 -0.031972
0 0.009000 0.015986 -0.016000 -0.031972
0 0.009000 0.015986 -0.016000 -0.031972
0 0.009000 0.015986 -0.016000 -0.031972
0 0.009000 0.015986 -0.016000 -0.031972
0 0.006500 0.009769 -0.011000 -0.019538
0 0.009000 0.015986 -0.016000 -0.031972
0 0.006500 0.009769 -0.011000 -0.019538
0 0.006500 0.009769 -0.011000 -0.019538
0 0.009000 0.015986 -0.016000 -0.031972
0 0.015500 0.027531 -0.029000 -0.055062
0 0.006500 0.009769 -0.011000 -0.019538
0 0.009000 0.015986 -0.016000 -0.031972
0 0.009000 0.015986 -0.016000 -0.031972
0 0.009000 0.015986 -0.016000 -0.031972
0 0.009000 0.015986 -0.016000 -0.031972
0 0.006500 0.009769 -0.011000 -0.019538
0 0.009000 0.015986 -0.016000 -0.031972
0 0.006500 0.009769 -0.011000 -0.019538
0 0.009000 0.015986 -0.016000 -0.031972
0 0.009000 0.015986 -0.016000 -0.031972
0 0.015500 0.027531 -0.029000 -0.055062
0 0.009000 0.015986 -0.016000 -0.031972
0 0.009000 0.015986 -0.016000 -0.031972
0 0.009000 0.015986 -0.016000 -0.031972
0 0.009000 0.015986 -0.016000 -0.031972
0 0.015500 0.027531 -0.029000 -0.055062
0 0.006500 0.009769 -0.011000 -0.019538
0 0.015500 0.027531 -0.029000 -0.055062
0 0.009000 0.015986 -0.016000 -0.031972
0 0.009000 0.015986 -0.016000 -0.031972
0 0.006500 0.009769 -0.011000 -0.019538
0 0.006500 0.009769 -0.011000 -0.019538
0 0.006500 0.009769 -0.011000 -0.019538
0 0.009000 0.015986 -0.016000 -0.031972
0 0.006500 0.009769 -0.011000 -0.019538
0 0.006500 0.009769 -0.011000 -0.019538
0 0.009000 0.015986 -0.016000 -0.031972
0 0.009000 0.015986 -0.016000 -0.031972
0 0.009000 0.015986 -0.016000 -0.031972
0 0.006500 0.009769 -0.011000 -0.019538
0 0.009000 0.015986 -0.016000 -0.031972
0 0.009000 0.015986 -0.016000 -0.031972
0 0.009000 0.015986 -0.016000 -0.031972
0 0.006500 0.009769 -0.011000 -0.019538
0 0.006500 0.009769 -0.011000 -0.019538
0 0.009000 0.015986 -0.016000 -0.031972
0 0.009000 0.015986 -0.016000 -0.031972
0 0.009000 0.015986 -0.016000 -0.031972
0 0.009000 0.015986 -0.016000 -0.031972
0 0.009000 0.015986 -0.016000 -0.031972
0 0.009000 0.015986 -0.016000 -0.031972
0 0.009000 0.015986 -0.016000 -0.031972
0 0.006500 0.009769 -0.011000 -0.019538
0 0.009000 0.015986 -0.016000 -0.031972
0 0.006500 0.009769 -0.011000 -0.019538
0 0.009000 0.015986 -0.016000 -0.031972
0 0.015500 0.027531 -0.029000 -0.055062
0 0.009000 0.015986 -0.016000 -0.031972
0 0.006500 0.009769 -0.011000 -0.019538
0 0.009000 0.015986 -0.016000 -0.031972
0 0.015500 0.027531 -0.029000 -0.055062
0 0.009000 0.015986 -0.016000 -0.031972
0 0.009000 0.015986 -0.016000 -0.031972
0 0.009000 0.015986 -0.016000 -0.031972
0 0.009000 0.015986 -0.016000 -0.031972
0 0.009000 0.015986 -0.016000 -0.031972
0 0.009000 0.015986 -0.016000 -0.031972
0 0.006500 0.009769 -0.011000 -0.019538
0 0.015500 0.027531 -0.029000 -0.055062
0 0.009000 0.015986 -0.016000 -0.031972
0 0.006500 0.009769 -0.011000 -0.019538
0 0.009000 0.015986 -0.016000 -0.031972
0 0.009000 0.015986 -0.016000 -0.031972
0 0.015500 0.027531 -0.029000 -0.055062
0 0.009000 0.015986 -0.016000 -0.031972
0 0.009000 0.015986 -0.016000 -0.031972
0 0.009000 0.015986 -0.016000 -0.031972
0 0.009000 0.015986 -0.016000 -0.031972
0 0.006500 0.009769 -0.011000 -0.019538
0 0.009000 0.015986 -0.016000 -0.031972
0 0.006500 0.009769 -0.011000 -0.019538
0 0.006500 0.009769 -0.011000 -0.019538
0 0.006500 0.009769 -0.011000 -0.019538
0 0.015500 0.027531 -0.029000 -0.055062
0 0.006500 0.009769 -0.011000 -0.019538
0 0.009000 0.015986 -0.016000 -0.031972
0 0.009000 0.015986 -0.016000 -0.031972
0 0.009000 0.015986 -0.016000 -0.031972
0 0.015500 0.027531 -0.029000 -0.055062
0 0.009000 0.015986 -0.016000 -0.031972
0 0.006500 0.009769 -0.011000 -0.019538
0 0.006500 0.009769 -0.011000 -0.019538
0 0.009000 0.015986 -0.016000 -0.031972
0 0.009000 0.015986 -0.016000 -0.031972
0 0.009000 0.015986 -0.016000 -0.031972
0 0.009000 0.015986 -0.016000 -0.031972
0 0.009000 0.015986 -0.016000 -0.031972
0 0.009000 0.015986 -0.016000 -0.031972