0 0.008000 0.016479 -0.015000 -0.032958
0 0.015500 0.029341 -0.030000 -0.058682
0 0.015250 0.022106 -0.029500 -0.044212
0 0.015500 0.029341 -0.030000 -0.058682
0 0.015500 0.029341 -0.030000 -0.058682
0 0.015500 0.029341 -0.030000 -0.058682
0 0.015500 0.029341 -0.030000 -0.058682
0 0.015500 0.029341 -0.030000 -0.058682
0 0.015250 0.022106 -0.029500 -0.044212
0 0.008000 0.016881 -0.015000 -0.032154
0 0.015500 0.029341 -0.030000 -0.058682
0 0.009750 0.022508 -0.018500 -0.045016
0 0.008000 0.016479 -0.015000 -0.032958
0 0.015250 0.022106 -0.029500 -0.044212
0 0.015500 0.029341 -0.030000 -0.058682
0 0.015500 0.029341 -0.030000 -0.058682
0 0.015500 0.029341 -0.030000 -0.058682
0 0.015250 0.022106 -0.029500 -0.044212
0 0.008000 0.016479 -0.015000 -0.032958
0 0.015500 0.029341 -0.030000 -0.058682
0 0.015250 0.022106 -0.029500 -0.044212
0 0.008000 0.016881 -0.015000 -0.032154
0 0.015250 0.022106 -0.029500 -0.044212
0 0.015250 0.022106 -0.029500 -0.044212
0 0.009750 0.022508 -0.018500 -0.045016
0 0.008000 0.016479 -0.015000 -0.032958
0 0.009750 0.022910 -0.018500 -0.044212
0 0.015500 0.029341 -0.030000 -0.058682
0 0.015500 0.029341 -0.030000 -0.058682
0 0.015250 0.022106 -0.029500 -0.044212
0 0.008000 0.016881 -0.015000 -0.032154
0 0.009750 0.022910 -0.018500 -0.044212
0 0.008000 0.016479 -0.015000 -0.032958
0 0.009750 0.022910 -0.018500 -0.044212
0 0.008000 0.016479 -0.015000 -0.032958
0 0.015500 0.029341 -0.030000 -0.058682