0 0.010000 0.023537 -0.018333 -0.047074
0 0.005000 0.010814 -0.008333 -0.021628
0 0.032500 0.054707 -0.063333 -0.109415
0 0.005417 0.008906 -0.009167 -0.017812
0 0.010000 0.023537 -0.018333 -0.047074
0 0.047083 0.077608 -0.092500 -0.155216
0 0.019583 0.033079 -0.037500 -0.066158
0 0.007500 0.013359 -0.013333 -0.026718
0 0.008750 0.014631 -0.015833 -0.029262
0 0.032500 0.054707 -0.063333 -0.109415
0 0.006667 0.013359 -0.011667 -0.026718
0 0.008750 0.014631 -0.015833 -0.029262
0 0.012083 0.021628 -0.022500 -0.043257
0 0.008750 0.014631 -0.015833 -0.029262
0 0.006250 0.015903 -0.010833 -0.031807
0 0.006667 0.013359 -0.011667 -0.026718
0 0.007500 0.013359 -0.013333 -0.026718
0 0.006250 0.015903 -0.010833 -0.031807
0 0.009583 0.015267 -0.017500 -0.030534
0 0.005417 0.008906 -0.009167 -0.017812
0 0.010000 0.023537 -0.018333 -0.047074
0 0.015000 0.024173 -0.028333 -0.048346
0 0.011667 0.020356 -0.021667 -0.040712
0 0.011667 0.020356 -0.021667 -0.040712
0 0.008750 0.014631 -0.015833 -0.029262
0 0.018333 0.033079 -0.035000 -0.066158
0 0.007500 0.013359 -0.013333 -0.026718
0 0.008750 0.014631 -0.015833 -0.029262
0 0.008750 0.014631 -0.015833 -0.029262
0 0.008750 0.014631 -0.015833 -0.029262
0 0.012083 0.021628 -0.022500 -0.043257
0 0.008750 0.014631 -0.015833 -0.029262