0 0.007053 0.018663 -0.013672 -0.037326
0 0.004774 0.005932 -0.009115 -0.011863
0 0.019748 0.027922 -0.039062 -0.055845
0 0.006185 0.004196 -0.011936 -0.008391
0 0.007053 0.018663 -0.013672 -0.037326
0 0.007053 0.018663 -0.013672 -0.037326
0 0.007812 0.012731 -0.015191 -0.025463
0 0.002713 0.004340 -0.004991 -0.008681
0 0.004774 0.005932 -0.009115 -0.011863
0 0.004774 0.005932 -0.009115 -0.011863
0 0.004774 0.005932 -0.009115 -0.011863
0 0.007270 0.007523 -0.014106 -0.015046
0 0.009983 0.013455 -0.019531 -0.026910
0 0.004774 0.005932 -0.009115 -0.011863
0 0.013780 0.022859 -0.027127 -0.045718
0 0.006185 0.004196 -0.011936 -0.008391
0 0.004774 0.005932 -0.009115 -0.011863
0 0.013780 0.022859 -0.027127 -0.045718
0 0.034722 0.050058 -0.069010 -0.100116
0 0.007053 0.018663 -0.013672 -0.037326
0 0.023655 0.034433 -0.046875 -0.068866
0 0.007053 0.010995 -0.013672 -0.021991
0 0.004774 0.005932 -0.009115 -0.011863
0 0.004774 0.005932 -0.009115 -0.011863
0 0.006619 0.015480 -0.011936 -0.030961
0 0.007053 0.018663 -0.013672 -0.037326
0 0.004774 0.005932 -0.009115 -0.011863
0 0.004774 0.005932 -0.009115 -0.011863
0 0.013780 0.022859 -0.027127 -0.045718
0 0.004774 0.005932 -0.009115 -0.011863
0 0.007270 0.007523 -0.014106 -0.015046
0 0.006185 0.004196 -0.011936 -0.008391
0 0.007053 0.018663 -0.013672 -0.037326
0 0.013780 0.022859 -0.027127 -0.045718
0 0.002713 0.004340 -0.004991 -0.008681
0 0.007812 0.012731 -0.015191 -0.025463
0 0.006185 0.004196 -0.011936 -0.008391
0 0.060004 0.089120 -0.119575 -0.178241
0 0.007812 0.012731 -0.015191 -0.025463
0 0.006402 0.015480 -0.012370 -0.030961
0 0.007812 0.012731 -0.015191 -0.025463
0 0.006185 0.004196 -0.011936 -0.008391
0 0.004774 0.005932 -0.009115 -0.011863
0 0.023655 0.034433 -0.046875 -0.068866
0 0.007053 0.010995 -0.013672 -0.021991
0 0.013780 0.022859 -0.027127 -0.045718
0 0.006185 0.004196 -0.011936 -0.008391
0 0.013780 0.022859 -0.027127 -0.045718
0 0.007270 0.007523 -0.014106 -0.015046
0 0.004774 0.005932 -0.009115 -0.011863
0 0.041775 0.044416 -0.083116 -0.088831
0 0.004774 0.005932 -0.009115 -0.011863
0 0.005859 0.012297 -0.011285 -0.024595
0 0.008464 0.008102 -0.016493 -0.016204
0 0.007270 0.007523 -0.014106 -0.015046
0 0.027127 0.066840 -0.053819 -0.133681
0 0.045681 0.072627 -0.090929 -0.145255
0 0.013780 0.022859 -0.027127 -0.045718
0 0.006185 0.004196 -0.011936 -0.008391
0 0.007270 0.007523 -0.014106 -0.015046
0 0.006185 0.004196 -0.011936 -0.008391
0 0.007812 0.012731 -0.015191 -0.025463
0 0.004774 0.005932 -0.009115 -0.011863
0 0.007053 0.018663 -0.013672 -0.037326
0 0.010525 0.018374 -0.020616 -0.036748
0 0.007053 0.010995 -0.013672 -0.021991
0 0.004774 0.005932 -0.009115 -0.011863
0 0.013780 0.022859 -0.027127 -0.045718
0 0.023655 0.034433 -0.046875 -0.068866
0 0.004774 0.005932 -0.009115 -0.011863
0 0.006185 0.004196 -0.011936 -0.008391
0 0.014106 0.022135 -0.027778 -0.044271
0 0.007270 0.007523 -0.014106 -0.015046
0 0.007812 0.012731 -0.015191 -0.025463
0 0.007812 0.012731 -0.015191 -0.025463
0 0.007053 0.018663 -0.013672 -0.037326
0 0.015299 0.020110 -0.030165 -0.040220
0 0.004774 0.005932 -0.009115 -0.011863
0 0.006402 0.015480 -0.012370 -0.030961
0 0.006185 0.004196 -0.011936 -0.008391
0 0.013780 0.022859 -0.027127 -0.045718
0 0.013780 0.022859 -0.027127 -0.045718
0 0.004774 0.005932 -0.009115 -0.011863
0 0.004774 0.005932 -0.009115 -0.011863
0 0.004774 0.005932 -0.009115 -0.011863
0 0.002713 0.004340 -0.004991 -0.008681
0 0.007053 0.018663 -0.013672 -0.037326
0 0.007812 0.012731 -0.015191 -0.025463
0 0.004774 0.005932 -0.009115 -0.011863
0 0.005859 0.012297 -0.011285 -0.024595
0 0.007053 0.018663 -0.013672 -0.037326
0 0.006185 0.004196 -0.011936 -0.008391
0 0.007053 0.010995 -0.013672 -0.021991
0 0.004774 0.005932 -0.009115 -0.011863
0 0.007053 0.018663 -0.013672 -0.037326
0 0.013780 0.022859 -0.027127 -0.045718
0 0.007812 0.012731 -0.015191 -0.025463
0 0.004774 0.005932 -0.009115 -0.011863
0 0.012261 0.016927 -0.024089 -0.033854
0 0.013780 0.022859 -0.027127 -0.045718
0 0.007812 0.012731 -0.015191 -0.025463
0 0.004774 0.005932 -0.009115 -0.011863
0 0.004774 0.005932 -0.009115 -0.011863
0 0.023872 0.034433 -0.046441 -0.068866
0 0.007812 0.012731 -0.015191 -0.025463
0 0.019748 0.027922 -0.039062 -0.055845
0 0.015299 0.020110 -0.030165 -0.040220
0 0.016493 0.025752 -0.032552 -0.051505
0 0.007812 0.012731 -0.015191 -0.025463
0 0.006185 0.004196 -0.011936 -0.008391
0 0.006185 0.004196 -0.011936 -0.008391
0 0.004774 0.005932 -0.009115 -0.011863
0 0.004774 0.005932 -0.009115 -0.011863
0 0.006185 0.004196 -0.011936 -0.008391
0 0.005859 0.012297 -0.011285 -0.024595
0 0.007053 0.018663 -0.013672 -0.037326
0 0.004774 0.005932 -0.009115 -0.011863
0 0.006185 0.004196 -0.011936 -0.008391
0 0.007053 0.018663 -0.013672 -0.037326
0 0.006185 0.004196 -0.011936 -0.008391
0 0.010742 0.012153 -0.021050 -0.024306
0 0.003364 0.007089 -0.006293 -0.014178
0 0.004774 0.005932 -0.009115 -0.011863
0 0.007053 0.018663 -0.013672 -0.037326
0 0.006185 0.004196 -0.011936 -0.008391
0 0.006185 0.004196 -0.011936 -0.008391
0 0.007270 0.007523 -0.014106 -0.015046
0 0.007812 0.012731 -0.015191 -0.025463
0 0.004774 0.005932 -0.009115 -0.011863
0 0.015299 0.020110 -0.030165 -0.040220
0 0.006185 0.004196 -0.011936 -0.008391
0 0.004774 0.005932 -0.009115 -0.011863
0 0.007270 0.007523 -0.014106 -0.015046
0 0.005859 0.012297 -0.011285 -0.024595
0 0.007812 0.012731 -0.015191 -0.025463
0 0.007053 0.018663 -0.013672 -0.037326
0 0.015299 0.020110 -0.030165 -0.040220
0 0.007812 0.012731 -0.015191 -0.025463
0 0.007812 0.012731 -0.015191 -0.025463
0 0.007812 0.012731 -0.015191 -0.025463
0 0.002713 0.004340 -0.004991 -0.008681
0 0.013780 0.022859 -0.027127 -0.045718
0 0.004774 0.005932 -0.009115 -0.011863