0 0.002604 0.005174 -0.004596 -0.010349
0 0.003217 0.006808 -0.005821 -0.013617
0 0.001838 0.003813 -0.003064 -0.007625
0 0.003370 0.005174 -0.006127 -0.010349
0 0.001838 0.003813 -0.003064 -0.007625
0 0.001532 0.003813 -0.002451 -0.007625
0 0.003523 0.007081 -0.006434 -0.014161
0 0.015319 0.027505 -0.029412 -0.055011
0 0.005055 0.008987 -0.009498 -0.017974
0 0.003217 0.006808 -0.005821 -0.013617
0 0.001838 0.003813 -0.003064 -0.007625
0 0.005055 0.008987 -0.009498 -0.017974
0 0.001532 0.003813 -0.002451 -0.007625
0 0.006127 0.015251 -0.011642 -0.030501
0 0.001685 0.004357 -0.002757 -0.008715
0 0.001685 0.004357 -0.002757 -0.008715
0 0.002145 0.005447 -0.003676 -0.010893
0 0.001838 0.003813 -0.003064 -0.007625
0 0.001532 0.002451 -0.002451 -0.004902
0 0.002604 0.005174 -0.004596 -0.010349
0 0.001838 0.003813 -0.003064 -0.007625
0 0.015319 0.027505 -0.029412 -0.055011
0 0.001838 0.004357 -0.002451 -0.008715
0 0.005055 0.008987 -0.009498 -0.017974
0 0.003217 0.006808 -0.005821 -0.013617
0 0.002145 0.005447 -0.003676 -0.010893
0 0.005055 0.008987 -0.009498 -0.017974
0 0.001532 0.003813 -0.002451 -0.007625
0 0.007659 0.016340 -0.014706 -0.032680
0 0.003830 0.008715 -0.007047 -0.017429
0 0.003830 0.008715 -0.007047 -0.017429
0 0.002145 0.005447 -0.003676 -0.010893
0 0.001838 0.003813 -0.003064 -0.007625
0 0.001838 0.003813 -0.003064 -0.007625
0 0.006127 0.015251 -0.011642 -0.030501
0 0.003523 0.007081 -0.006434 -0.014161
0 0.005821 0.012800 -0.011029 -0.025599
0 0.003830 0.008715 -0.007047 -0.017429
0 0.001532 0.002451 -0.002451 -0.004902
0 0.003370 0.005174 -0.006127 -0.010349
0 0.001991 0.004902 -0.003370 -0.009804
0 0.003370 0.005174 -0.006127 -0.010349
0 0.007659 0.016340 -0.014706 -0.032680
0 0.001838 0.003813 -0.003064 -0.007625
0 0.001532 0.002451 -0.002451 -0.004902
0 0.003523 0.007081 -0.006434 -0.014161
0 0.005055 0.008987 -0.009498 -0.017974
0 0.003217 0.006808 -0.005821 -0.013617
0 0.002145 0.005447 -0.003676 -0.010893
0 0.007659 0.016340 -0.014706 -0.032680
0 0.003370 0.005174 -0.006127 -0.010349
0 0.003370 0.005174 -0.006127 -0.010349
0 0.002145 0.005447 -0.003676 -0.010893
0 0.005974 0.012800 -0.010723 -0.025599
0 0.002604 0.005174 -0.004596 -0.010349
0 0.005055 0.008987 -0.009498 -0.017974
0 0.001685 0.004357 -0.002757 -0.008715
0 0.008119 0.019063 -0.015625 -0.038126
0 0.001532 0.003813 -0.002451 -0.007625
0 0.005055 0.008987 -0.009498 -0.017974
0 0.002145 0.005447 -0.003676 -0.010893
0 0.003830 0.008715 -0.007047 -0.017429
0 0.001838 0.003813 -0.003064 -0.007625
0 0.002145 0.005447 -0.003676 -0.010893
0 0.001532 0.002451 -0.002451 -0.004902
0 0.001838 0.003813 -0.003064 -0.007625
0 0.008119 0.019063 -0.015625 -0.038126
0 0.003217 0.006808 -0.005821 -0.013617
0 0.001532 0.002451 -0.002451 -0.004902
0 0.003217 0.006808 -0.005821 -0.013617
0 0.003523 0.007081 -0.006434 -0.014161
0 0.002757 0.006264 -0.004902 -0.012527
0 0.001685 0.004357 -0.002757 -0.008715
0 0.001532 0.002451 -0.002451 -0.004902
0 0.003370 0.005174 -0.006127 -0.010349
0 0.002145 0.005447 -0.003676 -0.010893
0 0.001838 0.003813 -0.003064 -0.007625
0 0.001532 0.002451 -0.002451 -0.004902
0 0.003370 0.005174 -0.006127 -0.010349
0 0.001838 0.003813 -0.003064 -0.007625
0 0.002145 0.005447 -0.003676 -0.010893
0 0.003370 0.005174 -0.006127 -0.010349
0 0.004289 0.007898 -0.007966 -0.015795
0 0.001838 0.003813 -0.003064 -0.007625
0 0.005055 0.008987 -0.009498 -0.017974
0 0.005055 0.008987 -0.009498 -0.017974
0 0.001532 0.003813 -0.002451 -0.007625
0 0.007659 0.016340 -0.014706 -0.032680
0 0.002145 0.005447 -0.003676 -0.010893
0 0.001838 0.003813 -0.003064 -0.007625
0 0.001838 0.003813 -0.003064 -0.007625
0 0.001838 0.003813 -0.003064 -0.007625
0 0.003523 0.007081 -0.006434 -0.014161
0 0.007659 0.016340 -0.014706 -0.032680
0 0.001532 0.002451 -0.002451 -0.004902
0 0.001685 0.004357 -0.002757 -0.008715
0 0.005055 0.008987 -0.009498 -0.017974
0 0.003217 0.006808 -0.005821 -0.013617
0 0.006127 0.015251 -0.011642 -0.030501
0 0.001532 0.002451 -0.002451 -0.004902
0 0.007659 0.016340 -0.014706 -0.032680
0 0.003217 0.006808 -0.005821 -0.013617
0 0.003830 0.008715 -0.007047 -0.017429
0 0.005055 0.008987 -0.009498 -0.017974
0 0.003830 0.008715 -0.007047 -0.017429
0 0.005055 0.008987 -0.009498 -0.017974
0 0.001838 0.003813 -0.003064 -0.007625
0 0.003217 0.006808 -0.005821 -0.013617
0 0.001838 0.003813 -0.003064 -0.007625
0 0.001838 0.003813 -0.003064 -0.007625
0 0.001838 0.003813 -0.003064 -0.007625
0 0.001532 0.003813 -0.002451 -0.007625
0 0.001532 0.002451 -0.002451 -0.004902
0 0.015165 0.027505 -0.029718 -0.055011
0 0.015165 0.027505 -0.029718 -0.055011
0 0.001838 0.003813 -0.003064 -0.007625
0 0.001838 0.003813 -0.003064 -0.007625
0 0.002145 0.005447 -0.003676 -0.010893
0 0.001532 0.003813 -0.002451 -0.007625
0 0.003523 0.007081 -0.006434 -0.014161
0 0.005055 0.008987 -0.009498 -0.017974
0 0.002604 0.005174 -0.004596 -0.010349
0 0.001532 0.003813 -0.002451 -0.007625
0 0.005055 0.008987 -0.009498 -0.017974
0 0.001532 0.002451 -0.002451 -0.004902
0 0.001532 0.002451 -0.002451 -0.004902
0 0.003830 0.008715 -0.007047 -0.017429
0 0.001532 0.003813 -0.002451 -0.007625
0 0.001838 0.004357 -0.002451 -0.008715
0 0.001532 0.002451 -0.002451 -0.004902
0 0.001838 0.003813 -0.003064 -0.007625
0 0.003370 0.005174 -0.006127 -0.010349
0 0.003217 0.006808 -0.005821 -0.013617
0 0.001838 0.003813 -0.003064 -0.007625
0 0.001532 0.003813 -0.002451 -0.007625
0 0.001532 0.003813 -0.002451 -0.007625
0 0.001685 0.004357 -0.002757 -0.008715
0 0.002145 0.005447 -0.003676 -0.010893
0 0.001532 0.003813 -0.002451 -0.007625
0 0.002604 0.005174 -0.004596 -0.010349
0 0.002145 0.005447 -0.003676 -0.010893
0 0.006127 0.015251 -0.011642 -0.030501
0 0.001838 0.003813 -0.003064 -0.007625
0 0.001838 0.003813 -0.003064 -0.007625
0 0.005055 0.008987 -0.009498 -0.017974
0 0.001838 0.003813 -0.003064 -0.007625
0 0.003830 0.008715 -0.007047 -0.017429
0 0.002145 0.005447 -0.003676 -0.010893
0 0.003830 0.008715 -0.007047 -0.017429
0 0.005055 0.008987 -0.009498 -0.017974
0 0.003370 0.006808 -0.005515 -0.013617
0 0.003370 0.005174 -0.006127 -0.010349
0 0.003217 0.006808 -0.005821 -0.013617
0 0.005055 0.008987 -0.009498 -0.017974
0 0.003830 0.008715 -0.007047 -0.017429
0 0.001838 0.003813 -0.003064 -0.007625
0 0.001838 0.003813 -0.003064 -0.007625
0 0.003830 0.008715 -0.007047 -0.017429
0 0.003217 0.006808 -0.005821 -0.013617
0 0.001838 0.003813 -0.003064 -0.007625
0 0.001532 0.002451 -0.002451 -0.004902
0 0.003830 0.008715 -0.007047 -0.017429
0 0.003830 0.008715 -0.007047 -0.017429
0 0.002145 0.005447 -0.003676 -0.010893
0 0.002604 0.005174 -0.004596 -0.010349
0 0.005055 0.008987 -0.009498 -0.017974
0 0.001685 0.004357 -0.002757 -0.008715
0 0.001838 0.003813 -0.003064 -0.007625
0 0.001838 0.003813 -0.003064 -0.007625
0 0.001532 0.003813 -0.002451 -0.007625
0 0.007659 0.016340 -0.014706 -0.032680
0 0.006127 0.015251 -0.011642 -0.030501
0 0.001838 0.003813 -0.003064 -0.007625
0 0.002145 0.005447 -0.003676 -0.010893
0 0.001838 0.003813 -0.003064 -0.007625
0 0.001532 0.003813 -0.002451 -0.007625
0 0.001685 0.004357 -0.002757 -0.008715
0 0.002145 0.005447 -0.003676 -0.010893
0 0.015165 0.027505 -0.029718 -0.055011
0 0.001838 0.003813 -0.003064 -0.007625
0 0.003370 0.005174 -0.006127 -0.010349
0 0.001838 0.003813 -0.003064 -0.007625
0 0.001838 0.003813 -0.003064 -0.007625
0 0.001838 0.003813 -0.003064 -0.007625
0 0.001838 0.003813 -0.003064 -0.007625
0 0.002145 0.005447 -0.003676 -0.010893
0 0.003370 0.005174 -0.006127 -0.010349
0 0.003217 0.006808 -0.005821 -0.013617
0 0.001838 0.003813 -0.003064 -0.007625
0 0.001685 0.004357 -0.002757 -0.008715
0 0.005055 0.008987 -0.009498 -0.017974
0 0.002145 0.005447 -0.003676 -0.010893
0 0.001532 0.002451 -0.002451 -0.004902
0 0.001532 0.002451 -0.002451 -0.004902
0 0.001532 0.002451 -0.002451 -0.004902
0 0.003217 0.007625 -0.005821 -0.015251
0 0.001685 0.004357 -0.002757 -0.008715
0 0.001838 0.003813 -0.003064 -0.007625
0 0.001532 0.002451 -0.002451 -0.004902
0 0.006127 0.015251 -0.011642 -0.030501
0 0.006127 0.015251 -0.011642 -0.030501
0 0.002145 0.005447 -0.003676 -0.010893
0 0.002604 0.005174 -0.004596 -0.010349
0 0.003217 0.006808 -0.005821 -0.013617
0 0.005055 0.008987 -0.009498 -0.017974
0 0.002757 0.006536 -0.004902 -0.013072
0 0.001838 0.003813 -0.003064 -0.007625
0 0.001532 0.003813 -0.002451 -0.007625
0 0.001685 0.004357 -0.002757 -0.008715
0 0.002145 0.005447 -0.003676 -0.010893
0 0.001838 0.003813 -0.003064 -0.007625
0 0.002604 0.005174 -0.004596 -0.010349
0 0.001532 0.003813 -0.002451 -0.007625
0 0.002145 0.005447 -0.003676 -0.010893
0 0.015165 0.027505 -0.029718 -0.055011
0 0.001532 0.003813 -0.002451 -0.007625
0 0.001532 0.003813 -0.002451 -0.007625
0 0.003370 0.005174 -0.006127 -0.010349
0 0.002145 0.005447 -0.003676 -0.010893
0 0.001532 0.003813 -0.002451 -0.007625
0 0.001532 0.002451 -0.002451 -0.004902
0 0.001532 0.002451 -0.002451 -0.004902
0 0.008119 0.019063 -0.015625 -0.038126
0 0.003217 0.006808 -0.005821 -0.013617
0 0.001532 0.002451 -0.002451 -0.004902
0 0.003523 0.007081 -0.006434 -0.014161
0 0.001838 0.003813 -0.003064 -0.007625
0 0.001532 0.002451 -0.002451 -0.004902
0 0.001685 0.004357 -0.002757 -0.008715
0 0.001838 0.003813 -0.003064 -0.007625
0 0.001838 0.003813 -0.003064 -0.007625
0 0.005055 0.008987 -0.009498 -0.017974
0 0.001838 0.003813 -0.003064 -0.007625
0 0.001838 0.003813 -0.003064 -0.007625
0 0.003370 0.005174 -0.006127 -0.010349
0 0.001685 0.004357 -0.002757 -0.008715
0 0.001838 0.003813 -0.003064 -0.007625
0 0.001838 0.003813 -0.003064 -0.007625
0 0.003523 0.007081 -0.006434 -0.014161
0 0.003523 0.007081 -0.006434 -0.014161
0 0.003217 0.006808 -0.005821 -0.013617
0 0.001685 0.004357 -0.002757 -0.008715
0 0.003217 0.006808 -0.005821 -0.013617
0 0.001532 0.003813 -0.002451 -0.007625
0 0.001838 0.003813 -0.003064 -0.007625
0 0.008119 0.019063 -0.015625 -0.038126
0 0.003830 0.008715 -0.007047 -0.017429
0 0.001838 0.003813 -0.003064 -0.007625
0 0.003523 0.005174 -0.005821 -0.010349
0 0.001532 0.003813 -0.002451 -0.007625
0 0.001685 0.004357 -0.002757 -0.008715
0 0.001532 0.003813 -0.002451 -0.007625
0 0.003370 0.005174 -0.006127 -0.010349
0 0.003370 0.006808 -0.005515 -0.013617
0 0.001532 0.002451 -0.002451 -0.004902
0 0.003523 0.007081 -0.006434 -0.014161
0 0.001838 0.003813 -0.003064 -0.007625
0 0.007659 0.016340 -0.014706 -0.032680
0 0.005055 0.008987 -0.009498 -0.017974
0 0.003370 0.005174 -0.006127 -0.010349
0 0.001838 0.003813 -0.003064 -0.007625
0 0.001838 0.003813 -0.003064 -0.007625
0 0.007659 0.016340 -0.014706 -0.032680
0 0.003830 0.008715 -0.007047 -0.017429
0 0.005055 0.008987 -0.009498 -0.017974
0 0.005055 0.008987 -0.009498 -0.017974
0 0.003370 0.005174 -0.006127 -0.010349
0 0.002604 0.005174 -0.004596 -0.010349
0 0.003217 0.006808 -0.005821 -0.013617
0 0.001685 0.004357 -0.002757 -0.008715
0 0.001532 0.003813 -0.002451 -0.007625
0 0.002604 0.005174 -0.004596 -0.010349
0 0.001532 0.003813 -0.002451 -0.007625
0 0.001532 0.003813 -0.002451 -0.007625
0 0.005055 0.008987 -0.009498 -0.017974
0 0.001838 0.003813 -0.003064 -0.007625
0 0.001838 0.003813 -0.003064 -0.007625
0 0.003370 0.005174 -0.006127 -0.010349
0 0.003370 0.005174 -0.006127 -0.010349
0 0.001532 0.003813 -0.002451 -0.007625
0 0.001838 0.003813 -0.003064 -0.007625
0 0.001838 0.003813 -0.003064 -0.007625
0 0.005055 0.008987 -0.009498 -0.017974
0 0.001532 0.003813 -0.002451 -0.007625
0 0.001838 0.003813 -0.003064 -0.007625
0 0.004289 0.007898 -0.007966 -0.015795
0 0.005055 0.008987 -0.009498 -0.017974
0 0.002604 0.005174 -0.004596 -0.010349
0 0.001838 0.003813 -0.003064 -0.007625
0 0.001838 0.003813 -0.003064 -0.007625
0 0.001838 0.003813 -0.003064 -0.007625
0 0.003217 0.006808 -0.005821 -0.013617
0 0.007659 0.016340 -0.014706 -0.032680
0 0.007659 0.016340 -0.014706 -0.032680
0 0.003370 0.005174 -0.006127 -0.010349
0 0.001532 0.002451 -0.002451 -0.004902
0 0.003370 0.005174 -0.006127 -0.010349
0 0.005055 0.008987 -0.009498 -0.017974
0 0.003217 0.006808 -0.005821 -0.013617
0 0.003370 0.005174 -0.006127 -0.010349
0 0.001685 0.004357 -0.002757 -0.008715
0 0.001685 0.004357 -0.002757 -0.008715
0 0.003830 0.008715 -0.007047 -0.017429
0 0.001838 0.003813 -0.003064 -0.007625
0 0.003217 0.006808 -0.005821 -0.013617
0 0.001532 0.003813 -0.002451 -0.007625
0 0.001838 0.003813 -0.003064 -0.007625
0 0.001532 0.002451 -0.002451 -0.004902
0 0.003370 0.005174 -0.006127 -0.010349
0 0.001532 0.002451 -0.002451 -0.004902
0 0.001532 0.002451 -0.002451 -0.004902
0 0.005055 0.008987 -0.009498 -0.017974
0 0.006127 0.015251 -0.011642 -0.030501
0 0.003830 0.008715 -0.007047 -0.017429
0 0.001838 0.003813 -0.003064 -0.007625
0 0.005055 0.008987 -0.009498 -0.017974
0 0.001838 0.003813 -0.003064 -0.007625
0 0.007659 0.016340 -0.014706 -0.032680
0 0.009498 0.019063 -0.018382 -0.038126
0 0.002145 0.005447 -0.003676 -0.010893
0 0.001532 0.003813 -0.002451 -0.007625
0 0.001532 0.003813 -0.002451 -0.007625
0 0.001685 0.004357 -0.002757 -0.008715
0 0.001532 0.002451 -0.002451 -0.004902
0 0.002604 0.005174 -0.004596 -0.010349
0 0.001838 0.003813 -0.003064 -0.007625
0 0.005055 0.008987 -0.009498 -0.017974
0 0.001838 0.003813 -0.003064 -0.007625
0 0.003523 0.007081 -0.006434 -0.014161
0 0.001532 0.002451 -0.002451 -0.004902
0 0.007659 0.016340 -0.014706 -0.032680
0 0.001532 0.003813 -0.002451 -0.007625
0 0.002604 0.005174 -0.004596 -0.010349
0 0.001532 0.003813 -0.002451 -0.007625
0 0.001532 0.003813 -0.002451 -0.007625
0 0.001838 0.003813 -0.003064 -0.007625
0 0.001532 0.003813 -0.002451 -0.007625
0 0.001838 0.003813 -0.003064 -0.007625
0 0.001838 0.003813 -0.003064 -0.007625
0 0.005055 0.008987 -0.009498 -0.017974
0 0.003523 0.007081 -0.006434 -0.014161
0 0.005055 0.008987 -0.009498 -0.017974
0 0.003830 0.008715 -0.007047 -0.017429
0 0.005055 0.008987 -0.009498 -0.017974
0 0.001838 0.003813 -0.003064 -0.007625
0 0.007659 0.016340 -0.014706 -0.032680
0 0.001838 0.003813 -0.003064 -0.007625
0 0.001838 0.003813 -0.003064 -0.007625
0 0.001532 0.003813 -0.002451 -0.007625
0 0.003217 0.006808 -0.005821 -0.013617
0 0.001532 0.002451 -0.002451 -0.004902
0 0.003217 0.006808 -0.005821 -0.013617
0 0.002145 0.005447 -0.003676 -0.010893
0 0.001532 0.002451 -0.002451 -0.004902
0 0.003370 0.005174 -0.006127 -0.010349
0 0.001532 0.002451 -0.002451 -0.004902
0 0.003523 0.007081 -0.006434 -0.014161
0 0.005055 0.008987 -0.009498 -0.017974
0 0.007659 0.016340 -0.014706 -0.032680
0 0.001532 0.002451 -0.002451 -0.004902
0 0.001838 0.003813 -0.003064 -0.007625
0 0.001532 0.003813 -0.002451 -0.007625
0 0.001532 0.002451 -0.002451 -0.004902
0 0.003523 0.007081 -0.006434 -0.014161
0 0.005055 0.008987 -0.009498 -0.017974
0 0.001532 0.003813 -0.002451 -0.007625
0 0.015165 0.027505 -0.029718 -0.055011
0 0.005055 0.008987 -0.009498 -0.017974
0 0.003217 0.006808 -0.005821 -0.013617
0 0.005821 0.012800 -0.011029 -0.025599
0 0.002145 0.005447 -0.003676 -0.010893
0 0.001838 0.003813 -0.003064 -0.007625
0 0.001532 0.002451 -0.002451 -0.004902
0 0.001838 0.003813 -0.003064 -0.007625
0 0.001838 0.003813 -0.003064 -0.007625
0 0.003830 0.008715 -0.007047 -0.017429
0 0.001532 0.002451 -0.002451 -0.004902
0 0.001532 0.002451 -0.002451 -0.004902
0 0.001532 0.003813 -0.002451 -0.007625
0 0.003370 0.005174 -0.006127 -0.010349
0 0.002145 0.005447 -0.003676 -0.010893
0 0.008119 0.019063 -0.015625 -0.038126
0 0.003217 0.006808 -0.005821 -0.013617
0 0.008119 0.019063 -0.015625 -0.038126
0 0.002451 0.005174 -0.004289 -0.010349
0 0.005055 0.008987 -0.009498 -0.017974
0 0.002145 0.005447 -0.003676 -0.010893
0 0.001532 0.003813 -0.002451 -0.007625
0 0.015165 0.027505 -0.029718 -0.055011
0 0.003523 0.007081 -0.006434 -0.014161
0 0.002145 0.005447 -0.003676 -0.010893
0 0.001838 0.003813 -0.003064 -0.007625
0 0.001838 0.003813 -0.003064 -0.007625
0 0.001838 0.003813 -0.003064 -0.007625
0 0.001532 0.003813 -0.002451 -0.007625
0 0.001532 0.003813 -0.002451 -0.007625
0 0.001532 0.002451 -0.002451 -0.004902
0 0.003523 0.007081 -0.006434 -0.014161
0 0.003370 0.005174 -0.006127 -0.010349
0 0.003217 0.006808 -0.005821 -0.013617
0 0.001532 0.003813 -0.002451 -0.007625
0 0.001685 0.004357 -0.002757 -0.008715
0 0.015319 0.027505 -0.029412 -0.055011
0 0.003064 0.005174 -0.005515 -0.010349
0 0.002145 0.005447 -0.003676 -0.010893
0 0.003830 0.008715 -0.007047 -0.017429
0 0.001838 0.003813 -0.003064 -0.007625
0 0.001532 0.003813 -0.002451 -0.007625
0 0.007659 0.016340 -0.014706 -0.032680
0 0.001685 0.004357 -0.002757 -0.008715
0 0.001685 0.004357 -0.002757 -0.008715
0 0.003523 0.007081 -0.006434 -0.014161
0 0.001532 0.003813 -0.002451 -0.007625
0 0.001532 0.002451 -0.002451 -0.004902
0 0.003830 0.008715 -0.007047 -0.017429
0 0.001838 0.003813 -0.003064 -0.007625
0 0.001838 0.003813 -0.003064 -0.007625
0 0.001685 0.004357 -0.002757 -0.008715
0 0.001532 0.002451 -0.002451 -0.004902
0 0.001532 0.003813 -0.002451 -0.007625
0 0.003830 0.008715 -0.007047 -0.017429
0 0.005055 0.008987 -0.009498 -0.017974
0 0.003217 0.006808 -0.005821 -0.013617
0 0.001838 0.003813 -0.003064 -0.007625
0 0.003217 0.006808 -0.005821 -0.013617
0 0.001838 0.003813 -0.003064 -0.007625
0 0.005055 0.008987 -0.009498 -0.017974
0 0.001685 0.004357 -0.002757 -0.008715
0 0.001838 0.003813 -0.003064 -0.007625
0 0.003523 0.007081 -0.006434 -0.014161
0 0.002604 0.005174 -0.004596 -0.010349
0 0.001838 0.003813 -0.003064 -0.007625
0 0.003370 0.005174 -0.006127 -0.010349
0 0.001685 0.004357 -0.002757 -0.008715
0 0.005055 0.008987 -0.009498 -0.017974
0 0.008119 0.019063 -0.015625 -0.038126
0 0.002604 0.005174 -0.004596 -0.010349
0 0.003370 0.005174 -0.006127 -0.010349
0 0.003370 0.005174 -0.006127 -0.010349
0 0.007659 0.016340 -0.014706 -0.032680
0 0.007659 0.016340 -0.014706 -0.032680
0 0.015165 0.027505 -0.029718 -0.055011
0 0.005055 0.008987 -0.009498 -0.017974
0 0.003523 0.007081 -0.006434 -0.014161
0 0.002145 0.005447 -0.003676 -0.010893
0 0.001532 0.002451 -0.002451 -0.004902
0 0.001838 0.003813 -0.003064 -0.007625
0 0.006127 0.015251 -0.011642 -0.030501
0 0.001838 0.003813 -0.003064 -0.007625
0 0.003370 0.005174 -0.006127 -0.010349
0 0.003370 0.005174 -0.006127 -0.010349
0 0.006127 0.015251 -0.011642 -0.030501
0 0.001685 0.004357 -0.002757 -0.008715
0 0.001838 0.003813 -0.003064 -0.007625
0 0.005055 0.008987 -0.009498 -0.017974
0 0.001532 0.003813 -0.002451 -0.007625
0 0.005055 0.008987 -0.009498 -0.017974
0 0.005055 0.008987 -0.009498 -0.017974
0 0.005055 0.008987 -0.009498 -0.017974
0 0.001532 0.003813 -0.002451 -0.007625
0 0.001532 0.003813 -0.002451 -0.007625
0 0.001838 0.003813 -0.003064 -0.007625
0 0.001532 0.003813 -0.002451 -0.007625
0 0.001685 0.004357 -0.002757 -0.008715
0 0.001685 0.004357 -0.002757 -0.008715
0 0.002145 0.005447 -0.003676 -0.010893
0 0.001532 0.003813 -0.002451 -0.007625
0 0.001532 0.002451 -0.002451 -0.004902
0 0.005055 0.008987 -0.009498 -0.017974
0 0.001838 0.003813 -0.003064 -0.007625
0 0.001532 0.003813 -0.002451 -0.007625
0 0.001685 0.004357 -0.002757 -0.008715
0 0.001532 0.003813 -0.002451 -0.007625
0 0.002604 0.005174 -0.004596 -0.010349
0 0.001838 0.003813 -0.003064 -0.007625
0 0.001838 0.003813 -0.003064 -0.007625
0 0.001532 0.003813 -0.002451 -0.007625
0 0.001532 0.003813 -0.002451 -0.007625
0 0.003523 0.007081 -0.006434 -0.014161
0 0.001685 0.004357 -0.002757 -0.008715
0 0.005055 0.008987 -0.009498 -0.017974
0 0.002604 0.005174 -0.004596 -0.010349
0 0.003370 0.005174 -0.006127 -0.010349
0 0.002145 0.005447 -0.003676 -0.010893
0 0.002145 0.005447 -0.003676 -0.010893
0 0.002145 0.005447 -0.003676 -0.010893
0 0.001838 0.003813 -0.003064 -0.007625
0 0.003523 0.007081 -0.006434 -0.014161
0 0.003370 0.005174 -0.006127 -0.010349
0 0.001685 0.004357 -0.002757 -0.008715
0 0.003830 0.008715 -0.007047 -0.017429
0 0.003217 0.006808 -0.005821 -0.013617
0 0.003830 0.008715 -0.007047 -0.017429
0 0.003370 0.005174 -0.006127 -0.010349
0 0.002145 0.005447 -0.003676 -0.010893
0 0.003830 0.008715 -0.007047 -0.017429
0 0.001838 0.003813 -0.003064 -0.007625
0 0.003830 0.008715 -0.007047 -0.017429
0 0.001838 0.003813 -0.003064 -0.007625
0 0.001685 0.004357 -0.002757 -0.008715
0 0.001532 0.003813 -0.002451 -0.007625
0 0.003523 0.007081 -0.006434 -0.014161
0 0.001838 0.003813 -0.003064 -0.007625
0 0.005055 0.008987 -0.009498 -0.017974
0 0.001838 0.003813 -0.003064 -0.007625
0 0.001685 0.004357 -0.002757 -0.008715
0 0.001532 0.002451 -0.002451 -0.004902
0 0.003217 0.006808 -0.005821 -0.013617
0 0.001838 0.003813 -0.003064 -0.007625
0 0.007659 0.016340 -0.014706 -0.032680
0 0.001532 0.002451 -0.002451 -0.004902
0 0.002145 0.005447 -0.003676 -0.010893
0 0.002145 0.005447 -0.003676 -0.010893
0 0.005055 0.008987 -0.009498 -0.017974
0 0.007659 0.016340 -0.014706 -0.032680
0 0.003676 0.007081 -0.006127 -0.014161
0 0.002145 0.005447 -0.003676 -0.010893
0 0.002145 0.005447 -0.003676 -0.010893
0 0.001838 0.003813 -0.003064 -0.007625
0 0.001532 0.003813 -0.002451 -0.007625
0 0.003523 0.007081 -0.006434 -0.014161
0 0.003830 0.008715 -0.007047 -0.017429
0 0.001838 0.003813 -0.003064 -0.007625
0 0.001838 0.003813 -0.003064 -0.007625
0 0.001532 0.003813 -0.002451 -0.007625
0 0.003370 0.005174 -0.006127 -0.010349
0 0.008119 0.019063 -0.015625 -0.038126
0 0.001685 0.004357 -0.002757 -0.008715
0 0.003217 0.006808 -0.005821 -0.013617
0 0.001838 0.003813 -0.003064 -0.007625
0 0.001532 0.003813 -0.002451 -0.007625
0 0.003217 0.006808 -0.005821 -0.013617
0 0.001838 0.003813 -0.003064 -0.007625
0 0.001838 0.003813 -0.003064 -0.007625
0 0.001532 0.003813 -0.002451 -0.007625
0 0.001685 0.004357 -0.002757 -0.008715
0 0.002145 0.005447 -0.003676 -0.010893
0 0.005055 0.008987 -0.009498 -0.017974
0 0.007659 0.016340 -0.014706 -0.032680
0 0.003370 0.005174 -0.006127 -0.010349
0 0.003370 0.005174 -0.006127 -0.010349
0 0.001532 0.003813 -0.002451 -0.007625
0 0.001685 0.004357 -0.002757 -0.008715
0 0.001838 0.003813 -0.003064 -0.007625
0 0.001838 0.003813 -0.003064 -0.007625
0 0.001532 0.002451 -0.002451 -0.004902
0 0.001532 0.002451 -0.002451 -0.004902
0 0.005055 0.008987 -0.009498 -0.017974
0 0.002757 0.006264 -0.004902 -0.012527
0 0.001838 0.003813 -0.003064 -0.007625
0 0.001838 0.003813 -0.003064 -0.007625
0 0.001838 0.003813 -0.003064 -0.007625
0 0.001532 0.002451 -0.002451 -0.004902
0 0.001838 0.003813 -0.003064 -0.007625
0 0.001532 0.003813 -0.002451 -0.007625
0 0.001685 0.004357 -0.002757 -0.008715
0 0.003523 0.007081 -0.006434 -0.014161
0 0.001532 0.003813 -0.002451 -0.007625
0 0.001532 0.003813 -0.002451 -0.007625
0 0.001685 0.004357 -0.002757 -0.008715
0 0.001838 0.003813 -0.003064 -0.007625
0 0.001838 0.003813 -0.003064 -0.007625
0 0.001838 0.003813 -0.003064 -0.007625
0 0.001532 0.002451 -0.002451 -0.004902
0 0.001532 0.003813 -0.002451 -0.007625
0 0.003217 0.006808 -0.005821 -0.013617
0 0.002145 0.005447 -0.003676 -0.010893
0 0.007659 0.016340 -0.014706 -0.032680
0 0.001685 0.003813 -0.002757 -0.007625
0 0.002145 0.005447 -0.003676 -0.010893
0 0.003370 0.005174 -0.006127 -0.010349
0 0.001838 0.003813 -0.003064 -0.007625
0 0.001532 0.003813 -0.002451 -0.007625
0 0.003217 0.006808 -0.005821 -0.013617
0 0.001685 0.004357 -0.002757 -0.008715
0 0.001685 0.004357 -0.002757 -0.008715
0 0.001838 0.003813 -0.003064 -0.007625
0 0.001532 0.003813 -0.002451 -0.007625
0 0.008119 0.019063 -0.015625 -0.038126
0 0.002604 0.005174 -0.004596 -0.010349
0 0.001532 0.002451 -0.002451 -0.004902
0 0.003370 0.005174 -0.006127 -0.010349
0 0.001532 0.003813 -0.002451 -0.007625
0 0.001532 0.003813 -0.002451 -0.007625
0 0.007659 0.016340 -0.014706 -0.032680
0 0.001532 0.003813 -0.002451 -0.007625
0 0.005055 0.008987 -0.009498 -0.017974
0 0.007659 0.016340 -0.014706 -0.032680
0 0.003217 0.006808 -0.005821 -0.013617
0 0.002145 0.005447 -0.003676 -0.010893
0 0.001838 0.003813 -0.003064 -0.007625
0 0.001838 0.003813 -0.003064 -0.007625
0 0.008119 0.019063 -0.015625 -0.038126
0 0.003523 0.007081 -0.006434 -0.014161
0 0.003830 0.008715 -0.007047 -0.017429
0 0.002145 0.005447 -0.003676 -0.010893
0 0.001838 0.003813 -0.003064 -0.007625
0 0.005055 0.008987 -0.009498 -0.017974
0 0.007659 0.016340 -0.014706 -0.032680
0 0.003217 0.006808 -0.005821 -0.013617
0 0.002604 0.005174 -0.004596 -0.010349
0 0.001685 0.003813 -0.002757 -0.007625
0 0.005055 0.008987 -0.009498 -0.017974
0 0.001685 0.004357 -0.002757 -0.008715
0 0.001838 0.003813 -0.003064 -0.007625
0 0.002145 0.005447 -0.003676 -0.010893
0 0.001532 0.002451 -0.002451 -0.004902
0 0.003370 0.005174 -0.006127 -0.010349
0 0.001838 0.003813 -0.003064 -0.007625
0 0.001838 0.003813 -0.003064 -0.007625
0 0.001532 0.003813 -0.002451 -0.007625
0 0.001838 0.003813 -0.003064 -0.007625
0 0.001838 0.003813 -0.003064 -0.007625
0 0.001838 0.003813 -0.003064 -0.007625
0 0.001838 0.003813 -0.003064 -0.007625
0 0.001532 0.003813 -0.002451 -0.007625
0 0.001532 0.002451 -0.002451 -0.004902
0 0.001532 0.002451 -0.002451 -0.004902
0 0.004289 0.007898 -0.007966 -0.015795
0 0.001838 0.003813 -0.003064 -0.007625
0 0.007659 0.016340 -0.014706 -0.032680
0 0.005055 0.008987 -0.009498 -0.017974
0 0.001532 0.002451 -0.002451 -0.004902
0 0.002145 0.005447 -0.003676 -0.010893
0 0.001838 0.003813 -0.003064 -0.007625
0 0.001532 0.002451 -0.002451 -0.004902
0 0.001532 0.002451 -0.002451 -0.004902
0 0.001532 0.002451 -0.002451 -0.004902
0 0.007659 0.016340 -0.014706 -0.032680
0 0.001685 0.004357 -0.002757 -0.008715
0 0.001532 0.002451 -0.002451 -0.004902
0 0.005055 0.008987 -0.009498 -0.017974
0 0.001685 0.004357 -0.002757 -0.008715
0 0.003830 0.008715 -0.007047 -0.017429
0 0.003370 0.005174 -0.006127 -0.010349
0 0.001532 0.002451 -0.002451 -0.004902
0 0.003830 0.008715 -0.007047 -0.017429
0 0.001532 0.002451 -0.002451 -0.004902
0 0.003217 0.006808 -0.005821 -0.013617
0 0.005821 0.012800 -0.011029 -0.025599
0 0.003830 0.008715 -0.007047 -0.017429
0 0.001685 0.004357 -0.002757 -0.008715
0 0.007659 0.016340 -0.014706 -0.032680
0 0.003370 0.005174 -0.006127 -0.010349
0 0.001685 0.004357 -0.002757 -0.008715
0 0.001838 0.003813 -0.003064 -0.007625
0 0.001685 0.004357 -0.002757 -0.008715
0 0.003523 0.007081 -0.006434 -0.014161
0 0.015165 0.027505 -0.029718 -0.055011
0 0.002604 0.005174 -0.004596 -0.010349
0 0.001838 0.003813 -0.003064 -0.007625
0 0.002604 0.005174 -0.004596 -0.010349
0 0.001685 0.004357 -0.002757 -0.008715
0 0.015165 0.027505 -0.029718 -0.055011
0 0.005055 0.008987 -0.009498 -0.017974
0 0.001838 0.003813 -0.003064 -0.007625
0 0.001532 0.002451 -0.002451 -0.004902
0 0.001685 0.004357 -0.002757 -0.008715
0 0.003370 0.005174 -0.006127 -0.010349
0 0.001685 0.004357 -0.002757 -0.008715
0 0.001838 0.003813 -0.003064 -0.007625
0 0.015319 0.027505 -0.029412 -0.055011
0 0.001685 0.004357 -0.002757 -0.008715
0 0.001532 0.003813 -0.002451 -0.007625
0 0.003217 0.006808 -0.005821 -0.013617
0 0.001838 0.003813 -0.003064 -0.007625
0 0.005055 0.008987 -0.009498 -0.017974
0 0.003064 0.005991 -0.005515 -0.011983
0 0.002604 0.004357 -0.004596 -0.008715
0 0.002757 0.006536 -0.004902 -0.013072
0 0.002604 0.005174 -0.004596 -0.010349
0 0.003830 0.008715 -0.007047 -0.017429
0 0.001532 0.002451 -0.002451 -0.004902
0 0.001838 0.003813 -0.003064 -0.007625
0 0.003217 0.006808 -0.005821 -0.013617
0 0.001838 0.003813 -0.003064 -0.007625
0 0.002145 0.005447 -0.003676 -0.010893
0 0.001685 0.004357 -0.002757 -0.008715
0 0.001685 0.004357 -0.002757 -0.008715
0 0.002145 0.005447 -0.003676 -0.010893
0 0.004289 0.007898 -0.007966 -0.015795
0 0.001532 0.002451 -0.002451 -0.004902
0 0.003217 0.006808 -0.005821 -0.013617
0 0.006127 0.015251 -0.011642 -0.030501
0 0.002145 0.005447 -0.003676 -0.010893
0 0.003523 0.005174 -0.005821 -0.010349
0 0.001685 0.003813 -0.002757 -0.007625
0 0.001685 0.004357 -0.002757 -0.008715
0 0.001838 0.003813 -0.003064 -0.007625
0 0.005055 0.008987 -0.009498 -0.017974
0 0.003217 0.006808 -0.005821 -0.013617
0 0.003830 0.008715 -0.007047 -0.017429
0 0.015165 0.027505 -0.029718 -0.055011
0 0.001838 0.003813 -0.003064 -0.007625
0 0.002604 0.005174 -0.004596 -0.010349
0 0.001838 0.003813 -0.003064 -0.007625
0 0.003217 0.006808 -0.005821 -0.013617
0 0.001532 0.003813 -0.002451 -0.007625
0 0.003830 0.008715 -0.007047 -0.017429
0 0.002145 0.005447 -0.003676 -0.010893
0 0.002145 0.005447 -0.003676 -0.010893
0 0.003217 0.006808 -0.005821 -0.013617
0 0.003370 0.005174 -0.006127 -0.010349
0 0.001838 0.003813 -0.003064 -0.007625
0 0.003830 0.008715 -0.007047 -0.017429
0 0.015319 0.027505 -0.029412 -0.055011
0 0.001685 0.004357 -0.002757 -0.008715
0 0.005362 0.011438 -0.010110 -0.022876
0 0.003370 0.005174 -0.006127 -0.010349
0 0.001532 0.002451 -0.002451 -0.004902
0 0.007659 0.016340 -0.014706 -0.032680
0 0.003830 0.008715 -0.007047 -0.017429
0 0.005055 0.008987 -0.009498 -0.017974
0 0.001838 0.003813 -0.003064 -0.007625
0 0.001838 0.003813 -0.003064 -0.007625
0 0.005055 0.008987 -0.009498 -0.017974
0 0.001532 0.003813 -0.002451 -0.007625
0 0.001838 0.003813 -0.003064 -0.007625
0 0.003217 0.006808 -0.005821 -0.013617
0 0.001685 0.004357 -0.002757 -0.008715
0 0.005055 0.008987 -0.009498 -0.017974
0 0.001685 0.004357 -0.002757 -0.008715
0 0.002604 0.004357 -0.004596 -0.008715
0 0.001838 0.003813 -0.003064 -0.007625
0 0.001838 0.003813 -0.003064 -0.007625
0 0.001838 0.003813 -0.003064 -0.007625
0 0.005515 0.011710 -0.010417 -0.023420
0 0.002911 0.004630 -0.005208 -0.009259
0 0.001838 0.003813 -0.003064 -0.007625
0 0.006127 0.015251 -0.011642 -0.030501
0 0.003523 0.007081 -0.006434 -0.014161
0 0.001838 0.003813 -0.003064 -0.007625
0 0.001838 0.003813 -0.003064 -0.007625
0 0.001685 0.004357 -0.002757 -0.008715
0 0.005055 0.008987 -0.009498 -0.017974
0 0.007659 0.016340 -0.014706 -0.032680
0 0.003370 0.005174 -0.006127 -0.010349
0 0.001532 0.002451 -0.002451 -0.004902
0 0.003830 0.008715 -0.007047 -0.017429
0 0.001838 0.003813 -0.003064 -0.007625
0 0.003523 0.007081 -0.006434 -0.014161
0 0.001838 0.003813 -0.003064 -0.007625
0 0.002145 0.005447 -0.003676 -0.010893
0 0.001532 0.002451 -0.002451 -0.004902
0 0.005055 0.008987 -0.009498 -0.017974
0 0.001838 0.003813 -0.003064 -0.007625
0 0.002757 0.005719 -0.004902 -0.011438
0 0.001532 0.002451 -0.002451 -0.004902
0 0.001532 0.002451 -0.002451 -0.004902
0 0.002145 0.005447 -0.003676 -0.010893
0 0.003830 0.008715 -0.007047 -0.017429
0 0.003370 0.005174 -0.006127 -0.010349
0 0.001838 0.003813 -0.003064 -0.007625
0 0.001838 0.003813 -0.003064 -0.007625
0 0.003217 0.006808 -0.005821 -0.013617
0 0.001838 0.003813 -0.003064 -0.007625
0 0.005055 0.008987 -0.009498 -0.017974
0 0.001532 0.003813 -0.002451 -0.007625
0 0.001532 0.002451 -0.002451 -0.004902
0 0.007659 0.016340 -0.014706 -0.032680
0 0.001532 0.003813 -0.002451 -0.007625
0 0.005055 0.008987 -0.009498 -0.017974
0 0.005055 0.008987 -0.009498 -0.017974
0 0.001685 0.004357 -0.002757 -0.008715
0 0.003370 0.005174 -0.006127 -0.010349
0 0.005055 0.008987 -0.009498 -0.017974
0 0.003370 0.005174 -0.006127 -0.010349
0 0.001532 0.002451 -0.002451 -0.004902
0 0.001838 0.003813 -0.003064 -0.007625
0 0.001838 0.003813 -0.003064 -0.007625
0 0.001532 0.002451 -0.002451 -0.004902
0 0.002145 0.005447 -0.003676 -0.010893
0 0.003217 0.006808 -0.005821 -0.013617
0 0.002145 0.005447 -0.003676 -0.010893
0 0.005515 0.011710 -0.010417 -0.023420
0 0.001532 0.003813 -0.002451 -0.007625
0 0.003217 0.006808 -0.005821 -0.013617
0 0.005055 0.008987 -0.009498 -0.017974
0 0.005055 0.008987 -0.009498 -0.017974
0 0.003217 0.006808 -0.005821 -0.013617
0 0.002145 0.005447 -0.003676 -0.010893
0 0.005055 0.008987 -0.009498 -0.017974
0 0.003217 0.006808 -0.005821 -0.013617
0 0.001838 0.003813 -0.003064 -0.007625
0 0.003217 0.006808 -0.005821 -0.013617
0 0.005055 0.008987 -0.009498 -0.017974
0 0.001685 0.004357 -0.002757 -0.008715
0 0.008119 0.019063 -0.015625 -0.038126
0 0.003523 0.005174 -0.005821 -0.010349
0 0.001838 0.003813 -0.003064 -0.007625
0 0.003217 0.006808 -0.005821 -0.013617
0 0.003370 0.005174 -0.006127 -0.010349
0 0.015165 0.027505 -0.029718 -0.055011
0 0.001532 0.002451 -0.002451 -0.004902
0 0.003830 0.008715 -0.007047 -0.017429
0 0.003830 0.008715 -0.007047 -0.017429
0 0.001838 0.003813 -0.003064 -0.007625
0 0.005055 0.008987 -0.009498 -0.017974
0 0.003370 0.005174 -0.006127 -0.010349
0 0.001838 0.003813 -0.003064 -0.007625
0 0.003217 0.006808 -0.005821 -0.013617
0 0.001532 0.003813 -0.002451 -0.007625
0 0.001838 0.003813 -0.003064 -0.007625
0 0.003370 0.005174 -0.006127 -0.010349
0 0.001532 0.002451 -0.002451 -0.004902
0 0.003217 0.006808 -0.005821 -0.013617
0 0.003523 0.005174 -0.005821 -0.010349
0 0.003217 0.006808 -0.005821 -0.013617
0 0.001838 0.003813 -0.003064 -0.007625
0 0.005821 0.012800 -0.011029 -0.025599
0 0.001532 0.002451 -0.002451 -0.004902
0 0.003523 0.007081 -0.006434 -0.014161
0 0.007659 0.016340 -0.014706 -0.032680
0 0.005055 0.008987 -0.009498 -0.017974
0 0.002145 0.005447 -0.003676 -0.010893
0 0.001838 0.003813 -0.003064 -0.007625
0 0.001838 0.003813 -0.003064 -0.007625
0 0.003830 0.008715 -0.007047 -0.017429
0 0.003830 0.008715 -0.007047 -0.017429
0 0.001838 0.003813 -0.003064 -0.007625
0 0.001532 0.003813 -0.002451 -0.007625
0 0.005055 0.008987 -0.009498 -0.017974
0 0.002911 0.005991 -0.005208 -0.011983
0 0.001838 0.003813 -0.003064 -0.007625
0 0.005055 0.008987 -0.009498 -0.017974
0 0.011642 0.023148 -0.022672 -0.046296
0 0.001532 0.002451 -0.002451 -0.004902
0 0.001532 0.002451 -0.002451 -0.004902
0 0.001838 0.003813 -0.003064 -0.007625
0 0.001532 0.002451 -0.002451 -0.004902
0 0.001532 0.003813 -0.002451 -0.007625
0 0.003217 0.006808 -0.005821 -0.013617
0 0.003523 0.007081 -0.006434 -0.014161
0 0.001838 0.003813 -0.003064 -0.007625
0 0.001532 0.003813 -0.002451 -0.007625
0 0.007659 0.016340 -0.014706 -0.032680
0 0.007659 0.016340 -0.014706 -0.032680
0 0.002145 0.004085 -0.003676 -0.008170
0 0.001532 0.003813 -0.002451 -0.007625
0 0.001838 0.003813 -0.003064 -0.007625
0 0.001532 0.002451 -0.002451 -0.004902
0 0.005055 0.008987 -0.009498 -0.017974
0 0.001532 0.002451 -0.002451 -0.004902
0 0.005055 0.008987 -0.009498 -0.017974
0 0.001838 0.003813 -0.003064 -0.007625
0 0.002604 0.005174 -0.004596 -0.010349
0 0.001838 0.003813 -0.003064 -0.007625
0 0.001838 0.003813 -0.003064 -0.007625
0 0.001532 0.003813 -0.002451 -0.007625
0 0.001532 0.003813 -0.002451 -0.007625
0 0.001532 0.003813 -0.002451 -0.007625
0 0.001685 0.004357 -0.002757 -0.008715
0 0.001685 0.004357 -0.002757 -0.008715
0 0.006127 0.015251 -0.011642 -0.030501
0 0.002604 0.005174 -0.004596 -0.010349
0 0.005055 0.008987 -0.009498 -0.017974
0 0.005055 0.008987 -0.009498 -0.017974
0 0.003217 0.006808 -0.005821 -0.013617
0 0.001838 0.003813 -0.003064 -0.007625
0 0.002145 0.005447 -0.003676 -0.010893
0 0.001532 0.002451 -0.002451 -0.004902
0 0.003217 0.006808 -0.005821 -0.013617
0 0.005055 0.008987 -0.009498 -0.017974
0 0.001838 0.003813 -0.003064 -0.007625
0 0.001685 0.004357 -0.002757 -0.008715
0 0.006127 0.015251 -0.011642 -0.030501
0 0.005821 0.012800 -0.011029 -0.025599
0 0.001532 0.003813 -0.002451 -0.007625
0 0.001685 0.004357 -0.002757 -0.008715
0 0.001532 0.003813 -0.002451 -0.007625
0 0.001532 0.003813 -0.002451 -0.007625
0 0.001838 0.003813 -0.003064 -0.007625
0 0.002145 0.005447 -0.003676 -0.010893
0 0.001532 0.003813 -0.002451 -0.007625
0 0.003370 0.005174 -0.006127 -0.010349
0 0.001685 0.004357 -0.002757 -0.008715
0 0.001532 0.003813 -0.002451 -0.007625
0 0.001532 0.002451 -0.002451 -0.004902
0 0.005055 0.008987 -0.009498 -0.017974
0 0.005055 0.008987 -0.009498 -0.017974
0 0.003370 0.005174 -0.006127 -0.010349
0 0.004289 0.007898 -0.007966 -0.015795
0 0.001532 0.003813 -0.002451 -0.007625
0 0.001838 0.003813 -0.003064 -0.007625
0 0.003523 0.005174 -0.005821 -0.010349
0 0.003217 0.006808 -0.005821 -0.013617
0 0.001838 0.003813 -0.003064 -0.007625
0 0.001532 0.003813 -0.002451 -0.007625
0 0.001685 0.004357 -0.002757 -0.008715
0 0.001685 0.004357 -0.002757 -0.008715
0 0.005055 0.008987 -0.009498 -0.017974
0 0.001838 0.003813 -0.003064 -0.007625
0 0.003370 0.005174 -0.006127 -0.010349
0 0.002145 0.005447 -0.003676 -0.010893
0 0.003217 0.006808 -0.005821 -0.013617
0 0.001838 0.003813 -0.003064 -0.007625
0 0.005055 0.008987 -0.009498 -0.017974
0 0.002145 0.004085 -0.003676 -0.008170
0 0.005055 0.008987 -0.009498 -0.017974
0 0.002145 0.005447 -0.003676 -0.010893
0 0.001838 0.003813 -0.003064 -0.007625
0 0.003523 0.007081 -0.006434 -0.014161
0 0.001532 0.003813 -0.002451 -0.007625
0 0.005055 0.008987 -0.009498 -0.017974
0 0.005821 0.012800 -0.011029 -0.025599
0 0.001532 0.002451 -0.002451 -0.004902
0 0.003217 0.006808 -0.005821 -0.013617
0 0.001685 0.004357 -0.002757 -0.008715
0 0.001532 0.003813 -0.002451 -0.007625
0 0.001838 0.003813 -0.003064 -0.007625
0 0.003523 0.007081 -0.006434 -0.014161
0 0.002604 0.005174 -0.004596 -0.010349
0 0.003217 0.006808 -0.005821 -0.013617
0 0.002145 0.005447 -0.003676 -0.010893
0 0.001838 0.003813 -0.003064 -0.007625
0 0.001838 0.003813 -0.003064 -0.007625
0 0.001532 0.003813 -0.002451 -0.007625
0 0.001838 0.003813 -0.003064 -0.007625
0 0.005055 0.008987 -0.009498 -0.017974
0 0.015319 0.027505 -0.029412 -0.055011
0 0.001532 0.002451 -0.002451 -0.004902
0 0.003830 0.008715 -0.007047 -0.017429
0 0.001532 0.003813 -0.002451 -0.007625
0 0.001532 0.003813 -0.002451 -0.007625
0 0.001838 0.003813 -0.003064 -0.007625
0 0.001685 0.004357 -0.002757 -0.008715
0 0.003217 0.006264 -0.005821 -0.012527
0 0.002145 0.005447 -0.003676 -0.010893
0 0.001838 0.003813 -0.003064 -0.007625
0 0.002145 0.005447 -0.003676 -0.010893
0 0.003217 0.006808 -0.005821 -0.013617
0 0.001532 0.002451 -0.002451 -0.004902
0 0.003370 0.005174 -0.006127 -0.010349
0 0.007659 0.016340 -0.014706 -0.032680
0 0.007659 0.016340 -0.014706 -0.032680
0 0.002145 0.005447 -0.003676 -0.010893
0 0.015319 0.027505 -0.029412 -0.055011
0 0.002604 0.005174 -0.004596 -0.010349
0 0.003830 0.008715 -0.007047 -0.017429
0 0.008119 0.019063 -0.015625 -0.038126
0 0.001532 0.002451 -0.002451 -0.004902
0 0.001838 0.003813 -0.003064 -0.007625
0 0.001532 0.003813 -0.002451 -0.007625
0 0.001532 0.003813 -0.002451 -0.007625
0 0.002604 0.005174 -0.004596 -0.010349
0 0.001532 0.002451 -0.002451 -0.004902
0 0.001838 0.003813 -0.003064 -0.007625
0 0.001532 0.002451 -0.002451 -0.004902
0 0.007659 0.016340 -0.014706 -0.032680
0 0.001685 0.004357 -0.002757 -0.008715
0 0.001532 0.003813 -0.002451 -0.007625
0 0.001838 0.004357 -0.002451 -0.008715
0 0.003523 0.005174 -0.005821 -0.010349
0 0.001685 0.004357 -0.002757 -0.008715
0 0.001838 0.003813 -0.003064 -0.007625
0 0.003830 0.008715 -0.007047 -0.017429
0 0.002604 0.004902 -0.004596 -0.009804
0 0.001532 0.002451 -0.002451 -0.004902
0 0.001532 0.002451 -0.002451 -0.004902
0 0.003523 0.007081 -0.006434 -0.014161
0 0.001532 0.002451 -0.002451 -0.004902
0 0.001838 0.003813 -0.003064 -0.007625
0 0.001838 0.003813 -0.003064 -0.007625
0 0.003370 0.005174 -0.006127 -0.010349
0 0.005055 0.008987 -0.009498 -0.017974
0 0.001532 0.003813 -0.002451 -0.007625
0 0.001532 0.003813 -0.002451 -0.007625
0 0.001532 0.003813 -0.002451 -0.007625
0 0.002145 0.004085 -0.003676 -0.008170
0 0.001685 0.003813 -0.002757 -0.007625
0 0.003217 0.006808 -0.005821 -0.013617
0 0.001838 0.003813 -0.003064 -0.007625
0 0.001532 0.003813 -0.002451 -0.007625
0 0.001685 0.004357 -0.002757 -0.008715
0 0.007659 0.016340 -0.014706 -0.032680
0 0.002757 0.005719 -0.004902 -0.011438
0 0.001838 0.003813 -0.003064 -0.007625
0 0.001532 0.002723 -0.002451 -0.005447
0 0.001838 0.003813 -0.003064 -0.007625
0 0.001685 0.004357 -0.002757 -0.008715
0 0.003370 0.005174 -0.006127 -0.010349
0 0.003830 0.008715 -0.007047 -0.017429
0 0.015165 0.027505 -0.029718 -0.055011
0 0.001838 0.003813 -0.003064 -0.007625
0 0.001532 0.003813 -0.002451 -0.007625
0 0.002298 0.004357 -0.003983 -0.008715
0 0.002145 0.005447 -0.003676 -0.010893
0 0.005055 0.008987 -0.009498 -0.017974
0 0.005055 0.008987 -0.009498 -0.017974
0 0.002145 0.005447 -0.003676 -0.010893
0 0.001838 0.003813 -0.003064 -0.007625
0 0.001532 0.002451 -0.002451 -0.004902
0 0.003217 0.006808 -0.005821 -0.013617
0 0.002604 0.005174 -0.004596 -0.010349
0 0.001532 0.003813 -0.002451 -0.007625
0 0.003370 0.005174 -0.006127 -0.010349
0 0.001838 0.003813 -0.003064 -0.007625
0 0.008119 0.019063 -0.015625 -0.038126
0 0.003370 0.005174 -0.006127 -0.010349
0 0.001532 0.003813 -0.002451 -0.007625
0 0.005055 0.008987 -0.009498 -0.017974
0 0.001838 0.003813 -0.003064 -0.007625
0 0.005055 0.008987 -0.009498 -0.017974
0 0.001838 0.003813 -0.003064 -0.007625
0 0.003217 0.006808 -0.005821 -0.013617
0 0.002604 0.005174 -0.004596 -0.010349
0 0.003523 0.007081 -0.006434 -0.014161
0 0.001838 0.003813 -0.003064 -0.007625
0 0.003217 0.006808 -0.005821 -0.013617
0 0.001838 0.003813 -0.003064 -0.007625
0 0.002145 0.005447 -0.003676 -0.010893
0 0.005055 0.008987 -0.009498 -0.017974
0 0.002604 0.005174 -0.004596 -0.010349
0 0.001685 0.004357 -0.002757 -0.008715
0 0.001532 0.003813 -0.002451 -0.007625
0 0.001532 0.003813 -0.002451 -0.007625
0 0.003830 0.008715 -0.007047 -0.017429
0 0.001532 0.003813 -0.002451 -0.007625
0 0.001532 0.002451 -0.002451 -0.004902
0 0.001532 0.003813 -0.002451 -0.007625
0 0.001532 0.002451 -0.002451 -0.004902
0 0.001838 0.003813 -0.003064 -0.007625
0 0.005821 0.013889 -0.011029 -0.027778
0 0.001532 0.003813 -0.002451 -0.007625
0 0.007659 0.016340 -0.014706 -0.032680
0 0.001838 0.003813 -0.003064 -0.007625
0 0.002145 0.005447 -0.003676 -0.010893
0 0.001838 0.003813 -0.003064 -0.007625
0 0.001838 0.003813 -0.003064 -0.007625
0 0.005055 0.008987 -0.009498 -0.017974
0 0.002145 0.005447 -0.003676 -0.010893
0 0.003370 0.005174 -0.006127 -0.010349
0 0.001838 0.003813 -0.003064 -0.007625
0 0.003523 0.007081 -0.006434 -0.014161
0 0.002604 0.005174 -0.004596 -0.010349
0 0.003830 0.008715 -0.007047 -0.017429
0 0.001532 0.002451 -0.002451 -0.004902
0 0.006127 0.015251 -0.011642 -0.030501
0 0.001685 0.004357 -0.002757 -0.008715
0 0.001532 0.002451 -0.002451 -0.004902
0 0.001532 0.003813 -0.002451 -0.007625
0 0.001532 0.003813 -0.002451 -0.007625
0 0.001838 0.003813 -0.003064 -0.007625
0 0.003370 0.005174 -0.006127 -0.010349
0 0.001532 0.003813 -0.002451 -0.007625
0 0.001838 0.003813 -0.003064 -0.007625
0 0.007659 0.016340 -0.014706 -0.032680
0 0.002145 0.005447 -0.003676 -0.010893
0 0.001838 0.004085 -0.003064 -0.008170
0 0.001532 0.003813 -0.002451 -0.007625
0 0.001532 0.003813 -0.002451 -0.007625
0 0.007659 0.016340 -0.014706 -0.032680
0 0.001532 0.003813 -0.002451 -0.007625
0 0.003217 0.006808 -0.005821 -0.013617
0 0.001685 0.004357 -0.002757 -0.008715
0 0.003523 0.005174 -0.005821 -0.010349
0 0.001838 0.003813 -0.003064 -0.007625
0 0.003523 0.007081 -0.006434 -0.014161
0 0.001532 0.002451 -0.002451 -0.004902
0 0.002145 0.005447 -0.003676 -0.010893
0 0.002145 0.005447 -0.003676 -0.010893
0 0.001532 0.002451 -0.002451 -0.004902
0 0.001838 0.003813 -0.003064 -0.007625
0 0.001532 0.003813 -0.002451 -0.007625
0 0.001838 0.003813 -0.003064 -0.007625
0 0.001838 0.003813 -0.003064 -0.007625
0 0.001532 0.003813 -0.002451 -0.007625
0 0.005055 0.008987 -0.009498 -0.017974
0 0.001532 0.003813 -0.002451 -0.007625
0 0.015165 0.027505 -0.029718 -0.055011
0 0.001838 0.003813 -0.003064 -0.007625
0 0.001532 0.003813 -0.002451 -0.007625
0 0.001838 0.003813 -0.003064 -0.007625
0 0.002145 0.005447 -0.003676 -0.010893
0 0.001532 0.002451 -0.002451 -0.004902
0 0.001532 0.002451 -0.002451 -0.004902
0 0.007659 0.016340 -0.014706 -0.032680
0 0.001532 0.002451 -0.002451 -0.004902
0 0.001838 0.003813 -0.003064 -0.007625
0 0.003523 0.007081 -0.006434 -0.014161
0 0.001532 0.003813 -0.002451 -0.007625
0 0.001838 0.003813 -0.003064 -0.007625
0 0.001838 0.003813 -0.003064 -0.007625
0 0.001532 0.002451 -0.002451 -0.004902
0 0.001532 0.003813 -0.002451 -0.007625
0 0.003370 0.005174 -0.006127 -0.010349
0 0.001532 0.003813 -0.002451 -0.007625
0 0.003830 0.008715 -0.007047 -0.017429
0 0.003830 0.008715 -0.007047 -0.017429
0 0.001532 0.002451 -0.002451 -0.004902
0 0.015165 0.027505 -0.029718 -0.055011
0 0.001532 0.002451 -0.002451 -0.004902
0 0.001838 0.003813 -0.003064 -0.007625
0 0.002145 0.005447 -0.003676 -0.010893
0 0.001685 0.004357 -0.002757 -0.008715
0 0.001532 0.003813 -0.002451 -0.007625
0 0.003217 0.006808 -0.005821 -0.013617
0 0.001532 0.002451 -0.002451 -0.004902
0 0.005974 0.012800 -0.010723 -0.025599
0 0.003676 0.007081 -0.006127 -0.014161
0 0.003217 0.006808 -0.005821 -0.013617
0 0.003370 0.005174 -0.006127 -0.010349
0 0.003370 0.005174 -0.006127 -0.010349
0 0.015165 0.027505 -0.029718 -0.055011
0 0.001532 0.002451 -0.002451 -0.004902
0 0.001532 0.003813 -0.002451 -0.007625
0 0.003217 0.006808 -0.005821 -0.013617
0 0.001838 0.004357 -0.002451 -0.008715
0 0.005055 0.008987 -0.009498 -0.017974
0 0.002145 0.005447 -0.003676 -0.010893
0 0.001838 0.003813 -0.003064 -0.007625
0 0.001685 0.004357 -0.002757 -0.008715
0 0.005055 0.008987 -0.009498 -0.017974
0 0.001838 0.003813 -0.003064 -0.007625
0 0.001532 0.003813 -0.002451 -0.007625
0 0.005055 0.008987 -0.009498 -0.017974
0 0.001838 0.003813 -0.003064 -0.007625
0 0.001838 0.003813 -0.003064 -0.007625
0 0.005974 0.012800 -0.010723 -0.025599
0 0.001685 0.004357 -0.002757 -0.008715
0 0.001838 0.003813 -0.003064 -0.007625
0 0.001838 0.003813 -0.003064 -0.007625
0 0.015319 0.027505 -0.029412 -0.055011
0 0.003370 0.005174 -0.006127 -0.010349
0 0.001532 0.003813 -0.002451 -0.007625
0 0.005055 0.008987 -0.009498 -0.017974
0 0.002604 0.005174 -0.004596 -0.010349
0 0.001532 0.003813 -0.002451 -0.007625
0 0.001838 0.003813 -0.003064 -0.007625
0 0.001532 0.002451 -0.002451 -0.004902
0 0.003830 0.008715 -0.007047 -0.017429
0 0.001532 0.003813 -0.002451 -0.007625
0 0.003370 0.005174 -0.006127 -0.010349
0 0.001532 0.003813 -0.002451 -0.007625
0 0.005055 0.008987 -0.009498 -0.017974
0 0.003217 0.007625 -0.005821 -0.015251
0 0.001838 0.003813 -0.003064 -0.007625
0 0.001838 0.003813 -0.003064 -0.007625
0 0.001838 0.003813 -0.003064 -0.007625
0 0.001532 0.002451 -0.002451 -0.004902
0 0.003370 0.005174 -0.006127 -0.010349
0 0.001532 0.003813 -0.002451 -0.007625
0 0.007659 0.016340 -0.014706 -0.032680
0 0.003370 0.005174 -0.006127 -0.010349
0 0.003217 0.006808 -0.005821 -0.013617
0 0.007659 0.016340 -0.014706 -0.032680
0 0.001838 0.003813 -0.003064 -0.007625
0 0.001532 0.003813 -0.002451 -0.007625
0 0.002604 0.005174 -0.004596 -0.010349
0 0.002145 0.005447 -0.003676 -0.010893
0 0.002145 0.005447 -0.003676 -0.010893
0 0.001838 0.003813 -0.003064 -0.007625
0 0.015319 0.027505 -0.029412 -0.055011
0 0.002145 0.005447 -0.003676 -0.010893
0 0.001838 0.003813 -0.003064 -0.007625
0 0.003370 0.005174 -0.006127 -0.010349
0 0.003523 0.005174 -0.005821 -0.010349
0 0.003830 0.008715 -0.007047 -0.017429
0 0.003370 0.005174 -0.006127 -0.010349
0 0.001532 0.003813 -0.002451 -0.007625
0 0.007659 0.016340 -0.014706 -0.032680
0 0.001532 0.003813 -0.002451 -0.007625
0 0.005821 0.012800 -0.011029 -0.025599
0 0.001838 0.003813 -0.003064 -0.007625
0 0.006127 0.015251 -0.011642 -0.030501
0 0.002451 0.005174 -0.004289 -0.010349
0 0.003217 0.006808 -0.005821 -0.013617
0 0.001838 0.003813 -0.003064 -0.007625
0 0.001532 0.002451 -0.002451 -0.004902
0 0.001838 0.003813 -0.003064 -0.007625
0 0.005974 0.012800 -0.010723 -0.025599
0 0.003217 0.006808 -0.005821 -0.013617
0 0.001532 0.002451 -0.002451 -0.004902
0 0.001838 0.003813 -0.003064 -0.007625
0 0.001532 0.003813 -0.002451 -0.007625
0 0.001685 0.004357 -0.002757 -0.008715
0 0.001532 0.002451 -0.002451 -0.004902
0 0.001532 0.003813 -0.002451 -0.007625
0 0.002145 0.005447 -0.003676 -0.010893
0 0.002604 0.005174 -0.004596 -0.010349
0 0.005055 0.008987 -0.009498 -0.017974
0 0.003217 0.006808 -0.005821 -0.013617
0 0.001838 0.003813 -0.003064 -0.007625
0 0.001532 0.003813 -0.002451 -0.007625
0 0.002145 0.005447 -0.003676 -0.010893
0 0.002145 0.005447 -0.003676 -0.010893
0 0.001532 0.003813 -0.002451 -0.007625
0 0.001532 0.003813 -0.002451 -0.007625
0 0.003370 0.005174 -0.006127 -0.010349
0 0.001838 0.003813 -0.003064 -0.007625
0 0.001532 0.003813 -0.002451 -0.007625
0 0.003217 0.006808 -0.005821 -0.013617
0 0.001838 0.003813 -0.003064 -0.007625
0 0.002145 0.005447 -0.003676 -0.010893
0 0.001838 0.003813 -0.003064 -0.007625
0 0.002911 0.004630 -0.005208 -0.009259
0 0.005055 0.008987 -0.009498 -0.017974
0 0.001532 0.003813 -0.002451 -0.007625
0 0.001838 0.003813 -0.003064 -0.007625
0 0.008272 0.019063 -0.015319 -0.038126
0 0.001838 0.003813 -0.003064 -0.007625
0 0.001838 0.003813 -0.003064 -0.007625
0 0.005055 0.008987 -0.009498 -0.017974
0 0.002604 0.005174 -0.004596 -0.010349
0 0.001532 0.003813 -0.002451 -0.007625
0 0.001685 0.004357 -0.002757 -0.008715
0 0.001838 0.003813 -0.003064 -0.007625
0 0.002145 0.005447 -0.003676 -0.010893
0 0.001532 0.003813 -0.002451 -0.007625
0 0.003370 0.005174 -0.006127 -0.010349
0 0.003523 0.005174 -0.005821 -0.010349
0 0.005055 0.008987 -0.009498 -0.017974
0 0.002145 0.005447 -0.003676 -0.010893
0 0.001838 0.003813 -0.003064 -0.007625
0 0.001532 0.003813 -0.002451 -0.007625
0 0.005055 0.008987 -0.009498 -0.017974
0 0.003217 0.006808 -0.005821 -0.013617
0 0.001838 0.003813 -0.003064 -0.007625
0 0.001838 0.003813 -0.003064 -0.007625
0 0.003217 0.006808 -0.005821 -0.013617
0 0.003217 0.006808 -0.005821 -0.013617
0 0.003370 0.005174 -0.006127 -0.010349
0 0.001532 0.002451 -0.002451 -0.004902
0 0.001838 0.003813 -0.003064 -0.007625
0 0.003523 0.007081 -0.006434 -0.014161
0 0.003830 0.008715 -0.007047 -0.017429
0 0.001838 0.003813 -0.003064 -0.007625
0 0.001838 0.003813 -0.003064 -0.007625
0 0.001838 0.003813 -0.003064 -0.007625
0 0.001532 0.002451 -0.002451 -0.004902
0 0.002145 0.005447 -0.003676 -0.010893
0 0.008272 0.019063 -0.015319 -0.038126
0 0.001838 0.003813 -0.003064 -0.007625
0 0.001838 0.003813 -0.003064 -0.007625
0 0.001838 0.003813 -0.003064 -0.007625
0 0.003217 0.006808 -0.005821 -0.013617
0 0.001532 0.003813 -0.002451 -0.007625
0 0.001532 0.002451 -0.002451 -0.004902
0 0.001685 0.004357 -0.002757 -0.008715
0 0.002145 0.005447 -0.003676 -0.010893
0 0.001532 0.003813 -0.002451 -0.007625
0 0.001532 0.002451 -0.002451 -0.004902
0 0.001838 0.003813 -0.003064 -0.007625
0 0.005055 0.008987 -0.009498 -0.017974
0 0.003830 0.008715 -0.007047 -0.017429
0 0.003217 0.006808 -0.005821 -0.013617
0 0.005055 0.008987 -0.009498 -0.017974
0 0.001532 0.003813 -0.002451 -0.007625
0 0.001532 0.002451 -0.002451 -0.004902
0 0.003830 0.008715 -0.007047 -0.017429
0 0.001685 0.004357 -0.002757 -0.008715
0 0.001532 0.003813 -0.002451 -0.007625
0 0.001838 0.003813 -0.003064 -0.007625
0 0.002604 0.005174 -0.004596 -0.010349
0 0.007659 0.016340 -0.014706 -0.032680
0 0.007659 0.016340 -0.014706 -0.032680
0 0.002145 0.004085 -0.003676 -0.008170
0 0.001532 0.002451 -0.002451 -0.004902
0 0.001532 0.003813 -0.002451 -0.007625
0 0.007659 0.016340 -0.014706 -0.032680
0 0.003217 0.005991 -0.005821 -0.011983
0 0.005055 0.008987 -0.009498 -0.017974
0 0.001838 0.003813 -0.003064 -0.007625
0 0.002145 0.005447 -0.003676 -0.010893
0 0.001685 0.004357 -0.002757 -0.008715
0 0.001838 0.003813 -0.003064 -0.007625
0 0.001991 0.004902 -0.003370 -0.009804
0 0.001838 0.003813 -0.003064 -0.007625
0 0.005055 0.008987 -0.009498 -0.017974
0 0.003370 0.005174 -0.006127 -0.010349
0 0.003370 0.005174 -0.006127 -0.010349
0 0.003370 0.005174 -0.006127 -0.010349
0 0.006127 0.015251 -0.011642 -0.030501
0 0.001532 0.002451 -0.002451 -0.004902
0 0.008119 0.019063 -0.015625 -0.038126
0 0.002145 0.005447 -0.003676 -0.010893
0 0.003370 0.005174 -0.006127 -0.010349
0 0.001532 0.002451 -0.002451 -0.004902
0 0.003523 0.007081 -0.006434 -0.014161
0 0.002145 0.005447 -0.003676 -0.010893
0 0.007659 0.016340 -0.014706 -0.032680
0 0.001838 0.003813 -0.003064 -0.007625
0 0.003370 0.005174 -0.006127 -0.010349
0 0.001838 0.003813 -0.003064 -0.007625
0 0.007659 0.016340 -0.014706 -0.032680
0 0.001532 0.003813 -0.002451 -0.007625
0 0.008119 0.019063 -0.015625 -0.038126
0 0.001838 0.003813 -0.003064 -0.007625
0 0.003217 0.006808 -0.005821 -0.013617
0 0.003370 0.005174 -0.006127 -0.010349
0 0.003370 0.005174 -0.006127 -0.010349
0 0.002757 0.005174 -0.004902 -0.010349
0 0.004289 0.007898 -0.007966 -0.015795
0 0.001838 0.003813 -0.003064 -0.007625
0 0.001838 0.003813 -0.003064 -0.007625
0 0.002145 0.005447 -0.003676 -0.010893
0 0.003217 0.006808 -0.005821 -0.013617
0 0.002145 0.005447 -0.003676 -0.010893
0 0.008119 0.019063 -0.015625 -0.038126
0 0.007659 0.016340 -0.014706 -0.032680
0 0.001838 0.003813 -0.003064 -0.007625
0 0.001532 0.003813 -0.002451 -0.007625
0 0.001838 0.003813 -0.003064 -0.007625
0 0.001532 0.002451 -0.002451 -0.004902
0 0.001685 0.004357 -0.002757 -0.008715
0 0.001532 0.003813 -0.002451 -0.007625
0 0.001532 0.002451 -0.002451 -0.004902
0 0.007659 0.016340 -0.014706 -0.032680
0 0.007659 0.016340 -0.014706 -0.032680
0 0.003830 0.007353 -0.007047 -0.014706
0 0.003830 0.008715 -0.007047 -0.017429
0 0.005055 0.008987 -0.009498 -0.017974
0 0.001838 0.003813 -0.003064 -0.007625
0 0.001532 0.003813 -0.002451 -0.007625
0 0.001532 0.002451 -0.002451 -0.004902
0 0.001532 0.002451 -0.002451 -0.004902
0 0.001532 0.002451 -0.002451 -0.004902
0 0.001838 0.003813 -0.003064 -0.007625
0 0.005055 0.008987 -0.009498 -0.017974
0 0.001838 0.003813 -0.003064 -0.007625
0 0.001838 0.003813 -0.003064 -0.007625
0 0.015165 0.027505 -0.029718 -0.055011
0 0.001685 0.004357 -0.002757 -0.008715
0 0.003370 0.005174 -0.006127 -0.010349
0 0.001838 0.003813 -0.003064 -0.007625
0 0.005821 0.012800 -0.011029 -0.025599
0 0.003830 0.008715 -0.007047 -0.017429
0 0.009344 0.020153 -0.018076 -0.040305
0 0.003217 0.006808 -0.005821 -0.013617
0 0.001838 0.003813 -0.003064 -0.007625
0 0.001838 0.003813 -0.003064 -0.007625
0 0.001532 0.003813 -0.002451 -0.007625
0 0.003370 0.005174 -0.006127 -0.010349
0 0.001532 0.002451 -0.002451 -0.004902
0 0.003217 0.006808 -0.005821 -0.013617
0 0.001838 0.003813 -0.003064 -0.007625
0 0.002145 0.005447 -0.003676 -0.010893
0 0.001685 0.004357 -0.002757 -0.008715
0 0.001685 0.004357 -0.002757 -0.008715
0 0.001532 0.002451 -0.002451 -0.004902
0 0.001532 0.003813 -0.002451 -0.007625
0 0.001532 0.003813 -0.002451 -0.007625
0 0.001685 0.004357 -0.002757 -0.008715
0 0.003064 0.005719 -0.005515 -0.011438
0 0.003370 0.005174 -0.006127 -0.010349
0 0.005055 0.008987 -0.009498 -0.017974
0 0.003523 0.007081 -0.006434 -0.014161
0 0.006127 0.015251 -0.011642 -0.030501