0 0.001993 0.003628 -0.003517 -0.007257
0 0.001641 0.002903 -0.002814 -0.005806
0 0.001758 0.003628 -0.003048 -0.007257
0 0.003048 0.007257 -0.005627 -0.014514
0 0.001758 0.003628 -0.003048 -0.007257
0 0.003048 0.007257 -0.005627 -0.014514
0 0.001993 0.003628 -0.003517 -0.007257
0 0.003869 0.008950 -0.007268 -0.017900
0 0.003048 0.007257 -0.005627 -0.014514
0 0.001993 0.003628 -0.003517 -0.007257
0 0.006565 0.019110 -0.012661 -0.038220
0 0.001758 0.003628 -0.003048 -0.007257
0 0.000586 0.000968 -0.000703 -0.001935
0 0.003283 0.006047 -0.006096 -0.012095
0 0.001758 0.003628 -0.003048 -0.007257
0 0.001758 0.003628 -0.003048 -0.007257
0 0.001758 0.003628 -0.003048 -0.007257
0 0.001758 0.003628 -0.003048 -0.007257
0 0.001758 0.003628 -0.003048 -0.007257
0 0.000586 0.000968 -0.000703 -0.001935
0 0.003048 0.007257 -0.005627 -0.014514
0 0.001641 0.002903 -0.002814 -0.005806
0 0.001641 0.002903 -0.002814 -0.005806
0 0.001758 0.003628 -0.003048 -0.007257
0 0.001758 0.003628 -0.003048 -0.007257
0 0.001993 0.003628 -0.003517 -0.007257
0 0.001758 0.003628 -0.003048 -0.007257
0 0.001993 0.003628 -0.003517 -0.007257
0 0.001758 0.003628 -0.003048 -0.007257
0 0.001758 0.003628 -0.003048 -0.007257
0 0.000586 0.000968 -0.000703 -0.001935
0 0.001758 0.003628 -0.003048 -0.007257
0 0.006565 0.019110 -0.012661 -0.038220
0 0.001758 0.003628 -0.003048 -0.007257
0 0.006565 0.019110 -0.012661 -0.038220
0 0.001758 0.003628 -0.003048 -0.007257
0 0.001993 0.003628 -0.003517 -0.007257
0 0.001993 0.003628 -0.003517 -0.007257
0 0.001758 0.003628 -0.003048 -0.007257
0 0.001993 0.003628 -0.003517 -0.007257
0 0.003048 0.007257 -0.005627 -0.014514
0 0.001641 0.002903 -0.002814 -0.005806
0 0.006565 0.019110 -0.012661 -0.038220
0 0.001758 0.003628 -0.003048 -0.007257
0 0.003400 0.007499 -0.006331 -0.014998
0 0.006565 0.019110 -0.012661 -0.038220
0 0.003869 0.008950 -0.007268 -0.017900
0 0.003048 0.007257 -0.005627 -0.014514
0 0.009379 0.017417 -0.018288 -0.034833
0 0.001641 0.002903 -0.002814 -0.005806
0 0.003048 0.007257 -0.005627 -0.014514
0 0.001758 0.003628 -0.003048 -0.007257
0 0.001758 0.003628 -0.003048 -0.007257
0 0.003283 0.006047 -0.006096 -0.012095
0 0.001758 0.003628 -0.003048 -0.007257
0 0.000586 0.000968 -0.000703 -0.001935
0 0.001641 0.002903 -0.002814 -0.005806
0 0.002345 0.005322 -0.004220 -0.010643
0 0.003048 0.007257 -0.005627 -0.014514
0 0.001993 0.003628 -0.003517 -0.007257
0 0.001641 0.002903 -0.002814 -0.005806
0 0.001758 0.003628 -0.003048 -0.007257
0 0.001758 0.003628 -0.003048 -0.007257
0 0.003048 0.007257 -0.005627 -0.014514
0 0.009379 0.017417 -0.018288 -0.034833
0 0.008675 0.017658 -0.016882 -0.035317
0 0.003869 0.008466 -0.007268 -0.016933
0 0.003048 0.007257 -0.005627 -0.014514
0 0.003048 0.007257 -0.005627 -0.014514
0 0.001758 0.003145 -0.003048 -0.006289
0 0.003283 0.006047 -0.006096 -0.012095
0 0.001758 0.003628 -0.003048 -0.007257
0 0.002462 0.004354 -0.004455 -0.008708
0 0.003048 0.007257 -0.005627 -0.014514
0 0.001758 0.003628 -0.003048 -0.007257
0 0.009379 0.017417 -0.018288 -0.034833
0 0.003048 0.007257 -0.005627 -0.014514
0 0.001758 0.003628 -0.003048 -0.007257
0 0.003048 0.007257 -0.005627 -0.014514
0 0.006565 0.019110 -0.012661 -0.038220
0 0.001758 0.003628 -0.003048 -0.007257
0 0.001758 0.003628 -0.003048 -0.007257
0 0.001758 0.003628 -0.003048 -0.007257
0 0.001758 0.003628 -0.003048 -0.007257
0 0.003048 0.007257 -0.005627 -0.014514
0 0.006565 0.019110 -0.012661 -0.038220
0 0.001758 0.003628 -0.003048 -0.007257
0 0.009379 0.017417 -0.018288 -0.034833
0 0.003048 0.007257 -0.005627 -0.014514
0 0.001758 0.003628 -0.003048 -0.007257
0 0.001758 0.003628 -0.003048 -0.007257
0 0.001758 0.003628 -0.003048 -0.007257
0 0.001758 0.003628 -0.003048 -0.007257
0 0.001758 0.003628 -0.003048 -0.007257
0 0.005275 0.012095 -0.010082 -0.024190
0 0.003283 0.006047 -0.006096 -0.012095
0 0.003048 0.007257 -0.005627 -0.014514
0 0.000586 0.000968 -0.000703 -0.001935
0 0.005275 0.012095 -0.010082 -0.024190
0 0.000586 0.000968 -0.000703 -0.001935
0 0.001758 0.003628 -0.003048 -0.007257
0 0.006565 0.019110 -0.012661 -0.038220
0 0.002814 0.005322 -0.005158 -0.010643
0 0.003048 0.007257 -0.005627 -0.014514
0 0.003048 0.007257 -0.005627 -0.014514
0 0.001993 0.003628 -0.003517 -0.007257
0 0.001758 0.003628 -0.003048 -0.007257
0 0.003048 0.007257 -0.005627 -0.014514
0 0.009379 0.017417 -0.018288 -0.034833
0 0.001758 0.003628 -0.003048 -0.007257
0 0.001758 0.003628 -0.003048 -0.007257
0 0.001641 0.002903 -0.002814 -0.005806
0 0.001758 0.003628 -0.003048 -0.007257
0 0.003869 0.008950 -0.007268 -0.017900
0 0.003048 0.007257 -0.005627 -0.014514
0 0.001641 0.002903 -0.002814 -0.005806
0 0.003048 0.007257 -0.005627 -0.014514
0 0.003048 0.007257 -0.005627 -0.014514
0 0.001758 0.003628 -0.003048 -0.007257
0 0.001758 0.003628 -0.003048 -0.007257
0 0.001758 0.003628 -0.003048 -0.007257
0 0.003048 0.007257 -0.005627 -0.014514
0 0.001993 0.003628 -0.003517 -0.007257
0 0.003869 0.008950 -0.007268 -0.017900
0 0.001641 0.002903 -0.002814 -0.005806
0 0.001758 0.003628 -0.003048 -0.007257
0 0.001758 0.003628 -0.003048 -0.007257
0 0.003048 0.007257 -0.005627 -0.014514
0 0.001993 0.004354 -0.003517 -0.008708
0 0.009379 0.017417 -0.018288 -0.034833
0 0.001641 0.002903 -0.002814 -0.005806
0 0.003048 0.007257 -0.005627 -0.014514
0 0.001993 0.003628 -0.003517 -0.007257
0 0.003869 0.008950 -0.007268 -0.017900
0 0.001758 0.003628 -0.003048 -0.007257
0 0.005275 0.012095 -0.010082 -0.024190
0 0.003048 0.007257 -0.005627 -0.014514
0 0.001758 0.003628 -0.003048 -0.007257
0 0.009379 0.017417 -0.018288 -0.034833
0 0.001758 0.003628 -0.003048 -0.007257
0 0.001758 0.003628 -0.003048 -0.007257
0 0.001758 0.003628 -0.003048 -0.007257
0 0.003048 0.007257 -0.005627 -0.014514
0 0.003283 0.006047 -0.006096 -0.012095
0 0.001993 0.003628 -0.003517 -0.007257
0 0.001993 0.003628 -0.003517 -0.007257
0 0.003283 0.006047 -0.006096 -0.012095
0 0.001993 0.003628 -0.003517 -0.007257
0 0.003283 0.006047 -0.006096 -0.012095
0 0.001758 0.003628 -0.003048 -0.007257
0 0.000586 0.000968 -0.000703 -0.001935
0 0.000586 0.000968 -0.000703 -0.001935
0 0.006565 0.019110 -0.012661 -0.038220
0 0.003283 0.006047 -0.006096 -0.012095
0 0.001758 0.003628 -0.003048 -0.007257
0 0.006565 0.019110 -0.012661 -0.038220
0 0.001758 0.003628 -0.003048 -0.007257
0 0.003048 0.007257 -0.005627 -0.014514
0 0.000586 0.000968 -0.000703 -0.001935
0 0.003048 0.007257 -0.005627 -0.014514
0 0.001758 0.003628 -0.003048 -0.007257
0 0.001758 0.003628 -0.003048 -0.007257
0 0.003869 0.008950 -0.007268 -0.017900
0 0.003048 0.007257 -0.005627 -0.014514
0 0.001758 0.003628 -0.003048 -0.007257
0 0.003869 0.008950 -0.007268 -0.017900
0 0.003048 0.007257 -0.005627 -0.014514
0 0.003048 0.007257 -0.005627 -0.014514
0 0.001758 0.003628 -0.003048 -0.007257
0 0.001641 0.002903 -0.002814 -0.005806
0 0.003283 0.006047 -0.006096 -0.012095
0 0.001758 0.003628 -0.003048 -0.007257
0 0.001758 0.003628 -0.003048 -0.007257
0 0.001758 0.003628 -0.003048 -0.007257
0 0.006565 0.019110 -0.012661 -0.038220
0 0.006565 0.019110 -0.012661 -0.038220
0 0.002462 0.004838 -0.004455 -0.009676
0 0.003048 0.007257 -0.005627 -0.014514
0 0.000586 0.000968 -0.000703 -0.001935
0 0.001758 0.003628 -0.003048 -0.007257
0 0.001758 0.003628 -0.003048 -0.007257
0 0.001758 0.003628 -0.003048 -0.007257
0 0.001758 0.003628 -0.003048 -0.007257
0 0.006565 0.019110 -0.012661 -0.038220
0 0.006565 0.019110 -0.012661 -0.038220
0 0.001758 0.003628 -0.003048 -0.007257
0 0.006565 0.019110 -0.012661 -0.038220
0 0.003283 0.006047 -0.006096 -0.012095
0 0.001758 0.003628 -0.003048 -0.007257
0 0.003048 0.007257 -0.005627 -0.014514
0 0.001758 0.003628 -0.003048 -0.007257
0 0.009379 0.017417 -0.018288 -0.034833
0 0.000586 0.000968 -0.000703 -0.001935
0 0.003048 0.007257 -0.005627 -0.014514
0 0.001758 0.003628 -0.003048 -0.007257
0 0.001758 0.003628 -0.003048 -0.007257
0 0.003283 0.006047 -0.006096 -0.012095
0 0.005275 0.012095 -0.010082 -0.024190
0 0.003283 0.006047 -0.006096 -0.012095
0 0.004572 0.010402 -0.008675 -0.020803
0 0.003165 0.006531 -0.005862 -0.013062
0 0.001641 0.002903 -0.002814 -0.005806
0 0.001758 0.003628 -0.003048 -0.007257
0 0.003869 0.008950 -0.007268 -0.017900
0 0.001993 0.003628 -0.003517 -0.007257
0 0.001993 0.003628 -0.003517 -0.007257
0 0.003869 0.008950 -0.007268 -0.017900
0 0.000586 0.000968 -0.000703 -0.001935
0 0.003869 0.008950 -0.007268 -0.017900
0 0.003048 0.007257 -0.005627 -0.014514
0 0.001758 0.003628 -0.003048 -0.007257
0 0.001758 0.003628 -0.003048 -0.007257
0 0.001641 0.002903 -0.002814 -0.005806
0 0.003048 0.007257 -0.005627 -0.014514
0 0.003048 0.007257 -0.005627 -0.014514
0 0.003048 0.007257 -0.005627 -0.014514
0 0.001758 0.003628 -0.003048 -0.007257
0 0.001758 0.003628 -0.003048 -0.007257
0 0.001758 0.003628 -0.003048 -0.007257
0 0.003048 0.007257 -0.005627 -0.014514
0 0.001758 0.003628 -0.003048 -0.007257
0 0.003869 0.008950 -0.007268 -0.017900
0 0.009379 0.017417 -0.018288 -0.034833
0 0.003048 0.007257 -0.005627 -0.014514
0 0.009379 0.017417 -0.018288 -0.034833
0 0.001758 0.003628 -0.003048 -0.007257
0 0.001758 0.003628 -0.003048 -0.007257
0 0.006565 0.019110 -0.012661 -0.038220
0 0.003283 0.006047 -0.006096 -0.012095
0 0.001993 0.003628 -0.003517 -0.007257
0 0.003048 0.007257 -0.005627 -0.014514
0 0.001993 0.003628 -0.003517 -0.007257
0 0.000586 0.000968 -0.000703 -0.001935
0 0.003048 0.007257 -0.005627 -0.014514
0 0.003048 0.007257 -0.005627 -0.014514
0 0.003048 0.007257 -0.005627 -0.014514
0 0.001758 0.003628 -0.003048 -0.007257
0 0.001758 0.003628 -0.003048 -0.007257
0 0.001758 0.003628 -0.003048 -0.007257
0 0.003048 0.007257 -0.005627 -0.014514
0 0.001758 0.003628 -0.003048 -0.007257
0 0.001758 0.003628 -0.003048 -0.007257
0 0.009379 0.017417 -0.018288 -0.034833
0 0.001758 0.003628 -0.003048 -0.007257
0 0.001758 0.003628 -0.003048 -0.007257
0 0.003869 0.008950 -0.007268 -0.017900
0 0.004924 0.012579 -0.009379 -0.025157
0 0.001758 0.003628 -0.003048 -0.007257
0 0.003283 0.006047 -0.006096 -0.012095
0 0.001758 0.003628 -0.003048 -0.007257
0 0.001407 0.002903 -0.002345 -0.005806
0 0.003048 0.007257 -0.005627 -0.014514
0 0.001758 0.003628 -0.003048 -0.007257
0 0.009379 0.017417 -0.018288 -0.034833
0 0.001758 0.003628 -0.003048 -0.007257
0 0.001641 0.002903 -0.002814 -0.005806
0 0.003048 0.007257 -0.005627 -0.014514
0 0.001758 0.003628 -0.003048 -0.007257
0 0.001758 0.003628 -0.003048 -0.007257
0 0.001758 0.003628 -0.003048 -0.007257
0 0.001758 0.003628 -0.003048 -0.007257
0 0.006565 0.019110 -0.012661 -0.038220
0 0.003048 0.007257 -0.005627 -0.014514
0 0.001758 0.003628 -0.003048 -0.007257
0 0.001641 0.002903 -0.002814 -0.005806
0 0.001758 0.003628 -0.003048 -0.007257
0 0.001993 0.003628 -0.003517 -0.007257
0 0.001641 0.002903 -0.002814 -0.005806
0 0.003283 0.006047 -0.006096 -0.012095
0 0.001758 0.003628 -0.003048 -0.007257
0 0.001758 0.003628 -0.003048 -0.007257
0 0.001641 0.002903 -0.002814 -0.005806
0 0.001758 0.003628 -0.003048 -0.007257
0 0.001758 0.003628 -0.003048 -0.007257
0 0.001758 0.003628 -0.003048 -0.007257
0 0.000586 0.000968 -0.000703 -0.001935
0 0.001758 0.003628 -0.003048 -0.007257
0 0.001758 0.003628 -0.003048 -0.007257
0 0.001758 0.003628 -0.003048 -0.007257
0 0.000586 0.000968 -0.000703 -0.001935
0 0.002462 0.004838 -0.004455 -0.009676
0 0.001993 0.003628 -0.003517 -0.007257
0 0.001758 0.003628 -0.003048 -0.007257
0 0.009379 0.017417 -0.018288 -0.034833
0 0.003048 0.007257 -0.005627 -0.014514
0 0.001641 0.002903 -0.002814 -0.005806
0 0.001758 0.003628 -0.003048 -0.007257
0 0.006565 0.019110 -0.012661 -0.038220
0 0.001641 0.002903 -0.002814 -0.005806
0 0.001758 0.003628 -0.003048 -0.007257
0 0.001758 0.003628 -0.003048 -0.007257
0 0.001758 0.003628 -0.003048 -0.007257
0 0.001758 0.003628 -0.003048 -0.007257
0 0.003048 0.007257 -0.005627 -0.014514
0 0.001641 0.002903 -0.002814 -0.005806
0 0.003048 0.007257 -0.005627 -0.014514
0 0.001641 0.002903 -0.002814 -0.005806
0 0.006565 0.019110 -0.012661 -0.038220
0 0.003048 0.007257 -0.005627 -0.014514
0 0.001758 0.003628 -0.003048 -0.007257
0 0.003048 0.007257 -0.005627 -0.014514
0 0.001758 0.003628 -0.003048 -0.007257
0 0.001758 0.003628 -0.003048 -0.007257
0 0.005275 0.012095 -0.010082 -0.024190
0 0.001641 0.002903 -0.002814 -0.005806
0 0.003048 0.007257 -0.005627 -0.014514
0 0.001993 0.003628 -0.003517 -0.007257
0 0.003048 0.007257 -0.005627 -0.014514
0 0.000586 0.000968 -0.000703 -0.001935
0 0.001993 0.003628 -0.003517 -0.007257
0 0.002462 0.004838 -0.004455 -0.009676
0 0.001993 0.003628 -0.003517 -0.007257
0 0.000586 0.000968 -0.000703 -0.001935
0 0.009379 0.017417 -0.018288 -0.034833
0 0.003048 0.007257 -0.005627 -0.014514
0 0.003048 0.007257 -0.005627 -0.014514
0 0.006565 0.019110 -0.012661 -0.038220
0 0.003048 0.007257 -0.005627 -0.014514
0 0.001641 0.002903 -0.002814 -0.005806
0 0.006565 0.019110 -0.012661 -0.038220
0 0.001758 0.003628 -0.003048 -0.007257
0 0.001758 0.003628 -0.003048 -0.007257
0 0.000586 0.000968 -0.000703 -0.001935
0 0.009379 0.017417 -0.018288 -0.034833
0 0.001758 0.003628 -0.003048 -0.007257
0 0.003048 0.007257 -0.005627 -0.014514
0 0.000586 0.000968 -0.000703 -0.001935
0 0.003048 0.007257 -0.005627 -0.014514
0 0.006565 0.019110 -0.012661 -0.038220
0 0.006565 0.019110 -0.012661 -0.038220
0 0.009379 0.017417 -0.018288 -0.034833
0 0.003048 0.007257 -0.005627 -0.014514
0 0.001641 0.002903 -0.002814 -0.005806
0 0.001758 0.003628 -0.003048 -0.007257
0 0.001758 0.003628 -0.003048 -0.007257
0 0.001641 0.002903 -0.002814 -0.005806
0 0.001758 0.003628 -0.003048 -0.007257
0 0.009379 0.017417 -0.018288 -0.034833
0 0.009379 0.017417 -0.018288 -0.034833
0 0.001758 0.003628 -0.003048 -0.007257
0 0.003048 0.007257 -0.005627 -0.014514
0 0.001758 0.003628 -0.003048 -0.007257
0 0.001758 0.003628 -0.003048 -0.007257
0 0.001758 0.003628 -0.003048 -0.007257
0 0.003869 0.008950 -0.007268 -0.017900
0 0.000586 0.000968 -0.000703 -0.001935
0 0.003048 0.007257 -0.005627 -0.014514
0 0.006565 0.019110 -0.012661 -0.038220
0 0.001993 0.003628 -0.003517 -0.007257
0 0.003283 0.006047 -0.006096 -0.012095
0 0.001758 0.003628 -0.003048 -0.007257
0 0.003048 0.007257 -0.005627 -0.014514
0 0.003283 0.006047 -0.006096 -0.012095
0 0.003869 0.008950 -0.007268 -0.017900
0 0.001758 0.003628 -0.003048 -0.007257
0 0.001758 0.003628 -0.003048 -0.007257
0 0.001758 0.003628 -0.003048 -0.007257
0 0.001993 0.003628 -0.003517 -0.007257
0 0.001641 0.002903 -0.002814 -0.005806
0 0.001993 0.003628 -0.003517 -0.007257
0 0.001641 0.002903 -0.002814 -0.005806
0 0.000586 0.000968 -0.000703 -0.001935
0 0.003869 0.008950 -0.007268 -0.017900
0 0.002814 0.005080 -0.005158 -0.010160
0 0.001993 0.003628 -0.003517 -0.007257
0 0.003283 0.006047 -0.006096 -0.012095
0 0.001758 0.003628 -0.003048 -0.007257
0 0.001993 0.003628 -0.003517 -0.007257
0 0.000586 0.000968 -0.000703 -0.001935
0 0.001641 0.002903 -0.002814 -0.005806
0 0.009379 0.017417 -0.018288 -0.034833
0 0.003048 0.007257 -0.005627 -0.014514
0 0.001758 0.003628 -0.003048 -0.007257
0 0.003283 0.006047 -0.006096 -0.012095
0 0.003869 0.008950 -0.007268 -0.017900
0 0.001758 0.003628 -0.003048 -0.007257
0 0.002814 0.005080 -0.005158 -0.010160
0 0.001758 0.003628 -0.003048 -0.007257
0 0.003283 0.006047 -0.006096 -0.012095
0 0.003869 0.008950 -0.007268 -0.017900
0 0.006565 0.019110 -0.012661 -0.038220
0 0.001758 0.003628 -0.003048 -0.007257
0 0.001641 0.002903 -0.002814 -0.005806
0 0.002696 0.006289 -0.004924 -0.012579
0 0.001993 0.003628 -0.003517 -0.007257
0 0.001758 0.003628 -0.003048 -0.007257
0 0.001758 0.003628 -0.003048 -0.007257
0 0.001758 0.003628 -0.003048 -0.007257
0 0.001758 0.003628 -0.003048 -0.007257
0 0.001993 0.003628 -0.003517 -0.007257
0 0.003048 0.007257 -0.005627 -0.014514
0 0.004103 0.009192 -0.007737 -0.018384
0 0.006565 0.019110 -0.012661 -0.038220
0 0.001758 0.003628 -0.003048 -0.007257
0 0.003048 0.007257 -0.005627 -0.014514
0 0.003048 0.007257 -0.005627 -0.014514
0 0.001993 0.003628 -0.003517 -0.007257
0 0.006565 0.019110 -0.012661 -0.038220
0 0.003869 0.008950 -0.007268 -0.017900
0 0.001758 0.003628 -0.003048 -0.007257
0 0.003048 0.007257 -0.005627 -0.014514
0 0.003048 0.007257 -0.005627 -0.014514
0 0.001758 0.003628 -0.003048 -0.007257
0 0.003869 0.008950 -0.007268 -0.017900
0 0.001758 0.003628 -0.003048 -0.007257
0 0.000586 0.000968 -0.000703 -0.001935
0 0.001641 0.002903 -0.002814 -0.005806
0 0.000586 0.000968 -0.000703 -0.001935
0 0.001758 0.003628 -0.003048 -0.007257
0 0.006565 0.019110 -0.012661 -0.038220
0 0.003869 0.008950 -0.007268 -0.017900
0 0.001641 0.002903 -0.002814 -0.005806
0 0.001993 0.003628 -0.003517 -0.007257
0 0.003283 0.006047 -0.006096 -0.012095
0 0.001758 0.003628 -0.003048 -0.007257
0 0.003048 0.007257 -0.005627 -0.014514
0 0.001758 0.003628 -0.003048 -0.007257
0 0.001758 0.003628 -0.003048 -0.007257
0 0.001758 0.003628 -0.003048 -0.007257
0 0.002462 0.004838 -0.004455 -0.009676
0 0.001641 0.002903 -0.002814 -0.005806
0 0.000586 0.000968 -0.000703 -0.001935
0 0.006565 0.019110 -0.012661 -0.038220
0 0.001641 0.002903 -0.002814 -0.005806
0 0.001758 0.003628 -0.003048 -0.007257
0 0.003048 0.007257 -0.005627 -0.014514
0 0.001641 0.002903 -0.002814 -0.005806
0 0.001758 0.003628 -0.003048 -0.007257
0 0.009379 0.017417 -0.018288 -0.034833
0 0.003048 0.007257 -0.005627 -0.014514
0 0.001758 0.003628 -0.003048 -0.007257
0 0.003048 0.007257 -0.005627 -0.014514
0 0.003048 0.007257 -0.005627 -0.014514
0 0.001758 0.003628 -0.003048 -0.007257
0 0.001758 0.003628 -0.003048 -0.007257
0 0.006565 0.019110 -0.012661 -0.038220
0 0.001993 0.003628 -0.003517 -0.007257
0 0.002110 0.004112 -0.003751 -0.008224
0 0.003048 0.007257 -0.005627 -0.014514
0 0.005275 0.012095 -0.010082 -0.024190
0 0.001641 0.002903 -0.002814 -0.005806
0 0.003048 0.007257 -0.005627 -0.014514
0 0.001758 0.003628 -0.003048 -0.007257
0 0.003869 0.008950 -0.007268 -0.017900
0 0.002931 0.006289 -0.005393 -0.012579
0 0.001641 0.002903 -0.002814 -0.005806
0 0.001641 0.002903 -0.002814 -0.005806
0 0.001641 0.002903 -0.002814 -0.005806
0 0.001641 0.002903 -0.002814 -0.005806
0 0.004103 0.009192 -0.007737 -0.018384
0 0.003048 0.007257 -0.005627 -0.014514
0 0.003283 0.006047 -0.006096 -0.012095
0 0.001758 0.003628 -0.003048 -0.007257
0 0.001641 0.002903 -0.002814 -0.005806
0 0.006565 0.019110 -0.012661 -0.038220
0 0.001758 0.003628 -0.003048 -0.007257
0 0.001641 0.002903 -0.002814 -0.005806
0 0.001641 0.002903 -0.002814 -0.005806
0 0.001758 0.003628 -0.003048 -0.007257
0 0.001641 0.002903 -0.002814 -0.005806
0 0.001758 0.003628 -0.003048 -0.007257
0 0.000586 0.000968 -0.000703 -0.001935
0 0.001993 0.003628 -0.003517 -0.007257
0 0.001758 0.003628 -0.003048 -0.007257
0 0.003048 0.007257 -0.005627 -0.014514
0 0.001641 0.002903 -0.002814 -0.005806
0 0.001758 0.003628 -0.003048 -0.007257
0 0.001758 0.003628 -0.003048 -0.007257
0 0.001758 0.003628 -0.003048 -0.007257
0 0.001758 0.003628 -0.003048 -0.007257
0 0.001758 0.003628 -0.003048 -0.007257
0 0.003048 0.007257 -0.005627 -0.014514
0 0.003048 0.007257 -0.005627 -0.014514
0 0.001641 0.002903 -0.002814 -0.005806
0 0.009379 0.017417 -0.018288 -0.034833
0 0.003283 0.006047 -0.006096 -0.012095
0 0.001993 0.003628 -0.003517 -0.007257
0 0.006565 0.019110 -0.012661 -0.038220
0 0.003048 0.007257 -0.005627 -0.014514
0 0.000586 0.000968 -0.000703 -0.001935
0 0.000586 0.000968 -0.000703 -0.001935
0 0.001758 0.003628 -0.003048 -0.007257
0 0.003048 0.007257 -0.005627 -0.014514
0 0.003283 0.006047 -0.006096 -0.012095
0 0.001641 0.002903 -0.002814 -0.005806
0 0.001758 0.003628 -0.003048 -0.007257
0 0.005275 0.012095 -0.010082 -0.024190
0 0.001758 0.003628 -0.003048 -0.007257
0 0.001641 0.002903 -0.002814 -0.005806
0 0.006565 0.019110 -0.012661 -0.038220
0 0.002462 0.004354 -0.004455 -0.008708
0 0.003048 0.007257 -0.005627 -0.014514
0 0.000586 0.000968 -0.000703 -0.001935
0 0.001641 0.002903 -0.002814 -0.005806
0 0.001758 0.003628 -0.003048 -0.007257
0 0.000586 0.000968 -0.000703 -0.001935
0 0.005275 0.012095 -0.010082 -0.024190
0 0.001758 0.003628 -0.003048 -0.007257
0 0.001758 0.003628 -0.003048 -0.007257
0 0.001641 0.002903 -0.002814 -0.005806
0 0.000586 0.000968 -0.000703 -0.001935
0 0.001641 0.002903 -0.002814 -0.005806
0 0.003048 0.007257 -0.005627 -0.014514
0 0.001993 0.003628 -0.003517 -0.007257
0 0.001641 0.002903 -0.002814 -0.005806
0 0.001758 0.003628 -0.003048 -0.007257
0 0.001758 0.003628 -0.003048 -0.007257
0 0.006565 0.019110 -0.012661 -0.038220
0 0.003048 0.007257 -0.005627 -0.014514
0 0.005275 0.012095 -0.010082 -0.024190
0 0.001641 0.002903 -0.002814 -0.005806
0 0.003048 0.007257 -0.005627 -0.014514
0 0.001758 0.003628 -0.003048 -0.007257
0 0.000586 0.000968 -0.000703 -0.001935
0 0.001758 0.003628 -0.003048 -0.007257
0 0.001758 0.003628 -0.003048 -0.007257
0 0.000586 0.000968 -0.000703 -0.001935
0 0.000586 0.000968 -0.000703 -0.001935
0 0.001641 0.002903 -0.002814 -0.005806
0 0.001758 0.003628 -0.003048 -0.007257
0 0.001758 0.003628 -0.003048 -0.007257
0 0.001758 0.003628 -0.003048 -0.007257
0 0.001641 0.002903 -0.002814 -0.005806
0 0.003048 0.007257 -0.005627 -0.014514
0 0.001758 0.003628 -0.003048 -0.007257
0 0.001758 0.003628 -0.003048 -0.007257
0 0.003048 0.007257 -0.005627 -0.014514
0 0.001758 0.003628 -0.003048 -0.007257
0 0.001407 0.002903 -0.002345 -0.005806
0 0.003283 0.006047 -0.006096 -0.012095
0 0.001758 0.003628 -0.003048 -0.007257
0 0.001758 0.003628 -0.003048 -0.007257
0 0.001758 0.003628 -0.003048 -0.007257
0 0.003048 0.007257 -0.005627 -0.014514
0 0.001758 0.003628 -0.003048 -0.007257
0 0.003048 0.007257 -0.005627 -0.014514
0 0.009379 0.017417 -0.018288 -0.034833
0 0.001993 0.003628 -0.003517 -0.007257
0 0.001993 0.003628 -0.003517 -0.007257
0 0.001758 0.003628 -0.003048 -0.007257
0 0.003048 0.007257 -0.005627 -0.014514
0 0.009379 0.017417 -0.018288 -0.034833
0 0.003048 0.007257 -0.005627 -0.014514
0 0.001758 0.003628 -0.003048 -0.007257
0 0.001758 0.003628 -0.003048 -0.007257
0 0.000586 0.000968 -0.000703 -0.001935
0 0.001758 0.003628 -0.003048 -0.007257
0 0.001641 0.002903 -0.002814 -0.005806
0 0.001993 0.003628 -0.003517 -0.007257
0 0.003048 0.007257 -0.005627 -0.014514
0 0.003048 0.007257 -0.005627 -0.014514
0 0.001758 0.003628 -0.003048 -0.007257
0 0.001993 0.003628 -0.003517 -0.007257
0 0.003048 0.007257 -0.005627 -0.014514
0 0.001758 0.003628 -0.003048 -0.007257
0 0.002931 0.006289 -0.005393 -0.012579
0 0.003048 0.007257 -0.005627 -0.014514
0 0.003869 0.008950 -0.007268 -0.017900
0 0.003048 0.007257 -0.005627 -0.014514
0 0.001758 0.003628 -0.003048 -0.007257
0 0.009379 0.017417 -0.018288 -0.034833
0 0.005275 0.012095 -0.010082 -0.024190
0 0.003048 0.007257 -0.005627 -0.014514
0 0.001641 0.002903 -0.002814 -0.005806
0 0.003048 0.007257 -0.005627 -0.014514
0 0.001641 0.002903 -0.002814 -0.005806
0 0.001641 0.002903 -0.002814 -0.005806
0 0.001993 0.003628 -0.003517 -0.007257
0 0.001641 0.002903 -0.002814 -0.005806
0 0.006565 0.019110 -0.012661 -0.038220
0 0.001641 0.002903 -0.002814 -0.005806
0 0.001758 0.003628 -0.003048 -0.007257
0 0.003283 0.006047 -0.006096 -0.012095
0 0.001641 0.002903 -0.002814 -0.005806
0 0.005275 0.012095 -0.010082 -0.024190
0 0.003869 0.008950 -0.007268 -0.017900
0 0.001993 0.003628 -0.003517 -0.007257
0 0.001758 0.003628 -0.003048 -0.007257
0 0.001758 0.003628 -0.003048 -0.007257
0 0.001758 0.003628 -0.003048 -0.007257
0 0.001758 0.003628 -0.003048 -0.007257
0 0.001758 0.003628 -0.003048 -0.007257
0 0.003048 0.007257 -0.005627 -0.014514
0 0.001993 0.003628 -0.003517 -0.007257
0 0.001993 0.003628 -0.003517 -0.007257
0 0.001641 0.002903 -0.002814 -0.005806
0 0.003048 0.007257 -0.005627 -0.014514
0 0.001758 0.003628 -0.003048 -0.007257
0 0.001641 0.002903 -0.002814 -0.005806
0 0.001758 0.003628 -0.003048 -0.007257
0 0.001758 0.003628 -0.003048 -0.007257
0 0.004572 0.010402 -0.008675 -0.020803
0 0.001993 0.003628 -0.003517 -0.007257
0 0.003283 0.006047 -0.006096 -0.012095
0 0.003283 0.006047 -0.006096 -0.012095
0 0.006565 0.019110 -0.012661 -0.038220
0 0.001758 0.003628 -0.003048 -0.007257
0 0.001758 0.003145 -0.003048 -0.006289
0 0.001641 0.002903 -0.002814 -0.005806
0 0.001993 0.003628 -0.003517 -0.007257
0 0.000586 0.000968 -0.000703 -0.001935
0 0.001758 0.003628 -0.003048 -0.007257
0 0.001641 0.002903 -0.002814 -0.005806
0 0.001758 0.003628 -0.003048 -0.007257
0 0.002462 0.004354 -0.004455 -0.008708
0 0.001758 0.003628 -0.003048 -0.007257
0 0.003048 0.007257 -0.005627 -0.014514
0 0.000586 0.000968 -0.000703 -0.001935
0 0.003048 0.007257 -0.005627 -0.014514
0 0.006565 0.019110 -0.012661 -0.038220
0 0.003048 0.007257 -0.005627 -0.014514
0 0.003048 0.007257 -0.005627 -0.014514
0 0.003048 0.007257 -0.005627 -0.014514
0 0.001993 0.003628 -0.003517 -0.007257
0 0.001641 0.002903 -0.002814 -0.005806
0 0.003048 0.007257 -0.005627 -0.014514
0 0.002462 0.004354 -0.004455 -0.008708
0 0.001993 0.003628 -0.003517 -0.007257
0 0.001993 0.003628 -0.003517 -0.007257
0 0.001758 0.003628 -0.003048 -0.007257
0 0.001993 0.003628 -0.003517 -0.007257
0 0.001758 0.003628 -0.003048 -0.007257
0 0.001993 0.003628 -0.003517 -0.007257
0 0.003283 0.006047 -0.006096 -0.012095
0 0.001641 0.002903 -0.002814 -0.005806
0 0.003283 0.006047 -0.006096 -0.012095
0 0.000586 0.000968 -0.000703 -0.001935
0 0.001641 0.002903 -0.002814 -0.005806
0 0.000586 0.000968 -0.000703 -0.001935
0 0.001993 0.003628 -0.003517 -0.007257
0 0.005275 0.012095 -0.010082 -0.024190
0 0.009379 0.017417 -0.018288 -0.034833
0 0.001641 0.002903 -0.002814 -0.005806
0 0.001758 0.003628 -0.003048 -0.007257
0 0.001641 0.002903 -0.002814 -0.005806
0 0.003048 0.007257 -0.005627 -0.014514
0 0.001758 0.003628 -0.003048 -0.007257
0 0.003283 0.006047 -0.006096 -0.012095
0 0.001758 0.003628 -0.003048 -0.007257
0 0.001641 0.002903 -0.002814 -0.005806
0 0.001758 0.003628 -0.003048 -0.007257
0 0.001758 0.003628 -0.003048 -0.007257
0 0.003048 0.007257 -0.005627 -0.014514
0 0.001993 0.003628 -0.003517 -0.007257
0 0.003048 0.007257 -0.005627 -0.014514
0 0.000586 0.000968 -0.000703 -0.001935
0 0.001758 0.003628 -0.003048 -0.007257
0 0.001641 0.002903 -0.002814 -0.005806
0 0.002462 0.004838 -0.004455 -0.009676
0 0.001993 0.003628 -0.003517 -0.007257
0 0.001758 0.003628 -0.003048 -0.007257
0 0.001641 0.002903 -0.002814 -0.005806
0 0.001758 0.003628 -0.003048 -0.007257
0 0.000586 0.000968 -0.000703 -0.001935
0 0.001758 0.003628 -0.003048 -0.007257
0 0.003048 0.007257 -0.005627 -0.014514
0 0.002931 0.006289 -0.005393 -0.012579
0 0.006565 0.019110 -0.012661 -0.038220
0 0.003048 0.007257 -0.005627 -0.014514
0 0.003869 0.008950 -0.007268 -0.017900
0 0.003048 0.007257 -0.005627 -0.014514
0 0.003048 0.007257 -0.005627 -0.014514
0 0.003048 0.007257 -0.005627 -0.014514
0 0.003048 0.007257 -0.005627 -0.014514
0 0.001758 0.003628 -0.003048 -0.007257
0 0.003048 0.007257 -0.005627 -0.014514
0 0.003283 0.006047 -0.006096 -0.012095
0 0.003048 0.007257 -0.005627 -0.014514
0 0.006565 0.019110 -0.012661 -0.038220
0 0.001758 0.003628 -0.003048 -0.007257
0 0.001641 0.002903 -0.002814 -0.005806
0 0.001758 0.003628 -0.003048 -0.007257
0 0.003048 0.007257 -0.005627 -0.014514
0 0.000586 0.000968 -0.000703 -0.001935
0 0.006565 0.019110 -0.012661 -0.038220
0 0.001758 0.003628 -0.003048 -0.007257
0 0.001758 0.003628 -0.003048 -0.007257
0 0.001758 0.003628 -0.003048 -0.007257
0 0.001993 0.003628 -0.003517 -0.007257
0 0.001641 0.002903 -0.002814 -0.005806
0 0.001641 0.002903 -0.002814 -0.005806
0 0.001641 0.002903 -0.002814 -0.005806
0 0.001758 0.003628 -0.003048 -0.007257
0 0.001876 0.003387 -0.003283 -0.006773
0 0.001758 0.003628 -0.003048 -0.007257
0 0.003048 0.007257 -0.005627 -0.014514
0 0.003283 0.006047 -0.006096 -0.012095
0 0.006565 0.019110 -0.012661 -0.038220
0 0.001758 0.003628 -0.003048 -0.007257
0 0.003048 0.007257 -0.005627 -0.014514
0 0.001993 0.003628 -0.003517 -0.007257
0 0.001758 0.003628 -0.003048 -0.007257
0 0.009379 0.017417 -0.018288 -0.034833
0 0.003048 0.007257 -0.005627 -0.014514
0 0.000586 0.000968 -0.000703 -0.001935
0 0.006565 0.019110 -0.012661 -0.038220
0 0.001758 0.003628 -0.003048 -0.007257
0 0.003048 0.007257 -0.005627 -0.014514
0 0.001758 0.003628 -0.003048 -0.007257
0 0.003048 0.007257 -0.005627 -0.014514
0 0.000586 0.000968 -0.000703 -0.001935
0 0.001641 0.002903 -0.002814 -0.005806
0 0.001758 0.003628 -0.003048 -0.007257
0 0.001758 0.003628 -0.003048 -0.007257
0 0.001758 0.003628 -0.003048 -0.007257
0 0.006565 0.019110 -0.012661 -0.038220
0 0.001993 0.003628 -0.003517 -0.007257
0 0.001758 0.003628 -0.003048 -0.007257
0 0.003048 0.007257 -0.005627 -0.014514
0 0.003048 0.007257 -0.005627 -0.014514
0 0.003048 0.007257 -0.005627 -0.014514
0 0.003048 0.007257 -0.005627 -0.014514
0 0.001641 0.002903 -0.002814 -0.005806
0 0.003048 0.007257 -0.005627 -0.014514
0 0.001641 0.002903 -0.002814 -0.005806
0 0.001758 0.003628 -0.003048 -0.007257
0 0.001641 0.002903 -0.002814 -0.005806
0 0.006565 0.019110 -0.012661 -0.038220
0 0.001993 0.003628 -0.003517 -0.007257
0 0.001758 0.003628 -0.003048 -0.007257
0 0.001641 0.002903 -0.002814 -0.005806
0 0.003048 0.007257 -0.005627 -0.014514
0 0.001758 0.003628 -0.003048 -0.007257
0 0.001641 0.002903 -0.002814 -0.005806
0 0.001758 0.003628 -0.003048 -0.007257
0 0.001993 0.003628 -0.003517 -0.007257
0 0.001758 0.003628 -0.003048 -0.007257
0 0.007620 0.016449 -0.014771 -0.032898
0 0.001758 0.003628 -0.003048 -0.007257
0 0.002462 0.004354 -0.004455 -0.008708
0 0.003869 0.008950 -0.007268 -0.017900
0 0.003283 0.006047 -0.006096 -0.012095
0 0.003048 0.007257 -0.005627 -0.014514
0 0.003048 0.007257 -0.005627 -0.014514
0 0.003048 0.007257 -0.005627 -0.014514
0 0.001758 0.003628 -0.003048 -0.007257
0 0.003048 0.007257 -0.005627 -0.014514
0 0.001641 0.002903 -0.002814 -0.005806
0 0.001758 0.003628 -0.003048 -0.007257
0 0.001758 0.003628 -0.003048 -0.007257
0 0.001641 0.002903 -0.002814 -0.005806
0 0.001993 0.003628 -0.003517 -0.007257
0 0.003048 0.007257 -0.005627 -0.014514
0 0.001641 0.002903 -0.002814 -0.005806
0 0.003048 0.007257 -0.005627 -0.014514
0 0.001641 0.002903 -0.002814 -0.005806
0 0.006565 0.019110 -0.012661 -0.038220
0 0.001758 0.003628 -0.003048 -0.007257
0 0.003048 0.007257 -0.005627 -0.014514
0 0.003283 0.006047 -0.006096 -0.012095
0 0.001758 0.003628 -0.003048 -0.007257
0 0.006565 0.019110 -0.012661 -0.038220
0 0.001758 0.003628 -0.003048 -0.007257
0 0.001758 0.003628 -0.003048 -0.007257
0 0.003869 0.008950 -0.007268 -0.017900
0 0.001758 0.003628 -0.003048 -0.007257
0 0.001758 0.003628 -0.003048 -0.007257
0 0.003869 0.008950 -0.007268 -0.017900
0 0.001758 0.003628 -0.003048 -0.007257
0 0.001758 0.003628 -0.003048 -0.007257
0 0.001758 0.003628 -0.003048 -0.007257
0 0.006565 0.019110 -0.012661 -0.038220
0 0.000586 0.000968 -0.000703 -0.001935
0 0.009379 0.017417 -0.018288 -0.034833
0 0.006565 0.019110 -0.012661 -0.038220
0 0.002814 0.005080 -0.005158 -0.010160
0 0.003048 0.007257 -0.005627 -0.014514
0 0.001641 0.002903 -0.002814 -0.005806
0 0.003869 0.008950 -0.007268 -0.017900
0 0.001758 0.003628 -0.003048 -0.007257
0 0.003048 0.007257 -0.005627 -0.014514
0 0.001993 0.003628 -0.003517 -0.007257
0 0.001993 0.003628 -0.003517 -0.007257
0 0.003048 0.007257 -0.005627 -0.014514
0 0.003869 0.008950 -0.007268 -0.017900
0 0.001758 0.003628 -0.003048 -0.007257
0 0.003869 0.008950 -0.007268 -0.017900
0 0.001758 0.003628 -0.003048 -0.007257
0 0.002814 0.005080 -0.005158 -0.010160
0 0.001993 0.003628 -0.003517 -0.007257
0 0.009379 0.017417 -0.018288 -0.034833
0 0.003283 0.006047 -0.006096 -0.012095
0 0.001641 0.002903 -0.002814 -0.005806
0 0.003048 0.007257 -0.005627 -0.014514
0 0.001758 0.003628 -0.003048 -0.007257
0 0.003283 0.006047 -0.006096 -0.012095
0 0.001758 0.003628 -0.003048 -0.007257
0 0.003048 0.007257 -0.005627 -0.014514
0 0.001758 0.003628 -0.003048 -0.007257
0 0.001758 0.003628 -0.003048 -0.007257
0 0.001641 0.002903 -0.002814 -0.005806
0 0.003869 0.008950 -0.007268 -0.017900
0 0.006565 0.019110 -0.012661 -0.038220
0 0.001993 0.003628 -0.003517 -0.007257
0 0.003048 0.007257 -0.005627 -0.014514
0 0.003048 0.007257 -0.005627 -0.014514
0 0.001993 0.003628 -0.003517 -0.007257
0 0.001758 0.003628 -0.003048 -0.007257
0 0.004924 0.012579 -0.009379 -0.025157
0 0.000586 0.000968 -0.000703 -0.001935
0 0.001758 0.003628 -0.003048 -0.007257
0 0.003048 0.007257 -0.005627 -0.014514
0 0.000586 0.000968 -0.000703 -0.001935
0 0.000586 0.000968 -0.000703 -0.001935
0 0.001993 0.003628 -0.003517 -0.007257
0 0.001758 0.003628 -0.003048 -0.007257
0 0.001758 0.003628 -0.003048 -0.007257
0 0.003048 0.007257 -0.005627 -0.014514
0 0.001758 0.003628 -0.003048 -0.007257
0 0.003048 0.007257 -0.005627 -0.014514
0 0.009379 0.017417 -0.018288 -0.034833
0 0.003869 0.008950 -0.007268 -0.017900
0 0.001758 0.003628 -0.003048 -0.007257
0 0.003048 0.007257 -0.005627 -0.014514
0 0.003048 0.007257 -0.005627 -0.014514
0 0.001758 0.003628 -0.003048 -0.007257
0 0.001641 0.002903 -0.002814 -0.005806
0 0.001758 0.003628 -0.003048 -0.007257
0 0.003869 0.008950 -0.007268 -0.017900
0 0.001641 0.002903 -0.002814 -0.005806
0 0.001641 0.002903 -0.002814 -0.005806
0 0.003048 0.007257 -0.005627 -0.014514
0 0.001641 0.002903 -0.002814 -0.005806
0 0.001758 0.003628 -0.003048 -0.007257
0 0.005275 0.012095 -0.010082 -0.024190
0 0.001641 0.002903 -0.002814 -0.005806
0 0.001758 0.003628 -0.003048 -0.007257
0 0.006565 0.019110 -0.012661 -0.038220
0 0.001758 0.003628 -0.003048 -0.007257
0 0.001758 0.003628 -0.003048 -0.007257
0 0.004338 0.010643 -0.008206 -0.021287
0 0.001641 0.002903 -0.002814 -0.005806
0 0.003048 0.007257 -0.005627 -0.014514
0 0.001758 0.003628 -0.003048 -0.007257
0 0.006565 0.019110 -0.012661 -0.038220
0 0.001641 0.002903 -0.002814 -0.005806
0 0.001993 0.003628 -0.003517 -0.007257
0 0.001993 0.003628 -0.003517 -0.007257
0 0.003048 0.007257 -0.005627 -0.014514
0 0.001641 0.002903 -0.002814 -0.005806
0 0.001758 0.003628 -0.003048 -0.007257
0 0.001758 0.003628 -0.003048 -0.007257
0 0.006565 0.019110 -0.012661 -0.038220
0 0.009379 0.017417 -0.018288 -0.034833
0 0.000586 0.000968 -0.000703 -0.001935
0 0.003048 0.007257 -0.005627 -0.014514
0 0.001993 0.003628 -0.003517 -0.007257
0 0.001641 0.002903 -0.002814 -0.005806
0 0.003869 0.008950 -0.007268 -0.017900
0 0.009379 0.017417 -0.018288 -0.034833
0 0.003048 0.007257 -0.005627 -0.014514
0 0.003048 0.007257 -0.005627 -0.014514
0 0.001641 0.002903 -0.002814 -0.005806
0 0.001641 0.002903 -0.002814 -0.005806
0 0.001758 0.003628 -0.003048 -0.007257
0 0.001641 0.002903 -0.002814 -0.005806
0 0.001641 0.002903 -0.002814 -0.005806
0 0.001758 0.003628 -0.003048 -0.007257
0 0.003048 0.007257 -0.005627 -0.014514
0 0.001641 0.002903 -0.002814 -0.005806
0 0.000586 0.000968 -0.000703 -0.001935
0 0.001758 0.003628 -0.003048 -0.007257
0 0.001758 0.003628 -0.003048 -0.007257
0 0.001758 0.003628 -0.003048 -0.007257
0 0.001993 0.003628 -0.003517 -0.007257
0 0.003048 0.007257 -0.005627 -0.014514
0 0.001641 0.002903 -0.002814 -0.005806
0 0.001993 0.003628 -0.003517 -0.007257
0 0.003048 0.007257 -0.005627 -0.014514
0 0.001758 0.003628 -0.003048 -0.007257
0 0.006565 0.019110 -0.012661 -0.038220
0 0.001758 0.003628 -0.003048 -0.007257
0 0.003869 0.008950 -0.007268 -0.017900
0 0.001758 0.003628 -0.003048 -0.007257
0 0.001758 0.003628 -0.003048 -0.007257
0 0.001758 0.003628 -0.003048 -0.007257
0 0.001758 0.003628 -0.003048 -0.007257
0 0.003048 0.007257 -0.005627 -0.014514
0 0.001758 0.003628 -0.003048 -0.007257
0 0.001758 0.003628 -0.003048 -0.007257
0 0.001641 0.002903 -0.002814 -0.005806
0 0.000586 0.000968 -0.000703 -0.001935
0 0.003869 0.008950 -0.007268 -0.017900
0 0.009379 0.017417 -0.018288 -0.034833
0 0.001758 0.003628 -0.003048 -0.007257
0 0.006565 0.019110 -0.012661 -0.038220
0 0.003048 0.007257 -0.005627 -0.014514
0 0.003048 0.007257 -0.005627 -0.014514
0 0.003869 0.008950 -0.007268 -0.017900
0 0.003048 0.007257 -0.005627 -0.014514
0 0.001758 0.003628 -0.003048 -0.007257
0 0.001758 0.003628 -0.003048 -0.007257
0 0.003048 0.007257 -0.005627 -0.014514
0 0.001993 0.003628 -0.003517 -0.007257
0 0.001993 0.003628 -0.003517 -0.007257
0 0.001758 0.003628 -0.003048 -0.007257
0 0.003048 0.007257 -0.005627 -0.014514
0 0.009379 0.017417 -0.018288 -0.034833
0 0.001993 0.003628 -0.003517 -0.007257
0 0.001758 0.003628 -0.003048 -0.007257
0 0.001758 0.003628 -0.003048 -0.007257
0 0.003048 0.007257 -0.005627 -0.014514
0 0.001758 0.003628 -0.003048 -0.007257
0 0.001641 0.002903 -0.002814 -0.005806
0 0.003048 0.007257 -0.005627 -0.014514
0 0.003048 0.007257 -0.005627 -0.014514
0 0.009379 0.017417 -0.018288 -0.034833
0 0.009379 0.017417 -0.018288 -0.034833
0 0.001758 0.003628 -0.003048 -0.007257
0 0.001758 0.003628 -0.003048 -0.007257
0 0.001758 0.003628 -0.003048 -0.007257
0 0.003048 0.007257 -0.005627 -0.014514
0 0.001758 0.003628 -0.003048 -0.007257
0 0.003048 0.007257 -0.005627 -0.014514
0 0.001758 0.003628 -0.003048 -0.007257
0 0.003048 0.007257 -0.005627 -0.014514
0 0.001758 0.003628 -0.003048 -0.007257
0 0.001641 0.002903 -0.002814 -0.005806
0 0.001758 0.003628 -0.003048 -0.007257
0 0.001758 0.003628 -0.003048 -0.007257
0 0.003048 0.007257 -0.005627 -0.014514
0 0.001758 0.003628 -0.003048 -0.007257
0 0.003048 0.007257 -0.005627 -0.014514
0 0.003400 0.006773 -0.006331 -0.013546
0 0.002696 0.006289 -0.004924 -0.012579
0 0.001758 0.003628 -0.003048 -0.007257
0 0.003283 0.006047 -0.006096 -0.012095
0 0.003048 0.007257 -0.005627 -0.014514
0 0.003048 0.007257 -0.005627 -0.014514
0 0.001758 0.003628 -0.003048 -0.007257
0 0.003048 0.007257 -0.005627 -0.014514
0 0.001758 0.003628 -0.003048 -0.007257
0 0.001758 0.003628 -0.003048 -0.007257
0 0.006565 0.019110 -0.012661 -0.038220
0 0.001758 0.003628 -0.003048 -0.007257
0 0.001758 0.003628 -0.003048 -0.007257
0 0.009379 0.017417 -0.018288 -0.034833
0 0.001993 0.003628 -0.003517 -0.007257
0 0.001758 0.003628 -0.003048 -0.007257
0 0.003869 0.008950 -0.007268 -0.017900
0 0.003048 0.007257 -0.005627 -0.014514
0 0.001641 0.002903 -0.002814 -0.005806
0 0.001758 0.003628 -0.003048 -0.007257
0 0.006565 0.019110 -0.012661 -0.038220
0 0.001641 0.002903 -0.002814 -0.005806
0 0.003869 0.008950 -0.007268 -0.017900
0 0.006565 0.019110 -0.012661 -0.038220
0 0.001993 0.003628 -0.003517 -0.007257
0 0.009379 0.017417 -0.018288 -0.034833
0 0.003048 0.007257 -0.005627 -0.014514
0 0.003048 0.007257 -0.005627 -0.014514
0 0.001641 0.002903 -0.002814 -0.005806
0 0.004220 0.010402 -0.007972 -0.020803
0 0.001758 0.003628 -0.003048 -0.007257
0 0.001641 0.002903 -0.002814 -0.005806
0 0.001758 0.003628 -0.003048 -0.007257
0 0.005275 0.014030 -0.010082 -0.028060
0 0.003048 0.007257 -0.005627 -0.014514
0 0.001758 0.003628 -0.003048 -0.007257
0 0.001758 0.003628 -0.003048 -0.007257
0 0.006565 0.019110 -0.012661 -0.038220
0 0.001641 0.002903 -0.002814 -0.005806
0 0.009379 0.017417 -0.018288 -0.034833
0 0.001758 0.003628 -0.003048 -0.007257
0 0.001758 0.003628 -0.003048 -0.007257
0 0.003048 0.007257 -0.005627 -0.014514
0 0.009379 0.017417 -0.018288 -0.034833
0 0.001758 0.003628 -0.003048 -0.007257
0 0.003048 0.007257 -0.005627 -0.014514
0 0.001641 0.002903 -0.002814 -0.005806
0 0.001993 0.003628 -0.003517 -0.007257
0 0.001758 0.003628 -0.003048 -0.007257
0 0.000586 0.000968 -0.000703 -0.001935
0 0.002462 0.004838 -0.004455 -0.009676
0 0.001641 0.002903 -0.002814 -0.005806
0 0.006565 0.019110 -0.012661 -0.038220
0 0.001641 0.002903 -0.002814 -0.005806
0 0.003048 0.007257 -0.005627 -0.014514
0 0.001758 0.003628 -0.003048 -0.007257
0 0.001758 0.003628 -0.003048 -0.007257
0 0.001993 0.003628 -0.003517 -0.007257
0 0.006565 0.019110 -0.012661 -0.038220
0 0.003048 0.007257 -0.005627 -0.014514
0 0.001758 0.003628 -0.003048 -0.007257
0 0.001993 0.003628 -0.003517 -0.007257
0 0.003048 0.007257 -0.005627 -0.014514
0 0.009379 0.017417 -0.018288 -0.034833
0 0.000586 0.000968 -0.000703 -0.001935
0 0.001993 0.003628 -0.003517 -0.007257
0 0.003283 0.006047 -0.006096 -0.012095
0 0.001758 0.003628 -0.003048 -0.007257
0 0.001758 0.003628 -0.003048 -0.007257
0 0.002931 0.006289 -0.005393 -0.012579
0 0.003048 0.007257 -0.005627 -0.014514
0 0.006565 0.019110 -0.012661 -0.038220
0 0.001758 0.003628 -0.003048 -0.007257
0 0.001758 0.003628 -0.003048 -0.007257
0 0.001641 0.002903 -0.002814 -0.005806
0 0.001758 0.003628 -0.003048 -0.007257
0 0.001993 0.003628 -0.003517 -0.007257
0 0.006565 0.019110 -0.012661 -0.038220
0 0.003048 0.007257 -0.005627 -0.014514
0 0.001641 0.002903 -0.002814 -0.005806
0 0.001758 0.003628 -0.003048 -0.007257
0 0.003283 0.006047 -0.006096 -0.012095
0 0.006565 0.019110 -0.012661 -0.038220
0 0.001641 0.002903 -0.002814 -0.005806
0 0.001758 0.003628 -0.003048 -0.007257
0 0.001993 0.003628 -0.003517 -0.007257
0 0.001641 0.002903 -0.002814 -0.005806
0 0.001758 0.003628 -0.003048 -0.007257
0 0.001758 0.003628 -0.003048 -0.007257
0 0.003048 0.007257 -0.005627 -0.014514
0 0.001641 0.002903 -0.002814 -0.005806
0 0.001993 0.003628 -0.003517 -0.007257
0 0.001758 0.003628 -0.003048 -0.007257
0 0.003048 0.007257 -0.005627 -0.014514
0 0.009379 0.017417 -0.018288 -0.034833
0 0.001758 0.003628 -0.003048 -0.007257
0 0.003048 0.007257 -0.005627 -0.014514
0 0.001993 0.003628 -0.003517 -0.007257
0 0.001758 0.003628 -0.003048 -0.007257
0 0.002931 0.006289 -0.005393 -0.012579
0 0.003869 0.008950 -0.007268 -0.017900
0 0.003048 0.007257 -0.005627 -0.014514
0 0.003048 0.007257 -0.005627 -0.014514
0 0.001993 0.003628 -0.003517 -0.007257
0 0.003048 0.007257 -0.005627 -0.014514
0 0.001758 0.003628 -0.003048 -0.007257
0 0.006565 0.019110 -0.012661 -0.038220
0 0.000586 0.000968 -0.000703 -0.001935
0 0.006565 0.019110 -0.012661 -0.038220
0 0.001758 0.003628 -0.003048 -0.007257
0 0.003048 0.007257 -0.005627 -0.014514
0 0.009379 0.017417 -0.018288 -0.034833
0 0.001758 0.003628 -0.003048 -0.007257
0 0.003048 0.007257 -0.005627 -0.014514
0 0.001758 0.003628 -0.003048 -0.007257
0 0.003048 0.007257 -0.005627 -0.014514
0 0.001758 0.003628 -0.003048 -0.007257
0 0.001641 0.002903 -0.002814 -0.005806
0 0.003048 0.007257 -0.005627 -0.014514
0 0.003048 0.007257 -0.005627 -0.014514
0 0.001758 0.003628 -0.003048 -0.007257
0 0.001758 0.003628 -0.003048 -0.007257
0 0.001758 0.003628 -0.003048 -0.007257
0 0.001758 0.003628 -0.003048 -0.007257
0 0.001758 0.003628 -0.003048 -0.007257
0 0.000586 0.000968 -0.000703 -0.001935
0 0.003869 0.008950 -0.007268 -0.017900
0 0.006565 0.019110 -0.012661 -0.038220
0 0.003283 0.006047 -0.006096 -0.012095
0 0.000586 0.000968 -0.000703 -0.001935
0 0.003048 0.007257 -0.005627 -0.014514
0 0.003048 0.007257 -0.005627 -0.014514
0 0.003048 0.007257 -0.005627 -0.014514
0 0.001641 0.002903 -0.002814 -0.005806
0 0.001758 0.003628 -0.003048 -0.007257
0 0.003048 0.007257 -0.005627 -0.014514
0 0.002462 0.004354 -0.004455 -0.008708
0 0.006565 0.019110 -0.012661 -0.038220
0 0.001758 0.003628 -0.003048 -0.007257
0 0.001758 0.003628 -0.003048 -0.007257
0 0.001993 0.003628 -0.003517 -0.007257
0 0.003048 0.007257 -0.005627 -0.014514
0 0.001993 0.003628 -0.003517 -0.007257
0 0.003048 0.007257 -0.005627 -0.014514
0 0.005275 0.012095 -0.010082 -0.024190
0 0.001758 0.003628 -0.003048 -0.007257
0 0.001758 0.003628 -0.003048 -0.007257
0 0.001758 0.003628 -0.003048 -0.007257
0 0.003048 0.007257 -0.005627 -0.014514
0 0.003048 0.007257 -0.005627 -0.014514
0 0.003048 0.007257 -0.005627 -0.014514
0 0.003048 0.007257 -0.005627 -0.014514
0 0.003048 0.007257 -0.005627 -0.014514
0 0.001758 0.003628 -0.003048 -0.007257
0 0.001993 0.003628 -0.003517 -0.007257
0 0.001641 0.002903 -0.002814 -0.005806
0 0.001641 0.002903 -0.002814 -0.005806
0 0.001993 0.003628 -0.003517 -0.007257
0 0.003869 0.008950 -0.007268 -0.017900
0 0.001641 0.002903 -0.002814 -0.005806
0 0.001641 0.002903 -0.002814 -0.005806
0 0.003048 0.007257 -0.005627 -0.014514
0 0.001993 0.003628 -0.003517 -0.007257
0 0.001758 0.003628 -0.003048 -0.007257
0 0.001641 0.002903 -0.002814 -0.005806
0 0.001641 0.002903 -0.002814 -0.005806
0 0.003869 0.008950 -0.007268 -0.017900
0 0.006565 0.019110 -0.012661 -0.038220
0 0.006565 0.019110 -0.012661 -0.038220
0 0.003165 0.006289 -0.005862 -0.012579
0 0.003283 0.006047 -0.006096 -0.012095
0 0.003048 0.007257 -0.005627 -0.014514
0 0.004220 0.009676 -0.007972 -0.019352
0 0.006565 0.019110 -0.012661 -0.038220
0 0.001758 0.003628 -0.003048 -0.007257
0 0.001641 0.002903 -0.002814 -0.005806
0 0.001758 0.003628 -0.003048 -0.007257
0 0.003400 0.006773 -0.006331 -0.013546
0 0.003048 0.007257 -0.005627 -0.014514
0 0.002931 0.005322 -0.005393 -0.010643
0 0.001758 0.003628 -0.003048 -0.007257
0 0.000586 0.000968 -0.000703 -0.001935
0 0.003048 0.007257 -0.005627 -0.014514
0 0.001758 0.003628 -0.003048 -0.007257
0 0.001641 0.002903 -0.002814 -0.005806
0 0.001641 0.002903 -0.002814 -0.005806
0 0.003048 0.007257 -0.005627 -0.014514
0 0.001641 0.002903 -0.002814 -0.005806
0 0.006565 0.019110 -0.012661 -0.038220
0 0.003869 0.008950 -0.007268 -0.017900
0 0.001758 0.003628 -0.003048 -0.007257
0 0.003048 0.007257 -0.005627 -0.014514
0 0.002931 0.006289 -0.005393 -0.012579
0 0.001758 0.003628 -0.003048 -0.007257
0 0.003048 0.007257 -0.005627 -0.014514
0 0.003048 0.007257 -0.005627 -0.014514
0 0.001758 0.003628 -0.003048 -0.007257
0 0.003048 0.007257 -0.005627 -0.014514
0 0.001758 0.003628 -0.003048 -0.007257
0 0.003048 0.007257 -0.005627 -0.014514
0 0.001758 0.003628 -0.003048 -0.007257
0 0.001641 0.002903 -0.002814 -0.005806
0 0.009379 0.017417 -0.018288 -0.034833
0 0.001641 0.002903 -0.002814 -0.005806
0 0.001993 0.003628 -0.003517 -0.007257
0 0.001758 0.003628 -0.003048 -0.007257
0 0.001641 0.002903 -0.002814 -0.005806
0 0.001758 0.003628 -0.003048 -0.007257
0 0.001758 0.003628 -0.003048 -0.007257
0 0.003048 0.007257 -0.005627 -0.014514
0 0.001758 0.003628 -0.003048 -0.007257
0 0.001758 0.003628 -0.003048 -0.007257
0 0.009379 0.017417 -0.018288 -0.034833
0 0.001758 0.003628 -0.003048 -0.007257
0 0.001758 0.003628 -0.003048 -0.007257
0 0.009379 0.017417 -0.018288 -0.034833
0 0.003048 0.007257 -0.005627 -0.014514
0 0.003283 0.006047 -0.006096 -0.012095
0 0.001758 0.003628 -0.003048 -0.007257
0 0.003048 0.007257 -0.005627 -0.014514
0 0.001758 0.003628 -0.003048 -0.007257
0 0.001641 0.002903 -0.002814 -0.005806
0 0.003048 0.007257 -0.005627 -0.014514
0 0.000586 0.000968 -0.000703 -0.001935
0 0.001758 0.003628 -0.003048 -0.007257
0 0.003048 0.007257 -0.005627 -0.014514
0 0.006565 0.019110 -0.012661 -0.038220
0 0.001758 0.003628 -0.003048 -0.007257
0 0.003048 0.007257 -0.005627 -0.014514
0 0.001758 0.003628 -0.003048 -0.007257
0 0.001758 0.003628 -0.003048 -0.007257
0 0.001758 0.003628 -0.003048 -0.007257
0 0.001758 0.003628 -0.003048 -0.007257
0 0.001758 0.003628 -0.003048 -0.007257
0 0.002462 0.004354 -0.004455 -0.008708
0 0.001758 0.003628 -0.003048 -0.007257
0 0.003048 0.007257 -0.005627 -0.014514
0 0.001758 0.003628 -0.003048 -0.007257
0 0.001758 0.003628 -0.003048 -0.007257
0 0.001758 0.003628 -0.003048 -0.007257
0 0.001993 0.003628 -0.003517 -0.007257
0 0.003048 0.007257 -0.005627 -0.014514
0 0.003048 0.007257 -0.005627 -0.014514
0 0.001641 0.002903 -0.002814 -0.005806
0 0.001758 0.003628 -0.003048 -0.007257
0 0.006565 0.019110 -0.012661 -0.038220
0 0.001993 0.003628 -0.003517 -0.007257
0 0.001758 0.003628 -0.003048 -0.007257
0 0.001758 0.003628 -0.003048 -0.007257
0 0.001758 0.003628 -0.003048 -0.007257
0 0.009379 0.017417 -0.018288 -0.034833
0 0.001758 0.003628 -0.003048 -0.007257
0 0.009379 0.017417 -0.018288 -0.034833
0 0.006565 0.019110 -0.012661 -0.038220
0 0.001758 0.003628 -0.003048 -0.007257
0 0.003869 0.008950 -0.007268 -0.017900
0 0.003048 0.007257 -0.005627 -0.014514
0 0.009379 0.017417 -0.018288 -0.034833
0 0.001758 0.003628 -0.003048 -0.007257
0 0.002931 0.006289 -0.005393 -0.012579
0 0.003048 0.007257 -0.005627 -0.014514
0 0.001641 0.002903 -0.002814 -0.005806
0 0.003048 0.007257 -0.005627 -0.014514
0 0.003869 0.008950 -0.007268 -0.017900
0 0.009379 0.017417 -0.018288 -0.034833
0 0.000586 0.000968 -0.000703 -0.001935
0 0.001993 0.003628 -0.003517 -0.007257
0 0.005275 0.012095 -0.010082 -0.024190
0 0.001641 0.002903 -0.002814 -0.005806
0 0.001758 0.003628 -0.003048 -0.007257
0 0.001758 0.003628 -0.003048 -0.007257
0 0.001641 0.002903 -0.002814 -0.005806
0 0.001758 0.003628 -0.003048 -0.007257
0 0.001758 0.003628 -0.003048 -0.007257
0 0.001758 0.003628 -0.003048 -0.007257
0 0.001758 0.003628 -0.003048 -0.007257
0 0.001758 0.003628 -0.003048 -0.007257
0 0.003048 0.007257 -0.005627 -0.014514
0 0.002462 0.004354 -0.004455 -0.008708
0 0.001758 0.003628 -0.003048 -0.007257
0 0.009379 0.017417 -0.018288 -0.034833
0 0.009379 0.017417 -0.018288 -0.034833
0 0.003283 0.006047 -0.006096 -0.012095
0 0.001758 0.003628 -0.003048 -0.007257
0 0.003048 0.007257 -0.005627 -0.014514
0 0.003048 0.007257 -0.005627 -0.014514
0 0.003869 0.008950 -0.007268 -0.017900
0 0.006565 0.019110 -0.012661 -0.038220
0 0.001641 0.002903 -0.002814 -0.005806
0 0.001758 0.003628 -0.003048 -0.007257
0 0.001641 0.002903 -0.002814 -0.005806
0 0.001758 0.003628 -0.003048 -0.007257
0 0.009379 0.017417 -0.018288 -0.034833
0 0.000586 0.000968 -0.000703 -0.001935
0 0.001758 0.003628 -0.003048 -0.007257
0 0.003048 0.007257 -0.005627 -0.014514
0 0.001993 0.003628 -0.003517 -0.007257
0 0.003283 0.006047 -0.006096 -0.012095
0 0.001758 0.003628 -0.003048 -0.007257
0 0.003048 0.007257 -0.005627 -0.014514
0 0.003400 0.006773 -0.006331 -0.013546
0 0.003283 0.006047 -0.006096 -0.012095
0 0.001758 0.003628 -0.003048 -0.007257
0 0.001993 0.003628 -0.003517 -0.007257
0 0.003048 0.007257 -0.005627 -0.014514
0 0.003048 0.007257 -0.005627 -0.014514
0 0.001758 0.003628 -0.003048 -0.007257
0 0.001758 0.003628 -0.003048 -0.007257
0 0.001758 0.003628 -0.003048 -0.007257
0 0.003048 0.007257 -0.005627 -0.014514
0 0.003283 0.006047 -0.006096 -0.012095
0 0.003283 0.006047 -0.006096 -0.012095
0 0.003048 0.007257 -0.005627 -0.014514
0 0.005275 0.012095 -0.010082 -0.024190
0 0.001641 0.002903 -0.002814 -0.005806
0 0.009379 0.017417 -0.018288 -0.034833
0 0.001641 0.002903 -0.002814 -0.005806
0 0.001758 0.003628 -0.003048 -0.007257
0 0.000586 0.000968 -0.000703 -0.001935
0 0.000586 0.000968 -0.000703 -0.001935
0 0.001758 0.003628 -0.003048 -0.007257
0 0.004455 0.010885 -0.008441 -0.021771
0 0.003048 0.007257 -0.005627 -0.014514
0 0.005275 0.012095 -0.010082 -0.024190
0 0.003869 0.008950 -0.007268 -0.017900
0 0.001758 0.003628 -0.003048 -0.007257
0 0.009379 0.017417 -0.018288 -0.034833
0 0.001758 0.003628 -0.003048 -0.007257
0 0.001758 0.003628 -0.003048 -0.007257
0 0.003048 0.007257 -0.005627 -0.014514
0 0.003048 0.007257 -0.005627 -0.014514
0 0.001758 0.003628 -0.003048 -0.007257
0 0.001758 0.003628 -0.003048 -0.007257
0 0.000586 0.000968 -0.000703 -0.001935
0 0.001993 0.003628 -0.003517 -0.007257
0 0.001758 0.003628 -0.003048 -0.007257
0 0.001758 0.003628 -0.003048 -0.007257
0 0.003048 0.007257 -0.005627 -0.014514
0 0.001993 0.003628 -0.003517 -0.007257
0 0.001758 0.003628 -0.003048 -0.007257
0 0.001641 0.002903 -0.002814 -0.005806
0 0.001758 0.003628 -0.003048 -0.007257
0 0.003283 0.006047 -0.006096 -0.012095
0 0.003048 0.007257 -0.005627 -0.014514
0 0.001993 0.003628 -0.003517 -0.007257
0 0.001993 0.003628 -0.003517 -0.007257
0 0.001758 0.003628 -0.003048 -0.007257
0 0.001641 0.002903 -0.002814 -0.005806
0 0.001758 0.003628 -0.003048 -0.007257
0 0.001758 0.003628 -0.003048 -0.007257
0 0.001641 0.002903 -0.002814 -0.005806
0 0.003048 0.007257 -0.005627 -0.014514
0 0.006565 0.019110 -0.012661 -0.038220
0 0.001641 0.002903 -0.002814 -0.005806
0 0.001758 0.003628 -0.003048 -0.007257
0 0.005275 0.012095 -0.010082 -0.024190
0 0.006565 0.019110 -0.012661 -0.038220
0 0.001641 0.002903 -0.002814 -0.005806
0 0.001758 0.003628 -0.003048 -0.007257
0 0.003048 0.007257 -0.005627 -0.014514
0 0.003048 0.007257 -0.005627 -0.014514
0 0.003400 0.007499 -0.006331 -0.014998
0 0.001758 0.003628 -0.003048 -0.007257
0 0.001758 0.003628 -0.003048 -0.007257
0 0.001758 0.003628 -0.003048 -0.007257
0 0.001758 0.003628 -0.003048 -0.007257
0 0.000586 0.000968 -0.000703 -0.001935
0 0.001758 0.003628 -0.003048 -0.007257
0 0.001758 0.003628 -0.003048 -0.007257
0 0.003048 0.007257 -0.005627 -0.014514
0 0.001758 0.003628 -0.003048 -0.007257
0 0.001993 0.003628 -0.003517 -0.007257
0 0.001993 0.003628 -0.003517 -0.007257
0 0.003283 0.006047 -0.006096 -0.012095
0 0.002462 0.004838 -0.004455 -0.009676
0 0.001641 0.002903 -0.002814 -0.005806
0 0.000586 0.000968 -0.000703 -0.001935
0 0.001641 0.002903 -0.002814 -0.005806
0 0.001758 0.003628 -0.003048 -0.007257
0 0.001758 0.003628 -0.003048 -0.007257
0 0.001641 0.002903 -0.002814 -0.005806
0 0.001758 0.003628 -0.003048 -0.007257
0 0.003048 0.007257 -0.005627 -0.014514
0 0.001993 0.003628 -0.003517 -0.007257
0 0.003048 0.007257 -0.005627 -0.014514
0 0.000586 0.000968 -0.000703 -0.001935
0 0.003869 0.008950 -0.007268 -0.017900
0 0.003048 0.007257 -0.005627 -0.014514
0 0.001758 0.003628 -0.003048 -0.007257
0 0.000586 0.000968 -0.000703 -0.001935
0 0.001758 0.003628 -0.003048 -0.007257
0 0.001758 0.003628 -0.003048 -0.007257
0 0.001993 0.003628 -0.003517 -0.007257
0 0.003048 0.007257 -0.005627 -0.014514
0 0.001993 0.003628 -0.003517 -0.007257
0 0.003048 0.007257 -0.005627 -0.014514
0 0.001993 0.003628 -0.003517 -0.007257
0 0.003869 0.008950 -0.007268 -0.017900
0 0.006565 0.019110 -0.012661 -0.038220
0 0.001641 0.002903 -0.002814 -0.005806
0 0.003048 0.007257 -0.005627 -0.014514
0 0.001758 0.003628 -0.003048 -0.007257
0 0.001758 0.003628 -0.003048 -0.007257
0 0.001758 0.003628 -0.003048 -0.007257
0 0.003869 0.008950 -0.007268 -0.017900
0 0.001993 0.003628 -0.003517 -0.007257
0 0.003869 0.008950 -0.007268 -0.017900
0 0.003869 0.008950 -0.007268 -0.017900
0 0.000586 0.000968 -0.000703 -0.001935
0 0.001758 0.003628 -0.003048 -0.007257
0 0.001993 0.003628 -0.003517 -0.007257
0 0.003283 0.006047 -0.006096 -0.012095
0 0.003048 0.007257 -0.005627 -0.014514
0 0.006565 0.019110 -0.012661 -0.038220
0 0.003048 0.007257 -0.005627 -0.014514
0 0.009379 0.017417 -0.018288 -0.034833
0 0.001758 0.003628 -0.003048 -0.007257
0 0.001758 0.003628 -0.003048 -0.007257
0 0.001993 0.003628 -0.003517 -0.007257
0 0.001993 0.003628 -0.003517 -0.007257
0 0.006565 0.019110 -0.012661 -0.038220
0 0.003048 0.007257 -0.005627 -0.014514
0 0.001758 0.003145 -0.003048 -0.006289
0 0.003869 0.008950 -0.007268 -0.017900
0 0.001758 0.003628 -0.003048 -0.007257
0 0.003283 0.006047 -0.006096 -0.012095
0 0.001641 0.002903 -0.002814 -0.005806
0 0.003048 0.007257 -0.005627 -0.014514
0 0.001993 0.003628 -0.003517 -0.007257
0 0.003048 0.007257 -0.005627 -0.014514
0 0.001993 0.003628 -0.003517 -0.007257
0 0.001641 0.002903 -0.002814 -0.005806
0 0.003048 0.007257 -0.005627 -0.014514
0 0.000586 0.000968 -0.000703 -0.001935
0 0.003869 0.008950 -0.007268 -0.017900
0 0.003048 0.007257 -0.005627 -0.014514
0 0.000586 0.000968 -0.000703 -0.001935
0 0.003869 0.008950 -0.007268 -0.017900
0 0.006565 0.019110 -0.012661 -0.038220
0 0.001993 0.003628 -0.003517 -0.007257
0 0.000586 0.000968 -0.000703 -0.001935
0 0.001758 0.003628 -0.003048 -0.007257
0 0.003048 0.007257 -0.005627 -0.014514
0 0.003869 0.008950 -0.007268 -0.017900
0 0.003869 0.008950 -0.007268 -0.017900
0 0.000586 0.000968 -0.000703 -0.001935
0 0.001758 0.003628 -0.003048 -0.007257
0 0.001758 0.003628 -0.003048 -0.007257
0 0.001641 0.002903 -0.002814 -0.005806
0 0.009379 0.017417 -0.018288 -0.034833
0 0.001758 0.003628 -0.003048 -0.007257
0 0.001641 0.002903 -0.002814 -0.005806
0 0.001758 0.003628 -0.003048 -0.007257
0 0.006565 0.019110 -0.012661 -0.038220
0 0.001758 0.003628 -0.003048 -0.007257
0 0.000586 0.000968 -0.000703 -0.001935
0 0.009379 0.017417 -0.018288 -0.034833
0 0.001758 0.003628 -0.003048 -0.007257
0 0.001993 0.003628 -0.003517 -0.007257
0 0.001758 0.003628 -0.003048 -0.007257
0 0.001758 0.003628 -0.003048 -0.007257
0 0.001758 0.003628 -0.003048 -0.007257
0 0.003048 0.007257 -0.005627 -0.014514
0 0.006565 0.019110 -0.012661 -0.038220
0 0.001758 0.003628 -0.003048 -0.007257
0 0.009379 0.017417 -0.018288 -0.034833
0 0.009379 0.017417 -0.018288 -0.034833
0 0.001758 0.003628 -0.003048 -0.007257
0 0.001758 0.003628 -0.003048 -0.007257
0 0.000586 0.000968 -0.000703 -0.001935
0 0.006565 0.019110 -0.012661 -0.038220
0 0.000586 0.000968 -0.000703 -0.001935
0 0.001758 0.003628 -0.003048 -0.007257
0 0.006565 0.019110 -0.012661 -0.038220
0 0.001758 0.003628 -0.003048 -0.007257
0 0.001758 0.003628 -0.003048 -0.007257
0 0.001758 0.003628 -0.003048 -0.007257
0 0.001641 0.002903 -0.002814 -0.005806
0 0.003048 0.007257 -0.005627 -0.014514
0 0.006565 0.019110 -0.012661 -0.038220
0 0.001993 0.003628 -0.003517 -0.007257
0 0.000586 0.000968 -0.000703 -0.001935
0 0.000586 0.000968 -0.000703 -0.001935
0 0.001758 0.003628 -0.003048 -0.007257
0 0.009379 0.017417 -0.018288 -0.034833
0 0.003283 0.006047 -0.006096 -0.012095
0 0.009379 0.017417 -0.018288 -0.034833
0 0.003283 0.006047 -0.006096 -0.012095
0 0.009379 0.017417 -0.018288 -0.034833
0 0.001758 0.003628 -0.003048 -0.007257
0 0.001641 0.002903 -0.002814 -0.005806
0 0.003048 0.007257 -0.005627 -0.014514
0 0.003048 0.007257 -0.005627 -0.014514
0 0.003048 0.007257 -0.005627 -0.014514
0 0.001758 0.003628 -0.003048 -0.007257
0 0.003283 0.006047 -0.006096 -0.012095
0 0.001641 0.002903 -0.002814 -0.005806
0 0.003869 0.008950 -0.007268 -0.017900
0 0.003048 0.007257 -0.005627 -0.014514
0 0.000586 0.000968 -0.000703 -0.001935
0 0.003048 0.007257 -0.005627 -0.014514
0 0.009379 0.017417 -0.018288 -0.034833
0 0.009379 0.017417 -0.018288 -0.034833
0 0.001758 0.003628 -0.003048 -0.007257
0 0.001758 0.003628 -0.003048 -0.007257
0 0.003048 0.007257 -0.005627 -0.014514
0 0.009379 0.017417 -0.018288 -0.034833
0 0.004103 0.009192 -0.007737 -0.018384
0 0.000586 0.000968 -0.000703 -0.001935
0 0.003048 0.007257 -0.005627 -0.014514
0 0.000586 0.000968 -0.000703 -0.001935
0 0.003048 0.007257 -0.005627 -0.014514
0 0.001993 0.003628 -0.003517 -0.007257
0 0.001641 0.002903 -0.002814 -0.005806
0 0.000586 0.000968 -0.000703 -0.001935
0 0.001993 0.003628 -0.003517 -0.007257
0 0.003869 0.008950 -0.007268 -0.017900
0 0.000586 0.000968 -0.000703 -0.001935
0 0.003283 0.006047 -0.006096 -0.012095
0 0.003048 0.007257 -0.005627 -0.014514
0 0.001758 0.003628 -0.003048 -0.007257
0 0.001758 0.003628 -0.003048 -0.007257
0 0.001758 0.003628 -0.003048 -0.007257
0 0.003048 0.007257 -0.005627 -0.014514
0 0.001641 0.002903 -0.002814 -0.005806
0 0.001758 0.003628 -0.003048 -0.007257
0 0.003048 0.007257 -0.005627 -0.014514
0 0.009379 0.017417 -0.018288 -0.034833
0 0.000586 0.000968 -0.000703 -0.001935
0 0.000586 0.000968 -0.000703 -0.001935
0 0.001641 0.002903 -0.002814 -0.005806
0 0.001758 0.003628 -0.003048 -0.007257
0 0.001993 0.003628 -0.003517 -0.007257
0 0.001758 0.003628 -0.003048 -0.007257
0 0.003048 0.007257 -0.005627 -0.014514
0 0.001758 0.003628 -0.003048 -0.007257
0 0.000586 0.000968 -0.000703 -0.001935
0 0.000586 0.000968 -0.000703 -0.001935
0 0.001758 0.003628 -0.003048 -0.007257
0 0.003869 0.008950 -0.007268 -0.017900
0 0.003048 0.007257 -0.005627 -0.014514
0 0.003048 0.007257 -0.005627 -0.014514
0 0.002462 0.004838 -0.004455 -0.009676
0 0.003048 0.007257 -0.005627 -0.014514
0 0.001641 0.002903 -0.002814 -0.005806
0 0.000586 0.000968 -0.000703 -0.001935
0 0.001641 0.002903 -0.002814 -0.005806
0 0.003048 0.007257 -0.005627 -0.014514
0 0.000586 0.000968 -0.000703 -0.001935
0 0.003048 0.007257 -0.005627 -0.014514
0 0.001758 0.003628 -0.003048 -0.007257
0 0.003048 0.007257 -0.005627 -0.014514
0 0.001641 0.002903 -0.002814 -0.005806
0 0.000586 0.000968 -0.000703 -0.001935
0 0.003283 0.006047 -0.006096 -0.012095
0 0.001993 0.003628 -0.003517 -0.007257
0 0.001758 0.003628 -0.003048 -0.007257
0 0.000586 0.000968 -0.000703 -0.001935
0 0.001758 0.003628 -0.003048 -0.007257
0 0.003400 0.007499 -0.006331 -0.014998
0 0.001758 0.003628 -0.003048 -0.007257
0 0.003048 0.007257 -0.005627 -0.014514
0 0.006565 0.019110 -0.012661 -0.038220
0 0.003869 0.008950 -0.007268 -0.017900
0 0.001758 0.003628 -0.003048 -0.007257
0 0.003048 0.007257 -0.005627 -0.014514
0 0.001641 0.002903 -0.002814 -0.005806
0 0.003048 0.007257 -0.005627 -0.014514
0 0.001641 0.002903 -0.002814 -0.005806
0 0.003048 0.007257 -0.005627 -0.014514
0 0.003048 0.007257 -0.005627 -0.014514
0 0.001641 0.002903 -0.002814 -0.005806
0 0.001758 0.003628 -0.003048 -0.007257
0 0.001993 0.003628 -0.003517 -0.007257
0 0.001758 0.003628 -0.003048 -0.007257
0 0.001758 0.003628 -0.003048 -0.007257
0 0.001641 0.002903 -0.002814 -0.005806
0 0.001641 0.002903 -0.002814 -0.005806
0 0.003283 0.006047 -0.006096 -0.012095
0 0.001758 0.003628 -0.003048 -0.007257
0 0.002579 0.004838 -0.004689 -0.009676
0 0.003048 0.007257 -0.005627 -0.014514
0 0.001993 0.003628 -0.003517 -0.007257
0 0.001758 0.003628 -0.003048 -0.007257
0 0.000586 0.000968 -0.000703 -0.001935
0 0.000586 0.000968 -0.000703 -0.001935
0 0.001993 0.003628 -0.003517 -0.007257
0 0.001641 0.002903 -0.002814 -0.005806
0 0.003283 0.006047 -0.006096 -0.012095
0 0.001758 0.003628 -0.003048 -0.007257
0 0.001758 0.003628 -0.003048 -0.007257
0 0.001993 0.003628 -0.003517 -0.007257
0 0.003048 0.007257 -0.005627 -0.014514
0 0.001758 0.003628 -0.003048 -0.007257
0 0.003048 0.007257 -0.005627 -0.014514
0 0.003048 0.007257 -0.005627 -0.014514
0 0.002462 0.004838 -0.004455 -0.009676
0 0.002579 0.004838 -0.004689 -0.009676
0 0.003283 0.006047 -0.006096 -0.012095
0 0.001758 0.003628 -0.003048 -0.007257
0 0.001758 0.003628 -0.003048 -0.007257
0 0.003283 0.006047 -0.006096 -0.012095
0 0.001758 0.003628 -0.003048 -0.007257
0 0.001641 0.002903 -0.002814 -0.005806
0 0.003048 0.007257 -0.005627 -0.014514
0 0.001758 0.003628 -0.003048 -0.007257
0 0.001641 0.002903 -0.002814 -0.005806
0 0.003048 0.007257 -0.005627 -0.014514
0 0.001758 0.003628 -0.003048 -0.007257
0 0.003048 0.007257 -0.005627 -0.014514
0 0.001758 0.003628 -0.003048 -0.007257
0 0.001758 0.003628 -0.003048 -0.007257
0 0.001993 0.003628 -0.003517 -0.007257
0 0.003869 0.008950 -0.007268 -0.017900
0 0.001758 0.003628 -0.003048 -0.007257
0 0.001758 0.003628 -0.003048 -0.007257
0 0.001993 0.003628 -0.003517 -0.007257
0 0.001641 0.002903 -0.002814 -0.005806
0 0.000586 0.000968 -0.000703 -0.001935
0 0.001758 0.003628 -0.003048 -0.007257
0 0.001758 0.003628 -0.003048 -0.007257
0 0.001758 0.003628 -0.003048 -0.007257
0 0.001641 0.002903 -0.002814 -0.005806
0 0.002931 0.006289 -0.005393 -0.012579
0 0.003048 0.007257 -0.005627 -0.014514
0 0.001641 0.002903 -0.002814 -0.005806
0 0.007972 0.018142 -0.015475 -0.036284
0 0.001758 0.003628 -0.003048 -0.007257
0 0.001641 0.002903 -0.002814 -0.005806
0 0.003048 0.007257 -0.005627 -0.014514
0 0.001758 0.003628 -0.003048 -0.007257
0 0.001758 0.003628 -0.003048 -0.007257
0 0.003869 0.008950 -0.007268 -0.017900
0 0.001758 0.003628 -0.003048 -0.007257
0 0.003048 0.007257 -0.005627 -0.014514
0 0.003869 0.008950 -0.007268 -0.017900
0 0.001758 0.003628 -0.003048 -0.007257
0 0.001758 0.003628 -0.003048 -0.007257
0 0.006565 0.019110 -0.012661 -0.038220
0 0.001758 0.003628 -0.003048 -0.007257
0 0.000586 0.000968 -0.000703 -0.001935
0 0.001641 0.002903 -0.002814 -0.005806
0 0.003048 0.007257 -0.005627 -0.014514
0 0.003869 0.008950 -0.007268 -0.017900
0 0.002462 0.004838 -0.004455 -0.009676
0 0.001993 0.003628 -0.003517 -0.007257
0 0.003869 0.008950 -0.007268 -0.017900
0 0.001641 0.002903 -0.002814 -0.005806
0 0.001641 0.002903 -0.002814 -0.005806
0 0.003048 0.007257 -0.005627 -0.014514
0 0.001758 0.003628 -0.003048 -0.007257
0 0.001758 0.003628 -0.003048 -0.007257
0 0.001758 0.003628 -0.003048 -0.007257
0 0.001758 0.003628 -0.003048 -0.007257
0 0.006565 0.019110 -0.012661 -0.038220
0 0.002227 0.004112 -0.003986 -0.008224
0 0.003048 0.007257 -0.005627 -0.014514
0 0.003048 0.007257 -0.005627 -0.014514
0 0.001641 0.002903 -0.002814 -0.005806
0 0.006565 0.019110 -0.012661 -0.038220
0 0.000586 0.000968 -0.000703 -0.001935
0 0.003048 0.007257 -0.005627 -0.014514
0 0.001993 0.003628 -0.003517 -0.007257
0 0.006565 0.019110 -0.012661 -0.038220
0 0.001758 0.003628 -0.003048 -0.007257
0 0.001758 0.003628 -0.003048 -0.007257
0 0.003048 0.007257 -0.005627 -0.014514
0 0.001758 0.003628 -0.003048 -0.007257
0 0.001758 0.003628 -0.003048 -0.007257
0 0.001758 0.003628 -0.003048 -0.007257
0 0.002462 0.004838 -0.004455 -0.009676
0 0.006565 0.019110 -0.012661 -0.038220
0 0.001758 0.003628 -0.003048 -0.007257
0 0.001758 0.003628 -0.003048 -0.007257
0 0.003048 0.007257 -0.005627 -0.014514
0 0.003048 0.007257 -0.005627 -0.014514
0 0.003283 0.006047 -0.006096 -0.012095
0 0.006565 0.019110 -0.012661 -0.038220
0 0.003048 0.007257 -0.005627 -0.014514
0 0.002814 0.005080 -0.005158 -0.010160
0 0.001758 0.003628 -0.003048 -0.007257
0 0.003048 0.007257 -0.005627 -0.014514
0 0.006565 0.019110 -0.012661 -0.038220
0 0.001993 0.003628 -0.003517 -0.007257
0 0.001641 0.002903 -0.002814 -0.005806
0 0.009379 0.017417 -0.018288 -0.034833
0 0.001758 0.003628 -0.003048 -0.007257
0 0.001993 0.003628 -0.003517 -0.007257
0 0.001993 0.003628 -0.003517 -0.007257
0 0.001758 0.003628 -0.003048 -0.007257
0 0.001758 0.003628 -0.003048 -0.007257
0 0.001641 0.002903 -0.002814 -0.005806
0 0.003048 0.007257 -0.005627 -0.014514
0 0.005275 0.012095 -0.010082 -0.024190
0 0.003048 0.007257 -0.005627 -0.014514
0 0.003048 0.007257 -0.005627 -0.014514
0 0.000586 0.000968 -0.000703 -0.001935
0 0.003048 0.007257 -0.005627 -0.014514
0 0.001993 0.003628 -0.003517 -0.007257
0 0.003283 0.006047 -0.006096 -0.012095
0 0.003048 0.007257 -0.005627 -0.014514
0 0.003048 0.007257 -0.005627 -0.014514
0 0.003283 0.006047 -0.006096 -0.012095
0 0.000586 0.000968 -0.000703 -0.001935
0 0.003048 0.007257 -0.005627 -0.014514
0 0.000586 0.000968 -0.000703 -0.001935
0 0.003048 0.007257 -0.005627 -0.014514
0 0.003048 0.007257 -0.005627 -0.014514
0 0.001758 0.003628 -0.003048 -0.007257
0 0.001641 0.002903 -0.002814 -0.005806
0 0.005275 0.012095 -0.010082 -0.024190
0 0.001641 0.002903 -0.002814 -0.005806
0 0.000586 0.000968 -0.000703 -0.001935
0 0.000586 0.000968 -0.000703 -0.001935
0 0.001993 0.003628 -0.003517 -0.007257
0 0.006565 0.019110 -0.012661 -0.038220
0 0.000586 0.000968 -0.000703 -0.001935
0 0.001758 0.003628 -0.003048 -0.007257
0 0.001758 0.003628 -0.003048 -0.007257
0 0.009379 0.017417 -0.018288 -0.034833
0 0.001758 0.003628 -0.003048 -0.007257
0 0.003048 0.007257 -0.005627 -0.014514
0 0.006565 0.019110 -0.012661 -0.038220
0 0.003869 0.008950 -0.007268 -0.017900
0 0.001758 0.003628 -0.003048 -0.007257
0 0.000586 0.000968 -0.000703 -0.001935
0 0.004103 0.009192 -0.007737 -0.018384
0 0.001641 0.002903 -0.002814 -0.005806
0 0.001758 0.003628 -0.003048 -0.007257
0 0.000586 0.000968 -0.000703 -0.001935
0 0.009379 0.017417 -0.018288 -0.034833
0 0.009379 0.017417 -0.018288 -0.034833
0 0.006565 0.019110 -0.012661 -0.038220
0 0.003048 0.007257 -0.005627 -0.014514
0 0.009379 0.017417 -0.018288 -0.034833
0 0.002462 0.004838 -0.004455 -0.009676
0 0.009379 0.017417 -0.018288 -0.034833
0 0.003048 0.007257 -0.005627 -0.014514
0 0.006565 0.019110 -0.012661 -0.038220
0 0.001758 0.003628 -0.003048 -0.007257
0 0.003048 0.007257 -0.005627 -0.014514
0 0.001758 0.003628 -0.003048 -0.007257
0 0.003283 0.006047 -0.006096 -0.012095
0 0.001758 0.003628 -0.003048 -0.007257
0 0.001758 0.003628 -0.003048 -0.007257
0 0.003048 0.007257 -0.005627 -0.014514
0 0.003048 0.007257 -0.005627 -0.014514
0 0.002345 0.005322 -0.004220 -0.010643
0 0.000586 0.000968 -0.000703 -0.001935
0 0.001993 0.003628 -0.003517 -0.007257
0 0.003869 0.008950 -0.007268 -0.017900
0 0.003048 0.007257 -0.005627 -0.014514
0 0.001641 0.002903 -0.002814 -0.005806
0 0.001758 0.003628 -0.003048 -0.007257
0 0.001641 0.002903 -0.002814 -0.005806
0 0.001641 0.002903 -0.002814 -0.005806
0 0.003869 0.008950 -0.007268 -0.017900
0 0.001758 0.003628 -0.003048 -0.007257
0 0.000586 0.000968 -0.000703 -0.001935
0 0.000586 0.000968 -0.000703 -0.001935
0 0.000586 0.000968 -0.000703 -0.001935
0 0.001758 0.003628 -0.003048 -0.007257
0 0.003048 0.007257 -0.005627 -0.014514
0 0.001758 0.003628 -0.003048 -0.007257
0 0.003048 0.007257 -0.005627 -0.014514
0 0.003048 0.007257 -0.005627 -0.014514
0 0.001758 0.003628 -0.003048 -0.007257
0 0.003048 0.007257 -0.005627 -0.014514
0 0.001641 0.002903 -0.002814 -0.005806
0 0.001758 0.003628 -0.003048 -0.007257
0 0.001758 0.003628 -0.003048 -0.007257
0 0.000586 0.000968 -0.000703 -0.001935
0 0.001758 0.003628 -0.003048 -0.007257
0 0.001758 0.003628 -0.003048 -0.007257
0 0.001641 0.002903 -0.002814 -0.005806
0 0.003048 0.007257 -0.005627 -0.014514
0 0.001758 0.003628 -0.003048 -0.007257
0 0.001993 0.003628 -0.003517 -0.007257
0 0.001993 0.003628 -0.003517 -0.007257
0 0.001641 0.002903 -0.002814 -0.005806
0 0.003869 0.008950 -0.007268 -0.017900
0 0.003283 0.006047 -0.006096 -0.012095
0 0.006565 0.019110 -0.012661 -0.038220
0 0.001993 0.003628 -0.003517 -0.007257
0 0.003048 0.007257 -0.005627 -0.014514
0 0.001993 0.003628 -0.003517 -0.007257
0 0.001758 0.003628 -0.003048 -0.007257
0 0.001758 0.003628 -0.003048 -0.007257
0 0.001758 0.003628 -0.003048 -0.007257
0 0.001758 0.003628 -0.003048 -0.007257
0 0.003048 0.007257 -0.005627 -0.014514
0 0.001641 0.002903 -0.002814 -0.005806
0 0.003048 0.007257 -0.005627 -0.014514
0 0.001758 0.003628 -0.003048 -0.007257
0 0.000586 0.000968 -0.000703 -0.001935
0 0.001641 0.002903 -0.002814 -0.005806
0 0.001758 0.003628 -0.003048 -0.007257
0 0.001758 0.003628 -0.003048 -0.007257
0 0.003048 0.007257 -0.005627 -0.014514
0 0.004103 0.009192 -0.007737 -0.018384
0 0.001758 0.003628 -0.003048 -0.007257
0 0.001641 0.002903 -0.002814 -0.005806
0 0.001758 0.003628 -0.003048 -0.007257
0 0.003283 0.006047 -0.006096 -0.012095
0 0.001758 0.003628 -0.003048 -0.007257
0 0.003048 0.007257 -0.005627 -0.014514
0 0.003283 0.006047 -0.006096 -0.012095
0 0.003283 0.006047 -0.006096 -0.012095
0 0.001758 0.003628 -0.003048 -0.007257
0 0.002462 0.004838 -0.004455 -0.009676
0 0.003869 0.008950 -0.007268 -0.017900
0 0.001641 0.002903 -0.002814 -0.005806
0 0.001758 0.003628 -0.003048 -0.007257
0 0.001758 0.003628 -0.003048 -0.007257
0 0.002814 0.005080 -0.005158 -0.010160
0 0.003400 0.007499 -0.006331 -0.014998
0 0.000586 0.000968 -0.000703 -0.001935
0 0.001758 0.003628 -0.003048 -0.007257
0 0.003048 0.007257 -0.005627 -0.014514
0 0.001758 0.003628 -0.003048 -0.007257
0 0.003869 0.008950 -0.007268 -0.017900
0 0.003048 0.007257 -0.005627 -0.014514
0 0.001758 0.003628 -0.003048 -0.007257
0 0.001641 0.002903 -0.002814 -0.005806
0 0.001758 0.003628 -0.003048 -0.007257
0 0.006565 0.019110 -0.012661 -0.038220
0 0.001758 0.003628 -0.003048 -0.007257
0 0.005275 0.012095 -0.010082 -0.024190
0 0.001641 0.002903 -0.002814 -0.005806
0 0.004807 0.013062 -0.009144 -0.026125
0 0.001641 0.002903 -0.002814 -0.005806
0 0.001758 0.003628 -0.003048 -0.007257
0 0.002110 0.003870 -0.003751 -0.007741
0 0.003517 0.007499 -0.006565 -0.014998
0 0.001758 0.003628 -0.003048 -0.007257
0 0.001993 0.003628 -0.003517 -0.007257
0 0.001758 0.003628 -0.003048 -0.007257
0 0.003048 0.007257 -0.005627 -0.014514
0 0.009379 0.017417 -0.018288 -0.034833
0 0.001758 0.003628 -0.003048 -0.007257
0 0.001758 0.003628 -0.003048 -0.007257
0 0.001758 0.003628 -0.003048 -0.007257
0 0.001758 0.003628 -0.003048 -0.007257
0 0.006565 0.019110 -0.012661 -0.038220
0 0.001758 0.003628 -0.003048 -0.007257
0 0.001758 0.003628 -0.003048 -0.007257
0 0.001758 0.003628 -0.003048 -0.007257
0 0.002462 0.004838 -0.004455 -0.009676
0 0.000586 0.000968 -0.000703 -0.001935
0 0.006565 0.019110 -0.012661 -0.038220
0 0.001641 0.002903 -0.002814 -0.005806
0 0.003048 0.007257 -0.005627 -0.014514
0 0.001758 0.003628 -0.003048 -0.007257
0 0.003048 0.007257 -0.005627 -0.014514
0 0.001758 0.003628 -0.003048 -0.007257
0 0.001758 0.003628 -0.003048 -0.007257
0 0.001758 0.003628 -0.003048 -0.007257
0 0.009379 0.017417 -0.018288 -0.034833
0 0.001641 0.002903 -0.002814 -0.005806
0 0.003048 0.007257 -0.005627 -0.014514
0 0.001758 0.003628 -0.003048 -0.007257
0 0.003048 0.007257 -0.005627 -0.014514
0 0.001758 0.003628 -0.003048 -0.007257
0 0.002931 0.006289 -0.005393 -0.012579
0 0.001641 0.002903 -0.002814 -0.005806
0 0.001758 0.003628 -0.003048 -0.007257
0 0.001758 0.003628 -0.003048 -0.007257
0 0.001758 0.003628 -0.003048 -0.007257
0 0.001758 0.003628 -0.003048 -0.007257
0 0.001758 0.003628 -0.003048 -0.007257
0 0.003869 0.008950 -0.007268 -0.017900
0 0.001758 0.003628 -0.003048 -0.007257
0 0.000586 0.000968 -0.000703 -0.001935
0 0.001758 0.003628 -0.003048 -0.007257
0 0.003283 0.006047 -0.006096 -0.012095
0 0.006565 0.019110 -0.012661 -0.038220
0 0.001758 0.003628 -0.003048 -0.007257
0 0.001758 0.003628 -0.003048 -0.007257
0 0.003048 0.007257 -0.005627 -0.014514
0 0.001641 0.002903 -0.002814 -0.005806
0 0.009379 0.017417 -0.018288 -0.034833
0 0.001758 0.003628 -0.003048 -0.007257
0 0.003048 0.007257 -0.005627 -0.014514
0 0.001641 0.002903 -0.002814 -0.005806
0 0.001758 0.003628 -0.003048 -0.007257
0 0.001758 0.003628 -0.003048 -0.007257
0 0.003283 0.006047 -0.006096 -0.012095
0 0.001758 0.003628 -0.003048 -0.007257
0 0.001993 0.003870 -0.003517 -0.007741
0 0.003048 0.007257 -0.005627 -0.014514
0 0.001758 0.003628 -0.003048 -0.007257
0 0.003283 0.006047 -0.006096 -0.012095
0 0.001758 0.003628 -0.003048 -0.007257
0 0.001758 0.003628 -0.003048 -0.007257
0 0.001758 0.003628 -0.003048 -0.007257
0 0.001758 0.003628 -0.003048 -0.007257
0 0.006565 0.019110 -0.012661 -0.038220
0 0.001758 0.003628 -0.003048 -0.007257
0 0.001993 0.003628 -0.003517 -0.007257
0 0.003283 0.006047 -0.006096 -0.012095
0 0.001641 0.002903 -0.002814 -0.005806
0 0.009379 0.017417 -0.018288 -0.034833
0 0.001758 0.003628 -0.003048 -0.007257
0 0.009379 0.017417 -0.018288 -0.034833
0 0.001993 0.003628 -0.003517 -0.007257
0 0.001993 0.003628 -0.003517 -0.007257
0 0.002931 0.005322 -0.005393 -0.010643
0 0.001758 0.003628 -0.003048 -0.007257
0 0.003048 0.007257 -0.005627 -0.014514
0 0.001758 0.003628 -0.003048 -0.007257
0 0.006565 0.019110 -0.012661 -0.038220
0 0.002814 0.005080 -0.005158 -0.010160
0 0.001758 0.003628 -0.003048 -0.007257
0 0.001758 0.003628 -0.003048 -0.007257
0 0.001758 0.003628 -0.003048 -0.007257
0 0.003048 0.007257 -0.005627 -0.014514
0 0.006565 0.019110 -0.012661 -0.038220
0 0.001641 0.002903 -0.002814 -0.005806
0 0.001993 0.003628 -0.003517 -0.007257
0 0.003283 0.006047 -0.006096 -0.012095
0 0.001758 0.003628 -0.003048 -0.007257
0 0.001758 0.003628 -0.003048 -0.007257
0 0.001758 0.003628 -0.003048 -0.007257
0 0.001641 0.002903 -0.002814 -0.005806
0 0.001758 0.003628 -0.003048 -0.007257
0 0.006565 0.019110 -0.012661 -0.038220
0 0.006565 0.019110 -0.012661 -0.038220
0 0.001641 0.002903 -0.002814 -0.005806
0 0.000586 0.000968 -0.000703 -0.001935
0 0.001758 0.003628 -0.003048 -0.007257
0 0.000586 0.000968 -0.000703 -0.001935
0 0.001641 0.002903 -0.002814 -0.005806
0 0.001758 0.003628 -0.003048 -0.007257
0 0.001758 0.003628 -0.003048 -0.007257
0 0.001758 0.003628 -0.003048 -0.007257
0 0.001641 0.002903 -0.002814 -0.005806
0 0.000586 0.000968 -0.000703 -0.001935
0 0.001758 0.003628 -0.003048 -0.007257
0 0.001641 0.002903 -0.002814 -0.005806
0 0.003283 0.006047 -0.006096 -0.012095
0 0.003869 0.008950 -0.007268 -0.017900
0 0.001641 0.002903 -0.002814 -0.005806
0 0.009379 0.017417 -0.018288 -0.034833
0 0.003283 0.006047 -0.006096 -0.012095
0 0.005275 0.012095 -0.010082 -0.024190
0 0.003048 0.007257 -0.005627 -0.014514
0 0.001993 0.003628 -0.003517 -0.007257
0 0.001758 0.003628 -0.003048 -0.007257
0 0.001641 0.002903 -0.002814 -0.005806
0 0.003048 0.007257 -0.005627 -0.014514
0 0.003048 0.007257 -0.005627 -0.014514
0 0.003048 0.007257 -0.005627 -0.014514
0 0.001758 0.003628 -0.003048 -0.007257
0 0.005275 0.012095 -0.010082 -0.024190
0 0.001758 0.003628 -0.003048 -0.007257
0 0.003048 0.007257 -0.005627 -0.014514
0 0.001758 0.003628 -0.003048 -0.007257
0 0.006565 0.019110 -0.012661 -0.038220
0 0.001993 0.003628 -0.003517 -0.007257
0 0.003869 0.008950 -0.007268 -0.017900
0 0.000586 0.000968 -0.000703 -0.001935
0 0.001641 0.002903 -0.002814 -0.005806
0 0.001758 0.003628 -0.003048 -0.007257
0 0.003869 0.008950 -0.007268 -0.017900
0 0.001758 0.003628 -0.003048 -0.007257
0 0.003048 0.007257 -0.005627 -0.014514
0 0.001758 0.003628 -0.003048 -0.007257
0 0.006565 0.019110 -0.012661 -0.038220
0 0.000586 0.000968 -0.000703 -0.001935
0 0.001758 0.003628 -0.003048 -0.007257
0 0.006565 0.019110 -0.012661 -0.038220
0 0.001641 0.002903 -0.002814 -0.005806
0 0.001758 0.003628 -0.003048 -0.007257
0 0.001758 0.003628 -0.003048 -0.007257
0 0.001876 0.003387 -0.003283 -0.006773
0 0.003048 0.007257 -0.005627 -0.014514
0 0.003048 0.007257 -0.005627 -0.014514
0 0.001758 0.003628 -0.003048 -0.007257
0 0.001758 0.003628 -0.003048 -0.007257
0 0.001993 0.003628 -0.003517 -0.007257
0 0.002227 0.003870 -0.003986 -0.007741
0 0.003048 0.007257 -0.005627 -0.014514
0 0.004807 0.013062 -0.009144 -0.026125
0 0.001641 0.002903 -0.002814 -0.005806
0 0.003283 0.006047 -0.006096 -0.012095
0 0.001758 0.003628 -0.003048 -0.007257
0 0.006565 0.019110 -0.012661 -0.038220
0 0.003048 0.007257 -0.005627 -0.014514
0 0.000586 0.000968 -0.000703 -0.001935
0 0.001993 0.003628 -0.003517 -0.007257
0 0.003048 0.007257 -0.005627 -0.014514
0 0.001758 0.003628 -0.003048 -0.007257
0 0.003048 0.007257 -0.005627 -0.014514
0 0.001758 0.003628 -0.003048 -0.007257
0 0.001758 0.003628 -0.003048 -0.007257
0 0.003283 0.006047 -0.006096 -0.012095
0 0.001758 0.003628 -0.003048 -0.007257
0 0.003048 0.007257 -0.005627 -0.014514
0 0.003048 0.007257 -0.005627 -0.014514
0 0.003048 0.007257 -0.005627 -0.014514
0 0.006565 0.019110 -0.012661 -0.038220
0 0.006565 0.019110 -0.012661 -0.038220
0 0.001641 0.002903 -0.002814 -0.005806
0 0.001758 0.003628 -0.003048 -0.007257
0 0.003048 0.007257 -0.005627 -0.014514
0 0.009379 0.017417 -0.018288 -0.034833
0 0.000586 0.000968 -0.000703 -0.001935
0 0.001758 0.003628 -0.003048 -0.007257
0 0.001758 0.003628 -0.003048 -0.007257
0 0.001758 0.003628 -0.003048 -0.007257
0 0.003869 0.008950 -0.007268 -0.017900
0 0.003048 0.007257 -0.005627 -0.014514
0 0.003048 0.007257 -0.005627 -0.014514
0 0.001758 0.003628 -0.003048 -0.007257
0 0.003048 0.007257 -0.005627 -0.014514
0 0.003048 0.007257 -0.005627 -0.014514
0 0.000586 0.000968 -0.000703 -0.001935
0 0.003048 0.007257 -0.005627 -0.014514
0 0.001758 0.003628 -0.003048 -0.007257
0 0.001758 0.003628 -0.003048 -0.007257
0 0.003048 0.007257 -0.005627 -0.014514
0 0.006565 0.019110 -0.012661 -0.038220