0 0.008125 0.014444 -0.013750 -0.028889
0 0.013125 0.025556 -0.023750 -0.051111
0 0.011875 0.024444 -0.021250 -0.048889
0 0.008750 0.015556 -0.015000 -0.031111
0 0.013125 0.025556 -0.023750 -0.051111
0 0.008750 0.015556 -0.015000 -0.031111
0 0.008125 0.014444 -0.013750 -0.028889
0 0.013125 0.025556 -0.023750 -0.051111
0 0.011875 0.024444 -0.021250 -0.048889
0 0.008125 0.014444 -0.013750 -0.028889
0 0.008750 0.015556 -0.015000 -0.031111
0 0.008125 0.014444 -0.013750 -0.028889
0 0.008750 0.015556 -0.015000 -0.031111
0 0.008125 0.014444 -0.013750 -0.028889
0 0.008125 0.014444 -0.013750 -0.028889
0 0.008125 0.014444 -0.013750 -0.028889
0 0.008750 0.015556 -0.015000 -0.031111
0 0.013125 0.025556 -0.023750 -0.051111
0 0.008125 0.014444 -0.013750 -0.028889
0 0.008750 0.015556 -0.015000 -0.031111
0 0.010625 0.020000 -0.018750 -0.040000
0 0.008125 0.014444 -0.013750 -0.028889
0 0.008125 0.014444 -0.013750 -0.028889
0 0.013125 0.025556 -0.023750 -0.051111
0 0.011875 0.024444 -0.021250 -0.048889
0 0.010625 0.020000 -0.018750 -0.040000
0 0.011875 0.024444 -0.021250 -0.048889
0 0.013125 0.025556 -0.023750 -0.051111
0 0.008750 0.015556 -0.015000 -0.031111
0 0.008750 0.015556 -0.015000 -0.031111
0 0.008125 0.014444 -0.013750 -0.028889
0 0.012500 0.024444 -0.022500 -0.048889
0 0.013125 0.025556 -0.023750 -0.051111
0 0.013125 0.025556 -0.023750 -0.051111
0 0.008125 0.014444 -0.013750 -0.028889
0 0.013125 0.025556 -0.023750 -0.051111
0 0.008125 0.014444 -0.013750 -0.028889
0 0.008125 0.014444 -0.013750 -0.028889
0 0.008125 0.014444 -0.013750 -0.028889
0 0.008750 0.015556 -0.015000 -0.031111
0 0.008125 0.014444 -0.013750 -0.028889
0 0.008125 0.014444 -0.013750 -0.028889
0 0.008750 0.015556 -0.015000 -0.031111
0 0.008750 0.015556 -0.015000 -0.031111
0 0.011875 0.024444 -0.021250 -0.048889
0 0.013125 0.025556 -0.023750 -0.051111
0 0.011875 0.024444 -0.021250 -0.048889
0 0.013125 0.025556 -0.023750 -0.051111
0 0.008125 0.014444 -0.013750 -0.028889
0 0.008125 0.014444 -0.013750 -0.028889
0 0.010625 0.020000 -0.018750 -0.040000
0 0.008125 0.014444 -0.013750 -0.028889
0 0.013125 0.025556 -0.023750 -0.051111
0 0.008125 0.014444 -0.013750 -0.028889
0 0.008125 0.014444 -0.013750 -0.028889
0 0.013125 0.025556 -0.023750 -0.051111
0 0.008750 0.015556 -0.015000 -0.031111
0 0.013125 0.025556 -0.023750 -0.051111
0 0.008750 0.015556 -0.015000 -0.031111
0 0.011875 0.024444 -0.021250 -0.048889
0 0.013125 0.025556 -0.023750 -0.051111
0 0.013125 0.025556 -0.023750 -0.051111
0 0.011875 0.024444 -0.021250 -0.048889
0 0.013125 0.025556 -0.023750 -0.051111
0 0.009375 0.017778 -0.016250 -0.035556
0 0.013125 0.025556 -0.023750 -0.051111
0 0.013125 0.025556 -0.023750 -0.051111
0 0.013125 0.025556 -0.023750 -0.051111
0 0.011875 0.024444 -0.021250 -0.048889
0 0.008125 0.014444 -0.013750 -0.028889
0 0.013125 0.025556 -0.023750 -0.051111
0 0.011875 0.024444 -0.021250 -0.048889
0 0.008125 0.014444 -0.013750 -0.028889
0 0.008750 0.015556 -0.015000 -0.031111
0 0.008750 0.015556 -0.015000 -0.031111
0 0.008750 0.015556 -0.015000 -0.031111
0 0.013125 0.025556 -0.023750 -0.051111
0 0.008125 0.014444 -0.013750 -0.028889
0 0.008750 0.015556 -0.015000 -0.031111
0 0.013125 0.025556 -0.023750 -0.051111
0 0.008750 0.015556 -0.015000 -0.031111
0 0.008125 0.014444 -0.013750 -0.028889
0 0.008125 0.014444 -0.013750 -0.028889
0 0.008125 0.014444 -0.013750 -0.028889
0 0.010625 0.022222 -0.018750 -0.044444
0 0.013125 0.025556 -0.023750 -0.051111
0 0.013125 0.025556 -0.023750 -0.051111
0 0.008125 0.014444 -0.013750 -0.028889
0 0.008125 0.014444 -0.013750 -0.028889
0 0.009375 0.016667 -0.016250 -0.033333
0 0.008125 0.014444 -0.013750 -0.028889
0 0.008125 0.014444 -0.013750 -0.028889
0 0.008125 0.014444 -0.013750 -0.028889
0 0.008125 0.014444 -0.013750 -0.028889
0 0.008125 0.014444 -0.013750 -0.028889
0 0.013125 0.025556 -0.023750 -0.051111
0 0.011875 0.024444 -0.021250 -0.048889
0 0.008125 0.014444 -0.013750 -0.028889
0 0.008750 0.015556 -0.015000 -0.031111
0 0.008750 0.015556 -0.015000 -0.031111
0 0.013125 0.025556 -0.023750 -0.051111
0 0.008750 0.015556 -0.015000 -0.031111
0 0.008750 0.015556 -0.015000 -0.031111
0 0.008125 0.014444 -0.013750 -0.028889
0 0.008125 0.014444 -0.013750 -0.028889
0 0.008125 0.014444 -0.013750 -0.028889
0 0.008125 0.014444 -0.013750 -0.028889
0 0.008125 0.014444 -0.013750 -0.028889
0 0.008125 0.014444 -0.013750 -0.028889
0 0.008125 0.014444 -0.013750 -0.028889
0 0.008125 0.014444 -0.013750 -0.028889
0 0.008750 0.015556 -0.015000 -0.031111
0 0.008125 0.014444 -0.013750 -0.028889
0 0.008125 0.014444 -0.013750 -0.028889
0 0.011875 0.024444 -0.021250 -0.048889
0 0.008125 0.014444 -0.013750 -0.028889
0 0.008125 0.014444 -0.013750 -0.028889
0 0.008125 0.014444 -0.013750 -0.028889
0 0.008750 0.015556 -0.015000 -0.031111
0 0.008125 0.014444 -0.013750 -0.028889
0 0.008750 0.015556 -0.015000 -0.031111
0 0.011875 0.024444 -0.021250 -0.048889
0 0.008125 0.014444 -0.013750 -0.028889
0 0.008750 0.015556 -0.015000 -0.031111
0 0.013125 0.025556 -0.023750 -0.051111
0 0.013125 0.025556 -0.023750 -0.051111
0 0.008125 0.014444 -0.013750 -0.028889
0 0.013125 0.025556 -0.023750 -0.051111
0 0.008125 0.014444 -0.013750 -0.028889
0 0.008125 0.014444 -0.013750 -0.028889
0 0.008125 0.014444 -0.013750 -0.028889
0 0.011875 0.024444 -0.021250 -0.048889
0 0.008125 0.014444 -0.013750 -0.028889
0 0.008125 0.014444 -0.013750 -0.028889
0 0.011875 0.024444 -0.021250 -0.048889
0 0.011875 0.024444 -0.021250 -0.048889
0 0.008125 0.014444 -0.013750 -0.028889
0 0.008750 0.015556 -0.015000 -0.031111
0 0.008125 0.014444 -0.013750 -0.028889
0 0.008125 0.014444 -0.013750 -0.028889
0 0.008750 0.015556 -0.015000 -0.031111
0 0.013125 0.025556 -0.023750 -0.051111
0 0.011875 0.024444 -0.021250 -0.048889
0 0.011875 0.024444 -0.021250 -0.048889
0 0.008125 0.014444 -0.013750 -0.028889
0 0.008125 0.014444 -0.013750 -0.028889
0 0.008125 0.014444 -0.013750 -0.028889
0 0.011875 0.024444 -0.021250 -0.048889
0 0.008125 0.014444 -0.013750 -0.028889
0 0.008750 0.015556 -0.015000 -0.031111
0 0.013125 0.025556 -0.023750 -0.051111
0 0.011875 0.024444 -0.021250 -0.048889
0 0.013125 0.025556 -0.023750 -0.051111
0 0.008125 0.014444 -0.013750 -0.028889
0 0.008750 0.015556 -0.015000 -0.031111
0 0.008125 0.014444 -0.013750 -0.028889
0 0.008125 0.014444 -0.013750 -0.028889
0 0.008125 0.014444 -0.013750 -0.028889
0 0.008125 0.014444 -0.013750 -0.028889
0 0.013125 0.025556 -0.023750 -0.051111
0 0.008125 0.014444 -0.013750 -0.028889
0 0.008125 0.014444 -0.013750 -0.028889
0 0.011875 0.024444 -0.021250 -0.048889
0 0.008125 0.014444 -0.013750 -0.028889
0 0.011875 0.024444 -0.021250 -0.048889
0 0.008125 0.014444 -0.013750 -0.028889
0 0.011875 0.024444 -0.021250 -0.048889
0 0.008750 0.015556 -0.015000 -0.031111
0 0.008750 0.015556 -0.015000 -0.031111
0 0.008125 0.014444 -0.013750 -0.028889
0 0.011875 0.024444 -0.021250 -0.048889
0 0.008750 0.015556 -0.015000 -0.031111
0 0.008125 0.014444 -0.013750 -0.028889
0 0.008125 0.014444 -0.013750 -0.028889
0 0.008125 0.014444 -0.013750 -0.028889
0 0.013125 0.025556 -0.023750 -0.051111
0 0.013125 0.025556 -0.023750 -0.051111
0 0.008125 0.014444 -0.013750 -0.028889
0 0.008750 0.015556 -0.015000 -0.031111
0 0.008125 0.014444 -0.013750 -0.028889
0 0.013125 0.025556 -0.023750 -0.051111
0 0.008125 0.014444 -0.013750 -0.028889
0 0.013125 0.025556 -0.023750 -0.051111
0 0.008750 0.015556 -0.015000 -0.031111
0 0.008750 0.015556 -0.015000 -0.031111
0 0.011875 0.024444 -0.021250 -0.048889
0 0.011875 0.024444 -0.021250 -0.048889
0 0.008125 0.014444 -0.013750 -0.028889
0 0.013125 0.025556 -0.023750 -0.051111
0 0.008125 0.014444 -0.013750 -0.028889
0 0.008125 0.014444 -0.013750 -0.028889
0 0.008125 0.014444 -0.013750 -0.028889
0 0.008750 0.015556 -0.015000 -0.031111
0 0.013125 0.025556 -0.023750 -0.051111
0 0.011875 0.024444 -0.021250 -0.048889
0 0.013125 0.025556 -0.023750 -0.051111
0 0.008125 0.014444 -0.013750 -0.028889
0 0.008750 0.015556 -0.015000 -0.031111
0 0.013125 0.025556 -0.023750 -0.051111
0 0.008125 0.014444 -0.013750 -0.028889
0 0.008125 0.014444 -0.013750 -0.028889
0 0.008125 0.014444 -0.013750 -0.028889
0 0.008125 0.014444 -0.013750 -0.028889
0 0.008125 0.014444 -0.013750 -0.028889
0 0.008125 0.014444 -0.013750 -0.028889
0 0.008125 0.014444 -0.013750 -0.028889
0 0.008750 0.015556 -0.015000 -0.031111
0 0.011875 0.024444 -0.021250 -0.048889
0 0.011875 0.024444 -0.021250 -0.048889
0 0.011875 0.024444 -0.021250 -0.048889
0 0.008750 0.015556 -0.015000 -0.031111
0 0.013125 0.025556 -0.023750 -0.051111
0 0.011875 0.024444 -0.021250 -0.048889
0 0.008125 0.014444 -0.013750 -0.028889
0 0.008125 0.014444 -0.013750 -0.028889
0 0.008750 0.015556 -0.015000 -0.031111
0 0.013125 0.025556 -0.023750 -0.051111
0 0.011875 0.024444 -0.021250 -0.048889
0 0.013125 0.025556 -0.023750 -0.051111
0 0.008125 0.014444 -0.013750 -0.028889
0 0.011875 0.024444 -0.021250 -0.048889
0 0.008750 0.015556 -0.015000 -0.031111
0 0.010000 0.020000 -0.017500 -0.040000
0 0.008125 0.014444 -0.013750 -0.028889
0 0.013125 0.025556 -0.023750 -0.051111
0 0.008125 0.014444 -0.013750 -0.028889
0 0.008125 0.014444 -0.013750 -0.028889
0 0.011875 0.024444 -0.021250 -0.048889
0 0.008125 0.014444 -0.013750 -0.028889
0 0.013125 0.025556 -0.023750 -0.051111
0 0.008125 0.014444 -0.013750 -0.028889
0 0.008125 0.014444 -0.013750 -0.028889
0 0.008125 0.014444 -0.013750 -0.028889
0 0.008125 0.014444 -0.013750 -0.028889
0 0.013125 0.025556 -0.023750 -0.051111
0 0.008125 0.014444 -0.013750 -0.028889
0 0.013125 0.025556 -0.023750 -0.051111
0 0.013125 0.025556 -0.023750 -0.051111
0 0.008750 0.015556 -0.015000 -0.031111
0 0.011875 0.024444 -0.021250 -0.048889
0 0.008125 0.014444 -0.013750 -0.028889
0 0.008125 0.014444 -0.013750 -0.028889
0 0.008125 0.014444 -0.013750 -0.028889
0 0.011875 0.024444 -0.021250 -0.048889
0 0.008750 0.015556 -0.015000 -0.031111
0 0.008125 0.014444 -0.013750 -0.028889
0 0.008125 0.014444 -0.013750 -0.028889
0 0.008125 0.014444 -0.013750 -0.028889
0 0.008125 0.014444 -0.013750 -0.028889
0 0.008125 0.014444 -0.013750 -0.028889
0 0.013125 0.025556 -0.023750 -0.051111
0 0.013125 0.025556 -0.023750 -0.051111
0 0.008750 0.015556 -0.015000 -0.031111
0 0.008125 0.014444 -0.013750 -0.028889
0 0.008750 0.015556 -0.015000 -0.031111
0 0.008125 0.014444 -0.013750 -0.028889
0 0.008125 0.014444 -0.013750 -0.028889
0 0.008125 0.014444 -0.013750 -0.028889
0 0.013125 0.025556 -0.023750 -0.051111
0 0.011875 0.024444 -0.021250 -0.048889
0 0.008750 0.015556 -0.015000 -0.031111
0 0.008125 0.014444 -0.013750 -0.028889
0 0.008125 0.014444 -0.013750 -0.028889
0 0.008125 0.014444 -0.013750 -0.028889
0 0.008125 0.014444 -0.013750 -0.028889
0 0.008125 0.014444 -0.013750 -0.028889
0 0.008125 0.014444 -0.013750 -0.028889
0 0.008750 0.015556 -0.015000 -0.031111
0 0.013125 0.025556 -0.023750 -0.051111
0 0.013125 0.025556 -0.023750 -0.051111
0 0.008750 0.015556 -0.015000 -0.031111
0 0.008125 0.014444 -0.013750 -0.028889
0 0.008750 0.015556 -0.015000 -0.031111
0 0.011875 0.024444 -0.021250 -0.048889