0 0.003322 0.006500 -0.005316 -0.013000
0 0.002658 0.004500 -0.003987 -0.009000
0 0.002658 0.004500 -0.003987 -0.009000
0 0.004319 0.008000 -0.007309 -0.016000
0 0.002658 0.004500 -0.003987 -0.009000
0 0.003322 0.006500 -0.005316 -0.013000
0 0.002658 0.004500 -0.003987 -0.009000
0 0.003987 0.007000 -0.006645 -0.014000
0 0.002658 0.004500 -0.003987 -0.009000
0 0.004319 0.008000 -0.007309 -0.016000
0 0.004651 0.008500 -0.007973 -0.017000
0 0.003322 0.006500 -0.005316 -0.013000
0 0.004319 0.008000 -0.007309 -0.016000
0 0.003322 0.006500 -0.005316 -0.013000
0 0.002658 0.004500 -0.003987 -0.009000
0 0.002658 0.004500 -0.003987 -0.009000
0 0.003987 0.007000 -0.006645 -0.014000
0 0.003322 0.006500 -0.005316 -0.013000
0 0.003654 0.008000 -0.005980 -0.016000
0 0.003322 0.006500 -0.005316 -0.013000
0 0.004319 0.008000 -0.007309 -0.016000
0 0.004651 0.008500 -0.007973 -0.017000
0 0.004319 0.008000 -0.007309 -0.016000
0 0.003987 0.007000 -0.006645 -0.014000
0 0.003987 0.007000 -0.006645 -0.014000
0 0.004319 0.008000 -0.007309 -0.016000
0 0.002658 0.004500 -0.003987 -0.009000
0 0.002658 0.004500 -0.003987 -0.009000
0 0.004319 0.008000 -0.007309 -0.016000
0 0.002658 0.004500 -0.003987 -0.009000
0 0.003987 0.007000 -0.006645 -0.014000
0 0.003322 0.006500 -0.005316 -0.013000
0 0.002658 0.004500 -0.003987 -0.009000
0 0.002658 0.004500 -0.003987 -0.009000
0 0.003322 0.006500 -0.005316 -0.013000
0 0.002658 0.004500 -0.003987 -0.009000
0 0.002658 0.004500 -0.003987 -0.009000
0 0.003987 0.007000 -0.006645 -0.014000
0 0.004319 0.008000 -0.007309 -0.016000
0 0.004651 0.008500 -0.007973 -0.017000
0 0.003987 0.007000 -0.006645 -0.014000
0 0.003987 0.007000 -0.006645 -0.014000
0 0.004651 0.008500 -0.007973 -0.017000
0 0.003987 0.007000 -0.006645 -0.014000
0 0.002658 0.004500 -0.003987 -0.009000
0 0.002658 0.004500 -0.003987 -0.009000
0 0.003322 0.006500 -0.005316 -0.013000
0 0.002658 0.004500 -0.003987 -0.009000
0 0.002658 0.004500 -0.003987 -0.009000
0 0.003654 0.008000 -0.005980 -0.016000
0 0.004319 0.008000 -0.007309 -0.016000
0 0.003654 0.008000 -0.005980 -0.016000
0 0.003654 0.008000 -0.005980 -0.016000
0 0.002658 0.004500 -0.003987 -0.009000
0 0.002658 0.004500 -0.003987 -0.009000
0 0.004651 0.008500 -0.007973 -0.017000
0 0.004651 0.008500 -0.007973 -0.017000
0 0.004319 0.008000 -0.007309 -0.016000
0 0.004319 0.008000 -0.007309 -0.016000
0 0.004651 0.008500 -0.007973 -0.017000
0 0.002658 0.004500 -0.003987 -0.009000
0 0.002658 0.004500 -0.003987 -0.009000
0 0.004651 0.008500 -0.007973 -0.017000
0 0.003322 0.006500 -0.005316 -0.013000
0 0.003322 0.006500 -0.005316 -0.013000
0 0.003987 0.007000 -0.006645 -0.014000
0 0.003322 0.006500 -0.005316 -0.013000
0 0.003322 0.006500 -0.005316 -0.013000
0 0.004651 0.008500 -0.007973 -0.017000
0 0.003987 0.007000 -0.006645 -0.014000
0 0.003322 0.006500 -0.005316 -0.013000
0 0.002658 0.004500 -0.003987 -0.009000
0 0.004319 0.008000 -0.007309 -0.016000
0 0.004651 0.008500 -0.007973 -0.017000
0 0.002658 0.004500 -0.003987 -0.009000
0 0.002658 0.004500 -0.003987 -0.009000
0 0.003987 0.007000 -0.006645 -0.014000
0 0.004651 0.008500 -0.007973 -0.017000
0 0.002658 0.004500 -0.003987 -0.009000
0 0.002658 0.004500 -0.003987 -0.009000
0 0.004651 0.008500 -0.007973 -0.017000
0 0.003654 0.008000 -0.005980 -0.016000
0 0.003987 0.007000 -0.006645 -0.014000
0 0.003987 0.007000 -0.006645 -0.014000
0 0.004651 0.008500 -0.007973 -0.017000
0 0.004319 0.008000 -0.007309 -0.016000
0 0.004651 0.008500 -0.007973 -0.017000
0 0.003654 0.008000 -0.005980 -0.016000
0 0.003654 0.008000 -0.005980 -0.016000
0 0.003322 0.006500 -0.005316 -0.013000
0 0.004319 0.008000 -0.007309 -0.016000
0 0.004651 0.008500 -0.007973 -0.017000
0 0.004651 0.008500 -0.007973 -0.017000
0 0.004319 0.008000 -0.007309 -0.016000
0 0.003654 0.008000 -0.005980 -0.016000
0 0.002658 0.004500 -0.003987 -0.009000
0 0.002658 0.004500 -0.003987 -0.009000
0 0.003987 0.007000 -0.006645 -0.014000
0 0.003322 0.006500 -0.005316 -0.013000
0 0.002658 0.004500 -0.003987 -0.009000
0 0.003322 0.006500 -0.005316 -0.013000
0 0.002658 0.004500 -0.003987 -0.009000
0 0.002658 0.004500 -0.003987 -0.009000
0 0.004651 0.008500 -0.007973 -0.017000
0 0.003322 0.006500 -0.005316 -0.013000
0 0.003322 0.006500 -0.005316 -0.013000
0 0.002658 0.004500 -0.003987 -0.009000
0 0.004319 0.008000 -0.007309 -0.016000
0 0.004651 0.008500 -0.007973 -0.017000
0 0.004319 0.008000 -0.007309 -0.016000
0 0.002658 0.004500 -0.003987 -0.009000
0 0.003654 0.008000 -0.005980 -0.016000
0 0.004651 0.008500 -0.007973 -0.017000
0 0.002658 0.004500 -0.003987 -0.009000
0 0.003654 0.008000 -0.005980 -0.016000
0 0.003322 0.006500 -0.005316 -0.013000
0 0.004319 0.008000 -0.007309 -0.016000
0 0.002658 0.004500 -0.003987 -0.009000
0 0.003322 0.006500 -0.005316 -0.013000
0 0.003322 0.006500 -0.005316 -0.013000
0 0.003654 0.008000 -0.005980 -0.016000
0 0.002658 0.004500 -0.003987 -0.009000
0 0.003322 0.006500 -0.005316 -0.013000
0 0.004651 0.008500 -0.007973 -0.017000
0 0.003654 0.008000 -0.005980 -0.016000
0 0.002658 0.004500 -0.003987 -0.009000
0 0.003987 0.007000 -0.006645 -0.014000
0 0.004651 0.008500 -0.007973 -0.017000
0 0.002658 0.004500 -0.003987 -0.009000
0 0.002658 0.004500 -0.003987 -0.009000
0 0.003987 0.007000 -0.006645 -0.014000
0 0.003654 0.008000 -0.005980 -0.016000
0 0.004651 0.008500 -0.007973 -0.017000
0 0.002658 0.004500 -0.003987 -0.009000
0 0.003322 0.006500 -0.005316 -0.013000
0 0.002658 0.004500 -0.003987 -0.009000
0 0.003322 0.006500 -0.005316 -0.013000
0 0.003322 0.006500 -0.005316 -0.013000
0 0.003987 0.007000 -0.006645 -0.014000
0 0.002658 0.004500 -0.003987 -0.009000
0 0.002658 0.004500 -0.003987 -0.009000
0 0.004319 0.008000 -0.007309 -0.016000
0 0.004319 0.008000 -0.007309 -0.016000
0 0.004651 0.008500 -0.007973 -0.017000
0 0.002658 0.004500 -0.003987 -0.009000
0 0.002658 0.004500 -0.003987 -0.009000
0 0.003654 0.008000 -0.005980 -0.016000
0 0.003322 0.006500 -0.005316 -0.013000
0 0.003654 0.008000 -0.005980 -0.016000
0 0.003322 0.006500 -0.005316 -0.013000
0 0.004651 0.008500 -0.007973 -0.017000
0 0.003322 0.006500 -0.005316 -0.013000
0 0.002658 0.004500 -0.003987 -0.009000
0 0.002658 0.004500 -0.003987 -0.009000
0 0.003654 0.008000 -0.005980 -0.016000
0 0.003987 0.007000 -0.006645 -0.014000
0 0.004319 0.008000 -0.007309 -0.016000
0 0.004319 0.008000 -0.007309 -0.016000
0 0.003322 0.006500 -0.005316 -0.013000
0 0.004319 0.008000 -0.007309 -0.016000
0 0.002658 0.004500 -0.003987 -0.009000
0 0.004319 0.008000 -0.007309 -0.016000
0 0.002658 0.004500 -0.003987 -0.009000
0 0.003322 0.006500 -0.005316 -0.013000
0 0.003987 0.007000 -0.006645 -0.014000
0 0.004319 0.008000 -0.007309 -0.016000
0 0.002658 0.004500 -0.003987 -0.009000
0 0.003322 0.006500 -0.005316 -0.013000
0 0.002658 0.004500 -0.003987 -0.009000
0 0.002658 0.004500 -0.003987 -0.009000
0 0.002658 0.004500 -0.003987 -0.009000
0 0.003322 0.006500 -0.005316 -0.013000
0 0.004651 0.006500 -0.007973 -0.013000
0 0.004319 0.008000 -0.007309 -0.016000
0 0.002658 0.004500 -0.003987 -0.009000
0 0.003322 0.006500 -0.005316 -0.013000
0 0.004651 0.008500 -0.007973 -0.017000
0 0.003987 0.007000 -0.006645 -0.014000
0 0.003987 0.007000 -0.006645 -0.014000
0 0.004651 0.008500 -0.007973 -0.017000
0 0.004319 0.008000 -0.007309 -0.016000
0 0.002658 0.004500 -0.003987 -0.009000
0 0.002658 0.004500 -0.003987 -0.009000
0 0.003654 0.008000 -0.005980 -0.016000
0 0.004319 0.008000 -0.007309 -0.016000
0 0.003322 0.006500 -0.005316 -0.013000
0 0.003987 0.007000 -0.006645 -0.014000
0 0.002658 0.004500 -0.003987 -0.009000
0 0.004319 0.008000 -0.007309 -0.016000
0 0.003322 0.006500 -0.005316 -0.013000
0 0.004319 0.008000 -0.007309 -0.016000
0 0.004319 0.008000 -0.007309 -0.016000
0 0.003987 0.007000 -0.006645 -0.014000
0 0.003987 0.007000 -0.006645 -0.014000
0 0.003987 0.007000 -0.006645 -0.014000
0 0.003322 0.006500 -0.005316 -0.013000
0 0.003322 0.006500 -0.005316 -0.013000
0 0.004319 0.008000 -0.007309 -0.016000
0 0.003987 0.007000 -0.006645 -0.014000
0 0.003322 0.006500 -0.005316 -0.013000
0 0.004651 0.008500 -0.007973 -0.017000
0 0.004319 0.008000 -0.007309 -0.016000
0 0.003322 0.006500 -0.005316 -0.013000
0 0.002658 0.004500 -0.003987 -0.009000
0 0.002658 0.004500 -0.003987 -0.009000
0 0.004319 0.008000 -0.007309 -0.016000
0 0.003987 0.007000 -0.006645 -0.014000
0 0.004651 0.008500 -0.007973 -0.017000
0 0.004651 0.008500 -0.007973 -0.017000
0 0.002658 0.004500 -0.003987 -0.009000
0 0.003322 0.006500 -0.005316 -0.013000
0 0.004319 0.008000 -0.007309 -0.016000
0 0.004651 0.008500 -0.007973 -0.017000
0 0.003654 0.008000 -0.005980 -0.016000
0 0.003322 0.006500 -0.005316 -0.013000
0 0.003322 0.006500 -0.005316 -0.013000
0 0.002658 0.004500 -0.003987 -0.009000
0 0.002658 0.004500 -0.003987 -0.009000
0 0.003987 0.007000 -0.006645 -0.014000
0 0.004651 0.008500 -0.007973 -0.017000
0 0.003322 0.006500 -0.005316 -0.013000
0 0.004651 0.008500 -0.007973 -0.017000
0 0.003322 0.006500 -0.005316 -0.013000
0 0.002658 0.004500 -0.003987 -0.009000
0 0.002658 0.004500 -0.003987 -0.009000
0 0.003322 0.006500 -0.005316 -0.013000
0 0.003654 0.008000 -0.005980 -0.016000
0 0.004651 0.008500 -0.007973 -0.017000
0 0.004319 0.008000 -0.007309 -0.016000
0 0.003987 0.007000 -0.006645 -0.014000
0 0.004651 0.008500 -0.007973 -0.017000
0 0.003654 0.008000 -0.005980 -0.016000
0 0.004319 0.008000 -0.007309 -0.016000
0 0.003322 0.006500 -0.005316 -0.013000
0 0.002658 0.004500 -0.003987 -0.009000
0 0.003987 0.007000 -0.006645 -0.014000
0 0.004319 0.008000 -0.007309 -0.016000
0 0.002658 0.004500 -0.003987 -0.009000
0 0.003322 0.006500 -0.005316 -0.013000
0 0.003987 0.007000 -0.006645 -0.014000
0 0.004319 0.008000 -0.007309 -0.016000
0 0.004651 0.008500 -0.007973 -0.017000
0 0.003987 0.007000 -0.006645 -0.014000
0 0.003322 0.006500 -0.005316 -0.013000
0 0.003322 0.006500 -0.005316 -0.013000
0 0.004651 0.008500 -0.007973 -0.017000
0 0.002658 0.004500 -0.003987 -0.009000
0 0.002658 0.004500 -0.003987 -0.009000
0 0.004651 0.008500 -0.007973 -0.017000
0 0.003654 0.008000 -0.005980 -0.016000
0 0.002658 0.004500 -0.003987 -0.009000
0 0.002658 0.004500 -0.003987 -0.009000
0 0.002658 0.004500 -0.003987 -0.009000
0 0.003987 0.007000 -0.006645 -0.014000
0 0.002658 0.004500 -0.003987 -0.009000
0 0.002658 0.004500 -0.003987 -0.009000
0 0.004319 0.008000 -0.007309 -0.016000
0 0.004651 0.008500 -0.007973 -0.017000
0 0.004651 0.008500 -0.007973 -0.017000
0 0.003322 0.006500 -0.005316 -0.013000
0 0.002658 0.004500 -0.003987 -0.009000
0 0.002658 0.004500 -0.003987 -0.009000
0 0.002658 0.004500 -0.003987 -0.009000
0 0.004319 0.008000 -0.007309 -0.016000
0 0.003987 0.007000 -0.006645 -0.014000
0 0.004319 0.008000 -0.007309 -0.016000
0 0.004651 0.008500 -0.007973 -0.017000
0 0.004319 0.008000 -0.007309 -0.016000
0 0.002658 0.004500 -0.003987 -0.009000
0 0.003987 0.007000 -0.006645 -0.014000
0 0.004651 0.008500 -0.007973 -0.017000
0 0.004651 0.008500 -0.007973 -0.017000
0 0.003322 0.006500 -0.005316 -0.013000
0 0.004651 0.008500 -0.007973 -0.017000
0 0.002658 0.004500 -0.003987 -0.009000
0 0.004651 0.008500 -0.007973 -0.017000
0 0.002658 0.004500 -0.003987 -0.009000
0 0.002658 0.004500 -0.003987 -0.009000
0 0.003654 0.008000 -0.005980 -0.016000
0 0.003322 0.006500 -0.005316 -0.013000
0 0.003322 0.006500 -0.005316 -0.013000
0 0.003322 0.006500 -0.005316 -0.013000
0 0.002658 0.004500 -0.003987 -0.009000
0 0.003654 0.008000 -0.005980 -0.016000
0 0.003322 0.006500 -0.005316 -0.013000
0 0.004651 0.008500 -0.007973 -0.017000
0 0.002658 0.004500 -0.003987 -0.009000
0 0.004319 0.008000 -0.007309 -0.016000
0 0.003322 0.006500 -0.005316 -0.013000
0 0.002658 0.004500 -0.003987 -0.009000
0 0.003654 0.008000 -0.005980 -0.016000
0 0.003322 0.006500 -0.005316 -0.013000
0 0.004651 0.008500 -0.007973 -0.017000
0 0.003987 0.007000 -0.006645 -0.014000
0 0.004319 0.008000 -0.007309 -0.016000
0 0.002658 0.004500 -0.003987 -0.009000
0 0.003322 0.006500 -0.005316 -0.013000
0 0.003322 0.006500 -0.005316 -0.013000
0 0.003654 0.008000 -0.005980 -0.016000
0 0.003322 0.006500 -0.005316 -0.013000
0 0.003322 0.006500 -0.005316 -0.013000
0 0.004319 0.008000 -0.007309 -0.016000
0 0.004651 0.008500 -0.007973 -0.017000
0 0.004651 0.008500 -0.007973 -0.017000