0 0.006683 0.020446 -0.010936 -0.040892
0 0.020656 0.053903 -0.038882 -0.107807
0 0.004253 0.014870 -0.006075 -0.029740
0 0.003645 0.013011 -0.004860 -0.026022
0 0.008505 0.033457 -0.014581 -0.066914
0 0.010936 0.048327 -0.019441 -0.096654
0 0.006683 0.020446 -0.010936 -0.040892
0 0.006683 0.020446 -0.010936 -0.040892
0 0.006075 0.018587 -0.009721 -0.037175
0 0.004860 0.018587 -0.007290 -0.037175
0 0.006075 0.018587 -0.009721 -0.037175
0 0.010936 0.048327 -0.019441 -0.096654
0 0.010936 0.048327 -0.019441 -0.096654
0 0.008505 0.033457 -0.014581 -0.066914
0 0.006683 0.020446 -0.010936 -0.040892
0 0.010936 0.048327 -0.019441 -0.096654
0 0.009721 0.033457 -0.017011 -0.066914
0 0.007290 0.020446 -0.012151 -0.040892
0 0.006075 0.018587 -0.009721 -0.037175
0 0.006683 0.020446 -0.010936 -0.040892
0 0.006683 0.020446 -0.010936 -0.040892
0 0.006075 0.014870 -0.009721 -0.029740
0 0.006683 0.020446 -0.010936 -0.040892
0 0.006683 0.020446 -0.010936 -0.040892
0 0.008505 0.033457 -0.014581 -0.066914
0 0.004253 0.014870 -0.006075 -0.029740
0 0.006683 0.020446 -0.010936 -0.040892
0 0.006075 0.018587 -0.009721 -0.037175
0 0.006683 0.020446 -0.010936 -0.040892
0 0.006683 0.020446 -0.010936 -0.040892
0 0.004253 0.014870 -0.006075 -0.029740
0 0.006075 0.018587 -0.009721 -0.037175
0 0.006075 0.018587 -0.009721 -0.037175
0 0.005468 0.016729 -0.008505 -0.033457
0 0.006075 0.016729 -0.009721 -0.033457
0 0.008505 0.033457 -0.014581 -0.066914
0 0.006075 0.018587 -0.009721 -0.037175
0 0.006075 0.018587 -0.009721 -0.037175
0 0.004860 0.018587 -0.007290 -0.037175
0 0.006075 0.018587 -0.009721 -0.037175
0 0.006075 0.018587 -0.009721 -0.037175
0 0.009721 0.033457 -0.017011 -0.066914
0 0.006075 0.018587 -0.009721 -0.037175
0 0.010936 0.048327 -0.019441 -0.096654
0 0.006075 0.018587 -0.009721 -0.037175
0 0.006683 0.020446 -0.010936 -0.040892
0 0.020656 0.053903 -0.038882 -0.107807
0 0.006683 0.020446 -0.010936 -0.040892
0 0.009721 0.033457 -0.017011 -0.066914
0 0.007290 0.020446 -0.012151 -0.040892
0 0.006075 0.014870 -0.009721 -0.029740
0 0.006683 0.020446 -0.010936 -0.040892
0 0.006683 0.020446 -0.010936 -0.040892
0 0.006075 0.018587 -0.009721 -0.037175
0 0.006683 0.020446 -0.010936 -0.040892
0 0.008505 0.033457 -0.014581 -0.066914
0 0.006075 0.016729 -0.009721 -0.033457
0 0.006683 0.020446 -0.010936 -0.040892
0 0.010936 0.048327 -0.019441 -0.096654
0 0.009721 0.033457 -0.017011 -0.066914
0 0.004860 0.018587 -0.007290 -0.037175
0 0.012758 0.052045 -0.023086 -0.104089
0 0.006683 0.020446 -0.010936 -0.040892
0 0.006075 0.014870 -0.009721 -0.029740
0 0.006075 0.016729 -0.009721 -0.033457
0 0.006075 0.018587 -0.009721 -0.037175
0 0.006075 0.018587 -0.009721 -0.037175
0 0.006683 0.020446 -0.010936 -0.040892
0 0.006683 0.020446 -0.010936 -0.040892
0 0.010936 0.048327 -0.019441 -0.096654
0 0.020656 0.053903 -0.038882 -0.107807
0 0.006683 0.020446 -0.010936 -0.040892
0 0.009721 0.033457 -0.017011 -0.066914
0 0.006075 0.018587 -0.009721 -0.037175
0 0.004860 0.018587 -0.007290 -0.037175
0 0.010936 0.048327 -0.019441 -0.096654
0 0.006683 0.020446 -0.010936 -0.040892
0 0.006075 0.014870 -0.009721 -0.029740
0 0.006683 0.020446 -0.010936 -0.040892
0 0.004860 0.018587 -0.007290 -0.037175
0 0.006075 0.018587 -0.009721 -0.037175
0 0.006075 0.018587 -0.009721 -0.037175
0 0.004860 0.018587 -0.007290 -0.037175
0 0.004253 0.014870 -0.006075 -0.029740
0 0.006075 0.018587 -0.009721 -0.037175
0 0.006075 0.014870 -0.009721 -0.029740
0 0.020656 0.053903 -0.038882 -0.107807
0 0.009721 0.033457 -0.017011 -0.066914
0 0.004253 0.014870 -0.006075 -0.029740
0 0.006683 0.020446 -0.010936 -0.040892
0 0.006075 0.016729 -0.009721 -0.033457
0 0.007290 0.020446 -0.012151 -0.040892
0 0.006683 0.020446 -0.010936 -0.040892
0 0.008505 0.033457 -0.014581 -0.066914
0 0.006683 0.020446 -0.010936 -0.040892
0 0.005468 0.016729 -0.008505 -0.033457
0 0.008505 0.033457 -0.014581 -0.066914
0 0.004860 0.018587 -0.007290 -0.037175
0 0.007290 0.020446 -0.012151 -0.040892
0 0.021264 0.079926 -0.040097 -0.159851
0 0.010936 0.048327 -0.019441 -0.096654
0 0.006075 0.018587 -0.009721 -0.037175
0 0.012758 0.052045 -0.023086 -0.104089
0 0.006075 0.018587 -0.009721 -0.037175
0 0.006683 0.020446 -0.010936 -0.040892
0 0.012758 0.052045 -0.023086 -0.104089
0 0.003038 0.016729 -0.003645 -0.033457
0 0.021264 0.079926 -0.040097 -0.159851
0 0.006075 0.014870 -0.009721 -0.029740
0 0.006075 0.018587 -0.009721 -0.037175
0 0.006683 0.020446 -0.010936 -0.040892
0 0.004253 0.014870 -0.006075 -0.029740
0 0.006075 0.014870 -0.009721 -0.029740
0 0.020656 0.053903 -0.038882 -0.107807
0 0.009721 0.033457 -0.017011 -0.066914
0 0.008505 0.033457 -0.014581 -0.066914
0 0.008505 0.033457 -0.014581 -0.066914
0 0.009721 0.033457 -0.017011 -0.066914
0 0.006075 0.018587 -0.009721 -0.037175
0 0.006683 0.020446 -0.010936 -0.040892
0 0.006683 0.020446 -0.010936 -0.040892
0 0.006075 0.018587 -0.009721 -0.037175
0 0.009721 0.033457 -0.017011 -0.066914
0 0.006075 0.018587 -0.009721 -0.037175
0 0.004860 0.018587 -0.007290 -0.037175
0 0.006075 0.014870 -0.009721 -0.029740
0 0.006683 0.020446 -0.010936 -0.040892
0 0.006683 0.020446 -0.010936 -0.040892
0 0.006683 0.020446 -0.010936 -0.040892
0 0.006075 0.018587 -0.009721 -0.037175
0 0.006683 0.020446 -0.010936 -0.040892
0 0.007290 0.020446 -0.012151 -0.040892
0 0.006075 0.018587 -0.009721 -0.037175
0 0.004860 0.018587 -0.007290 -0.037175
0 0.004253 0.014870 -0.006075 -0.029740
0 0.006683 0.020446 -0.010936 -0.040892
0 0.020656 0.053903 -0.038882 -0.107807
0 0.006683 0.020446 -0.010936 -0.040892
0 0.008505 0.033457 -0.014581 -0.066914
0 0.006683 0.020446 -0.010936 -0.040892
0 0.006075 0.014870 -0.009721 -0.029740
0 0.006075 0.018587 -0.009721 -0.037175
0 0.021264 0.079926 -0.040097 -0.159851
0 0.007290 0.020446 -0.012151 -0.040892
0 0.006683 0.020446 -0.010936 -0.040892
0 0.010936 0.048327 -0.019441 -0.096654
0 0.006075 0.018587 -0.009721 -0.037175
0 0.006075 0.018587 -0.009721 -0.037175
0 0.012758 0.052045 -0.023086 -0.104089
0 0.006075 0.018587 -0.009721 -0.037175
0 0.004860 0.018587 -0.007290 -0.037175
0 0.012758 0.052045 -0.023086 -0.104089
0 0.006075 0.018587 -0.009721 -0.037175
0 0.009721 0.033457 -0.017011 -0.066914
0 0.006075 0.014870 -0.009721 -0.029740
0 0.006075 0.018587 -0.009721 -0.037175
0 0.006075 0.016729 -0.009721 -0.033457
0 0.006075 0.018587 -0.009721 -0.037175
0 0.021264 0.079926 -0.040097 -0.159851
0 0.006683 0.020446 -0.010936 -0.040892
0 0.006683 0.020446 -0.010936 -0.040892
0 0.006075 0.014870 -0.009721 -0.029740
0 0.004860 0.018587 -0.007290 -0.037175
0 0.009721 0.033457 -0.017011 -0.066914
0 0.006075 0.016729 -0.009721 -0.033457
0 0.007290 0.020446 -0.012151 -0.040892
0 0.008505 0.033457 -0.014581 -0.066914
0 0.005468 0.016729 -0.008505 -0.033457
0 0.006075 0.018587 -0.009721 -0.037175
0 0.004253 0.014870 -0.006075 -0.029740
0 0.021264 0.079926 -0.040097 -0.159851
0 0.006075 0.018587 -0.009721 -0.037175
0 0.006075 0.018587 -0.009721 -0.037175
0 0.004860 0.018587 -0.007290 -0.037175
0 0.006683 0.020446 -0.010936 -0.040892
0 0.004860 0.018587 -0.007290 -0.037175
0 0.009721 0.033457 -0.017011 -0.066914
0 0.006075 0.018587 -0.009721 -0.037175
0 0.006075 0.018587 -0.009721 -0.037175
0 0.006075 0.018587 -0.009721 -0.037175
0 0.009721 0.033457 -0.017011 -0.066914