0 0.007258 0.010753 -0.011290 -0.021505
0 0.005645 0.008602 -0.008065 -0.017204
0 0.012097 0.019355 -0.020968 -0.038710
0 0.012097 0.019355 -0.020968 -0.038710
0 0.007258 0.010753 -0.011290 -0.021505
0 0.007258 0.010753 -0.011290 -0.021505
0 0.005645 0.008602 -0.008065 -0.017204
0 0.008871 0.013978 -0.014516 -0.027957
0 0.005645 0.008602 -0.008065 -0.017204
0 0.005645 0.008602 -0.008065 -0.017204
0 0.012097 0.019355 -0.020968 -0.038710
0 0.012097 0.019355 -0.020968 -0.038710
0 0.008871 0.013978 -0.014516 -0.027957
0 0.008065 0.012903 -0.012903 -0.025806
0 0.007258 0.010753 -0.011290 -0.021505
0 0.007258 0.010753 -0.011290 -0.021505
0 0.005645 0.008602 -0.008065 -0.017204
0 0.005645 0.008602 -0.008065 -0.017204
0 0.007258 0.010753 -0.011290 -0.021505
0 0.005645 0.008602 -0.008065 -0.017204
0 0.005645 0.008602 -0.008065 -0.017204
0 0.005645 0.008602 -0.008065 -0.017204
0 0.007258 0.010753 -0.011290 -0.021505
0 0.005645 0.008602 -0.008065 -0.017204
0 0.005645 0.008602 -0.008065 -0.017204
0 0.007258 0.010753 -0.011290 -0.021505
0 0.007258 0.010753 -0.011290 -0.021505
0 0.008871 0.013978 -0.014516 -0.027957
0 0.007258 0.010753 -0.011290 -0.021505
0 0.005645 0.008602 -0.008065 -0.017204
0 0.007258 0.010753 -0.011290 -0.021505
0 0.007258 0.010753 -0.011290 -0.021505
0 0.005645 0.008602 -0.008065 -0.017204
0 0.008871 0.013978 -0.014516 -0.027957
0 0.005645 0.008602 -0.008065 -0.017204
0 0.008871 0.013978 -0.014516 -0.027957
0 0.007258 0.010753 -0.011290 -0.021505
0 0.007258 0.010753 -0.011290 -0.021505
0 0.005645 0.008602 -0.008065 -0.017204
0 0.007258 0.010753 -0.011290 -0.021505
0 0.005645 0.008602 -0.008065 -0.017204
0 0.007258 0.010753 -0.011290 -0.021505
0 0.008871 0.013978 -0.014516 -0.027957
0 0.007258 0.010753 -0.011290 -0.021505
0 0.012097 0.019355 -0.020968 -0.038710
0 0.012097 0.019355 -0.020968 -0.038710
0 0.008871 0.013978 -0.014516 -0.027957
0 0.007258 0.010753 -0.011290 -0.021505
0 0.008065 0.012903 -0.012903 -0.025806
0 0.007258 0.010753 -0.011290 -0.021505
0 0.005645 0.008602 -0.008065 -0.017204
0 0.007258 0.010753 -0.011290 -0.021505
0 0.007258 0.010753 -0.011290 -0.021505
0 0.008871 0.013978 -0.014516 -0.027957
0 0.008871 0.013978 -0.014516 -0.027957
0 0.012097 0.019355 -0.020968 -0.038710
0 0.007258 0.010753 -0.011290 -0.021505
0 0.007258 0.010753 -0.011290 -0.021505
0 0.005645 0.008602 -0.008065 -0.017204
0 0.012097 0.019355 -0.020968 -0.038710
0 0.005645 0.008602 -0.008065 -0.017204
0 0.008871 0.013978 -0.014516 -0.027957
0 0.007258 0.010753 -0.011290 -0.021505
0 0.005645 0.008602 -0.008065 -0.017204
0 0.005645 0.008602 -0.008065 -0.017204
0 0.005645 0.008602 -0.008065 -0.017204
0 0.007258 0.010753 -0.011290 -0.021505
0 0.007258 0.010753 -0.011290 -0.021505
0 0.007258 0.010753 -0.011290 -0.021505
0 0.007258 0.010753 -0.011290 -0.021505
0 0.005645 0.008602 -0.008065 -0.017204
0 0.005645 0.008602 -0.008065 -0.017204
0 0.007258 0.010753 -0.011290 -0.021505
0 0.008871 0.013978 -0.014516 -0.027957
0 0.007258 0.010753 -0.011290 -0.021505
0 0.012097 0.019355 -0.020968 -0.038710
0 0.007258 0.010753 -0.011290 -0.021505
0 0.012097 0.019355 -0.020968 -0.038710
0 0.005645 0.008602 -0.008065 -0.017204
0 0.008871 0.013978 -0.014516 -0.027957
0 0.005645 0.008602 -0.008065 -0.017204
0 0.007258 0.010753 -0.011290 -0.021505
0 0.007258 0.010753 -0.011290 -0.021505
0 0.008871 0.013978 -0.014516 -0.027957
0 0.005645 0.008602 -0.008065 -0.017204
0 0.007258 0.010753 -0.011290 -0.021505
0 0.005645 0.008602 -0.008065 -0.017204
0 0.005645 0.008602 -0.008065 -0.017204
0 0.008871 0.013978 -0.014516 -0.027957
0 0.007258 0.010753 -0.011290 -0.021505
0 0.005645 0.008602 -0.008065 -0.017204
0 0.012097 0.019355 -0.020968 -0.038710
0 0.008871 0.013978 -0.014516 -0.027957
0 0.008871 0.013978 -0.014516 -0.027957
0 0.008065 0.012903 -0.012903 -0.025806
0 0.007258 0.010753 -0.011290 -0.021505
0 0.008871 0.013978 -0.014516 -0.027957
0 0.012097 0.019355 -0.020968 -0.038710
0 0.007258 0.010753 -0.011290 -0.021505
0 0.007258 0.010753 -0.011290 -0.021505
0 0.005645 0.008602 -0.008065 -0.017204
0 0.005645 0.008602 -0.008065 -0.017204
0 0.012097 0.019355 -0.020968 -0.038710
0 0.008871 0.013978 -0.014516 -0.027957
0 0.007258 0.010753 -0.011290 -0.021505
0 0.005645 0.008602 -0.008065 -0.017204
0 0.005645 0.008602 -0.008065 -0.017204
0 0.005645 0.008602 -0.008065 -0.017204
0 0.005645 0.008602 -0.008065 -0.017204
0 0.007258 0.010753 -0.011290 -0.021505
0 0.005645 0.008602 -0.008065 -0.017204
0 0.008871 0.013978 -0.014516 -0.027957
0 0.012097 0.019355 -0.020968 -0.038710
0 0.008871 0.013978 -0.014516 -0.027957
0 0.007258 0.010753 -0.011290 -0.021505
0 0.008871 0.013978 -0.014516 -0.027957
0 0.007258 0.010753 -0.011290 -0.021505
0 0.012097 0.019355 -0.020968 -0.038710
0 0.005645 0.008602 -0.008065 -0.017204
0 0.005645 0.008602 -0.008065 -0.017204
0 0.007258 0.010753 -0.011290 -0.021505
0 0.005645 0.008602 -0.008065 -0.017204
0 0.005645 0.008602 -0.008065 -0.017204
0 0.005645 0.008602 -0.008065 -0.017204
0 0.007258 0.010753 -0.011290 -0.021505
0 0.007258 0.010753 -0.011290 -0.021505
0 0.012097 0.019355 -0.020968 -0.038710
0 0.007258 0.010753 -0.011290 -0.021505
0 0.005645 0.008602 -0.008065 -0.017204
0 0.006452 0.009677 -0.009677 -0.019355
0 0.005645 0.008602 -0.008065 -0.017204
0 0.007258 0.010753 -0.011290 -0.021505
0 0.008871 0.013978 -0.014516 -0.027957
0 0.008871 0.013978 -0.014516 -0.027957
0 0.008871 0.013978 -0.014516 -0.027957
0 0.008871 0.013978 -0.014516 -0.027957
0 0.008871 0.013978 -0.014516 -0.027957
0 0.007258 0.010753 -0.011290 -0.021505
0 0.007258 0.010753 -0.011290 -0.021505
0 0.007258 0.010753 -0.011290 -0.021505
0 0.007258 0.010753 -0.011290 -0.021505
0 0.007258 0.010753 -0.011290 -0.021505
0 0.005645 0.008602 -0.008065 -0.017204
0 0.005645 0.008602 -0.008065 -0.017204
0 0.005645 0.008602 -0.008065 -0.017204
0 0.005645 0.008602 -0.008065 -0.017204
0 0.007258 0.010753 -0.011290 -0.021505
0 0.007258 0.010753 -0.011290 -0.021505
0 0.007258 0.010753 -0.011290 -0.021505
0 0.012097 0.019355 -0.020968 -0.038710
0 0.008871 0.013978 -0.014516 -0.027957
0 0.007258 0.010753 -0.011290 -0.021505
0 0.007258 0.010753 -0.011290 -0.021505
0 0.007258 0.010753 -0.011290 -0.021505
0 0.012097 0.019355 -0.020968 -0.038710
0 0.005645 0.008602 -0.008065 -0.017204
0 0.008871 0.013978 -0.014516 -0.027957
0 0.005645 0.008602 -0.008065 -0.017204
0 0.007258 0.010753 -0.011290 -0.021505
0 0.007258 0.010753 -0.011290 -0.021505
0 0.007258 0.010753 -0.011290 -0.021505
0 0.012097 0.019355 -0.020968 -0.038710
0 0.005645 0.008602 -0.008065 -0.017204
0 0.007258 0.010753 -0.011290 -0.021505
0 0.007258 0.010753 -0.011290 -0.021505
0 0.005645 0.008602 -0.008065 -0.017204
0 0.005645 0.008602 -0.008065 -0.017204
0 0.005645 0.008602 -0.008065 -0.017204
0 0.005645 0.008602 -0.008065 -0.017204
0 0.007258 0.010753 -0.011290 -0.021505
0 0.007258 0.010753 -0.011290 -0.021505
0 0.007258 0.010753 -0.011290 -0.021505
0 0.007258 0.010753 -0.011290 -0.021505
0 0.005645 0.008602 -0.008065 -0.017204
0 0.012097 0.019355 -0.020968 -0.038710
0 0.008871 0.013978 -0.014516 -0.027957
0 0.008871 0.013978 -0.014516 -0.027957
0 0.008871 0.013978 -0.014516 -0.027957
0 0.007258 0.010753 -0.011290 -0.021505
0 0.005645 0.008602 -0.008065 -0.017204
0 0.005645 0.008602 -0.008065 -0.017204
0 0.012097 0.019355 -0.020968 -0.038710
0 0.012097 0.019355 -0.020968 -0.038710
0 0.005645 0.008602 -0.008065 -0.017204
0 0.005645 0.008602 -0.008065 -0.017204
0 0.005645 0.008602 -0.008065 -0.017204
0 0.012097 0.019355 -0.020968 -0.038710
0 0.012097 0.019355 -0.020968 -0.038710
0 0.008871 0.013978 -0.014516 -0.027957
0 0.008871 0.013978 -0.014516 -0.027957
0 0.007258 0.010753 -0.011290 -0.021505
0 0.005645 0.008602 -0.008065 -0.017204
0 0.007258 0.010753 -0.011290 -0.021505
0 0.005645 0.008602 -0.008065 -0.017204
0 0.012097 0.019355 -0.020968 -0.038710
0 0.012097 0.019355 -0.020968 -0.038710
0 0.007258 0.010753 -0.011290 -0.021505
0 0.008871 0.013978 -0.014516 -0.027957
0 0.007258 0.010753 -0.011290 -0.021505
0 0.012097 0.019355 -0.020968 -0.038710
0 0.008871 0.013978 -0.014516 -0.027957
0 0.005645 0.008602 -0.008065 -0.017204
0 0.005645 0.008602 -0.008065 -0.017204
0 0.005645 0.008602 -0.008065 -0.017204
0 0.012097 0.019355 -0.020968 -0.038710
0 0.012097 0.019355 -0.020968 -0.038710
0 0.008871 0.013978 -0.014516 -0.027957
0 0.012097 0.019355 -0.020968 -0.038710
0 0.012097 0.019355 -0.020968 -0.038710
0 0.007258 0.010753 -0.011290 -0.021505
0 0.008871 0.013978 -0.014516 -0.027957
0 0.007258 0.010753 -0.011290 -0.021505
0 0.005645 0.008602 -0.008065 -0.017204
0 0.012097 0.019355 -0.020968 -0.038710
0 0.008871 0.013978 -0.014516 -0.027957
0 0.007258 0.010753 -0.011290 -0.021505
0 0.008871 0.013978 -0.014516 -0.027957
0 0.005645 0.008602 -0.008065 -0.017204
0 0.012097 0.019355 -0.020968 -0.038710
0 0.005645 0.008602 -0.008065 -0.017204
0 0.008871 0.013978 -0.014516 -0.027957
0 0.007258 0.010753 -0.011290 -0.021505
0 0.007258 0.010753 -0.011290 -0.021505
0 0.007258 0.010753 -0.011290 -0.021505
0 0.007258 0.010753 -0.011290 -0.021505
0 0.008871 0.013978 -0.014516 -0.027957
0 0.007258 0.010753 -0.011290 -0.021505
0 0.008871 0.013978 -0.014516 -0.027957
0 0.007258 0.010753 -0.011290 -0.021505
0 0.012097 0.019355 -0.020968 -0.038710
0 0.007258 0.010753 -0.011290 -0.021505
0 0.005645 0.008602 -0.008065 -0.017204
0 0.008871 0.013978 -0.014516 -0.027957
0 0.007258 0.010753 -0.011290 -0.021505
0 0.005645 0.008602 -0.008065 -0.017204
0 0.012097 0.019355 -0.020968 -0.038710
0 0.005645 0.008602 -0.008065 -0.017204
0 0.008871 0.013978 -0.014516 -0.027957
0 0.008871 0.013978 -0.014516 -0.027957
0 0.008871 0.013978 -0.014516 -0.027957
0 0.007258 0.010753 -0.011290 -0.021505
0 0.012097 0.019355 -0.020968 -0.038710
0 0.005645 0.008602 -0.008065 -0.017204
0 0.007258 0.010753 -0.011290 -0.021505
0 0.007258 0.010753 -0.011290 -0.021505
0 0.012097 0.019355 -0.020968 -0.038710
0 0.008871 0.013978 -0.014516 -0.027957
0 0.007258 0.010753 -0.011290 -0.021505
0 0.007258 0.010753 -0.011290 -0.021505
0 0.012097 0.019355 -0.020968 -0.038710
0 0.008871 0.013978 -0.014516 -0.027957
0 0.007258 0.010753 -0.011290 -0.021505
0 0.008871 0.013978 -0.014516 -0.027957
0 0.005645 0.008602 -0.008065 -0.017204
0 0.007258 0.010753 -0.011290 -0.021505
0 0.005645 0.008602 -0.008065 -0.017204
0 0.005645 0.008602 -0.008065 -0.017204
0 0.007258 0.010753 -0.011290 -0.021505
0 0.005645 0.008602 -0.008065 -0.017204
0 0.012097 0.019355 -0.020968 -0.038710
0 0.008871 0.013978 -0.014516 -0.027957
0 0.008871 0.013978 -0.014516 -0.027957
0 0.007258 0.010753 -0.011290 -0.021505
0 0.005645 0.008602 -0.008065 -0.017204
0 0.007258 0.010753 -0.011290 -0.021505
0 0.007258 0.010753 -0.011290 -0.021505
0 0.008871 0.013978 -0.014516 -0.027957
0 0.007258 0.010753 -0.011290 -0.021505
0 0.007258 0.010753 -0.011290 -0.021505
0 0.005645 0.008602 -0.008065 -0.017204
0 0.008871 0.013978 -0.014516 -0.027957
0 0.012097 0.019355 -0.020968 -0.038710
0 0.007258 0.010753 -0.011290 -0.021505
0 0.008065 0.011828 -0.012903 -0.023656
0 0.007258 0.010753 -0.011290 -0.021505
0 0.005645 0.008602 -0.008065 -0.017204
0 0.012097 0.019355 -0.020968 -0.038710
0 0.008871 0.013978 -0.014516 -0.027957
0 0.007258 0.010753 -0.011290 -0.021505
0 0.005645 0.008602 -0.008065 -0.017204
0 0.007258 0.010753 -0.011290 -0.021505
0 0.005645 0.008602 -0.008065 -0.017204
0 0.007258 0.010753 -0.011290 -0.021505
0 0.007258 0.010753 -0.011290 -0.021505
0 0.007258 0.010753 -0.011290 -0.021505
0 0.005645 0.008602 -0.008065 -0.017204
0 0.012097 0.019355 -0.020968 -0.038710
0 0.008871 0.013978 -0.014516 -0.027957
0 0.007258 0.010753 -0.011290 -0.021505
0 0.005645 0.008602 -0.008065 -0.017204
0 0.008871 0.013978 -0.014516 -0.027957
0 0.005645 0.008602 -0.008065 -0.017204
0 0.007258 0.010753 -0.011290 -0.021505
0 0.012097 0.019355 -0.020968 -0.038710
0 0.007258 0.010753 -0.011290 -0.021505
0 0.008871 0.013978 -0.014516 -0.027957
0 0.008871 0.013978 -0.014516 -0.027957
0 0.007258 0.010753 -0.011290 -0.021505
0 0.005645 0.008602 -0.008065 -0.017204
0 0.005645 0.008602 -0.008065 -0.017204
0 0.005645 0.008602 -0.008065 -0.017204
0 0.007258 0.010753 -0.011290 -0.021505
0 0.012097 0.019355 -0.020968 -0.038710
0 0.008871 0.013978 -0.014516 -0.027957
0 0.007258 0.010753 -0.011290 -0.021505
0 0.008065 0.011828 -0.012903 -0.023656
0 0.007258 0.010753 -0.011290 -0.021505
0 0.005645 0.008602 -0.008065 -0.017204
0 0.007258 0.010753 -0.011290 -0.021505
0 0.008871 0.013978 -0.014516 -0.027957
0 0.012097 0.019355 -0.020968 -0.038710
0 0.007258 0.010753 -0.011290 -0.021505
0 0.008065 0.011828 -0.012903 -0.023656
0 0.005645 0.008602 -0.008065 -0.017204
0 0.005645 0.008602 -0.008065 -0.017204
0 0.005645 0.008602 -0.008065 -0.017204
0 0.008871 0.013978 -0.014516 -0.027957
0 0.008871 0.013978 -0.014516 -0.027957
0 0.007258 0.010753 -0.011290 -0.021505
0 0.007258 0.010753 -0.011290 -0.021505
0 0.008871 0.013978 -0.014516 -0.027957
0 0.007258 0.010753 -0.011290 -0.021505
0 0.005645 0.008602 -0.008065 -0.017204
0 0.007258 0.010753 -0.011290 -0.021505
0 0.008871 0.013978 -0.014516 -0.027957
0 0.007258 0.010753 -0.011290 -0.021505
0 0.008871 0.013978 -0.014516 -0.027957
0 0.008871 0.013978 -0.014516 -0.027957
0 0.007258 0.010753 -0.011290 -0.021505
0 0.008871 0.013978 -0.014516 -0.027957
0 0.008871 0.013978 -0.014516 -0.027957
0 0.007258 0.010753 -0.011290 -0.021505
0 0.007258 0.010753 -0.011290 -0.021505
0 0.012097 0.019355 -0.020968 -0.038710
0 0.007258 0.010753 -0.011290 -0.021505
0 0.012097 0.019355 -0.020968 -0.038710
0 0.008871 0.013978 -0.014516 -0.027957
0 0.007258 0.010753 -0.011290 -0.021505
0 0.007258 0.010753 -0.011290 -0.021505
0 0.005645 0.008602 -0.008065 -0.017204