0 0.005556 0.010036 -0.008889 -0.020073
0 0.010000 0.017336 -0.017778 -0.034672
0 0.003333 0.006387 -0.004444 -0.012774
0 0.011111 0.026460 -0.020000 -0.052920
0 0.012778 0.024635 -0.023333 -0.049270
0 0.014444 0.029197 -0.026667 -0.058394
0 0.011111 0.026460 -0.020000 -0.052920
0 0.003333 0.006387 -0.004444 -0.012774
0 0.003889 0.006387 -0.005556 -0.012774
0 0.006667 0.010949 -0.011111 -0.021898
0 0.006667 0.010949 -0.011111 -0.021898
0 0.006667 0.010949 -0.011111 -0.021898
0 0.003333 0.006387 -0.004444 -0.012774
0 0.005556 0.010036 -0.008889 -0.020073
0 0.011111 0.026460 -0.020000 -0.052920
0 0.005556 0.010036 -0.008889 -0.020073
0 0.005556 0.010036 -0.008889 -0.020073
0 0.003889 0.006387 -0.005556 -0.012774
0 0.014444 0.029197 -0.026667 -0.058394
0 0.011111 0.026460 -0.020000 -0.052920
0 0.005556 0.010036 -0.008889 -0.020073
0 0.005556 0.010036 -0.008889 -0.020073
0 0.003333 0.006387 -0.004444 -0.012774
0 0.003333 0.006387 -0.004444 -0.012774
0 0.025556 0.046533 -0.048889 -0.093066
0 0.017222 0.035584 -0.032222 -0.071168
0 0.006667 0.015511 -0.011111 -0.031022
0 0.006667 0.010949 -0.011111 -0.021898
0 0.013889 0.026460 -0.025556 -0.052920
0 0.010000 0.019161 -0.017778 -0.038321
0 0.003333 0.006387 -0.004444 -0.012774
0 0.003889 0.006387 -0.005556 -0.012774
0 0.003889 0.006387 -0.005556 -0.012774
0 0.005556 0.010036 -0.008889 -0.020073
0 0.014444 0.029197 -0.026667 -0.058394
0 0.017222 0.035584 -0.032222 -0.071168
0 0.005556 0.010036 -0.008889 -0.020073
0 0.006667 0.010949 -0.011111 -0.021898
0 0.017222 0.035584 -0.032222 -0.071168
0 0.003333 0.006387 -0.004444 -0.012774
0 0.005556 0.010036 -0.008889 -0.020073
0 0.006667 0.010949 -0.011111 -0.021898
0 0.005556 0.010036 -0.008889 -0.020073
0 0.003889 0.006387 -0.005556 -0.012774
0 0.006667 0.015511 -0.011111 -0.031022
0 0.003333 0.006387 -0.004444 -0.012774
0 0.006667 0.015511 -0.011111 -0.031022
0 0.008333 0.017336 -0.014444 -0.034672
0 0.031667 0.067518 -0.061111 -0.135036
0 0.003889 0.006387 -0.005556 -0.012774
0 0.006667 0.010949 -0.011111 -0.021898
0 0.011111 0.026460 -0.020000 -0.052920
0 0.003889 0.006387 -0.005556 -0.012774
0 0.006667 0.010949 -0.011111 -0.021898
0 0.012778 0.024635 -0.023333 -0.049270
0 0.005556 0.010036 -0.008889 -0.020073
0 0.017222 0.035584 -0.032222 -0.071168
0 0.030000 0.067518 -0.057778 -0.135036
0 0.003333 0.006387 -0.004444 -0.012774
0 0.003333 0.006387 -0.004444 -0.012774
0 0.003889 0.006387 -0.005556 -0.012774
0 0.012778 0.024635 -0.023333 -0.049270
0 0.006667 0.010949 -0.011111 -0.021898
0 0.003889 0.006387 -0.005556 -0.012774
0 0.011111 0.026460 -0.020000 -0.052920
0 0.003889 0.006387 -0.005556 -0.012774
0 0.003333 0.006387 -0.004444 -0.012774
0 0.013889 0.026460 -0.025556 -0.052920
0 0.003889 0.006387 -0.005556 -0.012774
0 0.006667 0.010949 -0.011111 -0.021898
0 0.005556 0.010036 -0.008889 -0.020073
0 0.005556 0.010036 -0.008889 -0.020073
0 0.003889 0.006387 -0.005556 -0.012774
0 0.003889 0.006387 -0.005556 -0.012774
0 0.003333 0.006387 -0.004444 -0.012774
0 0.003333 0.006387 -0.004444 -0.012774
0 0.003333 0.006387 -0.004444 -0.012774
0 0.003889 0.006387 -0.005556 -0.012774
0 0.003333 0.006387 -0.004444 -0.012774
0 0.012778 0.024635 -0.023333 -0.049270
0 0.003889 0.006387 -0.005556 -0.012774
0 0.006667 0.010949 -0.011111 -0.021898
0 0.003889 0.006387 -0.005556 -0.012774
0 0.014444 0.029197 -0.026667 -0.058394
0 0.012778 0.024635 -0.023333 -0.049270
0 0.006667 0.010949 -0.011111 -0.021898
0 0.032778 0.060219 -0.063333 -0.120438
0 0.005556 0.010036 -0.008889 -0.020073
0 0.008333 0.017336 -0.014444 -0.034672
0 0.003333 0.006387 -0.004444 -0.012774
0 0.008333 0.017336 -0.014444 -0.034672
0 0.031667 0.074818 -0.061111 -0.149635
0 0.025556 0.046533 -0.048889 -0.093066
0 0.003889 0.006387 -0.005556 -0.012774
0 0.010000 0.019161 -0.017778 -0.038321
0 0.010000 0.017336 -0.017778 -0.034672
0 0.008333 0.017336 -0.014444 -0.034672
0 0.011111 0.026460 -0.020000 -0.052920
0 0.012778 0.024635 -0.023333 -0.049270
0 0.025556 0.046533 -0.048889 -0.093066
0 0.014444 0.029197 -0.026667 -0.058394
0 0.008333 0.017336 -0.014444 -0.034672
0 0.005556 0.010036 -0.008889 -0.020073
0 0.012778 0.024635 -0.023333 -0.049270
0 0.006667 0.010949 -0.011111 -0.021898
0 0.003889 0.006387 -0.005556 -0.012774
0 0.005556 0.010036 -0.008889 -0.020073
0 0.006667 0.015511 -0.011111 -0.031022
0 0.003889 0.006387 -0.005556 -0.012774
0 0.008333 0.017336 -0.014444 -0.034672
0 0.017222 0.057482 -0.032222 -0.114964
0 0.003889 0.006387 -0.005556 -0.012774
0 0.006667 0.010949 -0.011111 -0.021898
0 0.031667 0.074818 -0.061111 -0.149635
0 0.006667 0.010949 -0.011111 -0.021898
0 0.003889 0.006387 -0.005556 -0.012774
0 0.003889 0.006387 -0.005556 -0.012774
0 0.005556 0.010036 -0.008889 -0.020073
0 0.005556 0.010036 -0.008889 -0.020073
0 0.010000 0.019161 -0.017778 -0.038321
0 0.006667 0.010949 -0.011111 -0.021898
0 0.003889 0.006387 -0.005556 -0.012774
0 0.020556 0.043796 -0.038889 -0.087591
0 0.005556 0.010036 -0.008889 -0.020073
0 0.003333 0.006387 -0.004444 -0.012774
0 0.003889 0.006387 -0.005556 -0.012774
0 0.011111 0.026460 -0.020000 -0.052920
0 0.008333 0.017336 -0.014444 -0.034672
0 0.003333 0.006387 -0.004444 -0.012774
0 0.008333 0.014599 -0.014444 -0.029197
0 0.005556 0.010036 -0.008889 -0.020073
0 0.006667 0.010949 -0.011111 -0.021898
0 0.003333 0.006387 -0.004444 -0.012774
0 0.012778 0.024635 -0.023333 -0.049270
0 0.031667 0.067518 -0.061111 -0.135036
0 0.003333 0.006387 -0.004444 -0.012774
0 0.003333 0.006387 -0.004444 -0.012774
0 0.005556 0.010036 -0.008889 -0.020073
0 0.003333 0.006387 -0.004444 -0.012774
0 0.006667 0.010949 -0.011111 -0.021898
0 0.003889 0.006387 -0.005556 -0.012774
0 0.012778 0.024635 -0.023333 -0.049270
0 0.003889 0.006387 -0.005556 -0.012774
0 0.006667 0.010949 -0.011111 -0.021898
0 0.008333 0.014599 -0.014444 -0.029197
0 0.005556 0.010036 -0.008889 -0.020073
0 0.005556 0.010036 -0.008889 -0.020073
0 0.031667 0.074818 -0.061111 -0.149635