0 0.017060 0.025298 -0.028871 -0.050595
0 0.013123 0.016369 -0.020997 -0.032738
0 0.009186 0.011905 -0.013123 -0.023810
0 0.017060 0.025298 -0.028871 -0.050595
0 0.014436 0.019345 -0.023622 -0.038690
0 0.010499 0.013393 -0.015748 -0.026786
0 0.027559 0.038690 -0.049869 -0.077381
0 0.010499 0.011905 -0.015748 -0.023810
0 0.010499 0.013393 -0.015748 -0.026786
0 0.010499 0.013393 -0.015748 -0.026786
0 0.009186 0.011905 -0.013123 -0.023810
0 0.010499 0.013393 -0.015748 -0.026786
0 0.024934 0.031250 -0.044619 -0.062500
0 0.010499 0.013393 -0.015748 -0.026786
0 0.010499 0.011905 -0.015748 -0.023810
0 0.024934 0.031250 -0.044619 -0.062500
0 0.014436 0.017857 -0.023622 -0.035714
0 0.013123 0.016369 -0.020997 -0.032738
0 0.017060 0.025298 -0.028871 -0.050595
0 0.010499 0.013393 -0.015748 -0.026786
0 0.010499 0.011905 -0.015748 -0.023810
0 0.014436 0.017857 -0.023622 -0.035714
0 0.009186 0.011905 -0.013123 -0.023810
0 0.027559 0.038690 -0.049869 -0.077381
0 0.034121 0.046131 -0.062992 -0.092262
0 0.034121 0.035714 -0.062992 -0.071429
0 0.009186 0.011905 -0.013123 -0.023810
0 0.013123 0.016369 -0.020997 -0.032738
0 0.009186 0.011905 -0.013123 -0.023810
0 0.024934 0.031250 -0.044619 -0.062500
0 0.009186 0.011905 -0.013123 -0.023810
0 0.009186 0.011905 -0.013123 -0.023810
0 0.024934 0.031250 -0.044619 -0.062500
0 0.017060 0.025298 -0.028871 -0.050595
0 0.010499 0.011905 -0.015748 -0.023810
0 0.013123 0.016369 -0.020997 -0.032738
0 0.007874 0.010417 -0.010499 -0.020833
0 0.010499 0.011905 -0.015748 -0.023810
0 0.024934 0.031250 -0.044619 -0.062500
0 0.034121 0.035714 -0.062992 -0.071429
0 0.013123 0.016369 -0.020997 -0.032738
0 0.014436 0.017857 -0.023622 -0.035714
0 0.010499 0.013393 -0.015748 -0.026786
0 0.024934 0.031250 -0.044619 -0.062500
0 0.010499 0.013393 -0.015748 -0.026786
0 0.014436 0.017857 -0.023622 -0.035714
0 0.010499 0.011905 -0.015748 -0.023810
0 0.014436 0.019345 -0.023622 -0.038690
0 0.009186 0.011905 -0.013123 -0.023810
0 0.009186 0.011905 -0.013123 -0.023810
0 0.010499 0.013393 -0.015748 -0.026786
0 0.034121 0.046131 -0.062992 -0.092262
0 0.019685 0.026786 -0.034121 -0.053571
0 0.017060 0.025298 -0.028871 -0.050595
0 0.014436 0.019345 -0.023622 -0.038690
0 0.007874 0.010417 -0.010499 -0.020833
0 0.024934 0.034226 -0.044619 -0.068452
0 0.034121 0.046131 -0.062992 -0.092262
0 0.013123 0.016369 -0.020997 -0.032738
0 0.027559 0.038690 -0.049869 -0.077381
0 0.027559 0.038690 -0.049869 -0.077381
0 0.017060 0.025298 -0.028871 -0.050595
0 0.024934 0.031250 -0.044619 -0.062500
0 0.027559 0.038690 -0.049869 -0.077381
0 0.013123 0.016369 -0.020997 -0.032738
0 0.027559 0.038690 -0.049869 -0.077381
0 0.010499 0.013393 -0.015748 -0.026786
0 0.017060 0.025298 -0.028871 -0.050595
0 0.013123 0.016369 -0.020997 -0.032738
0 0.034121 0.046131 -0.062992 -0.092262
0 0.009186 0.011905 -0.013123 -0.023810
0 0.014436 0.017857 -0.023622 -0.035714
0 0.019685 0.026786 -0.034121 -0.053571
0 0.024934 0.034226 -0.044619 -0.068452
0 0.007874 0.010417 -0.010499 -0.020833
0 0.010499 0.011905 -0.015748 -0.023810
0 0.010499 0.013393 -0.015748 -0.026786
0 0.013123 0.016369 -0.020997 -0.032738
0 0.022310 0.026786 -0.039370 -0.053571