0 0.008889 0.015833 -0.015556 -0.031667
0 0.008889 0.015833 -0.015556 -0.031667
0 0.012222 0.020000 -0.022222 -0.040000
0 0.008889 0.015833 -0.015556 -0.031667
0 0.027778 0.059167 -0.053333 -0.118333
0 0.008889 0.015833 -0.015556 -0.031667
0 0.012778 0.021667 -0.023333 -0.043333
0 0.015000 0.023333 -0.027778 -0.046667
0 0.008889 0.015833 -0.015556 -0.031667
0 0.010000 0.017500 -0.017778 -0.035000
0 0.008889 0.015833 -0.015556 -0.031667
0 0.015556 0.026667 -0.028889 -0.053333
0 0.008889 0.015833 -0.015556 -0.031667
0 0.008889 0.015833 -0.015556 -0.031667
0 0.012222 0.021667 -0.022222 -0.043333
0 0.008889 0.015833 -0.015556 -0.031667
0 0.007222 0.012500 -0.012222 -0.025000
0 0.008889 0.015833 -0.015556 -0.031667
0 0.008889 0.015833 -0.015556 -0.031667
0 0.023889 0.045833 -0.045556 -0.091667
0 0.008889 0.015833 -0.015556 -0.031667
0 0.023889 0.045833 -0.045556 -0.091667
0 0.015000 0.023333 -0.027778 -0.046667
0 0.007222 0.012500 -0.012222 -0.025000
0 0.010000 0.018333 -0.017778 -0.036667
0 0.024444 0.045000 -0.046667 -0.090000
0 0.012778 0.021667 -0.023333 -0.043333
0 0.012778 0.021667 -0.023333 -0.043333
0 0.012222 0.021667 -0.022222 -0.043333
0 0.012778 0.021667 -0.023333 -0.043333
0 0.008889 0.015833 -0.015556 -0.031667
0 0.015000 0.023333 -0.027778 -0.046667
0 0.008889 0.015833 -0.015556 -0.031667
0 0.013889 0.025000 -0.025556 -0.050000
0 0.008889 0.015833 -0.015556 -0.031667
0 0.008889 0.015833 -0.015556 -0.031667
0 0.012778 0.021667 -0.023333 -0.043333
0 0.012222 0.021667 -0.022222 -0.043333
0 0.023889 0.045833 -0.045556 -0.091667
0 0.008889 0.015833 -0.015556 -0.031667
0 0.007222 0.012500 -0.012222 -0.025000
0 0.012222 0.021667 -0.022222 -0.043333
0 0.007222 0.012500 -0.012222 -0.025000
0 0.012778 0.021667 -0.023333 -0.043333
0 0.012778 0.021667 -0.023333 -0.043333
0 0.012778 0.021667 -0.023333 -0.043333
0 0.012778 0.021667 -0.023333 -0.043333
0 0.008889 0.015833 -0.015556 -0.031667
0 0.012778 0.021667 -0.023333 -0.043333
0 0.008889 0.015833 -0.015556 -0.031667
0 0.007222 0.012500 -0.012222 -0.025000
0 0.012222 0.022500 -0.022222 -0.045000
0 0.013889 0.025000 -0.025556 -0.050000
0 0.008889 0.015833 -0.015556 -0.031667
0 0.015000 0.023333 -0.027778 -0.046667
0 0.012222 0.020000 -0.022222 -0.040000
0 0.012222 0.021667 -0.022222 -0.043333
0 0.015000 0.023333 -0.027778 -0.046667
0 0.012778 0.021667 -0.023333 -0.043333
0 0.012222 0.021667 -0.022222 -0.043333
0 0.021111 0.040833 -0.040000 -0.081667
0 0.013889 0.025000 -0.025556 -0.050000
0 0.027778 0.059167 -0.053333 -0.118333
0 0.027778 0.059167 -0.053333 -0.118333
0 0.008889 0.015833 -0.015556 -0.031667
0 0.012778 0.021667 -0.023333 -0.043333
0 0.008889 0.015833 -0.015556 -0.031667
0 0.008889 0.015833 -0.015556 -0.031667
0 0.008889 0.015833 -0.015556 -0.031667
0 0.008889 0.015833 -0.015556 -0.031667
0 0.012222 0.021667 -0.022222 -0.043333
0 0.007222 0.012500 -0.012222 -0.025000
0 0.020556 0.038333 -0.038889 -0.076667
0 0.008889 0.015833 -0.015556 -0.031667
0 0.047222 0.077500 -0.092222 -0.155000
0 0.008889 0.015833 -0.015556 -0.031667
0 0.008889 0.015833 -0.015556 -0.031667
0 0.012222 0.021667 -0.022222 -0.043333
0 0.008889 0.015833 -0.015556 -0.031667
0 0.010000 0.018333 -0.017778 -0.036667
0 0.012778 0.021667 -0.023333 -0.043333
0 0.008889 0.015833 -0.015556 -0.031667
0 0.008889 0.015833 -0.015556 -0.031667
0 0.012222 0.020000 -0.022222 -0.040000
0 0.012778 0.021667 -0.023333 -0.043333
0 0.012222 0.020000 -0.022222 -0.040000
0 0.012222 0.020000 -0.022222 -0.040000
0 0.012222 0.020000 -0.022222 -0.040000
0 0.012222 0.020000 -0.022222 -0.040000
0 0.012778 0.021667 -0.023333 -0.043333
0 0.008889 0.015833 -0.015556 -0.031667
0 0.017222 0.029167 -0.032222 -0.058333
0 0.007222 0.012500 -0.012222 -0.025000
0 0.008333 0.015000 -0.014444 -0.030000
0 0.012222 0.020000 -0.022222 -0.040000
0 0.008889 0.015833 -0.015556 -0.031667
0 0.012222 0.021667 -0.022222 -0.043333
0 0.008889 0.015833 -0.015556 -0.031667
0 0.008889 0.015833 -0.015556 -0.031667
0 0.008889 0.015833 -0.015556 -0.031667
0 0.015000 0.023333 -0.027778 -0.046667
0 0.009444 0.016667 -0.016667 -0.033333
0 0.024444 0.045000 -0.046667 -0.090000
0 0.015000 0.023333 -0.027778 -0.046667
0 0.008889 0.015833 -0.015556 -0.031667
0 0.008889 0.015833 -0.015556 -0.031667
0 0.008889 0.015833 -0.015556 -0.031667
0 0.027778 0.048333 -0.053333 -0.096667
0 0.017222 0.029167 -0.032222 -0.058333
0 0.008889 0.015833 -0.015556 -0.031667