0 0.010106 0.019936 -0.018085 -0.039872
0 0.013298 0.024721 -0.024468 -0.049442
0 0.013298 0.024721 -0.024468 -0.049442
0 0.004787 0.010367 -0.007447 -0.020734
0 0.012766 0.031100 -0.023404 -0.062201
0 0.007447 0.017544 -0.012766 -0.035088
0 0.010638 0.018341 -0.019149 -0.036683
0 0.006915 0.013557 -0.011702 -0.027113
0 0.005851 0.009569 -0.009574 -0.019139
0 0.014362 0.026316 -0.026596 -0.052632
0 0.004787 0.010367 -0.007447 -0.020734
0 0.005851 0.009569 -0.009574 -0.019139
0 0.004255 0.006380 -0.006383 -0.012759
0 0.005851 0.012759 -0.009574 -0.025518
0 0.010638 0.018341 -0.019149 -0.036683
0 0.004787 0.010367 -0.007447 -0.020734
0 0.014362 0.026316 -0.026596 -0.052632
0 0.010106 0.019936 -0.018085 -0.039872
0 0.010106 0.019936 -0.018085 -0.039872
0 0.011170 0.016746 -0.020213 -0.033493
0 0.010638 0.018341 -0.019149 -0.036683
0 0.007447 0.017544 -0.012766 -0.035088
0 0.009574 0.019139 -0.017021 -0.038278
0 0.006915 0.013557 -0.011702 -0.027113
0 0.012766 0.031100 -0.023404 -0.062201
0 0.007447 0.017544 -0.012766 -0.035088
0 0.004787 0.010367 -0.007447 -0.020734
0 0.005851 0.009569 -0.009574 -0.019139
0 0.005851 0.012759 -0.009574 -0.025518
0 0.006915 0.013557 -0.011702 -0.027113
0 0.014362 0.026316 -0.026596 -0.052632
0 0.005851 0.009569 -0.009574 -0.019139
0 0.014362 0.026316 -0.026596 -0.052632
0 0.005851 0.009569 -0.009574 -0.019139
0 0.006383 0.010367 -0.010638 -0.020734
0 0.005851 0.009569 -0.009574 -0.019139
0 0.010638 0.018341 -0.019149 -0.036683
0 0.006383 0.010367 -0.010638 -0.020734
0 0.004787 0.010367 -0.007447 -0.020734
0 0.009574 0.019139 -0.017021 -0.038278
0 0.004787 0.010367 -0.007447 -0.020734
0 0.007447 0.017544 -0.012766 -0.035088
0 0.012766 0.031100 -0.023404 -0.062201
0 0.005851 0.009569 -0.009574 -0.019139
0 0.005851 0.012759 -0.009574 -0.025518