0 0.001709 0.002933 -0.002441 -0.005865
0 0.000977 0.001466 -0.000977 -0.002933
0 0.001709 0.003666 -0.002441 -0.007331
0 0.003418 0.005865 -0.005859 -0.011730
0 0.001709 0.002933 -0.002441 -0.005865
0 0.000488 0.000367 0.000000 -0.000733
0 0.002441 0.003666 -0.003906 -0.007331
0 0.003906 0.005865 -0.006836 -0.011730
0 0.000977 0.001466 -0.000977 -0.002933
0 0.002197 0.003666 -0.003418 -0.007331
0 0.003906 0.005865 -0.006836 -0.011730
0 0.002441 0.003666 -0.003906 -0.007331
0 0.003906 0.005865 -0.006836 -0.011730
0 0.001709 0.002933 -0.002441 -0.005865
0 0.003174 0.004765 -0.005371 -0.009531
0 0.001709 0.002933 -0.002441 -0.005865
0 0.003906 0.005865 -0.006836 -0.011730
0 0.002197 0.003666 -0.003418 -0.007331
0 0.002686 0.004399 -0.004395 -0.008798
0 0.001709 0.002566 -0.002441 -0.005132
0 0.003906 0.005865 -0.006836 -0.011730
0 0.002197 0.003666 -0.003418 -0.007331
0 0.001709 0.002933 -0.002441 -0.005865
0 0.000977 0.001466 -0.000977 -0.002933
0 0.000244 0.000000 0.000488 0.000000
0 0.003174 0.004765 -0.005371 -0.009531
0 0.002930 0.005132 -0.004883 -0.010264
0 0.001709 0.002933 -0.002441 -0.005865
0 0.003906 0.005865 -0.006836 -0.011730
0 0.001709 0.002933 -0.002441 -0.005865
0 0.000977 0.001466 -0.000977 -0.002933
0 0.003418 0.005865 -0.005859 -0.011730
0 0.001709 0.003666 -0.002441 -0.007331
0 0.002930 0.005132 -0.004883 -0.010264
0 0.002441 0.003666 -0.003906 -0.007331
0 0.001953 0.002933 -0.002930 -0.005865
0 0.002197 0.003666 -0.003418 -0.007331
0 0.000977 0.001466 -0.000977 -0.002933
0 0.003418 0.005865 -0.005859 -0.011730
0 0.001953 0.002933 -0.002930 -0.005865
0 0.000977 0.001466 -0.000977 -0.002933
0 0.003174 0.004765 -0.005371 -0.009531
0 0.002686 0.004399 -0.004395 -0.008798
0 0.002197 0.003666 -0.003418 -0.007331
0 0.001221 0.001466 -0.001465 -0.002933
0 0.002197 0.002933 -0.003418 -0.005865
0 0.003418 0.005865 -0.005859 -0.011730
0 0.000977 0.001466 -0.000977 -0.002933
0 0.002686 0.004399 -0.004395 -0.008798
0 0.003906 0.005865 -0.006836 -0.011730
0 0.002686 0.004399 -0.004395 -0.008798
0 0.001709 0.003299 -0.002441 -0.006598
0 0.002197 0.003666 -0.003418 -0.007331
0 0.003906 0.005865 -0.006836 -0.011730
0 0.000977 0.001466 -0.000977 -0.002933
0 0.002197 0.002933 -0.003418 -0.005865
0 0.002197 0.002933 -0.003418 -0.005865
0 0.003418 0.005865 -0.005859 -0.011730
0 0.003418 0.005865 -0.005859 -0.011730
0 0.001709 0.002933 -0.002441 -0.005865
0 0.003418 0.005865 -0.005859 -0.011730
0 0.002441 0.003666 -0.003906 -0.007331
0 0.003174 0.004765 -0.005371 -0.009531
0 0.000488 0.000367 0.000000 -0.000733
0 0.001953 0.002566 -0.002930 -0.005132
0 0.003418 0.005865 -0.005859 -0.011730
0 0.000977 0.001466 -0.000977 -0.002933
0 0.002197 0.003666 -0.003418 -0.007331
0 0.003174 0.004765 -0.005371 -0.009531
0 0.002197 0.003666 -0.003418 -0.007331
0 0.003174 0.004765 -0.005371 -0.009531
0 0.003418 0.005865 -0.005859 -0.011730
0 0.003906 0.005865 -0.006836 -0.011730
0 0.002197 0.003666 -0.003418 -0.007331
0 0.003418 0.005865 -0.005859 -0.011730
0 0.002686 0.004399 -0.004395 -0.008798
0 0.001709 0.003666 -0.002441 -0.007331
0 0.003418 0.005865 -0.005859 -0.011730
0 0.003418 0.005865 -0.005859 -0.011730
0 0.001709 0.003299 -0.002441 -0.006598
0 0.002197 0.003666 -0.003418 -0.007331
0 0.000977 0.001466 -0.000977 -0.002933
0 0.003418 0.005865 -0.005859 -0.011730
0 0.001709 0.003666 -0.002441 -0.007331
0 0.001709 0.003666 -0.002441 -0.007331
0 0.000732 0.000733 -0.000488 -0.001466
0 0.002197 0.003666 -0.003418 -0.007331
0 0.001709 0.002566 -0.002441 -0.005132
0 0.001709 0.002933 -0.002441 -0.005865
0 0.001709 0.002933 -0.002441 -0.005865
0 0.000732 0.000733 -0.000488 -0.001466
0 0.003174 0.004765 -0.005371 -0.009531
0 0.003906 0.005865 -0.006836 -0.011730
0 0.002441 0.003666 -0.003906 -0.007331
0 0.001709 0.002933 -0.002441 -0.005865
0 0.003174 0.004765 -0.005371 -0.009531
0 0.000977 0.001466 -0.000977 -0.002933
0 0.001709 0.003299 -0.002441 -0.006598
0 0.003174 0.004765 -0.005371 -0.009531
0 0.002197 0.002933 -0.003418 -0.005865
0 0.000977 0.001466 -0.000977 -0.002933
0 0.001709 0.003299 -0.002441 -0.006598
0 0.003418 0.005865 -0.005859 -0.011730
0 0.001953 0.002933 -0.002930 -0.005865
0 0.002686 0.004399 -0.004395 -0.008798
0 0.002686 0.004399 -0.004395 -0.008798
0 0.003906 0.005865 -0.006836 -0.011730
0 0.000732 0.000733 -0.000488 -0.001466
0 0.003174 0.004765 -0.005371 -0.009531
0 0.002441 0.003666 -0.003906 -0.007331
0 0.003906 0.005865 -0.006836 -0.011730
0 0.001709 0.002933 -0.002441 -0.005865
0 0.003418 0.005865 -0.005859 -0.011730
0 0.001709 0.002933 -0.002441 -0.005865
0 0.001709 0.002933 -0.002441 -0.005865
0 0.003174 0.004765 -0.005371 -0.009531
0 0.002686 0.004399 -0.004395 -0.008798
0 0.000977 0.001466 -0.000977 -0.002933
0 0.003906 0.005865 -0.006836 -0.011730
0 0.003174 0.004765 -0.005371 -0.009531
0 0.000977 0.001466 -0.000977 -0.002933
0 0.001709 0.003299 -0.002441 -0.006598
0 0.001709 0.002933 -0.002441 -0.005865
0 0.001709 0.002933 -0.002441 -0.005865
0 0.001953 0.002933 -0.002930 -0.005865
0 0.002441 0.003666 -0.003906 -0.007331
0 0.003174 0.004765 -0.005371 -0.009531
0 0.001709 0.003666 -0.002441 -0.007331
0 0.001953 0.001100 -0.002930 -0.002199
0 0.002197 0.003666 -0.003418 -0.007331
0 0.001709 0.003666 -0.002441 -0.007331
0 0.003418 0.005865 -0.005859 -0.011730
0 0.003174 0.004765 -0.005371 -0.009531
0 0.003906 0.005865 -0.006836 -0.011730
0 0.001709 0.002566 -0.002441 -0.005132
0 0.000977 0.001466 -0.000977 -0.002933
0 0.001709 0.003666 -0.002441 -0.007331
0 0.002441 0.003666 -0.003906 -0.007331
0 0.001709 0.002933 -0.002441 -0.005865
0 0.003906 0.005865 -0.006836 -0.011730
0 0.002197 0.002933 -0.003418 -0.005865
0 0.001953 0.002933 -0.002930 -0.005865
0 0.003906 0.005865 -0.006836 -0.011730
0 0.001709 0.002933 -0.002441 -0.005865
0 0.001709 0.002933 -0.002441 -0.005865
0 0.000977 0.001466 -0.000977 -0.002933
0 0.002441 0.003666 -0.003906 -0.007331
0 0.003906 0.005865 -0.006836 -0.011730
0 0.001709 0.002566 -0.002441 -0.005132
0 0.001953 0.003299 -0.002930 -0.006598
0 0.000244 0.000000 0.000488 0.000000
0 0.002197 0.003666 -0.003418 -0.007331
0 0.003174 0.004765 -0.005371 -0.009531
0 0.000732 0.000733 -0.000488 -0.001466
0 0.001709 0.002933 -0.002441 -0.005865
0 0.003906 0.005865 -0.006836 -0.011730
0 0.000488 0.000367 0.000000 -0.000733
0 0.000977 0.001466 -0.000977 -0.002933
0 0.000977 0.001466 -0.000977 -0.002933
0 0.003418 0.005865 -0.005859 -0.011730
0 0.000977 0.001466 -0.000977 -0.002933
0 0.002197 0.003666 -0.003418 -0.007331
0 0.001709 0.003299 -0.002441 -0.006598
0 0.002441 0.003666 -0.003906 -0.007331
0 0.002197 0.003666 -0.003418 -0.007331
0 0.001709 0.002933 -0.002441 -0.005865
0 0.002197 0.003666 -0.003418 -0.007331
0 0.000977 0.001466 -0.000977 -0.002933
0 0.002197 0.003666 -0.003418 -0.007331
0 0.001953 0.002933 -0.002930 -0.005865
0 0.001709 0.002566 -0.002441 -0.005132
0 0.002197 0.003666 -0.003418 -0.007331
0 0.001709 0.002933 -0.002441 -0.005865
0 0.001709 0.002933 -0.002441 -0.005865
0 0.002197 0.003666 -0.003418 -0.007331
0 0.002197 0.002933 -0.003418 -0.005865
0 0.003418 0.005865 -0.005859 -0.011730
0 0.001709 0.002933 -0.002441 -0.005865
0 0.000977 0.001466 -0.000977 -0.002933
0 0.003174 0.004765 -0.005371 -0.009531
0 0.001709 0.002933 -0.002441 -0.005865
0 0.001709 0.002933 -0.002441 -0.005865
0 0.003418 0.005865 -0.005859 -0.011730
0 0.002441 0.003666 -0.003906 -0.007331
0 0.003418 0.005865 -0.005859 -0.011730
0 0.001709 0.003299 -0.002441 -0.006598
0 0.001953 0.002933 -0.002930 -0.005865
0 0.002686 0.004399 -0.004395 -0.008798
0 0.001709 0.002933 -0.002441 -0.005865
0 0.003906 0.005865 -0.006836 -0.011730
0 0.002441 0.003666 -0.003906 -0.007331
0 0.001709 0.002933 -0.002441 -0.005865
0 0.003418 0.005865 -0.005859 -0.011730
0 0.001709 0.003299 -0.002441 -0.006598
0 0.001953 0.002933 -0.002930 -0.005865
0 0.002686 0.004399 -0.004395 -0.008798
0 0.002197 0.003666 -0.003418 -0.007331
0 0.002197 0.003666 -0.003418 -0.007331
0 0.001709 0.003299 -0.002441 -0.006598
0 0.001709 0.003666 -0.002441 -0.007331
0 0.001709 0.002933 -0.002441 -0.005865
0 0.000732 0.000733 -0.000488 -0.001466
0 0.001709 0.003299 -0.002441 -0.006598
0 0.001709 0.002933 -0.002441 -0.005865
0 0.001709 0.003666 -0.002441 -0.007331
0 0.001709 0.003299 -0.002441 -0.006598
0 0.003174 0.004765 -0.005371 -0.009531
0 0.002686 0.004399 -0.004395 -0.008798
0 0.002197 0.003666 -0.003418 -0.007331
0 0.001709 0.003666 -0.002441 -0.007331
0 0.002197 0.003666 -0.003418 -0.007331
0 0.000977 0.001466 -0.000977 -0.002933
0 0.001709 0.003299 -0.002441 -0.006598
0 0.001709 0.003666 -0.002441 -0.007331
0 0.000488 0.000367 0.000000 -0.000733
0 0.001709 0.002933 -0.002441 -0.005865
0 0.001953 0.001100 -0.002930 -0.002199
0 0.002686 0.004399 -0.004395 -0.008798
0 0.002686 0.004399 -0.004395 -0.008798
0 0.000732 0.000733 -0.000488 -0.001466
0 0.003906 0.005865 -0.006836 -0.011730
0 0.003906 0.005865 -0.006836 -0.011730
0 0.001953 0.001100 -0.002930 -0.002199
0 0.001709 0.002566 -0.002441 -0.005132
0 0.002197 0.003666 -0.003418 -0.007331
0 0.002197 0.003666 -0.003418 -0.007331
0 0.001709 0.003666 -0.002441 -0.007331
0 0.002197 0.003666 -0.003418 -0.007331
0 0.001709 0.003299 -0.002441 -0.006598
0 0.002197 0.002933 -0.003418 -0.005865
0 0.003906 0.005865 -0.006836 -0.011730
0 0.002686 0.004399 -0.004395 -0.008798
0 0.002197 0.003666 -0.003418 -0.007331
0 0.000732 0.000733 -0.000488 -0.001466
0 0.001709 0.002933 -0.002441 -0.005865
0 0.001709 0.003666 -0.002441 -0.007331
0 0.002197 0.002933 -0.003418 -0.005865
0 0.003418 0.005865 -0.005859 -0.011730
0 0.001709 0.002933 -0.002441 -0.005865
0 0.002441 0.003666 -0.003906 -0.007331
0 0.001709 0.003299 -0.002441 -0.006598
0 0.001953 0.002933 -0.002930 -0.005865
0 0.002197 0.002933 -0.003418 -0.005865
0 0.002197 0.003666 -0.003418 -0.007331
0 0.002197 0.002933 -0.003418 -0.005865
0 0.001709 0.003299 -0.002441 -0.006598
0 0.001709 0.002933 -0.002441 -0.005865
0 0.002197 0.002933 -0.003418 -0.005865
0 0.000488 0.000367 0.000000 -0.000733
0 0.003174 0.004765 -0.005371 -0.009531
0 0.001221 0.001466 -0.001465 -0.002933
0 0.002197 0.003666 -0.003418 -0.007331
0 0.001709 0.002933 -0.002441 -0.005865
0 0.003418 0.005865 -0.005859 -0.011730
0 0.001953 0.002933 -0.002930 -0.005865
0 0.002441 0.003666 -0.003906 -0.007331
0 0.001709 0.003666 -0.002441 -0.007331
0 0.002686 0.004399 -0.004395 -0.008798
0 0.001709 0.002933 -0.002441 -0.005865
0 0.002441 0.003666 -0.003906 -0.007331
0 0.000977 0.001466 -0.000977 -0.002933
0 0.003418 0.005865 -0.005859 -0.011730
0 0.003906 0.005865 -0.006836 -0.011730
0 0.003174 0.004765 -0.005371 -0.009531
0 0.002441 0.003666 -0.003906 -0.007331
0 0.003418 0.005865 -0.005859 -0.011730
0 0.002441 0.003666 -0.003906 -0.007331
0 0.001953 0.002933 -0.002930 -0.005865
0 0.002930 0.005132 -0.004883 -0.010264
0 0.003174 0.004765 -0.005371 -0.009531
0 0.003174 0.004765 -0.005371 -0.009531
0 0.000977 0.001466 -0.000977 -0.002933
0 0.001709 0.002933 -0.002441 -0.005865
0 0.003418 0.005865 -0.005859 -0.011730
0 0.001953 0.001100 -0.002930 -0.002199
0 0.003418 0.005865 -0.005859 -0.011730
0 0.003418 0.005865 -0.005859 -0.011730
0 0.000977 0.001466 -0.000977 -0.002933
0 0.000244 0.000000 0.000488 0.000000
0 0.001709 0.003299 -0.002441 -0.006598
0 0.002930 0.005132 -0.004883 -0.010264
0 0.001953 0.002933 -0.002930 -0.005865
0 0.000244 0.000000 0.000488 0.000000
0 0.002197 0.003666 -0.003418 -0.007331
0 0.001709 0.003299 -0.002441 -0.006598
0 0.002197 0.003666 -0.003418 -0.007331
0 0.002686 0.004399 -0.004395 -0.008798
0 0.001953 0.002933 -0.002930 -0.005865
0 0.003174 0.004765 -0.005371 -0.009531
0 0.000977 0.001466 -0.000977 -0.002933
0 0.001709 0.002933 -0.002441 -0.005865
0 0.000977 0.001466 -0.000977 -0.002933
0 0.003418 0.005865 -0.005859 -0.011730
0 0.003906 0.005865 -0.006836 -0.011730
0 0.002197 0.003666 -0.003418 -0.007331
0 0.003906 0.005865 -0.006836 -0.011730
0 0.001709 0.003666 -0.002441 -0.007331
0 0.001709 0.002933 -0.002441 -0.005865
0 0.000488 0.000367 0.000000 -0.000733
0 0.002441 0.003666 -0.003906 -0.007331
0 0.003174 0.004765 -0.005371 -0.009531
0 0.001709 0.003666 -0.002441 -0.007331
0 0.003906 0.005865 -0.006836 -0.011730
0 0.000488 0.000367 0.000000 -0.000733
0 0.000732 0.000733 -0.000488 -0.001466
0 0.002686 0.004399 -0.004395 -0.008798
0 0.002686 0.004399 -0.004395 -0.008798
0 0.001709 0.003299 -0.002441 -0.006598
0 0.000732 0.000733 -0.000488 -0.001466
0 0.001709 0.003299 -0.002441 -0.006598
0 0.003906 0.005865 -0.006836 -0.011730
0 0.002197 0.002933 -0.003418 -0.005865
0 0.002197 0.003666 -0.003418 -0.007331
0 0.001953 0.002933 -0.002930 -0.005865
0 0.001709 0.002933 -0.002441 -0.005865
0 0.001709 0.002933 -0.002441 -0.005865
0 0.003174 0.004765 -0.005371 -0.009531
0 0.001953 0.002566 -0.002930 -0.005132
0 0.000244 0.000000 0.000488 0.000000
0 0.002197 0.003666 -0.003418 -0.007331
0 0.000977 0.001466 -0.000977 -0.002933
0 0.002441 0.003666 -0.003906 -0.007331
0 0.003906 0.005865 -0.006836 -0.011730
0 0.000732 0.000733 -0.000488 -0.001466
0 0.003418 0.005865 -0.005859 -0.011730
0 0.001953 0.002933 -0.002930 -0.005865
0 0.002197 0.002933 -0.003418 -0.005865
0 0.000977 0.001466 -0.000977 -0.002933
0 0.000244 0.000000 0.000488 0.000000
0 0.001953 0.002933 -0.002930 -0.005865
0 0.001953 0.002933 -0.002930 -0.005865
0 0.001709 0.003666 -0.002441 -0.007331
0 0.001709 0.002933 -0.002441 -0.005865
0 0.000488 0.000367 0.000000 -0.000733
0 0.000977 0.001466 -0.000977 -0.002933
0 0.002197 0.002933 -0.003418 -0.005865
0 0.001709 0.003299 -0.002441 -0.006598
0 0.002686 0.004399 -0.004395 -0.008798
0 0.000977 0.001466 -0.000977 -0.002933
0 0.002197 0.003666 -0.003418 -0.007331
0 0.001709 0.003299 -0.002441 -0.006598
0 0.002441 0.003666 -0.003906 -0.007331
0 0.002197 0.003666 -0.003418 -0.007331
0 0.001953 0.002933 -0.002930 -0.005865
0 0.001709 0.002933 -0.002441 -0.005865
0 0.003174 0.004765 -0.005371 -0.009531
0 0.002441 0.003666 -0.003906 -0.007331
0 0.000977 0.001466 -0.000977 -0.002933
0 0.001709 0.002933 -0.002441 -0.005865
0 0.003906 0.005865 -0.006836 -0.011730
0 0.001709 0.002933 -0.002441 -0.005865
0 0.002197 0.003666 -0.003418 -0.007331
0 0.002441 0.003666 -0.003906 -0.007331
0 0.001709 0.003666 -0.002441 -0.007331
0 0.002197 0.003666 -0.003418 -0.007331
0 0.003906 0.005865 -0.006836 -0.011730
0 0.003174 0.004765 -0.005371 -0.009531
0 0.002197 0.002933 -0.003418 -0.005865
0 0.003906 0.005865 -0.006836 -0.011730
0 0.002197 0.003666 -0.003418 -0.007331
0 0.001709 0.002933 -0.002441 -0.005865
0 0.002441 0.003666 -0.003906 -0.007331
0 0.002441 0.003666 -0.003906 -0.007331
0 0.001709 0.003666 -0.002441 -0.007331
0 0.001709 0.002933 -0.002441 -0.005865
0 0.002686 0.004399 -0.004395 -0.008798
0 0.000977 0.001466 -0.000977 -0.002933
0 0.003418 0.005865 -0.005859 -0.011730
0 0.001709 0.003299 -0.002441 -0.006598
0 0.001709 0.003666 -0.002441 -0.007331
0 0.002197 0.003666 -0.003418 -0.007331
0 0.001709 0.003666 -0.002441 -0.007331
0 0.001709 0.003666 -0.002441 -0.007331
0 0.003906 0.005865 -0.006836 -0.011730
0 0.000977 0.001466 -0.000977 -0.002933
0 0.001953 0.003299 -0.002930 -0.006598
0 0.000488 0.000367 0.000000 -0.000733
0 0.003174 0.004765 -0.005371 -0.009531
0 0.003906 0.005865 -0.006836 -0.011730
0 0.002197 0.002933 -0.003418 -0.005865
0 0.002197 0.003666 -0.003418 -0.007331
0 0.001953 0.002933 -0.002930 -0.005865
0 0.002197 0.003666 -0.003418 -0.007331
0 0.003906 0.005865 -0.006836 -0.011730
0 0.001953 0.002933 -0.002930 -0.005865
0 0.001709 0.002933 -0.002441 -0.005865
0 0.003418 0.005865 -0.005859 -0.011730
0 0.001709 0.002933 -0.002441 -0.005865
0 0.001709 0.002933 -0.002441 -0.005865
0 0.003906 0.005865 -0.006836 -0.011730
0 0.000488 0.000367 0.000000 -0.000733
0 0.001709 0.002933 -0.002441 -0.005865
0 0.001709 0.002933 -0.002441 -0.005865
0 0.001709 0.002933 -0.002441 -0.005865
0 0.001953 0.002933 -0.002930 -0.005865
0 0.002197 0.002933 -0.003418 -0.005865
0 0.002686 0.004399 -0.004395 -0.008798
0 0.002197 0.002933 -0.003418 -0.005865
0 0.001953 0.002933 -0.002930 -0.005865
0 0.001709 0.003299 -0.002441 -0.006598
0 0.001953 0.002933 -0.002930 -0.005865
0 0.002441 0.003666 -0.003906 -0.007331
0 0.003906 0.005865 -0.006836 -0.011730
0 0.003418 0.005865 -0.005859 -0.011730
0 0.000977 0.001466 -0.000977 -0.002933
0 0.001709 0.003299 -0.002441 -0.006598
0 0.002686 0.004399 -0.004395 -0.008798
0 0.003174 0.004765 -0.005371 -0.009531
0 0.001953 0.002933 -0.002930 -0.005865
0 0.002197 0.003666 -0.003418 -0.007331
0 0.000732 0.000733 -0.000488 -0.001466
0 0.000977 0.001466 -0.000977 -0.002933
0 0.000977 0.001466 -0.000977 -0.002933
0 0.003174 0.004765 -0.005371 -0.009531
0 0.003174 0.004765 -0.005371 -0.009531
0 0.002197 0.002933 -0.003418 -0.005865
0 0.001709 0.002933 -0.002441 -0.005865
0 0.001709 0.003299 -0.002441 -0.006598
0 0.003174 0.004765 -0.005371 -0.009531
0 0.000977 0.001466 -0.000977 -0.002933
0 0.003418 0.005865 -0.005859 -0.011730
0 0.000977 0.001466 -0.000977 -0.002933
0 0.002197 0.003666 -0.003418 -0.007331
0 0.003418 0.005865 -0.005859 -0.011730
0 0.000977 0.001466 -0.000977 -0.002933
0 0.000732 0.000733 -0.000488 -0.001466
0 0.002197 0.003666 -0.003418 -0.007331
0 0.000732 0.000733 -0.000488 -0.001466
0 0.001709 0.003666 -0.002441 -0.007331
0 0.001709 0.003666 -0.002441 -0.007331
0 0.001709 0.003666 -0.002441 -0.007331
0 0.001953 0.002933 -0.002930 -0.005865
0 0.001709 0.002933 -0.002441 -0.005865
0 0.000732 0.000733 -0.000488 -0.001466
0 0.001709 0.002933 -0.002441 -0.005865
0 0.002197 0.003666 -0.003418 -0.007331
0 0.002686 0.004399 -0.004395 -0.008798
0 0.001709 0.002933 -0.002441 -0.005865
0 0.000977 0.001466 -0.000977 -0.002933
0 0.001953 0.002933 -0.002930 -0.005865
0 0.001953 0.002933 -0.002930 -0.005865
0 0.001953 0.002933 -0.002930 -0.005865
0 0.003906 0.005865 -0.006836 -0.011730
0 0.001953 0.002933 -0.002930 -0.005865
0 0.003174 0.004765 -0.005371 -0.009531
0 0.001709 0.003666 -0.002441 -0.007331
0 0.003418 0.005865 -0.005859 -0.011730
0 0.001709 0.003299 -0.002441 -0.006598
0 0.001709 0.002933 -0.002441 -0.005865
0 0.000244 0.000000 0.000488 0.000000
0 0.001709 0.002933 -0.002441 -0.005865
0 0.001953 0.001100 -0.002930 -0.002199
0 0.001709 0.003299 -0.002441 -0.006598
0 0.003418 0.005865 -0.005859 -0.011730
0 0.001709 0.002566 -0.002441 -0.005132
0 0.001709 0.002933 -0.002441 -0.005865
0 0.003418 0.005865 -0.005859 -0.011730
0 0.001709 0.003299 -0.002441 -0.006598
0 0.000977 0.001466 -0.000977 -0.002933
0 0.003906 0.005865 -0.006836 -0.011730
0 0.000244 0.000000 0.000488 0.000000
0 0.002686 0.004399 -0.004395 -0.008798
0 0.001709 0.003666 -0.002441 -0.007331
0 0.001953 0.002933 -0.002930 -0.005865
0 0.002197 0.002933 -0.003418 -0.005865
0 0.001953 0.002933 -0.002930 -0.005865
0 0.001709 0.002933 -0.002441 -0.005865
0 0.001953 0.002933 -0.002930 -0.005865
0 0.000977 0.001466 -0.000977 -0.002933
0 0.001709 0.003666 -0.002441 -0.007331
0 0.001709 0.002933 -0.002441 -0.005865
0 0.003906 0.005865 -0.006836 -0.011730
0 0.003906 0.005865 -0.006836 -0.011730
0 0.002441 0.003666 -0.003906 -0.007331
0 0.001709 0.002933 -0.002441 -0.005865
0 0.002686 0.004399 -0.004395 -0.008798
0 0.000977 0.001466 -0.000977 -0.002933
0 0.002197 0.003666 -0.003418 -0.007331
0 0.003906 0.005865 -0.006836 -0.011730
0 0.002197 0.003666 -0.003418 -0.007331
0 0.000488 0.000367 0.000000 -0.000733
0 0.002441 0.003666 -0.003906 -0.007331
0 0.002197 0.002933 -0.003418 -0.005865
0 0.003174 0.004765 -0.005371 -0.009531
0 0.003906 0.005865 -0.006836 -0.011730
0 0.003174 0.004765 -0.005371 -0.009531
0 0.001709 0.002933 -0.002441 -0.005865
0 0.002197 0.003666 -0.003418 -0.007331
0 0.000977 0.001466 -0.000977 -0.002933
0 0.002686 0.004399 -0.004395 -0.008798
0 0.001709 0.003299 -0.002441 -0.006598
0 0.000244 0.000000 0.000488 0.000000
0 0.002686 0.004399 -0.004395 -0.008798
0 0.002197 0.002933 -0.003418 -0.005865
0 0.000244 0.000000 0.000488 0.000000
0 0.002441 0.003666 -0.003906 -0.007331
0 0.000244 0.000000 0.000488 0.000000
0 0.000977 0.001466 -0.000977 -0.002933
0 0.000977 0.001466 -0.000977 -0.002933
0 0.001709 0.003299 -0.002441 -0.006598
0 0.001709 0.002933 -0.002441 -0.005865
0 0.001709 0.002933 -0.002441 -0.005865
0 0.003418 0.005865 -0.005859 -0.011730
0 0.001953 0.003299 -0.002930 -0.006598
0 0.001709 0.002933 -0.002441 -0.005865
0 0.000732 0.000733 -0.000488 -0.001466
0 0.003418 0.005865 -0.005859 -0.011730
0 0.002197 0.002933 -0.003418 -0.005865
0 0.001709 0.003666 -0.002441 -0.007331
0 0.002197 0.003666 -0.003418 -0.007331
0 0.001709 0.002933 -0.002441 -0.005865
0 0.003418 0.005865 -0.005859 -0.011730
0 0.001953 0.002933 -0.002930 -0.005865
0 0.001709 0.002933 -0.002441 -0.005865
0 0.002197 0.002933 -0.003418 -0.005865
0 0.002197 0.002933 -0.003418 -0.005865
0 0.000732 0.000733 -0.000488 -0.001466
0 0.001709 0.002566 -0.002441 -0.005132
0 0.003418 0.005865 -0.005859 -0.011730
0 0.003174 0.004765 -0.005371 -0.009531
0 0.000732 0.000733 -0.000488 -0.001466
0 0.001953 0.002933 -0.002930 -0.005865
0 0.003174 0.004765 -0.005371 -0.009531
0 0.000977 0.001466 -0.000977 -0.002933
0 0.002197 0.003666 -0.003418 -0.007331
0 0.003906 0.005865 -0.006836 -0.011730
0 0.002197 0.003666 -0.003418 -0.007331
0 0.000977 0.001466 -0.000977 -0.002933
0 0.003418 0.005865 -0.005859 -0.011730
0 0.002441 0.003666 -0.003906 -0.007331
0 0.000977 0.001466 -0.000977 -0.002933
0 0.003418 0.005865 -0.005859 -0.011730
0 0.000977 0.001466 -0.000977 -0.002933
0 0.000732 0.000733 -0.000488 -0.001466
0 0.003418 0.005865 -0.005859 -0.011730
0 0.002197 0.002933 -0.003418 -0.005865
0 0.001709 0.002566 -0.002441 -0.005132
0 0.003418 0.005865 -0.005859 -0.011730
0 0.003174 0.004765 -0.005371 -0.009531
0 0.003418 0.005865 -0.005859 -0.011730
0 0.003174 0.004765 -0.005371 -0.009531
0 0.001709 0.003299 -0.002441 -0.006598
0 0.001709 0.003666 -0.002441 -0.007331
0 0.000488 0.000367 0.000000 -0.000733
0 0.002197 0.003666 -0.003418 -0.007331
0 0.001709 0.002933 -0.002441 -0.005865
0 0.002197 0.003666 -0.003418 -0.007331
0 0.002197 0.003666 -0.003418 -0.007331
0 0.000977 0.001466 -0.000977 -0.002933
0 0.003174 0.004765 -0.005371 -0.009531
0 0.001709 0.002933 -0.002441 -0.005865
0 0.001953 0.002933 -0.002930 -0.005865
0 0.003174 0.004765 -0.005371 -0.009531
0 0.002441 0.003666 -0.003906 -0.007331
0 0.002686 0.004399 -0.004395 -0.008798
0 0.001709 0.002933 -0.002441 -0.005865
0 0.000977 0.001466 -0.000977 -0.002933
0 0.002197 0.003666 -0.003418 -0.007331
0 0.000977 0.001466 -0.000977 -0.002933
0 0.002197 0.003666 -0.003418 -0.007331
0 0.000977 0.001466 -0.000977 -0.002933
0 0.000244 0.000000 0.000488 0.000000
0 0.001709 0.003299 -0.002441 -0.006598
0 0.002930 0.005132 -0.004883 -0.010264
0 0.003418 0.005865 -0.005859 -0.011730
0 0.000977 0.001466 -0.000977 -0.002933
0 0.000977 0.001466 -0.000977 -0.002933
0 0.002441 0.003666 -0.003906 -0.007331
0 0.001709 0.002566 -0.002441 -0.005132
0 0.003174 0.004765 -0.005371 -0.009531
0 0.002686 0.004399 -0.004395 -0.008798
0 0.001709 0.003666 -0.002441 -0.007331
0 0.003906 0.005865 -0.006836 -0.011730
0 0.000977 0.001466 -0.000977 -0.002933
0 0.002686 0.004399 -0.004395 -0.008798
0 0.001709 0.002933 -0.002441 -0.005865
0 0.001709 0.002566 -0.002441 -0.005132
0 0.001709 0.003299 -0.002441 -0.006598
0 0.000977 0.001466 -0.000977 -0.002933
0 0.001709 0.003666 -0.002441 -0.007331
0 0.003174 0.004765 -0.005371 -0.009531
0 0.001709 0.002933 -0.002441 -0.005865
0 0.001709 0.002566 -0.002441 -0.005132
0 0.001709 0.002933 -0.002441 -0.005865
0 0.001953 0.002933 -0.002930 -0.005865
0 0.003906 0.005865 -0.006836 -0.011730
0 0.001709 0.003666 -0.002441 -0.007331
0 0.000977 0.001466 -0.000977 -0.002933
0 0.002441 0.003666 -0.003906 -0.007331
0 0.001709 0.003666 -0.002441 -0.007331
0 0.001953 0.003299 -0.002930 -0.006598
0 0.001709 0.002566 -0.002441 -0.005132
0 0.002441 0.003666 -0.003906 -0.007331
0 0.001221 0.001466 -0.001465 -0.002933
0 0.000488 0.000367 0.000000 -0.000733
0 0.001709 0.003299 -0.002441 -0.006598
0 0.001709 0.003299 -0.002441 -0.006598
0 0.001709 0.002933 -0.002441 -0.005865
0 0.001709 0.002933 -0.002441 -0.005865
0 0.001709 0.002566 -0.002441 -0.005132
0 0.002441 0.003666 -0.003906 -0.007331
0 0.001953 0.002933 -0.002930 -0.005865
0 0.001709 0.003666 -0.002441 -0.007331
0 0.003174 0.004765 -0.005371 -0.009531
0 0.002197 0.002933 -0.003418 -0.005865
0 0.002686 0.004399 -0.004395 -0.008798
0 0.003906 0.005865 -0.006836 -0.011730
0 0.001709 0.003299 -0.002441 -0.006598
0 0.000244 0.000000 0.000488 0.000000
0 0.000977 0.001466 -0.000977 -0.002933
0 0.002197 0.002933 -0.003418 -0.005865
0 0.002686 0.004399 -0.004395 -0.008798
0 0.002197 0.003666 -0.003418 -0.007331
0 0.000732 0.000733 -0.000488 -0.001466
0 0.002441 0.003666 -0.003906 -0.007331
0 0.003174 0.004765 -0.005371 -0.009531
0 0.002197 0.002933 -0.003418 -0.005865
0 0.001953 0.002933 -0.002930 -0.005865
0 0.001953 0.002933 -0.002930 -0.005865
0 0.002686 0.004399 -0.004395 -0.008798
0 0.002197 0.003666 -0.003418 -0.007331
0 0.002686 0.004399 -0.004395 -0.008798
0 0.002686 0.004765 -0.004395 -0.009531
0 0.000977 0.001466 -0.000977 -0.002933
0 0.003174 0.004765 -0.005371 -0.009531
0 0.000732 0.000733 -0.000488 -0.001466
0 0.003174 0.004765 -0.005371 -0.009531
0 0.001709 0.003666 -0.002441 -0.007331
0 0.002197 0.003666 -0.003418 -0.007331
0 0.001709 0.003666 -0.002441 -0.007331
0 0.000244 0.000000 0.000488 0.000000
0 0.001709 0.002933 -0.002441 -0.005865
0 0.003174 0.004765 -0.005371 -0.009531
0 0.001709 0.003666 -0.002441 -0.007331
0 0.002197 0.003666 -0.003418 -0.007331
0 0.001709 0.003666 -0.002441 -0.007331
0 0.001953 0.002933 -0.002930 -0.005865
0 0.002197 0.003666 -0.003418 -0.007331
0 0.001953 0.002933 -0.002930 -0.005865
0 0.001709 0.003299 -0.002441 -0.006598
0 0.003174 0.004765 -0.005371 -0.009531
0 0.001709 0.003666 -0.002441 -0.007331
0 0.003174 0.004765 -0.005371 -0.009531
0 0.001709 0.003299 -0.002441 -0.006598
0 0.000977 0.001466 -0.000977 -0.002933
0 0.002686 0.004399 -0.004395 -0.008798
0 0.002197 0.003666 -0.003418 -0.007331
0 0.002441 0.003666 -0.003906 -0.007331
0 0.001709 0.002933 -0.002441 -0.005865
0 0.001953 0.002933 -0.002930 -0.005865
0 0.001953 0.002933 -0.002930 -0.005865
0 0.000732 0.000733 -0.000488 -0.001466
0 0.003174 0.004765 -0.005371 -0.009531
0 0.003906 0.005865 -0.006836 -0.011730
0 0.003906 0.005865 -0.006836 -0.011730
0 0.002686 0.004399 -0.004395 -0.008798
0 0.001709 0.003299 -0.002441 -0.006598
0 0.001953 0.002933 -0.002930 -0.005865
0 0.000977 0.001466 -0.000977 -0.002933
0 0.002686 0.004399 -0.004395 -0.008798
0 0.000977 0.001466 -0.000977 -0.002933
0 0.001709 0.002933 -0.002441 -0.005865
0 0.002686 0.004399 -0.004395 -0.008798
0 0.001953 0.002933 -0.002930 -0.005865
0 0.001953 0.002933 -0.002930 -0.005865
0 0.000732 0.000733 -0.000488 -0.001466
0 0.002197 0.002933 -0.003418 -0.005865
0 0.000488 0.000367 0.000000 -0.000733
0 0.001709 0.002566 -0.002441 -0.005132
0 0.003174 0.004765 -0.005371 -0.009531
0 0.002441 0.003666 -0.003906 -0.007331
0 0.003174 0.004765 -0.005371 -0.009531
0 0.002197 0.003666 -0.003418 -0.007331
0 0.001709 0.002933 -0.002441 -0.005865
0 0.000488 0.000367 0.000000 -0.000733
0 0.001709 0.003299 -0.002441 -0.006598
0 0.003418 0.005865 -0.005859 -0.011730
0 0.003174 0.004765 -0.005371 -0.009531
0 0.002686 0.004399 -0.004395 -0.008798
0 0.003174 0.004765 -0.005371 -0.009531
0 0.001709 0.002933 -0.002441 -0.005865
0 0.001953 0.002933 -0.002930 -0.005865
0 0.001709 0.002933 -0.002441 -0.005865
0 0.002197 0.003666 -0.003418 -0.007331
0 0.001709 0.002933 -0.002441 -0.005865
0 0.002197 0.003666 -0.003418 -0.007331
0 0.003174 0.004765 -0.005371 -0.009531
0 0.000977 0.001466 -0.000977 -0.002933
0 0.002197 0.003666 -0.003418 -0.007331
0 0.001953 0.002933 -0.002930 -0.005865
0 0.003906 0.005865 -0.006836 -0.011730
0 0.003418 0.005865 -0.005859 -0.011730
0 0.002441 0.003666 -0.003906 -0.007331
0 0.002197 0.003666 -0.003418 -0.007331
0 0.001953 0.002933 -0.002930 -0.005865
0 0.001709 0.003299 -0.002441 -0.006598
0 0.001709 0.002933 -0.002441 -0.005865
0 0.000977 0.001466 -0.000977 -0.002933
0 0.001709 0.002933 -0.002441 -0.005865
0 0.003906 0.005865 -0.006836 -0.011730
0 0.000732 0.000733 -0.000488 -0.001466
0 0.003906 0.005865 -0.006836 -0.011730
0 0.003174 0.004765 -0.005371 -0.009531
0 0.003174 0.004765 -0.005371 -0.009531
0 0.002197 0.003666 -0.003418 -0.007331
0 0.000732 0.000733 -0.000488 -0.001466
0 0.001709 0.003666 -0.002441 -0.007331
0 0.001709 0.002566 -0.002441 -0.005132
0 0.000977 0.001466 -0.000977 -0.002933
0 0.002441 0.003666 -0.003906 -0.007331
0 0.000977 0.001466 -0.000977 -0.002933
0 0.003174 0.004765 -0.005371 -0.009531
0 0.001953 0.002566 -0.002930 -0.005132
0 0.001709 0.003666 -0.002441 -0.007331
0 0.001709 0.002933 -0.002441 -0.005865
0 0.002686 0.004399 -0.004395 -0.008798
0 0.003174 0.004765 -0.005371 -0.009531
0 0.002197 0.003666 -0.003418 -0.007331
0 0.001709 0.003666 -0.002441 -0.007331
0 0.002197 0.003666 -0.003418 -0.007331
0 0.001709 0.002933 -0.002441 -0.005865
0 0.002686 0.004399 -0.004395 -0.008798
0 0.001709 0.002933 -0.002441 -0.005865
0 0.000488 0.000367 0.000000 -0.000733
0 0.003906 0.005865 -0.006836 -0.011730
0 0.001709 0.003299 -0.002441 -0.006598
0 0.001953 0.002933 -0.002930 -0.005865
0 0.001709 0.002566 -0.002441 -0.005132
0 0.003906 0.005865 -0.006836 -0.011730
0 0.003174 0.004765 -0.005371 -0.009531
0 0.001709 0.002933 -0.002441 -0.005865
0 0.003418 0.005865 -0.005859 -0.011730
0 0.003418 0.005865 -0.005859 -0.011730
0 0.003906 0.005865 -0.006836 -0.011730
0 0.001709 0.003299 -0.002441 -0.006598
0 0.002197 0.003666 -0.003418 -0.007331
0 0.003418 0.005865 -0.005859 -0.011730
0 0.001709 0.003666 -0.002441 -0.007331
0 0.000977 0.001466 -0.000977 -0.002933
0 0.000977 0.001466 -0.000977 -0.002933
0 0.003906 0.005865 -0.006836 -0.011730
0 0.003174 0.004765 -0.005371 -0.009531
0 0.001709 0.002566 -0.002441 -0.005132
0 0.000977 0.001466 -0.000977 -0.002933
0 0.001709 0.003666 -0.002441 -0.007331
0 0.000977 0.001466 -0.000977 -0.002933
0 0.002686 0.004399 -0.004395 -0.008798
0 0.003418 0.005865 -0.005859 -0.011730
0 0.003174 0.004765 -0.005371 -0.009531
0 0.002197 0.003666 -0.003418 -0.007331
0 0.001709 0.003299 -0.002441 -0.006598
0 0.003418 0.005865 -0.005859 -0.011730
0 0.001953 0.001100 -0.002930 -0.002199
0 0.001709 0.002566 -0.002441 -0.005132
0 0.000977 0.001466 -0.000977 -0.002933
0 0.000977 0.001466 -0.000977 -0.002933
0 0.001709 0.003299 -0.002441 -0.006598
0 0.001709 0.003666 -0.002441 -0.007331
0 0.001953 0.002933 -0.002930 -0.005865
0 0.001709 0.003666 -0.002441 -0.007331
0 0.000977 0.001466 -0.000977 -0.002933
0 0.003174 0.004765 -0.005371 -0.009531
0 0.003174 0.004765 -0.005371 -0.009531
0 0.003418 0.005865 -0.005859 -0.011730
0 0.001953 0.002933 -0.002930 -0.005865
0 0.002930 0.005132 -0.004883 -0.010264
0 0.000488 0.000367 0.000000 -0.000733
0 0.001709 0.003299 -0.002441 -0.006598
0 0.002197 0.002933 -0.003418 -0.005865
0 0.001709 0.002933 -0.002441 -0.005865
0 0.001709 0.002566 -0.002441 -0.005132
0 0.003174 0.004765 -0.005371 -0.009531
0 0.003906 0.005865 -0.006836 -0.011730
0 0.001709 0.002933 -0.002441 -0.005865
0 0.003174 0.004765 -0.005371 -0.009531
0 0.001709 0.002933 -0.002441 -0.005865
0 0.001709 0.002933 -0.002441 -0.005865
0 0.001709 0.002933 -0.002441 -0.005865
0 0.001953 0.003299 -0.002930 -0.006598
0 0.003174 0.004765 -0.005371 -0.009531
0 0.001709 0.002933 -0.002441 -0.005865
0 0.003174 0.004765 -0.005371 -0.009531
0 0.002197 0.002933 -0.003418 -0.005865
0 0.000488 0.000367 0.000000 -0.000733
0 0.002686 0.004399 -0.004395 -0.008798
0 0.002197 0.003666 -0.003418 -0.007331
0 0.000977 0.001466 -0.000977 -0.002933
0 0.001709 0.003666 -0.002441 -0.007331
0 0.003906 0.005865 -0.006836 -0.011730
0 0.000488 0.000367 0.000000 -0.000733
0 0.002197 0.002933 -0.003418 -0.005865
0 0.002441 0.003666 -0.003906 -0.007331
0 0.000488 0.000367 0.000000 -0.000733
0 0.001709 0.002933 -0.002441 -0.005865
0 0.000977 0.001466 -0.000977 -0.002933
0 0.003174 0.004765 -0.005371 -0.009531
0 0.002197 0.002933 -0.003418 -0.005865
0 0.000977 0.001466 -0.000977 -0.002933
0 0.001709 0.002566 -0.002441 -0.005132
0 0.003418 0.005865 -0.005859 -0.011730
0 0.002441 0.003666 -0.003906 -0.007331
0 0.002197 0.003666 -0.003418 -0.007331
0 0.003174 0.004765 -0.005371 -0.009531
0 0.002197 0.003666 -0.003418 -0.007331
0 0.003418 0.005865 -0.005859 -0.011730
0 0.001709 0.003299 -0.002441 -0.006598
0 0.000977 0.001466 -0.000977 -0.002933
0 0.003418 0.005865 -0.005859 -0.011730
0 0.003418 0.005865 -0.005859 -0.011730
0 0.002441 0.003666 -0.003906 -0.007331
0 0.001953 0.003299 -0.002930 -0.006598
0 0.003174 0.004765 -0.005371 -0.009531
0 0.001709 0.003666 -0.002441 -0.007331
0 0.000732 0.000733 -0.000488 -0.001466
0 0.002686 0.004399 -0.004395 -0.008798
0 0.003174 0.004765 -0.005371 -0.009531
0 0.003174 0.004765 -0.005371 -0.009531
0 0.000977 0.001466 -0.000977 -0.002933
0 0.001709 0.002933 -0.002441 -0.005865
0 0.000488 0.000367 0.000000 -0.000733
0 0.003174 0.004765 -0.005371 -0.009531
0 0.001709 0.002933 -0.002441 -0.005865
0 0.000977 0.001466 -0.000977 -0.002933
0 0.001953 0.002933 -0.002930 -0.005865
0 0.003174 0.004765 -0.005371 -0.009531
0 0.001709 0.002933 -0.002441 -0.005865
0 0.003906 0.005865 -0.006836 -0.011730
0 0.000732 0.000733 -0.000488 -0.001466
0 0.000977 0.001466 -0.000977 -0.002933
0 0.002197 0.002933 -0.003418 -0.005865
0 0.001709 0.002933 -0.002441 -0.005865
0 0.003174 0.004765 -0.005371 -0.009531
0 0.003174 0.004765 -0.005371 -0.009531
0 0.001709 0.003299 -0.002441 -0.006598
0 0.001709 0.002933 -0.002441 -0.005865
0 0.000732 0.000733 -0.000488 -0.001466
0 0.002930 0.005132 -0.004883 -0.010264
0 0.003418 0.005865 -0.005859 -0.011730
0 0.000977 0.001466 -0.000977 -0.002933
0 0.002197 0.003666 -0.003418 -0.007331
0 0.003418 0.005865 -0.005859 -0.011730
0 0.002197 0.003666 -0.003418 -0.007331
0 0.000977 0.001466 -0.000977 -0.002933
0 0.003906 0.005865 -0.006836 -0.011730
0 0.002197 0.003666 -0.003418 -0.007331
0 0.003418 0.005865 -0.005859 -0.011730
0 0.001953 0.002933 -0.002930 -0.005865
0 0.001709 0.002933 -0.002441 -0.005865
0 0.000977 0.001466 -0.000977 -0.002933
0 0.002441 0.003666 -0.003906 -0.007331
0 0.003906 0.005865 -0.006836 -0.011730
0 0.001709 0.003666 -0.002441 -0.007331
0 0.001953 0.001100 -0.002930 -0.002199
0 0.002197 0.003666 -0.003418 -0.007331
0 0.002441 0.003666 -0.003906 -0.007331
0 0.000732 0.000733 -0.000488 -0.001466
0 0.001709 0.002933 -0.002441 -0.005865
0 0.003174 0.004765 -0.005371 -0.009531
0 0.001709 0.003299 -0.002441 -0.006598
0 0.001709 0.002933 -0.002441 -0.005865
0 0.003418 0.005865 -0.005859 -0.011730
0 0.003418 0.005865 -0.005859 -0.011730
0 0.003418 0.005865 -0.005859 -0.011730
0 0.001953 0.002933 -0.002930 -0.005865
0 0.002441 0.003666 -0.003906 -0.007331
0 0.002197 0.003666 -0.003418 -0.007331
0 0.001709 0.003299 -0.002441 -0.006598
0 0.003418 0.005865 -0.005859 -0.011730
0 0.003174 0.004765 -0.005371 -0.009531
0 0.002197 0.003666 -0.003418 -0.007331
0 0.002686 0.004399 -0.004395 -0.008798
0 0.000977 0.001466 -0.000977 -0.002933
0 0.003418 0.005865 -0.005859 -0.011730
0 0.002197 0.003666 -0.003418 -0.007331
0 0.000732 0.000733 -0.000488 -0.001466
0 0.003418 0.005865 -0.005859 -0.011730
0 0.002197 0.002933 -0.003418 -0.005865
0 0.001709 0.002933 -0.002441 -0.005865
0 0.002197 0.003666 -0.003418 -0.007331
0 0.002930 0.005132 -0.004883 -0.010264
0 0.001709 0.003299 -0.002441 -0.006598
0 0.001709 0.002933 -0.002441 -0.005865
0 0.002686 0.004399 -0.004395 -0.008798
0 0.001709 0.002933 -0.002441 -0.005865
0 0.003418 0.005865 -0.005859 -0.011730
0 0.001709 0.003299 -0.002441 -0.006598
0 0.000977 0.001466 -0.000977 -0.002933
0 0.003906 0.005865 -0.006836 -0.011730
0 0.003418 0.005865 -0.005859 -0.011730
0 0.002686 0.004399 -0.004395 -0.008798
0 0.000244 0.000000 0.000488 0.000000
0 0.002197 0.002933 -0.003418 -0.005865
0 0.001709 0.002933 -0.002441 -0.005865
0 0.001709 0.003299 -0.002441 -0.006598
0 0.000977 0.001466 -0.000977 -0.002933
0 0.000977 0.001466 -0.000977 -0.002933
0 0.001953 0.002933 -0.002930 -0.005865
0 0.002197 0.003666 -0.003418 -0.007331
0 0.000977 0.001466 -0.000977 -0.002933
0 0.003906 0.005865 -0.006836 -0.011730
0 0.001953 0.003299 -0.002930 -0.006598
0 0.000732 0.000733 -0.000488 -0.001466
0 0.000977 0.001466 -0.000977 -0.002933
0 0.001709 0.003666 -0.002441 -0.007331
0 0.001953 0.002933 -0.002930 -0.005865
0 0.000977 0.001466 -0.000977 -0.002933
0 0.001953 0.002933 -0.002930 -0.005865
0 0.001709 0.002933 -0.002441 -0.005865
0 0.001953 0.002933 -0.002930 -0.005865
0 0.001709 0.002933 -0.002441 -0.005865
0 0.003906 0.005865 -0.006836 -0.011730
0 0.003418 0.005865 -0.005859 -0.011730
0 0.001709 0.002933 -0.002441 -0.005865
0 0.000732 0.000733 -0.000488 -0.001466
0 0.003174 0.004765 -0.005371 -0.009531
0 0.003906 0.005865 -0.006836 -0.011730
0 0.000977 0.001466 -0.000977 -0.002933
0 0.000732 0.000733 -0.000488 -0.001466
0 0.002441 0.003666 -0.003906 -0.007331
0 0.001709 0.002933 -0.002441 -0.005865
0 0.003174 0.004765 -0.005371 -0.009531
0 0.002441 0.003666 -0.003906 -0.007331
0 0.000977 0.001466 -0.000977 -0.002933
0 0.003418 0.005865 -0.005859 -0.011730
0 0.002441 0.003666 -0.003906 -0.007331
0 0.003906 0.005865 -0.006836 -0.011730
0 0.000488 0.000367 0.000000 -0.000733
0 0.003906 0.005865 -0.006836 -0.011730