0 0.004500 0.007205 -0.007000 -0.014409
0 0.004500 0.007205 -0.007000 -0.014409
0 0.005500 0.006484 -0.009000 -0.012968
0 0.013000 0.023775 -0.024000 -0.047550
0 0.000500 0.003602 0.001000 -0.007205
0 0.009000 0.018012 -0.016000 -0.036023
0 0.002500 0.002161 -0.003000 -0.004323
0 0.004500 0.007205 -0.007000 -0.014409
0 0.004500 0.007205 -0.007000 -0.014409
0 0.004500 0.007205 -0.007000 -0.014409
0 0.006000 0.009366 -0.010000 -0.018732
0 0.014000 0.019452 -0.026000 -0.038905
0 0.012000 0.017291 -0.022000 -0.034582
0 0.004500 0.007205 -0.007000 -0.014409
0 0.006000 0.009366 -0.010000 -0.018732
0 0.012000 0.017291 -0.022000 -0.034582
0 0.002500 0.002161 -0.003000 -0.004323
0 0.006000 0.009366 -0.010000 -0.018732
0 0.011500 0.021614 -0.021000 -0.043228
0 0.005000 0.005764 -0.008000 -0.011527
0 0.004500 0.007205 -0.007000 -0.014409
0 0.004500 0.007205 -0.007000 -0.014409
0 0.007000 0.013689 -0.012000 -0.027378
0 0.004500 0.007205 -0.007000 -0.014409
0 0.004500 0.007205 -0.007000 -0.014409
0 0.003500 0.004323 -0.005000 -0.008646
0 0.004500 0.007205 -0.007000 -0.014409
0 0.004500 0.007205 -0.007000 -0.014409
0 0.004500 0.007205 -0.007000 -0.014409
0 0.004500 0.007205 -0.007000 -0.014409
0 0.004500 0.007205 -0.007000 -0.014409
0 0.012000 0.017291 -0.022000 -0.034582
0 0.004500 0.007205 -0.007000 -0.014409
0 0.004500 0.007205 -0.007000 -0.014409
0 0.007000 0.013689 -0.012000 -0.027378
0 0.004500 0.007205 -0.007000 -0.014409
0 0.013000 0.017291 -0.024000 -0.034582
0 0.004500 0.007205 -0.007000 -0.014409
0 0.004500 0.007205 -0.007000 -0.014409
0 0.017500 0.029539 -0.033000 -0.059078
0 0.001500 0.002882 -0.001000 -0.005764
0 0.004500 0.007205 -0.007000 -0.014409
0 0.005500 0.007925 -0.009000 -0.015850
0 0.004500 0.007205 -0.007000 -0.014409
0 0.004500 0.007205 -0.007000 -0.014409
0 0.004500 0.007205 -0.007000 -0.014409
0 0.004500 0.007205 -0.007000 -0.014409
0 0.004500 0.007205 -0.007000 -0.014409
0 0.004500 0.007205 -0.007000 -0.014409
0 0.004500 0.007205 -0.007000 -0.014409
0 0.001000 0.000720 0.000000 -0.001441
0 0.004500 0.007205 -0.007000 -0.014409
0 0.006000 0.009366 -0.010000 -0.018732
0 0.000500 0.003602 0.001000 -0.007205
0 0.004500 0.007205 -0.007000 -0.014409
0 0.011000 0.012968 -0.020000 -0.025937
0 0.007000 0.013689 -0.012000 -0.027378