0 0.003385 0.007407 -0.005729 -0.014815
0 0.007552 0.012037 -0.014063 -0.024074
0 0.002083 0.005556 -0.003125 -0.011111
0 0.002865 0.007407 -0.004687 -0.014815
0 0.002083 0.005556 -0.003125 -0.011111
0 0.004948 0.009722 -0.008854 -0.019444
0 0.002865 0.007407 -0.004687 -0.014815
0 0.007552 0.012037 -0.014063 -0.024074
0 0.004427 0.008796 -0.007812 -0.017593
0 0.002083 0.005556 -0.003125 -0.011111
0 0.004948 0.009722 -0.008854 -0.019444
0 0.002865 0.007407 -0.004687 -0.014815
0 0.001823 0.004167 -0.002604 -0.008333
0 0.002865 0.007407 -0.004687 -0.014815
0 0.002083 0.005556 -0.003125 -0.011111
0 0.002865 0.007407 -0.004687 -0.014815
0 0.004948 0.009722 -0.008854 -0.019444
0 0.002083 0.005556 -0.003125 -0.011111
0 0.002083 0.005556 -0.003125 -0.011111
0 0.004427 0.008796 -0.007812 -0.017593
0 0.003125 0.007407 -0.004167 -0.014815
0 0.002865 0.007407 -0.004687 -0.014815
0 0.004948 0.009722 -0.008854 -0.019444
0 0.007552 0.012037 -0.014063 -0.024074
0 0.002344 0.005556 -0.003646 -0.011111
0 0.004948 0.009722 -0.008854 -0.019444
0 0.002865 0.007407 -0.004687 -0.014815
0 0.002865 0.007407 -0.004687 -0.014815
0 0.002865 0.007407 -0.004687 -0.014815
0 0.002865 0.007407 -0.004687 -0.014815
0 0.007552 0.012037 -0.014063 -0.024074
0 0.007552 0.012037 -0.014063 -0.024074
0 0.006771 0.011111 -0.012500 -0.022222
0 0.007552 0.012037 -0.014063 -0.024074
0 0.002083 0.005556 -0.003125 -0.011111
0 0.004427 0.008796 -0.007812 -0.017593
0 0.004427 0.008796 -0.007812 -0.017593
0 0.004427 0.008796 -0.007812 -0.017593
0 0.004427 0.008796 -0.007812 -0.017593
0 0.007552 0.012037 -0.014063 -0.024074
0 0.002083 0.005556 -0.003125 -0.011111
0 0.002865 0.007407 -0.004687 -0.014815
0 0.002865 0.007407 -0.004687 -0.014815
0 0.002865 0.007407 -0.004687 -0.014815
0 0.004948 0.009722 -0.008854 -0.019444
0 0.002083 0.006019 -0.003125 -0.012037
0 0.007812 0.012037 -0.013542 -0.024074
0 0.004427 0.008796 -0.007812 -0.017593
0 0.004948 0.009722 -0.008854 -0.019444
0 0.007552 0.012037 -0.014063 -0.024074
0 0.001823 0.004167 -0.002604 -0.008333
0 0.002083 0.005556 -0.003125 -0.011111
0 0.003646 0.006944 -0.006250 -0.013889
0 0.002083 0.006019 -0.003125 -0.012037
0 0.004427 0.008796 -0.007812 -0.017593
0 0.003125 0.007407 -0.004167 -0.014815
0 0.004948 0.009722 -0.008854 -0.019444
0 0.004948 0.009722 -0.008854 -0.019444
0 0.002865 0.007407 -0.004687 -0.014815
0 0.002083 0.005556 -0.003125 -0.011111
0 0.004427 0.008796 -0.007812 -0.017593
0 0.004948 0.009722 -0.008854 -0.019444
0 0.003906 0.007870 -0.005729 -0.015741
0 0.004948 0.009722 -0.008854 -0.019444
0 0.002083 0.005556 -0.003125 -0.011111
0 0.003125 0.007407 -0.004167 -0.014815
0 0.002083 0.005556 -0.003125 -0.011111
0 0.007552 0.012037 -0.014063 -0.024074
0 0.002083 0.005556 -0.003125 -0.011111
0 0.002083 0.005556 -0.003125 -0.011111
0 0.004948 0.009722 -0.008854 -0.019444
0 0.007552 0.012037 -0.014063 -0.024074
0 0.002865 0.007407 -0.004687 -0.014815
0 0.002083 0.005556 -0.003125 -0.011111
0 0.004948 0.009722 -0.008854 -0.019444
0 0.004427 0.008796 -0.007812 -0.017593
0 0.005208 0.009722 -0.008333 -0.019444
0 0.002865 0.007407 -0.004687 -0.014815
0 0.003125 0.007407 -0.004167 -0.014815
0 0.007552 0.012037 -0.014063 -0.024074
0 0.002083 0.006019 -0.003125 -0.012037
0 0.004948 0.009722 -0.008854 -0.019444
0 0.003906 0.008333 -0.006771 -0.016667
0 0.004948 0.009722 -0.008854 -0.019444
0 0.004948 0.009722 -0.008854 -0.019444
0 0.002083 0.005556 -0.003125 -0.011111
0 0.004948 0.009722 -0.008854 -0.019444
0 0.005208 0.009722 -0.008333 -0.019444
0 0.002865 0.007407 -0.004687 -0.014815
0 0.004948 0.009722 -0.008854 -0.019444
0 0.001823 0.004167 -0.002604 -0.008333
0 0.001823 0.004167 -0.002604 -0.008333
0 0.002083 0.005556 -0.003125 -0.011111
0 0.002865 0.007407 -0.004687 -0.014815
0 0.002865 0.007407 -0.004687 -0.014815
0 0.001823 0.004167 -0.002604 -0.008333
0 0.007552 0.012037 -0.014063 -0.024074
0 0.003125 0.007407 -0.004167 -0.014815
0 0.002083 0.005556 -0.003125 -0.011111
0 0.004948 0.009722 -0.008854 -0.019444
0 0.001823 0.004167 -0.002604 -0.008333
0 0.002083 0.005556 -0.003125 -0.011111
0 0.002865 0.007407 -0.004687 -0.014815
0 0.004687 0.008796 -0.007292 -0.017593
0 0.007552 0.012037 -0.014063 -0.024074
0 0.002865 0.007407 -0.004687 -0.014815
0 0.007552 0.012037 -0.014063 -0.024074
0 0.001823 0.004167 -0.002604 -0.008333
0 0.004948 0.009722 -0.008854 -0.019444
0 0.002083 0.005556 -0.003125 -0.011111
0 0.002083 0.005556 -0.003125 -0.011111
0 0.003906 0.008333 -0.006771 -0.016667
0 0.004948 0.009722 -0.008854 -0.019444
0 0.001823 0.004167 -0.002604 -0.008333
0 0.002083 0.005556 -0.003125 -0.011111
0 0.002865 0.007407 -0.004687 -0.014815
0 0.004427 0.008796 -0.007812 -0.017593
0 0.007552 0.012037 -0.014063 -0.024074
0 0.002083 0.005556 -0.003125 -0.011111
0 0.002865 0.007407 -0.004687 -0.014815
0 0.004948 0.009722 -0.008854 -0.019444
0 0.007552 0.012037 -0.014063 -0.024074
0 0.004948 0.009722 -0.008854 -0.019444
0 0.005208 0.009722 -0.008333 -0.019444
0 0.002083 0.005556 -0.003125 -0.011111
0 0.003125 0.007407 -0.004167 -0.014815
0 0.004948 0.009722 -0.008854 -0.019444
0 0.001823 0.004167 -0.002604 -0.008333
0 0.007552 0.012037 -0.014063 -0.024074
0 0.002865 0.007407 -0.004687 -0.014815
0 0.004948 0.009722 -0.008854 -0.019444
0 0.007552 0.012037 -0.014063 -0.024074
0 0.007552 0.012037 -0.014063 -0.024074
0 0.003646 0.006944 -0.006250 -0.013889
0 0.004167 0.008333 -0.007292 -0.016667
0 0.002865 0.007407 -0.004687 -0.014815
0 0.003125 0.007407 -0.004167 -0.014815
0 0.007552 0.012037 -0.014063 -0.024074
0 0.002083 0.005556 -0.003125 -0.011111
0 0.001823 0.004167 -0.002604 -0.008333
0 0.007552 0.012037 -0.014063 -0.024074
0 0.001823 0.004167 -0.002604 -0.008333
0 0.002865 0.007407 -0.004687 -0.014815
0 0.001823 0.004167 -0.002604 -0.008333
0 0.002865 0.007407 -0.004687 -0.014815
0 0.004948 0.009722 -0.008854 -0.019444
0 0.004427 0.008796 -0.007812 -0.017593
0 0.002865 0.007407 -0.004687 -0.014815
0 0.007552 0.012037 -0.014063 -0.024074
0 0.002083 0.005556 -0.003125 -0.011111
0 0.007552 0.012037 -0.014063 -0.024074
0 0.007552 0.012037 -0.014063 -0.024074
0 0.007552 0.012037 -0.014063 -0.024074
0 0.007552 0.012037 -0.014063 -0.024074
0 0.004948 0.009722 -0.008854 -0.019444
0 0.002865 0.007407 -0.004687 -0.014815
0 0.002865 0.007407 -0.004687 -0.014815
0 0.004948 0.009722 -0.008854 -0.019444
0 0.007552 0.012037 -0.014063 -0.024074
0 0.002865 0.007407 -0.004687 -0.014815
0 0.005208 0.009722 -0.008333 -0.019444
0 0.002865 0.007407 -0.004687 -0.014815
0 0.002865 0.007407 -0.004687 -0.014815
0 0.004427 0.008796 -0.007812 -0.017593
0 0.002865 0.007407 -0.004687 -0.014815
0 0.001823 0.004167 -0.002604 -0.008333
0 0.001823 0.004167 -0.002604 -0.008333
0 0.002083 0.005556 -0.003125 -0.011111
0 0.002865 0.007407 -0.004687 -0.014815
0 0.002083 0.005556 -0.003125 -0.011111
0 0.002083 0.005556 -0.003125 -0.011111
0 0.002865 0.007407 -0.004687 -0.014815
0 0.002083 0.005556 -0.003125 -0.011111
0 0.004427 0.008796 -0.007812 -0.017593
0 0.004948 0.009722 -0.008854 -0.019444
0 0.002865 0.007407 -0.004687 -0.014815
0 0.004427 0.008796 -0.007812 -0.017593
0 0.004948 0.009722 -0.008854 -0.019444
0 0.003125 0.007407 -0.004167 -0.014815
0 0.004948 0.009722 -0.008854 -0.019444
0 0.004948 0.009722 -0.008854 -0.019444
0 0.003125 0.007407 -0.004167 -0.014815
0 0.002865 0.007407 -0.004687 -0.014815
0 0.002083 0.005556 -0.003125 -0.011111
0 0.007812 0.012037 -0.013542 -0.024074
0 0.002865 0.007407 -0.004687 -0.014815
0 0.007552 0.012037 -0.014063 -0.024074
0 0.002083 0.005556 -0.003125 -0.011111
0 0.002604 0.006481 -0.004167 -0.012963
0 0.002083 0.005556 -0.003125 -0.011111
0 0.007552 0.012037 -0.014063 -0.024074
0 0.004948 0.009722 -0.008854 -0.019444
0 0.004427 0.008796 -0.007812 -0.017593
0 0.002865 0.007407 -0.004687 -0.014815
0 0.002865 0.007407 -0.004687 -0.014815
0 0.005469 0.010185 -0.009896 -0.020370
0 0.002083 0.005556 -0.003125 -0.011111
0 0.004948 0.009722 -0.008854 -0.019444
0 0.007552 0.012037 -0.014063 -0.024074
0 0.004948 0.009722 -0.008854 -0.019444
0 0.002865 0.007407 -0.004687 -0.014815
0 0.004948 0.009722 -0.008854 -0.019444
0 0.002865 0.007407 -0.004687 -0.014815
0 0.002865 0.007407 -0.004687 -0.014815
0 0.005208 0.009722 -0.008333 -0.019444
0 0.007552 0.012037 -0.014063 -0.024074
0 0.004948 0.009722 -0.008854 -0.019444
0 0.004948 0.009722 -0.008854 -0.019444
0 0.002865 0.007407 -0.004687 -0.014815
0 0.001823 0.004167 -0.002604 -0.008333
0 0.004427 0.008796 -0.007812 -0.017593
0 0.004427 0.008796 -0.007812 -0.017593
0 0.002865 0.007407 -0.004687 -0.014815
0 0.002083 0.005556 -0.003125 -0.011111
0 0.002865 0.007407 -0.004687 -0.014815
0 0.003125 0.007407 -0.004167 -0.014815
0 0.007552 0.012037 -0.014063 -0.024074
0 0.004948 0.009722 -0.008854 -0.019444
0 0.007552 0.012037 -0.014063 -0.024074
0 0.004948 0.009722 -0.008854 -0.019444
0 0.002083 0.005556 -0.003125 -0.011111
0 0.004948 0.009722 -0.008854 -0.019444
0 0.005469 0.010185 -0.009896 -0.020370
0 0.007812 0.012037 -0.013542 -0.024074
0 0.002865 0.007407 -0.004687 -0.014815
0 0.002083 0.005556 -0.003125 -0.011111
0 0.004427 0.008796 -0.007812 -0.017593
0 0.002083 0.005556 -0.003125 -0.011111
0 0.004948 0.009722 -0.008854 -0.019444
0 0.002083 0.005556 -0.003125 -0.011111
0 0.002865 0.007407 -0.004687 -0.014815
0 0.004167 0.008333 -0.007292 -0.016667
0 0.007552 0.012037 -0.014063 -0.024074
0 0.002865 0.007407 -0.004687 -0.014815
0 0.004427 0.008796 -0.007812 -0.017593
0 0.002865 0.007407 -0.004687 -0.014815
0 0.004427 0.008796 -0.007812 -0.017593
0 0.004948 0.009722 -0.008854 -0.019444
0 0.002865 0.007407 -0.004687 -0.014815
0 0.002865 0.007407 -0.004687 -0.014815
0 0.002865 0.007407 -0.004687 -0.014815
0 0.002865 0.007407 -0.004687 -0.014815
0 0.002865 0.007407 -0.004687 -0.014815
0 0.002083 0.005556 -0.003125 -0.011111
0 0.002083 0.005556 -0.003125 -0.011111
0 0.002865 0.007407 -0.004687 -0.014815
0 0.004948 0.009722 -0.008854 -0.019444
0 0.002865 0.007407 -0.004687 -0.014815
0 0.007552 0.012037 -0.014063 -0.024074
0 0.002865 0.007407 -0.004687 -0.014815
0 0.003125 0.007407 -0.004167 -0.014815
0 0.002865 0.007407 -0.004687 -0.014815
0 0.002865 0.007407 -0.004687 -0.014815
0 0.002865 0.007407 -0.004687 -0.014815
0 0.002083 0.005556 -0.003125 -0.011111
0 0.002083 0.005556 -0.003125 -0.011111
0 0.002865 0.007407 -0.004687 -0.014815
0 0.004427 0.008796 -0.007812 -0.017593
0 0.002865 0.007407 -0.004687 -0.014815
0 0.002865 0.007407 -0.004687 -0.014815
0 0.004427 0.008796 -0.007812 -0.017593
0 0.007552 0.012037 -0.014063 -0.024074
0 0.002083 0.005556 -0.003125 -0.011111
0 0.004948 0.009722 -0.008854 -0.019444
0 0.002083 0.005556 -0.003125 -0.011111
0 0.004948 0.009722 -0.008854 -0.019444
0 0.002865 0.007407 -0.004687 -0.014815
0 0.003125 0.007407 -0.004167 -0.014815
0 0.004948 0.009722 -0.008854 -0.019444
0 0.002865 0.007407 -0.004687 -0.014815
0 0.002083 0.005556 -0.003125 -0.011111
0 0.002083 0.005556 -0.003125 -0.011111
0 0.007552 0.012037 -0.014063 -0.024074
0 0.004427 0.008796 -0.007812 -0.017593
0 0.004427 0.008796 -0.007812 -0.017593
0 0.002083 0.005556 -0.003125 -0.011111
0 0.002865 0.007407 -0.004687 -0.014815
0 0.004948 0.009722 -0.008854 -0.019444
0 0.001823 0.004167 -0.002604 -0.008333
0 0.002865 0.007407 -0.004687 -0.014815
0 0.002865 0.007407 -0.004687 -0.014815
0 0.004948 0.009722 -0.008854 -0.019444
0 0.004427 0.008796 -0.007812 -0.017593
0 0.003906 0.008333 -0.006771 -0.016667
0 0.002865 0.007407 -0.004687 -0.014815
0 0.004948 0.009722 -0.008854 -0.019444
0 0.004948 0.009722 -0.008854 -0.019444
0 0.004427 0.008796 -0.007812 -0.017593
0 0.007552 0.012037 -0.014063 -0.024074
0 0.002083 0.005556 -0.003125 -0.011111
0 0.002865 0.007407 -0.004687 -0.014815
0 0.004427 0.008796 -0.007812 -0.017593
0 0.003125 0.007407 -0.004167 -0.014815
0 0.005990 0.010185 -0.010937 -0.020370
0 0.002865 0.007407 -0.004687 -0.014815
0 0.002865 0.007407 -0.004687 -0.014815
0 0.002865 0.007407 -0.004687 -0.014815
0 0.002865 0.007407 -0.004687 -0.014815
0 0.002083 0.005556 -0.003125 -0.011111
0 0.002865 0.007407 -0.004687 -0.014815
0 0.004948 0.009722 -0.008854 -0.019444
0 0.004948 0.009722 -0.008854 -0.019444
0 0.002083 0.005556 -0.003125 -0.011111
0 0.004948 0.009722 -0.008854 -0.019444
0 0.004427 0.008796 -0.007812 -0.017593
0 0.007552 0.012037 -0.014063 -0.024074
0 0.002865 0.007407 -0.004687 -0.014815
0 0.002865 0.007407 -0.004687 -0.014815
0 0.002865 0.007407 -0.004687 -0.014815
0 0.002865 0.007407 -0.004687 -0.014815
0 0.007552 0.012037 -0.014063 -0.024074
0 0.002083 0.005556 -0.003125 -0.011111
0 0.001823 0.004167 -0.002604 -0.008333
0 0.007552 0.012037 -0.014063 -0.024074
0 0.007552 0.012037 -0.014063 -0.024074
0 0.004948 0.009722 -0.008854 -0.019444
0 0.002865 0.007407 -0.004687 -0.014815
0 0.004427 0.008796 -0.007812 -0.017593
0 0.002865 0.007407 -0.004687 -0.014815
0 0.004948 0.009722 -0.008854 -0.019444
0 0.002083 0.005556 -0.003125 -0.011111
0 0.004948 0.009722 -0.008854 -0.019444
0 0.002083 0.005556 -0.003125 -0.011111
0 0.007552 0.012037 -0.014063 -0.024074
0 0.002865 0.007407 -0.004687 -0.014815
0 0.004948 0.009722 -0.008854 -0.019444
0 0.003125 0.007407 -0.004167 -0.014815
0 0.002865 0.007407 -0.004687 -0.014815
0 0.004427 0.008796 -0.007812 -0.017593
0 0.001823 0.004167 -0.002604 -0.008333
0 0.002865 0.007407 -0.004687 -0.014815
0 0.004427 0.008796 -0.007812 -0.017593
0 0.002083 0.005556 -0.003125 -0.011111
0 0.005208 0.009722 -0.008333 -0.019444
0 0.004427 0.008796 -0.007812 -0.017593
0 0.002083 0.005556 -0.003125 -0.011111
0 0.002865 0.007407 -0.004687 -0.014815
0 0.003646 0.006944 -0.006250 -0.013889
0 0.007552 0.012037 -0.014063 -0.024074
0 0.001823 0.004167 -0.002604 -0.008333
0 0.002083 0.005556 -0.003125 -0.011111
0 0.002865 0.007407 -0.004687 -0.014815
0 0.004427 0.008796 -0.007812 -0.017593
0 0.004687 0.008796 -0.007292 -0.017593
0 0.002865 0.007407 -0.004687 -0.014815
0 0.004687 0.008796 -0.007292 -0.017593
0 0.002865 0.007407 -0.004687 -0.014815
0 0.004427 0.008796 -0.007812 -0.017593
0 0.004948 0.009722 -0.008854 -0.019444
0 0.004427 0.008796 -0.007812 -0.017593
0 0.003385 0.007407 -0.004687 -0.014815
0 0.007552 0.012037 -0.014063 -0.024074
0 0.002865 0.007407 -0.004687 -0.014815
0 0.007552 0.012037 -0.014063 -0.024074
0 0.007552 0.012037 -0.014063 -0.024074
0 0.003646 0.006944 -0.006250 -0.013889
0 0.002865 0.007407 -0.004687 -0.014815
0 0.002865 0.007407 -0.004687 -0.014815
0 0.002083 0.005556 -0.003125 -0.011111
0 0.004427 0.008796 -0.007812 -0.017593
0 0.004427 0.008796 -0.007812 -0.017593
0 0.004948 0.009722 -0.008854 -0.019444
0 0.004948 0.009722 -0.008854 -0.019444
0 0.004427 0.008796 -0.007812 -0.017593
0 0.004948 0.009722 -0.008854 -0.019444
0 0.001823 0.004167 -0.002604 -0.008333
0 0.002865 0.007407 -0.004687 -0.014815
0 0.004427 0.008796 -0.007812 -0.017593
0 0.003125 0.007407 -0.004167 -0.014815
0 0.002865 0.007407 -0.004687 -0.014815
0 0.007552 0.012037 -0.014063 -0.024074
0 0.003125 0.007407 -0.004167 -0.014815
0 0.002865 0.007407 -0.004687 -0.014815
0 0.001823 0.004167 -0.002604 -0.008333
0 0.002865 0.007407 -0.004687 -0.014815
0 0.002083 0.005556 -0.003125 -0.011111
0 0.002865 0.007407 -0.004687 -0.014815
0 0.004948 0.009722 -0.008854 -0.019444
0 0.004427 0.008796 -0.007812 -0.017593
0 0.002865 0.007407 -0.004687 -0.014815
0 0.002865 0.007407 -0.004687 -0.014815
0 0.004948 0.009722 -0.008854 -0.019444
0 0.001823 0.004167 -0.002604 -0.008333
0 0.004427 0.008796 -0.007812 -0.017593
0 0.001823 0.004167 -0.002604 -0.008333
0 0.002865 0.007407 -0.004687 -0.014815
0 0.007552 0.012037 -0.014063 -0.024074
0 0.002865 0.007407 -0.004687 -0.014815
0 0.002865 0.007407 -0.004687 -0.014815
0 0.007552 0.012037 -0.014063 -0.024074
0 0.003125 0.007407 -0.004167 -0.014815
0 0.001823 0.004167 -0.002604 -0.008333
0 0.004948 0.009722 -0.008854 -0.019444
0 0.001823 0.004167 -0.002604 -0.008333
0 0.002865 0.007407 -0.004687 -0.014815
0 0.007552 0.012037 -0.014063 -0.024074
0 0.007552 0.012037 -0.014063 -0.024074
0 0.002083 0.005556 -0.003125 -0.011111
0 0.002865 0.007407 -0.004687 -0.014815
0 0.007552 0.012037 -0.014063 -0.024074
0 0.004427 0.008796 -0.007812 -0.017593
0 0.002865 0.007407 -0.004687 -0.014815
0 0.004948 0.009722 -0.008854 -0.019444
0 0.002865 0.007407 -0.004687 -0.014815
0 0.007552 0.012037 -0.014063 -0.024074
0 0.004948 0.009722 -0.008854 -0.019444
0 0.001823 0.004167 -0.002604 -0.008333
0 0.004948 0.009722 -0.008854 -0.019444
0 0.002865 0.007407 -0.004687 -0.014815
0 0.003125 0.007407 -0.004167 -0.014815
0 0.007552 0.012037 -0.014063 -0.024074
0 0.004427 0.008796 -0.007812 -0.017593
0 0.005990 0.010185 -0.010937 -0.020370
0 0.002083 0.005556 -0.003125 -0.011111
0 0.004427 0.008796 -0.007812 -0.017593
0 0.002865 0.007407 -0.004687 -0.014815
0 0.002865 0.007407 -0.004687 -0.014815
0 0.004427 0.008796 -0.007812 -0.017593
0 0.007552 0.012037 -0.014063 -0.024074
0 0.006250 0.010648 -0.011458 -0.021296
0 0.004427 0.008796 -0.007812 -0.017593
0 0.002865 0.007407 -0.004687 -0.014815
0 0.002083 0.005556 -0.003125 -0.011111
0 0.002344 0.005556 -0.003646 -0.011111
0 0.007552 0.012037 -0.014063 -0.024074
0 0.002083 0.005556 -0.003125 -0.011111
0 0.002865 0.007407 -0.004687 -0.014815
0 0.002865 0.007407 -0.004687 -0.014815
0 0.002865 0.007407 -0.004687 -0.014815
0 0.002865 0.007407 -0.004687 -0.014815
0 0.001823 0.004167 -0.002604 -0.008333
0 0.002865 0.007407 -0.004687 -0.014815
0 0.003646 0.006944 -0.006250 -0.013889
0 0.005208 0.009722 -0.008333 -0.019444
0 0.004948 0.009722 -0.008854 -0.019444
0 0.004948 0.009722 -0.008854 -0.019444
0 0.004427 0.008796 -0.007812 -0.017593
0 0.004427 0.008796 -0.007812 -0.017593
0 0.002865 0.007407 -0.004687 -0.014815
0 0.004948 0.009722 -0.008854 -0.019444
0 0.004427 0.008796 -0.007812 -0.017593
0 0.001823 0.004167 -0.002604 -0.008333
0 0.002083 0.005556 -0.003125 -0.011111
0 0.002083 0.005556 -0.003125 -0.011111
0 0.001823 0.004167 -0.002604 -0.008333
0 0.004427 0.008796 -0.007812 -0.017593
0 0.004948 0.009722 -0.008854 -0.019444
0 0.002865 0.007407 -0.004687 -0.014815
0 0.004948 0.009722 -0.008854 -0.019444
0 0.002083 0.005556 -0.003125 -0.011111
0 0.004948 0.009722 -0.008854 -0.019444
0 0.004948 0.009722 -0.008854 -0.019444
0 0.004427 0.008796 -0.007812 -0.017593
0 0.001823 0.004167 -0.002604 -0.008333
0 0.007552 0.012037 -0.014063 -0.024074
0 0.004948 0.009722 -0.008854 -0.019444
0 0.002083 0.005556 -0.003125 -0.011111
0 0.002083 0.005556 -0.003125 -0.011111
0 0.007552 0.012037 -0.014063 -0.024074
0 0.002865 0.007407 -0.004687 -0.014815
0 0.004427 0.008796 -0.007812 -0.017593
0 0.004427 0.008796 -0.007812 -0.017593
0 0.004948 0.009722 -0.008854 -0.019444
0 0.002865 0.007407 -0.004687 -0.014815
0 0.003125 0.006944 -0.005208 -0.013889
0 0.007552 0.012037 -0.014063 -0.024074
0 0.004427 0.008796 -0.007812 -0.017593
0 0.004948 0.009722 -0.008854 -0.019444
0 0.002865 0.007407 -0.004687 -0.014815
0 0.004427 0.008796 -0.007812 -0.017593
0 0.001823 0.004167 -0.002604 -0.008333
0 0.002865 0.007407 -0.004687 -0.014815
0 0.003125 0.007407 -0.004167 -0.014815
0 0.002865 0.007407 -0.004687 -0.014815
0 0.004948 0.009722 -0.008854 -0.019444
0 0.007552 0.012037 -0.014063 -0.024074
0 0.004427 0.008796 -0.007812 -0.017593
0 0.003646 0.006944 -0.006250 -0.013889
0 0.004687 0.008796 -0.007292 -0.017593
0 0.004427 0.008796 -0.007812 -0.017593
0 0.007552 0.012037 -0.014063 -0.024074
0 0.002083 0.005556 -0.003125 -0.011111
0 0.002865 0.007407 -0.004687 -0.014815
0 0.007552 0.012037 -0.014063 -0.024074
0 0.004427 0.008796 -0.007812 -0.017593
0 0.007552 0.012037 -0.014063 -0.024074
0 0.004948 0.009722 -0.008854 -0.019444
0 0.002865 0.007407 -0.004687 -0.014815
0 0.004948 0.009722 -0.008854 -0.019444
0 0.002865 0.007407 -0.004687 -0.014815
0 0.002865 0.007407 -0.004687 -0.014815
0 0.002083 0.005556 -0.003125 -0.011111
0 0.002865 0.007407 -0.004687 -0.014815
0 0.002083 0.005556 -0.003125 -0.011111
0 0.007812 0.012037 -0.013542 -0.024074
0 0.007552 0.012037 -0.014063 -0.024074
0 0.002083 0.005556 -0.003125 -0.011111
0 0.006771 0.011111 -0.012500 -0.022222
0 0.004948 0.009722 -0.008854 -0.019444
0 0.002865 0.007407 -0.004687 -0.014815
0 0.002865 0.007407 -0.004687 -0.014815
0 0.007552 0.012037 -0.014063 -0.024074
0 0.002083 0.005556 -0.003125 -0.011111
0 0.004948 0.009722 -0.008854 -0.019444
0 0.007552 0.012037 -0.014063 -0.024074
0 0.002865 0.007407 -0.004687 -0.014815
0 0.004427 0.008796 -0.007812 -0.017593
0 0.002865 0.007407 -0.004687 -0.014815
0 0.004948 0.009722 -0.008854 -0.019444
0 0.003125 0.007407 -0.005208 -0.014815
0 0.007552 0.012037 -0.014063 -0.024074
0 0.007552 0.012037 -0.014063 -0.024074
0 0.006771 0.011111 -0.012500 -0.022222
0 0.002865 0.007407 -0.004687 -0.014815
0 0.004427 0.008796 -0.007812 -0.017593
0 0.002865 0.007407 -0.004687 -0.014815
0 0.004948 0.009722 -0.008854 -0.019444
0 0.004948 0.009722 -0.008854 -0.019444
0 0.004167 0.008333 -0.007292 -0.016667
0 0.007552 0.012037 -0.014063 -0.024074
0 0.004948 0.009722 -0.008854 -0.019444
0 0.004948 0.009722 -0.008854 -0.019444
0 0.002865 0.007407 -0.004687 -0.014815
0 0.002083 0.005556 -0.003125 -0.011111
0 0.007552 0.012037 -0.014063 -0.024074
0 0.002865 0.007407 -0.004687 -0.014815
0 0.004948 0.009722 -0.008854 -0.019444
0 0.002865 0.007407 -0.004687 -0.014815
0 0.002865 0.007407 -0.004687 -0.014815
0 0.001823 0.004167 -0.002604 -0.008333
0 0.007552 0.012037 -0.014063 -0.024074
0 0.002865 0.007407 -0.004687 -0.014815
0 0.003646 0.006944 -0.006250 -0.013889
0 0.004948 0.009722 -0.008854 -0.019444
0 0.004427 0.008796 -0.007812 -0.017593
0 0.003125 0.007407 -0.004167 -0.014815
0 0.002083 0.005556 -0.003125 -0.011111
0 0.003646 0.006944 -0.006250 -0.013889
0 0.002865 0.007407 -0.004687 -0.014815
0 0.005208 0.009722 -0.008333 -0.019444
0 0.002865 0.007407 -0.004687 -0.014815
0 0.007552 0.012037 -0.014063 -0.024074
0 0.004427 0.008796 -0.007812 -0.017593
0 0.007552 0.012037 -0.014063 -0.024074
0 0.002865 0.007407 -0.004687 -0.014815
0 0.005208 0.009722 -0.008333 -0.019444
0 0.004427 0.008796 -0.007812 -0.017593
0 0.004427 0.008796 -0.007812 -0.017593
0 0.007552 0.012037 -0.014063 -0.024074
0 0.004427 0.008796 -0.007812 -0.017593
0 0.003906 0.008333 -0.006771 -0.016667
0 0.003646 0.007870 -0.006250 -0.015741
0 0.004427 0.008796 -0.007812 -0.017593
0 0.002083 0.005556 -0.003125 -0.011111
0 0.004427 0.008796 -0.007812 -0.017593
0 0.002865 0.007407 -0.004687 -0.014815
0 0.004427 0.008796 -0.007812 -0.017593
0 0.002865 0.007407 -0.004687 -0.014815
0 0.002083 0.005556 -0.003125 -0.011111
0 0.004427 0.008796 -0.007812 -0.017593
0 0.002083 0.005556 -0.003125 -0.011111
0 0.002083 0.005556 -0.003125 -0.011111
0 0.005208 0.009722 -0.008333 -0.019444
0 0.004427 0.008796 -0.007812 -0.017593
0 0.001823 0.004167 -0.002604 -0.008333
0 0.002083 0.005556 -0.003125 -0.011111
0 0.004427 0.008796 -0.007812 -0.017593
0 0.001823 0.004167 -0.002604 -0.008333
0 0.002865 0.007407 -0.004687 -0.014815
0 0.004948 0.009722 -0.008854 -0.019444
0 0.001823 0.004167 -0.002604 -0.008333
0 0.004948 0.009722 -0.008854 -0.019444
0 0.007552 0.012037 -0.014063 -0.024074
0 0.002865 0.007407 -0.004687 -0.014815
0 0.002865 0.007407 -0.004687 -0.014815
0 0.002865 0.007407 -0.004687 -0.014815
0 0.007552 0.012037 -0.014063 -0.024074
0 0.001823 0.004167 -0.002604 -0.008333
0 0.001823 0.004167 -0.002604 -0.008333
0 0.001823 0.004167 -0.002604 -0.008333
0 0.002083 0.005556 -0.003125 -0.011111
0 0.002865 0.007407 -0.004687 -0.014815
0 0.007552 0.012037 -0.014063 -0.024074
0 0.004427 0.008796 -0.007812 -0.017593
0 0.002865 0.007407 -0.004687 -0.014815
0 0.002865 0.007407 -0.004687 -0.014815
0 0.001823 0.004167 -0.002604 -0.008333
0 0.002083 0.005556 -0.003125 -0.011111
0 0.007552 0.012037 -0.014063 -0.024074
0 0.004948 0.009722 -0.008854 -0.019444
0 0.004427 0.008796 -0.007812 -0.017593
0 0.005208 0.009722 -0.008333 -0.019444
0 0.002083 0.005556 -0.003125 -0.011111
0 0.002083 0.005556 -0.003125 -0.011111
0 0.001823 0.004167 -0.002604 -0.008333
0 0.004948 0.009722 -0.008854 -0.019444
0 0.004948 0.009722 -0.008854 -0.019444
0 0.005208 0.009259 -0.009375 -0.018519
0 0.004948 0.009722 -0.008854 -0.019444
0 0.002865 0.007407 -0.004687 -0.014815
0 0.002083 0.005556 -0.003125 -0.011111
0 0.002865 0.007407 -0.004687 -0.014815
0 0.004427 0.008796 -0.007812 -0.017593
0 0.002865 0.007407 -0.004687 -0.014815
0 0.004427 0.008796 -0.007812 -0.017593
0 0.004427 0.008796 -0.007812 -0.017593
0 0.004948 0.009722 -0.008854 -0.019444
0 0.001823 0.004167 -0.002604 -0.008333
0 0.004948 0.009722 -0.008854 -0.019444
0 0.002865 0.007407 -0.004687 -0.014815
0 0.002865 0.007407 -0.004687 -0.014815
0 0.001823 0.004167 -0.002604 -0.008333
0 0.002865 0.007407 -0.004687 -0.014815
0 0.007552 0.012037 -0.014063 -0.024074
0 0.004948 0.009722 -0.008854 -0.019444
0 0.004427 0.008796 -0.007812 -0.017593
0 0.001823 0.004167 -0.002604 -0.008333
0 0.007552 0.012037 -0.014063 -0.024074
0 0.002865 0.007407 -0.004687 -0.014815
0 0.002865 0.007407 -0.004687 -0.014815
0 0.003125 0.007407 -0.004167 -0.014815
0 0.004427 0.008796 -0.007812 -0.017593
0 0.004427 0.008796 -0.007812 -0.017593
0 0.007552 0.012037 -0.014063 -0.024074
0 0.003646 0.007870 -0.006250 -0.015741
0 0.007552 0.012037 -0.014063 -0.024074
0 0.004948 0.009722 -0.008854 -0.019444
0 0.003125 0.007407 -0.005208 -0.014815
0 0.004427 0.008796 -0.007812 -0.017593
0 0.004427 0.008796 -0.007812 -0.017593
0 0.002865 0.007407 -0.004687 -0.014815
0 0.007552 0.012037 -0.014063 -0.024074
0 0.005990 0.010185 -0.010937 -0.020370
0 0.004948 0.009722 -0.008854 -0.019444
0 0.001823 0.004167 -0.002604 -0.008333
0 0.002865 0.007407 -0.004687 -0.014815
0 0.002865 0.007407 -0.004687 -0.014815
0 0.002865 0.007407 -0.004687 -0.014815
0 0.004948 0.009722 -0.008854 -0.019444
0 0.004948 0.009722 -0.008854 -0.019444
0 0.004427 0.008796 -0.007812 -0.017593
0 0.002604 0.006019 -0.004167 -0.012037
0 0.004948 0.009722 -0.008854 -0.019444
0 0.003385 0.007407 -0.005729 -0.014815
0 0.004687 0.008796 -0.007292 -0.017593
0 0.002083 0.005556 -0.003125 -0.011111
0 0.002865 0.007407 -0.004687 -0.014815
0 0.002865 0.007407 -0.004687 -0.014815
0 0.002865 0.007407 -0.004687 -0.014815
0 0.002865 0.007407 -0.004687 -0.014815
0 0.007552 0.012037 -0.014063 -0.024074
0 0.004167 0.008333 -0.007292 -0.016667
0 0.002083 0.005556 -0.003125 -0.011111
0 0.004948 0.009722 -0.008854 -0.019444
0 0.003125 0.007407 -0.004167 -0.014815
0 0.002083 0.005556 -0.003125 -0.011111
0 0.002865 0.007407 -0.004687 -0.014815
0 0.004427 0.008796 -0.007812 -0.017593
0 0.002865 0.007407 -0.004687 -0.014815
0 0.002865 0.007407 -0.004687 -0.014815
0 0.004427 0.008796 -0.007812 -0.017593
0 0.002865 0.007407 -0.004687 -0.014815
0 0.007552 0.012037 -0.014063 -0.024074
0 0.004948 0.009722 -0.008854 -0.019444
0 0.004427 0.008796 -0.007812 -0.017593
0 0.004427 0.008796 -0.007812 -0.017593
0 0.004948 0.009722 -0.008854 -0.019444
0 0.004427 0.008796 -0.007812 -0.017593
0 0.002083 0.005556 -0.003125 -0.011111
0 0.002083 0.005556 -0.003125 -0.011111
0 0.002865 0.007407 -0.004687 -0.014815
0 0.002865 0.007407 -0.004687 -0.014815
0 0.005208 0.009722 -0.008333 -0.019444
0 0.002865 0.007407 -0.004687 -0.014815
0 0.002083 0.005556 -0.003125 -0.011111
0 0.007552 0.012037 -0.014063 -0.024074
0 0.004948 0.009722 -0.008854 -0.019444
0 0.002865 0.007407 -0.004687 -0.014815
0 0.003125 0.007407 -0.004167 -0.014815
0 0.002083 0.005556 -0.003125 -0.011111
0 0.004948 0.009722 -0.008854 -0.019444
0 0.002083 0.005556 -0.003125 -0.011111
0 0.002865 0.007407 -0.004687 -0.014815
0 0.002865 0.007407 -0.004687 -0.014815
0 0.002865 0.007407 -0.004687 -0.014815
0 0.003125 0.007407 -0.004167 -0.014815
0 0.003906 0.008333 -0.006771 -0.016667
0 0.005208 0.009259 -0.009375 -0.018519
0 0.002083 0.005556 -0.003125 -0.011111
0 0.004427 0.008796 -0.007812 -0.017593
0 0.004427 0.008796 -0.007812 -0.017593
0 0.002865 0.007407 -0.004687 -0.014815
0 0.004427 0.008796 -0.007812 -0.017593
0 0.007552 0.012037 -0.014063 -0.024074
0 0.002083 0.005556 -0.003125 -0.011111
0 0.002865 0.007407 -0.004687 -0.014815
0 0.002865 0.007407 -0.004687 -0.014815
0 0.002865 0.007407 -0.004687 -0.014815
0 0.004948 0.009722 -0.008854 -0.019444
0 0.002083 0.005556 -0.003125 -0.011111
0 0.004948 0.009722 -0.008854 -0.019444
0 0.002865 0.007407 -0.004687 -0.014815
0 0.001823 0.004167 -0.002604 -0.008333
0 0.002865 0.007407 -0.004687 -0.014815
0 0.004948 0.009722 -0.008854 -0.019444
0 0.004948 0.009722 -0.008854 -0.019444
0 0.007552 0.012037 -0.014063 -0.024074
0 0.001823 0.004167 -0.002604 -0.008333
0 0.002865 0.007407 -0.004687 -0.014815
0 0.003125 0.007407 -0.004167 -0.014815
0 0.002865 0.007407 -0.004687 -0.014815
0 0.002865 0.007407 -0.004687 -0.014815
0 0.002083 0.005556 -0.003125 -0.011111
0 0.002344 0.005556 -0.003646 -0.011111
0 0.004427 0.008796 -0.007812 -0.017593
0 0.002865 0.007407 -0.004687 -0.014815
0 0.002865 0.007407 -0.004687 -0.014815
0 0.004687 0.009259 -0.008333 -0.018519
0 0.004948 0.009722 -0.008854 -0.019444
0 0.005208 0.009722 -0.008333 -0.019444
0 0.007552 0.012037 -0.014063 -0.024074
0 0.003646 0.007870 -0.006250 -0.015741
0 0.005208 0.009722 -0.008333 -0.019444
0 0.002083 0.005556 -0.003125 -0.011111
0 0.004427 0.008796 -0.007812 -0.017593
0 0.004687 0.009259 -0.008333 -0.018519
0 0.002083 0.005556 -0.003125 -0.011111
0 0.007552 0.012037 -0.014063 -0.024074
0 0.002083 0.005556 -0.003125 -0.011111
0 0.004427 0.008796 -0.007812 -0.017593
0 0.004948 0.009722 -0.008854 -0.019444
0 0.002083 0.005556 -0.003125 -0.011111
0 0.002865 0.007407 -0.004687 -0.014815
0 0.002865 0.007407 -0.004687 -0.014815
0 0.004687 0.008796 -0.007292 -0.017593
0 0.004948 0.009722 -0.008854 -0.019444
0 0.002083 0.005556 -0.003125 -0.011111
0 0.002865 0.007407 -0.004687 -0.014815
0 0.002865 0.007407 -0.004687 -0.014815
0 0.002083 0.005556 -0.003125 -0.011111
0 0.001823 0.004167 -0.002604 -0.008333
0 0.002865 0.007407 -0.004687 -0.014815
0 0.001823 0.004167 -0.002604 -0.008333
0 0.002865 0.007407 -0.004687 -0.014815
0 0.004948 0.009722 -0.008854 -0.019444
0 0.002604 0.006481 -0.004167 -0.012963
0 0.004687 0.009259 -0.008333 -0.018519
0 0.007552 0.012037 -0.014063 -0.024074
0 0.004948 0.009722 -0.008854 -0.019444
0 0.003646 0.007870 -0.006250 -0.015741
0 0.004948 0.009722 -0.008854 -0.019444
0 0.004427 0.008796 -0.007812 -0.017593
0 0.001823 0.004167 -0.002604 -0.008333
0 0.002865 0.007407 -0.004687 -0.014815
0 0.004427 0.008796 -0.007812 -0.017593
0 0.002083 0.005556 -0.003125 -0.011111
0 0.004948 0.009722 -0.008854 -0.019444
0 0.007552 0.012037 -0.014063 -0.024074
0 0.001823 0.004167 -0.002604 -0.008333
0 0.004948 0.009722 -0.008854 -0.019444
0 0.007552 0.012037 -0.014063 -0.024074
0 0.004427 0.008796 -0.007812 -0.017593
0 0.002865 0.007407 -0.004687 -0.014815
0 0.002083 0.005556 -0.003125 -0.011111
0 0.002083 0.005556 -0.003125 -0.011111
0 0.002865 0.007407 -0.004687 -0.014815
0 0.004427 0.008796 -0.007812 -0.017593
0 0.004948 0.009722 -0.008854 -0.019444
0 0.002865 0.007407 -0.004687 -0.014815
0 0.007552 0.012037 -0.014063 -0.024074
0 0.002865 0.007407 -0.004687 -0.014815
0 0.002865 0.007407 -0.004687 -0.014815