0 0.004724 0.010767 -0.008963 -0.021533
0 0.004482 0.012705 -0.008479 -0.025409
0 0.004118 0.010336 -0.007752 -0.020672
0 0.004966 0.012274 -0.009448 -0.024548
0 0.004966 0.012274 -0.009448 -0.024548
0 0.004482 0.012705 -0.008479 -0.025409
0 0.003755 0.008183 -0.007025 -0.016365
0 0.003755 0.010767 -0.007025 -0.021533
0 0.006904 0.015289 -0.012839 -0.030577
0 0.004724 0.010767 -0.008963 -0.021533
0 0.003755 0.010767 -0.007025 -0.021533
0 0.003755 0.010767 -0.007025 -0.021533
0 0.003755 0.010767 -0.007025 -0.021533
0 0.004482 0.012705 -0.008479 -0.025409
0 0.004482 0.012705 -0.008479 -0.025409
0 0.004724 0.010767 -0.008963 -0.021533
0 0.003755 0.008183 -0.007025 -0.016365
0 0.004482 0.012705 -0.008479 -0.025409
0 0.003755 0.010767 -0.007025 -0.021533
0 0.003755 0.008183 -0.007025 -0.016365
0 0.004724 0.010767 -0.008963 -0.021533
0 0.003755 0.008183 -0.007025 -0.016365
0 0.004482 0.012705 -0.008479 -0.025409
0 0.003755 0.008183 -0.007025 -0.016365
0 0.003755 0.010767 -0.007025 -0.021533
0 0.003755 0.008183 -0.007025 -0.016365
0 0.003755 0.008183 -0.007025 -0.016365
0 0.003755 0.008183 -0.007025 -0.016365
0 0.004482 0.012705 -0.008479 -0.025409
0 0.003755 0.010767 -0.007025 -0.021533
0 0.003755 0.008183 -0.007025 -0.016365
0 0.004724 0.010767 -0.008963 -0.021533
0 0.003755 0.008183 -0.007025 -0.016365
0 0.003755 0.010767 -0.007025 -0.021533
0 0.003755 0.008183 -0.007025 -0.016365
0 0.004482 0.012705 -0.008479 -0.025409
0 0.006783 0.015289 -0.013081 -0.030577
0 0.004482 0.012705 -0.008479 -0.025409
0 0.004966 0.012274 -0.009448 -0.024548
0 0.003755 0.008183 -0.007025 -0.016365
0 0.003755 0.010767 -0.007025 -0.021533
0 0.004482 0.012705 -0.008479 -0.025409
0 0.003755 0.008183 -0.007025 -0.016365
0 0.003755 0.010767 -0.007025 -0.021533
0 0.004482 0.012705 -0.008479 -0.025409
0 0.003755 0.008183 -0.007025 -0.016365
0 0.003755 0.010767 -0.007025 -0.021533
0 0.006783 0.015289 -0.013081 -0.030577
0 0.003755 0.010767 -0.007025 -0.021533
0 0.006783 0.015289 -0.013081 -0.030577
0 0.004482 0.012705 -0.008479 -0.025409
0 0.004724 0.010767 -0.008963 -0.021533
0 0.004724 0.010767 -0.008963 -0.021533
0 0.004482 0.012705 -0.008479 -0.025409
0 0.003755 0.010767 -0.007025 -0.021533
0 0.003755 0.010767 -0.007025 -0.021533
0 0.004482 0.012705 -0.008479 -0.025409
0 0.003755 0.008183 -0.007025 -0.016365
0 0.003755 0.010767 -0.007025 -0.021533
0 0.003755 0.008183 -0.007025 -0.016365
0 0.003755 0.008183 -0.007025 -0.016365
0 0.003755 0.010121 -0.007025 -0.020241
0 0.003755 0.010767 -0.007025 -0.021533
0 0.003755 0.008183 -0.007025 -0.016365
0 0.004845 0.011843 -0.009205 -0.023686
0 0.003755 0.010767 -0.007025 -0.021533
0 0.004724 0.010767 -0.008963 -0.021533
0 0.003755 0.008183 -0.007025 -0.016365
0 0.004482 0.012705 -0.008479 -0.025409
0 0.004966 0.012274 -0.009448 -0.024548
0 0.004482 0.012705 -0.008479 -0.025409
0 0.003755 0.010767 -0.007025 -0.021533
0 0.003755 0.008183 -0.007025 -0.016365
0 0.003755 0.008183 -0.007025 -0.016365
0 0.004724 0.010767 -0.008963 -0.021533
0 0.004724 0.010767 -0.008963 -0.021533
0 0.003755 0.008183 -0.007025 -0.016365
0 0.004966 0.012274 -0.009448 -0.024548
0 0.004724 0.010767 -0.008963 -0.021533
0 0.004482 0.012705 -0.008479 -0.025409
0 0.003755 0.010767 -0.007025 -0.021533
0 0.003755 0.010767 -0.007025 -0.021533
0 0.003755 0.008183 -0.007025 -0.016365
0 0.006783 0.015289 -0.013081 -0.030577
0 0.004482 0.012705 -0.008479 -0.025409
0 0.003755 0.008183 -0.007025 -0.016365
0 0.003755 0.008183 -0.007025 -0.016365
0 0.003755 0.009475 -0.007025 -0.018949
0 0.004482 0.012705 -0.008479 -0.025409
0 0.006904 0.015289 -0.012839 -0.030577
0 0.003755 0.008183 -0.007025 -0.016365
0 0.003755 0.008183 -0.007025 -0.016365
0 0.003755 0.010767 -0.007025 -0.021533
0 0.004966 0.012274 -0.009448 -0.024548
0 0.004724 0.010767 -0.008963 -0.021533
0 0.003755 0.008183 -0.007025 -0.016365
0 0.003755 0.008183 -0.007025 -0.016365
0 0.004482 0.012705 -0.008479 -0.025409
0 0.006783 0.015289 -0.013081 -0.030577
0 0.004482 0.012705 -0.008479 -0.025409
0 0.003755 0.008183 -0.007025 -0.016365
0 0.003755 0.010767 -0.007025 -0.021533
0 0.004482 0.012705 -0.008479 -0.025409
0 0.003755 0.010767 -0.007025 -0.021533
0 0.004482 0.012705 -0.008479 -0.025409
0 0.003755 0.008183 -0.007025 -0.016365
0 0.004724 0.010767 -0.008963 -0.021533
0 0.004482 0.012705 -0.008479 -0.025409
0 0.003755 0.008183 -0.007025 -0.016365
0 0.003755 0.010767 -0.007025 -0.021533
0 0.003755 0.008183 -0.007025 -0.016365
0 0.003755 0.010767 -0.007025 -0.021533
0 0.003755 0.008183 -0.007025 -0.016365
0 0.003755 0.008183 -0.007025 -0.016365
0 0.003755 0.010767 -0.007025 -0.021533
0 0.004724 0.010767 -0.008963 -0.021533
0 0.004482 0.012705 -0.008479 -0.025409
0 0.006783 0.015289 -0.013081 -0.030577
0 0.003755 0.010767 -0.007025 -0.021533
0 0.003755 0.010767 -0.007025 -0.021533
0 0.004482 0.012705 -0.008479 -0.025409
0 0.003755 0.008183 -0.007025 -0.016365
0 0.003755 0.010767 -0.007025 -0.021533
0 0.003755 0.008183 -0.007025 -0.016365
0 0.004724 0.010767 -0.008963 -0.021533
0 0.006783 0.015289 -0.013081 -0.030577
0 0.004482 0.012705 -0.008479 -0.025409
0 0.003755 0.008183 -0.007025 -0.016365
0 0.003755 0.010767 -0.007025 -0.021533
0 0.003755 0.008183 -0.007025 -0.016365
0 0.003755 0.008183 -0.007025 -0.016365
0 0.006783 0.015289 -0.013081 -0.030577
0 0.003755 0.008183 -0.007025 -0.016365
0 0.003755 0.008183 -0.007025 -0.016365
0 0.004724 0.010767 -0.008963 -0.021533
0 0.006783 0.015289 -0.013081 -0.030577
0 0.003755 0.008183 -0.007025 -0.016365
0 0.003755 0.008183 -0.007025 -0.016365
0 0.003755 0.010767 -0.007025 -0.021533
0 0.003755 0.008183 -0.007025 -0.016365
0 0.003755 0.008183 -0.007025 -0.016365
0 0.003755 0.010767 -0.007025 -0.021533
0 0.003755 0.008183 -0.007025 -0.016365
0 0.004482 0.012705 -0.008479 -0.025409
0 0.004482 0.012705 -0.008479 -0.025409
0 0.003755 0.008183 -0.007025 -0.016365
0 0.004482 0.012705 -0.008479 -0.025409
0 0.003755 0.010767 -0.007025 -0.021533
0 0.004482 0.012705 -0.008479 -0.025409
0 0.004724 0.010767 -0.008963 -0.021533
0 0.004482 0.012705 -0.008479 -0.025409
0 0.003755 0.010121 -0.007025 -0.020241
0 0.003755 0.008183 -0.007025 -0.016365
0 0.004482 0.012705 -0.008479 -0.025409
0 0.004724 0.010767 -0.008963 -0.021533
0 0.004966 0.012274 -0.009448 -0.024548
0 0.003755 0.010767 -0.007025 -0.021533
0 0.004724 0.010767 -0.008963 -0.021533
0 0.006783 0.015289 -0.013081 -0.030577
0 0.003755 0.008183 -0.007025 -0.016365
0 0.004482 0.012705 -0.008479 -0.025409
0 0.004966 0.012274 -0.009448 -0.024548
0 0.004482 0.012705 -0.008479 -0.025409
0 0.004482 0.012705 -0.008479 -0.025409
0 0.003755 0.010767 -0.007025 -0.021533
0 0.003755 0.010767 -0.007025 -0.021533
0 0.003755 0.010767 -0.007025 -0.021533
0 0.003755 0.010767 -0.007025 -0.021533
0 0.006783 0.015289 -0.013081 -0.030577
0 0.004482 0.012705 -0.008479 -0.025409
0 0.004482 0.012705 -0.008479 -0.025409
0 0.004724 0.010767 -0.008963 -0.021533
0 0.004966 0.012274 -0.009448 -0.024548
0 0.004482 0.012705 -0.008479 -0.025409
0 0.003755 0.010767 -0.007025 -0.021533
0 0.004482 0.012705 -0.008479 -0.025409
0 0.005814 0.013781 -0.011143 -0.027562
0 0.006783 0.015289 -0.013081 -0.030577
0 0.004966 0.012274 -0.009448 -0.024548
0 0.004482 0.012705 -0.008479 -0.025409
0 0.003755 0.008183 -0.007025 -0.016365
0 0.004966 0.012274 -0.009448 -0.024548
0 0.004724 0.010767 -0.008963 -0.021533
0 0.003755 0.008183 -0.007025 -0.016365
0 0.004482 0.012705 -0.008479 -0.025409
0 0.003755 0.010121 -0.007025 -0.020241
0 0.004724 0.010767 -0.008963 -0.021533
0 0.006783 0.015289 -0.013081 -0.030577
0 0.003755 0.008183 -0.007025 -0.016365
0 0.004482 0.012705 -0.008479 -0.025409
0 0.004724 0.010767 -0.008963 -0.021533
0 0.006783 0.015289 -0.013081 -0.030577
0 0.003755 0.010767 -0.007025 -0.021533
0 0.004724 0.010767 -0.008963 -0.021533
0 0.003755 0.010767 -0.007025 -0.021533
0 0.003755 0.010767 -0.007025 -0.021533
0 0.004482 0.012705 -0.008479 -0.025409
0 0.006783 0.015289 -0.013081 -0.030577
0 0.004724 0.010767 -0.008963 -0.021533
0 0.004482 0.012705 -0.008479 -0.025409
0 0.003755 0.010767 -0.007025 -0.021533
0 0.003755 0.010767 -0.007025 -0.021533
0 0.003755 0.008183 -0.007025 -0.016365
0 0.003755 0.010767 -0.007025 -0.021533
0 0.003755 0.010767 -0.007025 -0.021533
0 0.003755 0.008183 -0.007025 -0.016365
0 0.003755 0.010767 -0.007025 -0.021533
0 0.003755 0.008183 -0.007025 -0.016365
0 0.004724 0.010767 -0.008963 -0.021533
0 0.004966 0.012274 -0.009448 -0.024548
0 0.004966 0.012274 -0.009448 -0.024548
0 0.004724 0.010767 -0.008963 -0.021533
0 0.003755 0.010767 -0.007025 -0.021533
0 0.003755 0.008183 -0.007025 -0.016365
0 0.003755 0.008183 -0.007025 -0.016365
0 0.004724 0.010767 -0.008963 -0.021533
0 0.003755 0.008183 -0.007025 -0.016365
0 0.004724 0.010767 -0.008963 -0.021533
0 0.004482 0.012705 -0.008479 -0.025409
0 0.006783 0.015289 -0.013081 -0.030577
0 0.003755 0.010767 -0.007025 -0.021533
0 0.003755 0.008183 -0.007025 -0.016365
0 0.004482 0.012705 -0.008479 -0.025409
0 0.004724 0.010767 -0.008963 -0.021533
0 0.003755 0.010767 -0.007025 -0.021533
0 0.003755 0.008183 -0.007025 -0.016365
0 0.004724 0.010767 -0.008963 -0.021533
0 0.003755 0.010767 -0.007025 -0.021533
0 0.004482 0.012705 -0.008479 -0.025409
0 0.004966 0.012274 -0.009448 -0.024548
0 0.003755 0.008183 -0.007025 -0.016365
0 0.004482 0.012705 -0.008479 -0.025409
0 0.004724 0.010767 -0.008963 -0.021533
0 0.003755 0.008183 -0.007025 -0.016365
0 0.004724 0.010767 -0.008963 -0.021533
0 0.003755 0.010767 -0.007025 -0.021533
0 0.004724 0.010767 -0.008963 -0.021533
0 0.004966 0.012274 -0.009448 -0.024548
0 0.006783 0.015289 -0.013081 -0.030577
0 0.004482 0.012705 -0.008479 -0.025409
0 0.004966 0.012274 -0.009448 -0.024548
0 0.004482 0.012705 -0.008479 -0.025409
0 0.004724 0.010767 -0.008963 -0.021533
0 0.003755 0.008183 -0.007025 -0.016365
0 0.004482 0.012705 -0.008479 -0.025409
0 0.003755 0.010767 -0.007025 -0.021533
0 0.006783 0.015289 -0.013081 -0.030577
0 0.003755 0.008183 -0.007025 -0.016365
0 0.003755 0.008183 -0.007025 -0.016365
0 0.004482 0.012705 -0.008479 -0.025409
0 0.003755 0.010767 -0.007025 -0.021533
0 0.004482 0.012705 -0.008479 -0.025409
0 0.004482 0.012705 -0.008479 -0.025409
0 0.003755 0.008183 -0.007025 -0.016365
0 0.004482 0.012705 -0.008479 -0.025409
0 0.004482 0.012705 -0.008479 -0.025409
0 0.003755 0.008183 -0.007025 -0.016365
0 0.004482 0.012705 -0.008479 -0.025409
0 0.003755 0.008183 -0.007025 -0.016365
0 0.003755 0.008183 -0.007025 -0.016365
0 0.003755 0.008183 -0.007025 -0.016365
0 0.003755 0.010767 -0.007025 -0.021533
0 0.006783 0.015289 -0.013081 -0.030577
0 0.004482 0.012705 -0.008479 -0.025409
0 0.003755 0.010767 -0.007025 -0.021533
0 0.003755 0.008183 -0.007025 -0.016365
0 0.003755 0.010767 -0.007025 -0.021533
0 0.006783 0.015289 -0.013081 -0.030577
0 0.004724 0.010767 -0.008963 -0.021533
0 0.003755 0.008183 -0.007025 -0.016365
0 0.003755 0.010767 -0.007025 -0.021533
0 0.003755 0.010767 -0.007025 -0.021533
0 0.004724 0.010767 -0.008963 -0.021533
0 0.003755 0.010767 -0.007025 -0.021533
0 0.003755 0.010767 -0.007025 -0.021533
0 0.006783 0.015289 -0.013081 -0.030577
0 0.003755 0.008183 -0.007025 -0.016365
0 0.004482 0.012705 -0.008479 -0.025409
0 0.003755 0.008183 -0.007025 -0.016365
0 0.003755 0.008183 -0.007025 -0.016365
0 0.006783 0.015289 -0.013081 -0.030577
0 0.003755 0.008183 -0.007025 -0.016365
0 0.004482 0.012705 -0.008479 -0.025409
0 0.004482 0.012705 -0.008479 -0.025409
0 0.003755 0.010767 -0.007025 -0.021533
0 0.006904 0.015289 -0.012839 -0.030577
0 0.006783 0.015289 -0.013081 -0.030577
0 0.006783 0.015289 -0.013081 -0.030577
0 0.003755 0.008183 -0.007025 -0.016365
0 0.006783 0.015289 -0.013081 -0.030577
0 0.003755 0.008183 -0.007025 -0.016365
0 0.004482 0.012705 -0.008479 -0.025409
0 0.003755 0.010767 -0.007025 -0.021533
0 0.003755 0.010767 -0.007025 -0.021533
0 0.006783 0.015289 -0.013081 -0.030577
0 0.003755 0.010767 -0.007025 -0.021533
0 0.004966 0.012274 -0.009448 -0.024548
0 0.003755 0.008183 -0.007025 -0.016365
0 0.004966 0.012274 -0.009448 -0.024548
0 0.003755 0.008183 -0.007025 -0.016365
0 0.003755 0.008183 -0.007025 -0.016365
0 0.004482 0.012705 -0.008479 -0.025409
0 0.004482 0.012705 -0.008479 -0.025409
0 0.006783 0.015289 -0.013081 -0.030577
0 0.006783 0.015289 -0.013081 -0.030577
0 0.003755 0.008183 -0.007025 -0.016365
0 0.003755 0.008183 -0.007025 -0.016365
0 0.004482 0.012705 -0.008479 -0.025409
0 0.003755 0.008183 -0.007025 -0.016365
0 0.003755 0.008183 -0.007025 -0.016365
0 0.003755 0.010767 -0.007025 -0.021533
0 0.004724 0.010767 -0.008963 -0.021533
0 0.003755 0.008183 -0.007025 -0.016365
0 0.003755 0.010767 -0.007025 -0.021533
0 0.006783 0.015289 -0.013081 -0.030577
0 0.006904 0.015289 -0.012839 -0.030577
0 0.003755 0.010767 -0.007025 -0.021533
0 0.004724 0.010767 -0.008963 -0.021533
0 0.004966 0.012274 -0.009448 -0.024548
0 0.005814 0.013781 -0.011143 -0.027562
0 0.003755 0.008183 -0.007025 -0.016365
0 0.003755 0.008183 -0.007025 -0.016365
0 0.003755 0.010767 -0.007025 -0.021533
0 0.004482 0.012705 -0.008479 -0.025409
0 0.004966 0.012274 -0.009448 -0.024548
0 0.003755 0.010767 -0.007025 -0.021533
0 0.004482 0.012705 -0.008479 -0.025409
0 0.003755 0.010767 -0.007025 -0.021533
0 0.003755 0.010767 -0.007025 -0.021533
0 0.003755 0.010767 -0.007025 -0.021533
0 0.006783 0.015289 -0.013081 -0.030577
0 0.003755 0.008183 -0.007025 -0.016365
0 0.003755 0.010767 -0.007025 -0.021533
0 0.004482 0.012705 -0.008479 -0.025409
0 0.004482 0.012705 -0.008479 -0.025409
0 0.004482 0.012705 -0.008479 -0.025409
0 0.004724 0.010767 -0.008963 -0.021533
0 0.004724 0.010767 -0.008963 -0.021533
0 0.003755 0.008183 -0.007025 -0.016365
0 0.003755 0.010767 -0.007025 -0.021533
0 0.004482 0.012705 -0.008479 -0.025409
0 0.003755 0.010767 -0.007025 -0.021533
0 0.003755 0.010767 -0.007025 -0.021533
0 0.004482 0.012705 -0.008479 -0.025409
0 0.003755 0.008183 -0.007025 -0.016365
0 0.004966 0.012274 -0.009448 -0.024548
0 0.003755 0.008183 -0.007025 -0.016365
0 0.003755 0.008183 -0.007025 -0.016365
0 0.003755 0.008183 -0.007025 -0.016365
0 0.004966 0.012274 -0.009448 -0.024548
0 0.003755 0.008183 -0.007025 -0.016365
0 0.006783 0.015289 -0.013081 -0.030577
0 0.004482 0.012705 -0.008479 -0.025409
0 0.004724 0.010767 -0.008963 -0.021533
0 0.003755 0.008183 -0.007025 -0.016365
0 0.003755 0.010767 -0.007025 -0.021533
0 0.004482 0.012705 -0.008479 -0.025409
0 0.004482 0.012705 -0.008479 -0.025409
0 0.003755 0.010767 -0.007025 -0.021533
0 0.004966 0.012274 -0.009448 -0.024548
0 0.004482 0.012705 -0.008479 -0.025409
0 0.003755 0.008183 -0.007025 -0.016365
0 0.004966 0.012274 -0.009448 -0.024548
0 0.003755 0.010767 -0.007025 -0.021533
0 0.006783 0.015289 -0.013081 -0.030577
0 0.003755 0.008183 -0.007025 -0.016365
0 0.003755 0.010121 -0.007025 -0.020241
0 0.003755 0.008183 -0.007025 -0.016365
0 0.004482 0.012705 -0.008479 -0.025409
0 0.003755 0.010767 -0.007025 -0.021533
0 0.003755 0.010767 -0.007025 -0.021533
0 0.004482 0.012705 -0.008479 -0.025409
0 0.004724 0.010767 -0.008963 -0.021533
0 0.004966 0.012274 -0.009448 -0.024548
0 0.004724 0.010767 -0.008963 -0.021533
0 0.004966 0.012274 -0.009448 -0.024548
0 0.003755 0.010767 -0.007025 -0.021533
0 0.003755 0.010767 -0.007025 -0.021533
0 0.006783 0.015289 -0.013081 -0.030577
0 0.004966 0.012274 -0.009448 -0.024548
0 0.004724 0.010767 -0.008963 -0.021533
0 0.003876 0.010767 -0.006783 -0.021533
0 0.003755 0.010767 -0.007025 -0.021533
0 0.004482 0.012705 -0.008479 -0.025409
0 0.003755 0.010767 -0.007025 -0.021533
0 0.004724 0.010767 -0.008963 -0.021533
0 0.003755 0.010767 -0.007025 -0.021533
0 0.004724 0.010767 -0.008963 -0.021533
0 0.004724 0.010767 -0.008963 -0.021533
0 0.003755 0.008183 -0.007025 -0.016365
0 0.004724 0.010767 -0.008963 -0.021533
0 0.003755 0.010767 -0.007025 -0.021533
0 0.004482 0.012705 -0.008479 -0.025409
0 0.004482 0.012705 -0.008479 -0.025409
0 0.004482 0.012705 -0.008479 -0.025409
0 0.004482 0.012705 -0.008479 -0.025409
0 0.003755 0.010767 -0.007025 -0.021533
0 0.003755 0.010767 -0.007025 -0.021533
0 0.003755 0.010767 -0.007025 -0.021533
0 0.006783 0.015289 -0.013081 -0.030577
0 0.003755 0.010767 -0.007025 -0.021533
0 0.003755 0.010767 -0.007025 -0.021533
0 0.004482 0.012705 -0.008479 -0.025409
0 0.004482 0.012705 -0.008479 -0.025409
0 0.003755 0.008183 -0.007025 -0.016365
0 0.006783 0.015289 -0.013081 -0.030577
0 0.004482 0.012705 -0.008479 -0.025409
0 0.003755 0.010767 -0.007025 -0.021533
0 0.003755 0.008183 -0.007025 -0.016365
0 0.004966 0.012274 -0.009448 -0.024548
0 0.004724 0.010767 -0.008963 -0.021533
0 0.003755 0.010767 -0.007025 -0.021533
0 0.004482 0.012705 -0.008479 -0.025409
0 0.004482 0.012705 -0.008479 -0.025409
0 0.003755 0.010767 -0.007025 -0.021533
0 0.004482 0.012705 -0.008479 -0.025409
0 0.003755 0.010767 -0.007025 -0.021533
0 0.004966 0.012274 -0.009448 -0.024548
0 0.003755 0.008183 -0.007025 -0.016365
0 0.006783 0.015289 -0.013081 -0.030577
0 0.004482 0.012705 -0.008479 -0.025409
0 0.003755 0.008183 -0.007025 -0.016365
0 0.004724 0.010767 -0.008963 -0.021533
0 0.004724 0.010767 -0.008963 -0.021533
0 0.004724 0.010767 -0.008963 -0.021533
0 0.003755 0.008183 -0.007025 -0.016365
0 0.004966 0.012274 -0.009448 -0.024548
0 0.003755 0.010767 -0.007025 -0.021533
0 0.004966 0.012274 -0.009448 -0.024548
0 0.003755 0.010767 -0.007025 -0.021533
0 0.004724 0.010767 -0.008963 -0.021533
0 0.004482 0.012705 -0.008479 -0.025409
0 0.003755 0.010767 -0.007025 -0.021533
0 0.006783 0.015289 -0.013081 -0.030577
0 0.004482 0.012705 -0.008479 -0.025409
0 0.004966 0.012274 -0.009448 -0.024548
0 0.004966 0.012274 -0.009448 -0.024548
0 0.004482 0.012705 -0.008479 -0.025409
0 0.003755 0.008183 -0.007025 -0.016365
0 0.003755 0.010767 -0.007025 -0.021533
0 0.004482 0.012705 -0.008479 -0.025409
0 0.003755 0.008183 -0.007025 -0.016365
0 0.004724 0.010767 -0.008963 -0.021533
0 0.003755 0.008183 -0.007025 -0.016365
0 0.004482 0.012705 -0.008479 -0.025409
0 0.006783 0.015289 -0.013081 -0.030577
0 0.004966 0.012274 -0.009448 -0.024548
0 0.003755 0.010767 -0.007025 -0.021533
0 0.004724 0.010767 -0.008963 -0.021533
0 0.004482 0.012705 -0.008479 -0.025409
0 0.003755 0.010767 -0.007025 -0.021533
0 0.006783 0.015289 -0.013081 -0.030577
0 0.004482 0.012705 -0.008479 -0.025409
0 0.003755 0.008183 -0.007025 -0.016365
0 0.003755 0.008183 -0.007025 -0.016365
0 0.003755 0.008183 -0.007025 -0.016365
0 0.003755 0.008183 -0.007025 -0.016365
0 0.003876 0.010767 -0.006783 -0.021533
0 0.003755 0.010767 -0.007025 -0.021533
0 0.004482 0.012705 -0.008479 -0.025409
0 0.005814 0.013781 -0.011143 -0.027562
0 0.004724 0.010767 -0.008963 -0.021533
0 0.004482 0.012705 -0.008479 -0.025409
0 0.003755 0.008183 -0.007025 -0.016365
0 0.004482 0.012705 -0.008479 -0.025409
0 0.003755 0.008183 -0.007025 -0.016365
0 0.004724 0.010767 -0.008963 -0.021533
0 0.006783 0.015289 -0.013081 -0.030577
0 0.004482 0.012705 -0.008479 -0.025409
0 0.003755 0.008183 -0.007025 -0.016365
0 0.003755 0.010767 -0.007025 -0.021533
0 0.004966 0.012274 -0.009448 -0.024548
0 0.003755 0.008183 -0.007025 -0.016365
0 0.003755 0.008183 -0.007025 -0.016365
0 0.004482 0.012705 -0.008479 -0.025409
0 0.004966 0.012274 -0.009448 -0.024548
0 0.004482 0.012705 -0.008479 -0.025409
0 0.003755 0.008183 -0.007025 -0.016365
0 0.004482 0.012705 -0.008479 -0.025409
0 0.004482 0.012705 -0.008479 -0.025409
0 0.003755 0.009475 -0.007025 -0.018949
0 0.003755 0.010767 -0.007025 -0.021533
0 0.003755 0.008183 -0.007025 -0.016365
0 0.003755 0.008183 -0.007025 -0.016365
0 0.006783 0.015289 -0.013081 -0.030577
0 0.003755 0.008183 -0.007025 -0.016365
0 0.006783 0.015289 -0.013081 -0.030577
0 0.004482 0.012705 -0.008479 -0.025409
0 0.004966 0.012274 -0.009448 -0.024548
0 0.003755 0.008183 -0.007025 -0.016365
0 0.004724 0.010767 -0.008963 -0.021533
0 0.004482 0.012705 -0.008479 -0.025409
0 0.006783 0.015289 -0.013081 -0.030577
0 0.003755 0.008183 -0.007025 -0.016365
0 0.003755 0.010767 -0.007025 -0.021533
0 0.004724 0.010767 -0.008963 -0.021533
0 0.003755 0.010767 -0.007025 -0.021533
0 0.006783 0.015289 -0.013081 -0.030577
0 0.003755 0.008183 -0.007025 -0.016365
0 0.003755 0.008183 -0.007025 -0.016365
0 0.004482 0.012705 -0.008479 -0.025409
0 0.004724 0.010767 -0.008963 -0.021533
0 0.003755 0.010767 -0.007025 -0.021533
0 0.004482 0.012705 -0.008479 -0.025409
0 0.004482 0.012705 -0.008479 -0.025409
0 0.003755 0.010767 -0.007025 -0.021533
0 0.004239 0.011413 -0.007994 -0.022825
0 0.004724 0.010767 -0.008963 -0.021533
0 0.003755 0.010767 -0.007025 -0.021533
0 0.004482 0.012705 -0.008479 -0.025409
0 0.003755 0.008183 -0.007025 -0.016365
0 0.003755 0.010767 -0.007025 -0.021533
0 0.004482 0.012705 -0.008479 -0.025409
0 0.003755 0.010767 -0.007025 -0.021533
0 0.003755 0.010767 -0.007025 -0.021533
0 0.004482 0.012705 -0.008479 -0.025409
0 0.004966 0.012274 -0.009448 -0.024548
0 0.004966 0.012274 -0.009448 -0.024548
0 0.004482 0.012705 -0.008479 -0.025409
0 0.003755 0.010767 -0.007025 -0.021533
0 0.004724 0.010767 -0.008963 -0.021533
0 0.003755 0.010767 -0.007025 -0.021533
0 0.004966 0.012274 -0.009448 -0.024548
0 0.003755 0.010767 -0.007025 -0.021533
0 0.005329 0.012920 -0.010174 -0.025840
0 0.003755 0.010767 -0.007025 -0.021533
0 0.004482 0.012705 -0.008479 -0.025409
0 0.003755 0.010767 -0.007025 -0.021533
0 0.003755 0.010767 -0.007025 -0.021533
0 0.004482 0.012705 -0.008479 -0.025409
0 0.004482 0.012705 -0.008479 -0.025409
0 0.003755 0.008183 -0.007025 -0.016365
0 0.004966 0.012274 -0.009448 -0.024548
0 0.004966 0.012274 -0.009448 -0.024548
0 0.003755 0.008183 -0.007025 -0.016365
0 0.004724 0.010767 -0.008963 -0.021533
0 0.003755 0.008183 -0.007025 -0.016365
0 0.004482 0.012705 -0.008479 -0.025409
0 0.004482 0.012705 -0.008479 -0.025409
0 0.003755 0.008183 -0.007025 -0.016365
0 0.004482 0.012705 -0.008479 -0.025409
0 0.004724 0.010767 -0.008963 -0.021533
0 0.004966 0.012274 -0.009448 -0.024548
0 0.003755 0.010767 -0.007025 -0.021533
0 0.004482 0.012705 -0.008479 -0.025409
0 0.004482 0.012705 -0.008479 -0.025409
0 0.003755 0.008183 -0.007025 -0.016365
0 0.003755 0.008183 -0.007025 -0.016365
0 0.004966 0.012274 -0.009448 -0.024548
0 0.004966 0.012274 -0.009448 -0.024548
0 0.003755 0.010767 -0.007025 -0.021533
0 0.003755 0.008183 -0.007025 -0.016365
0 0.004118 0.010336 -0.007752 -0.020672
0 0.003755 0.008183 -0.007025 -0.016365
0 0.004966 0.012274 -0.009448 -0.024548
0 0.006783 0.015289 -0.013081 -0.030577
0 0.003755 0.008183 -0.007025 -0.016365
0 0.003755 0.010767 -0.007025 -0.021533
0 0.003755 0.008183 -0.007025 -0.016365
0 0.003755 0.010767 -0.007025 -0.021533
0 0.004482 0.012705 -0.008479 -0.025409
0 0.003755 0.008183 -0.007025 -0.016365
0 0.003755 0.008183 -0.007025 -0.016365
0 0.004482 0.012705 -0.008479 -0.025409
0 0.003755 0.008183 -0.007025 -0.016365
0 0.003755 0.008183 -0.007025 -0.016365
0 0.004482 0.012705 -0.008479 -0.025409
0 0.004966 0.012274 -0.009448 -0.024548
0 0.003755 0.008183 -0.007025 -0.016365
0 0.004966 0.012274 -0.009448 -0.024548
0 0.003755 0.010767 -0.007025 -0.021533
0 0.003755 0.008829 -0.007025 -0.017657
0 0.004724 0.010767 -0.008963 -0.021533
0 0.003755 0.008183 -0.007025 -0.016365
0 0.004724 0.010767 -0.008963 -0.021533
0 0.006783 0.015289 -0.013081 -0.030577
0 0.004482 0.012705 -0.008479 -0.025409
0 0.004482 0.012705 -0.008479 -0.025409
0 0.006783 0.015289 -0.013081 -0.030577
0 0.004966 0.012274 -0.009448 -0.024548
0 0.004482 0.012705 -0.008479 -0.025409
0 0.003755 0.008183 -0.007025 -0.016365
0 0.003755 0.010767 -0.007025 -0.021533
0 0.004482 0.012705 -0.008479 -0.025409
0 0.006783 0.015289 -0.013081 -0.030577
0 0.003755 0.010767 -0.007025 -0.021533
0 0.004482 0.012705 -0.008479 -0.025409
0 0.003755 0.010767 -0.007025 -0.021533
0 0.004724 0.010767 -0.008963 -0.021533
0 0.003755 0.010767 -0.007025 -0.021533
0 0.004482 0.012705 -0.008479 -0.025409
0 0.003755 0.010767 -0.007025 -0.021533
0 0.004966 0.012274 -0.009448 -0.024548
0 0.003755 0.010767 -0.007025 -0.021533
0 0.003755 0.008183 -0.007025 -0.016365
0 0.004724 0.010767 -0.008963 -0.021533
0 0.004724 0.010767 -0.008963 -0.021533
0 0.003755 0.010767 -0.007025 -0.021533
0 0.004482 0.012705 -0.008479 -0.025409
0 0.004966 0.012274 -0.009448 -0.024548
0 0.004724 0.010767 -0.008963 -0.021533
0 0.003755 0.008183 -0.007025 -0.016365
0 0.003755 0.010767 -0.007025 -0.021533
0 0.004482 0.012705 -0.008479 -0.025409
0 0.003755 0.010767 -0.007025 -0.021533
0 0.004482 0.012705 -0.008479 -0.025409
0 0.003755 0.008183 -0.007025 -0.016365
0 0.004482 0.012705 -0.008479 -0.025409
0 0.004482 0.012705 -0.008479 -0.025409
0 0.003755 0.008183 -0.007025 -0.016365
0 0.004724 0.010767 -0.008963 -0.021533
0 0.003755 0.010767 -0.007025 -0.021533
0 0.003755 0.010767 -0.007025 -0.021533
0 0.003755 0.008183 -0.007025 -0.016365
0 0.004482 0.012705 -0.008479 -0.025409
0 0.003755 0.009475 -0.007025 -0.018949
0 0.004482 0.012705 -0.008479 -0.025409
0 0.004966 0.012274 -0.009448 -0.024548
0 0.003755 0.008183 -0.007025 -0.016365
0 0.004482 0.012705 -0.008479 -0.025409
0 0.004482 0.012705 -0.008479 -0.025409
0 0.004966 0.012274 -0.009448 -0.024548
0 0.003755 0.010767 -0.007025 -0.021533
0 0.003755 0.010767 -0.007025 -0.021533
0 0.004724 0.010767 -0.008963 -0.021533
0 0.003755 0.008183 -0.007025 -0.016365
0 0.003755 0.008183 -0.007025 -0.016365
0 0.003876 0.009259 -0.007267 -0.018519
0 0.003755 0.010767 -0.007025 -0.021533
0 0.004482 0.012705 -0.008479 -0.025409
0 0.006783 0.015289 -0.013081 -0.030577
0 0.003755 0.008183 -0.007025 -0.016365
0 0.003755 0.010767 -0.007025 -0.021533
0 0.004966 0.012274 -0.009448 -0.024548
0 0.003755 0.010767 -0.007025 -0.021533
0 0.003755 0.010767 -0.007025 -0.021533
0 0.003755 0.010767 -0.007025 -0.021533
0 0.004966 0.012274 -0.009448 -0.024548
0 0.003755 0.010767 -0.007025 -0.021533
0 0.003755 0.010767 -0.007025 -0.021533
0 0.004966 0.012274 -0.009448 -0.024548
0 0.004482 0.012705 -0.008479 -0.025409
0 0.003755 0.008183 -0.007025 -0.016365
0 0.004724 0.010767 -0.008963 -0.021533
0 0.003755 0.010767 -0.007025 -0.021533
0 0.003755 0.010767 -0.007025 -0.021533
0 0.003755 0.008183 -0.007025 -0.016365
0 0.004482 0.012705 -0.008479 -0.025409
0 0.003755 0.008183 -0.007025 -0.016365
0 0.004482 0.012705 -0.008479 -0.025409
0 0.004966 0.012274 -0.009448 -0.024548
0 0.003876 0.009259 -0.007267 -0.018519
0 0.006783 0.015289 -0.013081 -0.030577
0 0.004966 0.012274 -0.009448 -0.024548
0 0.003755 0.010767 -0.007025 -0.021533
0 0.004724 0.010767 -0.008963 -0.021533
0 0.004482 0.012705 -0.008479 -0.025409
0 0.003755 0.010767 -0.007025 -0.021533
0 0.004724 0.010767 -0.008963 -0.021533
0 0.003755 0.008183 -0.007025 -0.016365
0 0.004482 0.012705 -0.008479 -0.025409
0 0.004724 0.010767 -0.008963 -0.021533
0 0.004966 0.012274 -0.009448 -0.024548
0 0.006783 0.015289 -0.013081 -0.030577
0 0.004724 0.010767 -0.008963 -0.021533
0 0.003755 0.008829 -0.007025 -0.017657
0 0.003755 0.008183 -0.007025 -0.016365
0 0.004482 0.012705 -0.008479 -0.025409
0 0.003755 0.010767 -0.007025 -0.021533
0 0.004482 0.012705 -0.008479 -0.025409
0 0.006783 0.015289 -0.013081 -0.030577
0 0.004482 0.012705 -0.008479 -0.025409
0 0.004482 0.012705 -0.008479 -0.025409
0 0.003755 0.008183 -0.007025 -0.016365
0 0.003755 0.008183 -0.007025 -0.016365
0 0.003755 0.008183 -0.007025 -0.016365
0 0.004845 0.011843 -0.009205 -0.023686
0 0.003755 0.008183 -0.007025 -0.016365
0 0.003755 0.010767 -0.007025 -0.021533
0 0.003755 0.010767 -0.007025 -0.021533
0 0.004724 0.010767 -0.008963 -0.021533
0 0.004482 0.012705 -0.008479 -0.025409
0 0.004482 0.012705 -0.008479 -0.025409
0 0.004966 0.012274 -0.009448 -0.024548
0 0.003755 0.008183 -0.007025 -0.016365
0 0.004724 0.010767 -0.008963 -0.021533
0 0.004482 0.012705 -0.008479 -0.025409
0 0.003755 0.010767 -0.007025 -0.021533
0 0.004482 0.012705 -0.008479 -0.025409
0 0.004724 0.010767 -0.008963 -0.021533
0 0.003755 0.010767 -0.007025 -0.021533
0 0.003755 0.008183 -0.007025 -0.016365
0 0.004482 0.012705 -0.008479 -0.025409
0 0.003755 0.010767 -0.007025 -0.021533
0 0.003755 0.008183 -0.007025 -0.016365
0 0.003755 0.010767 -0.007025 -0.021533
0 0.003755 0.010767 -0.007025 -0.021533
0 0.003755 0.010767 -0.007025 -0.021533
0 0.003755 0.010767 -0.007025 -0.021533
0 0.004482 0.012705 -0.008479 -0.025409
0 0.004966 0.012274 -0.009448 -0.024548
0 0.003755 0.010767 -0.007025 -0.021533
0 0.003755 0.008183 -0.007025 -0.016365
0 0.004966 0.012274 -0.009448 -0.024548
0 0.004966 0.012274 -0.009448 -0.024548
0 0.004482 0.012705 -0.008479 -0.025409
0 0.003755 0.008183 -0.007025 -0.016365
0 0.003755 0.010767 -0.007025 -0.021533
0 0.004724 0.010767 -0.008963 -0.021533
0 0.004482 0.012705 -0.008479 -0.025409
0 0.004482 0.012705 -0.008479 -0.025409
0 0.003755 0.010121 -0.007025 -0.020241
0 0.003755 0.008183 -0.007025 -0.016365
0 0.004482 0.012705 -0.008479 -0.025409
0 0.003755 0.010767 -0.007025 -0.021533
0 0.004966 0.012274 -0.009448 -0.024548
0 0.003755 0.010767 -0.007025 -0.021533
0 0.004724 0.010767 -0.008963 -0.021533
0 0.003755 0.010767 -0.007025 -0.021533
0 0.003755 0.008183 -0.007025 -0.016365
0 0.003755 0.010767 -0.007025 -0.021533
0 0.004724 0.010767 -0.008963 -0.021533
0 0.004966 0.012274 -0.009448 -0.024548
0 0.004482 0.012705 -0.008479 -0.025409
0 0.004966 0.012274 -0.009448 -0.024548
0 0.004966 0.012274 -0.009448 -0.024548
0 0.003755 0.010767 -0.007025 -0.021533
0 0.003755 0.010767 -0.007025 -0.021533
0 0.003755 0.010767 -0.007025 -0.021533
0 0.004482 0.012705 -0.008479 -0.025409
0 0.004482 0.012705 -0.008479 -0.025409
0 0.004966 0.012274 -0.009448 -0.024548
0 0.003755 0.008183 -0.007025 -0.016365
0 0.004482 0.012705 -0.008479 -0.025409
0 0.004482 0.012705 -0.008479 -0.025409
0 0.003755 0.010767 -0.007025 -0.021533
0 0.003755 0.010767 -0.007025 -0.021533
0 0.004724 0.010767 -0.008963 -0.021533
0 0.004482 0.012705 -0.008479 -0.025409
0 0.003997 0.009475 -0.007510 -0.018949
0 0.003755 0.010767 -0.007025 -0.021533
0 0.006783 0.015289 -0.013081 -0.030577
0 0.004966 0.012274 -0.009448 -0.024548
0 0.003755 0.008183 -0.007025 -0.016365
0 0.003755 0.008183 -0.007025 -0.016365
0 0.004482 0.012705 -0.008479 -0.025409
0 0.003755 0.010767 -0.007025 -0.021533
0 0.004482 0.012705 -0.008479 -0.025409
0 0.004966 0.012274 -0.009448 -0.024548
0 0.004966 0.012274 -0.009448 -0.024548
0 0.003755 0.008183 -0.007025 -0.016365
0 0.004482 0.012705 -0.008479 -0.025409
0 0.004724 0.010767 -0.008963 -0.021533
0 0.004482 0.012705 -0.008479 -0.025409
0 0.003755 0.008183 -0.007025 -0.016365
0 0.003755 0.008183 -0.007025 -0.016365
0 0.004482 0.012705 -0.008479 -0.025409
0 0.004966 0.012274 -0.009448 -0.024548
0 0.003755 0.008183 -0.007025 -0.016365
0 0.004482 0.012705 -0.008479 -0.025409
0 0.004966 0.012274 -0.009448 -0.024548
0 0.004845 0.011413 -0.009205 -0.022825
0 0.004482 0.012705 -0.008479 -0.025409
0 0.006783 0.015289 -0.013081 -0.030577
0 0.003755 0.010767 -0.007025 -0.021533
0 0.003755 0.008183 -0.007025 -0.016365
0 0.003755 0.010767 -0.007025 -0.021533
0 0.003755 0.010767 -0.007025 -0.021533
0 0.003755 0.008183 -0.007025 -0.016365
0 0.003755 0.010767 -0.007025 -0.021533
0 0.003755 0.010767 -0.007025 -0.021533
0 0.004966 0.012274 -0.009448 -0.024548
0 0.004724 0.010767 -0.008963 -0.021533
0 0.004482 0.012705 -0.008479 -0.025409
0 0.003755 0.010767 -0.007025 -0.021533
0 0.003755 0.010121 -0.007025 -0.020241
0 0.003755 0.008183 -0.007025 -0.016365
0 0.004482 0.012705 -0.008479 -0.025409
0 0.004482 0.012705 -0.008479 -0.025409
0 0.003755 0.010767 -0.007025 -0.021533
0 0.006783 0.015289 -0.013081 -0.030577
0 0.004724 0.010767 -0.008963 -0.021533
0 0.003755 0.010767 -0.007025 -0.021533
0 0.004966 0.012274 -0.009448 -0.024548
0 0.004966 0.012274 -0.009448 -0.024548
0 0.004724 0.010767 -0.008963 -0.021533
0 0.003755 0.008183 -0.007025 -0.016365
0 0.004482 0.012705 -0.008479 -0.025409
0 0.003755 0.008183 -0.007025 -0.016365
0 0.003755 0.008183 -0.007025 -0.016365
0 0.003755 0.010767 -0.007025 -0.021533
0 0.003755 0.010767 -0.007025 -0.021533
0 0.003755 0.008183 -0.007025 -0.016365
0 0.006783 0.015289 -0.013081 -0.030577
0 0.004724 0.010767 -0.008963 -0.021533
0 0.004845 0.011413 -0.009205 -0.022825
0 0.004724 0.010767 -0.008963 -0.021533
0 0.006783 0.015289 -0.013081 -0.030577
0 0.003755 0.010767 -0.007025 -0.021533
0 0.003755 0.008183 -0.007025 -0.016365
0 0.003755 0.010767 -0.007025 -0.021533
0 0.004482 0.012705 -0.008479 -0.025409
0 0.003755 0.008183 -0.007025 -0.016365
0 0.003755 0.008183 -0.007025 -0.016365
0 0.003755 0.008183 -0.007025 -0.016365
0 0.003755 0.010767 -0.007025 -0.021533
0 0.004724 0.010767 -0.008963 -0.021533
0 0.004966 0.012274 -0.009448 -0.024548
0 0.003755 0.008183 -0.007025 -0.016365
0 0.003755 0.008183 -0.007025 -0.016365
0 0.003755 0.010767 -0.007025 -0.021533
0 0.003755 0.010767 -0.007025 -0.021533
0 0.004966 0.012274 -0.009448 -0.024548
0 0.004482 0.012705 -0.008479 -0.025409
0 0.003755 0.010767 -0.007025 -0.021533
0 0.003755 0.008183 -0.007025 -0.016365
0 0.004966 0.012274 -0.009448 -0.024548
0 0.003755 0.010767 -0.007025 -0.021533
0 0.004482 0.012705 -0.008479 -0.025409
0 0.006783 0.015289 -0.013081 -0.030577
0 0.003755 0.010767 -0.007025 -0.021533
0 0.003755 0.008183 -0.007025 -0.016365
0 0.003755 0.010767 -0.007025 -0.021533
0 0.004482 0.012705 -0.008479 -0.025409
0 0.004482 0.012705 -0.008479 -0.025409
0 0.003755 0.010767 -0.007025 -0.021533
0 0.004482 0.012705 -0.008479 -0.025409
0 0.003755 0.008183 -0.007025 -0.016365
0 0.003755 0.008183 -0.007025 -0.016365
0 0.004482 0.012705 -0.008479 -0.025409
0 0.003755 0.008183 -0.007025 -0.016365
0 0.004724 0.010767 -0.008963 -0.021533
0 0.003755 0.008183 -0.007025 -0.016365
0 0.003755 0.010767 -0.007025 -0.021533
0 0.003755 0.010767 -0.007025 -0.021533
0 0.003755 0.009475 -0.007025 -0.018949
0 0.004966 0.012274 -0.009448 -0.024548
0 0.003755 0.008183 -0.007025 -0.016365
0 0.006783 0.015289 -0.013081 -0.030577
0 0.003755 0.010767 -0.007025 -0.021533
0 0.003755 0.008183 -0.007025 -0.016365
0 0.003755 0.010767 -0.007025 -0.021533
0 0.004724 0.010767 -0.008963 -0.021533
0 0.003755 0.010767 -0.007025 -0.021533
0 0.004482 0.012705 -0.008479 -0.025409
0 0.004482 0.012705 -0.008479 -0.025409
0 0.006783 0.015289 -0.013081 -0.030577
0 0.004482 0.012705 -0.008479 -0.025409
0 0.004482 0.012705 -0.008479 -0.025409
0 0.004482 0.012705 -0.008479 -0.025409
0 0.003755 0.008183 -0.007025 -0.016365
0 0.003755 0.010767 -0.007025 -0.021533
0 0.003755 0.008183 -0.007025 -0.016365
0 0.004482 0.012705 -0.008479 -0.025409
0 0.004482 0.012705 -0.008479 -0.025409
0 0.003755 0.010767 -0.007025 -0.021533
0 0.003755 0.010767 -0.007025 -0.021533
0 0.004724 0.010767 -0.008963 -0.021533
0 0.004118 0.010336 -0.007752 -0.020672
0 0.003755 0.008183 -0.007025 -0.016365
0 0.003755 0.010767 -0.007025 -0.021533
0 0.004724 0.010767 -0.008963 -0.021533
0 0.004724 0.010767 -0.008963 -0.021533
0 0.004118 0.010336 -0.007752 -0.020672
0 0.003755 0.008183 -0.007025 -0.016365
0 0.004482 0.012705 -0.008479 -0.025409
0 0.003755 0.010767 -0.007025 -0.021533
0 0.003755 0.008183 -0.007025 -0.016365
0 0.004724 0.010767 -0.008963 -0.021533
0 0.004482 0.012705 -0.008479 -0.025409
0 0.004482 0.012705 -0.008479 -0.025409
0 0.004482 0.012705 -0.008479 -0.025409
0 0.004724 0.010767 -0.008963 -0.021533
0 0.004966 0.012274 -0.009448 -0.024548
0 0.003755 0.008183 -0.007025 -0.016365
0 0.004966 0.012274 -0.009448 -0.024548
0 0.003755 0.010767 -0.007025 -0.021533
0 0.003755 0.010767 -0.007025 -0.021533
0 0.004966 0.012274 -0.009448 -0.024548
0 0.003755 0.008183 -0.007025 -0.016365
0 0.003755 0.010767 -0.007025 -0.021533
0 0.003755 0.010767 -0.007025 -0.021533
0 0.004482 0.012705 -0.008479 -0.025409
0 0.004724 0.010767 -0.008963 -0.021533
0 0.006783 0.015289 -0.013081 -0.030577
0 0.003755 0.008183 -0.007025 -0.016365
0 0.004724 0.010767 -0.008963 -0.021533
0 0.003755 0.008183 -0.007025 -0.016365
0 0.006783 0.015289 -0.013081 -0.030577
0 0.003755 0.010121 -0.007025 -0.020241
0 0.003755 0.010767 -0.007025 -0.021533
0 0.003755 0.010767 -0.007025 -0.021533
0 0.004966 0.012274 -0.009448 -0.024548
0 0.003755 0.008183 -0.007025 -0.016365
0 0.003755 0.010767 -0.007025 -0.021533
0 0.004482 0.012705 -0.008479 -0.025409
0 0.004724 0.010767 -0.008963 -0.021533
0 0.004966 0.012274 -0.009448 -0.024548
0 0.004966 0.012274 -0.009448 -0.024548
0 0.004966 0.012274 -0.009448 -0.024548
0 0.006783 0.015289 -0.013081 -0.030577
0 0.003755 0.010767 -0.007025 -0.021533
0 0.003755 0.010767 -0.007025 -0.021533
0 0.003755 0.008183 -0.007025 -0.016365
0 0.003755 0.008183 -0.007025 -0.016365
0 0.003755 0.008183 -0.007025 -0.016365
0 0.004724 0.010767 -0.008963 -0.021533
0 0.003755 0.010767 -0.007025 -0.021533
0 0.006783 0.015289 -0.013081 -0.030577
0 0.004482 0.012705 -0.008479 -0.025409
0 0.003755 0.010767 -0.007025 -0.021533
0 0.003755 0.008183 -0.007025 -0.016365
0 0.003755 0.009475 -0.007025 -0.018949
0 0.004966 0.012274 -0.009448 -0.024548
0 0.004966 0.012274 -0.009448 -0.024548
0 0.004482 0.012705 -0.008479 -0.025409
0 0.003755 0.008183 -0.007025 -0.016365
0 0.004482 0.012705 -0.008479 -0.025409
0 0.003755 0.010767 -0.007025 -0.021533
0 0.004482 0.012705 -0.008479 -0.025409
0 0.004724 0.010767 -0.008963 -0.021533
0 0.003755 0.010767 -0.007025 -0.021533
0 0.004482 0.012705 -0.008479 -0.025409
0 0.004482 0.012705 -0.008479 -0.025409
0 0.003755 0.008183 -0.007025 -0.016365
0 0.006783 0.015289 -0.013081 -0.030577
0 0.003755 0.010767 -0.007025 -0.021533
0 0.004724 0.010767 -0.008963 -0.021533
0 0.004724 0.010767 -0.008963 -0.021533
0 0.003755 0.010767 -0.007025 -0.021533
0 0.004724 0.010767 -0.008963 -0.021533
0 0.004482 0.012705 -0.008479 -0.025409
0 0.004482 0.012705 -0.008479 -0.025409