0 0.009896 0.015625 -0.017708 -0.031250
0 0.015104 0.022656 -0.028125 -0.045312
0 0.026562 0.044531 -0.051042 -0.089063
0 0.026562 0.044531 -0.051042 -0.089063
0 0.061458 0.087500 -0.120833 -0.175000
0 0.061458 0.087500 -0.120833 -0.175000
0 0.009896 0.015625 -0.017708 -0.031250
0 0.020313 0.032813 -0.038542 -0.065625
0 0.026562 0.044531 -0.051042 -0.089063
0 0.026562 0.044531 -0.051042 -0.089063
0 0.040625 0.069531 -0.079167 -0.139063
0 0.026562 0.044531 -0.051042 -0.089063
0 0.009896 0.015625 -0.017708 -0.031250
0 0.061458 0.087500 -0.120833 -0.175000
0 0.032292 0.049219 -0.062500 -0.098437
0 0.020313 0.032813 -0.038542 -0.065625
0 0.030729 0.047656 -0.059375 -0.095312
0 0.056771 0.071875 -0.111458 -0.143750
0 0.030208 0.046094 -0.058333 -0.092188
0 0.026562 0.044531 -0.051042 -0.089063
0 0.062500 0.087500 -0.118750 -0.175000
0 0.020313 0.032813 -0.038542 -0.065625
0 0.026562 0.044531 -0.051042 -0.089063
0 0.026562 0.044531 -0.051042 -0.089063
0 0.021354 0.034375 -0.040625 -0.068750
0 0.026562 0.044531 -0.051042 -0.089063
0 0.015104 0.022656 -0.028125 -0.045312
0 0.026562 0.044531 -0.051042 -0.089063
0 0.026562 0.045312 -0.051042 -0.090625
0 0.015104 0.022656 -0.028125 -0.045312
0 0.040625 0.060156 -0.079167 -0.120313
0 0.061458 0.087500 -0.120833 -0.175000
0 0.061458 0.087500 -0.120833 -0.175000
0 0.061458 0.087500 -0.120833 -0.175000
0 0.015104 0.022656 -0.028125 -0.045312
0 0.040625 0.069531 -0.079167 -0.139063
0 0.061458 0.087500 -0.120833 -0.175000
0 0.015104 0.022656 -0.028125 -0.045312
0 0.022396 0.036719 -0.042708 -0.073438
0 0.020313 0.032813 -0.038542 -0.065625
0 0.015104 0.022656 -0.028125 -0.045312
0 0.061458 0.087500 -0.120833 -0.175000
0 0.061458 0.087500 -0.120833 -0.175000
0 0.026562 0.044531 -0.051042 -0.089063
0 0.026562 0.044531 -0.051042 -0.089063