0 0.000638 0.000907 -0.000765 -0.001815
0 0.000893 0.002042 -0.001276 -0.004083
0 0.000510 0.000681 -0.000510 -0.001361
0 0.013776 0.023367 -0.027041 -0.046733
0 0.000510 0.000681 -0.000510 -0.001361
0 0.000893 0.002042 -0.001276 -0.004083
0 0.000893 0.002042 -0.001276 -0.004083
0 0.001148 0.001588 -0.001786 -0.003176
0 0.004337 0.008848 -0.008163 -0.017695
0 0.001148 0.002269 -0.001786 -0.004537
0 0.004337 0.008848 -0.008163 -0.017695
0 0.000638 0.000907 -0.000765 -0.001815
0 0.001148 0.002495 -0.001786 -0.004991
0 0.001148 0.002269 -0.001786 -0.004537
0 0.000893 0.002042 -0.001276 -0.004083
0 0.001276 0.002495 -0.002041 -0.004991
0 0.000893 0.002042 -0.001276 -0.004083
0 0.000893 0.002042 -0.001276 -0.004083
0 0.000510 0.000681 -0.000510 -0.001361
0 0.001276 0.002495 -0.002041 -0.004991
0 0.000510 0.000681 -0.000510 -0.001361
0 0.000893 0.002042 -0.001276 -0.004083
0 0.000893 0.002042 -0.001276 -0.004083
0 0.001148 0.002269 -0.001786 -0.004537
0 0.001276 0.002495 -0.002041 -0.004991
0 0.000510 0.000681 -0.000510 -0.001361
0 0.000893 0.002042 -0.001276 -0.004083
0 0.000893 0.002042 -0.001276 -0.004083
0 0.000510 0.000681 -0.000510 -0.001361
0 0.001148 0.002269 -0.001786 -0.004537
0 0.004337 0.008848 -0.008163 -0.017695
0 0.000510 0.000681 -0.000510 -0.001361
0 0.004337 0.008848 -0.008163 -0.017695
0 0.000510 0.000681 -0.000510 -0.001361
0 0.000510 0.000681 -0.000510 -0.001361
0 0.000893 0.002042 -0.001276 -0.004083
0 0.001148 0.001588 -0.001786 -0.003176
0 0.004337 0.008848 -0.008163 -0.017695
0 0.000893 0.002042 -0.001276 -0.004083
0 0.001148 0.002269 -0.001786 -0.004537
0 0.000510 0.000681 -0.000510 -0.001361
0 0.004337 0.008848 -0.008163 -0.017695
0 0.000893 0.002042 -0.001276 -0.004083
0 0.000893 0.002042 -0.001276 -0.004083
0 0.001148 0.002269 -0.001786 -0.004537
0 0.000510 0.000681 -0.000510 -0.001361
0 0.004337 0.008848 -0.008163 -0.017695
0 0.013776 0.023367 -0.027041 -0.046733
0 0.000510 0.000681 -0.000510 -0.001361
0 0.000510 0.000681 -0.000510 -0.001361
0 0.001148 0.002269 -0.001786 -0.004537
0 0.004337 0.008848 -0.008163 -0.017695
0 0.001148 0.002269 -0.001786 -0.004537
0 0.000893 0.002042 -0.001276 -0.004083
0 0.001276 0.002495 -0.002041 -0.004991
0 0.000893 0.002042 -0.001276 -0.004083
0 0.000638 0.000907 -0.000765 -0.001815
0 0.000510 0.000681 -0.000510 -0.001361
0 0.001148 0.002269 -0.001786 -0.004537
0 0.000510 0.000681 -0.000510 -0.001361
0 0.000510 0.000681 -0.000510 -0.001361
0 0.000510 0.000681 -0.000510 -0.001361
0 0.004337 0.008848 -0.008163 -0.017695
0 0.001148 0.002269 -0.001786 -0.004537
0 0.001276 0.002495 -0.002041 -0.004991
0 0.001148 0.002269 -0.001786 -0.004537
0 0.001276 0.002495 -0.002041 -0.004991
0 0.000893 0.002042 -0.001276 -0.004083
0 0.000893 0.002042 -0.001276 -0.004083
0 0.000893 0.001588 -0.001276 -0.003176
0 0.001148 0.001588 -0.001786 -0.003176
0 0.001148 0.002269 -0.001786 -0.004537
0 0.000638 0.000907 -0.000765 -0.001815
0 0.000893 0.002042 -0.001276 -0.004083
0 0.001148 0.001588 -0.001786 -0.003176
0 0.000510 0.000681 -0.000510 -0.001361
0 0.000510 0.000681 -0.000510 -0.001361
0 0.000510 0.000681 -0.000510 -0.001361
0 0.001148 0.002269 -0.001786 -0.004537
0 0.001148 0.002269 -0.001786 -0.004537
0 0.007398 0.012704 -0.014286 -0.025408
0 0.000510 0.000681 -0.000510 -0.001361
0 0.000510 0.000681 -0.000510 -0.001361
0 0.000510 0.000681 -0.000510 -0.001361
0 0.001148 0.002269 -0.001786 -0.004537
0 0.001276 0.002495 -0.002041 -0.004991
0 0.000510 0.000681 -0.000510 -0.001361
0 0.001148 0.001588 -0.001786 -0.003176
0 0.001148 0.002269 -0.001786 -0.004537
0 0.000893 0.002042 -0.001276 -0.004083
0 0.000893 0.002042 -0.001276 -0.004083
0 0.001148 0.002269 -0.001786 -0.004537
0 0.000893 0.002042 -0.001276 -0.004083
0 0.001148 0.002269 -0.001786 -0.004537
0 0.000638 0.000907 -0.000765 -0.001815
0 0.000638 0.000907 -0.000765 -0.001815
0 0.004337 0.008848 -0.008163 -0.017695
0 0.001276 0.002495 -0.002041 -0.004991
0 0.000638 0.001361 -0.000765 -0.002722
0 0.004337 0.008848 -0.008163 -0.017695
0 0.000893 0.002042 -0.001276 -0.004083
0 0.004337 0.008848 -0.008163 -0.017695
0 0.000510 0.000681 -0.000510 -0.001361
0 0.000893 0.002042 -0.001276 -0.004083
0 0.000510 0.000681 -0.000510 -0.001361
0 0.000510 0.000681 -0.000510 -0.001361
0 0.000893 0.002042 -0.001276 -0.004083
0 0.000893 0.002042 -0.001276 -0.004083
0 0.000510 0.000681 -0.000510 -0.001361
0 0.000510 0.000681 -0.000510 -0.001361
0 0.001276 0.002495 -0.002041 -0.004991
0 0.000893 0.002042 -0.001276 -0.004083
0 0.000893 0.002042 -0.001276 -0.004083
0 0.000638 0.000907 -0.000765 -0.001815
0 0.000510 0.000681 -0.000510 -0.001361
0 0.000893 0.002042 -0.001276 -0.004083
0 0.000510 0.000681 -0.000510 -0.001361
0 0.001148 0.002269 -0.001786 -0.004537
0 0.000893 0.002042 -0.001276 -0.004083
0 0.000893 0.002042 -0.001276 -0.004083
0 0.001148 0.002269 -0.001786 -0.004537
0 0.001148 0.002269 -0.001786 -0.004537
0 0.001020 0.001815 -0.001531 -0.003630
0 0.001148 0.002269 -0.001786 -0.004537
0 0.000893 0.002042 -0.001276 -0.004083
0 0.000510 0.000681 -0.000510 -0.001361
0 0.000510 0.000681 -0.000510 -0.001361
0 0.000510 0.000681 -0.000510 -0.001361
0 0.001276 0.002495 -0.002041 -0.004991
0 0.001148 0.002269 -0.001786 -0.004537
0 0.000638 0.000907 -0.000765 -0.001815
0 0.004337 0.008848 -0.008163 -0.017695
0 0.000510 0.000681 -0.000510 -0.001361
0 0.001148 0.002269 -0.001786 -0.004537
0 0.004337 0.008848 -0.008163 -0.017695
0 0.000510 0.000681 -0.000510 -0.001361
0 0.000893 0.002042 -0.001276 -0.004083
0 0.001148 0.002269 -0.001786 -0.004537
0 0.013776 0.023367 -0.027041 -0.046733
0 0.001276 0.002495 -0.002041 -0.004991
0 0.000893 0.002042 -0.001276 -0.004083
0 0.001276 0.002495 -0.002041 -0.004991
0 0.000638 0.000907 -0.000765 -0.001815
0 0.000510 0.000681 -0.000510 -0.001361
0 0.000510 0.000681 -0.000510 -0.001361
0 0.000893 0.002042 -0.001276 -0.004083
0 0.000510 0.000681 -0.000510 -0.001361
0 0.000510 0.000681 -0.000510 -0.001361
0 0.001148 0.001588 -0.001786 -0.003176
0 0.000893 0.002042 -0.001276 -0.004083
0 0.000510 0.000681 -0.000510 -0.001361
0 0.001148 0.002269 -0.001786 -0.004537
0 0.004337 0.008848 -0.008163 -0.017695
0 0.000893 0.002042 -0.001276 -0.004083
0 0.000510 0.000681 -0.000510 -0.001361
0 0.000893 0.002042 -0.001276 -0.004083
0 0.000510 0.000681 -0.000510 -0.001361
0 0.000893 0.002042 -0.001276 -0.004083
0 0.000638 0.000907 -0.000765 -0.001815
0 0.000893 0.002042 -0.001276 -0.004083
0 0.004337 0.008848 -0.008163 -0.017695
0 0.000638 0.000907 -0.000765 -0.001815
0 0.000893 0.002042 -0.001276 -0.004083
0 0.000510 0.000681 -0.000510 -0.001361
0 0.000510 0.000681 -0.000510 -0.001361
0 0.001148 0.002269 -0.001786 -0.004537
0 0.001276 0.002495 -0.002041 -0.004991
0 0.000510 0.000681 -0.000510 -0.001361
0 0.000893 0.002042 -0.001276 -0.004083
0 0.000510 0.000681 -0.000510 -0.001361
0 0.004337 0.008848 -0.008163 -0.017695
0 0.000893 0.002042 -0.001276 -0.004083
0 0.000893 0.002042 -0.001276 -0.004083
0 0.000893 0.002042 -0.001276 -0.004083
0 0.000893 0.002042 -0.001276 -0.004083
0 0.000893 0.002042 -0.001276 -0.004083
0 0.000638 0.000907 -0.000765 -0.001815
0 0.001148 0.002269 -0.001786 -0.004537
0 0.000893 0.002042 -0.001276 -0.004083
0 0.000510 0.000681 -0.000510 -0.001361
0 0.004337 0.008848 -0.008163 -0.017695
0 0.001148 0.002269 -0.001786 -0.004537
0 0.004337 0.008848 -0.008163 -0.017695
0 0.000510 0.000681 -0.000510 -0.001361
0 0.000893 0.002042 -0.001276 -0.004083
0 0.000510 0.000681 -0.000510 -0.001361
0 0.001148 0.001588 -0.001786 -0.003176
0 0.001148 0.002495 -0.001786 -0.004991
0 0.000893 0.002042 -0.001276 -0.004083
0 0.000893 0.002042 -0.001276 -0.004083
0 0.001276 0.002495 -0.002041 -0.004991
0 0.001148 0.002269 -0.001786 -0.004537
0 0.000510 0.000681 -0.000510 -0.001361
0 0.001276 0.002495 -0.002041 -0.004991
0 0.001148 0.002269 -0.001786 -0.004537
0 0.001148 0.002269 -0.001786 -0.004537
0 0.000510 0.000681 -0.000510 -0.001361
0 0.001148 0.002269 -0.001786 -0.004537
0 0.000510 0.000681 -0.000510 -0.001361
0 0.000893 0.002042 -0.001276 -0.004083
0 0.000893 0.002042 -0.001276 -0.004083
0 0.000510 0.000681 -0.000510 -0.001361
0 0.000893 0.002042 -0.001276 -0.004083
0 0.004337 0.008848 -0.008163 -0.017695
0 0.000510 0.000681 -0.000510 -0.001361
0 0.000638 0.000907 -0.000765 -0.001815
0 0.000893 0.002042 -0.001276 -0.004083
0 0.000893 0.002042 -0.001276 -0.004083
0 0.001148 0.002269 -0.001786 -0.004537
0 0.000638 0.000907 -0.000765 -0.001815
0 0.004337 0.008848 -0.008163 -0.017695
0 0.000510 0.000681 -0.000510 -0.001361
0 0.001148 0.002269 -0.001786 -0.004537
0 0.004337 0.008848 -0.008163 -0.017695
0 0.000510 0.000681 -0.000510 -0.001361
0 0.001148 0.002269 -0.001786 -0.004537
0 0.000893 0.002042 -0.001276 -0.004083
0 0.000510 0.000681 -0.000510 -0.001361
0 0.001148 0.002269 -0.001786 -0.004537
0 0.000510 0.000681 -0.000510 -0.001361
0 0.000510 0.000681 -0.000510 -0.001361
0 0.000510 0.000681 -0.000510 -0.001361
0 0.000893 0.002042 -0.001276 -0.004083
0 0.001148 0.002269 -0.001786 -0.004537
0 0.000510 0.000681 -0.000510 -0.001361
0 0.001276 0.002495 -0.002041 -0.004991
0 0.000893 0.002042 -0.001276 -0.004083
0 0.001148 0.002269 -0.001786 -0.004537
0 0.000893 0.002042 -0.001276 -0.004083
0 0.000510 0.000681 -0.000510 -0.001361
0 0.001148 0.001588 -0.001786 -0.003176
0 0.001148 0.001588 -0.001786 -0.003176
0 0.002296 0.003857 -0.004082 -0.007713
0 0.000893 0.002042 -0.001276 -0.004083
0 0.000893 0.002042 -0.001276 -0.004083
0 0.000893 0.002042 -0.001276 -0.004083
0 0.000765 0.001588 -0.001020 -0.003176
0 0.000510 0.000681 -0.000510 -0.001361
0 0.001276 0.002495 -0.002041 -0.004991
0 0.000510 0.000681 -0.000510 -0.001361
0 0.000893 0.002042 -0.001276 -0.004083
0 0.000510 0.000681 -0.000510 -0.001361
0 0.004337 0.008848 -0.008163 -0.017695
0 0.000638 0.000907 -0.000765 -0.001815
0 0.001148 0.002269 -0.001786 -0.004537
0 0.001148 0.002269 -0.001786 -0.004537
0 0.000510 0.000681 -0.000510 -0.001361
0 0.000510 0.000681 -0.000510 -0.001361
0 0.001276 0.002495 -0.002041 -0.004991
0 0.001148 0.002269 -0.001786 -0.004537
0 0.000893 0.002042 -0.001276 -0.004083
0 0.013776 0.023367 -0.027041 -0.046733
0 0.000510 0.000681 -0.000510 -0.001361
0 0.000638 0.000907 -0.000765 -0.001815
0 0.001148 0.002269 -0.001786 -0.004537
0 0.004337 0.008848 -0.008163 -0.017695
0 0.000893 0.002042 -0.001276 -0.004083
0 0.000510 0.000681 -0.000510 -0.001361
0 0.004337 0.008848 -0.008163 -0.017695
0 0.004337 0.008848 -0.008163 -0.017695
0 0.000510 0.000681 -0.000510 -0.001361
0 0.001148 0.002269 -0.001786 -0.004537
0 0.013776 0.023367 -0.027041 -0.046733
0 0.000510 0.000681 -0.000510 -0.001361
0 0.001276 0.002495 -0.002041 -0.004991
0 0.001276 0.002495 -0.002041 -0.004991
0 0.000893 0.002042 -0.001276 -0.004083
0 0.001276 0.002495 -0.002041 -0.004991
0 0.000893 0.002042 -0.001276 -0.004083
0 0.000510 0.000681 -0.000510 -0.001361
0 0.000510 0.000681 -0.000510 -0.001361
0 0.000893 0.002042 -0.001276 -0.004083
0 0.004337 0.008848 -0.008163 -0.017695
0 0.000510 0.000681 -0.000510 -0.001361
0 0.000893 0.002042 -0.001276 -0.004083
0 0.000893 0.002042 -0.001276 -0.004083
0 0.000510 0.000681 -0.000510 -0.001361
0 0.000510 0.000681 -0.000510 -0.001361
0 0.000893 0.002042 -0.001276 -0.004083
0 0.000893 0.002042 -0.001276 -0.004083
0 0.000893 0.002042 -0.001276 -0.004083
0 0.001148 0.002269 -0.001786 -0.004537
0 0.000893 0.002042 -0.001276 -0.004083
0 0.000893 0.002042 -0.001276 -0.004083
0 0.001148 0.002269 -0.001786 -0.004537
0 0.000510 0.000681 -0.000510 -0.001361
0 0.000893 0.002042 -0.001276 -0.004083
0 0.001148 0.002269 -0.001786 -0.004537
0 0.004337 0.008848 -0.008163 -0.017695
0 0.000510 0.000681 -0.000510 -0.001361
0 0.000510 0.000681 -0.000510 -0.001361
0 0.001276 0.002495 -0.002041 -0.004991
0 0.000893 0.002042 -0.001276 -0.004083
0 0.001148 0.002269 -0.001786 -0.004537
0 0.001148 0.002269 -0.001786 -0.004537
0 0.000893 0.002042 -0.001276 -0.004083
0 0.001148 0.002269 -0.001786 -0.004537
0 0.001148 0.002269 -0.001786 -0.004537
0 0.000893 0.002042 -0.001276 -0.004083
0 0.000510 0.000681 -0.000510 -0.001361
0 0.000510 0.000681 -0.000510 -0.001361
0 0.000638 0.000907 -0.000765 -0.001815
0 0.000893 0.002042 -0.001276 -0.004083
0 0.000893 0.002042 -0.001276 -0.004083
0 0.000510 0.000681 -0.000510 -0.001361
0 0.004337 0.008848 -0.008163 -0.017695
0 0.001276 0.002495 -0.002041 -0.004991
0 0.001020 0.001361 -0.001531 -0.002722
0 0.000893 0.002042 -0.001276 -0.004083
0 0.002296 0.003857 -0.004082 -0.007713
0 0.000510 0.000681 -0.000510 -0.001361
0 0.001276 0.002495 -0.002041 -0.004991
0 0.000893 0.002042 -0.001276 -0.004083
0 0.000893 0.002042 -0.001276 -0.004083
0 0.001276 0.002495 -0.002041 -0.004991
0 0.000893 0.002042 -0.001276 -0.004083
0 0.000893 0.002042 -0.001276 -0.004083
0 0.000510 0.000681 -0.000510 -0.001361
0 0.000893 0.002042 -0.001276 -0.004083
0 0.000510 0.000681 -0.000510 -0.001361
0 0.001276 0.002495 -0.002041 -0.004991
0 0.001148 0.002269 -0.001786 -0.004537
0 0.000893 0.002042 -0.001276 -0.004083
0 0.001276 0.002495 -0.002041 -0.004991
0 0.000510 0.000681 -0.000510 -0.001361
0 0.001148 0.002269 -0.001786 -0.004537
0 0.000510 0.000681 -0.000510 -0.001361
0 0.000893 0.002042 -0.001276 -0.004083
0 0.001148 0.002269 -0.001786 -0.004537
0 0.004337 0.008848 -0.008163 -0.017695
0 0.000893 0.002042 -0.001276 -0.004083
0 0.000510 0.000681 -0.000510 -0.001361
0 0.000510 0.000681 -0.000510 -0.001361
0 0.000893 0.002042 -0.001276 -0.004083
0 0.004337 0.008848 -0.008163 -0.017695
0 0.000510 0.000681 -0.000510 -0.001361
0 0.000893 0.002042 -0.001276 -0.004083
0 0.001148 0.002269 -0.001786 -0.004537
0 0.001148 0.002269 -0.001786 -0.004537
0 0.000893 0.002042 -0.001276 -0.004083
0 0.000510 0.000681 -0.000510 -0.001361
0 0.002679 0.005445 -0.004847 -0.010889
0 0.000893 0.002042 -0.001276 -0.004083
0 0.001276 0.002495 -0.002041 -0.004991
0 0.000893 0.002042 -0.001276 -0.004083
0 0.000510 0.000681 -0.000510 -0.001361
0 0.001148 0.002269 -0.001786 -0.004537
0 0.000510 0.000681 -0.000510 -0.001361
0 0.000510 0.000681 -0.000510 -0.001361
0 0.000893 0.002042 -0.001276 -0.004083
0 0.000893 0.002042 -0.001276 -0.004083
0 0.004337 0.008848 -0.008163 -0.017695
0 0.013776 0.023367 -0.027041 -0.046733
0 0.001148 0.002269 -0.001786 -0.004537
0 0.004337 0.008848 -0.008163 -0.017695
0 0.000893 0.002042 -0.001276 -0.004083
0 0.004337 0.008848 -0.008163 -0.017695
0 0.001148 0.002269 -0.001786 -0.004537
0 0.000510 0.000681 -0.000510 -0.001361
0 0.001276 0.002495 -0.002041 -0.004991
0 0.000638 0.000907 -0.000765 -0.001815
0 0.000510 0.000681 -0.000510 -0.001361
0 0.004337 0.008848 -0.008163 -0.017695
0 0.000893 0.002042 -0.001276 -0.004083
0 0.000510 0.000681 -0.000510 -0.001361
0 0.000893 0.002042 -0.001276 -0.004083
0 0.000638 0.000907 -0.000765 -0.001815
0 0.002296 0.003857 -0.004082 -0.007713
0 0.001148 0.002269 -0.001786 -0.004537
0 0.000893 0.002042 -0.001276 -0.004083
0 0.000893 0.002042 -0.001276 -0.004083
0 0.001148 0.002269 -0.001786 -0.004537
0 0.000510 0.000681 -0.000510 -0.001361
0 0.000510 0.000681 -0.000510 -0.001361
0 0.001276 0.002495 -0.002041 -0.004991
0 0.000893 0.002042 -0.001276 -0.004083
0 0.000510 0.000681 -0.000510 -0.001361
0 0.000510 0.000681 -0.000510 -0.001361
0 0.001148 0.002269 -0.001786 -0.004537
0 0.001148 0.002269 -0.001786 -0.004537
0 0.000893 0.002042 -0.001276 -0.004083
0 0.000510 0.000681 -0.000510 -0.001361
0 0.000893 0.002042 -0.001276 -0.004083
0 0.000638 0.000907 -0.000765 -0.001815
0 0.000893 0.002042 -0.001276 -0.004083
0 0.000893 0.002042 -0.001276 -0.004083
0 0.001276 0.002495 -0.002041 -0.004991
0 0.000893 0.002042 -0.001276 -0.004083
0 0.001148 0.002269 -0.001786 -0.004537
0 0.000893 0.002042 -0.001276 -0.004083
0 0.000510 0.000681 -0.000510 -0.001361
0 0.000893 0.002042 -0.001276 -0.004083
0 0.000893 0.002042 -0.001276 -0.004083
0 0.000893 0.002042 -0.001276 -0.004083
0 0.000510 0.000681 -0.000510 -0.001361
0 0.000893 0.002042 -0.001276 -0.004083
0 0.000510 0.000681 -0.000510 -0.001361
0 0.000510 0.000681 -0.000510 -0.001361
0 0.000510 0.000681 -0.000510 -0.001361