0 0.005371 0.010417 -0.008789 -0.020833
0 0.005371 0.010417 -0.008789 -0.020833
0 0.064941 0.094401 -0.127930 -0.188802
0 0.009277 0.013021 -0.016602 -0.026042
0 0.027832 0.042318 -0.053711 -0.084635
0 0.008789 0.014323 -0.015625 -0.028646
0 0.016602 0.021484 -0.031250 -0.042969
0 0.008301 0.013672 -0.014648 -0.027344
0 0.005371 0.010417 -0.008789 -0.020833
0 0.002930 0.001953 -0.003906 -0.003906
0 0.016602 0.021484 -0.031250 -0.042969
0 0.005859 0.010417 -0.009766 -0.020833
0 0.002930 0.001953 -0.003906 -0.003906
0 0.027832 0.042318 -0.053711 -0.084635
0 0.016602 0.021484 -0.031250 -0.042969
0 0.005859 0.027344 -0.009766 -0.054688
0 0.009277 0.013021 -0.016602 -0.026042
0 0.006348 0.011068 -0.010742 -0.022135
0 0.005371 0.010417 -0.008789 -0.020833
0 0.016602 0.021484 -0.031250 -0.042969
0 0.064941 0.094401 -0.127930 -0.188802
0 0.014160 0.024740 -0.026367 -0.049479
0 0.009766 0.016276 -0.017578 -0.032552
0 0.027832 0.042318 -0.053711 -0.084635
0 0.002930 0.003906 -0.003906 -0.007812
0 0.027832 0.042318 -0.053711 -0.084635
0 0.009277 0.013021 -0.016602 -0.026042
0 0.002930 0.003906 -0.003906 -0.007812
0 0.016602 0.021484 -0.031250 -0.042969
0 0.008789 0.012370 -0.015625 -0.024740
0 0.008301 0.013672 -0.014648 -0.027344
0 0.016602 0.021484 -0.031250 -0.042969
0 0.002930 0.003906 -0.003906 -0.007812
0 0.002930 0.003906 -0.003906 -0.007812
0 0.008789 0.014323 -0.015625 -0.028646
0 0.002930 0.001953 -0.003906 -0.003906
0 0.027832 0.042318 -0.053711 -0.084635
0 0.006348 0.011068 -0.010742 -0.022135
0 0.008789 0.014323 -0.015625 -0.028646
0 0.002930 0.003906 -0.003906 -0.007812
0 0.009277 0.013021 -0.016602 -0.026042
0 0.002930 0.001953 -0.003906 -0.003906
0 0.005859 0.010417 -0.009766 -0.020833
0 0.027832 0.042318 -0.053711 -0.084635
0 0.014160 0.024740 -0.026367 -0.049479
0 0.006348 0.011068 -0.010742 -0.022135
0 0.002930 0.003906 -0.003906 -0.007812
0 0.008301 0.013672 -0.014648 -0.027344
0 0.016602 0.021484 -0.031250 -0.042969
0 0.009766 0.016276 -0.017578 -0.032552
0 0.006348 0.011068 -0.010742 -0.022135
0 0.009766 0.016276 -0.017578 -0.032552
0 0.002930 0.001953 -0.003906 -0.003906
0 0.021484 0.026693 -0.041016 -0.053385
0 0.002930 0.003906 -0.003906 -0.007812
0 0.009766 0.016276 -0.017578 -0.032552
0 0.008789 0.014323 -0.015625 -0.028646
0 0.012207 0.024740 -0.022461 -0.049479
0 0.002930 0.001953 -0.003906 -0.003906
0 0.064941 0.094401 -0.127930 -0.188802
0 0.016602 0.021484 -0.031250 -0.042969
0 0.002930 0.001953 -0.003906 -0.003906
0 0.021484 0.026693 -0.041016 -0.053385
0 0.008789 0.014323 -0.015625 -0.028646
0 0.006348 0.011068 -0.010742 -0.022135
0 0.027832 0.042318 -0.053711 -0.084635
0 0.003906 0.002604 -0.005859 -0.005208
0 0.009766 0.016276 -0.017578 -0.032552
0 0.027832 0.042318 -0.053711 -0.084635
0 0.002930 0.001953 -0.003906 -0.003906
0 0.027832 0.042318 -0.053711 -0.084635
0 0.016602 0.021484 -0.031250 -0.042969
0 0.001953 0.003255 -0.001953 -0.006510
0 0.008789 0.014323 -0.015625 -0.028646
0 0.005859 0.010417 -0.009766 -0.020833
0 0.014160 0.024740 -0.026367 -0.049479
0 0.009766 0.016276 -0.017578 -0.032552
0 0.003906 0.002604 -0.005859 -0.005208
0 0.002930 0.001953 -0.003906 -0.003906
0 0.009766 0.016276 -0.017578 -0.032552
0 0.008789 0.012370 -0.015625 -0.024740
0 0.016602 0.021484 -0.031250 -0.042969
0 0.016602 0.021484 -0.031250 -0.042969
0 0.027832 0.042318 -0.053711 -0.084635
0 0.008789 0.014323 -0.015625 -0.028646
0 0.016602 0.021484 -0.031250 -0.042969
0 0.005859 0.010417 -0.009766 -0.020833
0 0.064941 0.094401 -0.127930 -0.188802
0 0.003906 0.002604 -0.005859 -0.005208
0 0.002930 0.001953 -0.003906 -0.003906
0 0.005371 0.010417 -0.008789 -0.020833
0 0.002930 0.003906 -0.003906 -0.007812
0 0.027832 0.042318 -0.053711 -0.084635
0 0.005371 0.010417 -0.008789 -0.020833
0 0.027832 0.042318 -0.053711 -0.084635
0 0.008789 0.014323 -0.015625 -0.028646