0 0.024207 0.041991 -0.047262 -0.083983
0 0.024207 0.041991 -0.047262 -0.083983
0 0.017003 0.029437 -0.032853 -0.058874
0 0.010375 0.022078 -0.019597 -0.044156
0 0.015274 0.022078 -0.029395 -0.044156
0 0.006052 0.009957 -0.010951 -0.019913
0 0.007205 0.015152 -0.013256 -0.030303
0 0.003170 0.004762 -0.005187 -0.009524
0 0.006628 0.011688 -0.012104 -0.023377
0 0.006628 0.011688 -0.012104 -0.023377
0 0.015274 0.022078 -0.029395 -0.044156
0 0.034582 0.053247 -0.068012 -0.106494
0 0.011527 0.019048 -0.021902 -0.038095
0 0.011527 0.019048 -0.021902 -0.038095
0 0.003170 0.004762 -0.005187 -0.009524
0 0.024207 0.041991 -0.047262 -0.083983
0 0.007493 0.011255 -0.013833 -0.022511
0 0.006628 0.011688 -0.012104 -0.023377
0 0.011816 0.020346 -0.022478 -0.040693
0 0.005187 0.007792 -0.009222 -0.015584
0 0.017003 0.029437 -0.032853 -0.058874
0 0.024207 0.041991 -0.047262 -0.083983
0 0.006628 0.011688 -0.012104 -0.023377
0 0.004611 0.007792 -0.008069 -0.015584
0 0.024207 0.041991 -0.047262 -0.083983
0 0.011527 0.019048 -0.021902 -0.038095
0 0.010375 0.022078 -0.019597 -0.044156
0 0.024207 0.041991 -0.047262 -0.083983
0 0.034582 0.053247 -0.068012 -0.106494
0 0.024207 0.041991 -0.047262 -0.083983
0 0.004611 0.007792 -0.008069 -0.015584
0 0.011527 0.019048 -0.021902 -0.038095
0 0.006052 0.009957 -0.010951 -0.019913
0 0.003170 0.004762 -0.005187 -0.009524
0 0.013256 0.022078 -0.025360 -0.044156
0 0.011816 0.020779 -0.022478 -0.041558
0 0.006628 0.011688 -0.012104 -0.023377
0 0.011816 0.020346 -0.022478 -0.040693
0 0.012104 0.019048 -0.023055 -0.038095
0 0.007493 0.011255 -0.013833 -0.022511
0 0.004611 0.007792 -0.008069 -0.015584
0 0.011527 0.019048 -0.021902 -0.038095
0 0.003170 0.004762 -0.005187 -0.009524
0 0.003170 0.004762 -0.005187 -0.009524
0 0.003170 0.004762 -0.005187 -0.009524
0 0.011527 0.019048 -0.021902 -0.038095
0 0.011527 0.019048 -0.021902 -0.038095
0 0.024207 0.041991 -0.047262 -0.083983
0 0.024207 0.041991 -0.047262 -0.083983
0 0.015274 0.022078 -0.029395 -0.044156
0 0.010375 0.022078 -0.019597 -0.044156
0 0.014986 0.023377 -0.028818 -0.046753
0 0.024207 0.041991 -0.047262 -0.083983
0 0.034582 0.053247 -0.068012 -0.106494
0 0.011527 0.019048 -0.021902 -0.038095
0 0.024207 0.041991 -0.047262 -0.083983
0 0.024207 0.041991 -0.047262 -0.083983
0 0.011527 0.019048 -0.021902 -0.038095
0 0.024207 0.041991 -0.047262 -0.083983
0 0.034006 0.060173 -0.066859 -0.120346
0 0.024207 0.041991 -0.047262 -0.083983
0 0.006628 0.011688 -0.012104 -0.023377
0 0.010375 0.022078 -0.019597 -0.044156
0 0.006340 0.014286 -0.011527 -0.028571
0 0.011527 0.019048 -0.021902 -0.038095
0 0.007493 0.011255 -0.013833 -0.022511
0 0.015274 0.022078 -0.029395 -0.044156
0 0.006628 0.011688 -0.012104 -0.023377
0 0.024207 0.041991 -0.047262 -0.083983
0 0.006340 0.014286 -0.011527 -0.028571
0 0.034582 0.053247 -0.068012 -0.106494
0 0.011527 0.019048 -0.021902 -0.038095
0 0.006628 0.011688 -0.012104 -0.023377
0 0.011527 0.019048 -0.021902 -0.038095
0 0.010375 0.022078 -0.019597 -0.044156
0 0.003170 0.004762 -0.005187 -0.009524
0 0.003170 0.004762 -0.005187 -0.009524
0 0.024207 0.041991 -0.047262 -0.083983
0 0.013256 0.022944 -0.025360 -0.045887
0 0.012104 0.019048 -0.023055 -0.038095
0 0.007493 0.011255 -0.013833 -0.022511
0 0.006628 0.011688 -0.012104 -0.023377
0 0.006628 0.011688 -0.012104 -0.023377
0 0.024207 0.041991 -0.047262 -0.083983
0 0.006340 0.014286 -0.011527 -0.028571
0 0.017579 0.031169 -0.034006 -0.062338
0 0.007493 0.011255 -0.013833 -0.022511
0 0.034582 0.053247 -0.068012 -0.106494
0 0.011527 0.019048 -0.021902 -0.038095
0 0.003170 0.004762 -0.005187 -0.009524
0 0.024207 0.041991 -0.047262 -0.083983
0 0.011527 0.019048 -0.021902 -0.038095
0 0.006628 0.011688 -0.012104 -0.023377
0 0.003170 0.004762 -0.005187 -0.009524
0 0.012104 0.020779 -0.023055 -0.041558
0 0.006628 0.011688 -0.012104 -0.023377
0 0.004611 0.007792 -0.008069 -0.015584
0 0.034582 0.053247 -0.068012 -0.106494