0 0.006522 0.008696 -0.010145 -0.017391
0 0.019565 0.039130 -0.036232 -0.078261
0 0.019565 0.039130 -0.036232 -0.078261
0 0.007971 0.016304 -0.013043 -0.032609
0 0.007971 0.016304 -0.013043 -0.032609
0 0.023188 0.048913 -0.043478 -0.097826
0 0.007971 0.016304 -0.013043 -0.032609
0 0.023188 0.048913 -0.043478 -0.097826
0 0.007971 0.016304 -0.013043 -0.032609
0 0.007971 0.016304 -0.013043 -0.032609
0 0.006522 0.008696 -0.010145 -0.017391
0 0.007971 0.016304 -0.013043 -0.032609
0 0.007971 0.016304 -0.013043 -0.032609
0 0.019565 0.039130 -0.036232 -0.078261
0 0.011594 0.018478 -0.020290 -0.036957
0 0.037681 0.055435 -0.072464 -0.110870
0 0.007971 0.016304 -0.013043 -0.032609
0 0.019565 0.039130 -0.036232 -0.078261
0 0.007971 0.016304 -0.013043 -0.032609
0 0.011594 0.018478 -0.020290 -0.036957
0 0.006522 0.008696 -0.010145 -0.017391
0 0.023188 0.048913 -0.043478 -0.097826
0 0.007971 0.016304 -0.013043 -0.032609
0 0.007971 0.016304 -0.013043 -0.032609
0 0.023188 0.048913 -0.043478 -0.097826
0 0.007971 0.016304 -0.013043 -0.032609
0 0.025362 0.047826 -0.047826 -0.095652
0 0.019565 0.039130 -0.036232 -0.078261
0 0.037681 0.055435 -0.072464 -0.110870
0 0.007971 0.016304 -0.013043 -0.032609
0 0.023188 0.048913 -0.043478 -0.097826
0 0.007971 0.016304 -0.013043 -0.032609
0 0.006522 0.008696 -0.010145 -0.017391
0 0.007971 0.016304 -0.013043 -0.032609
0 0.007971 0.016304 -0.013043 -0.032609
0 0.007971 0.016304 -0.013043 -0.032609
0 0.007971 0.016304 -0.013043 -0.032609
0 0.007971 0.016304 -0.013043 -0.032609
0 0.007971 0.016304 -0.013043 -0.032609
0 0.007971 0.016304 -0.013043 -0.032609
0 0.006522 0.008696 -0.010145 -0.017391
0 0.007971 0.016304 -0.013043 -0.032609
0 0.007971 0.016304 -0.013043 -0.032609
0 0.007971 0.016304 -0.013043 -0.032609
0 0.007971 0.016304 -0.013043 -0.032609
0 0.007971 0.016304 -0.013043 -0.032609
0 0.007971 0.016304 -0.013043 -0.032609
0 0.007971 0.016304 -0.013043 -0.032609
0 0.011594 0.018478 -0.020290 -0.036957
0 0.023188 0.048913 -0.043478 -0.097826
0 0.007971 0.016304 -0.013043 -0.032609
0 0.011594 0.018478 -0.020290 -0.036957
0 0.019565 0.039130 -0.036232 -0.078261
0 0.037681 0.055435 -0.072464 -0.110870
0 0.007971 0.016304 -0.013043 -0.032609
0 0.007971 0.016304 -0.013043 -0.032609
0 0.019565 0.039130 -0.036232 -0.078261
0 0.007971 0.016304 -0.013043 -0.032609
0 0.007971 0.016304 -0.013043 -0.032609
0 0.019565 0.039130 -0.036232 -0.078261
0 0.007971 0.016304 -0.013043 -0.032609
0 0.007971 0.016304 -0.013043 -0.032609
0 0.019565 0.039130 -0.036232 -0.078261
0 0.007971 0.016304 -0.013043 -0.032609
0 0.006522 0.008696 -0.010145 -0.017391
0 0.007971 0.016304 -0.013043 -0.032609
0 0.007971 0.016304 -0.013043 -0.032609
0 0.019565 0.039130 -0.036232 -0.078261
0 0.039130 0.072826 -0.075362 -0.145652
0 0.006522 0.008696 -0.010145 -0.017391
0 0.019565 0.039130 -0.036232 -0.078261
0 0.019565 0.039130 -0.036232 -0.078261
0 0.007971 0.016304 -0.013043 -0.032609
0 0.006522 0.008696 -0.010145 -0.017391
0 0.006522 0.008696 -0.010145 -0.017391
0 0.023188 0.048913 -0.043478 -0.097826
0 0.007971 0.016304 -0.013043 -0.032609
0 0.007971 0.016304 -0.013043 -0.032609
0 0.007971 0.016304 -0.013043 -0.032609
0 0.006522 0.008696 -0.010145 -0.017391
0 0.007971 0.016304 -0.013043 -0.032609
0 0.037681 0.055435 -0.072464 -0.110870
0 0.007971 0.016304 -0.013043 -0.032609
0 0.007971 0.016304 -0.013043 -0.032609
0 0.007971 0.016304 -0.013043 -0.032609
0 0.011594 0.018478 -0.020290 -0.036957
0 0.006522 0.008696 -0.010145 -0.017391
0 0.019565 0.039130 -0.036232 -0.078261
0 0.007971 0.016304 -0.013043 -0.032609