0 0.010833 0.018717 -0.018333 -0.037433
0 0.020000 0.038770 -0.036667 -0.077540
0 0.010833 0.018717 -0.018333 -0.037433
0 0.002500 0.004011 -0.001667 -0.008021
0 0.020000 0.038770 -0.036667 -0.077540
0 0.008333 0.014706 -0.013333 -0.029412
0 0.010833 0.018717 -0.018333 -0.037433
0 0.004167 0.006684 -0.005000 -0.013369
0 0.002500 0.004011 -0.001667 -0.008021
0 0.020000 0.038770 -0.036667 -0.077540
0 0.002500 0.004011 -0.001667 -0.008021
0 0.002500 0.004011 -0.001667 -0.008021
0 0.010833 0.018717 -0.018333 -0.037433
0 0.010833 0.018717 -0.018333 -0.037433
0 0.002500 0.004011 -0.001667 -0.008021
0 0.004167 0.006684 -0.005000 -0.013369
0 0.002500 0.004011 -0.001667 -0.008021
0 0.002500 0.004011 -0.001667 -0.008021
0 0.010833 0.018717 -0.018333 -0.037433
0 0.010833 0.018717 -0.018333 -0.037433
0 0.010833 0.018717 -0.018333 -0.037433
0 0.010833 0.018717 -0.018333 -0.037433
0 0.010833 0.018717 -0.018333 -0.037433
0 0.002500 0.004011 -0.001667 -0.008021
0 0.024167 0.052139 -0.045000 -0.104278
0 0.020000 0.038770 -0.036667 -0.077540
0 0.002500 0.004011 -0.001667 -0.008021
0 0.002500 0.004011 -0.001667 -0.008021
0 0.002500 0.004011 -0.001667 -0.008021
0 0.020000 0.038770 -0.036667 -0.077540
0 0.002500 0.004011 -0.001667 -0.008021
0 0.010833 0.018717 -0.018333 -0.037433
0 0.002500 0.004011 -0.001667 -0.008021
0 0.002500 0.004011 -0.001667 -0.008021
0 0.002500 0.004011 -0.001667 -0.008021
0 0.002500 0.004011 -0.001667 -0.008021
0 0.002500 0.004011 -0.001667 -0.008021
0 0.010833 0.018717 -0.018333 -0.037433
0 0.020000 0.038770 -0.036667 -0.077540
0 0.002500 0.004011 -0.001667 -0.008021
0 0.010833 0.018717 -0.018333 -0.037433
0 0.020000 0.038770 -0.036667 -0.077540
0 0.020000 0.038770 -0.036667 -0.077540
0 0.010833 0.018717 -0.018333 -0.037433
0 0.002500 0.004011 -0.001667 -0.008021
0 0.002500 0.004011 -0.001667 -0.008021
0 0.010833 0.018717 -0.018333 -0.037433
0 0.002500 0.004011 -0.001667 -0.008021
0 0.010833 0.018717 -0.018333 -0.037433
0 0.002500 0.004011 -0.001667 -0.008021
0 0.002500 0.004011 -0.001667 -0.008021
0 0.002500 0.004011 -0.001667 -0.008021
0 0.010833 0.018717 -0.018333 -0.037433
0 0.010833 0.018717 -0.018333 -0.037433
0 0.010833 0.018717 -0.018333 -0.037433
0 0.002500 0.004011 -0.001667 -0.008021
0 0.002500 0.004011 -0.001667 -0.008021
0 0.002500 0.004011 -0.001667 -0.008021
0 0.002500 0.004011 -0.001667 -0.008021
0 0.002500 0.004011 -0.001667 -0.008021
0 0.002500 0.004011 -0.001667 -0.008021
0 0.002500 0.004011 -0.001667 -0.008021
0 0.020000 0.038770 -0.036667 -0.077540
0 0.010833 0.018717 -0.018333 -0.037433
0 0.002500 0.004011 -0.001667 -0.008021
0 0.002500 0.004011 -0.001667 -0.008021
0 0.010833 0.018717 -0.018333 -0.037433
0 0.020000 0.038770 -0.036667 -0.077540
0 0.002500 0.004011 -0.001667 -0.008021
0 0.002500 0.004011 -0.001667 -0.008021
0 0.002500 0.004011 -0.001667 -0.008021
0 0.002500 0.004011 -0.001667 -0.008021
0 0.020000 0.038770 -0.036667 -0.077540
0 0.002500 0.004011 -0.001667 -0.008021
0 0.002500 0.004011 -0.001667 -0.008021
0 0.004167 0.006684 -0.005000 -0.013369
0 0.002500 0.004011 -0.001667 -0.008021
0 0.010833 0.018717 -0.018333 -0.037433
0 0.002500 0.004011 -0.001667 -0.008021
0 0.010833 0.018717 -0.018333 -0.037433
0 0.010833 0.018717 -0.018333 -0.037433
0 0.010833 0.018717 -0.018333 -0.037433
0 0.020000 0.038770 -0.036667 -0.077540
0 0.002500 0.004011 -0.001667 -0.008021
0 0.004167 0.006684 -0.005000 -0.013369
0 0.008333 0.014706 -0.013333 -0.029412
0 0.002500 0.004011 -0.001667 -0.008021
0 0.010833 0.018717 -0.018333 -0.037433
0 0.024167 0.052139 -0.045000 -0.104278
0 0.002500 0.004011 -0.001667 -0.008021
0 0.010833 0.018717 -0.018333 -0.037433
0 0.010833 0.018717 -0.018333 -0.037433
0 0.024167 0.052139 -0.045000 -0.104278
0 0.010833 0.018717 -0.018333 -0.037433
0 0.020000 0.038770 -0.036667 -0.077540
0 0.002500 0.004011 -0.001667 -0.008021
0 0.010833 0.018717 -0.018333 -0.037433
0 0.020000 0.038770 -0.036667 -0.077540
0 0.010833 0.018717 -0.018333 -0.037433
0 0.010833 0.018717 -0.018333 -0.037433
0 0.002500 0.004011 -0.001667 -0.008021
0 0.010833 0.018717 -0.018333 -0.037433
0 0.010833 0.018717 -0.018333 -0.037433
0 0.002500 0.004011 -0.001667 -0.008021
0 0.002500 0.004011 -0.001667 -0.008021
0 0.002500 0.004011 -0.001667 -0.008021
0 0.002500 0.004011 -0.001667 -0.008021
0 0.002500 0.004011 -0.001667 -0.008021
0 0.010833 0.018717 -0.018333 -0.037433
0 0.010833 0.018717 -0.018333 -0.037433
0 0.002500 0.004011 -0.001667 -0.008021
0 0.002500 0.004011 -0.001667 -0.008021
0 0.010833 0.018717 -0.018333 -0.037433
0 0.002500 0.004011 -0.001667 -0.008021
0 0.002500 0.004011 -0.001667 -0.008021
0 0.002500 0.004011 -0.001667 -0.008021
0 0.002500 0.004011 -0.001667 -0.008021
0 0.010833 0.018717 -0.018333 -0.037433
0 0.010833 0.018717 -0.018333 -0.037433
0 0.002500 0.004011 -0.001667 -0.008021
0 0.020000 0.038770 -0.036667 -0.077540
0 0.020000 0.038770 -0.036667 -0.077540
0 0.010833 0.018717 -0.018333 -0.037433
0 0.004167 0.006684 -0.005000 -0.013369
0 0.010833 0.018717 -0.018333 -0.037433
0 0.010833 0.018717 -0.018333 -0.037433
0 0.015000 0.028075 -0.026667 -0.056150
0 0.020000 0.038770 -0.036667 -0.077540
0 0.010833 0.020053 -0.018333 -0.040107
0 0.002500 0.004011 -0.001667 -0.008021
0 0.008333 0.014706 -0.013333 -0.029412
0 0.002500 0.004011 -0.001667 -0.008021
0 0.002500 0.004011 -0.001667 -0.008021
0 0.002500 0.004011 -0.001667 -0.008021
0 0.010833 0.018717 -0.018333 -0.037433
0 0.002500 0.004011 -0.001667 -0.008021
0 0.010833 0.018717 -0.018333 -0.037433
0 0.002500 0.004011 -0.001667 -0.008021
0 0.010833 0.018717 -0.018333 -0.037433
0 0.002500 0.004011 -0.001667 -0.008021
0 0.002500 0.004011 -0.001667 -0.008021
0 0.010833 0.018717 -0.018333 -0.037433
0 0.020000 0.038770 -0.036667 -0.077540
0 0.002500 0.004011 -0.001667 -0.008021
0 0.024167 0.052139 -0.045000 -0.104278
0 0.010833 0.018717 -0.018333 -0.037433
0 0.010833 0.018717 -0.018333 -0.037433
0 0.002500 0.004011 -0.001667 -0.008021
0 0.010833 0.018717 -0.018333 -0.037433
0 0.020000 0.038770 -0.036667 -0.077540
0 0.002500 0.004011 -0.001667 -0.008021
0 0.010833 0.018717 -0.018333 -0.037433
0 0.004167 0.006684 -0.005000 -0.013369
0 0.002500 0.004011 -0.001667 -0.008021
0 0.020000 0.038770 -0.036667 -0.077540
0 0.002500 0.004011 -0.001667 -0.008021
0 0.002500 0.004011 -0.001667 -0.008021
0 0.002500 0.004011 -0.001667 -0.008021
0 0.002500 0.004011 -0.001667 -0.008021
0 0.002500 0.004011 -0.001667 -0.008021
0 0.002500 0.004011 -0.001667 -0.008021
0 0.002500 0.004011 -0.001667 -0.008021
0 0.015000 0.028075 -0.026667 -0.056150
0 0.002500 0.004011 -0.001667 -0.008021
0 0.017500 0.033422 -0.031667 -0.066845
0 0.010833 0.018717 -0.018333 -0.037433
0 0.010833 0.018717 -0.018333 -0.037433
0 0.002500 0.004011 -0.001667 -0.008021
0 0.002500 0.004011 -0.001667 -0.008021
0 0.010833 0.018717 -0.018333 -0.037433
0 0.002500 0.004011 -0.001667 -0.008021
0 0.010833 0.018717 -0.018333 -0.037433
0 0.010833 0.018717 -0.018333 -0.037433
0 0.020000 0.038770 -0.036667 -0.077540
0 0.010833 0.018717 -0.018333 -0.037433
0 0.002500 0.004011 -0.001667 -0.008021
0 0.002500 0.004011 -0.001667 -0.008021
0 0.010833 0.018717 -0.018333 -0.037433
0 0.020000 0.038770 -0.036667 -0.077540
0 0.010833 0.018717 -0.018333 -0.037433
0 0.002500 0.004011 -0.001667 -0.008021
0 0.010833 0.018717 -0.018333 -0.037433
0 0.002500 0.004011 -0.001667 -0.008021
0 0.010833 0.018717 -0.018333 -0.037433