0 0.009968 0.018322 -0.018650 -0.036644
0 0.008039 0.012054 -0.014791 -0.024108
0 0.005466 0.008679 -0.009646 -0.017358
0 0.029582 0.054484 -0.057878 -0.108968
0 0.025080 0.041466 -0.048875 -0.082932
0 0.010932 0.016876 -0.019293 -0.033751
0 0.009646 0.016393 -0.016720 -0.032787
0 0.009968 0.013018 -0.018650 -0.026037
0 0.014148 0.016393 -0.025723 -0.032787
0 0.009968 0.013018 -0.018650 -0.026037
0 0.009003 0.014947 -0.016720 -0.029894
0 0.005788 0.006750 -0.010289 -0.013500
0 0.009325 0.016393 -0.017363 -0.032787
0 0.010932 0.016876 -0.019293 -0.033751
0 0.017042 0.033269 -0.032797 -0.066538
0 0.004180 0.007715 -0.007074 -0.015429
0 0.013826 0.016393 -0.026367 -0.032787
0 0.009003 0.014947 -0.016720 -0.029894
0 0.011897 0.018322 -0.022508 -0.036644
0 0.009646 0.019286 -0.018006 -0.038573
0 0.005466 0.008679 -0.009646 -0.017358
0 0.021865 0.040984 -0.042444 -0.081967
0 0.008039 0.012054 -0.014791 -0.024108
0 0.013183 0.045805 -0.025080 -0.091610
0 0.009646 0.016393 -0.016720 -0.032787
0 0.005466 0.010608 -0.009646 -0.021215
0 0.033441 0.053520 -0.065595 -0.107040
0 0.035048 0.079074 -0.068810 -0.158149
0 0.014148 0.016393 -0.025723 -0.032787
0 0.018328 0.024590 -0.035370 -0.049180
0 0.007717 0.011090 -0.014148 -0.022179
0 0.007717 0.011090 -0.014148 -0.022179
0 0.005466 0.008679 -0.009646 -0.017358
0 0.048232 0.099325 -0.095177 -0.198650
0 0.031833 0.058824 -0.062379 -0.117647
0 0.040836 0.076663 -0.080386 -0.153327
0 0.007717 0.011090 -0.014148 -0.022179
0 0.034405 0.083896 -0.067524 -0.167792
0 0.011897 0.018322 -0.022508 -0.036644
0 0.004180 0.007715 -0.007074 -0.015429