0 0.060833 0.135714 -0.120000 -0.271429
0 0.058750 0.124286 -0.115833 -0.248571
0 0.060833 0.135714 -0.120000 -0.271429
0 0.060833 0.135714 -0.120000 -0.271429
0 0.061250 0.135714 -0.119167 -0.271429
0 0.056667 0.113571 -0.111667 -0.227143
0 0.060833 0.135714 -0.120000 -0.271429
0 0.060833 0.135714 -0.120000 -0.271429
0 0.061250 0.135714 -0.119167 -0.271429
0 0.078333 0.138571 -0.155000 -0.277143
0 0.061250 0.135714 -0.119167 -0.271429
0 0.078333 0.138571 -0.155000 -0.277143
0 0.061250 0.135714 -0.119167 -0.271429
0 0.056667 0.113571 -0.111667 -0.227143