0 0.011068 0.022505 -0.019531 -0.045010
0 0.002604 0.003914 -0.002604 -0.003914
0 0.011068 0.022505 -0.019531 -0.045010
0 0.002604 0.003914 -0.002604 -0.003914
0 0.013672 0.025440 -0.024740 -0.050881
0 0.004557 0.007828 -0.006510 -0.011742
0 0.007812 0.012720 -0.013021 -0.021526
0 0.013672 0.025440 -0.024740 -0.050881
0 0.013672 0.025440 -0.024740 -0.050881
0 0.018229 0.034247 -0.033854 -0.068493
0 0.007812 0.012720 -0.013021 -0.021526
0 0.007812 0.012720 -0.013021 -0.021526
0 0.018229 0.034247 -0.033854 -0.068493
0 0.007812 0.012720 -0.013021 -0.021526
0 0.007812 0.012720 -0.013021 -0.021526
0 0.007812 0.012720 -0.013021 -0.021526
0 0.013672 0.025440 -0.024740 -0.050881
0 0.014323 0.025440 -0.023438 -0.050881
0 0.014323 0.025440 -0.023438 -0.050881
0 0.007812 0.012720 -0.013021 -0.021526
0 0.007812 0.012720 -0.013021 -0.021526
0 0.013672 0.025440 -0.024740 -0.050881
0 0.013672 0.025440 -0.024740 -0.050881
0 0.004557 0.007828 -0.006510 -0.011742
0 0.007812 0.012720 -0.013021 -0.021526
0 0.004557 0.007828 -0.006510 -0.011742
0 0.007812 0.012720 -0.013021 -0.021526
0 0.004557 0.007828 -0.006510 -0.011742
0 0.018229 0.034247 -0.033854 -0.068493
0 0.007812 0.012720 -0.013021 -0.021526
0 0.002604 0.003914 -0.002604 -0.003914
0 0.007812 0.012720 -0.013021 -0.021526
0 0.004557 0.007828 -0.006510 -0.011742
0 0.018229 0.034247 -0.033854 -0.068493
0 0.007812 0.012720 -0.013021 -0.021526
0 0.007812 0.012720 -0.013021 -0.021526
0 0.004557 0.007828 -0.006510 -0.011742
0 0.018229 0.034247 -0.033854 -0.068493
0 0.007812 0.012720 -0.013021 -0.021526
0 0.007812 0.012720 -0.013021 -0.021526
0 0.018229 0.034247 -0.033854 -0.068493
0 0.007812 0.011742 -0.013021 -0.023483
0 0.013672 0.025440 -0.024740 -0.050881
0 0.007812 0.012720 -0.013021 -0.021526
0 0.007812 0.012720 -0.013021 -0.021526
0 0.013672 0.025440 -0.024740 -0.050881
0 0.018229 0.034247 -0.033854 -0.068493
0 0.007812 0.012720 -0.013021 -0.021526
0 0.004557 0.007828 -0.006510 -0.011742
0 0.004557 0.007828 -0.006510 -0.011742
0 0.007812 0.012720 -0.013021 -0.021526
0 0.013672 0.025440 -0.024740 -0.050881
0 0.007812 0.012720 -0.013021 -0.021526
0 0.013672 0.025440 -0.024740 -0.050881
0 0.007812 0.012720 -0.013021 -0.021526
0 0.007812 0.012720 -0.013021 -0.021526
0 0.004557 0.007828 -0.006510 -0.011742
0 0.007812 0.012720 -0.013021 -0.021526
0 0.007812 0.012720 -0.013021 -0.021526
0 0.008464 0.012720 -0.011719 -0.021526
0 0.005859 0.009785 -0.009115 -0.019569
0 0.004557 0.007828 -0.006510 -0.011742
0 0.004557 0.007828 -0.006510 -0.011742
0 0.004557 0.007828 -0.006510 -0.011742
0 0.008464 0.012720 -0.011719 -0.021526
0 0.013672 0.025440 -0.024740 -0.050881
0 0.013672 0.025440 -0.024740 -0.050881
0 0.014323 0.025440 -0.023438 -0.050881
0 0.007812 0.012720 -0.013021 -0.021526
0 0.007812 0.012720 -0.013021 -0.021526
0 0.007812 0.012720 -0.013021 -0.021526
0 0.007812 0.012720 -0.013021 -0.021526
0 0.007812 0.012720 -0.013021 -0.021526
0 0.018229 0.034247 -0.033854 -0.068493
0 0.013672 0.025440 -0.024740 -0.050881
0 0.013672 0.025440 -0.024740 -0.050881
0 0.002604 0.003914 -0.002604 -0.003914
0 0.013672 0.025440 -0.024740 -0.050881
0 0.013672 0.025440 -0.024740 -0.050881
0 0.005859 0.010763 -0.009115 -0.017613
0 0.013672 0.025440 -0.024740 -0.050881
0 0.007812 0.012720 -0.013021 -0.021526
0 0.018229 0.034247 -0.033854 -0.068493
0 0.013672 0.025440 -0.024740 -0.050881
0 0.007812 0.012720 -0.013021 -0.021526
0 0.013672 0.025440 -0.024740 -0.050881
0 0.007812 0.012720 -0.013021 -0.021526
0 0.014323 0.025440 -0.023438 -0.050881
0 0.007812 0.012720 -0.013021 -0.021526
0 0.007812 0.012720 -0.013021 -0.021526
0 0.007812 0.012720 -0.013021 -0.021526
0 0.007812 0.012720 -0.013021 -0.021526
0 0.007812 0.012720 -0.013021 -0.021526
0 0.007812 0.012720 -0.013021 -0.021526
0 0.007812 0.012720 -0.013021 -0.021526
0 0.013672 0.025440 -0.024740 -0.050881
0 0.007812 0.012720 -0.013021 -0.021526
0 0.007812 0.012720 -0.013021 -0.021526
0 0.014323 0.025440 -0.023438 -0.050881
0 0.013672 0.025440 -0.024740 -0.050881
0 0.007812 0.012720 -0.013021 -0.021526
0 0.011068 0.022505 -0.019531 -0.045010
0 0.007812 0.012720 -0.013021 -0.021526
0 0.004557 0.007828 -0.006510 -0.011742
0 0.007812 0.011742 -0.013021 -0.023483
0 0.004557 0.007828 -0.006510 -0.011742
0 0.007812 0.012720 -0.013021 -0.021526
0 0.007812 0.012720 -0.013021 -0.021526
0 0.007812 0.012720 -0.013021 -0.021526
0 0.013672 0.025440 -0.024740 -0.050881
0 0.018229 0.034247 -0.033854 -0.068493
0 0.002604 0.003914 -0.002604 -0.003914
0 0.013672 0.025440 -0.024740 -0.050881
0 0.002604 0.003914 -0.002604 -0.003914
0 0.013672 0.025440 -0.024740 -0.050881
0 0.013672 0.025440 -0.024740 -0.050881
0 0.018229 0.034247 -0.033854 -0.068493
0 0.014323 0.025440 -0.023438 -0.050881
0 0.007812 0.012720 -0.013021 -0.021526
0 0.004557 0.007828 -0.006510 -0.011742
0 0.013672 0.025440 -0.024740 -0.050881
0 0.013672 0.025440 -0.024740 -0.050881
0 0.014323 0.025440 -0.023438 -0.050881
0 0.011068 0.022505 -0.019531 -0.045010
0 0.002604 0.003914 -0.002604 -0.003914
0 0.004557 0.007828 -0.006510 -0.011742
0 0.018229 0.034247 -0.033854 -0.068493
0 0.007812 0.012720 -0.013021 -0.021526
0 0.007812 0.012720 -0.013021 -0.021526
0 0.014323 0.025440 -0.023438 -0.050881
0 0.011068 0.022505 -0.019531 -0.045010
0 0.007812 0.012720 -0.013021 -0.021526
0 0.004557 0.007828 -0.006510 -0.011742
0 0.013672 0.025440 -0.024740 -0.050881
0 0.004557 0.007828 -0.006510 -0.011742
0 0.007812 0.012720 -0.013021 -0.021526
0 0.013672 0.025440 -0.024740 -0.050881
0 0.011068 0.022505 -0.019531 -0.045010
0 0.007812 0.012720 -0.013021 -0.021526
0 0.004557 0.007828 -0.006510 -0.011742
0 0.013672 0.025440 -0.024740 -0.050881
0 0.007812 0.012720 -0.013021 -0.021526
0 0.007812 0.012720 -0.013021 -0.021526
0 0.004557 0.007828 -0.006510 -0.011742
0 0.013672 0.025440 -0.024740 -0.050881
0 0.007812 0.012720 -0.013021 -0.021526
0 0.007812 0.012720 -0.013021 -0.021526
0 0.007812 0.012720 -0.013021 -0.021526
0 0.018229 0.034247 -0.033854 -0.068493
0 0.014323 0.025440 -0.023438 -0.050881
0 0.004557 0.007828 -0.006510 -0.011742
0 0.007812 0.012720 -0.013021 -0.021526
0 0.004557 0.007828 -0.006510 -0.011742
0 0.018229 0.034247 -0.033854 -0.068493
0 0.013672 0.025440 -0.024740 -0.050881
0 0.004557 0.007828 -0.006510 -0.011742
0 0.004557 0.007828 -0.006510 -0.011742
0 0.013672 0.025440 -0.024740 -0.050881
0 0.004557 0.007828 -0.006510 -0.011742
0 0.007812 0.012720 -0.013021 -0.021526
0 0.007812 0.012720 -0.013021 -0.021526
0 0.007812 0.012720 -0.013021 -0.021526
0 0.013672 0.025440 -0.024740 -0.050881
0 0.004557 0.007828 -0.006510 -0.011742
0 0.007812 0.012720 -0.013021 -0.021526
0 0.013672 0.025440 -0.024740 -0.050881
0 0.013672 0.025440 -0.024740 -0.050881
0 0.002604 0.003914 -0.002604 -0.003914
0 0.008464 0.012720 -0.011719 -0.021526
0 0.018229 0.034247 -0.033854 -0.068493
0 0.018229 0.034247 -0.033854 -0.068493
0 0.007812 0.011742 -0.013021 -0.023483
0 0.004557 0.007828 -0.006510 -0.011742
0 0.007812 0.012720 -0.013021 -0.021526
0 0.007812 0.012720 -0.013021 -0.021526
0 0.007812 0.011742 -0.013021 -0.023483
0 0.007812 0.012720 -0.013021 -0.021526
0 0.008464 0.012720 -0.011719 -0.021526
0 0.007812 0.012720 -0.013021 -0.021526
0 0.007812 0.012720 -0.013021 -0.021526
0 0.007812 0.012720 -0.013021 -0.021526
0 0.002604 0.003914 -0.002604 -0.003914
0 0.007812 0.011742 -0.013021 -0.023483
0 0.018229 0.034247 -0.033854 -0.068493
0 0.005859 0.009785 -0.009115 -0.019569
0 0.008464 0.012720 -0.011719 -0.021526
0 0.007812 0.012720 -0.013021 -0.021526
0 0.004557 0.007828 -0.006510 -0.011742
0 0.007812 0.012720 -0.013021 -0.021526
0 0.013672 0.025440 -0.024740 -0.050881
0 0.007812 0.012720 -0.013021 -0.021526
0 0.007812 0.012720 -0.013021 -0.021526
0 0.013672 0.025440 -0.024740 -0.050881
0 0.018229 0.034247 -0.033854 -0.068493
0 0.018229 0.034247 -0.033854 -0.068493
0 0.018229 0.034247 -0.033854 -0.068493
0 0.004557 0.007828 -0.006510 -0.011742
0 0.014323 0.025440 -0.023438 -0.050881
0 0.007812 0.012720 -0.013021 -0.021526
0 0.004557 0.007828 -0.006510 -0.011742
0 0.007812 0.012720 -0.013021 -0.021526
0 0.004557 0.007828 -0.006510 -0.011742
0 0.007812 0.012720 -0.013021 -0.021526
0 0.018229 0.034247 -0.033854 -0.068493
0 0.007812 0.012720 -0.013021 -0.021526
0 0.018229 0.034247 -0.033854 -0.068493
0 0.008464 0.012720 -0.011719 -0.021526
0 0.004557 0.007828 -0.006510 -0.011742
0 0.018229 0.034247 -0.033854 -0.068493
0 0.018229 0.034247 -0.033854 -0.068493
0 0.007812 0.012720 -0.013021 -0.021526
0 0.002604 0.003914 -0.002604 -0.003914
0 0.007812 0.012720 -0.013021 -0.021526
0 0.004557 0.007828 -0.006510 -0.011742
0 0.007812 0.012720 -0.013021 -0.021526
0 0.007812 0.012720 -0.013021 -0.021526
0 0.018229 0.034247 -0.033854 -0.068493
0 0.004557 0.007828 -0.006510 -0.011742
0 0.013672 0.025440 -0.024740 -0.050881
0 0.018229 0.034247 -0.033854 -0.068493
0 0.007812 0.012720 -0.013021 -0.021526
0 0.013672 0.025440 -0.024740 -0.050881
0 0.013672 0.025440 -0.024740 -0.050881
0 0.007812 0.012720 -0.013021 -0.021526
0 0.004557 0.007828 -0.006510 -0.011742
0 0.005859 0.010763 -0.009115 -0.017613
0 0.007812 0.012720 -0.013021 -0.021526
0 0.002604 0.003914 -0.002604 -0.003914
0 0.013672 0.025440 -0.024740 -0.050881
0 0.008464 0.012720 -0.011719 -0.021526
0 0.013672 0.025440 -0.024740 -0.050881
0 0.013672 0.025440 -0.024740 -0.050881
0 0.018229 0.034247 -0.033854 -0.068493
0 0.005859 0.010763 -0.009115 -0.017613
0 0.013672 0.025440 -0.024740 -0.050881
0 0.002604 0.003914 -0.002604 -0.003914
0 0.013672 0.025440 -0.024740 -0.050881
0 0.004557 0.007828 -0.006510 -0.011742
0 0.007812 0.012720 -0.013021 -0.021526
0 0.018229 0.034247 -0.033854 -0.068493
0 0.013672 0.025440 -0.024740 -0.050881
0 0.002604 0.003914 -0.002604 -0.003914
0 0.007812 0.012720 -0.013021 -0.021526
0 0.007812 0.011742 -0.013021 -0.023483
0 0.007812 0.012720 -0.013021 -0.021526
0 0.018229 0.034247 -0.033854 -0.068493
0 0.007812 0.012720 -0.013021 -0.021526
0 0.004557 0.007828 -0.006510 -0.011742
0 0.007812 0.012720 -0.013021 -0.021526
0 0.007812 0.011742 -0.013021 -0.023483
0 0.018229 0.034247 -0.033854 -0.068493
0 0.013672 0.025440 -0.024740 -0.050881
0 0.013672 0.025440 -0.024740 -0.050881
0 0.002604 0.003914 -0.002604 -0.003914
0 0.007812 0.012720 -0.013021 -0.021526
0 0.007812 0.012720 -0.013021 -0.021526
0 0.004557 0.007828 -0.006510 -0.011742
0 0.004557 0.007828 -0.006510 -0.011742
0 0.018229 0.034247 -0.033854 -0.068493
0 0.007812 0.012720 -0.013021 -0.021526
0 0.013672 0.025440 -0.024740 -0.050881
0 0.007812 0.012720 -0.013021 -0.021526
0 0.004557 0.007828 -0.006510 -0.011742
0 0.007812 0.011742 -0.013021 -0.023483
0 0.007812 0.012720 -0.013021 -0.021526
0 0.007812 0.012720 -0.013021 -0.021526
0 0.007812 0.012720 -0.013021 -0.021526
0 0.004557 0.007828 -0.006510 -0.011742
0 0.007812 0.012720 -0.013021 -0.021526
0 0.018229 0.034247 -0.033854 -0.068493
0 0.013672 0.025440 -0.024740 -0.050881
0 0.013672 0.025440 -0.024740 -0.050881
0 0.018229 0.034247 -0.033854 -0.068493
0 0.013672 0.025440 -0.024740 -0.050881
0 0.007812 0.011742 -0.013021 -0.023483
0 0.007812 0.012720 -0.013021 -0.021526
0 0.004557 0.007828 -0.006510 -0.011742
0 0.014323 0.025440 -0.023438 -0.050881
0 0.007812 0.011742 -0.013021 -0.023483
0 0.013672 0.025440 -0.024740 -0.050881
0 0.007812 0.012720 -0.013021 -0.021526
0 0.018229 0.034247 -0.033854 -0.068493
0 0.007812 0.012720 -0.013021 -0.021526
0 0.007812 0.012720 -0.013021 -0.021526
0 0.014323 0.025440 -0.023438 -0.050881
0 0.002604 0.003914 -0.002604 -0.003914
0 0.007812 0.012720 -0.013021 -0.021526
0 0.013672 0.025440 -0.024740 -0.050881
0 0.007812 0.012720 -0.013021 -0.021526
0 0.007812 0.012720 -0.013021 -0.021526
0 0.013672 0.025440 -0.024740 -0.050881
0 0.007812 0.012720 -0.013021 -0.021526
0 0.004557 0.007828 -0.006510 -0.011742
0 0.008464 0.012720 -0.011719 -0.021526
0 0.004557 0.007828 -0.006510 -0.011742
0 0.007812 0.012720 -0.013021 -0.021526
0 0.004557 0.007828 -0.006510 -0.011742
0 0.007812 0.011742 -0.013021 -0.023483
0 0.004557 0.007828 -0.006510 -0.011742
0 0.007812 0.012720 -0.013021 -0.021526
0 0.002604 0.003914 -0.002604 -0.003914
0 0.013672 0.025440 -0.024740 -0.050881
0 0.011068 0.022505 -0.019531 -0.045010
0 0.013672 0.025440 -0.024740 -0.050881
0 0.014323 0.025440 -0.023438 -0.050881
0 0.014323 0.025440 -0.023438 -0.050881
0 0.007812 0.012720 -0.013021 -0.021526
0 0.004557 0.007828 -0.006510 -0.011742
0 0.007812 0.012720 -0.013021 -0.021526
0 0.018229 0.034247 -0.033854 -0.068493