0 0.009375 0.036000 -0.017500 -0.072000
0 0.012188 0.049000 -0.020625 -0.098000
0 0.007500 0.032000 -0.013750 -0.064000
0 0.006562 0.031000 -0.011875 -0.062000
0 0.005938 0.025000 -0.010625 -0.050000
0 0.005938 0.025000 -0.010625 -0.050000
0 0.011562 0.047000 -0.021875 -0.094000
0 0.015000 0.060000 -0.028750 -0.120000
0 0.007500 0.032000 -0.013750 -0.064000
0 0.007500 0.032000 -0.013750 -0.064000
0 0.009062 0.038000 -0.016875 -0.076000
0 0.007500 0.032000 -0.013750 -0.064000
0 0.008438 0.034000 -0.015625 -0.068000
0 0.005938 0.030000 -0.010625 -0.060000
0 0.007500 0.032000 -0.013750 -0.064000
0 0.015000 0.060000 -0.028750 -0.120000
0 0.008438 0.034000 -0.015625 -0.068000
0 0.015312 0.054000 -0.029375 -0.108000
0 0.007500 0.032000 -0.013750 -0.064000
0 0.012188 0.049000 -0.020625 -0.098000
0 0.009062 0.038000 -0.016875 -0.076000
0 0.008438 0.034000 -0.015625 -0.068000
0 0.015000 0.060000 -0.028750 -0.120000
0 0.005938 0.030000 -0.010625 -0.060000
0 0.007500 0.032000 -0.013750 -0.064000
0 0.007500 0.032000 -0.013750 -0.064000
0 0.008438 0.034000 -0.015625 -0.068000
0 0.015000 0.060000 -0.028750 -0.120000
0 0.015000 0.060000 -0.028750 -0.120000
0 0.005938 0.025000 -0.010625 -0.050000
0 0.008438 0.034000 -0.015625 -0.068000
0 0.011562 0.047000 -0.021875 -0.094000
0 0.015000 0.060000 -0.028750 -0.120000
0 0.015312 0.054000 -0.029375 -0.108000
0 0.005938 0.030000 -0.010625 -0.060000
0 0.009062 0.038000 -0.016875 -0.076000
0 0.011562 0.047000 -0.021875 -0.094000
0 0.011562 0.049000 -0.021875 -0.098000
0 0.008438 0.034000 -0.015625 -0.068000
0 0.005938 0.030000 -0.010625 -0.060000
0 0.007500 0.032000 -0.013750 -0.064000
0 0.007500 0.032000 -0.013750 -0.064000
0 0.011562 0.049000 -0.021875 -0.098000
0 0.015312 0.054000 -0.029375 -0.108000
0 0.015312 0.054000 -0.029375 -0.108000
0 0.007500 0.032000 -0.013750 -0.064000
0 0.007500 0.032000 -0.013750 -0.064000
0 0.015312 0.054000 -0.029375 -0.108000
0 0.005938 0.030000 -0.010625 -0.060000
0 0.015312 0.054000 -0.029375 -0.108000
0 0.008438 0.034000 -0.015625 -0.068000
0 0.005938 0.025000 -0.010625 -0.050000
0 0.015000 0.060000 -0.028750 -0.120000
0 0.005938 0.030000 -0.010625 -0.060000
0 0.010313 0.043000 -0.019375 -0.086000