0 0.021484 0.045845 -0.041016 -0.091691
0 0.010742 0.015043 -0.019531 -0.030086
0 0.163086 0.118195 -0.324219 -0.236390
0 0.022949 0.042264 -0.043945 -0.084527
0 0.006348 0.010745 -0.010742 -0.021490
0 0.014160 0.025072 -0.026367 -0.050143
0 0.020020 0.038682 -0.038086 -0.077364
0 0.010742 0.015043 -0.019531 -0.030086
0 0.010254 0.015759 -0.018555 -0.031519
0 0.010254 0.015759 -0.018555 -0.031519
0 0.018066 0.031519 -0.034180 -0.063037
0 0.011230 0.020057 -0.020508 -0.040115
0 0.010254 0.015759 -0.018555 -0.031519
0 0.020020 0.038682 -0.038086 -0.077364
0 0.020020 0.038682 -0.038086 -0.077364
0 0.018066 0.031519 -0.034180 -0.063037
0 0.021973 0.044413 -0.041992 -0.088825
0 0.008789 0.015043 -0.015625 -0.030086
0 0.021973 0.044413 -0.041992 -0.088825
0 0.018066 0.031519 -0.034180 -0.063037
0 0.018066 0.031519 -0.034180 -0.063037
0 0.008789 0.014327 -0.015625 -0.028653
0 0.020020 0.038682 -0.038086 -0.077364
0 0.011230 0.020057 -0.020508 -0.040115
0 0.022949 0.042264 -0.043945 -0.084527
0 0.020020 0.038682 -0.038086 -0.077364
0 0.021484 0.045845 -0.041016 -0.091691
0 0.022949 0.042264 -0.043945 -0.084527
0 0.046875 0.098854 -0.091797 -0.197708
0 0.020020 0.038682 -0.038086 -0.077364
0 0.011230 0.020057 -0.020508 -0.040115
0 0.018066 0.031519 -0.034180 -0.063037
0 0.008789 0.015043 -0.015625 -0.030086
0 0.010742 0.015043 -0.019531 -0.030086
0 0.022949 0.042264 -0.043945 -0.084527
0 0.008789 0.015043 -0.015625 -0.030086
0 0.014160 0.025072 -0.026367 -0.050143
0 0.010254 0.015759 -0.018555 -0.031519
0 0.008789 0.014327 -0.015625 -0.028653
0 0.021484 0.045845 -0.041016 -0.091691
0 0.014648 0.029370 -0.027344 -0.058739
0 0.046875 0.098854 -0.091797 -0.197708
0 0.010742 0.015043 -0.019531 -0.030086
0 0.011719 0.015043 -0.021484 -0.030086
0 0.010742 0.015043 -0.019531 -0.030086
0 0.057129 0.089542 -0.112305 -0.179083
0 0.041504 0.082378 -0.081055 -0.164756
0 0.011719 0.015043 -0.021484 -0.030086
0 0.008789 0.015043 -0.015625 -0.030086
0 0.021484 0.045845 -0.041016 -0.091691
0 0.008789 0.015043 -0.015625 -0.030086
0 0.021973 0.044413 -0.041992 -0.088825
0 0.007812 0.010745 -0.013672 -0.021490
0 0.008789 0.015043 -0.015625 -0.030086
0 0.104492 0.173352 -0.207031 -0.346705