0 0.012658 0.031627 -0.022152 -0.063253
0 0.015823 0.037651 -0.025316 -0.075301
0 0.018196 0.040663 -0.033228 -0.081325
0 0.015823 0.037651 -0.025316 -0.075301
0 0.016614 0.034639 -0.030063 -0.069277
0 0.018196 0.040663 -0.033228 -0.081325
0 0.016614 0.034639 -0.030063 -0.069277
0 0.012658 0.031627 -0.022152 -0.063253
0 0.012658 0.030120 -0.022152 -0.060241
0 0.011867 0.024096 -0.020570 -0.048193
0 0.016614 0.034639 -0.030063 -0.069277
0 0.011867 0.024096 -0.020570 -0.048193
0 0.011867 0.024096 -0.020570 -0.048193
0 0.018196 0.040663 -0.033228 -0.081325
0 0.018196 0.040663 -0.033228 -0.081325
0 0.012658 0.031627 -0.022152 -0.063253
0 0.015823 0.037651 -0.025316 -0.075301
0 0.015032 0.037651 -0.026899 -0.075301
0 0.016614 0.034639 -0.030063 -0.069277
0 0.012658 0.031627 -0.022152 -0.063253
0 0.015032 0.037651 -0.026899 -0.075301
0 0.016614 0.034639 -0.030063 -0.069277
0 0.015032 0.037651 -0.026899 -0.075301
0 0.012658 0.031627 -0.022152 -0.063253
0 0.012658 0.030120 -0.022152 -0.060241
0 0.011867 0.024096 -0.020570 -0.048193
0 0.011867 0.024096 -0.020570 -0.048193
0 0.012658 0.031627 -0.022152 -0.063253
0 0.016614 0.034639 -0.030063 -0.069277
0 0.013449 0.031627 -0.020570 -0.063253
0 0.012658 0.031627 -0.022152 -0.063253
0 0.012658 0.030120 -0.022152 -0.060241
0 0.015823 0.037651 -0.025316 -0.075301
0 0.011867 0.024096 -0.020570 -0.048193
0 0.018196 0.040663 -0.033228 -0.081325
0 0.012658 0.031627 -0.022152 -0.063253
0 0.012658 0.030120 -0.022152 -0.060241
0 0.012658 0.031627 -0.022152 -0.063253
0 0.012658 0.030120 -0.022152 -0.060241
0 0.016614 0.034639 -0.030063 -0.069277
0 0.011867 0.024096 -0.020570 -0.048193
0 0.015032 0.037651 -0.026899 -0.075301
0 0.015032 0.037651 -0.026899 -0.075301
0 0.012658 0.031627 -0.022152 -0.063253
0 0.012658 0.031627 -0.022152 -0.063253
0 0.012658 0.031627 -0.022152 -0.063253
0 0.015032 0.037651 -0.026899 -0.075301
0 0.015032 0.037651 -0.026899 -0.075301
0 0.011867 0.024096 -0.020570 -0.048193
0 0.018196 0.040663 -0.033228 -0.081325
0 0.018196 0.040663 -0.033228 -0.081325
0 0.011867 0.024096 -0.020570 -0.048193
0 0.012658 0.030120 -0.022152 -0.060241
0 0.011867 0.024096 -0.020570 -0.048193
0 0.018196 0.040663 -0.033228 -0.081325
0 0.015823 0.037651 -0.025316 -0.075301
0 0.011867 0.024096 -0.020570 -0.048193
0 0.018196 0.040663 -0.033228 -0.081325
0 0.016614 0.034639 -0.030063 -0.069277
0 0.012658 0.030120 -0.022152 -0.060241
0 0.011867 0.024096 -0.020570 -0.048193
0 0.018196 0.040663 -0.033228 -0.081325
0 0.011867 0.024096 -0.020570 -0.048193
0 0.016614 0.034639 -0.030063 -0.069277
0 0.018196 0.040663 -0.033228 -0.081325
0 0.016614 0.034639 -0.030063 -0.069277
0 0.015032 0.037651 -0.026899 -0.075301
0 0.018196 0.040663 -0.033228 -0.081325
0 0.016614 0.034639 -0.030063 -0.069277
0 0.012658 0.031627 -0.022152 -0.063253
0 0.015032 0.037651 -0.026899 -0.075301
0 0.018196 0.040663 -0.033228 -0.081325
0 0.018987 0.040663 -0.031646 -0.081325
0 0.015032 0.037651 -0.026899 -0.075301
0 0.013449 0.030120 -0.020570 -0.060241
0 0.012658 0.030120 -0.022152 -0.060241
0 0.015032 0.037651 -0.026899 -0.075301
0 0.018196 0.040663 -0.033228 -0.081325
0 0.018196 0.040663 -0.033228 -0.081325
0 0.012658 0.031627 -0.022152 -0.063253
0 0.012658 0.031627 -0.022152 -0.063253
0 0.012658 0.030120 -0.022152 -0.060241
0 0.011867 0.024096 -0.020570 -0.048193
0 0.016614 0.034639 -0.030063 -0.069277
0 0.017405 0.034639 -0.028481 -0.069277
0 0.018196 0.040663 -0.033228 -0.081325
0 0.012658 0.031627 -0.022152 -0.063253
0 0.018196 0.040663 -0.033228 -0.081325
0 0.018196 0.040663 -0.033228 -0.081325
0 0.016614 0.034639 -0.030063 -0.069277
0 0.011867 0.024096 -0.020570 -0.048193
0 0.012658 0.030120 -0.022152 -0.060241
0 0.011867 0.024096 -0.020570 -0.048193
0 0.012658 0.030120 -0.022152 -0.060241
0 0.012658 0.030120 -0.022152 -0.060241
0 0.016614 0.034639 -0.030063 -0.069277
0 0.011867 0.024096 -0.020570 -0.048193
0 0.015032 0.037651 -0.026899 -0.075301
0 0.018196 0.040663 -0.033228 -0.081325
0 0.018196 0.040663 -0.033228 -0.081325
0 0.012658 0.030120 -0.022152 -0.060241
0 0.016614 0.034639 -0.030063 -0.069277
0 0.018196 0.040663 -0.033228 -0.081325
0 0.012658 0.031627 -0.022152 -0.063253
0 0.012658 0.031627 -0.022152 -0.063253
0 0.018196 0.040663 -0.033228 -0.081325
0 0.016614 0.034639 -0.030063 -0.069277
0 0.011867 0.024096 -0.020570 -0.048193
0 0.012658 0.031627 -0.022152 -0.063253
0 0.018196 0.040663 -0.033228 -0.081325
0 0.018196 0.040663 -0.033228 -0.081325
0 0.015823 0.037651 -0.025316 -0.075301
0 0.015032 0.037651 -0.026899 -0.075301
0 0.012658 0.031627 -0.022152 -0.063253
0 0.012658 0.030120 -0.022152 -0.060241
0 0.012658 0.031627 -0.022152 -0.063253
0 0.011867 0.024096 -0.020570 -0.048193
0 0.012658 0.030120 -0.022152 -0.060241
0 0.016614 0.034639 -0.030063 -0.069277
0 0.011867 0.024096 -0.020570 -0.048193
0 0.018196 0.040663 -0.033228 -0.081325
0 0.018196 0.040663 -0.033228 -0.081325
0 0.012658 0.030120 -0.022152 -0.060241