0 0.019167 0.050000 -0.035000 -0.100000
0 0.019167 0.050000 -0.035000 -0.100000
0 0.015833 0.040000 -0.028333 -0.080000
0 0.019167 0.050000 -0.035000 -0.100000
0 0.019167 0.050000 -0.035000 -0.100000
0 0.015833 0.040000 -0.028333 -0.080000
0 0.019167 0.043333 -0.035000 -0.086667
0 0.019167 0.050000 -0.035000 -0.100000
0 0.016667 0.040000 -0.030000 -0.080000
0 0.015833 0.040000 -0.028333 -0.080000
0 0.019167 0.050000 -0.035000 -0.100000
0 0.019167 0.050000 -0.035000 -0.100000
0 0.019167 0.050000 -0.035000 -0.100000
0 0.019167 0.050000 -0.035000 -0.100000
0 0.016667 0.040000 -0.030000 -0.080000
0 0.015833 0.040000 -0.028333 -0.080000
0 0.015833 0.040000 -0.028333 -0.080000
0 0.019167 0.050000 -0.035000 -0.100000
0 0.015833 0.040000 -0.028333 -0.080000
0 0.015833 0.040000 -0.028333 -0.080000
0 0.019167 0.050000 -0.035000 -0.100000
0 0.015833 0.040000 -0.028333 -0.080000
0 0.019167 0.050000 -0.035000 -0.100000
0 0.019167 0.043333 -0.035000 -0.086667
0 0.015833 0.040000 -0.028333 -0.080000
0 0.019167 0.050000 -0.035000 -0.100000
0 0.019167 0.050000 -0.035000 -0.100000
0 0.019167 0.043333 -0.035000 -0.086667
0 0.019167 0.050000 -0.035000 -0.100000
0 0.019167 0.050000 -0.035000 -0.100000
0 0.015833 0.040000 -0.028333 -0.080000
0 0.015833 0.040000 -0.028333 -0.080000
0 0.019167 0.050000 -0.035000 -0.100000
0 0.019167 0.050000 -0.035000 -0.100000
0 0.019167 0.050000 -0.035000 -0.100000
0 0.019167 0.043333 -0.035000 -0.086667
0 0.019167 0.043333 -0.035000 -0.086667
0 0.015833 0.040000 -0.028333 -0.080000
0 0.015833 0.040000 -0.028333 -0.080000
0 0.019167 0.050000 -0.035000 -0.100000
0 0.016667 0.040000 -0.030000 -0.080000
0 0.019167 0.050000 -0.035000 -0.100000
0 0.019167 0.050000 -0.035000 -0.100000
0 0.019167 0.043333 -0.035000 -0.086667
0 0.015833 0.040000 -0.028333 -0.080000
0 0.019167 0.050000 -0.035000 -0.100000
0 0.015833 0.040000 -0.028333 -0.080000
0 0.019167 0.050000 -0.035000 -0.100000
0 0.015833 0.040000 -0.028333 -0.080000
0 0.019167 0.050000 -0.035000 -0.100000
0 0.015833 0.040000 -0.028333 -0.080000
0 0.019167 0.050000 -0.035000 -0.100000
0 0.019167 0.043333 -0.035000 -0.086667
0 0.019167 0.050000 -0.035000 -0.100000
0 0.015833 0.040000 -0.028333 -0.080000
0 0.019167 0.043333 -0.035000 -0.086667
0 0.019167 0.043333 -0.035000 -0.086667
0 0.015833 0.040000 -0.028333 -0.080000
0 0.019167 0.050000 -0.035000 -0.100000
0 0.019167 0.050000 -0.035000 -0.100000
0 0.015833 0.040000 -0.028333 -0.080000