0 0.015000 0.023750 -0.028333 -0.047500
0 0.019167 0.040000 -0.036667 -0.080000
0 0.019167 0.040000 -0.036667 -0.080000
0 0.015000 0.023750 -0.028333 -0.047500
0 0.015000 0.023750 -0.028333 -0.047500
0 0.038333 0.075000 -0.075000 -0.150000
0 0.038333 0.062500 -0.075000 -0.125000
0 0.015000 0.023750 -0.028333 -0.047500
0 0.019167 0.040000 -0.036667 -0.080000
0 0.019167 0.040000 -0.036667 -0.080000
0 0.015000 0.023750 -0.028333 -0.047500
0 0.019167 0.040000 -0.036667 -0.080000
0 0.038333 0.062500 -0.075000 -0.125000
0 0.019167 0.040000 -0.036667 -0.080000
0 0.015000 0.023750 -0.028333 -0.047500
0 0.015000 0.023750 -0.028333 -0.047500
0 0.019167 0.040000 -0.036667 -0.080000
0 0.015000 0.023750 -0.028333 -0.047500
0 0.021667 0.048750 -0.041667 -0.097500
0 0.019167 0.040000 -0.036667 -0.080000
0 0.015000 0.023750 -0.028333 -0.047500
0 0.015000 0.023750 -0.028333 -0.047500
0 0.015000 0.023750 -0.028333 -0.047500
0 0.015000 0.023750 -0.028333 -0.047500
0 0.015000 0.023750 -0.028333 -0.047500
0 0.019167 0.040000 -0.036667 -0.080000
0 0.015000 0.023750 -0.028333 -0.047500
0 0.015000 0.023750 -0.028333 -0.047500
0 0.015000 0.023750 -0.028333 -0.047500
0 0.015000 0.023750 -0.028333 -0.047500
0 0.038333 0.052500 -0.075000 -0.105000
0 0.015000 0.023750 -0.028333 -0.047500
0 0.015000 0.023750 -0.028333 -0.047500
0 0.038333 0.075000 -0.075000 -0.150000
0 0.015000 0.023750 -0.028333 -0.047500
0 0.038333 0.062500 -0.075000 -0.125000
0 0.015000 0.023750 -0.028333 -0.047500
0 0.019167 0.040000 -0.036667 -0.080000
0 0.019167 0.040000 -0.036667 -0.080000
0 0.019167 0.040000 -0.036667 -0.080000
0 0.019167 0.040000 -0.036667 -0.080000
0 0.015000 0.023750 -0.028333 -0.047500
0 0.015000 0.023750 -0.028333 -0.047500