0 0.003646 0.005556 -0.006250 -0.011111
0 0.002344 0.005556 -0.003646 -0.011111
0 0.002344 0.006019 -0.003646 -0.010185
0 0.001823 0.001852 -0.002604 -0.003704
0 0.002344 0.005556 -0.003646 -0.011111
0 0.002344 0.006019 -0.003646 -0.010185
0 0.002344 0.005556 -0.003646 -0.011111
0 0.002344 0.005556 -0.003646 -0.011111
0 0.003646 0.008796 -0.006250 -0.017593
0 0.013542 0.036574 -0.026042 -0.073148
0 0.017969 0.044444 -0.034896 -0.088889
0 0.000260 0.000463 0.000521 0.000926
0 0.003646 0.008796 -0.006250 -0.017593
0 0.003646 0.005556 -0.006250 -0.011111
0 0.003646 0.008796 -0.006250 -0.017593
0 0.002344 0.005556 -0.003646 -0.011111
0 0.001823 0.001852 -0.002604 -0.003704
0 0.003646 0.005556 -0.006250 -0.011111
0 0.004687 0.011111 -0.008333 -0.022222
0 0.011719 0.031944 -0.022396 -0.062037
0 0.002344 0.005556 -0.003646 -0.011111
0 0.003646 0.008333 -0.006250 -0.016667
0 0.003646 0.008796 -0.006250 -0.017593
0 0.003646 0.008796 -0.006250 -0.017593
0 0.003646 0.005556 -0.006250 -0.011111
0 0.002344 0.005556 -0.003646 -0.011111
0 0.002344 0.005556 -0.003646 -0.011111
0 0.002344 0.005556 -0.003646 -0.011111
0 0.004427 0.008796 -0.007812 -0.017593
0 0.003646 0.005556 -0.006250 -0.011111
0 0.003646 0.005556 -0.006250 -0.011111
0 0.011198 0.034259 -0.021354 -0.068519
0 0.003646 0.008333 -0.006250 -0.016667
0 0.003646 0.005556 -0.006250 -0.011111
0 0.002344 0.005556 -0.003646 -0.011111
0 0.002344 0.005556 -0.003646 -0.011111
0 0.004427 0.009722 -0.007812 -0.019444
0 0.002344 0.005556 -0.003646 -0.011111
0 0.002344 0.006019 -0.003646 -0.010185
0 0.003646 0.008796 -0.006250 -0.015741
0 0.008333 0.015278 -0.015625 -0.030556
0 0.028646 0.040741 -0.056250 -0.079630
0 0.002344 0.006019 -0.003646 -0.010185
0 0.001823 0.001852 -0.002604 -0.003704
0 0.003646 0.008333 -0.006250 -0.016667
0 0.004427 0.009722 -0.007812 -0.019444
0 0.003646 0.005556 -0.006250 -0.011111
0 0.003646 0.005556 -0.006250 -0.011111
0 0.002344 0.006019 -0.003646 -0.010185
0 0.002344 0.006019 -0.003646 -0.010185
0 0.003646 0.005556 -0.006250 -0.011111
0 0.005729 0.025463 -0.010417 -0.050926
0 0.003646 0.008796 -0.006250 -0.017593
0 0.002344 0.005556 -0.003646 -0.011111
0 0.002344 0.005556 -0.003646 -0.011111
0 0.002344 0.005556 -0.003646 -0.011111
0 0.002344 0.005556 -0.003646 -0.011111
0 0.002344 0.005556 -0.003646 -0.011111
0 0.017969 0.044444 -0.034896 -0.088889
0 0.004427 0.008796 -0.007812 -0.017593
0 0.004687 0.011111 -0.008333 -0.022222
0 0.003646 0.005556 -0.006250 -0.011111
0 0.012240 0.031944 -0.023438 -0.063889
0 0.009635 0.018056 -0.018229 -0.036111
0 0.009896 0.022685 -0.018750 -0.045370
0 0.000260 0.000000 0.000521 0.000000
0 0.022135 0.064815 -0.043229 -0.129630
0 0.002344 0.005556 -0.003646 -0.011111
0 0.002344 0.005556 -0.003646 -0.011111
0 0.002344 0.005556 -0.003646 -0.011111
0 0.005208 0.013889 -0.009375 -0.027778
0 0.003906 0.008796 -0.006771 -0.017593
0 0.002344 0.006019 -0.003646 -0.010185
0 0.002344 0.005556 -0.003646 -0.011111
0 0.000260 0.000000 0.000521 0.000000
0 0.004427 0.008796 -0.007812 -0.017593
0 0.018490 0.049537 -0.035937 -0.097222
0 0.002344 0.005556 -0.003646 -0.011111
0 0.000260 0.000000 0.000521 0.000000
0 0.002344 0.005556 -0.003646 -0.011111
0 0.001823 0.002315 -0.002604 -0.002778
0 0.002344 0.005556 -0.003646 -0.011111
0 0.005208 0.013889 -0.009375 -0.027778
0 0.004427 0.008796 -0.007812 -0.017593
0 0.000260 0.000000 0.000521 0.000000
0 0.003646 0.005556 -0.006250 -0.011111
0 0.017969 0.060185 -0.034896 -0.118519
0 0.004427 0.009722 -0.007812 -0.019444
0 0.002344 0.005556 -0.003646 -0.011111
0 0.004687 0.011111 -0.008333 -0.022222
0 0.002344 0.006019 -0.003646 -0.010185
0 0.002344 0.006019 -0.003646 -0.010185
0 0.004687 0.011111 -0.008333 -0.022222
0 0.004687 0.011111 -0.008333 -0.022222
0 0.007031 0.015278 -0.013021 -0.030556
0 0.005208 0.013889 -0.009375 -0.027778
0 0.002344 0.005556 -0.003646 -0.011111
0 0.002344 0.006019 -0.003646 -0.010185
0 0.004427 0.008796 -0.007812 -0.017593
0 0.003646 0.008796 -0.006250 -0.017593
0 0.002344 0.005556 -0.003646 -0.011111
0 0.003646 0.008333 -0.006250 -0.016667
0 0.002344 0.006019 -0.003646 -0.010185
0 0.001823 0.001852 -0.002604 -0.003704
0 0.003646 0.008333 -0.006250 -0.016667
0 0.002344 0.006019 -0.003646 -0.010185
0 0.003646 0.008796 -0.006250 -0.017593
0 0.002344 0.006019 -0.003646 -0.010185
0 0.007031 0.018519 -0.013021 -0.037037
0 0.002344 0.005556 -0.003646 -0.011111
0 0.003646 0.005556 -0.006250 -0.011111
0 0.009635 0.018056 -0.018229 -0.036111
0 0.012240 0.036574 -0.023438 -0.073148
0 0.004427 0.009722 -0.007812 -0.019444
0 0.004427 0.008796 -0.007812 -0.017593
0 0.004427 0.009722 -0.007812 -0.019444
0 0.000260 0.000000 0.000521 0.000000
0 0.008073 0.027778 -0.015104 -0.055556
0 0.003646 0.008796 -0.006250 -0.017593
0 0.002344 0.006019 -0.003646 -0.010185
0 0.003646 0.005556 -0.006250 -0.011111
0 0.002344 0.005556 -0.003646 -0.011111
0 0.010156 0.029167 -0.019271 -0.058333
0 0.005208 0.013889 -0.009375 -0.027778
0 0.002344 0.005556 -0.003646 -0.011111
0 0.002344 0.005556 -0.003646 -0.011111
0 0.003646 0.005556 -0.006250 -0.011111
0 0.003646 0.005556 -0.006250 -0.011111
0 0.003646 0.005556 -0.006250 -0.011111