0 0.015924 0.029577 -0.028662 -0.059155
0 0.016720 0.032394 -0.030255 -0.064789
0 0.009554 0.021127 -0.015924 -0.042254
0 0.009554 0.021127 -0.015924 -0.042254
0 0.016720 0.032394 -0.030255 -0.064789
0 0.015924 0.029577 -0.028662 -0.059155
0 0.013535 0.022535 -0.023885 -0.045070
0 0.015924 0.029577 -0.028662 -0.059155
0 0.013535 0.022535 -0.023885 -0.045070
0 0.016720 0.032394 -0.030255 -0.064789
0 0.013535 0.022535 -0.023885 -0.045070
0 0.015924 0.029577 -0.028662 -0.059155
0 0.016720 0.032394 -0.030255 -0.064789
0 0.015924 0.029577 -0.028662 -0.059155
0 0.011146 0.019718 -0.019108 -0.039437
0 0.015924 0.029577 -0.028662 -0.059155
0 0.011146 0.021127 -0.019108 -0.042254
0 0.016720 0.032394 -0.030255 -0.064789
0 0.016720 0.032394 -0.030255 -0.064789
0 0.011146 0.019718 -0.019108 -0.039437
0 0.009554 0.021127 -0.015924 -0.042254
0 0.011146 0.021127 -0.019108 -0.042254
0 0.011146 0.021127 -0.019108 -0.042254
0 0.013535 0.022535 -0.023885 -0.045070
0 0.016720 0.032394 -0.030255 -0.064789
0 0.009554 0.021127 -0.015924 -0.042254
0 0.011146 0.021127 -0.019108 -0.042254
0 0.015924 0.029577 -0.028662 -0.059155
0 0.016720 0.032394 -0.030255 -0.064789
0 0.011146 0.021127 -0.019108 -0.042254
0 0.011146 0.019718 -0.019108 -0.039437
0 0.013535 0.022535 -0.023885 -0.045070
0 0.011146 0.021127 -0.019108 -0.042254
0 0.009554 0.021127 -0.015924 -0.042254
0 0.015924 0.029577 -0.028662 -0.059155
0 0.013535 0.022535 -0.023885 -0.045070
0 0.016720 0.032394 -0.030255 -0.064789
0 0.011943 0.022535 -0.020701 -0.045070
0 0.011146 0.021127 -0.019108 -0.042254
0 0.013535 0.022535 -0.023885 -0.045070
0 0.016720 0.032394 -0.030255 -0.064789
0 0.009554 0.021127 -0.015924 -0.042254
0 0.011146 0.021127 -0.019108 -0.042254
0 0.013535 0.022535 -0.023885 -0.045070
0 0.011146 0.021127 -0.019108 -0.042254
0 0.016720 0.032394 -0.030255 -0.064789
0 0.015924 0.029577 -0.028662 -0.059155
0 0.016720 0.032394 -0.030255 -0.064789
0 0.016720 0.032394 -0.030255 -0.064789
0 0.011146 0.021127 -0.019108 -0.042254
0 0.011146 0.021127 -0.019108 -0.042254
0 0.013535 0.022535 -0.023885 -0.045070
0 0.013535 0.022535 -0.023885 -0.045070
0 0.011146 0.021127 -0.019108 -0.042254
0 0.015924 0.029577 -0.028662 -0.059155
0 0.009554 0.021127 -0.015924 -0.042254
0 0.012739 0.021127 -0.022293 -0.042254
0 0.015924 0.029577 -0.028662 -0.059155
0 0.013535 0.022535 -0.023885 -0.045070
0 0.015924 0.029577 -0.028662 -0.059155
0 0.016720 0.032394 -0.030255 -0.064789
0 0.009554 0.021127 -0.015924 -0.042254
0 0.015924 0.029577 -0.028662 -0.059155
0 0.013535 0.022535 -0.023885 -0.045070
0 0.011146 0.021127 -0.019108 -0.042254
0 0.016720 0.032394 -0.030255 -0.064789
0 0.011146 0.021127 -0.019108 -0.042254
0 0.011146 0.021127 -0.019108 -0.042254
0 0.014331 0.023944 -0.025478 -0.047887
0 0.016720 0.032394 -0.030255 -0.064789
0 0.013535 0.022535 -0.023885 -0.045070
0 0.016720 0.032394 -0.030255 -0.064789
0 0.009554 0.021127 -0.015924 -0.042254
0 0.009554 0.021127 -0.015924 -0.042254
0 0.014331 0.026761 -0.025478 -0.053521
0 0.015924 0.029577 -0.028662 -0.059155
0 0.013535 0.022535 -0.023885 -0.045070
0 0.016720 0.032394 -0.030255 -0.064789
0 0.011146 0.021127 -0.019108 -0.042254
0 0.009554 0.021127 -0.015924 -0.042254
0 0.016720 0.032394 -0.030255 -0.064789
0 0.016720 0.032394 -0.030255 -0.064789
0 0.009554 0.021127 -0.015924 -0.042254
0 0.013535 0.022535 -0.023885 -0.045070
0 0.013535 0.022535 -0.023885 -0.045070
0 0.015924 0.029577 -0.028662 -0.059155
0 0.014331 0.023944 -0.025478 -0.047887
0 0.016720 0.032394 -0.030255 -0.064789
0 0.016720 0.032394 -0.030255 -0.064789
0 0.011146 0.019718 -0.019108 -0.039437
0 0.015924 0.029577 -0.028662 -0.059155
0 0.009554 0.021127 -0.015924 -0.042254
0 0.015127 0.026761 -0.027070 -0.053521
0 0.015924 0.029577 -0.028662 -0.059155
0 0.011146 0.021127 -0.019108 -0.042254
0 0.016720 0.032394 -0.030255 -0.064789
0 0.014331 0.023944 -0.025478 -0.047887
0 0.011146 0.021127 -0.019108 -0.042254
0 0.016720 0.032394 -0.030255 -0.064789
0 0.011146 0.021127 -0.019108 -0.042254
0 0.009554 0.021127 -0.015924 -0.042254
0 0.015924 0.029577 -0.028662 -0.059155
0 0.013535 0.022535 -0.023885 -0.045070
0 0.009554 0.021127 -0.015924 -0.042254
0 0.009554 0.021127 -0.015924 -0.042254
0 0.009554 0.021127 -0.015924 -0.042254
0 0.016720 0.032394 -0.030255 -0.064789
0 0.016720 0.032394 -0.030255 -0.064789
0 0.016720 0.032394 -0.030255 -0.064789
0 0.015924 0.029577 -0.028662 -0.059155
0 0.012739 0.021127 -0.022293 -0.042254
0 0.015924 0.029577 -0.028662 -0.059155
0 0.013535 0.022535 -0.023885 -0.045070
0 0.016720 0.032394 -0.030255 -0.064789