0 0.001783 0.002451 -0.001783 -0.002451
0 0.011141 0.018382 -0.020499 -0.036765
0 0.001783 0.002451 -0.001783 -0.002451
0 0.001783 0.002451 -0.001783 -0.002451
0 0.001783 0.002451 -0.001783 -0.002451
0 0.001783 0.002451 -0.001783 -0.002451
0 0.001783 0.002451 -0.001783 -0.002451
0 0.001783 0.002451 -0.001783 -0.002451
0 0.001783 0.002451 -0.001783 -0.002451
0 0.001783 0.002451 -0.001783 -0.002451
0 0.020499 0.038603 -0.039216 -0.077206
0 0.005348 0.007966 -0.008913 -0.015931
0 0.001783 0.002451 -0.001783 -0.002451
0 0.001783 0.002451 -0.001783 -0.002451
0 0.005348 0.007966 -0.008913 -0.015931
0 0.001783 0.002451 -0.001783 -0.002451
0 0.002674 0.003064 -0.003565 -0.006127
0 0.001783 0.002451 -0.001783 -0.002451
0 0.005348 0.007966 -0.008913 -0.015931
0 0.005348 0.007966 -0.008913 -0.015931
0 0.001783 0.002451 -0.001783 -0.002451
0 0.001783 0.002451 -0.001783 -0.002451
0 0.005348 0.008578 -0.008913 -0.014706
0 0.004456 0.006740 -0.007130 -0.011029
0 0.001783 0.002451 -0.001783 -0.002451
0 0.001783 0.002451 -0.001783 -0.002451
0 0.001783 0.002451 -0.001783 -0.002451
0 0.001783 0.002451 -0.001783 -0.002451
0 0.001783 0.002451 -0.001783 -0.002451
0 0.001783 0.002451 -0.001783 -0.002451
0 0.004456 0.006127 -0.007130 -0.012255
0 0.005348 0.008578 -0.008913 -0.014706
0 0.005348 0.008578 -0.008913 -0.014706
0 0.005348 0.008578 -0.008913 -0.014706
0 0.001783 0.002451 -0.001783 -0.002451
0 0.001783 0.002451 -0.001783 -0.002451
0 0.001783 0.002451 -0.001783 -0.002451
0 0.001783 0.002451 -0.001783 -0.002451
0 0.004456 0.006740 -0.007130 -0.011029
0 0.001783 0.002451 -0.001783 -0.002451
0 0.005348 0.007966 -0.008913 -0.015931
0 0.005348 0.007966 -0.008913 -0.015931
0 0.001783 0.002451 -0.001783 -0.002451
0 0.004456 0.006740 -0.007130 -0.011029
0 0.001783 0.002451 -0.001783 -0.002451
0 0.001783 0.002451 -0.001783 -0.002451
0 0.001783 0.002451 -0.001783 -0.002451
0 0.005348 0.007966 -0.008913 -0.015931
0 0.001783 0.002451 -0.001783 -0.002451
0 0.001783 0.002451 -0.001783 -0.002451
0 0.005348 0.007966 -0.008913 -0.015931
0 0.005348 0.008578 -0.008913 -0.014706
0 0.005348 0.008578 -0.008913 -0.014706
0 0.005348 0.008578 -0.008913 -0.014706
0 0.005348 0.008578 -0.008913 -0.014706
0 0.001783 0.002451 -0.001783 -0.002451
0 0.001783 0.002451 -0.001783 -0.002451
0 0.005348 0.008578 -0.008913 -0.014706
0 0.001783 0.002451 -0.001783 -0.002451
0 0.001783 0.002451 -0.001783 -0.002451
0 0.005348 0.007966 -0.008913 -0.015931
0 0.005348 0.007966 -0.008913 -0.015931
0 0.005348 0.007966 -0.008913 -0.015931
0 0.001783 0.002451 -0.001783 -0.002451
0 0.001783 0.002451 -0.001783 -0.002451
0 0.005348 0.008578 -0.008913 -0.014706
0 0.026292 0.049632 -0.050802 -0.099265
0 0.005348 0.007966 -0.008913 -0.015931
0 0.001783 0.002451 -0.001783 -0.002451
0 0.005348 0.008578 -0.008913 -0.014706
0 0.020945 0.041667 -0.040107 -0.083333
0 0.001783 0.002451 -0.001783 -0.002451
0 0.001783 0.002451 -0.001783 -0.002451
0 0.001783 0.002451 -0.001783 -0.002451
0 0.001783 0.002451 -0.001783 -0.002451
0 0.005348 0.007966 -0.008913 -0.015931
0 0.001783 0.002451 -0.001783 -0.002451
0 0.005348 0.007966 -0.008913 -0.015931
0 0.005793 0.008578 -0.008021 -0.014706
0 0.001783 0.002451 -0.001783 -0.002451
0 0.001783 0.002451 -0.001783 -0.002451
0 0.001783 0.002451 -0.001783 -0.002451
0 0.001783 0.002451 -0.001783 -0.002451
0 0.005348 0.007966 -0.008913 -0.015931
0 0.001783 0.002451 -0.001783 -0.002451
0 0.001783 0.002451 -0.001783 -0.002451
0 0.005348 0.008578 -0.008913 -0.014706
0 0.005348 0.008578 -0.008913 -0.014706
0 0.001783 0.002451 -0.001783 -0.002451
0 0.001783 0.002451 -0.001783 -0.002451
0 0.003565 0.005515 -0.005348 -0.008578
0 0.001783 0.002451 -0.001783 -0.002451
0 0.001783 0.002451 -0.001783 -0.002451
0 0.005348 0.007966 -0.008913 -0.015931
0 0.001783 0.002451 -0.001783 -0.002451
0 0.001783 0.002451 -0.001783 -0.002451
0 0.005348 0.007966 -0.008913 -0.015931
0 0.025401 0.040441 -0.049020 -0.080882
0 0.004456 0.006740 -0.007130 -0.011029
0 0.005793 0.007966 -0.008021 -0.015931
0 0.001783 0.002451 -0.001783 -0.002451
0 0.001783 0.002451 -0.001783 -0.002451
0 0.001783 0.002451 -0.001783 -0.002451
0 0.001783 0.002451 -0.001783 -0.002451
0 0.001783 0.002451 -0.001783 -0.002451
0 0.005348 0.008578 -0.008913 -0.014706
0 0.002674 0.003676 -0.003565 -0.004902
0 0.001783 0.002451 -0.001783 -0.002451
0 0.001783 0.002451 -0.001783 -0.002451
0 0.005348 0.007966 -0.008913 -0.015931
0 0.001783 0.002451 -0.001783 -0.002451
0 0.001783 0.002451 -0.001783 -0.002451
0 0.001783 0.002451 -0.001783 -0.002451
0 0.026292 0.049632 -0.050802 -0.099265
0 0.001783 0.002451 -0.001783 -0.002451
0 0.002674 0.003064 -0.003565 -0.006127
0 0.001783 0.002451 -0.001783 -0.002451
0 0.005348 0.007966 -0.008913 -0.015931
0 0.002674 0.003676 -0.003565 -0.004902
0 0.001783 0.002451 -0.001783 -0.002451
0 0.005348 0.007966 -0.008913 -0.015931
0 0.001783 0.002451 -0.001783 -0.002451
0 0.005348 0.007966 -0.008913 -0.015931
0 0.001783 0.002451 -0.001783 -0.002451
0 0.001783 0.002451 -0.001783 -0.002451
0 0.005348 0.007966 -0.008913 -0.015931
0 0.005348 0.007966 -0.008913 -0.015931
0 0.005348 0.007966 -0.008913 -0.015931
0 0.026292 0.049632 -0.050802 -0.099265
0 0.001783 0.002451 -0.001783 -0.002451
0 0.001783 0.002451 -0.001783 -0.002451
0 0.001783 0.002451 -0.001783 -0.002451
0 0.001783 0.002451 -0.001783 -0.002451
0 0.021390 0.037377 -0.040998 -0.074755
0 0.005348 0.007966 -0.008913 -0.015931
0 0.001783 0.002451 -0.001783 -0.002451
0 0.020945 0.041667 -0.040107 -0.083333
0 0.001783 0.002451 -0.001783 -0.002451
0 0.005348 0.008578 -0.008913 -0.014706
0 0.005348 0.008578 -0.008913 -0.014706
0 0.005348 0.008578 -0.008913 -0.014706
0 0.001783 0.002451 -0.001783 -0.002451
0 0.017825 0.027574 -0.033868 -0.055147
0 0.001783 0.002451 -0.001783 -0.002451
0 0.011141 0.018382 -0.020499 -0.036765
0 0.001783 0.002451 -0.001783 -0.002451
0 0.005348 0.007966 -0.008913 -0.015931
0 0.001783 0.002451 -0.001783 -0.002451
0 0.005348 0.008578 -0.008913 -0.014706
0 0.001783 0.002451 -0.001783 -0.002451
0 0.001783 0.002451 -0.001783 -0.002451
0 0.001783 0.002451 -0.001783 -0.002451
0 0.001783 0.002451 -0.001783 -0.002451
0 0.005348 0.007966 -0.008913 -0.015931
0 0.005348 0.007966 -0.008913 -0.015931
0 0.001783 0.002451 -0.001783 -0.002451
0 0.001783 0.002451 -0.001783 -0.002451
0 0.001783 0.002451 -0.001783 -0.002451
0 0.001783 0.002451 -0.001783 -0.002451
0 0.001783 0.002451 -0.001783 -0.002451
0 0.001783 0.002451 -0.001783 -0.002451
0 0.001783 0.002451 -0.001783 -0.002451
0 0.005348 0.007966 -0.008913 -0.015931
0 0.001783 0.002451 -0.001783 -0.002451
0 0.001783 0.002451 -0.001783 -0.002451
0 0.001783 0.002451 -0.001783 -0.002451
0 0.001783 0.002451 -0.001783 -0.002451
0 0.001783 0.002451 -0.001783 -0.002451
0 0.005348 0.008578 -0.008913 -0.014706
0 0.005348 0.008578 -0.008913 -0.014706
0 0.001783 0.002451 -0.001783 -0.002451
0 0.001783 0.002451 -0.001783 -0.002451
0 0.003565 0.004902 -0.005348 -0.009804
0 0.005348 0.007966 -0.008913 -0.015931
0 0.025401 0.040441 -0.049020 -0.080882
0 0.001783 0.002451 -0.001783 -0.002451
0 0.005348 0.007966 -0.008913 -0.015931
0 0.001783 0.002451 -0.001783 -0.002451
0 0.010695 0.015931 -0.019608 -0.031863
0 0.001783 0.002451 -0.001783 -0.002451
0 0.001783 0.002451 -0.001783 -0.002451
0 0.001783 0.002451 -0.001783 -0.002451
0 0.005348 0.008578 -0.008913 -0.014706
0 0.005348 0.008578 -0.008913 -0.014706
0 0.005793 0.008578 -0.008021 -0.014706
0 0.005348 0.008578 -0.008913 -0.014706
0 0.005348 0.008578 -0.008913 -0.014706
0 0.001783 0.002451 -0.001783 -0.002451
0 0.001783 0.002451 -0.001783 -0.002451
0 0.008021 0.015319 -0.014260 -0.030637
0 0.001783 0.002451 -0.001783 -0.002451
0 0.001783 0.002451 -0.001783 -0.002451
0 0.004456 0.006740 -0.007130 -0.011029
0 0.001783 0.002451 -0.001783 -0.002451
0 0.001783 0.002451 -0.001783 -0.002451
0 0.001783 0.002451 -0.001783 -0.002451
0 0.001783 0.002451 -0.001783 -0.002451
0 0.001783 0.002451 -0.001783 -0.002451
0 0.001783 0.002451 -0.001783 -0.002451
0 0.001783 0.002451 -0.001783 -0.002451
0 0.005348 0.007966 -0.008913 -0.015931
0 0.001783 0.002451 -0.001783 -0.002451
0 0.002674 0.003064 -0.003565 -0.006127
0 0.001783 0.002451 -0.001783 -0.002451
0 0.001783 0.002451 -0.001783 -0.002451
0 0.001783 0.002451 -0.001783 -0.002451
0 0.005348 0.007966 -0.008913 -0.015931
0 0.001783 0.002451 -0.001783 -0.002451
0 0.005348 0.007966 -0.008913 -0.015931
0 0.005793 0.007966 -0.008021 -0.015931
0 0.001783 0.002451 -0.001783 -0.002451
0 0.001783 0.002451 -0.001783 -0.002451
0 0.005348 0.007966 -0.008913 -0.015931
0 0.001783 0.002451 -0.001783 -0.002451
0 0.001783 0.002451 -0.001783 -0.002451
0 0.001783 0.002451 -0.001783 -0.002451
0 0.001783 0.002451 -0.001783 -0.002451
0 0.005348 0.007966 -0.008913 -0.015931
0 0.005348 0.007966 -0.008913 -0.015931
0 0.005348 0.007966 -0.008913 -0.015931
0 0.001783 0.002451 -0.001783 -0.002451
0 0.001783 0.002451 -0.001783 -0.002451
0 0.001783 0.002451 -0.001783 -0.002451
0 0.005348 0.007966 -0.008913 -0.015931
0 0.005348 0.007966 -0.008913 -0.015931
0 0.001783 0.002451 -0.001783 -0.002451
0 0.005793 0.007966 -0.008021 -0.015931
0 0.001783 0.002451 -0.001783 -0.002451
0 0.001783 0.002451 -0.001783 -0.002451
0 0.001783 0.002451 -0.001783 -0.002451
0 0.005348 0.007966 -0.008913 -0.015931
0 0.001783 0.002451 -0.001783 -0.002451
0 0.018271 0.026348 -0.034759 -0.052696
0 0.001783 0.002451 -0.001783 -0.002451
0 0.001783 0.002451 -0.001783 -0.002451
0 0.001783 0.002451 -0.001783 -0.002451
0 0.027184 0.044730 -0.052585 -0.089461
0 0.001783 0.002451 -0.001783 -0.002451
0 0.005348 0.008578 -0.008913 -0.014706
0 0.001783 0.002451 -0.001783 -0.002451
0 0.005793 0.008578 -0.008021 -0.014706
0 0.001783 0.002451 -0.001783 -0.002451
0 0.001783 0.002451 -0.001783 -0.002451
0 0.001783 0.002451 -0.001783 -0.002451
0 0.001783 0.002451 -0.001783 -0.002451
0 0.001783 0.002451 -0.001783 -0.002451
0 0.003565 0.005515 -0.005348 -0.008578
0 0.001783 0.002451 -0.001783 -0.002451
0 0.001783 0.002451 -0.001783 -0.002451
0 0.001783 0.002451 -0.001783 -0.002451
0 0.001783 0.002451 -0.001783 -0.002451
0 0.004456 0.006740 -0.007130 -0.011029
0 0.005348 0.008578 -0.008913 -0.014706
0 0.005348 0.008578 -0.008913 -0.014706
0 0.005348 0.008578 -0.008913 -0.014706
0 0.005348 0.008578 -0.008913 -0.014706
0 0.001783 0.002451 -0.001783 -0.002451
0 0.005348 0.008578 -0.008913 -0.014706
0 0.005348 0.008578 -0.008913 -0.014706
0 0.001783 0.002451 -0.001783 -0.002451
0 0.001783 0.002451 -0.001783 -0.002451
0 0.001783 0.002451 -0.001783 -0.002451
0 0.005348 0.007966 -0.008913 -0.015931
0 0.003565 0.005515 -0.005348 -0.008578
0 0.001783 0.002451 -0.001783 -0.002451
0 0.005348 0.008578 -0.008913 -0.014706
0 0.005348 0.007966 -0.008913 -0.015931
0 0.001783 0.002451 -0.001783 -0.002451
0 0.001783 0.002451 -0.001783 -0.002451
0 0.005348 0.008578 -0.008913 -0.014706
0 0.001783 0.002451 -0.001783 -0.002451
0 0.001783 0.002451 -0.001783 -0.002451
0 0.001783 0.002451 -0.001783 -0.002451
0 0.001783 0.002451 -0.001783 -0.002451
0 0.005348 0.007966 -0.008913 -0.015931
0 0.018271 0.026348 -0.034759 -0.052696
0 0.001783 0.002451 -0.001783 -0.002451
0 0.001783 0.002451 -0.001783 -0.002451
0 0.001783 0.002451 -0.001783 -0.002451
0 0.001783 0.002451 -0.001783 -0.002451
0 0.001783 0.002451 -0.001783 -0.002451
0 0.005348 0.007966 -0.008913 -0.015931
0 0.011141 0.018382 -0.020499 -0.036765
0 0.001783 0.002451 -0.001783 -0.002451
0 0.001783 0.002451 -0.001783 -0.002451
0 0.005348 0.007966 -0.008913 -0.015931
0 0.001783 0.002451 -0.001783 -0.002451
0 0.005348 0.008578 -0.008913 -0.014706
0 0.001783 0.002451 -0.001783 -0.002451
0 0.005348 0.007966 -0.008913 -0.015931
0 0.001783 0.002451 -0.001783 -0.002451
0 0.001783 0.002451 -0.001783 -0.002451
0 0.001783 0.002451 -0.001783 -0.002451
0 0.005348 0.007966 -0.008913 -0.015931
0 0.001783 0.002451 -0.001783 -0.002451
0 0.003565 0.005515 -0.005348 -0.008578
0 0.001783 0.002451 -0.001783 -0.002451
0 0.004456 0.006740 -0.007130 -0.011029
0 0.001783 0.002451 -0.001783 -0.002451
0 0.005348 0.008578 -0.008913 -0.014706
0 0.001783 0.002451 -0.001783 -0.002451
0 0.025847 0.049632 -0.049911 -0.099265
0 0.001783 0.002451 -0.001783 -0.002451
0 0.005348 0.007966 -0.008913 -0.015931
0 0.001783 0.002451 -0.001783 -0.002451
0 0.005348 0.008578 -0.008913 -0.014706
0 0.001783 0.002451 -0.001783 -0.002451
0 0.001783 0.002451 -0.001783 -0.002451
0 0.001783 0.002451 -0.001783 -0.002451
0 0.001783 0.002451 -0.001783 -0.002451
0 0.005348 0.007966 -0.008913 -0.015931
0 0.001783 0.002451 -0.001783 -0.002451
0 0.001783 0.002451 -0.001783 -0.002451
0 0.001783 0.002451 -0.001783 -0.002451
0 0.001783 0.002451 -0.001783 -0.002451
0 0.001783 0.002451 -0.001783 -0.002451
0 0.011141 0.018382 -0.020499 -0.036765
0 0.027184 0.044730 -0.052585 -0.089461
0 0.005348 0.007966 -0.008913 -0.015931
0 0.005348 0.008578 -0.008913 -0.014706
0 0.005348 0.007966 -0.008913 -0.015931
0 0.001783 0.002451 -0.001783 -0.002451
0 0.005348 0.008578 -0.008913 -0.014706
0 0.001783 0.002451 -0.001783 -0.002451
0 0.001783 0.002451 -0.001783 -0.002451
0 0.005348 0.007966 -0.008913 -0.015931
0 0.001783 0.002451 -0.001783 -0.002451
0 0.001783 0.002451 -0.001783 -0.002451
0 0.001783 0.002451 -0.001783 -0.002451
0 0.001783 0.002451 -0.001783 -0.002451
0 0.001783 0.002451 -0.001783 -0.002451
0 0.001783 0.002451 -0.001783 -0.002451
0 0.005348 0.007966 -0.008913 -0.015931
0 0.001783 0.002451 -0.001783 -0.002451
0 0.005348 0.008578 -0.008913 -0.014706
0 0.005348 0.007966 -0.008913 -0.015931
0 0.004456 0.006127 -0.007130 -0.012255
0 0.005348 0.007966 -0.008913 -0.015931
0 0.001783 0.002451 -0.001783 -0.002451
0 0.001783 0.002451 -0.001783 -0.002451
0 0.018271 0.026348 -0.034759 -0.052696
0 0.001783 0.002451 -0.001783 -0.002451
0 0.001783 0.002451 -0.001783 -0.002451
0 0.001783 0.002451 -0.001783 -0.002451
0 0.001783 0.002451 -0.001783 -0.002451
0 0.005348 0.008578 -0.008913 -0.014706
0 0.005348 0.008578 -0.008913 -0.014706
0 0.001783 0.002451 -0.001783 -0.002451
0 0.001783 0.002451 -0.001783 -0.002451
0 0.001783 0.002451 -0.001783 -0.002451
0 0.005348 0.007966 -0.008913 -0.015931
0 0.001783 0.002451 -0.001783 -0.002451
0 0.005793 0.007966 -0.008021 -0.015931
0 0.005348 0.007966 -0.008913 -0.015931
0 0.001783 0.002451 -0.001783 -0.002451
0 0.001783 0.002451 -0.001783 -0.002451
0 0.005348 0.007966 -0.008913 -0.015931
0 0.005348 0.008578 -0.008913 -0.014706
0 0.005348 0.007966 -0.008913 -0.015931
0 0.020499 0.038603 -0.039216 -0.077206
0 0.001783 0.002451 -0.001783 -0.002451
0 0.001783 0.002451 -0.001783 -0.002451
0 0.005348 0.008578 -0.008913 -0.014706
0 0.001783 0.002451 -0.001783 -0.002451
0 0.005348 0.007966 -0.008913 -0.015931
0 0.001783 0.002451 -0.001783 -0.002451
0 0.001783 0.002451 -0.001783 -0.002451
0 0.005348 0.007966 -0.008913 -0.015931
0 0.005348 0.007966 -0.008913 -0.015931
0 0.001783 0.002451 -0.001783 -0.002451
0 0.005348 0.007966 -0.008913 -0.015931
0 0.001783 0.002451 -0.001783 -0.002451
0 0.001783 0.002451 -0.001783 -0.002451
0 0.001783 0.002451 -0.001783 -0.002451