0 0.021714 0.049518 -0.042857 -0.099035
0 0.024143 0.055866 -0.047714 -0.111732
0 0.017857 0.039106 -0.035143 -0.078212
0 0.004857 0.008888 -0.009143 -0.017776
0 0.017857 0.026917 -0.035143 -0.053834
0 0.012000 0.025394 -0.023429 -0.050787
0 0.003714 0.007618 -0.006857 -0.015236
0 0.012000 0.025394 -0.023429 -0.050787
0 0.024000 0.052057 -0.047429 -0.104114
0 0.016143 0.030980 -0.031714 -0.061960
0 0.027571 0.049264 -0.054571 -0.098527
0 0.007429 0.013713 -0.014286 -0.027425
0 0.012286 0.022600 -0.024000 -0.045201
0 0.022429 0.047994 -0.044286 -0.095988
0 0.003000 0.005587 -0.005429 -0.011173
0 0.013857 0.025901 -0.027143 -0.051803