0 0.011000 0.018797 -0.020000 -0.037594
0 0.019000 0.037594 -0.036000 -0.075188
0 0.021000 0.034586 -0.040000 -0.069173
0 0.010000 0.012782 -0.018000 -0.025564
0 0.011000 0.017293 -0.020000 -0.034586
0 0.015000 0.024812 -0.028000 -0.049624
0 0.021000 0.034586 -0.040000 -0.069173
0 0.011000 0.017293 -0.020000 -0.034586
0 0.010500 0.015038 -0.019000 -0.030075
0 0.033000 0.062406 -0.064000 -0.124812
0 0.036000 0.052632 -0.070000 -0.105263
0 0.010000 0.012782 -0.018000 -0.025564
0 0.011500 0.021053 -0.021000 -0.042105
0 0.036000 0.052632 -0.070000 -0.105263
0 0.015000 0.024812 -0.028000 -0.049624
0 0.010000 0.012782 -0.018000 -0.025564
0 0.011000 0.018045 -0.020000 -0.036090
0 0.019000 0.037594 -0.036000 -0.075188
0 0.015000 0.024812 -0.028000 -0.049624
0 0.010000 0.012782 -0.018000 -0.025564
0 0.019000 0.037594 -0.036000 -0.075188
0 0.016000 0.025564 -0.030000 -0.051128
0 0.021000 0.034586 -0.040000 -0.069173
0 0.015000 0.024812 -0.028000 -0.049624
0 0.011000 0.017293 -0.020000 -0.034586
0 0.019000 0.037594 -0.036000 -0.075188
0 0.015000 0.024812 -0.028000 -0.049624
0 0.033000 0.062406 -0.064000 -0.124812
0 0.011000 0.018045 -0.020000 -0.036090
0 0.021000 0.034586 -0.040000 -0.069173
0 0.021000 0.034586 -0.040000 -0.069173
0 0.015000 0.024812 -0.028000 -0.049624
0 0.015000 0.024812 -0.028000 -0.049624
0 0.019000 0.037594 -0.036000 -0.075188
0 0.015000 0.024812 -0.028000 -0.049624
0 0.019000 0.037594 -0.036000 -0.075188
0 0.015000 0.024812 -0.028000 -0.049624
0 0.019000 0.037594 -0.036000 -0.075188
0 0.011000 0.017293 -0.020000 -0.034586
0 0.036000 0.052632 -0.070000 -0.105263
0 0.026500 0.047368 -0.051000 -0.094737
0 0.019000 0.037594 -0.036000 -0.075188
0 0.021000 0.034586 -0.040000 -0.069173
0 0.015000 0.024812 -0.028000 -0.049624
0 0.010000 0.012782 -0.018000 -0.025564
0 0.010000 0.014286 -0.018000 -0.028571
0 0.033000 0.062406 -0.064000 -0.124812
0 0.011000 0.017293 -0.020000 -0.034586
0 0.019000 0.037594 -0.036000 -0.075188
0 0.021000 0.034586 -0.040000 -0.069173
0 0.036000 0.052632 -0.070000 -0.105263
0 0.011500 0.021053 -0.021000 -0.042105
0 0.010000 0.012782 -0.018000 -0.025564
0 0.021000 0.034586 -0.040000 -0.069173
0 0.015000 0.024812 -0.028000 -0.049624
0 0.011500 0.021053 -0.021000 -0.042105
0 0.019000 0.037594 -0.036000 -0.075188
0 0.015000 0.024812 -0.028000 -0.049624
0 0.019000 0.037594 -0.036000 -0.075188
0 0.010000 0.012782 -0.018000 -0.025564
0 0.010000 0.012782 -0.018000 -0.025564
0 0.011500 0.021053 -0.021000 -0.042105
0 0.011500 0.021053 -0.021000 -0.042105
0 0.019000 0.032331 -0.036000 -0.064662
0 0.015000 0.024812 -0.028000 -0.049624
0 0.010000 0.012782 -0.018000 -0.025564
0 0.015000 0.024812 -0.028000 -0.049624
0 0.011500 0.021053 -0.021000 -0.042105
0 0.010000 0.012782 -0.018000 -0.025564
0 0.011500 0.021053 -0.021000 -0.042105
0 0.015000 0.024812 -0.028000 -0.049624
0 0.011000 0.017293 -0.020000 -0.034586
0 0.010000 0.012782 -0.018000 -0.025564
0 0.021000 0.034586 -0.040000 -0.069173
0 0.011500 0.021053 -0.021000 -0.042105
0 0.011500 0.021053 -0.021000 -0.042105
0 0.021000 0.034586 -0.040000 -0.069173
0 0.036000 0.052632 -0.070000 -0.105263
0 0.011000 0.017293 -0.020000 -0.034586
0 0.010000 0.012782 -0.018000 -0.025564
0 0.011500 0.021053 -0.021000 -0.042105
0 0.021000 0.034586 -0.040000 -0.069173
0 0.011000 0.017293 -0.020000 -0.034586
0 0.011500 0.021053 -0.021000 -0.042105
0 0.014000 0.022556 -0.026000 -0.045113
0 0.011500 0.021053 -0.021000 -0.042105
0 0.011000 0.017293 -0.020000 -0.034586
0 0.015000 0.024812 -0.028000 -0.049624
0 0.033000 0.062406 -0.064000 -0.124812
0 0.021000 0.034586 -0.040000 -0.069173
0 0.033000 0.062406 -0.064000 -0.124812
0 0.015000 0.024812 -0.028000 -0.049624
0 0.015000 0.024812 -0.028000 -0.049624
0 0.019000 0.037594 -0.036000 -0.075188
0 0.011500 0.021053 -0.021000 -0.042105
0 0.011000 0.017293 -0.020000 -0.034586
0 0.010000 0.012782 -0.018000 -0.025564
0 0.015000 0.024812 -0.028000 -0.049624
0 0.026500 0.047368 -0.051000 -0.094737
0 0.021000 0.034586 -0.040000 -0.069173
0 0.026000 0.049624 -0.050000 -0.099248
0 0.021000 0.034586 -0.040000 -0.069173
0 0.021000 0.034586 -0.040000 -0.069173
0 0.036000 0.052632 -0.070000 -0.105263
0 0.011000 0.017293 -0.020000 -0.034586
0 0.015000 0.024812 -0.028000 -0.049624
0 0.019000 0.037594 -0.036000 -0.075188
0 0.033000 0.062406 -0.064000 -0.124812
0 0.019000 0.037594 -0.036000 -0.075188
0 0.015000 0.024812 -0.028000 -0.049624
0 0.011500 0.021053 -0.021000 -0.042105
0 0.011500 0.021053 -0.021000 -0.042105
0 0.010000 0.012782 -0.018000 -0.025564
0 0.011500 0.021053 -0.021000 -0.042105
0 0.011000 0.017293 -0.020000 -0.034586
0 0.019000 0.037594 -0.036000 -0.075188
0 0.021000 0.034586 -0.040000 -0.069173
0 0.010000 0.012782 -0.018000 -0.025564
0 0.010000 0.012782 -0.018000 -0.025564
0 0.010000 0.012782 -0.018000 -0.025564
0 0.011500 0.021053 -0.021000 -0.042105
0 0.019000 0.037594 -0.036000 -0.075188
0 0.015000 0.024812 -0.028000 -0.049624
0 0.021000 0.034586 -0.040000 -0.069173
0 0.036000 0.052632 -0.070000 -0.105263
0 0.033000 0.062406 -0.064000 -0.124812
0 0.035000 0.054887 -0.068000 -0.109774
0 0.017500 0.030075 -0.033000 -0.060150
0 0.015000 0.024812 -0.028000 -0.049624
0 0.015000 0.024812 -0.028000 -0.049624
0 0.011000 0.017293 -0.020000 -0.034586
0 0.016500 0.027068 -0.031000 -0.054135
0 0.015000 0.024812 -0.028000 -0.049624
0 0.033000 0.062406 -0.064000 -0.124812
0 0.013000 0.021053 -0.024000 -0.042105
0 0.033000 0.062406 -0.064000 -0.124812
0 0.015000 0.024812 -0.028000 -0.049624
0 0.011000 0.017293 -0.020000 -0.034586
0 0.010500 0.016541 -0.019000 -0.033083
0 0.010000 0.012782 -0.018000 -0.025564
0 0.010000 0.012782 -0.018000 -0.025564
0 0.033000 0.062406 -0.064000 -0.124812
0 0.015000 0.024812 -0.028000 -0.049624
0 0.011000 0.017293 -0.020000 -0.034586
0 0.015000 0.024812 -0.028000 -0.049624
0 0.011000 0.017293 -0.020000 -0.034586
0 0.011500 0.021053 -0.021000 -0.042105
0 0.015000 0.024812 -0.028000 -0.049624
0 0.021000 0.034586 -0.040000 -0.069173
0 0.010500 0.016541 -0.019000 -0.033083
0 0.011500 0.018797 -0.021000 -0.037594
0 0.011500 0.021053 -0.021000 -0.042105
0 0.013000 0.021805 -0.024000 -0.043609
0 0.010000 0.012782 -0.018000 -0.025564
0 0.010000 0.012782 -0.018000 -0.025564
0 0.015000 0.024812 -0.028000 -0.049624
0 0.019000 0.037594 -0.036000 -0.075188
0 0.011000 0.017293 -0.020000 -0.034586
0 0.036000 0.052632 -0.070000 -0.105263
0 0.010000 0.012782 -0.018000 -0.025564
0 0.011000 0.017293 -0.020000 -0.034586
0 0.015000 0.024812 -0.028000 -0.049624
0 0.020500 0.035338 -0.039000 -0.070677
0 0.021000 0.034586 -0.040000 -0.069173
0 0.010000 0.014286 -0.018000 -0.028571
0 0.033000 0.062406 -0.064000 -0.124812
0 0.019000 0.037594 -0.036000 -0.075188
0 0.011000 0.018797 -0.020000 -0.037594
0 0.033000 0.062406 -0.064000 -0.124812
0 0.018500 0.033083 -0.035000 -0.066165
0 0.015000 0.024812 -0.028000 -0.049624
0 0.011500 0.021053 -0.021000 -0.042105
0 0.011000 0.017293 -0.020000 -0.034586
0 0.019000 0.037594 -0.036000 -0.075188
0 0.016500 0.027068 -0.031000 -0.054135
0 0.015000 0.024812 -0.028000 -0.049624
0 0.036000 0.052632 -0.070000 -0.105263
0 0.015000 0.024812 -0.028000 -0.049624
0 0.011500 0.021053 -0.021000 -0.042105
0 0.011000 0.017293 -0.020000 -0.034586
0 0.011500 0.021053 -0.021000 -0.042105
0 0.033000 0.062406 -0.064000 -0.124812
0 0.010000 0.012782 -0.018000 -0.025564
0 0.011500 0.021053 -0.021000 -0.042105
0 0.019000 0.037594 -0.036000 -0.075188
0 0.015000 0.024812 -0.028000 -0.049624
0 0.011000 0.017293 -0.020000 -0.034586
0 0.011000 0.017293 -0.020000 -0.034586
0 0.021000 0.034586 -0.040000 -0.069173
0 0.011000 0.018045 -0.020000 -0.036090
0 0.011000 0.018797 -0.020000 -0.037594
0 0.011000 0.017293 -0.020000 -0.034586
0 0.011000 0.018045 -0.020000 -0.036090
0 0.011000 0.017293 -0.020000 -0.034586
0 0.021000 0.034586 -0.040000 -0.069173
0 0.036000 0.052632 -0.070000 -0.105263
0 0.033000 0.062406 -0.064000 -0.124812
0 0.015000 0.024812 -0.028000 -0.049624
0 0.010000 0.012782 -0.018000 -0.025564
0 0.011000 0.017293 -0.020000 -0.034586
0 0.011000 0.017293 -0.020000 -0.034586
0 0.010000 0.012782 -0.018000 -0.025564
0 0.011000 0.017293 -0.020000 -0.034586
0 0.015000 0.024812 -0.028000 -0.049624
0 0.015000 0.024812 -0.028000 -0.049624
0 0.015000 0.024812 -0.028000 -0.049624
0 0.036000 0.052632 -0.070000 -0.105263
0 0.011500 0.021053 -0.021000 -0.042105
0 0.015000 0.024812 -0.028000 -0.049624
0 0.015000 0.024812 -0.028000 -0.049624
0 0.015000 0.024812 -0.028000 -0.049624
0 0.015000 0.024812 -0.028000 -0.049624
0 0.036000 0.052632 -0.070000 -0.105263
0 0.011000 0.018045 -0.020000 -0.036090
0 0.023500 0.042105 -0.045000 -0.084211
0 0.010000 0.012782 -0.018000 -0.025564
0 0.011500 0.021053 -0.021000 -0.042105
0 0.011500 0.021053 -0.021000 -0.042105
0 0.036000 0.052632 -0.070000 -0.105263
0 0.021000 0.034586 -0.040000 -0.069173
0 0.010000 0.012782 -0.018000 -0.025564
0 0.011500 0.021053 -0.021000 -0.042105
0 0.015000 0.024812 -0.028000 -0.049624