0 0.004102 0.008138 -0.007422 -0.016276
0 0.004102 0.008138 -0.007422 -0.016276
0 0.004102 0.008138 -0.007422 -0.016276
0 0.004102 0.008138 -0.007422 -0.016276
0 0.004102 0.008138 -0.007422 -0.016276
0 0.007812 0.014323 -0.014844 -0.028646
0 0.004102 0.008138 -0.007422 -0.016276
0 0.004102 0.008138 -0.007422 -0.016276
0 0.004102 0.008138 -0.007422 -0.016276
0 0.004102 0.008138 -0.007422 -0.016276
0 0.004102 0.008138 -0.007422 -0.016276
0 0.004102 0.008138 -0.007422 -0.016276
0 0.004102 0.008138 -0.007422 -0.016276
0 0.004687 0.008789 -0.008594 -0.017578
0 0.004102 0.008138 -0.007422 -0.016276
0 0.004102 0.008138 -0.007422 -0.016276
0 0.004102 0.008138 -0.007422 -0.016276
0 0.004102 0.008138 -0.007422 -0.016276
0 0.004687 0.008789 -0.008594 -0.017578
0 0.004687 0.008789 -0.008594 -0.017578
0 0.004102 0.008138 -0.007422 -0.016276
0 0.007812 0.014323 -0.014844 -0.028646
0 0.004102 0.008138 -0.007422 -0.016276
0 0.004102 0.008138 -0.007422 -0.016276
0 0.004102 0.008138 -0.007422 -0.016276
0 0.007812 0.014323 -0.014844 -0.028646
0 0.004687 0.008789 -0.008594 -0.017578
0 0.004102 0.008138 -0.007422 -0.016276
0 0.004102 0.008138 -0.007422 -0.016276
0 0.004102 0.008138 -0.007422 -0.016276
0 0.004102 0.008138 -0.007422 -0.016276
0 0.004687 0.008789 -0.008594 -0.017578
0 0.004102 0.008138 -0.007422 -0.016276
0 0.004687 0.008789 -0.008594 -0.017578
0 0.004102 0.008138 -0.007422 -0.016276
0 0.004102 0.008138 -0.007422 -0.016276
0 0.004687 0.008789 -0.008594 -0.017578
0 0.004687 0.008789 -0.008594 -0.017578
0 0.004687 0.008789 -0.008594 -0.017578
0 0.004687 0.008789 -0.008594 -0.017578
0 0.007812 0.014323 -0.014844 -0.028646
0 0.004102 0.008138 -0.007422 -0.016276
0 0.004102 0.008138 -0.007422 -0.016276
0 0.004102 0.008138 -0.007422 -0.016276
0 0.004102 0.008138 -0.007422 -0.016276
0 0.004687 0.008789 -0.008594 -0.017578
0 0.004102 0.008138 -0.007422 -0.016276
0 0.004102 0.008138 -0.007422 -0.016276
0 0.004687 0.008789 -0.008594 -0.017578
0 0.004687 0.008789 -0.008594 -0.017578
0 0.007812 0.014323 -0.014844 -0.028646
0 0.004102 0.008138 -0.007422 -0.016276
0 0.007812 0.014323 -0.014844 -0.028646
0 0.004102 0.008138 -0.007422 -0.016276
0 0.004687 0.008789 -0.008594 -0.017578
0 0.004102 0.008138 -0.007422 -0.016276
0 0.007812 0.014323 -0.014844 -0.028646
0 0.004102 0.008138 -0.007422 -0.016276
0 0.004102 0.008138 -0.007422 -0.016276
0 0.007812 0.014323 -0.014844 -0.028646
0 0.004102 0.008138 -0.007422 -0.016276
0 0.004102 0.008138 -0.007422 -0.016276
0 0.004102 0.008138 -0.007422 -0.016276
0 0.004687 0.008789 -0.008594 -0.017578
0 0.004102 0.008138 -0.007422 -0.016276
0 0.004102 0.008138 -0.007422 -0.016276
0 0.004102 0.008138 -0.007422 -0.016276
0 0.004102 0.008138 -0.007422 -0.016276
0 0.004102 0.008138 -0.007422 -0.016276
0 0.004102 0.008138 -0.007422 -0.016276
0 0.004687 0.008789 -0.008594 -0.017578
0 0.007812 0.014323 -0.014844 -0.028646
0 0.004102 0.008138 -0.007422 -0.016276
0 0.004102 0.008138 -0.007422 -0.016276
0 0.004102 0.008138 -0.007422 -0.016276
0 0.004102 0.008138 -0.007422 -0.016276
0 0.004102 0.008138 -0.007422 -0.016276
0 0.004102 0.008138 -0.007422 -0.016276
0 0.004102 0.008138 -0.007422 -0.016276
0 0.004102 0.008138 -0.007422 -0.016276
0 0.004102 0.008138 -0.007422 -0.016276
0 0.004102 0.008138 -0.007422 -0.016276
0 0.004102 0.008138 -0.007422 -0.016276
0 0.007812 0.014323 -0.014844 -0.028646
0 0.007812 0.014323 -0.014844 -0.028646
0 0.007812 0.014323 -0.014844 -0.028646
0 0.004687 0.008789 -0.008594 -0.017578
0 0.004687 0.008789 -0.008594 -0.017578
0 0.004102 0.008138 -0.007422 -0.016276
0 0.004102 0.008138 -0.007422 -0.016276
0 0.004687 0.008789 -0.008594 -0.017578
0 0.004102 0.008138 -0.007422 -0.016276
0 0.007812 0.014323 -0.014844 -0.028646
0 0.007812 0.014323 -0.014844 -0.028646
0 0.004102 0.008138 -0.007422 -0.016276
0 0.004102 0.008138 -0.007422 -0.016276
0 0.004687 0.008789 -0.008594 -0.017578
0 0.007812 0.014323 -0.014844 -0.028646
0 0.004102 0.008138 -0.007422 -0.016276
0 0.007812 0.014323 -0.014844 -0.028646
0 0.004102 0.008138 -0.007422 -0.016276
0 0.004102 0.008138 -0.007422 -0.016276
0 0.007812 0.014323 -0.014844 -0.028646
0 0.004102 0.008138 -0.007422 -0.016276
0 0.004687 0.008789 -0.008594 -0.017578
0 0.004102 0.008138 -0.007422 -0.016276
0 0.007812 0.014323 -0.014844 -0.028646
0 0.004687 0.008789 -0.008594 -0.017578
0 0.007812 0.014323 -0.014844 -0.028646
0 0.007812 0.014323 -0.014844 -0.028646
0 0.004102 0.008138 -0.007422 -0.016276
0 0.004102 0.008138 -0.007422 -0.016276
0 0.004102 0.008138 -0.007422 -0.016276
0 0.009375 0.009115 -0.017969 -0.018229
0 0.004102 0.008138 -0.007422 -0.016276
0 0.004102 0.008138 -0.007422 -0.016276
0 0.004102 0.008138 -0.007422 -0.016276