0 0.015625 0.019531 -0.028125 -0.039062
0 0.008594 0.007812 -0.014063 -0.015625
0 0.012500 0.013281 -0.021875 -0.026562
0 0.011719 0.013281 -0.020313 -0.026562
0 0.010937 0.011719 -0.018750 -0.023438
0 0.011719 0.013281 -0.020313 -0.026562
0 0.025000 0.024219 -0.046875 -0.048438
0 0.012500 0.013281 -0.021875 -0.026562
0 0.008594 0.007812 -0.014063 -0.015625
0 0.012500 0.013281 -0.021875 -0.026562
0 0.011719 0.013281 -0.020313 -0.026562
0 0.012500 0.013281 -0.021875 -0.026562
0 0.015625 0.019531 -0.028125 -0.039062
0 0.008594 0.007812 -0.014063 -0.015625
0 0.008594 0.007812 -0.014063 -0.015625
0 0.011719 0.013281 -0.020313 -0.026562
0 0.008594 0.007812 -0.014063 -0.015625
0 0.012500 0.013281 -0.021875 -0.026562
0 0.011719 0.013281 -0.020313 -0.026562
0 0.008594 0.007812 -0.014063 -0.015625
0 0.010156 0.010156 -0.017188 -0.020313
0 0.012500 0.013281 -0.021875 -0.026562
0 0.015625 0.019531 -0.028125 -0.039062
0 0.011719 0.013281 -0.020313 -0.026562
0 0.008594 0.007812 -0.014063 -0.015625
0 0.011719 0.013281 -0.020313 -0.026562
0 0.008594 0.007812 -0.014063 -0.015625
0 0.011719 0.013281 -0.020313 -0.026562
0 0.008594 0.007812 -0.014063 -0.015625
0 0.011719 0.013281 -0.020313 -0.026562
0 0.012500 0.013281 -0.021875 -0.026562
0 0.012500 0.013281 -0.021875 -0.026562
0 0.011719 0.013281 -0.020313 -0.026562
0 0.012500 0.013281 -0.021875 -0.026562
0 0.008594 0.007812 -0.014063 -0.015625
0 0.011719 0.013281 -0.020313 -0.026562
0 0.011719 0.013281 -0.020313 -0.026562
0 0.008594 0.007812 -0.014063 -0.015625
0 0.011719 0.013281 -0.020313 -0.026562
0 0.008594 0.007812 -0.014063 -0.015625
0 0.008594 0.007812 -0.014063 -0.015625
0 0.015625 0.019531 -0.028125 -0.039062
0 0.025000 0.024219 -0.046875 -0.048438
0 0.025000 0.024219 -0.046875 -0.048438
0 0.012500 0.013281 -0.021875 -0.026562
0 0.012500 0.014844 -0.021875 -0.029687
0 0.025000 0.024219 -0.046875 -0.048438
0 0.012500 0.013281 -0.021875 -0.026562
0 0.020313 0.021875 -0.037500 -0.043750
0 0.012500 0.013281 -0.021875 -0.026562
0 0.010937 0.011719 -0.018750 -0.023438
0 0.008594 0.007812 -0.014063 -0.015625
0 0.008594 0.007812 -0.014063 -0.015625
0 0.015625 0.019531 -0.028125 -0.039062
0 0.008594 0.007812 -0.014063 -0.015625
0 0.011719 0.013281 -0.020313 -0.026562
0 0.014063 0.016406 -0.025000 -0.032813
0 0.011719 0.013281 -0.020313 -0.026562
0 0.012500 0.013281 -0.021875 -0.026562
0 0.015625 0.019531 -0.028125 -0.039062
0 0.015625 0.019531 -0.028125 -0.039062
0 0.011719 0.013281 -0.020313 -0.026562
0 0.009375 0.008594 -0.015625 -0.017188
0 0.011719 0.013281 -0.020313 -0.026562
0 0.008594 0.007812 -0.014063 -0.015625
0 0.025000 0.024219 -0.046875 -0.048438
0 0.012500 0.013281 -0.021875 -0.026562
0 0.011719 0.013281 -0.020313 -0.026562
0 0.015625 0.019531 -0.028125 -0.039062
0 0.011719 0.013281 -0.020313 -0.026562
0 0.008594 0.007812 -0.014063 -0.015625
0 0.012500 0.013281 -0.021875 -0.026562
0 0.012500 0.013281 -0.021875 -0.026562
0 0.025000 0.024219 -0.046875 -0.048438
0 0.025000 0.024219 -0.046875 -0.048438
0 0.008594 0.007812 -0.014063 -0.015625
0 0.008594 0.007812 -0.014063 -0.015625
0 0.011719 0.013281 -0.020313 -0.026562
0 0.012500 0.013281 -0.021875 -0.026562
0 0.011719 0.013281 -0.020313 -0.026562
0 0.015625 0.019531 -0.028125 -0.039062
0 0.010937 0.011719 -0.018750 -0.023438
0 0.012500 0.013281 -0.021875 -0.026562
0 0.008594 0.007812 -0.014063 -0.015625
0 0.015625 0.019531 -0.028125 -0.039062
0 0.011719 0.013281 -0.020313 -0.026562
0 0.011719 0.013281 -0.020313 -0.026562
0 0.012500 0.013281 -0.021875 -0.026562
0 0.008594 0.007812 -0.014063 -0.015625
0 0.014063 0.016406 -0.025000 -0.032813
0 0.008594 0.007812 -0.014063 -0.015625
0 0.015625 0.019531 -0.028125 -0.039062
0 0.012500 0.013281 -0.021875 -0.026562
0 0.009375 0.008594 -0.015625 -0.017188
0 0.012500 0.013281 -0.021875 -0.026562
0 0.025000 0.024219 -0.046875 -0.048438
0 0.008594 0.007812 -0.014063 -0.015625
0 0.011719 0.013281 -0.020313 -0.026562
0 0.008594 0.007812 -0.014063 -0.015625
0 0.011719 0.013281 -0.020313 -0.026562
0 0.015625 0.019531 -0.028125 -0.039062
0 0.025000 0.024219 -0.046875 -0.048438
0 0.009375 0.008594 -0.015625 -0.017188
0 0.012500 0.013281 -0.021875 -0.026562
0 0.012500 0.013281 -0.021875 -0.026562
0 0.011719 0.013281 -0.020313 -0.026562
0 0.015625 0.019531 -0.028125 -0.039062
0 0.012500 0.013281 -0.021875 -0.026562
0 0.008594 0.007812 -0.014063 -0.015625
0 0.015625 0.019531 -0.028125 -0.039062
0 0.008594 0.007812 -0.014063 -0.015625
0 0.008594 0.007812 -0.014063 -0.015625
0 0.015625 0.019531 -0.028125 -0.039062
0 0.008594 0.007812 -0.014063 -0.015625
0 0.022656 0.022656 -0.042188 -0.045312
0 0.008594 0.007812 -0.014063 -0.015625
0 0.012500 0.013281 -0.021875 -0.026562
0 0.015625 0.019531 -0.028125 -0.039062
0 0.015625 0.019531 -0.028125 -0.039062
0 0.025000 0.024219 -0.046875 -0.048438
0 0.008594 0.007812 -0.014063 -0.015625
0 0.008594 0.007812 -0.014063 -0.015625
0 0.008594 0.007812 -0.014063 -0.015625
0 0.015625 0.019531 -0.028125 -0.039062
0 0.011719 0.013281 -0.020313 -0.026562
0 0.008594 0.007812 -0.014063 -0.015625
0 0.012500 0.013281 -0.021875 -0.026562
0 0.012500 0.013281 -0.021875 -0.026562
0 0.025000 0.024219 -0.046875 -0.048438
0 0.012500 0.013281 -0.021875 -0.026562
0 0.015625 0.019531 -0.028125 -0.039062
0 0.011719 0.013281 -0.020313 -0.026562
0 0.012500 0.013281 -0.021875 -0.026562
0 0.011719 0.013281 -0.020313 -0.026562
0 0.008594 0.007812 -0.014063 -0.015625