0 0.006667 0.013855 -0.011667 -0.025301
0 0.005000 0.006627 -0.008333 -0.010843
0 0.005000 0.006627 -0.008333 -0.010843
0 0.005000 0.006627 -0.008333 -0.010843
0 0.025417 0.052410 -0.049167 -0.104819
0 0.012917 0.024096 -0.024167 -0.045783
0 0.006667 0.013855 -0.011667 -0.025301
0 0.005000 0.006627 -0.008333 -0.010843
0 0.005000 0.006627 -0.008333 -0.010843
0 0.012500 0.039759 -0.023333 -0.079518
0 0.005000 0.006627 -0.008333 -0.010843
0 0.006667 0.013855 -0.011667 -0.025301
0 0.006667 0.013855 -0.011667 -0.025301
0 0.005000 0.006627 -0.008333 -0.010843
0 0.012917 0.024096 -0.024167 -0.045783
0 0.005000 0.006627 -0.008333 -0.010843
0 0.025417 0.052410 -0.049167 -0.104819
0 0.012917 0.024096 -0.024167 -0.045783
0 0.006667 0.013855 -0.011667 -0.025301
0 0.013750 0.023494 -0.022500 -0.046988
0 0.012917 0.023494 -0.024167 -0.046988
0 0.006667 0.013855 -0.011667 -0.025301
0 0.006667 0.013855 -0.011667 -0.025301
0 0.025417 0.052410 -0.049167 -0.104819
0 0.012917 0.023494 -0.024167 -0.046988
0 0.005000 0.006627 -0.008333 -0.010843
0 0.006667 0.013855 -0.011667 -0.025301
0 0.005000 0.006627 -0.008333 -0.010843
0 0.005000 0.006627 -0.008333 -0.010843
0 0.009167 0.015663 -0.016667 -0.028916
0 0.005000 0.006627 -0.008333 -0.010843
0 0.006667 0.013855 -0.011667 -0.025301
0 0.005000 0.006627 -0.008333 -0.010843
0 0.012917 0.024096 -0.024167 -0.045783
0 0.006667 0.013855 -0.011667 -0.025301
0 0.005000 0.006627 -0.008333 -0.010843
0 0.006667 0.013855 -0.011667 -0.025301
0 0.025417 0.052410 -0.049167 -0.104819
0 0.012917 0.024096 -0.024167 -0.045783
0 0.005000 0.006627 -0.008333 -0.010843
0 0.005000 0.006627 -0.008333 -0.010843
0 0.005000 0.006627 -0.008333 -0.010843
0 0.005000 0.006627 -0.008333 -0.010843
0 0.025417 0.052410 -0.049167 -0.104819
0 0.005000 0.006627 -0.008333 -0.010843
0 0.012917 0.024096 -0.024167 -0.045783
0 0.006667 0.013855 -0.011667 -0.025301
0 0.006667 0.013855 -0.011667 -0.025301
0 0.005000 0.006627 -0.008333 -0.010843
0 0.006667 0.013855 -0.011667 -0.025301
0 0.005000 0.006627 -0.008333 -0.010843
0 0.006667 0.013855 -0.011667 -0.025301
0 0.026250 0.051205 -0.050833 -0.102410
0 0.012917 0.024096 -0.024167 -0.045783
0 0.006667 0.013855 -0.011667 -0.025301
0 0.006667 0.013855 -0.011667 -0.025301
0 0.005000 0.006627 -0.008333 -0.010843
0 0.005000 0.006627 -0.008333 -0.010843
0 0.005000 0.006627 -0.008333 -0.010843
0 0.006667 0.013855 -0.011667 -0.025301
0 0.005833 0.016867 -0.010000 -0.031325
0 0.006667 0.013855 -0.011667 -0.025301
0 0.005000 0.006627 -0.008333 -0.010843
0 0.006667 0.013855 -0.011667 -0.025301
0 0.006667 0.013855 -0.011667 -0.025301
0 0.006667 0.013855 -0.011667 -0.025301
0 0.006667 0.013855 -0.011667 -0.025301
0 0.005000 0.006627 -0.008333 -0.010843
0 0.047917 0.084940 -0.094167 -0.169880
0 0.006667 0.013855 -0.011667 -0.025301
0 0.005000 0.006627 -0.008333 -0.010843
0 0.047083 0.080120 -0.092500 -0.160241
0 0.006667 0.013855 -0.011667 -0.025301
0 0.006667 0.013855 -0.011667 -0.025301
0 0.005000 0.006627 -0.008333 -0.010843
0 0.012917 0.024096 -0.024167 -0.045783
0 0.012917 0.024096 -0.024167 -0.045783
0 0.006667 0.013855 -0.011667 -0.025301
0 0.005000 0.006627 -0.008333 -0.010843
0 0.012500 0.039759 -0.023333 -0.079518
0 0.005000 0.006627 -0.008333 -0.010843
0 0.005000 0.006627 -0.008333 -0.010843
0 0.012917 0.024096 -0.024167 -0.045783
0 0.005000 0.006627 -0.008333 -0.010843
0 0.006667 0.013855 -0.011667 -0.025301
0 0.005000 0.006627 -0.008333 -0.010843
0 0.005000 0.006627 -0.008333 -0.010843
0 0.012917 0.023494 -0.024167 -0.046988
0 0.012917 0.024096 -0.024167 -0.045783
0 0.005000 0.006627 -0.008333 -0.010843
0 0.005000 0.006627 -0.008333 -0.010843
0 0.012917 0.024096 -0.024167 -0.045783
0 0.012917 0.024096 -0.024167 -0.045783
0 0.006667 0.013855 -0.011667 -0.025301
0 0.025417 0.052410 -0.049167 -0.104819
0 0.006667 0.013855 -0.011667 -0.025301
0 0.005000 0.006627 -0.008333 -0.010843
0 0.012917 0.023494 -0.024167 -0.046988
0 0.006667 0.013855 -0.011667 -0.025301
0 0.005000 0.006627 -0.008333 -0.010843
0 0.006667 0.013855 -0.011667 -0.025301
0 0.005000 0.006627 -0.008333 -0.010843
0 0.005000 0.006627 -0.008333 -0.010843
0 0.012917 0.023494 -0.024167 -0.046988
0 0.012917 0.024096 -0.024167 -0.045783
0 0.012917 0.024096 -0.024167 -0.045783
0 0.005000 0.006627 -0.008333 -0.010843
0 0.006667 0.013855 -0.011667 -0.025301
0 0.005000 0.006627 -0.008333 -0.010843
0 0.012917 0.024096 -0.024167 -0.045783
0 0.012917 0.024096 -0.024167 -0.045783
0 0.012917 0.023494 -0.024167 -0.046988
0 0.006667 0.013855 -0.011667 -0.025301
0 0.006667 0.013855 -0.011667 -0.025301
0 0.006667 0.013855 -0.011667 -0.025301
0 0.006667 0.013855 -0.011667 -0.025301
0 0.005000 0.006627 -0.008333 -0.010843
0 0.005000 0.006627 -0.008333 -0.010843
0 0.005000 0.006627 -0.008333 -0.010843
0 0.012500 0.039759 -0.023333 -0.079518
0 0.005000 0.006627 -0.008333 -0.010843
0 0.006667 0.013855 -0.011667 -0.025301
0 0.006667 0.013855 -0.011667 -0.025301
0 0.005000 0.006627 -0.008333 -0.010843
0 0.005000 0.006627 -0.008333 -0.010843
0 0.005000 0.006627 -0.008333 -0.010843
0 0.006667 0.013855 -0.011667 -0.025301
0 0.006667 0.013855 -0.011667 -0.025301
0 0.012917 0.024096 -0.024167 -0.045783
0 0.025417 0.052410 -0.049167 -0.104819
0 0.045833 0.053614 -0.090000 -0.107229
0 0.012917 0.024096 -0.024167 -0.045783
0 0.025417 0.052410 -0.049167 -0.104819
0 0.006667 0.013855 -0.011667 -0.025301
0 0.012500 0.040361 -0.023333 -0.078313
0 0.006667 0.013855 -0.011667 -0.025301
0 0.005000 0.006627 -0.008333 -0.010843
0 0.006667 0.013855 -0.011667 -0.025301
0 0.006667 0.013855 -0.011667 -0.025301
0 0.005000 0.006627 -0.008333 -0.010843
0 0.005000 0.006627 -0.008333 -0.010843
0 0.005000 0.006627 -0.008333 -0.010843
0 0.012917 0.024096 -0.024167 -0.045783
0 0.006667 0.013855 -0.011667 -0.025301
0 0.005000 0.006627 -0.008333 -0.010843
0 0.012917 0.024096 -0.024167 -0.045783
0 0.005000 0.006627 -0.008333 -0.010843
0 0.005000 0.006627 -0.008333 -0.010843
0 0.005000 0.006627 -0.008333 -0.010843
0 0.012917 0.023494 -0.024167 -0.046988
0 0.006667 0.013855 -0.011667 -0.025301
0 0.005000 0.006627 -0.008333 -0.010843
0 0.005000 0.006627 -0.008333 -0.010843
0 0.012500 0.039759 -0.023333 -0.079518
0 0.005000 0.006627 -0.008333 -0.010843
0 0.031250 0.074096 -0.060833 -0.148193
0 0.005000 0.006627 -0.008333 -0.010843
0 0.005000 0.006627 -0.008333 -0.010843
0 0.012500 0.040361 -0.023333 -0.078313
0 0.005000 0.006627 -0.008333 -0.010843
0 0.012917 0.024096 -0.024167 -0.045783
0 0.005000 0.006627 -0.008333 -0.010843
0 0.006667 0.013855 -0.011667 -0.025301
0 0.006667 0.013855 -0.011667 -0.025301
0 0.005000 0.006627 -0.008333 -0.010843
0 0.012917 0.024096 -0.024167 -0.045783
0 0.012500 0.039759 -0.023333 -0.079518
0 0.006667 0.048193 -0.011667 -0.096386
0 0.026667 0.069880 -0.051667 -0.139759
0 0.012917 0.024096 -0.024167 -0.045783
0 0.012500 0.039759 -0.023333 -0.079518
0 0.005000 0.006627 -0.008333 -0.010843
0 0.012500 0.039759 -0.023333 -0.079518
0 0.005000 0.006627 -0.008333 -0.010843
0 0.012500 0.039759 -0.023333 -0.079518
0 0.006667 0.013855 -0.011667 -0.025301
0 0.005000 0.006627 -0.008333 -0.010843
0 0.012917 0.024096 -0.024167 -0.045783
0 0.012917 0.024096 -0.024167 -0.045783
0 0.006667 0.013855 -0.011667 -0.025301
0 0.012500 0.039759 -0.023333 -0.079518
0 0.012917 0.024096 -0.024167 -0.045783
0 0.012500 0.039759 -0.023333 -0.079518
0 0.012500 0.039759 -0.023333 -0.079518
0 0.005000 0.006627 -0.008333 -0.010843
0 0.005000 0.006627 -0.008333 -0.010843
0 0.012917 0.024096 -0.024167 -0.045783
0 0.005000 0.006627 -0.008333 -0.010843
0 0.006667 0.013855 -0.011667 -0.025301
0 0.006667 0.013855 -0.011667 -0.025301
0 0.005000 0.006627 -0.008333 -0.010843
0 0.012917 0.024096 -0.024167 -0.045783
0 0.005000 0.006627 -0.008333 -0.010843
0 0.012917 0.024096 -0.024167 -0.045783
0 0.006667 0.013855 -0.011667 -0.025301
0 0.005000 0.006627 -0.008333 -0.010843
0 0.005000 0.006627 -0.008333 -0.010843
0 0.025417 0.052410 -0.049167 -0.104819
0 0.006667 0.013855 -0.011667 -0.025301
0 0.005000 0.006627 -0.008333 -0.010843