0 0.025000 0.037641 -0.048333 -0.075282
0 0.025833 0.038269 -0.050000 -0.076537
0 0.025833 0.038269 -0.050000 -0.076537
0 0.022083 0.053952 -0.042500 -0.107905
0 0.025000 0.037641 -0.048333 -0.075282
0 0.025000 0.037641 -0.048333 -0.075282
0 0.025000 0.037641 -0.048333 -0.075282
0 0.025000 0.037641 -0.048333 -0.075282
0 0.025000 0.037641 -0.048333 -0.075282
0 0.019583 0.042033 -0.037500 -0.084065
0 0.025000 0.037641 -0.048333 -0.075282
0 0.025833 0.038269 -0.050000 -0.076537
0 0.025833 0.038269 -0.050000 -0.076537
0 0.025833 0.038269 -0.050000 -0.076537
0 0.025833 0.038269 -0.050000 -0.076537
0 0.019167 0.038269 -0.036667 -0.076537
0 0.025833 0.038269 -0.050000 -0.076537
0 0.025000 0.037641 -0.048333 -0.075282
0 0.025833 0.038269 -0.050000 -0.076537
0 0.025000 0.037641 -0.048333 -0.075282
0 0.025000 0.037641 -0.048333 -0.075282
0 0.025833 0.038269 -0.050000 -0.076537
0 0.024167 0.052698 -0.046667 -0.105395
0 0.025000 0.037641 -0.048333 -0.075282
0 0.025000 0.037641 -0.048333 -0.075282
0 0.025000 0.037641 -0.048333 -0.075282
0 0.025000 0.037641 -0.048333 -0.075282
0 0.025833 0.038269 -0.050000 -0.076537
0 0.025000 0.037641 -0.048333 -0.075282
0 0.025833 0.038269 -0.050000 -0.076537
0 0.024167 0.052698 -0.046667 -0.105395
0 0.025000 0.037641 -0.048333 -0.075282
0 0.025000 0.037641 -0.048333 -0.075282
0 0.025000 0.037641 -0.048333 -0.075282
0 0.024167 0.052698 -0.046667 -0.105395
0 0.025833 0.038269 -0.050000 -0.076537
0 0.025833 0.038269 -0.050000 -0.076537
0 0.033333 0.057716 -0.065000 -0.115433
0 0.033333 0.057716 -0.065000 -0.115433
0 0.025000 0.037641 -0.048333 -0.075282
0 0.025833 0.038269 -0.050000 -0.076537
0 0.025000 0.037641 -0.048333 -0.075282
0 0.025833 0.038269 -0.050000 -0.076537
0 0.025000 0.037641 -0.048333 -0.075282
0 0.025833 0.038269 -0.050000 -0.076537
0 0.025833 0.038269 -0.050000 -0.076537
0 0.024167 0.052698 -0.046667 -0.105395
0 0.025833 0.038269 -0.050000 -0.076537
0 0.024167 0.052698 -0.046667 -0.105395
0 0.025833 0.038269 -0.050000 -0.076537
0 0.027500 0.042660 -0.053333 -0.085320
0 0.024167 0.052698 -0.046667 -0.105395
0 0.025000 0.037641 -0.048333 -0.075282
0 0.025000 0.037641 -0.048333 -0.075282
0 0.024167 0.052698 -0.046667 -0.105395
0 0.024167 0.052698 -0.046667 -0.105395
0 0.025833 0.038269 -0.050000 -0.076537
0 0.025000 0.037641 -0.048333 -0.075282
0 0.025833 0.038269 -0.050000 -0.076537
0 0.025000 0.037641 -0.048333 -0.075282