0 0.017606 0.030208 -0.030516 -0.060417
0 0.017606 0.030208 -0.030516 -0.060417
0 0.007042 0.016667 -0.009390 -0.033333
0 0.035211 0.071875 -0.068075 -0.143750
0 0.027582 0.048958 -0.052817 -0.097917
0 0.017019 0.030208 -0.031690 -0.060417
0 0.002934 0.004167 -0.003521 -0.008333
0 0.007042 0.016667 -0.009390 -0.033333
0 0.002934 0.004167 -0.003521 -0.008333
0 0.027582 0.048958 -0.052817 -0.097917
0 0.017606 0.030208 -0.030516 -0.060417
0 0.006455 0.016667 -0.010563 -0.033333
0 0.006455 0.016667 -0.010563 -0.033333
0 0.006455 0.016667 -0.010563 -0.033333
0 0.006455 0.016667 -0.010563 -0.033333
0 0.006455 0.016667 -0.010563 -0.033333
0 0.017606 0.030208 -0.030516 -0.060417
0 0.006455 0.016667 -0.010563 -0.033333
0 0.002934 0.004167 -0.003521 -0.008333
0 0.002934 0.004167 -0.003521 -0.008333
0 0.006455 0.016667 -0.010563 -0.033333
0 0.017019 0.030208 -0.031690 -0.060417
0 0.007042 0.016667 -0.009390 -0.033333
0 0.007042 0.016667 -0.009390 -0.033333
0 0.006455 0.016667 -0.010563 -0.033333
0 0.002934 0.004167 -0.003521 -0.008333
0 0.006455 0.016667 -0.010563 -0.033333
0 0.035211 0.071875 -0.068075 -0.143750
0 0.006455 0.016667 -0.010563 -0.033333
0 0.017019 0.030208 -0.031690 -0.060417
0 0.006455 0.016667 -0.010563 -0.033333
0 0.027582 0.048958 -0.052817 -0.097917
0 0.017606 0.030208 -0.030516 -0.060417
0 0.035211 0.071875 -0.068075 -0.143750
0 0.006455 0.016667 -0.010563 -0.033333
0 0.027582 0.048958 -0.052817 -0.097917
0 0.002934 0.004167 -0.003521 -0.008333
0 0.002934 0.004167 -0.003521 -0.008333
0 0.017019 0.030208 -0.031690 -0.060417
0 0.006455 0.016667 -0.010563 -0.033333
0 0.006455 0.016667 -0.010563 -0.033333
0 0.006455 0.016667 -0.010563 -0.033333
0 0.017606 0.030208 -0.030516 -0.060417
0 0.002934 0.004167 -0.003521 -0.008333
0 0.027582 0.048958 -0.052817 -0.097917
0 0.017019 0.030208 -0.031690 -0.060417
0 0.009390 0.019792 -0.014085 -0.039583
0 0.027582 0.048958 -0.052817 -0.097917
0 0.007042 0.016667 -0.009390 -0.033333
0 0.007042 0.016667 -0.009390 -0.033333
0 0.027582 0.048958 -0.052817 -0.097917
0 0.006455 0.016667 -0.010563 -0.033333
0 0.006455 0.016667 -0.010563 -0.033333
0 0.002934 0.004167 -0.003521 -0.008333
0 0.002934 0.004167 -0.003521 -0.008333
0 0.002934 0.004167 -0.003521 -0.008333
0 0.017019 0.030208 -0.031690 -0.060417
0 0.007042 0.016667 -0.009390 -0.033333
0 0.006455 0.016667 -0.010563 -0.033333
0 0.006455 0.016667 -0.010563 -0.033333
0 0.006455 0.016667 -0.010563 -0.033333
0 0.006455 0.016667 -0.010563 -0.033333
0 0.006455 0.016667 -0.010563 -0.033333
0 0.006455 0.016667 -0.010563 -0.033333
0 0.006455 0.016667 -0.010563 -0.033333
0 0.007042 0.016667 -0.009390 -0.033333
0 0.007042 0.016667 -0.009390 -0.033333
0 0.006455 0.016667 -0.010563 -0.033333
0 0.002934 0.004167 -0.003521 -0.008333
0 0.006455 0.016667 -0.010563 -0.033333
0 0.006455 0.016667 -0.010563 -0.033333
0 0.002934 0.004167 -0.003521 -0.008333
0 0.007042 0.016667 -0.009390 -0.033333
0 0.017019 0.030208 -0.031690 -0.060417
0 0.002934 0.004167 -0.003521 -0.008333
0 0.006455 0.016667 -0.010563 -0.033333
0 0.006455 0.016667 -0.010563 -0.033333
0 0.006455 0.016667 -0.010563 -0.033333
0 0.006455 0.016667 -0.010563 -0.033333
0 0.006455 0.016667 -0.010563 -0.033333
0 0.019366 0.034375 -0.036385 -0.068750
0 0.035211 0.071875 -0.068075 -0.143750
0 0.017019 0.030208 -0.031690 -0.060417
0 0.006455 0.016667 -0.010563 -0.033333
0 0.006455 0.016667 -0.010563 -0.033333
0 0.027582 0.048958 -0.052817 -0.097917
0 0.017019 0.030208 -0.031690 -0.060417
0 0.006455 0.016667 -0.010563 -0.033333
0 0.006455 0.016667 -0.010563 -0.033333
0 0.006455 0.016667 -0.010563 -0.033333
0 0.027582 0.048958 -0.052817 -0.097917
0 0.007042 0.016667 -0.009390 -0.033333
0 0.007042 0.016667 -0.009390 -0.033333
0 0.006455 0.016667 -0.010563 -0.033333
0 0.006455 0.016667 -0.010563 -0.033333
0 0.006455 0.016667 -0.010563 -0.033333
0 0.035211 0.071875 -0.068075 -0.143750
0 0.017606 0.030208 -0.030516 -0.060417
0 0.006455 0.016667 -0.010563 -0.033333
0 0.017606 0.030208 -0.030516 -0.060417
0 0.007042 0.016667 -0.009390 -0.033333
0 0.017019 0.030208 -0.031690 -0.060417
0 0.017019 0.030208 -0.031690 -0.060417
0 0.002934 0.004167 -0.003521 -0.008333
0 0.002934 0.004167 -0.003521 -0.008333
0 0.006455 0.016667 -0.010563 -0.033333
0 0.027582 0.048958 -0.052817 -0.097917
0 0.007042 0.016667 -0.009390 -0.033333
0 0.006455 0.016667 -0.010563 -0.033333
0 0.035211 0.071875 -0.068075 -0.143750
0 0.007042 0.016667 -0.009390 -0.033333
0 0.027582 0.048958 -0.052817 -0.097917
0 0.006455 0.016667 -0.010563 -0.033333
0 0.002934 0.004167 -0.003521 -0.008333
0 0.006455 0.016667 -0.010563 -0.033333
0 0.002934 0.004167 -0.003521 -0.008333
0 0.017019 0.030208 -0.031690 -0.060417
0 0.002934 0.004167 -0.003521 -0.008333
0 0.017606 0.030208 -0.030516 -0.060417
0 0.006455 0.016667 -0.010563 -0.033333
0 0.017019 0.030208 -0.031690 -0.060417
0 0.006455 0.016667 -0.010563 -0.033333
0 0.027582 0.048958 -0.052817 -0.097917
0 0.017019 0.030208 -0.031690 -0.060417
0 0.017606 0.030208 -0.030516 -0.060417
0 0.006455 0.016667 -0.010563 -0.033333
0 0.017019 0.030208 -0.031690 -0.060417
0 0.006455 0.016667 -0.010563 -0.033333
0 0.027582 0.048958 -0.052817 -0.097917
0 0.006455 0.016667 -0.010563 -0.033333
0 0.006455 0.016667 -0.010563 -0.033333
0 0.007042 0.016667 -0.009390 -0.033333
0 0.017019 0.030208 -0.031690 -0.060417
0 0.006455 0.016667 -0.010563 -0.033333
0 0.002934 0.004167 -0.003521 -0.008333
0 0.006455 0.016667 -0.010563 -0.033333
0 0.017019 0.030208 -0.031690 -0.060417
0 0.006455 0.016667 -0.010563 -0.033333
0 0.006455 0.016667 -0.010563 -0.033333
0 0.006455 0.016667 -0.010563 -0.033333
0 0.017019 0.030208 -0.031690 -0.060417
0 0.002934 0.004167 -0.003521 -0.008333
0 0.017019 0.030208 -0.031690 -0.060417
0 0.017019 0.030208 -0.031690 -0.060417
0 0.017019 0.030208 -0.031690 -0.060417
0 0.006455 0.016667 -0.010563 -0.033333
0 0.006455 0.016667 -0.010563 -0.033333
0 0.017606 0.030208 -0.030516 -0.060417
0 0.027582 0.048958 -0.052817 -0.097917
0 0.017019 0.030208 -0.031690 -0.060417
0 0.002934 0.004167 -0.003521 -0.008333
0 0.017606 0.030208 -0.030516 -0.060417
0 0.006455 0.016667 -0.010563 -0.033333
0 0.006455 0.016667 -0.010563 -0.033333
0 0.006455 0.016667 -0.010563 -0.033333
0 0.006455 0.016667 -0.010563 -0.033333
0 0.017019 0.030208 -0.031690 -0.060417
0 0.006455 0.016667 -0.010563 -0.033333
0 0.006455 0.016667 -0.010563 -0.033333
0 0.002934 0.004167 -0.003521 -0.008333
0 0.006455 0.016667 -0.010563 -0.033333
0 0.002934 0.004167 -0.003521 -0.008333
0 0.006455 0.016667 -0.010563 -0.033333
0 0.009390 0.019792 -0.014085 -0.039583
0 0.006455 0.016667 -0.010563 -0.033333
0 0.007042 0.016667 -0.009390 -0.033333
0 0.006455 0.016667 -0.010563 -0.033333
0 0.014671 0.026042 -0.024648 -0.052083
0 0.017606 0.030208 -0.030516 -0.060417
0 0.006455 0.016667 -0.010563 -0.033333
0 0.006455 0.016667 -0.010563 -0.033333
0 0.002934 0.004167 -0.003521 -0.008333
0 0.017019 0.030208 -0.031690 -0.060417
0 0.027582 0.048958 -0.052817 -0.097917
0 0.035211 0.071875 -0.068075 -0.143750
0 0.017019 0.030208 -0.031690 -0.060417
0 0.017019 0.030208 -0.031690 -0.060417
0 0.007042 0.016667 -0.009390 -0.033333
0 0.027582 0.048958 -0.052817 -0.097917
0 0.007042 0.016667 -0.009390 -0.033333
0 0.002934 0.004167 -0.003521 -0.008333
0 0.006455 0.016667 -0.010563 -0.033333
0 0.027582 0.048958 -0.052817 -0.097917
0 0.017606 0.030208 -0.030516 -0.060417
0 0.017019 0.030208 -0.031690 -0.060417
0 0.006455 0.016667 -0.010563 -0.033333
0 0.017606 0.030208 -0.030516 -0.060417
0 0.006455 0.016667 -0.010563 -0.033333
0 0.006455 0.016667 -0.010563 -0.033333
0 0.006455 0.016667 -0.010563 -0.033333
0 0.002934 0.004167 -0.003521 -0.008333
0 0.006455 0.016667 -0.010563 -0.033333
0 0.002934 0.004167 -0.003521 -0.008333
0 0.006455 0.016667 -0.010563 -0.033333
0 0.017019 0.030208 -0.031690 -0.060417
0 0.017019 0.030208 -0.031690 -0.060417
0 0.017606 0.030208 -0.030516 -0.060417
0 0.006455 0.016667 -0.010563 -0.033333
0 0.027582 0.048958 -0.052817 -0.097917
0 0.006455 0.016667 -0.010563 -0.033333
0 0.006455 0.016667 -0.010563 -0.033333
0 0.006455 0.016667 -0.010563 -0.033333
0 0.035211 0.071875 -0.068075 -0.143750
0 0.035211 0.071875 -0.068075 -0.143750
0 0.027582 0.048958 -0.052817 -0.097917
0 0.006455 0.016667 -0.010563 -0.033333
0 0.006455 0.016667 -0.010563 -0.033333
0 0.017019 0.030208 -0.031690 -0.060417
0 0.027582 0.048958 -0.052817 -0.097917
0 0.006455 0.016667 -0.010563 -0.033333
0 0.002934 0.004167 -0.003521 -0.008333
0 0.017019 0.030208 -0.031690 -0.060417
0 0.006455 0.016667 -0.010563 -0.033333
0 0.027582 0.048958 -0.052817 -0.097917
0 0.006455 0.016667 -0.010563 -0.033333
0 0.017019 0.030208 -0.031690 -0.060417
0 0.006455 0.016667 -0.010563 -0.033333
0 0.006455 0.016667 -0.010563 -0.033333
0 0.027582 0.048958 -0.052817 -0.097917
0 0.006455 0.016667 -0.010563 -0.033333
0 0.017606 0.030208 -0.030516 -0.060417
0 0.002934 0.004167 -0.003521 -0.008333
0 0.017019 0.030208 -0.031690 -0.060417
0 0.006455 0.016667 -0.010563 -0.033333
0 0.027582 0.048958 -0.052817 -0.097917
0 0.002934 0.004167 -0.003521 -0.008333
0 0.027582 0.048958 -0.052817 -0.097917
0 0.027582 0.048958 -0.052817 -0.097917
0 0.002934 0.004167 -0.003521 -0.008333
0 0.006455 0.016667 -0.010563 -0.033333
0 0.006455 0.016667 -0.010563 -0.033333
0 0.006455 0.016667 -0.010563 -0.033333