0 0.053070 0.097497 -0.104386 -0.194993
0 0.026754 0.057312 -0.051754 -0.111989
0 0.047368 0.079710 -0.092982 -0.159420
0 0.026754 0.057312 -0.051754 -0.111989
0 0.049561 0.088274 -0.097368 -0.176548
0 0.049561 0.088274 -0.097368 -0.176548
0 0.040789 0.069829 -0.079825 -0.139657
0 0.025000 0.052701 -0.048246 -0.102767
0 0.026754 0.056653 -0.051754 -0.113307
0 0.049561 0.088274 -0.097368 -0.176548
0 0.042105 0.061924 -0.082456 -0.123847
0 0.053070 0.097497 -0.104386 -0.194993
0 0.044298 0.068511 -0.086842 -0.137022
0 0.018421 0.034256 -0.035088 -0.065876
0 0.046491 0.077075 -0.091228 -0.154150
0 0.042105 0.061924 -0.082456 -0.123847
0 0.042105 0.061924 -0.082456 -0.123847
0 0.049561 0.088274 -0.097368 -0.176548
0 0.044737 0.061924 -0.087719 -0.123847
0 0.042105 0.061924 -0.082456 -0.123847
0 0.049561 0.088274 -0.097368 -0.176548
0 0.049561 0.088274 -0.097368 -0.176548
0 0.049561 0.088274 -0.097368 -0.176548
0 0.049561 0.088274 -0.097368 -0.176548