0 0.006250 0.012500 -0.011250 -0.025000
0 0.010000 0.021000 -0.018750 -0.042000
0 0.008438 0.020000 -0.015625 -0.040000
0 0.009375 0.018500 -0.017500 -0.037000
0 0.006562 0.015000 -0.011875 -0.030000
0 0.005938 0.012000 -0.010625 -0.024000
0 0.005938 0.012000 -0.010625 -0.024000
0 0.005938 0.009000 -0.010625 -0.018000
0 0.010313 0.022000 -0.019375 -0.044000
0 0.006562 0.011000 -0.011875 -0.022000
0 0.008438 0.020000 -0.015625 -0.040000
0 0.006562 0.011000 -0.011875 -0.022000
0 0.013125 0.028000 -0.025000 -0.056000
0 0.009375 0.018500 -0.017500 -0.037000
0 0.005938 0.012000 -0.010625 -0.024000
0 0.005938 0.012000 -0.010625 -0.024000
0 0.005938 0.012000 -0.010625 -0.024000
0 0.013125 0.028000 -0.025000 -0.056000
0 0.008438 0.020000 -0.015625 -0.040000
0 0.019062 0.040000 -0.036875 -0.080000
0 0.009375 0.022000 -0.017500 -0.044000
0 0.009375 0.018500 -0.017500 -0.037000
0 0.006562 0.011000 -0.011875 -0.022000
0 0.006875 0.013000 -0.012500 -0.026000
0 0.015625 0.032000 -0.030000 -0.064000
0 0.005938 0.012000 -0.010625 -0.024000
0 0.006250 0.012500 -0.011250 -0.025000
0 0.019062 0.040000 -0.036875 -0.080000
0 0.019062 0.040000 -0.036875 -0.080000
0 0.006562 0.011000 -0.011875 -0.022000
0 0.006562 0.011000 -0.011875 -0.022000
0 0.006562 0.011000 -0.011875 -0.022000
0 0.010625 0.019500 -0.020000 -0.039000
0 0.008438 0.020000 -0.015625 -0.040000
0 0.005938 0.009000 -0.010625 -0.018000
0 0.019062 0.040000 -0.036875 -0.080000
0 0.013125 0.028000 -0.025000 -0.056000
0 0.019062 0.040000 -0.036875 -0.080000
0 0.006562 0.011000 -0.011875 -0.022000
0 0.013125 0.028000 -0.025000 -0.056000
0 0.010000 0.021000 -0.018750 -0.042000
0 0.005938 0.009000 -0.010625 -0.018000
0 0.019062 0.040000 -0.036875 -0.080000
0 0.005938 0.012000 -0.010625 -0.024000
0 0.010000 0.021000 -0.018750 -0.042000
0 0.019062 0.040000 -0.036875 -0.080000
0 0.009375 0.018500 -0.017500 -0.037000
0 0.005938 0.012000 -0.010625 -0.024000
0 0.009375 0.022000 -0.017500 -0.044000
0 0.010000 0.021000 -0.018750 -0.042000
0 0.006562 0.011000 -0.011875 -0.022000
0 0.006875 0.013000 -0.012500 -0.026000
0 0.006562 0.011000 -0.011875 -0.022000
0 0.005938 0.012000 -0.010625 -0.024000
0 0.006250 0.012500 -0.011250 -0.025000
0 0.005938 0.009000 -0.010625 -0.018000
0 0.005938 0.009000 -0.010625 -0.018000
0 0.006562 0.011000 -0.011875 -0.022000
0 0.006562 0.015000 -0.011875 -0.030000
0 0.010313 0.022000 -0.019375 -0.044000
0 0.005000 0.010500 -0.008750 -0.021000
0 0.005938 0.012000 -0.010625 -0.024000
0 0.006250 0.012500 -0.011250 -0.025000
0 0.009375 0.022000 -0.017500 -0.044000
0 0.006875 0.012500 -0.010000 -0.025000
0 0.005938 0.009000 -0.010625 -0.018000
0 0.006875 0.013000 -0.012500 -0.026000
0 0.005000 0.010500 -0.008750 -0.021000
0 0.010000 0.021000 -0.018750 -0.042000
0 0.019062 0.040000 -0.036875 -0.080000
0 0.010313 0.022000 -0.019375 -0.044000
0 0.005938 0.009000 -0.010625 -0.018000
0 0.005000 0.010500 -0.008750 -0.021000
0 0.005938 0.012000 -0.010625 -0.024000
0 0.006250 0.012500 -0.011250 -0.025000
0 0.006562 0.015000 -0.011875 -0.030000
0 0.005938 0.012000 -0.010625 -0.024000
0 0.006562 0.011000 -0.011875 -0.022000
0 0.005938 0.012000 -0.010625 -0.024000
0 0.006562 0.015000 -0.011875 -0.030000
0 0.006562 0.011000 -0.011875 -0.022000
0 0.006562 0.011000 -0.011875 -0.022000
0 0.006562 0.011000 -0.011875 -0.022000
0 0.006562 0.015000 -0.011875 -0.030000
0 0.009375 0.018500 -0.017500 -0.037000
0 0.006562 0.011000 -0.011875 -0.022000
0 0.006562 0.015000 -0.011875 -0.030000
0 0.005938 0.012000 -0.010625 -0.024000
0 0.006562 0.015000 -0.011875 -0.030000
0 0.009375 0.018500 -0.017500 -0.037000
0 0.010625 0.019500 -0.020000 -0.039000
0 0.006562 0.015000 -0.011875 -0.030000
0 0.005938 0.012000 -0.010625 -0.024000
0 0.005000 0.010500 -0.008750 -0.021000
0 0.005938 0.009000 -0.010625 -0.018000
0 0.006562 0.015000 -0.011875 -0.030000
0 0.019062 0.040000 -0.036875 -0.080000
0 0.019062 0.040000 -0.036875 -0.080000
0 0.005938 0.012000 -0.010625 -0.024000
0 0.005938 0.009000 -0.010625 -0.018000
0 0.006562 0.011000 -0.011875 -0.022000
0 0.006875 0.013000 -0.012500 -0.026000
0 0.006562 0.015000 -0.011875 -0.030000
0 0.006562 0.015000 -0.011875 -0.030000
0 0.009375 0.022000 -0.017500 -0.044000
0 0.006562 0.015000 -0.011875 -0.030000
0 0.006250 0.012500 -0.011250 -0.025000
0 0.006562 0.011000 -0.011875 -0.022000
0 0.006562 0.011000 -0.011875 -0.022000
0 0.006562 0.015000 -0.011875 -0.030000
0 0.006562 0.015000 -0.011875 -0.030000
0 0.006562 0.011000 -0.011875 -0.022000
0 0.005000 0.010500 -0.008750 -0.021000
0 0.009375 0.018500 -0.017500 -0.037000
0 0.005938 0.012000 -0.010625 -0.024000
0 0.005000 0.010500 -0.008750 -0.021000
0 0.009375 0.022000 -0.017500 -0.044000
0 0.009375 0.018500 -0.017500 -0.037000
0 0.005938 0.012000 -0.010625 -0.024000
0 0.006562 0.011000 -0.011875 -0.022000
0 0.019062 0.040000 -0.036875 -0.080000
0 0.006250 0.012500 -0.011250 -0.025000
0 0.010000 0.021000 -0.018750 -0.042000
0 0.006562 0.015000 -0.011875 -0.030000
0 0.009375 0.018500 -0.017500 -0.037000
0 0.006562 0.011000 -0.011875 -0.022000
0 0.005938 0.009000 -0.010625 -0.018000
0 0.005938 0.012000 -0.010625 -0.024000
0 0.013125 0.028000 -0.025000 -0.056000
0 0.006250 0.012500 -0.011250 -0.025000
0 0.005000 0.010500 -0.008750 -0.021000
0 0.009375 0.018500 -0.017500 -0.037000
0 0.010313 0.022000 -0.019375 -0.044000
0 0.010000 0.021000 -0.018750 -0.042000
0 0.010000 0.021000 -0.018750 -0.042000
0 0.006250 0.012500 -0.011250 -0.025000
0 0.005000 0.010500 -0.008750 -0.021000
0 0.006250 0.012500 -0.011250 -0.025000
0 0.005938 0.009000 -0.010625 -0.018000
0 0.005938 0.009000 -0.010625 -0.018000
0 0.005938 0.009000 -0.010625 -0.018000
0 0.006875 0.012500 -0.010000 -0.025000
0 0.005938 0.009000 -0.010625 -0.018000
0 0.010000 0.021000 -0.018750 -0.042000
0 0.005000 0.010500 -0.008750 -0.021000