0 0.013400 0.024857 -0.024814 -0.049715
0 0.014144 0.026487 -0.027295 -0.052975
0 0.013151 0.024857 -0.025310 -0.049715
0 0.013400 0.025265 -0.025806 -0.050530
0 0.014144 0.026487 -0.027295 -0.052975
0 0.013151 0.024857 -0.025310 -0.049715
0 0.013648 0.025265 -0.025310 -0.050530
0 0.013151 0.027302 -0.025310 -0.054605
0 0.014392 0.026487 -0.026799 -0.052975
0 0.016625 0.034637 -0.032258 -0.069275
0 0.014144 0.026487 -0.027295 -0.052975
0 0.013151 0.024857 -0.025310 -0.049715
0 0.013151 0.027302 -0.025310 -0.054605
0 0.013151 0.024857 -0.025310 -0.049715
0 0.013400 0.025672 -0.025806 -0.051345
0 0.013151 0.024857 -0.025310 -0.049715
0 0.014144 0.026487 -0.027295 -0.052975
0 0.014144 0.026487 -0.027295 -0.052975
0 0.014392 0.026487 -0.026799 -0.052975
0 0.016625 0.034637 -0.032258 -0.069275
0 0.014144 0.026487 -0.027295 -0.052975
0 0.016625 0.034637 -0.032258 -0.069275
0 0.016625 0.034637 -0.032258 -0.069275
0 0.013151 0.027302 -0.025310 -0.054605
0 0.016625 0.034637 -0.032258 -0.069275
0 0.013151 0.027302 -0.025310 -0.054605
0 0.013151 0.024857 -0.025310 -0.049715
0 0.014144 0.026487 -0.027295 -0.052975
0 0.013400 0.024857 -0.024814 -0.049715
0 0.013400 0.024857 -0.024814 -0.049715
0 0.016625 0.034637 -0.032258 -0.069275
0 0.016625 0.034637 -0.032258 -0.069275
0 0.014144 0.026487 -0.027295 -0.052975
0 0.013151 0.024857 -0.025310 -0.049715
0 0.014144 0.026487 -0.027295 -0.052975
0 0.013400 0.025265 -0.025806 -0.050530
0 0.013151 0.024857 -0.025310 -0.049715
0 0.014144 0.026487 -0.027295 -0.052975
0 0.013151 0.024857 -0.025310 -0.049715
0 0.013151 0.027302 -0.025310 -0.054605
0 0.016625 0.034637 -0.032258 -0.069275
0 0.016625 0.034637 -0.032258 -0.069275
0 0.014144 0.026487 -0.027295 -0.052975
0 0.013400 0.024857 -0.024814 -0.049715
0 0.013151 0.024857 -0.025310 -0.049715
0 0.013151 0.024857 -0.025310 -0.049715
0 0.013151 0.024857 -0.025310 -0.049715
0 0.013151 0.024857 -0.025310 -0.049715
0 0.002730 0.004482 -0.004467 -0.008965
0 0.013151 0.027302 -0.025310 -0.054605
0 0.013151 0.024857 -0.025310 -0.049715
0 0.013151 0.024857 -0.025310 -0.049715
0 0.014144 0.026487 -0.027295 -0.052975
0 0.013151 0.024857 -0.025310 -0.049715
0 0.013648 0.025265 -0.025310 -0.050530
0 0.014144 0.026487 -0.027295 -0.052975
0 0.009926 0.022820 -0.018859 -0.045640
0 0.013400 0.024857 -0.024814 -0.049715
0 0.013151 0.024857 -0.025310 -0.049715
0 0.002730 0.004482 -0.004467 -0.008965
0 0.016625 0.034637 -0.032258 -0.069275
0 0.013648 0.025672 -0.026303 -0.051345
0 0.013400 0.024857 -0.024814 -0.049715
0 0.013896 0.026080 -0.026799 -0.052160
0 0.014144 0.026487 -0.027295 -0.052975
0 0.013151 0.024857 -0.025310 -0.049715
0 0.014144 0.026487 -0.027295 -0.052975
0 0.013896 0.026080 -0.026799 -0.052160
0 0.013151 0.024857 -0.025310 -0.049715
0 0.014144 0.026487 -0.027295 -0.052975
0 0.014144 0.026487 -0.027295 -0.052975
0 0.014144 0.026487 -0.027295 -0.052975
0 0.013151 0.024857 -0.025310 -0.049715
0 0.014144 0.026487 -0.027295 -0.052975
0 0.016625 0.034637 -0.032258 -0.069275
0 0.016625 0.034637 -0.032258 -0.069275
0 0.016625 0.034637 -0.032258 -0.069275
0 0.013151 0.027302 -0.025310 -0.054605
0 0.014144 0.026487 -0.027295 -0.052975
0 0.013151 0.024857 -0.025310 -0.049715
0 0.013400 0.024857 -0.024814 -0.049715
0 0.016625 0.034637 -0.032258 -0.069275
0 0.014144 0.026487 -0.027295 -0.052975
0 0.014392 0.026487 -0.026799 -0.052975
0 0.013400 0.025672 -0.025806 -0.051345
0 0.013151 0.024857 -0.025310 -0.049715
0 0.013151 0.024857 -0.025310 -0.049715
0 0.014144 0.026487 -0.027295 -0.052975
0 0.009926 0.022820 -0.018859 -0.045640
0 0.014144 0.026487 -0.027295 -0.052975
0 0.014144 0.026487 -0.027295 -0.052975
0 0.014144 0.026487 -0.027295 -0.052975
0 0.016873 0.034637 -0.031762 -0.069275
0 0.016625 0.034637 -0.032258 -0.069275
0 0.013151 0.024857 -0.025310 -0.049715
0 0.016873 0.034637 -0.031762 -0.069275
0 0.013151 0.027302 -0.025310 -0.054605
0 0.016625 0.034637 -0.032258 -0.069275
0 0.013151 0.024857 -0.025310 -0.049715
0 0.013896 0.026080 -0.026799 -0.052160
0 0.015633 0.030562 -0.029280 -0.061125
0 0.013151 0.024857 -0.025310 -0.049715
0 0.013151 0.024857 -0.025310 -0.049715
0 0.002730 0.004482 -0.004467 -0.008965
0 0.013151 0.024857 -0.025310 -0.049715
0 0.016625 0.034637 -0.032258 -0.069275
0 0.016625 0.034637 -0.032258 -0.069275
0 0.016873 0.034637 -0.031762 -0.069275
0 0.013151 0.024857 -0.025310 -0.049715