0 0.001611 0.002762 -0.002302 -0.005525
0 0.004604 0.007251 -0.007366 -0.014503
0 0.001842 0.002072 -0.002762 -0.004144
0 0.005064 0.010359 -0.009208 -0.020718
0 0.006906 0.011395 -0.012891 -0.022790
0 0.004374 0.007251 -0.007827 -0.014503
0 0.001842 0.002072 -0.002762 -0.004144
0 0.005064 0.010359 -0.009208 -0.020718
0 0.001842 0.002072 -0.002762 -0.004144
0 0.001842 0.002072 -0.002762 -0.004144
0 0.001611 0.002762 -0.002302 -0.005525
0 0.005064 0.010359 -0.009208 -0.020718
0 0.007136 0.011395 -0.012431 -0.022790
0 0.004374 0.007251 -0.007827 -0.014503
0 0.005064 0.010359 -0.009208 -0.020718
0 0.005064 0.010359 -0.009208 -0.020718
0 0.005064 0.010359 -0.009208 -0.020718
0 0.005064 0.010359 -0.009208 -0.020718
0 0.006906 0.011395 -0.012891 -0.022790
0 0.002993 0.004489 -0.005064 -0.008978
0 0.004374 0.007251 -0.007827 -0.014503
0 0.006906 0.011395 -0.012891 -0.022790
0 0.005064 0.010359 -0.009208 -0.020718
0 0.005064 0.010359 -0.009208 -0.020718
0 0.001842 0.002072 -0.002762 -0.004144
0 0.004374 0.007251 -0.007827 -0.014503
0 0.004374 0.007251 -0.007827 -0.014503
0 0.004374 0.007251 -0.007827 -0.014503
0 0.006906 0.011395 -0.012891 -0.022790
0 0.005064 0.010359 -0.009208 -0.020718
0 0.002302 0.003108 -0.003683 -0.006215
0 0.001842 0.002072 -0.002762 -0.004144
0 0.001842 0.002072 -0.002762 -0.004144
0 0.004374 0.007251 -0.007827 -0.014503
0 0.001842 0.002072 -0.002762 -0.004144
0 0.004374 0.007251 -0.007827 -0.014503
0 0.004374 0.007251 -0.007827 -0.014503
0 0.006906 0.011395 -0.012891 -0.022790
0 0.004604 0.007251 -0.007366 -0.014503
0 0.001842 0.002072 -0.002762 -0.004144
0 0.004374 0.007251 -0.007827 -0.014503
0 0.004374 0.007251 -0.007827 -0.014503
0 0.004374 0.007251 -0.007827 -0.014503
0 0.004374 0.007251 -0.007827 -0.014503
0 0.006906 0.011395 -0.012891 -0.022790
0 0.004374 0.007251 -0.007827 -0.014503
0 0.006906 0.011395 -0.012891 -0.022790
0 0.001842 0.002072 -0.002762 -0.004144
0 0.001842 0.002072 -0.002762 -0.004144
0 0.006906 0.011395 -0.012891 -0.022790
0 0.004374 0.007251 -0.007827 -0.014503
0 0.005064 0.010359 -0.009208 -0.020718
0 0.001842 0.002072 -0.002762 -0.004144
0 0.001842 0.002072 -0.002762 -0.004144
0 0.001842 0.002072 -0.002762 -0.004144
0 0.004374 0.007251 -0.007827 -0.014503
0 0.001842 0.002072 -0.002762 -0.004144
0 0.001842 0.002072 -0.002762 -0.004144
0 0.004374 0.007251 -0.007827 -0.014503
0 0.001842 0.002072 -0.002762 -0.004144
0 0.001842 0.002072 -0.002762 -0.004144
0 0.005064 0.010359 -0.009208 -0.020718
0 0.004374 0.007251 -0.007827 -0.014503
0 0.004604 0.007251 -0.007366 -0.014503
0 0.001842 0.002072 -0.002762 -0.004144
0 0.002993 0.004489 -0.005064 -0.008978
0 0.001842 0.002072 -0.002762 -0.004144
0 0.005064 0.010359 -0.009208 -0.020718
0 0.006906 0.011395 -0.012891 -0.022790
0 0.001842 0.002072 -0.002762 -0.004144
0 0.005064 0.010359 -0.009208 -0.020718
0 0.001842 0.002072 -0.002762 -0.004144
0 0.005064 0.010359 -0.009208 -0.020718
0 0.001842 0.002072 -0.002762 -0.004144
0 0.004374 0.007251 -0.007827 -0.014503
0 0.005064 0.010359 -0.009208 -0.020718
0 0.004374 0.007251 -0.007827 -0.014503
0 0.006906 0.011395 -0.012891 -0.022790
0 0.004604 0.007251 -0.007366 -0.014503
0 0.001842 0.002072 -0.002762 -0.004144
0 0.004374 0.007251 -0.007827 -0.014503
0 0.006906 0.011395 -0.012891 -0.022790
0 0.005064 0.010359 -0.009208 -0.020718
0 0.001611 0.002762 -0.002302 -0.005525
0 0.001842 0.002072 -0.002762 -0.004144
0 0.001842 0.002072 -0.002762 -0.004144
0 0.006906 0.011395 -0.012891 -0.022790
0 0.001842 0.002072 -0.002762 -0.004144
0 0.005064 0.010359 -0.009208 -0.020718
0 0.004374 0.007251 -0.007827 -0.014503
0 0.006906 0.011395 -0.012891 -0.022790
0 0.001842 0.002072 -0.002762 -0.004144
0 0.005064 0.010359 -0.009208 -0.020718
0 0.005064 0.010359 -0.009208 -0.020718
0 0.001842 0.002072 -0.002762 -0.004144
0 0.006906 0.011395 -0.012891 -0.022790
0 0.004374 0.007251 -0.007827 -0.014503
0 0.003683 0.005870 -0.006446 -0.011740
0 0.005064 0.010359 -0.009208 -0.020718
0 0.004374 0.007251 -0.007827 -0.014503
0 0.004374 0.007251 -0.007827 -0.014503
0 0.004374 0.007251 -0.007827 -0.014503
0 0.001842 0.002072 -0.002762 -0.004144
0 0.004374 0.007251 -0.007827 -0.014503
0 0.004374 0.007251 -0.007827 -0.014503
0 0.001842 0.002072 -0.002762 -0.004144
0 0.006906 0.011395 -0.012891 -0.022790
0 0.004374 0.007251 -0.007827 -0.014503
0 0.005064 0.010359 -0.009208 -0.020718
0 0.004374 0.007251 -0.007827 -0.014503
0 0.005064 0.010359 -0.009208 -0.020718
0 0.005064 0.010359 -0.009208 -0.020718
0 0.002532 0.003108 -0.003223 -0.006215
0 0.005064 0.010359 -0.009208 -0.020718
0 0.001842 0.002072 -0.002762 -0.004144
0 0.005064 0.010359 -0.009208 -0.020718
0 0.001842 0.002072 -0.002762 -0.004144
0 0.006906 0.011395 -0.012891 -0.022790
0 0.004374 0.007251 -0.007827 -0.014503
0 0.004374 0.007251 -0.007827 -0.014503
0 0.005064 0.010359 -0.009208 -0.020718
0 0.005064 0.010359 -0.009208 -0.020718
0 0.005064 0.010359 -0.009208 -0.020718
0 0.001842 0.002072 -0.002762 -0.004144
0 0.001842 0.002072 -0.002762 -0.004144
0 0.001842 0.002072 -0.002762 -0.004144
0 0.005064 0.010359 -0.009208 -0.020718
0 0.001842 0.002072 -0.002762 -0.004144
0 0.005064 0.010359 -0.009208 -0.020718
0 0.005064 0.010359 -0.009208 -0.020718
0 0.001842 0.002072 -0.002762 -0.004144
0 0.004604 0.007251 -0.007366 -0.014503
0 0.005064 0.010359 -0.009208 -0.020718
0 0.004374 0.007251 -0.007827 -0.014503
0 0.001842 0.002072 -0.002762 -0.004144
0 0.006906 0.011395 -0.012891 -0.022790
0 0.001611 0.002762 -0.002302 -0.005525
0 0.006906 0.011395 -0.012891 -0.022790
0 0.005064 0.010359 -0.009208 -0.020718
0 0.001842 0.002072 -0.002762 -0.004144
0 0.001611 0.002762 -0.002302 -0.005525
0 0.002302 0.003108 -0.003683 -0.006215
0 0.001842 0.002072 -0.002762 -0.004144
0 0.005064 0.010359 -0.009208 -0.020718
0 0.001842 0.002072 -0.002762 -0.004144
0 0.005064 0.010359 -0.009208 -0.020718
0 0.005064 0.010359 -0.009208 -0.020718
0 0.006906 0.011395 -0.012891 -0.022790
0 0.001842 0.002072 -0.002762 -0.004144
0 0.004374 0.007251 -0.007827 -0.014503
0 0.001842 0.002072 -0.002762 -0.004144
0 0.004374 0.007251 -0.007827 -0.014503
0 0.001842 0.002072 -0.002762 -0.004144
0 0.004374 0.007251 -0.007827 -0.014503
0 0.005064 0.010359 -0.009208 -0.020718
0 0.005064 0.010359 -0.009208 -0.020718
0 0.004374 0.007251 -0.007827 -0.014503
0 0.001842 0.002072 -0.002762 -0.004144
0 0.001842 0.002072 -0.002762 -0.004144
0 0.005064 0.010359 -0.009208 -0.020718
0 0.006906 0.011395 -0.012891 -0.022790
0 0.006906 0.011395 -0.012891 -0.022790
0 0.001842 0.002072 -0.002762 -0.004144
0 0.004374 0.007251 -0.007827 -0.014503
0 0.004374 0.007251 -0.007827 -0.014503
0 0.006906 0.011395 -0.012891 -0.022790
0 0.004374 0.007251 -0.007827 -0.014503
0 0.001842 0.002072 -0.002762 -0.004144
0 0.006906 0.011395 -0.012891 -0.022790
0 0.004374 0.007251 -0.007827 -0.014503
0 0.006906 0.011395 -0.012891 -0.022790
0 0.005064 0.010359 -0.009208 -0.020718
0 0.006906 0.011395 -0.012891 -0.022790
0 0.004374 0.007251 -0.007827 -0.014503
0 0.003683 0.005870 -0.006446 -0.011740
0 0.005064 0.010359 -0.009208 -0.020718
0 0.004374 0.007251 -0.007827 -0.014503
0 0.001842 0.002072 -0.002762 -0.004144
0 0.006906 0.011395 -0.012891 -0.022790
0 0.001842 0.002072 -0.002762 -0.004144
0 0.001842 0.002072 -0.002762 -0.004144
0 0.001842 0.002072 -0.002762 -0.004144
0 0.004374 0.007251 -0.007827 -0.014503
0 0.001842 0.002072 -0.002762 -0.004144
0 0.004374 0.007251 -0.007827 -0.014503
0 0.005064 0.010359 -0.009208 -0.020718
0 0.004374 0.007251 -0.007827 -0.014503
0 0.001842 0.002072 -0.002762 -0.004144
0 0.005064 0.010359 -0.009208 -0.020718
0 0.004374 0.007251 -0.007827 -0.014503
0 0.004374 0.007251 -0.007827 -0.014503
0 0.005064 0.010359 -0.009208 -0.020718
0 0.004374 0.007251 -0.007827 -0.014503
0 0.001842 0.002072 -0.002762 -0.004144
0 0.005064 0.010359 -0.009208 -0.020718
0 0.004374 0.007251 -0.007827 -0.014503
0 0.005064 0.010359 -0.009208 -0.020718
0 0.006906 0.011395 -0.012891 -0.022790
0 0.004374 0.007251 -0.007827 -0.014503
0 0.006906 0.011395 -0.012891 -0.022790
0 0.002302 0.003108 -0.003683 -0.006215
0 0.006906 0.011395 -0.012891 -0.022790
0 0.001842 0.002072 -0.002762 -0.004144
0 0.006906 0.011395 -0.012891 -0.022790
0 0.005064 0.010359 -0.009208 -0.020718
0 0.005064 0.010359 -0.009208 -0.020718
0 0.004374 0.007251 -0.007827 -0.014503
0 0.004374 0.007251 -0.007827 -0.014503
0 0.001842 0.002072 -0.002762 -0.004144
0 0.004374 0.007251 -0.007827 -0.014503
0 0.004374 0.007251 -0.007827 -0.014503
0 0.004374 0.007251 -0.007827 -0.014503
0 0.004374 0.007251 -0.007827 -0.014503
0 0.001842 0.002072 -0.002762 -0.004144
0 0.005064 0.010359 -0.009208 -0.020718
0 0.004374 0.007251 -0.007827 -0.014503
0 0.005064 0.010359 -0.009208 -0.020718
0 0.002302 0.003108 -0.003683 -0.006215
0 0.001842 0.002072 -0.002762 -0.004144
0 0.006906 0.011395 -0.012891 -0.022790
0 0.005064 0.010359 -0.009208 -0.020718
0 0.006906 0.011395 -0.012891 -0.022790
0 0.004604 0.007251 -0.007366 -0.014503
0 0.001842 0.002072 -0.002762 -0.004144
0 0.005064 0.010359 -0.009208 -0.020718
0 0.005064 0.010359 -0.009208 -0.020718
0 0.004374 0.007251 -0.007827 -0.014503
0 0.005064 0.010359 -0.009208 -0.020718
0 0.004374 0.007251 -0.007827 -0.014503
0 0.004374 0.007251 -0.007827 -0.014503
0 0.005064 0.010359 -0.009208 -0.020718
0 0.004374 0.007251 -0.007827 -0.014503
0 0.004374 0.007251 -0.007827 -0.014503
0 0.002302 0.003108 -0.003683 -0.006215
0 0.001842 0.002072 -0.002762 -0.004144
0 0.004374 0.007251 -0.007827 -0.014503
0 0.004374 0.007251 -0.007827 -0.014503
0 0.004374 0.007251 -0.007827 -0.014503
0 0.005064 0.010359 -0.009208 -0.020718
0 0.004604 0.007251 -0.007366 -0.014503
0 0.005064 0.010359 -0.009208 -0.020718
0 0.005064 0.010359 -0.009208 -0.020718
0 0.001842 0.002072 -0.002762 -0.004144
0 0.006906 0.011395 -0.012891 -0.022790
0 0.001842 0.002072 -0.002762 -0.004144
0 0.001842 0.002072 -0.002762 -0.004144
0 0.005064 0.010359 -0.009208 -0.020718
0 0.006906 0.011395 -0.012891 -0.022790
0 0.005064 0.010359 -0.009208 -0.020718
0 0.004374 0.007251 -0.007827 -0.014503
0 0.004374 0.007251 -0.007827 -0.014503
0 0.001842 0.002072 -0.002762 -0.004144
0 0.001842 0.002072 -0.002762 -0.004144
0 0.006906 0.011395 -0.012891 -0.022790
0 0.005064 0.010359 -0.009208 -0.020718
0 0.007136 0.011395 -0.012431 -0.022790
0 0.004604 0.007251 -0.007366 -0.014503
0 0.004374 0.007251 -0.007827 -0.014503
0 0.005064 0.010359 -0.009208 -0.020718
0 0.005064 0.010359 -0.009208 -0.020718
0 0.005064 0.010359 -0.009208 -0.020718
0 0.005064 0.010359 -0.009208 -0.020718
0 0.006906 0.011395 -0.012891 -0.022790
0 0.001842 0.002072 -0.002762 -0.004144
0 0.004374 0.007251 -0.007827 -0.014503
0 0.001842 0.002072 -0.002762 -0.004144
0 0.001842 0.002072 -0.002762 -0.004144
0 0.005295 0.010359 -0.008748 -0.020718
0 0.007136 0.011395 -0.012431 -0.022790
0 0.005064 0.010359 -0.009208 -0.020718
0 0.004374 0.007251 -0.007827 -0.014503
0 0.001611 0.002762 -0.002302 -0.005525
0 0.001842 0.002072 -0.002762 -0.004144
0 0.004374 0.007251 -0.007827 -0.014503
0 0.005295 0.010359 -0.008748 -0.020718
0 0.005295 0.010359 -0.008748 -0.020718
0 0.001842 0.002072 -0.002762 -0.004144
0 0.004374 0.007251 -0.007827 -0.014503
0 0.004374 0.007251 -0.007827 -0.014503
0 0.006906 0.011395 -0.012891 -0.022790
0 0.001842 0.002072 -0.002762 -0.004144
0 0.005064 0.010359 -0.009208 -0.020718
0 0.001842 0.002072 -0.002762 -0.004144
0 0.004374 0.007251 -0.007827 -0.014503
0 0.006906 0.011395 -0.012891 -0.022790
0 0.006906 0.011395 -0.012891 -0.022790
0 0.004374 0.007251 -0.007827 -0.014503
0 0.001842 0.002072 -0.002762 -0.004144
0 0.004374 0.007251 -0.007827 -0.014503
0 0.001842 0.002072 -0.002762 -0.004144
0 0.004374 0.007251 -0.007827 -0.014503
0 0.006906 0.011395 -0.012891 -0.022790
0 0.006906 0.011395 -0.012891 -0.022790
0 0.004374 0.007251 -0.007827 -0.014503
0 0.004374 0.007251 -0.007827 -0.014503
0 0.001842 0.002072 -0.002762 -0.004144
0 0.001842 0.002072 -0.002762 -0.004144
0 0.003913 0.005870 -0.005985 -0.011740
0 0.001611 0.002762 -0.002302 -0.005525
0 0.005064 0.010359 -0.009208 -0.020718
0 0.005064 0.010359 -0.009208 -0.020718
0 0.001611 0.002762 -0.002302 -0.005525
0 0.004374 0.007251 -0.007827 -0.014503
0 0.066298 0.099448 -0.131676 -0.198895
0 0.004374 0.007251 -0.007827 -0.014503
0 0.005064 0.010359 -0.009208 -0.020718
0 0.006906 0.011395 -0.012891 -0.022790
0 0.005064 0.010359 -0.009208 -0.020718
0 0.004374 0.007251 -0.007827 -0.014503
0 0.004374 0.007251 -0.007827 -0.014503
0 0.004374 0.007251 -0.007827 -0.014503
0 0.002993 0.004489 -0.005064 -0.008978
0 0.005064 0.010359 -0.009208 -0.020718
0 0.004374 0.007251 -0.007827 -0.014503
0 0.001842 0.002072 -0.002762 -0.004144
0 0.004374 0.007251 -0.007827 -0.014503
0 0.001842 0.002072 -0.002762 -0.004144
0 0.001842 0.002072 -0.002762 -0.004144
0 0.001842 0.002072 -0.002762 -0.004144
0 0.006906 0.011395 -0.012891 -0.022790
0 0.004374 0.007251 -0.007827 -0.014503
0 0.005064 0.010359 -0.009208 -0.020718
0 0.005064 0.010359 -0.009208 -0.020718
0 0.004374 0.007251 -0.007827 -0.014503
0 0.001842 0.002072 -0.002762 -0.004144
0 0.006906 0.011395 -0.012891 -0.022790
0 0.005064 0.010359 -0.009208 -0.020718
0 0.004374 0.007251 -0.007827 -0.014503
0 0.004374 0.007251 -0.007827 -0.014503
0 0.004374 0.007251 -0.007827 -0.014503
0 0.004374 0.007251 -0.007827 -0.014503
0 0.005064 0.010359 -0.009208 -0.020718
0 0.001842 0.002072 -0.002762 -0.004144
0 0.004374 0.007251 -0.007827 -0.014503
0 0.004374 0.007251 -0.007827 -0.014503
0 0.005064 0.010359 -0.009208 -0.020718
0 0.005064 0.010359 -0.009208 -0.020718
0 0.005064 0.010359 -0.009208 -0.020718
0 0.004374 0.007251 -0.007827 -0.014503
0 0.004374 0.007251 -0.007827 -0.014503
0 0.005064 0.010359 -0.009208 -0.020718
0 0.005064 0.010359 -0.009208 -0.020718
0 0.007136 0.011395 -0.012431 -0.022790
0 0.001842 0.002072 -0.002762 -0.004144
0 0.005064 0.010359 -0.009208 -0.020718
0 0.002532 0.003108 -0.003223 -0.006215
0 0.005064 0.010359 -0.009208 -0.020718
0 0.004374 0.007251 -0.007827 -0.014503
0 0.005064 0.010359 -0.009208 -0.020718
0 0.004374 0.007251 -0.007827 -0.014503
0 0.005064 0.010359 -0.009208 -0.020718
0 0.006906 0.011395 -0.012891 -0.022790
0 0.006906 0.011395 -0.012891 -0.022790
0 0.006906 0.011395 -0.012891 -0.022790
0 0.006906 0.011395 -0.012891 -0.022790
0 0.001842 0.002072 -0.002762 -0.004144
0 0.004374 0.007251 -0.007827 -0.014503
0 0.005064 0.010359 -0.009208 -0.020718
0 0.006906 0.011395 -0.012891 -0.022790
0 0.005064 0.010359 -0.009208 -0.020718
0 0.005064 0.010359 -0.009208 -0.020718
0 0.006446 0.011050 -0.011971 -0.022099
0 0.005064 0.010359 -0.009208 -0.020718
0 0.004374 0.007251 -0.007827 -0.014503
0 0.004374 0.007251 -0.007827 -0.014503
0 0.005064 0.010359 -0.009208 -0.020718
0 0.006906 0.011395 -0.012891 -0.022790
0 0.004374 0.007251 -0.007827 -0.014503
0 0.004374 0.007251 -0.007827 -0.014503
0 0.006906 0.011395 -0.012891 -0.022790
0 0.004374 0.007251 -0.007827 -0.014503
0 0.005064 0.010359 -0.009208 -0.020718
0 0.006906 0.011395 -0.012891 -0.022790
0 0.001842 0.002072 -0.002762 -0.004144
0 0.005064 0.010359 -0.009208 -0.020718
0 0.005064 0.010359 -0.009208 -0.020718
0 0.005064 0.010359 -0.009208 -0.020718
0 0.005064 0.010359 -0.009208 -0.020718
0 0.006906 0.011395 -0.012891 -0.022790
0 0.004374 0.007251 -0.007827 -0.014503
0 0.005064 0.010359 -0.009208 -0.020718
0 0.005064 0.010359 -0.009208 -0.020718
0 0.004374 0.007251 -0.007827 -0.014503
0 0.001842 0.002072 -0.002762 -0.004144
0 0.005064 0.010359 -0.009208 -0.020718
0 0.001842 0.002072 -0.002762 -0.004144
0 0.001842 0.002072 -0.002762 -0.004144
0 0.001842 0.002072 -0.002762 -0.004144
0 0.004374 0.007251 -0.007827 -0.014503
0 0.001842 0.002072 -0.002762 -0.004144
0 0.006906 0.011395 -0.012891 -0.022790
0 0.005064 0.010359 -0.009208 -0.020718
0 0.005064 0.010359 -0.009208 -0.020718
0 0.005295 0.010359 -0.008748 -0.020718
0 0.001842 0.002072 -0.002762 -0.004144
0 0.005064 0.010359 -0.009208 -0.020718
0 0.004374 0.007251 -0.007827 -0.014503
0 0.004374 0.007251 -0.007827 -0.014503
0 0.004374 0.007251 -0.007827 -0.014503
0 0.001842 0.002072 -0.002762 -0.004144
0 0.004374 0.007251 -0.007827 -0.014503
0 0.004374 0.007251 -0.007827 -0.014503
0 0.001842 0.002072 -0.002762 -0.004144
0 0.005064 0.010359 -0.009208 -0.020718
0 0.004374 0.007251 -0.007827 -0.014503
0 0.001842 0.002072 -0.002762 -0.004144
0 0.001842 0.002072 -0.002762 -0.004144
0 0.005064 0.010359 -0.009208 -0.020718
0 0.005064 0.010359 -0.009208 -0.020718
0 0.005064 0.010359 -0.009208 -0.020718
0 0.004604 0.007251 -0.007366 -0.014503
0 0.004604 0.007251 -0.007366 -0.014503
0 0.005064 0.010359 -0.009208 -0.020718
0 0.006906 0.011395 -0.012891 -0.022790
0 0.004604 0.007251 -0.007366 -0.014503
0 0.001842 0.002072 -0.002762 -0.004144
0 0.004374 0.007251 -0.007827 -0.014503
0 0.004374 0.007251 -0.007827 -0.014503
0 0.006906 0.011395 -0.012891 -0.022790
0 0.006906 0.011395 -0.012891 -0.022790
0 0.005064 0.010359 -0.009208 -0.020718
0 0.001842 0.002072 -0.002762 -0.004144
0 0.001842 0.002072 -0.002762 -0.004144
0 0.001842 0.002072 -0.002762 -0.004144
0 0.004374 0.007251 -0.007827 -0.014503
0 0.005295 0.010359 -0.008748 -0.020718
0 0.005064 0.010359 -0.009208 -0.020718
0 0.001842 0.002072 -0.002762 -0.004144
0 0.005064 0.010359 -0.009208 -0.020718
0 0.004374 0.007251 -0.007827 -0.014503
0 0.006906 0.011395 -0.012891 -0.022790
0 0.004374 0.007251 -0.007827 -0.014503
0 0.006906 0.011395 -0.012891 -0.022790
0 0.004374 0.007251 -0.007827 -0.014503
0 0.005064 0.010359 -0.009208 -0.020718
0 0.002302 0.003108 -0.003683 -0.006215
0 0.007136 0.011395 -0.012431 -0.022790
0 0.001842 0.002072 -0.002762 -0.004144
0 0.004374 0.007251 -0.007827 -0.014503
0 0.001842 0.002072 -0.002762 -0.004144
0 0.004374 0.007251 -0.007827 -0.014503
0 0.001842 0.002072 -0.002762 -0.004144
0 0.004374 0.007251 -0.007827 -0.014503
0 0.001842 0.002072 -0.002762 -0.004144
0 0.001842 0.002072 -0.002762 -0.004144
0 0.001842 0.002072 -0.002762 -0.004144
0 0.006906 0.011395 -0.012891 -0.022790
0 0.005064 0.010359 -0.009208 -0.020718
0 0.004374 0.007251 -0.007827 -0.014503
0 0.002993 0.004489 -0.005064 -0.008978
0 0.001842 0.002072 -0.002762 -0.004144
0 0.006906 0.011395 -0.012891 -0.022790
0 0.001842 0.002072 -0.002762 -0.004144
0 0.001842 0.002072 -0.002762 -0.004144
0 0.001842 0.002072 -0.002762 -0.004144
0 0.001842 0.002072 -0.002762 -0.004144
0 0.006906 0.011395 -0.012891 -0.022790
0 0.004374 0.007251 -0.007827 -0.014503
0 0.005064 0.010359 -0.009208 -0.020718
0 0.001842 0.002072 -0.002762 -0.004144
0 0.005064 0.010359 -0.009208 -0.020718
0 0.002993 0.004489 -0.005064 -0.008978
0 0.004374 0.007251 -0.007827 -0.014503
0 0.005064 0.010359 -0.009208 -0.020718
0 0.005064 0.010359 -0.009208 -0.020718
0 0.001842 0.002072 -0.002762 -0.004144
0 0.004374 0.007251 -0.007827 -0.014503
0 0.005064 0.010359 -0.009208 -0.020718
0 0.001842 0.002072 -0.002762 -0.004144
0 0.004374 0.007251 -0.007827 -0.014503
0 0.006906 0.011395 -0.012891 -0.022790
0 0.001842 0.002072 -0.002762 -0.004144
0 0.003683 0.005870 -0.006446 -0.011740
0 0.001842 0.002072 -0.002762 -0.004144
0 0.004374 0.007251 -0.007827 -0.014503
0 0.005064 0.010359 -0.009208 -0.020718
0 0.004374 0.007251 -0.007827 -0.014503
0 0.002302 0.003108 -0.003683 -0.006215
0 0.006906 0.011395 -0.012891 -0.022790
0 0.004374 0.007251 -0.007827 -0.014503
0 0.004374 0.007251 -0.007827 -0.014503
0 0.004374 0.007251 -0.007827 -0.014503
0 0.001842 0.002072 -0.002762 -0.004144
0 0.001842 0.002072 -0.002762 -0.004144
0 0.004374 0.007251 -0.007827 -0.014503
0 0.004374 0.007251 -0.007827 -0.014503
0 0.005064 0.010359 -0.009208 -0.020718
0 0.001842 0.002072 -0.002762 -0.004144
0 0.005064 0.010359 -0.009208 -0.020718
0 0.006906 0.011395 -0.012891 -0.022790
0 0.006906 0.011395 -0.012891 -0.022790
0 0.004374 0.007251 -0.007827 -0.014503
0 0.005064 0.010359 -0.009208 -0.020718
0 0.004374 0.007251 -0.007827 -0.014503
0 0.004374 0.007251 -0.007827 -0.014503
0 0.006906 0.011395 -0.012891 -0.022790
0 0.001842 0.002072 -0.002762 -0.004144
0 0.001842 0.002072 -0.002762 -0.004144
0 0.004374 0.007251 -0.007827 -0.014503
0 0.005064 0.010359 -0.009208 -0.020718
0 0.005064 0.010359 -0.009208 -0.020718
0 0.004374 0.007251 -0.007827 -0.014503
0 0.001842 0.002072 -0.002762 -0.004144
0 0.001842 0.002072 -0.002762 -0.004144
0 0.006906 0.011395 -0.012891 -0.022790
0 0.005064 0.010359 -0.009208 -0.020718
0 0.004374 0.007251 -0.007827 -0.014503
0 0.001842 0.002072 -0.002762 -0.004144
0 0.004374 0.007251 -0.007827 -0.014503
0 0.002993 0.004489 -0.005064 -0.008978
0 0.001842 0.002072 -0.002762 -0.004144
0 0.002302 0.003108 -0.003683 -0.006215
0 0.001611 0.002762 -0.002302 -0.005525
0 0.006906 0.011395 -0.012891 -0.022790
0 0.004374 0.007251 -0.007827 -0.014503
0 0.005064 0.010359 -0.009208 -0.020718
0 0.006906 0.011395 -0.012891 -0.022790
0 0.001842 0.002072 -0.002762 -0.004144
0 0.004374 0.007251 -0.007827 -0.014503
0 0.004374 0.007251 -0.007827 -0.014503
0 0.005064 0.010359 -0.009208 -0.020718
0 0.006906 0.011395 -0.012891 -0.022790
0 0.001842 0.002072 -0.002762 -0.004144
0 0.004374 0.007251 -0.007827 -0.014503
0 0.006906 0.011395 -0.012891 -0.022790
0 0.001842 0.002072 -0.002762 -0.004144
0 0.005064 0.010359 -0.009208 -0.020718
0 0.004374 0.007251 -0.007827 -0.014503
0 0.001611 0.002762 -0.002302 -0.005525
0 0.004374 0.007251 -0.007827 -0.014503
0 0.005064 0.010359 -0.009208 -0.020718
0 0.004374 0.007251 -0.007827 -0.014503
0 0.001842 0.002072 -0.002762 -0.004144
0 0.001842 0.002072 -0.002762 -0.004144
0 0.004374 0.007251 -0.007827 -0.014503
0 0.005064 0.010359 -0.009208 -0.020718
0 0.005064 0.010359 -0.009208 -0.020718
0 0.004374 0.007251 -0.007827 -0.014503
0 0.005064 0.010359 -0.009208 -0.020718
0 0.006906 0.011395 -0.012891 -0.022790
0 0.001842 0.002072 -0.002762 -0.004144
0 0.002302 0.003108 -0.003683 -0.006215
0 0.005064 0.010359 -0.009208 -0.020718
0 0.004374 0.007251 -0.007827 -0.014503
0 0.005064 0.010359 -0.009208 -0.020718
0 0.001842 0.002072 -0.002762 -0.004144
0 0.004374 0.007251 -0.007827 -0.014503
0 0.006906 0.011395 -0.012891 -0.022790
0 0.005064 0.010359 -0.009208 -0.020718
0 0.004374 0.007251 -0.007827 -0.014503
0 0.001842 0.002072 -0.002762 -0.004144
0 0.001842 0.002072 -0.002762 -0.004144
0 0.001842 0.002072 -0.002762 -0.004144
0 0.005064 0.010359 -0.009208 -0.020718
0 0.004374 0.007251 -0.007827 -0.014503
0 0.004374 0.007251 -0.007827 -0.014503
0 0.004604 0.007251 -0.007366 -0.014503
0 0.006906 0.011395 -0.012891 -0.022790
0 0.005064 0.010359 -0.009208 -0.020718
0 0.001842 0.002072 -0.002762 -0.004144
0 0.005064 0.010359 -0.009208 -0.020718
0 0.004374 0.007251 -0.007827 -0.014503
0 0.004374 0.007251 -0.007827 -0.014503
0 0.006906 0.011395 -0.012891 -0.022790
0 0.001611 0.002762 -0.002302 -0.005525
0 0.005064 0.010359 -0.009208 -0.020718
0 0.007136 0.011395 -0.012431 -0.022790
0 0.004374 0.007251 -0.007827 -0.014503
0 0.004374 0.007251 -0.007827 -0.014503
0 0.001842 0.002072 -0.002762 -0.004144
0 0.006906 0.011395 -0.012891 -0.022790
0 0.001842 0.002072 -0.002762 -0.004144
0 0.004374 0.007251 -0.007827 -0.014503
0 0.001842 0.002072 -0.002762 -0.004144
0 0.005064 0.010359 -0.009208 -0.020718
0 0.005295 0.010359 -0.008748 -0.020718
0 0.001842 0.002072 -0.002762 -0.004144
0 0.005064 0.010359 -0.009208 -0.020718
0 0.004374 0.007251 -0.007827 -0.014503
0 0.002993 0.004489 -0.005064 -0.008978
0 0.004374 0.007251 -0.007827 -0.014503
0 0.001842 0.002072 -0.002762 -0.004144
0 0.001842 0.002072 -0.002762 -0.004144
0 0.006906 0.011395 -0.012891 -0.022790
0 0.004374 0.007251 -0.007827 -0.014503
0 0.005064 0.010359 -0.009208 -0.020718
0 0.001842 0.002072 -0.002762 -0.004144
0 0.001842 0.002072 -0.002762 -0.004144
0 0.001842 0.002072 -0.002762 -0.004144
0 0.004374 0.007251 -0.007827 -0.014503
0 0.004374 0.007251 -0.007827 -0.014503
0 0.005064 0.010359 -0.009208 -0.020718
0 0.005064 0.010359 -0.009208 -0.020718
0 0.006906 0.011395 -0.012891 -0.022790
0 0.001842 0.002072 -0.002762 -0.004144
0 0.002993 0.004489 -0.005064 -0.008978
0 0.001842 0.002072 -0.002762 -0.004144
0 0.001842 0.002072 -0.002762 -0.004144
0 0.004374 0.007251 -0.007827 -0.014503
0 0.001842 0.002072 -0.002762 -0.004144
0 0.002993 0.004489 -0.005064 -0.008978
0 0.006906 0.011395 -0.012891 -0.022790
0 0.004374 0.007251 -0.007827 -0.014503
0 0.001842 0.002072 -0.002762 -0.004144
0 0.001842 0.002072 -0.002762 -0.004144
0 0.004374 0.007251 -0.007827 -0.014503
0 0.002993 0.004489 -0.005064 -0.008978
0 0.006906 0.011395 -0.012891 -0.022790
0 0.005064 0.010359 -0.009208 -0.020718
0 0.001842 0.002072 -0.002762 -0.004144
0 0.005064 0.010359 -0.009208 -0.020718