0 0.027539 0.056315 -0.054297 -0.112630
0 0.027539 0.056315 -0.054297 -0.112630
0 0.016992 0.035807 -0.033203 -0.071615
0 0.027539 0.056315 -0.054297 -0.112630
0 0.027539 0.056315 -0.054297 -0.112630
0 0.027539 0.056315 -0.054297 -0.112630
0 0.027539 0.056315 -0.054297 -0.112630
0 0.027539 0.056315 -0.054297 -0.112630
0 0.027539 0.056315 -0.054297 -0.112630
0 0.016992 0.035807 -0.033203 -0.071615
0 0.016992 0.035807 -0.033203 -0.071615
0 0.016992 0.035807 -0.033203 -0.071615
0 0.016992 0.035807 -0.033203 -0.071615
0 0.016992 0.035807 -0.033203 -0.071615
0 0.027539 0.056315 -0.054297 -0.112630
0 0.027539 0.056315 -0.054297 -0.112630
0 0.027539 0.056315 -0.054297 -0.112630
0 0.016992 0.035807 -0.033203 -0.071615
0 0.016992 0.035807 -0.033203 -0.071615
0 0.027539 0.056315 -0.054297 -0.112630
0 0.016992 0.035807 -0.033203 -0.071615
0 0.027539 0.056315 -0.054297 -0.112630
0 0.016992 0.035807 -0.033203 -0.071615
0 0.027539 0.056315 -0.054297 -0.112630
0 0.016992 0.035807 -0.033203 -0.071615
0 0.016992 0.035807 -0.033203 -0.071615
0 0.016992 0.035807 -0.033203 -0.071615
0 0.008398 0.056315 -0.016016 -0.112630
0 0.027539 0.056315 -0.054297 -0.112630
0 0.027539 0.056315 -0.054297 -0.112630
0 0.027539 0.056315 -0.054297 -0.112630
0 0.027539 0.056315 -0.054297 -0.112630
0 0.016992 0.035807 -0.033203 -0.071615
0 0.027539 0.056315 -0.054297 -0.112630
0 0.027539 0.056315 -0.054297 -0.112630
0 0.016992 0.035807 -0.033203 -0.071615
0 0.027539 0.056315 -0.054297 -0.112630
0 0.027539 0.056315 -0.054297 -0.112630
0 0.027539 0.056315 -0.054297 -0.112630
0 0.016992 0.035807 -0.033203 -0.071615
0 0.027539 0.056315 -0.054297 -0.112630
0 0.016992 0.035807 -0.033203 -0.071615
0 0.027539 0.056315 -0.054297 -0.112630
0 0.016992 0.035807 -0.033203 -0.071615
0 0.016992 0.035807 -0.033203 -0.071615
0 0.016992 0.035807 -0.033203 -0.071615
0 0.016992 0.035807 -0.033203 -0.071615
0 0.027539 0.056315 -0.054297 -0.112630
0 0.027539 0.056315 -0.054297 -0.112630
0 0.027539 0.056315 -0.054297 -0.112630
0 0.016992 0.035807 -0.033203 -0.071615
0 0.016992 0.035807 -0.033203 -0.071615
0 0.027539 0.056315 -0.054297 -0.112630
0 0.027539 0.056315 -0.054297 -0.112630
0 0.027539 0.056315 -0.054297 -0.112630
0 0.027539 0.056315 -0.054297 -0.112630
0 0.027539 0.056315 -0.054297 -0.112630
0 0.016992 0.035807 -0.033203 -0.071615
0 0.027539 0.056315 -0.054297 -0.112630
0 0.027539 0.056315 -0.054297 -0.112630
0 0.027539 0.056315 -0.054297 -0.112630
0 0.027539 0.056315 -0.054297 -0.112630
0 0.027539 0.056315 -0.054297 -0.112630
0 0.027539 0.056315 -0.054297 -0.112630
0 0.016992 0.035807 -0.033203 -0.071615
0 0.027539 0.056315 -0.054297 -0.112630