0 0.020313 0.026341 -0.039375 -0.052681
0 0.023125 0.041392 -0.045000 -0.082785
0 0.020313 0.026341 -0.039375 -0.052681
0 0.016563 0.021637 -0.031875 -0.043274
0 0.023125 0.041392 -0.045000 -0.082785
0 0.035000 0.057385 -0.068750 -0.114770
0 0.016563 0.021637 -0.031875 -0.043274
0 0.012188 0.020696 -0.023125 -0.041392
0 0.022500 0.036218 -0.043750 -0.072437
0 0.066875 0.119473 -0.132500 -0.238946
0 0.035625 0.045155 -0.070000 -0.090310
0 0.016563 0.021637 -0.031875 -0.043274
0 0.028125 0.047977 -0.055000 -0.095955
0 0.013750 0.019285 -0.026250 -0.038570
0 0.015312 0.028222 -0.029375 -0.056444
0 0.016563 0.021637 -0.031875 -0.043274
0 0.016563 0.021637 -0.031875 -0.043274
0 0.016563 0.021637 -0.031875 -0.043274
0 0.016563 0.021637 -0.031875 -0.043274
0 0.018437 0.024459 -0.035625 -0.048918
0 0.035625 0.045155 -0.070000 -0.090310
0 0.016563 0.021637 -0.031875 -0.043274
0 0.020313 0.026341 -0.039375 -0.052681
0 0.049063 0.088899 -0.096875 -0.177799
0 0.045937 0.089370 -0.090625 -0.178739
0 0.021562 0.039981 -0.041875 -0.079962
0 0.015312 0.023989 -0.029375 -0.047977
0 0.015312 0.023989 -0.029375 -0.047977
0 0.011250 0.017404 -0.021250 -0.034807
0 0.028125 0.047977 -0.055000 -0.095955
0 0.029375 0.053622 -0.057500 -0.107244
0 0.016563 0.021637 -0.031875 -0.043274
0 0.020313 0.026341 -0.039375 -0.052681
0 0.011250 0.017404 -0.021250 -0.034807
0 0.035000 0.057385 -0.068750 -0.114770
0 0.011875 0.024459 -0.022500 -0.048918
0 0.020313 0.026341 -0.039375 -0.052681
0 0.035000 0.057385 -0.068750 -0.114770
0 0.013437 0.024459 -0.025625 -0.048918
0 0.023750 0.036218 -0.046250 -0.072437
0 0.023750 0.036218 -0.046250 -0.072437
0 0.036250 0.064440 -0.071250 -0.128881
0 0.028125 0.047977 -0.055000 -0.095955
0 0.021562 0.039981 -0.041875 -0.079962
0 0.016563 0.021637 -0.031875 -0.043274
0 0.035625 0.045155 -0.070000 -0.090310
0 0.035625 0.045155 -0.070000 -0.090310
0 0.013750 0.019285 -0.026250 -0.038570
0 0.066875 0.119473 -0.132500 -0.238946
0 0.037187 0.063029 -0.073125 -0.126058
0 0.023438 0.052211 -0.045625 -0.104421
0 0.034688 0.047037 -0.068125 -0.094073
0 0.016563 0.021637 -0.031875 -0.043274
0 0.016563 0.021637 -0.031875 -0.043274
0 0.015312 0.028222 -0.029375 -0.056444