0 0.030208 0.051852 -0.059375 -0.103704
0 0.028906 0.050926 -0.056771 -0.101852
0 0.032292 0.076852 -0.063542 -0.153704
0 0.030729 0.050463 -0.060417 -0.100926
0 0.028125 0.043056 -0.055208 -0.086111
0 0.043490 0.069444 -0.085938 -0.138889
0 0.032292 0.077315 -0.063542 -0.152778
0 0.033333 0.059259 -0.065625 -0.118519
0 0.027083 0.046759 -0.053125 -0.093519
0 0.028125 0.041204 -0.055208 -0.080556
0 0.032292 0.076852 -0.063542 -0.153704
0 0.030729 0.050463 -0.060417 -0.100926
0 0.030729 0.050926 -0.060417 -0.100000
0 0.040104 0.068056 -0.079167 -0.136111
0 0.023958 0.050463 -0.046875 -0.100926
0 0.028906 0.050926 -0.056771 -0.101852
0 0.032292 0.076852 -0.063542 -0.153704
0 0.043490 0.069907 -0.085938 -0.137963
0 0.033333 0.059259 -0.065625 -0.118519
0 0.023958 0.050463 -0.046875 -0.100926
0 0.023958 0.050463 -0.046875 -0.100926
0 0.028125 0.043056 -0.055208 -0.086111
0 0.028125 0.041204 -0.055208 -0.080556
0 0.030208 0.051852 -0.059375 -0.103704
0 0.028125 0.041204 -0.055208 -0.080556
0 0.037240 0.061111 -0.073438 -0.122222
0 0.037240 0.061111 -0.073438 -0.122222
0 0.030208 0.051852 -0.059375 -0.103704
0 0.030729 0.050926 -0.060417 -0.100000
0 0.032292 0.076852 -0.063542 -0.153704
0 0.027865 0.055093 -0.054688 -0.110185
0 0.030729 0.050463 -0.060417 -0.100926
0 0.033333 0.059259 -0.065625 -0.118519
0 0.027865 0.051389 -0.054688 -0.102778
0 0.028125 0.041204 -0.055208 -0.080556
0 0.028906 0.050926 -0.056771 -0.101852
0 0.037240 0.061111 -0.073438 -0.122222
0 0.030208 0.051852 -0.059375 -0.103704
0 0.032292 0.076852 -0.063542 -0.153704
0 0.043490 0.069444 -0.085938 -0.138889
0 0.030208 0.051852 -0.059375 -0.103704
0 0.027865 0.055093 -0.054688 -0.110185
0 0.030729 0.050926 -0.060417 -0.100000
0 0.028125 0.041204 -0.055208 -0.080556
0 0.032292 0.076852 -0.063542 -0.153704
0 0.032031 0.056019 -0.063021 -0.112037
0 0.030208 0.051852 -0.059375 -0.103704
0 0.043490 0.069444 -0.085938 -0.138889
0 0.037240 0.061111 -0.073438 -0.122222
0 0.028125 0.041204 -0.055208 -0.080556
0 0.033333 0.059259 -0.065625 -0.118519
0 0.043490 0.069444 -0.085938 -0.138889
0 0.033333 0.059259 -0.065625 -0.118519
0 0.030729 0.050926 -0.060417 -0.100000
0 0.030729 0.050926 -0.060417 -0.100000
0 0.030208 0.052315 -0.059375 -0.102778
0 0.028906 0.050926 -0.056771 -0.101852
0 0.040104 0.068056 -0.079167 -0.136111