0 0.005556 0.006470 -0.008642 -0.012939
0 0.007407 0.010166 -0.012346 -0.020333
0 0.004321 0.004621 -0.006173 -0.009242
0 0.007407 0.010166 -0.012346 -0.020333
0 0.004321 0.006470 -0.006173 -0.012939
0 0.005556 0.006470 -0.008642 -0.012939
0 0.004321 0.006470 -0.006173 -0.012939
0 0.007407 0.010166 -0.012346 -0.020333
0 0.004321 0.006470 -0.006173 -0.012939
0 0.006790 0.009242 -0.011111 -0.018484
0 0.012346 0.020333 -0.022222 -0.040665
0 0.003086 0.004621 -0.003704 -0.009242
0 0.004321 0.006470 -0.006173 -0.012939
0 0.009877 0.012939 -0.017284 -0.025878
0 0.004321 0.006470 -0.006173 -0.012939
0 0.007407 0.010166 -0.012346 -0.020333
0 0.009259 0.012939 -0.016049 -0.025878
0 0.004321 0.006470 -0.006173 -0.012939
0 0.003086 0.004621 -0.003704 -0.009242
0 0.007407 0.010166 -0.012346 -0.020333
0 0.004321 0.006470 -0.006173 -0.012939
0 0.003086 0.004621 -0.003704 -0.009242
0 0.013580 0.022181 -0.024691 -0.044362
0 0.004321 0.006470 -0.006173 -0.012939
0 0.006790 0.009242 -0.011111 -0.018484
0 0.003086 0.004621 -0.003704 -0.009242
0 0.009259 0.012939 -0.016049 -0.025878
0 0.004321 0.006470 -0.006173 -0.012939
0 0.012346 0.020333 -0.022222 -0.040665
0 0.006790 0.009242 -0.011111 -0.018484
0 0.007407 0.010166 -0.012346 -0.020333
0 0.006790 0.009242 -0.011111 -0.018484
0 0.004321 0.006470 -0.006173 -0.012939
0 0.009877 0.012939 -0.017284 -0.025878
0 0.003086 0.004621 -0.003704 -0.009242
0 0.005556 0.006470 -0.008642 -0.012939
0 0.006790 0.009242 -0.011111 -0.018484
0 0.006790 0.009242 -0.011111 -0.018484
0 0.006790 0.009242 -0.011111 -0.018484
0 0.005556 0.006470 -0.008642 -0.012939
0 0.007407 0.010166 -0.012346 -0.020333
0 0.012346 0.020333 -0.022222 -0.040665
0 0.003086 0.004621 -0.003704 -0.009242
0 0.005556 0.006470 -0.008642 -0.012939
0 0.006790 0.009242 -0.011111 -0.018484
0 0.005556 0.006470 -0.008642 -0.012939
0 0.005556 0.006470 -0.008642 -0.012939
0 0.003086 0.004621 -0.003704 -0.009242
0 0.003086 0.004621 -0.003704 -0.009242
0 0.004321 0.006470 -0.006173 -0.012939
0 0.003086 0.004621 -0.003704 -0.009242
0 0.006790 0.009242 -0.011111 -0.018484
0 0.006790 0.009242 -0.011111 -0.018484
0 0.012346 0.020333 -0.022222 -0.040665
0 0.003086 0.004621 -0.003704 -0.009242
0 0.007407 0.010166 -0.012346 -0.020333
0 0.036420 0.060074 -0.070370 -0.120148
0 0.004321 0.006470 -0.006173 -0.012939
0 0.007407 0.010166 -0.012346 -0.020333
0 0.013580 0.022181 -0.024691 -0.044362
0 0.006790 0.009242 -0.011111 -0.018484
0 0.006790 0.009242 -0.011111 -0.018484
0 0.009877 0.012939 -0.017284 -0.025878
0 0.004321 0.006470 -0.006173 -0.012939
0 0.005556 0.006470 -0.008642 -0.012939
0 0.003086 0.004621 -0.003704 -0.009242
0 0.003086 0.004621 -0.003704 -0.009242
0 0.004321 0.006470 -0.006173 -0.012939
0 0.006790 0.009242 -0.011111 -0.018484
0 0.009259 0.012939 -0.016049 -0.025878
0 0.009877 0.012939 -0.017284 -0.025878
0 0.007407 0.010166 -0.012346 -0.020333