0 0.016667 0.025000 -0.030159 -0.050000
0 0.016667 0.025000 -0.030159 -0.050000
0 0.017460 0.025000 -0.028571 -0.050000
0 0.007143 0.011250 -0.011111 -0.022500
0 0.016667 0.025000 -0.030159 -0.050000
0 0.016667 0.025000 -0.030159 -0.050000
0 0.007143 0.011250 -0.011111 -0.022500
0 0.007143 0.011250 -0.011111 -0.022500
0 0.016667 0.025000 -0.030159 -0.050000
0 0.007143 0.011250 -0.011111 -0.022500
0 0.019048 0.032500 -0.034921 -0.065000
0 0.019048 0.032500 -0.034921 -0.065000
0 0.003968 0.002500 -0.004762 -0.005000
0 0.003968 0.002500 -0.004762 -0.005000
0 0.003968 0.002500 -0.004762 -0.005000
0 0.003968 0.002500 -0.004762 -0.005000
0 0.007143 0.011250 -0.011111 -0.022500
0 0.016667 0.025000 -0.030159 -0.050000
0 0.007143 0.011250 -0.011111 -0.022500
0 0.016667 0.025000 -0.030159 -0.050000
0 0.016667 0.025000 -0.030159 -0.050000
0 0.003968 0.002500 -0.004762 -0.005000
0 0.016667 0.025000 -0.030159 -0.050000
0 0.016667 0.025000 -0.030159 -0.050000
0 0.016667 0.025000 -0.030159 -0.050000
0 0.003968 0.002500 -0.004762 -0.005000
0 0.003968 0.002500 -0.004762 -0.005000
0 0.016667 0.025000 -0.030159 -0.050000
0 0.007143 0.011250 -0.011111 -0.022500
0 0.016667 0.025000 -0.030159 -0.050000
0 0.016667 0.025000 -0.030159 -0.050000
0 0.019048 0.032500 -0.034921 -0.065000
0 0.016667 0.025000 -0.030159 -0.050000
0 0.007143 0.011250 -0.011111 -0.022500
0 0.019048 0.032500 -0.034921 -0.065000
0 0.007143 0.011250 -0.011111 -0.022500
0 0.019048 0.032500 -0.034921 -0.065000
0 0.016667 0.025000 -0.030159 -0.050000
0 0.016667 0.025000 -0.030159 -0.050000
0 0.007143 0.011250 -0.011111 -0.022500
0 0.016667 0.025000 -0.030159 -0.050000
0 0.017460 0.025000 -0.028571 -0.050000
0 0.017460 0.025000 -0.028571 -0.050000
0 0.015873 0.027500 -0.028571 -0.055000
0 0.007143 0.011250 -0.011111 -0.022500
0 0.019048 0.032500 -0.034921 -0.065000
0 0.019048 0.032500 -0.034921 -0.065000
0 0.016667 0.025000 -0.030159 -0.050000
0 0.019048 0.032500 -0.034921 -0.065000
0 0.019048 0.032500 -0.034921 -0.065000
0 0.019048 0.032500 -0.034921 -0.065000
0 0.019048 0.032500 -0.034921 -0.065000
0 0.019048 0.032500 -0.034921 -0.065000
0 0.019048 0.032500 -0.034921 -0.065000
0 0.017460 0.025000 -0.028571 -0.050000
0 0.016667 0.025000 -0.030159 -0.050000
0 0.016667 0.025000 -0.030159 -0.050000
0 0.019048 0.032500 -0.034921 -0.065000
0 0.003968 0.002500 -0.004762 -0.005000
0 0.019048 0.032500 -0.034921 -0.065000
0 0.016667 0.025000 -0.030159 -0.050000
0 0.019048 0.032500 -0.034921 -0.065000
0 0.003968 0.002500 -0.004762 -0.005000
0 0.003968 0.002500 -0.004762 -0.005000
0 0.007143 0.011250 -0.011111 -0.022500
0 0.016667 0.025000 -0.030159 -0.050000
0 0.016667 0.025000 -0.030159 -0.050000
0 0.019048 0.032500 -0.034921 -0.065000
0 0.007143 0.011250 -0.011111 -0.022500
0 0.007143 0.011250 -0.011111 -0.022500
0 0.016667 0.025000 -0.030159 -0.050000
0 0.003968 0.002500 -0.004762 -0.005000