0 0.007917 0.014429 -0.014167 -0.028858
0 0.005833 0.011292 -0.010000 -0.022585
0 0.004583 0.010038 -0.007500 -0.020075
0 0.004583 0.010038 -0.007500 -0.020075
0 0.004583 0.010038 -0.007500 -0.020075
0 0.007917 0.014429 -0.014167 -0.028858
0 0.013750 0.023839 -0.025833 -0.047679
0 0.012083 0.025094 -0.022500 -0.050188
0 0.007917 0.014429 -0.014167 -0.028858
0 0.004583 0.007528 -0.007500 -0.015056
0 0.004583 0.007528 -0.007500 -0.015056
0 0.007917 0.014429 -0.014167 -0.028858
0 0.006667 0.012547 -0.011667 -0.025094
0 0.024167 0.044542 -0.046667 -0.089084
0 0.008333 0.013802 -0.015000 -0.027604
0 0.024167 0.041405 -0.046667 -0.082811
0 0.004583 0.007528 -0.007500 -0.015056
0 0.024167 0.044542 -0.046667 -0.089084
0 0.004583 0.007528 -0.007500 -0.015056
0 0.005833 0.011292 -0.010000 -0.022585
0 0.013750 0.023839 -0.025833 -0.047679
0 0.005833 0.011292 -0.010000 -0.022585
0 0.009167 0.015056 -0.016667 -0.030113
0 0.004583 0.010038 -0.007500 -0.020075
0 0.004583 0.010038 -0.007500 -0.020075
0 0.004583 0.010038 -0.007500 -0.020075
0 0.007917 0.014429 -0.014167 -0.028858
0 0.004583 0.007528 -0.007500 -0.015056
0 0.004583 0.007528 -0.007500 -0.015056
0 0.008333 0.013802 -0.015000 -0.027604
0 0.003333 0.003764 -0.005000 -0.007528
0 0.007917 0.014429 -0.014167 -0.028858
0 0.010417 0.021330 -0.019167 -0.042660
0 0.003333 0.003764 -0.005000 -0.007528
0 0.009167 0.015056 -0.016667 -0.030113
0 0.010417 0.018821 -0.019167 -0.037641
0 0.015417 0.029486 -0.029167 -0.058971
0 0.041250 0.030113 -0.080833 -0.060226
0 0.004583 0.007528 -0.007500 -0.015056
0 0.002083 0.003137 -0.002500 -0.006274
0 0.008333 0.013802 -0.015000 -0.027604
0 0.004583 0.007528 -0.007500 -0.015056
0 0.005833 0.011292 -0.010000 -0.022585
0 0.005833 0.011292 -0.010000 -0.022585
0 0.010417 0.021330 -0.019167 -0.042660
0 0.004583 0.010038 -0.007500 -0.020075
0 0.015417 0.029486 -0.029167 -0.058971
0 0.014583 0.024467 -0.027500 -0.048934
0 0.004583 0.007528 -0.007500 -0.015056
0 0.014583 0.027604 -0.027500 -0.055207
0 0.007917 0.014429 -0.014167 -0.028858
0 0.015417 0.029486 -0.029167 -0.058971
0 0.003333 0.003764 -0.005000 -0.007528
0 0.008333 0.013802 -0.015000 -0.027604
0 0.024167 0.041405 -0.046667 -0.082811
0 0.006667 0.012547 -0.011667 -0.025094
0 0.004583 0.007528 -0.007500 -0.015056
0 0.009167 0.015056 -0.016667 -0.030113
0 0.005417 0.007528 -0.005833 -0.015056
0 0.012917 0.021330 -0.024167 -0.042660
0 0.003333 0.003764 -0.005000 -0.007528
0 0.030000 0.046424 -0.058333 -0.092848
0 0.041250 0.030113 -0.080833 -0.060226
0 0.005833 0.011292 -0.010000 -0.022585
0 0.005833 0.011292 -0.010000 -0.022585
0 0.004583 0.010038 -0.007500 -0.020075
0 0.004583 0.007528 -0.007500 -0.015056
0 0.008333 0.013802 -0.015000 -0.027604
0 0.012083 0.025094 -0.022500 -0.050188
0 0.009167 0.015056 -0.016667 -0.030113
0 0.005000 0.011292 -0.008333 -0.022585
0 0.003333 0.003764 -0.005000 -0.007528
0 0.005833 0.011292 -0.010000 -0.022585
0 0.006667 0.012547 -0.011667 -0.025094
0 0.004583 0.007528 -0.007500 -0.015056
0 0.010417 0.021330 -0.019167 -0.042660
0 0.008333 0.013802 -0.015000 -0.027604
0 0.012917 0.021330 -0.024167 -0.042660
0 0.003333 0.003764 -0.005000 -0.007528
0 0.005000 0.011292 -0.008333 -0.022585
0 0.004583 0.007528 -0.007500 -0.015056
0 0.024167 0.044542 -0.046667 -0.089084
0 0.005833 0.011292 -0.010000 -0.022585
0 0.024167 0.041405 -0.046667 -0.082811
0 0.015417 0.029486 -0.029167 -0.058971
0 0.007917 0.014429 -0.014167 -0.028858
0 0.005833 0.011292 -0.010000 -0.022585
0 0.014583 0.027604 -0.027500 -0.055207
0 0.024167 0.041405 -0.046667 -0.082811
0 0.007917 0.014429 -0.014167 -0.028858
0 0.005000 0.011292 -0.008333 -0.022585
0 0.004583 0.007528 -0.007500 -0.015056
0 0.005833 0.011292 -0.010000 -0.022585
0 0.003333 0.003764 -0.005000 -0.007528
0 0.005417 0.007528 -0.005833 -0.015056
0 0.003333 0.003764 -0.005000 -0.007528
0 0.004583 0.010038 -0.007500 -0.020075
0 0.015417 0.029486 -0.029167 -0.058971
0 0.004583 0.007528 -0.007500 -0.015056
0 0.007917 0.014429 -0.014167 -0.028858
0 0.007917 0.014429 -0.014167 -0.028858
0 0.002083 0.003137 -0.002500 -0.006274
0 0.007917 0.014429 -0.014167 -0.028858
0 0.003333 0.003764 -0.005000 -0.007528
0 0.014583 0.027604 -0.027500 -0.055207
0 0.013333 0.021957 -0.025000 -0.043915
0 0.003333 0.003764 -0.005000 -0.007528
0 0.010417 0.018821 -0.019167 -0.037641
0 0.004583 0.010038 -0.007500 -0.020075
0 0.004583 0.010038 -0.007500 -0.020075
0 0.012917 0.021330 -0.024167 -0.042660
0 0.007917 0.014429 -0.014167 -0.028858
0 0.004583 0.007528 -0.007500 -0.015056
0 0.009167 0.015056 -0.016667 -0.030113
0 0.009167 0.015056 -0.016667 -0.030113
0 0.014583 0.024467 -0.027500 -0.048934
0 0.004583 0.007528 -0.007500 -0.015056
0 0.002083 0.003137 -0.002500 -0.006274
0 0.002917 0.003137 -0.004167 -0.006274
0 0.004583 0.007528 -0.007500 -0.015056
0 0.003333 0.003764 -0.005000 -0.007528
0 0.008333 0.013802 -0.015000 -0.027604
0 0.002917 0.003137 -0.004167 -0.006274
0 0.002917 0.003137 -0.004167 -0.006274
0 0.024167 0.044542 -0.046667 -0.089084
0 0.005833 0.011292 -0.010000 -0.022585
0 0.002083 0.003137 -0.002500 -0.006274
0 0.004583 0.007528 -0.007500 -0.015056
0 0.008333 0.013802 -0.015000 -0.027604
0 0.013333 0.021957 -0.025000 -0.043915