0 0.015025 0.027059 -0.026711 -0.054118
0 0.017529 0.028235 -0.031720 -0.056471
0 0.015025 0.029412 -0.026711 -0.058824
0 0.015025 0.027059 -0.026711 -0.054118
0 0.020033 0.032941 -0.036728 -0.065882
0 0.020033 0.032941 -0.036728 -0.065882
0 0.015025 0.027059 -0.026711 -0.054118
0 0.018364 0.024706 -0.026711 -0.049412
0 0.015025 0.027059 -0.026711 -0.054118
0 0.015025 0.027059 -0.026711 -0.054118
0 0.016694 0.028235 -0.030050 -0.056471
0 0.020033 0.032941 -0.036728 -0.065882
0 0.017529 0.028235 -0.031720 -0.056471
0 0.020033 0.032941 -0.036728 -0.065882
0 0.017529 0.028235 -0.031720 -0.056471
0 0.015025 0.027059 -0.026711 -0.054118
0 0.016694 0.029412 -0.030050 -0.058824
0 0.015025 0.027059 -0.026711 -0.054118
0 0.017529 0.028235 -0.031720 -0.056471
0 0.017529 0.028235 -0.031720 -0.056471
0 0.015025 0.027059 -0.026711 -0.054118
0 0.015025 0.027059 -0.026711 -0.054118
0 0.017529 0.028235 -0.031720 -0.056471
0 0.020033 0.032941 -0.036728 -0.065882
0 0.010851 0.023529 -0.018364 -0.047059
0 0.015025 0.027059 -0.026711 -0.054118
0 0.015025 0.027059 -0.026711 -0.054118
0 0.020033 0.032941 -0.036728 -0.065882
0 0.018364 0.024706 -0.026711 -0.049412
0 0.016694 0.024706 -0.030050 -0.049412
0 0.015025 0.027059 -0.026711 -0.054118
0 0.016694 0.029412 -0.030050 -0.058824
0 0.020033 0.032941 -0.036728 -0.065882
0 0.017529 0.028235 -0.031720 -0.056471
0 0.020033 0.032941 -0.036728 -0.065882
0 0.015025 0.029412 -0.026711 -0.058824
0 0.020033 0.032941 -0.036728 -0.065882
0 0.015025 0.027059 -0.026711 -0.054118
0 0.015025 0.027059 -0.026711 -0.054118
0 0.015025 0.027059 -0.026711 -0.054118
0 0.015025 0.027059 -0.026711 -0.054118
0 0.020033 0.032941 -0.036728 -0.065882
0 0.015025 0.029412 -0.026711 -0.058824
0 0.016694 0.029412 -0.030050 -0.058824
0 0.016694 0.028235 -0.030050 -0.056471
0 0.017529 0.028235 -0.031720 -0.056471
0 0.015025 0.027059 -0.026711 -0.054118
0 0.020033 0.032941 -0.036728 -0.065882
0 0.015025 0.029412 -0.026711 -0.058824
0 0.016694 0.029412 -0.030050 -0.058824
0 0.015025 0.029412 -0.026711 -0.058824
0 0.016694 0.028235 -0.030050 -0.056471
0 0.015025 0.027059 -0.026711 -0.054118
0 0.015025 0.027059 -0.026711 -0.054118
0 0.015025 0.027059 -0.026711 -0.054118
0 0.020033 0.032941 -0.036728 -0.065882