0 0.004662 0.009328 -0.006993 -0.018657
0 0.004662 0.009328 -0.006993 -0.018657
0 0.006410 0.012127 -0.010490 -0.024254
0 0.004662 0.009328 -0.006993 -0.018657
0 0.004662 0.009328 -0.006993 -0.018657
0 0.002914 0.006530 -0.003497 -0.009328
0 0.002914 0.006530 -0.003497 -0.009328
0 0.006410 0.012127 -0.010490 -0.024254
0 0.006410 0.009328 -0.010490 -0.018657
0 0.006410 0.012127 -0.010490 -0.024254
0 0.010490 0.021455 -0.018648 -0.042910
0 0.006410 0.012127 -0.010490 -0.024254
0 0.002914 0.006530 -0.003497 -0.009328
0 0.006410 0.012127 -0.010490 -0.024254
0 0.004662 0.009328 -0.006993 -0.018657
0 0.002914 0.006530 -0.003497 -0.009328
0 0.002914 0.006530 -0.003497 -0.009328
0 0.010490 0.021455 -0.018648 -0.042910
0 0.002914 0.006530 -0.003497 -0.009328
0 0.004662 0.009328 -0.006993 -0.018657
0 0.002914 0.005597 -0.003497 -0.011194
0 0.004662 0.009328 -0.006993 -0.018657
0 0.006410 0.012127 -0.010490 -0.024254
0 0.004662 0.009328 -0.006993 -0.018657
0 0.002914 0.006530 -0.003497 -0.009328
0 0.006410 0.010261 -0.010490 -0.016791
0 0.002914 0.006530 -0.003497 -0.009328
0 0.002914 0.006530 -0.003497 -0.009328
0 0.004662 0.009328 -0.006993 -0.018657
0 0.006410 0.012127 -0.010490 -0.024254
0 0.002914 0.006530 -0.003497 -0.009328
0 0.004662 0.009328 -0.006993 -0.018657
0 0.010490 0.021455 -0.018648 -0.042910
0 0.004662 0.009328 -0.006993 -0.018657
0 0.002914 0.006530 -0.003497 -0.009328
0 0.006410 0.012127 -0.010490 -0.024254
0 0.006410 0.012127 -0.010490 -0.024254
0 0.002914 0.006530 -0.003497 -0.009328
0 0.002914 0.006530 -0.003497 -0.009328
0 0.006410 0.012127 -0.010490 -0.024254
0 0.006410 0.012127 -0.010490 -0.024254
0 0.004662 0.009328 -0.006993 -0.018657
0 0.002914 0.006530 -0.003497 -0.009328
0 0.004662 0.009328 -0.006993 -0.018657
0 0.004662 0.009328 -0.006993 -0.018657
0 0.002914 0.006530 -0.003497 -0.009328
0 0.004662 0.009328 -0.006993 -0.018657
0 0.002914 0.006530 -0.003497 -0.009328
0 0.004662 0.009328 -0.006993 -0.018657
0 0.004662 0.009328 -0.006993 -0.018657
0 0.004662 0.009328 -0.006993 -0.018657
0 0.002914 0.005597 -0.003497 -0.011194
0 0.002914 0.006530 -0.003497 -0.009328
0 0.010490 0.021455 -0.018648 -0.042910
0 0.002914 0.006530 -0.003497 -0.009328
0 0.002914 0.006530 -0.003497 -0.009328
0 0.006410 0.012127 -0.010490 -0.024254
0 0.002914 0.005597 -0.003497 -0.011194
0 0.010490 0.021455 -0.018648 -0.042910
0 0.004662 0.009328 -0.006993 -0.018657
0 0.004662 0.009328 -0.006993 -0.018657
0 0.002914 0.006530 -0.003497 -0.009328
0 0.010490 0.021455 -0.018648 -0.042910
0 0.010490 0.021455 -0.018648 -0.042910
0 0.004662 0.009328 -0.006993 -0.018657
0 0.004662 0.009328 -0.006993 -0.018657
0 0.006410 0.012127 -0.010490 -0.024254
0 0.010490 0.021455 -0.018648 -0.042910
0 0.006410 0.012127 -0.010490 -0.024254
0 0.002914 0.005597 -0.003497 -0.011194
0 0.002914 0.005597 -0.003497 -0.011194
0 0.002914 0.006530 -0.003497 -0.009328
0 0.002914 0.006530 -0.003497 -0.009328
0 0.002914 0.006530 -0.003497 -0.009328
0 0.006410 0.012127 -0.010490 -0.024254
0 0.006410 0.012127 -0.010490 -0.024254
0 0.002914 0.006530 -0.003497 -0.009328
0 0.002914 0.006530 -0.003497 -0.009328
0 0.004662 0.009328 -0.006993 -0.018657
0 0.004662 0.009328 -0.006993 -0.018657
0 0.002914 0.005597 -0.003497 -0.011194
0 0.004662 0.009328 -0.006993 -0.018657
0 0.006410 0.012127 -0.010490 -0.024254
0 0.004662 0.009328 -0.006993 -0.018657
0 0.004662 0.009328 -0.006993 -0.018657
0 0.002914 0.005597 -0.003497 -0.011194
0 0.004662 0.009328 -0.006993 -0.018657
0 0.002914 0.005597 -0.003497 -0.011194
0 0.010490 0.021455 -0.018648 -0.042910
0 0.002914 0.006530 -0.003497 -0.009328
0 0.006410 0.012127 -0.010490 -0.024254
0 0.006410 0.009328 -0.010490 -0.018657
0 0.002914 0.006530 -0.003497 -0.009328
0 0.002914 0.006530 -0.003497 -0.009328
0 0.004662 0.009328 -0.006993 -0.018657
0 0.002914 0.006530 -0.003497 -0.009328
0 0.002914 0.006530 -0.003497 -0.009328
0 0.002914 0.006530 -0.003497 -0.009328
0 0.002914 0.006530 -0.003497 -0.009328
0 0.002914 0.006530 -0.003497 -0.009328
0 0.002914 0.006530 -0.003497 -0.009328
0 0.010490 0.021455 -0.018648 -0.042910
0 0.004662 0.009328 -0.006993 -0.018657
0 0.002914 0.006530 -0.003497 -0.009328
0 0.010490 0.021455 -0.018648 -0.042910
0 0.002914 0.006530 -0.003497 -0.009328
0 0.006410 0.012127 -0.010490 -0.024254
0 0.004662 0.009328 -0.006993 -0.018657
0 0.002914 0.005597 -0.003497 -0.011194
0 0.002914 0.006530 -0.003497 -0.009328
0 0.006410 0.012127 -0.010490 -0.024254
0 0.004662 0.009328 -0.006993 -0.018657
0 0.004662 0.009328 -0.006993 -0.018657
0 0.004662 0.009328 -0.006993 -0.018657
0 0.004662 0.009328 -0.006993 -0.018657
0 0.010490 0.021455 -0.018648 -0.042910
0 0.002914 0.005597 -0.003497 -0.011194
0 0.002914 0.006530 -0.003497 -0.009328
0 0.004662 0.009328 -0.006993 -0.018657
0 0.010490 0.021455 -0.018648 -0.042910
0 0.006410 0.012127 -0.010490 -0.024254
0 0.006410 0.012127 -0.010490 -0.024254
0 0.010490 0.021455 -0.018648 -0.042910
0 0.002914 0.006530 -0.003497 -0.009328
0 0.006410 0.012127 -0.010490 -0.024254
0 0.004662 0.009328 -0.006993 -0.018657
0 0.002914 0.006530 -0.003497 -0.009328
0 0.002914 0.006530 -0.003497 -0.009328
0 0.006410 0.012127 -0.010490 -0.024254
0 0.002914 0.006530 -0.003497 -0.009328
0 0.002914 0.006530 -0.003497 -0.009328
0 0.002914 0.006530 -0.003497 -0.009328
0 0.004662 0.009328 -0.006993 -0.018657
0 0.004662 0.009328 -0.006993 -0.018657
0 0.002914 0.006530 -0.003497 -0.009328
0 0.006410 0.012127 -0.010490 -0.024254
0 0.002914 0.006530 -0.003497 -0.009328
0 0.004662 0.009328 -0.006993 -0.018657
0 0.004662 0.009328 -0.006993 -0.018657
0 0.004662 0.009328 -0.006993 -0.018657
0 0.006410 0.012127 -0.010490 -0.024254
0 0.006410 0.012127 -0.010490 -0.024254
0 0.006410 0.009328 -0.010490 -0.018657
0 0.004662 0.009328 -0.006993 -0.018657
0 0.004662 0.009328 -0.006993 -0.018657
0 0.004662 0.009328 -0.006993 -0.018657
0 0.006410 0.012127 -0.010490 -0.024254
0 0.002914 0.006530 -0.003497 -0.009328
0 0.002914 0.006530 -0.003497 -0.009328
0 0.010490 0.021455 -0.018648 -0.042910
0 0.006410 0.012127 -0.010490 -0.024254
0 0.005828 0.011194 -0.009324 -0.022388
0 0.002914 0.006530 -0.003497 -0.009328
0 0.004662 0.009328 -0.006993 -0.018657
0 0.006410 0.012127 -0.010490 -0.024254
0 0.002914 0.006530 -0.003497 -0.009328
0 0.002914 0.006530 -0.003497 -0.009328
0 0.002914 0.006530 -0.003497 -0.009328
0 0.002914 0.006530 -0.003497 -0.009328
0 0.002914 0.006530 -0.003497 -0.009328
0 0.002914 0.006530 -0.003497 -0.009328
0 0.002914 0.005597 -0.003497 -0.011194
0 0.002914 0.006530 -0.003497 -0.009328
0 0.002914 0.005597 -0.003497 -0.011194
0 0.002914 0.006530 -0.003497 -0.009328
0 0.004662 0.009328 -0.006993 -0.018657
0 0.002914 0.006530 -0.003497 -0.009328
0 0.004662 0.009328 -0.006993 -0.018657
0 0.002914 0.006530 -0.003497 -0.009328
0 0.004662 0.009328 -0.006993 -0.018657
0 0.004662 0.009328 -0.006993 -0.018657
0 0.002914 0.005597 -0.003497 -0.011194
0 0.002914 0.006530 -0.003497 -0.009328
0 0.004662 0.009328 -0.006993 -0.018657
0 0.002914 0.005597 -0.003497 -0.011194
0 0.004662 0.009328 -0.006993 -0.018657
0 0.006410 0.009328 -0.010490 -0.018657
0 0.002914 0.005597 -0.003497 -0.011194
0 0.004662 0.009328 -0.006993 -0.018657
0 0.002914 0.006530 -0.003497 -0.009328
0 0.002914 0.006530 -0.003497 -0.009328
0 0.002914 0.005597 -0.003497 -0.011194
0 0.002914 0.006530 -0.003497 -0.009328
0 0.005245 0.010261 -0.008159 -0.020522
0 0.002914 0.006530 -0.003497 -0.009328
0 0.002914 0.006530 -0.003497 -0.009328
0 0.006410 0.012127 -0.010490 -0.024254
0 0.010490 0.021455 -0.018648 -0.042910
0 0.006410 0.012127 -0.010490 -0.024254
0 0.002914 0.006530 -0.003497 -0.009328
0 0.002914 0.006530 -0.003497 -0.009328
0 0.006410 0.012127 -0.010490 -0.024254
0 0.002914 0.006530 -0.003497 -0.009328
0 0.002914 0.005597 -0.003497 -0.011194
0 0.004662 0.009328 -0.006993 -0.018657
0 0.002914 0.005597 -0.003497 -0.011194
0 0.002914 0.006530 -0.003497 -0.009328
0 0.006410 0.009328 -0.010490 -0.018657
0 0.010490 0.021455 -0.018648 -0.042910
0 0.004662 0.009328 -0.006993 -0.018657
0 0.004662 0.009328 -0.006993 -0.018657
0 0.002914 0.006530 -0.003497 -0.009328
0 0.006410 0.009328 -0.010490 -0.018657
0 0.004662 0.009328 -0.006993 -0.018657
0 0.002914 0.006530 -0.003497 -0.009328
0 0.006410 0.012127 -0.010490 -0.024254
0 0.006410 0.012127 -0.010490 -0.024254
0 0.002914 0.006530 -0.003497 -0.009328
0 0.010490 0.021455 -0.018648 -0.042910
0 0.004662 0.009328 -0.006993 -0.018657
0 0.004662 0.009328 -0.006993 -0.018657
0 0.004662 0.009328 -0.006993 -0.018657
0 0.002914 0.006530 -0.003497 -0.009328
0 0.006410 0.009328 -0.010490 -0.018657
0 0.010490 0.021455 -0.018648 -0.042910
0 0.006410 0.012127 -0.010490 -0.024254
0 0.002914 0.005597 -0.003497 -0.011194
0 0.002914 0.006530 -0.003497 -0.009328
0 0.002914 0.006530 -0.003497 -0.009328
0 0.010490 0.021455 -0.018648 -0.042910
0 0.010490 0.021455 -0.018648 -0.042910
0 0.004662 0.009328 -0.006993 -0.018657
0 0.002914 0.006530 -0.003497 -0.009328
0 0.006410 0.009328 -0.010490 -0.018657
0 0.006410 0.012127 -0.010490 -0.024254
0 0.004662 0.009328 -0.006993 -0.018657
0 0.002914 0.006530 -0.003497 -0.009328
0 0.002914 0.006530 -0.003497 -0.009328
0 0.010490 0.021455 -0.018648 -0.042910
0 0.006410 0.012127 -0.010490 -0.024254
0 0.002914 0.005597 -0.003497 -0.011194
0 0.002914 0.005597 -0.003497 -0.011194
0 0.002914 0.006530 -0.003497 -0.009328
0 0.004662 0.009328 -0.006993 -0.018657
0 0.002914 0.006530 -0.003497 -0.009328
0 0.006410 0.009328 -0.010490 -0.018657
0 0.002914 0.006530 -0.003497 -0.009328
0 0.006410 0.012127 -0.010490 -0.024254
0 0.006410 0.012127 -0.010490 -0.024254
0 0.002914 0.005597 -0.003497 -0.011194
0 0.002914 0.006530 -0.003497 -0.009328
0 0.006410 0.012127 -0.010490 -0.024254
0 0.002914 0.005597 -0.003497 -0.011194
0 0.004662 0.009328 -0.006993 -0.018657
0 0.004662 0.009328 -0.006993 -0.018657
0 0.004662 0.009328 -0.006993 -0.018657
0 0.002914 0.006530 -0.003497 -0.009328
0 0.006410 0.009328 -0.010490 -0.018657
0 0.004662 0.009328 -0.006993 -0.018657
0 0.002914 0.006530 -0.003497 -0.009328
0 0.002914 0.006530 -0.003497 -0.009328
0 0.002914 0.005597 -0.003497 -0.011194
0 0.006410 0.012127 -0.010490 -0.024254
0 0.004662 0.009328 -0.006993 -0.018657
0 0.010490 0.021455 -0.018648 -0.042910
0 0.010490 0.021455 -0.018648 -0.042910
0 0.002914 0.006530 -0.003497 -0.009328
0 0.010490 0.021455 -0.018648 -0.042910
0 0.006410 0.012127 -0.010490 -0.024254
0 0.006410 0.012127 -0.010490 -0.024254
0 0.006410 0.012127 -0.010490 -0.024254
0 0.011655 0.021455 -0.016317 -0.042910
0 0.004662 0.009328 -0.006993 -0.018657
0 0.002914 0.005597 -0.003497 -0.011194
0 0.006993 0.013993 -0.011655 -0.027985
0 0.004662 0.009328 -0.006993 -0.018657
0 0.002914 0.005597 -0.003497 -0.011194
0 0.002914 0.006530 -0.003497 -0.009328
0 0.006410 0.012127 -0.010490 -0.024254
0 0.010490 0.021455 -0.018648 -0.042910
0 0.002914 0.005597 -0.003497 -0.011194
0 0.002914 0.006530 -0.003497 -0.009328
0 0.002914 0.005597 -0.003497 -0.011194
0 0.002914 0.006530 -0.003497 -0.009328
0 0.002914 0.006530 -0.003497 -0.009328
0 0.006410 0.012127 -0.010490 -0.024254
0 0.002914 0.005597 -0.003497 -0.011194
0 0.002914 0.005597 -0.003497 -0.011194
0 0.006410 0.012127 -0.010490 -0.024254