0 0.006348 0.010417 -0.010742 -0.020833
0 0.010254 0.020833 -0.018555 -0.041667
0 0.008789 0.013021 -0.015625 -0.026042
0 0.012695 0.023438 -0.021484 -0.046875
0 0.005859 0.011285 -0.009766 -0.022569
0 0.005859 0.011285 -0.009766 -0.022569
0 0.005859 0.011285 -0.009766 -0.022569
0 0.012695 0.023438 -0.021484 -0.046875
0 0.008789 0.013021 -0.015625 -0.026042
0 0.006348 0.010417 -0.010742 -0.020833
0 0.012207 0.023438 -0.022461 -0.046875
0 0.012695 0.023438 -0.021484 -0.046875
0 0.014648 0.026910 -0.027344 -0.053819
0 0.007324 0.013889 -0.012695 -0.027778
0 0.007324 0.013889 -0.012695 -0.027778
0 0.016113 0.022569 -0.030273 -0.045139
0 0.026367 0.049479 -0.050781 -0.098958
0 0.043945 0.067708 -0.083984 -0.135417
0 0.005859 0.011285 -0.009766 -0.022569
0 0.006348 0.010417 -0.010742 -0.020833
0 0.006348 0.010417 -0.010742 -0.020833
0 0.017578 0.031250 -0.033203 -0.062500
0 0.005859 0.011285 -0.009766 -0.022569
0 0.006348 0.010417 -0.010742 -0.020833
0 0.006348 0.010417 -0.010742 -0.020833
0 0.030762 0.068576 -0.059570 -0.137153
0 0.007324 0.013889 -0.012695 -0.027778
0 0.005859 0.011285 -0.009766 -0.022569
0 0.009766 0.018229 -0.017578 -0.036458
0 0.030762 0.068576 -0.059570 -0.137153
0 0.006348 0.010417 -0.010742 -0.020833
0 0.014648 0.023438 -0.027344 -0.046875
0 0.005859 0.011285 -0.009766 -0.022569
0 0.010254 0.020833 -0.018555 -0.041667
0 0.007324 0.013889 -0.012695 -0.027778
0 0.006348 0.010417 -0.010742 -0.020833
0 0.006348 0.010417 -0.010742 -0.020833
0 0.031738 0.067708 -0.061523 -0.135417
0 0.007324 0.013889 -0.012695 -0.027778
0 0.012695 0.023438 -0.021484 -0.046875
0 0.006348 0.010417 -0.010742 -0.020833
0 0.007324 0.013889 -0.012695 -0.027778
0 0.014160 0.028646 -0.026367 -0.057292
0 0.014648 0.026910 -0.027344 -0.053819
0 0.006348 0.010417 -0.010742 -0.020833
0 0.016113 0.022569 -0.030273 -0.045139
0 0.010254 0.020833 -0.018555 -0.041667
0 0.007324 0.013889 -0.012695 -0.027778
0 0.006348 0.011285 -0.010742 -0.022569
0 0.005859 0.011285 -0.009766 -0.022569
0 0.007324 0.013889 -0.012695 -0.027778
0 0.012207 0.023438 -0.022461 -0.046875
0 0.009277 0.013021 -0.014648 -0.026042
0 0.006348 0.010417 -0.010742 -0.020833
0 0.006348 0.010417 -0.010742 -0.020833
0 0.014160 0.028646 -0.026367 -0.057292
0 0.012207 0.023438 -0.022461 -0.046875
0 0.006348 0.010417 -0.010742 -0.020833
0 0.014648 0.024306 -0.027344 -0.048611
0 0.007324 0.013889 -0.012695 -0.027778
0 0.005859 0.011285 -0.009766 -0.022569
0 0.007324 0.013889 -0.012695 -0.027778
0 0.006348 0.010417 -0.010742 -0.020833
0 0.009277 0.018229 -0.016602 -0.036458
0 0.007324 0.013889 -0.012695 -0.027778
0 0.007324 0.013889 -0.012695 -0.027778
0 0.010254 0.020833 -0.018555 -0.041667
0 0.043945 0.067708 -0.083984 -0.135417
0 0.006348 0.010417 -0.010742 -0.020833
0 0.006348 0.010417 -0.010742 -0.020833
0 0.010254 0.020833 -0.018555 -0.041667
0 0.026367 0.049479 -0.050781 -0.098958
0 0.008789 0.013021 -0.015625 -0.026042
0 0.006348 0.010417 -0.010742 -0.020833
0 0.005859 0.011285 -0.009766 -0.022569
0 0.006348 0.010417 -0.010742 -0.020833
0 0.014648 0.023438 -0.027344 -0.046875
0 0.012207 0.023438 -0.022461 -0.046875
0 0.006348 0.010417 -0.010742 -0.020833
0 0.007324 0.013889 -0.012695 -0.027778
0 0.006348 0.010417 -0.010742 -0.020833
0 0.007324 0.013889 -0.012695 -0.027778
0 0.006348 0.010417 -0.010742 -0.020833
0 0.017578 0.031250 -0.033203 -0.062500
0 0.014648 0.026910 -0.027344 -0.053819
0 0.009277 0.018229 -0.016602 -0.036458
0 0.009277 0.013021 -0.014648 -0.026042
0 0.007324 0.013889 -0.012695 -0.027778
0 0.010254 0.020833 -0.018555 -0.041667
0 0.006348 0.010417 -0.010742 -0.020833
0 0.027344 0.045139 -0.052734 -0.090278
0 0.017578 0.031250 -0.033203 -0.062500
0 0.017578 0.031250 -0.033203 -0.062500
0 0.007324 0.013889 -0.012695 -0.027778
0 0.028809 0.045139 -0.055664 -0.090278
0 0.008789 0.013021 -0.015625 -0.026042
0 0.015625 0.029514 -0.029297 -0.059028
0 0.006348 0.010417 -0.010742 -0.020833
0 0.012207 0.023438 -0.022461 -0.046875
0 0.008789 0.013021 -0.015625 -0.026042
0 0.006348 0.010417 -0.010742 -0.020833
0 0.006348 0.010417 -0.010742 -0.020833
0 0.007324 0.013889 -0.012695 -0.027778
0 0.009277 0.018229 -0.016602 -0.036458
0 0.005859 0.011285 -0.009766 -0.022569
0 0.014648 0.023438 -0.027344 -0.046875
0 0.005859 0.011285 -0.009766 -0.022569
0 0.008789 0.013021 -0.015625 -0.026042
0 0.006348 0.010417 -0.010742 -0.020833
0 0.006348 0.010417 -0.010742 -0.020833
0 0.006348 0.010417 -0.010742 -0.020833
0 0.007324 0.013889 -0.012695 -0.027778
0 0.012207 0.023438 -0.022461 -0.046875
0 0.006348 0.010417 -0.010742 -0.020833
0 0.009277 0.018229 -0.016602 -0.036458
0 0.026367 0.049479 -0.050781 -0.098958
0 0.012207 0.023438 -0.022461 -0.046875
0 0.006348 0.010417 -0.010742 -0.020833
0 0.012207 0.023438 -0.022461 -0.046875
0 0.017578 0.031250 -0.033203 -0.062500
0 0.007324 0.013889 -0.012695 -0.027778
0 0.019043 0.037326 -0.036133 -0.074653
0 0.009277 0.018229 -0.016602 -0.036458
0 0.006348 0.010417 -0.010742 -0.020833
0 0.005859 0.011285 -0.009766 -0.022569
0 0.006348 0.010417 -0.010742 -0.020833
0 0.006348 0.010417 -0.010742 -0.020833
0 0.007324 0.013889 -0.012695 -0.027778
0 0.012207 0.023438 -0.022461 -0.046875
0 0.012207 0.023438 -0.022461 -0.046875