0 0.029874 0.052257 -0.056604 -0.104513
0 0.018868 0.042755 -0.034591 -0.085511
0 0.018868 0.042755 -0.034591 -0.085511
0 0.018868 0.042755 -0.034591 -0.085511
0 0.029874 0.055819 -0.056604 -0.111639
0 0.030660 0.068884 -0.058176 -0.137767
0 0.018868 0.042755 -0.034591 -0.085511
0 0.018868 0.042755 -0.034591 -0.085511
0 0.018868 0.042755 -0.034591 -0.085511
0 0.028302 0.051069 -0.053459 -0.102138
0 0.028302 0.047506 -0.053459 -0.095012
0 0.029874 0.055819 -0.056604 -0.111639
0 0.030660 0.068884 -0.058176 -0.137767
0 0.018868 0.042755 -0.034591 -0.085511
0 0.029874 0.052257 -0.056604 -0.104513
0 0.028302 0.051069 -0.053459 -0.102138
0 0.028302 0.051069 -0.053459 -0.102138
0 0.018868 0.042755 -0.034591 -0.085511
0 0.029874 0.055819 -0.056604 -0.111639
0 0.028302 0.051069 -0.053459 -0.102138
0 0.028302 0.047506 -0.053459 -0.095012
0 0.045597 0.083135 -0.088050 -0.166271
0 0.029874 0.055819 -0.056604 -0.111639
0 0.018868 0.042755 -0.034591 -0.085511
0 0.030660 0.068884 -0.058176 -0.137767
0 0.014937 0.030879 -0.026730 -0.061758