0 0.045000 0.075472 -0.086000 -0.150943
0 0.020000 0.039308 -0.036000 -0.072327
0 0.017000 0.026730 -0.030000 -0.047170
0 0.021000 0.042453 -0.038000 -0.084906
0 0.021000 0.042453 -0.038000 -0.084906
0 0.021000 0.042453 -0.038000 -0.084906
0 0.017000 0.025157 -0.030000 -0.050314
0 0.021000 0.042453 -0.038000 -0.084906
0 0.021000 0.042453 -0.038000 -0.084906
0 0.021000 0.042453 -0.038000 -0.084906
0 0.031000 0.055031 -0.058000 -0.110063
0 0.045000 0.075472 -0.086000 -0.150943
0 0.017000 0.026730 -0.030000 -0.047170
0 0.017000 0.025157 -0.030000 -0.050314
0 0.031000 0.055031 -0.058000 -0.110063
0 0.017000 0.025157 -0.030000 -0.050314
0 0.021000 0.042453 -0.038000 -0.084906
0 0.031000 0.055031 -0.058000 -0.110063
0 0.021000 0.042453 -0.038000 -0.084906
0 0.031000 0.055031 -0.058000 -0.110063
0 0.021000 0.042453 -0.038000 -0.084906
0 0.045000 0.075472 -0.086000 -0.150943
0 0.018000 0.029874 -0.032000 -0.053459
0 0.017000 0.026730 -0.030000 -0.047170
0 0.021000 0.042453 -0.038000 -0.084906
0 0.045000 0.075472 -0.086000 -0.150943
0 0.017000 0.025157 -0.030000 -0.050314
0 0.021000 0.042453 -0.038000 -0.084906
0 0.017000 0.025157 -0.030000 -0.050314
0 0.045000 0.075472 -0.086000 -0.150943
0 0.017000 0.026730 -0.030000 -0.047170
0 0.017000 0.025157 -0.030000 -0.050314
0 0.031000 0.055031 -0.058000 -0.110063
0 0.041000 0.069182 -0.078000 -0.138365
0 0.031000 0.055031 -0.058000 -0.110063
0 0.021000 0.042453 -0.038000 -0.084906
0 0.017000 0.026730 -0.030000 -0.047170
0 0.019000 0.033019 -0.034000 -0.066038
0 0.031000 0.055031 -0.058000 -0.110063
0 0.021000 0.042453 -0.038000 -0.084906
0 0.021000 0.042453 -0.038000 -0.084906
0 0.019000 0.034591 -0.034000 -0.062893
0 0.021000 0.042453 -0.038000 -0.084906
0 0.045000 0.075472 -0.086000 -0.150943
0 0.021000 0.042453 -0.038000 -0.084906
0 0.045000 0.075472 -0.086000 -0.150943
0 0.031000 0.055031 -0.058000 -0.110063
0 0.021000 0.042453 -0.038000 -0.084906
0 0.021000 0.042453 -0.038000 -0.084906
0 0.031000 0.055031 -0.058000 -0.110063
0 0.045000 0.075472 -0.086000 -0.150943
0 0.021000 0.042453 -0.038000 -0.084906
0 0.017000 0.026730 -0.030000 -0.047170
0 0.031000 0.055031 -0.058000 -0.110063
0 0.045000 0.075472 -0.086000 -0.150943
0 0.020000 0.037736 -0.036000 -0.075472
0 0.031000 0.055031 -0.058000 -0.110063
0 0.017000 0.025157 -0.030000 -0.050314
0 0.021000 0.042453 -0.038000 -0.084906
0 0.017000 0.026730 -0.030000 -0.047170
0 0.017000 0.025157 -0.030000 -0.050314
0 0.045000 0.075472 -0.086000 -0.150943
0 0.021000 0.042453 -0.038000 -0.084906
0 0.045000 0.075472 -0.086000 -0.150943
0 0.021000 0.042453 -0.038000 -0.084906
0 0.021000 0.042453 -0.038000 -0.084906
0 0.019000 0.034591 -0.034000 -0.062893
0 0.021000 0.042453 -0.038000 -0.084906
0 0.021000 0.042453 -0.038000 -0.084906
0 0.021000 0.042453 -0.038000 -0.084906
0 0.021000 0.042453 -0.038000 -0.084906
0 0.021000 0.042453 -0.038000 -0.084906
0 0.045000 0.075472 -0.086000 -0.150943
0 0.021000 0.042453 -0.038000 -0.084906
0 0.021000 0.042453 -0.038000 -0.084906
0 0.045000 0.075472 -0.086000 -0.150943
0 0.031000 0.055031 -0.058000 -0.110063
0 0.017000 0.025157 -0.030000 -0.050314
0 0.017000 0.026730 -0.030000 -0.047170
0 0.017000 0.026730 -0.030000 -0.047170
0 0.031000 0.055031 -0.058000 -0.110063
0 0.017000 0.026730 -0.030000 -0.047170
0 0.031000 0.055031 -0.058000 -0.110063