0 0.005859 0.007639 -0.010156 -0.015278
0 0.004687 0.013889 -0.007812 -0.027778
0 0.004687 0.013889 -0.007812 -0.027778
0 0.009375 0.019444 -0.017188 -0.038889
0 0.004687 0.013889 -0.007812 -0.027778
0 0.001563 0.001389 -0.001563 -0.002778
0 0.004687 0.013889 -0.007812 -0.027778
0 0.004687 0.013889 -0.007812 -0.027778
0 0.003516 0.004167 -0.005469 -0.008333
0 0.003516 0.004167 -0.005469 -0.008333
0 0.009375 0.019444 -0.017188 -0.038889
0 0.005859 0.007639 -0.010156 -0.015278
0 0.004687 0.013889 -0.007812 -0.027778
0 0.009375 0.019444 -0.017188 -0.038889
0 0.001563 0.001389 -0.001563 -0.002778
0 0.004687 0.013889 -0.007812 -0.027778
0 0.009375 0.019444 -0.017188 -0.038889
0 0.004687 0.013889 -0.007812 -0.027778
0 0.004687 0.013889 -0.007812 -0.027778
0 0.001563 0.001389 -0.001563 -0.002778
0 0.009375 0.019444 -0.017188 -0.038889
0 0.009375 0.019444 -0.017188 -0.038889
0 0.001563 0.001389 -0.001563 -0.002778
0 0.004687 0.013889 -0.007812 -0.027778
0 0.004687 0.013889 -0.007812 -0.027778
0 0.004687 0.013889 -0.007812 -0.027778
0 0.004687 0.013889 -0.007812 -0.027778
0 0.004687 0.013889 -0.007812 -0.027778
0 0.005859 0.007639 -0.010156 -0.015278
0 0.005859 0.007639 -0.010156 -0.015278
0 0.004687 0.013889 -0.007812 -0.027778
0 0.004687 0.013889 -0.007812 -0.027778
0 0.004687 0.013889 -0.007812 -0.027778
0 0.004687 0.013889 -0.007812 -0.027778
0 0.001563 0.001389 -0.001563 -0.002778
0 0.005859 0.007639 -0.010156 -0.015278
0 0.004687 0.013889 -0.007812 -0.027778
0 0.005859 0.007639 -0.010156 -0.015278
0 0.004687 0.005556 -0.007812 -0.011111
0 0.005859 0.007639 -0.010156 -0.015278
0 0.004687 0.013889 -0.007812 -0.027778
0 0.005859 0.007639 -0.010156 -0.015278
0 0.007031 0.016667 -0.012500 -0.033333
0 0.009375 0.019444 -0.017188 -0.038889
0 0.004687 0.013889 -0.007812 -0.027778
0 0.009375 0.019444 -0.017188 -0.038889
0 0.004687 0.013889 -0.007812 -0.027778
0 0.005859 0.007639 -0.010156 -0.015278
0 0.005859 0.007639 -0.010156 -0.015278
0 0.005859 0.007639 -0.010156 -0.015278
0 0.004687 0.005556 -0.007812 -0.011111
0 0.005859 0.007639 -0.010156 -0.015278
0 0.004687 0.013889 -0.007812 -0.027778
0 0.001563 0.001389 -0.001563 -0.002778
0 0.004687 0.011806 -0.007812 -0.023611
0 0.001563 0.001389 -0.001563 -0.002778
0 0.005859 0.007639 -0.010156 -0.015278
0 0.009375 0.019444 -0.017188 -0.038889
0 0.001563 0.001389 -0.001563 -0.002778
0 0.004687 0.013889 -0.007812 -0.027778
0 0.005859 0.007639 -0.010156 -0.015278
0 0.005859 0.007639 -0.010156 -0.015278
0 0.009375 0.019444 -0.017188 -0.038889
0 0.005859 0.007639 -0.010156 -0.015278
0 0.005859 0.007639 -0.010156 -0.015278
0 0.005859 0.007639 -0.010156 -0.015278
0 0.004687 0.013889 -0.007812 -0.027778
0 0.004687 0.013889 -0.007812 -0.027778
0 0.005859 0.007639 -0.010156 -0.015278
0 0.001563 0.001389 -0.001563 -0.002778
0 0.005078 0.010417 -0.008594 -0.020833
0 0.004687 0.013889 -0.007812 -0.027778
0 0.005859 0.007639 -0.010156 -0.015278
0 0.004687 0.013889 -0.007812 -0.027778
0 0.004687 0.013889 -0.007812 -0.027778
0 0.005859 0.007639 -0.010156 -0.015278
0 0.005078 0.010417 -0.008594 -0.020833
0 0.001563 0.001389 -0.001563 -0.002778
0 0.005859 0.007639 -0.010156 -0.015278
0 0.009375 0.019444 -0.017188 -0.038889
0 0.004687 0.013889 -0.007812 -0.027778
0 0.004687 0.013889 -0.007812 -0.027778
0 0.004687 0.013889 -0.007812 -0.027778
0 0.005859 0.007639 -0.010156 -0.015278
0 0.004687 0.013889 -0.007812 -0.027778
0 0.005859 0.007639 -0.010156 -0.015278
0 0.005859 0.007639 -0.010156 -0.015278
0 0.004687 0.013889 -0.007812 -0.027778
0 0.004687 0.013889 -0.007812 -0.027778
0 0.001563 0.001389 -0.001563 -0.002778
0 0.001563 0.001389 -0.001563 -0.002778
0 0.004687 0.013889 -0.007812 -0.027778
0 0.004687 0.005556 -0.007812 -0.011111
0 0.004687 0.013889 -0.007812 -0.027778
0 0.005859 0.007639 -0.010156 -0.015278
0 0.005859 0.007639 -0.010156 -0.015278
0 0.009375 0.019444 -0.017188 -0.038889
0 0.004687 0.013889 -0.007812 -0.027778
0 0.009375 0.019444 -0.017188 -0.038889
0 0.009375 0.019444 -0.017188 -0.038889
0 0.001563 0.001389 -0.001563 -0.002778
0 0.004687 0.013889 -0.007812 -0.027778
0 0.005859 0.007639 -0.010156 -0.015278
0 0.005859 0.007639 -0.010156 -0.015278
0 0.001563 0.001389 -0.001563 -0.002778
0 0.004687 0.013889 -0.007812 -0.027778
0 0.005859 0.007639 -0.010156 -0.015278
0 0.005859 0.007639 -0.010156 -0.015278
0 0.004687 0.013889 -0.007812 -0.027778
0 0.004687 0.013889 -0.007812 -0.027778
0 0.005859 0.007639 -0.010156 -0.015278
0 0.004687 0.013889 -0.007812 -0.027778
0 0.004687 0.013889 -0.007812 -0.027778
0 0.005859 0.007639 -0.010156 -0.015278
0 0.001563 0.001389 -0.001563 -0.002778
0 0.005859 0.007639 -0.010156 -0.015278
0 0.009375 0.019444 -0.017188 -0.038889
0 0.001563 0.001389 -0.001563 -0.002778
0 0.004687 0.013889 -0.007812 -0.027778
0 0.004687 0.013889 -0.007812 -0.027778
0 0.005859 0.007639 -0.010156 -0.015278
0 0.005859 0.007639 -0.010156 -0.015278
0 0.004687 0.013889 -0.007812 -0.027778
0 0.005859 0.007639 -0.010156 -0.015278
0 0.004687 0.013889 -0.007812 -0.027778
0 0.001563 0.001389 -0.001563 -0.002778
0 0.005859 0.007639 -0.010156 -0.015278
0 0.005859 0.007639 -0.010156 -0.015278
0 0.009375 0.019444 -0.017188 -0.038889
0 0.004687 0.013889 -0.007812 -0.027778
0 0.009375 0.019444 -0.017188 -0.038889
0 0.005859 0.007639 -0.010156 -0.015278
0 0.005859 0.007639 -0.010156 -0.015278
0 0.004687 0.013889 -0.007812 -0.027778
0 0.005859 0.007639 -0.010156 -0.015278
0 0.009375 0.019444 -0.017188 -0.038889
0 0.005859 0.007639 -0.010156 -0.015278
0 0.004687 0.013889 -0.007812 -0.027778
0 0.009375 0.019444 -0.017188 -0.038889
0 0.001563 0.001389 -0.001563 -0.002778
0 0.001563 0.001389 -0.001563 -0.002778
0 0.001563 0.001389 -0.001563 -0.002778
0 0.004687 0.013889 -0.007812 -0.027778
0 0.005859 0.007639 -0.010156 -0.015278
0 0.005859 0.007639 -0.010156 -0.015278
0 0.004687 0.013889 -0.007812 -0.027778
0 0.009375 0.019444 -0.017188 -0.038889
0 0.001563 0.001389 -0.001563 -0.002778
0 0.009375 0.019444 -0.017188 -0.038889
0 0.005859 0.007639 -0.010156 -0.015278
0 0.004687 0.013889 -0.007812 -0.027778
0 0.005859 0.007639 -0.010156 -0.015278
0 0.004687 0.013889 -0.007812 -0.027778
0 0.004687 0.013889 -0.007812 -0.027778
0 0.004687 0.013889 -0.007812 -0.027778
0 0.005078 0.010417 -0.008594 -0.020833
0 0.005859 0.007639 -0.010156 -0.015278
0 0.005859 0.007639 -0.010156 -0.015278
0 0.009375 0.019444 -0.017188 -0.038889
0 0.001563 0.001389 -0.001563 -0.002778
0 0.004687 0.013889 -0.007812 -0.027778
0 0.004687 0.013889 -0.007812 -0.027778
0 0.004687 0.013889 -0.007812 -0.027778
0 0.009375 0.019444 -0.017188 -0.038889
0 0.005859 0.007639 -0.010156 -0.015278
0 0.005859 0.007639 -0.010156 -0.015278
0 0.004687 0.011806 -0.007812 -0.023611
0 0.004687 0.013889 -0.007812 -0.027778
0 0.001563 0.001389 -0.001563 -0.002778
0 0.004687 0.013889 -0.007812 -0.027778
0 0.004687 0.005556 -0.007812 -0.011111
0 0.005859 0.007639 -0.010156 -0.015278
0 0.001563 0.001389 -0.001563 -0.002778
0 0.005859 0.007639 -0.010156 -0.015278
0 0.005859 0.007639 -0.010156 -0.015278
0 0.009375 0.019444 -0.017188 -0.038889
0 0.005859 0.007639 -0.010156 -0.015278
0 0.005859 0.007639 -0.010156 -0.015278
0 0.005859 0.007639 -0.010156 -0.015278
0 0.004687 0.013889 -0.007812 -0.027778
0 0.005859 0.007639 -0.010156 -0.015278
0 0.004687 0.013889 -0.007812 -0.027778
0 0.004687 0.013889 -0.007812 -0.027778
0 0.001563 0.001389 -0.001563 -0.002778
0 0.004687 0.013889 -0.007812 -0.027778
0 0.004687 0.013889 -0.007812 -0.027778
0 0.009375 0.019444 -0.017188 -0.038889
0 0.001563 0.001389 -0.001563 -0.002778
0 0.004687 0.013889 -0.007812 -0.027778
0 0.004687 0.013889 -0.007812 -0.027778
0 0.005859 0.007639 -0.010156 -0.015278
0 0.001563 0.001389 -0.001563 -0.002778
0 0.005859 0.007639 -0.010156 -0.015278
0 0.001563 0.001389 -0.001563 -0.002778
0 0.009375 0.019444 -0.017188 -0.038889
0 0.005078 0.010417 -0.008594 -0.020833
0 0.004687 0.013889 -0.007812 -0.027778
0 0.004687 0.013889 -0.007812 -0.027778
0 0.005859 0.007639 -0.010156 -0.015278
0 0.001563 0.001389 -0.001563 -0.002778
0 0.005859 0.007639 -0.010156 -0.015278
0 0.004687 0.013889 -0.007812 -0.027778
0 0.004687 0.013889 -0.007812 -0.027778
0 0.009375 0.019444 -0.017188 -0.038889
0 0.004687 0.013889 -0.007812 -0.027778
0 0.005859 0.007639 -0.010156 -0.015278
0 0.004687 0.013889 -0.007812 -0.027778
0 0.005859 0.007639 -0.010156 -0.015278
0 0.005859 0.007639 -0.010156 -0.015278
0 0.004687 0.013889 -0.007812 -0.027778
0 0.009375 0.019444 -0.017188 -0.038889
0 0.005859 0.007639 -0.010156 -0.015278
0 0.004687 0.013889 -0.007812 -0.027778
0 0.009375 0.019444 -0.017188 -0.038889
0 0.004687 0.013889 -0.007812 -0.027778
0 0.004687 0.013889 -0.007812 -0.027778
0 0.004687 0.013889 -0.007812 -0.027778
0 0.004687 0.005556 -0.007812 -0.011111
0 0.004687 0.005556 -0.007812 -0.011111
0 0.001563 0.001389 -0.001563 -0.002778
0 0.001563 0.001389 -0.001563 -0.002778
0 0.004687 0.013889 -0.007812 -0.027778
0 0.005469 0.009028 -0.009375 -0.018056
0 0.001563 0.001389 -0.001563 -0.002778
0 0.004687 0.013889 -0.007812 -0.027778
0 0.005859 0.007639 -0.010156 -0.015278
0 0.005859 0.007639 -0.010156 -0.015278
0 0.004687 0.013889 -0.007812 -0.027778
0 0.009375 0.019444 -0.017188 -0.038889
0 0.004687 0.013889 -0.007812 -0.027778
0 0.005859 0.007639 -0.010156 -0.015278
0 0.001563 0.001389 -0.001563 -0.002778
0 0.004687 0.013889 -0.007812 -0.027778
0 0.004687 0.013889 -0.007812 -0.027778
0 0.001563 0.001389 -0.001563 -0.002778
0 0.004687 0.013889 -0.007812 -0.027778
0 0.005859 0.007639 -0.010156 -0.015278
0 0.004687 0.013889 -0.007812 -0.027778
0 0.004687 0.013889 -0.007812 -0.027778
0 0.001563 0.001389 -0.001563 -0.002778
0 0.004687 0.013889 -0.007812 -0.027778
0 0.001563 0.001389 -0.001563 -0.002778
0 0.004687 0.013889 -0.007812 -0.027778
0 0.009375 0.019444 -0.017188 -0.038889
0 0.004687 0.013889 -0.007812 -0.027778
0 0.005859 0.007639 -0.010156 -0.015278
0 0.009375 0.019444 -0.017188 -0.038889
0 0.001563 0.001389 -0.001563 -0.002778
0 0.004687 0.013889 -0.007812 -0.027778
0 0.005859 0.007639 -0.010156 -0.015278
0 0.005859 0.007639 -0.010156 -0.015278
0 0.004687 0.013889 -0.007812 -0.027778
0 0.004687 0.013889 -0.007812 -0.027778
0 0.004687 0.013889 -0.007812 -0.027778
0 0.005078 0.011111 -0.008594 -0.022222
0 0.004687 0.013889 -0.007812 -0.027778
0 0.004687 0.013889 -0.007812 -0.027778
0 0.004687 0.013889 -0.007812 -0.027778
0 0.005859 0.007639 -0.010156 -0.015278
0 0.001563 0.001389 -0.001563 -0.002778
0 0.004687 0.013889 -0.007812 -0.027778
0 0.004687 0.013889 -0.007812 -0.027778
0 0.004687 0.013889 -0.007812 -0.027778
0 0.005859 0.007639 -0.010156 -0.015278
0 0.004687 0.013889 -0.007812 -0.027778
0 0.001563 0.001389 -0.001563 -0.002778
0 0.004687 0.013889 -0.007812 -0.027778
0 0.004687 0.013889 -0.007812 -0.027778
0 0.004687 0.013889 -0.007812 -0.027778
0 0.005859 0.007639 -0.010156 -0.015278
0 0.009375 0.019444 -0.017188 -0.038889
0 0.001563 0.001389 -0.001563 -0.002778
0 0.009375 0.019444 -0.017188 -0.038889
0 0.005859 0.007639 -0.010156 -0.015278
0 0.004687 0.013889 -0.007812 -0.027778
0 0.009375 0.019444 -0.017188 -0.038889
0 0.005859 0.007639 -0.010156 -0.015278
0 0.004687 0.013889 -0.007812 -0.027778
0 0.005859 0.007639 -0.010156 -0.015278
0 0.004687 0.013889 -0.007812 -0.027778
0 0.005859 0.007639 -0.010156 -0.015278
0 0.009375 0.019444 -0.017188 -0.038889
0 0.001563 0.001389 -0.001563 -0.002778
0 0.005859 0.007639 -0.010156 -0.015278
0 0.005859 0.007639 -0.010156 -0.015278
0 0.004687 0.013889 -0.007812 -0.027778
0 0.009375 0.019444 -0.017188 -0.038889
0 0.009375 0.019444 -0.017188 -0.038889
0 0.009375 0.019444 -0.017188 -0.038889
0 0.001563 0.001389 -0.001563 -0.002778
0 0.009375 0.019444 -0.017188 -0.038889
0 0.009375 0.019444 -0.017188 -0.038889
0 0.009375 0.019444 -0.017188 -0.038889
0 0.001563 0.001389 -0.001563 -0.002778
0 0.005469 0.009028 -0.009375 -0.018056
0 0.005859 0.007639 -0.010156 -0.015278
0 0.009375 0.019444 -0.017188 -0.038889
0 0.005859 0.007639 -0.010156 -0.015278
0 0.001563 0.001389 -0.001563 -0.002778
0 0.001563 0.001389 -0.001563 -0.002778
0 0.005859 0.007639 -0.010156 -0.015278
0 0.005859 0.007639 -0.010156 -0.015278
0 0.004687 0.013889 -0.007812 -0.027778
0 0.005859 0.007639 -0.010156 -0.015278
0 0.009375 0.019444 -0.017188 -0.038889
0 0.005859 0.007639 -0.010156 -0.015278
0 0.004687 0.013889 -0.007812 -0.027778
0 0.004687 0.013889 -0.007812 -0.027778
0 0.004687 0.013889 -0.007812 -0.027778
0 0.004687 0.013889 -0.007812 -0.027778
0 0.004687 0.013889 -0.007812 -0.027778
0 0.009375 0.019444 -0.017188 -0.038889
0 0.005859 0.007639 -0.010156 -0.015278
0 0.001563 0.001389 -0.001563 -0.002778
0 0.005859 0.007639 -0.010156 -0.015278
0 0.004687 0.013889 -0.007812 -0.027778
0 0.001563 0.001389 -0.001563 -0.002778
0 0.001563 0.001389 -0.001563 -0.002778
0 0.009375 0.019444 -0.017188 -0.038889
0 0.009375 0.019444 -0.017188 -0.038889
0 0.004687 0.013889 -0.007812 -0.027778
0 0.005859 0.015278 -0.010156 -0.030556
0 0.009375 0.019444 -0.017188 -0.038889
0 0.005859 0.007639 -0.010156 -0.015278
0 0.004687 0.013889 -0.007812 -0.027778
0 0.005859 0.007639 -0.010156 -0.015278
0 0.009375 0.019444 -0.017188 -0.038889
0 0.004687 0.013889 -0.007812 -0.027778
0 0.004687 0.013889 -0.007812 -0.027778
0 0.004687 0.013889 -0.007812 -0.027778
0 0.004687 0.013889 -0.007812 -0.027778
0 0.004687 0.013889 -0.007812 -0.027778
0 0.004687 0.013889 -0.007812 -0.027778
0 0.009375 0.019444 -0.017188 -0.038889
0 0.004687 0.013889 -0.007812 -0.027778
0 0.001563 0.001389 -0.001563 -0.002778
0 0.004687 0.013889 -0.007812 -0.027778
0 0.005859 0.007639 -0.010156 -0.015278
0 0.009375 0.019444 -0.017188 -0.038889
0 0.005859 0.007639 -0.010156 -0.015278
0 0.004687 0.013889 -0.007812 -0.027778
0 0.004687 0.013889 -0.007812 -0.027778
0 0.004687 0.013889 -0.007812 -0.027778
0 0.009375 0.019444 -0.017188 -0.038889
0 0.005859 0.007639 -0.010156 -0.015278
0 0.001563 0.001389 -0.001563 -0.002778
0 0.001563 0.001389 -0.001563 -0.002778
0 0.005859 0.007639 -0.010156 -0.015278
0 0.004687 0.013889 -0.007812 -0.027778
0 0.005859 0.007639 -0.010156 -0.015278
0 0.004687 0.013889 -0.007812 -0.027778
0 0.004687 0.013889 -0.007812 -0.027778
0 0.001563 0.001389 -0.001563 -0.002778
0 0.001563 0.001389 -0.001563 -0.002778
0 0.004687 0.013889 -0.007812 -0.027778
0 0.004687 0.013889 -0.007812 -0.027778
0 0.005859 0.007639 -0.010156 -0.015278
0 0.005859 0.007639 -0.010156 -0.015278
0 0.004687 0.013889 -0.007812 -0.027778
0 0.005859 0.007639 -0.010156 -0.015278
0 0.001563 0.001389 -0.001563 -0.002778
0 0.004687 0.013889 -0.007812 -0.027778
0 0.005859 0.007639 -0.010156 -0.015278
0 0.004687 0.013889 -0.007812 -0.027778
0 0.009375 0.019444 -0.017188 -0.038889
0 0.004687 0.013889 -0.007812 -0.027778
0 0.004687 0.013889 -0.007812 -0.027778
0 0.004687 0.013889 -0.007812 -0.027778
0 0.005859 0.007639 -0.010156 -0.015278
0 0.009375 0.019444 -0.017188 -0.038889
0 0.001563 0.001389 -0.001563 -0.002778
0 0.001563 0.001389 -0.001563 -0.002778
0 0.004687 0.013889 -0.007812 -0.027778
0 0.004687 0.013889 -0.007812 -0.027778
0 0.004687 0.013889 -0.007812 -0.027778
0 0.004687 0.012500 -0.007812 -0.025000
0 0.004687 0.013889 -0.007812 -0.027778
0 0.005859 0.007639 -0.010156 -0.015278
0 0.009375 0.019444 -0.017188 -0.038889
0 0.005469 0.009028 -0.009375 -0.018056
0 0.004687 0.013889 -0.007812 -0.027778
0 0.004687 0.013889 -0.007812 -0.027778
0 0.005078 0.010417 -0.008594 -0.020833
0 0.004687 0.013889 -0.007812 -0.027778
0 0.004687 0.013889 -0.007812 -0.027778
0 0.001563 0.001389 -0.001563 -0.002778
0 0.005859 0.007639 -0.010156 -0.015278
0 0.004687 0.013889 -0.007812 -0.027778
0 0.001563 0.001389 -0.001563 -0.002778
0 0.009375 0.019444 -0.017188 -0.038889
0 0.004687 0.013889 -0.007812 -0.027778
0 0.005859 0.007639 -0.010156 -0.015278
0 0.005859 0.007639 -0.010156 -0.015278
0 0.001563 0.001389 -0.001563 -0.002778
0 0.004687 0.013889 -0.007812 -0.027778
0 0.001563 0.001389 -0.001563 -0.002778
0 0.004687 0.013889 -0.007812 -0.027778
0 0.004687 0.013889 -0.007812 -0.027778
0 0.001563 0.001389 -0.001563 -0.002778
0 0.009375 0.019444 -0.017188 -0.038889
0 0.004687 0.013889 -0.007812 -0.027778
0 0.004687 0.013889 -0.007812 -0.027778
0 0.001563 0.001389 -0.001563 -0.002778
0 0.001563 0.001389 -0.001563 -0.002778
0 0.005859 0.007639 -0.010156 -0.015278
0 0.001563 0.001389 -0.001563 -0.002778
0 0.004687 0.013889 -0.007812 -0.027778
0 0.004687 0.013889 -0.007812 -0.027778
0 0.005859 0.007639 -0.010156 -0.015278
0 0.004687 0.013889 -0.007812 -0.027778
0 0.001563 0.001389 -0.001563 -0.002778
0 0.009375 0.019444 -0.017188 -0.038889
0 0.004687 0.013889 -0.007812 -0.027778
0 0.001563 0.001389 -0.001563 -0.002778
0 0.005859 0.007639 -0.010156 -0.015278
0 0.004687 0.013889 -0.007812 -0.027778
0 0.004687 0.013889 -0.007812 -0.027778
0 0.001563 0.001389 -0.001563 -0.002778
0 0.005859 0.007639 -0.010156 -0.015278
0 0.005859 0.007639 -0.010156 -0.015278
0 0.005859 0.007639 -0.010156 -0.015278
0 0.004687 0.013889 -0.007812 -0.027778
0 0.004687 0.013889 -0.007812 -0.027778
0 0.009375 0.019444 -0.017188 -0.038889
0 0.005859 0.007639 -0.010156 -0.015278
0 0.009375 0.019444 -0.017188 -0.038889
0 0.009375 0.019444 -0.017188 -0.038889
0 0.004687 0.013889 -0.007812 -0.027778
0 0.007031 0.016667 -0.012500 -0.033333
0 0.004687 0.013889 -0.007812 -0.027778
0 0.004687 0.013889 -0.007812 -0.027778
0 0.004687 0.013889 -0.007812 -0.027778
0 0.001563 0.001389 -0.001563 -0.002778
0 0.005859 0.007639 -0.010156 -0.015278
0 0.002344 0.002778 -0.003125 -0.005556
0 0.005859 0.007639 -0.010156 -0.015278
0 0.005859 0.007639 -0.010156 -0.015278
0 0.005859 0.007639 -0.010156 -0.015278
0 0.009375 0.019444 -0.017188 -0.038889
0 0.004687 0.013889 -0.007812 -0.027778
0 0.009375 0.019444 -0.017188 -0.038889
0 0.004687 0.013889 -0.007812 -0.027778
0 0.004687 0.013889 -0.007812 -0.027778
0 0.005859 0.007639 -0.010156 -0.015278
0 0.005859 0.007639 -0.010156 -0.015278
0 0.005859 0.007639 -0.010156 -0.015278
0 0.007031 0.016667 -0.012500 -0.033333
0 0.005859 0.007639 -0.010156 -0.015278
0 0.005859 0.007639 -0.010156 -0.015278