0 0.004842 0.006605 -0.007923 -0.013210
0 0.003961 0.005284 -0.006162 -0.010568
0 0.003961 0.005284 -0.006162 -0.010568
0 0.008803 0.015852 -0.015845 -0.031704
0 0.003961 0.005284 -0.006162 -0.010568
0 0.005722 0.006605 -0.009683 -0.013210
0 0.003961 0.005284 -0.006162 -0.010568
0 0.004842 0.006605 -0.007923 -0.013210
0 0.005722 0.007266 -0.009683 -0.014531
0 0.005722 0.007266 -0.009683 -0.014531
0 0.003961 0.006605 -0.006162 -0.013210
0 0.003961 0.005284 -0.006162 -0.010568
0 0.003961 0.005284 -0.006162 -0.010568
0 0.004842 0.006605 -0.007923 -0.013210
0 0.004842 0.006605 -0.007923 -0.013210
0 0.008803 0.015852 -0.015845 -0.031704
0 0.003961 0.005284 -0.006162 -0.010568
0 0.003961 0.005284 -0.006162 -0.010568
0 0.003961 0.005284 -0.006162 -0.010568
0 0.003961 0.005284 -0.006162 -0.010568
0 0.005722 0.006605 -0.009683 -0.013210
0 0.003961 0.005284 -0.006162 -0.010568
0 0.003961 0.005284 -0.006162 -0.010568
0 0.003961 0.005284 -0.006162 -0.010568
0 0.004842 0.006605 -0.007923 -0.013210
0 0.003961 0.005284 -0.006162 -0.010568
0 0.003961 0.005284 -0.006162 -0.010568
0 0.003961 0.005284 -0.006162 -0.010568
0 0.003961 0.005284 -0.006162 -0.010568
0 0.004842 0.006605 -0.007923 -0.013210
0 0.003961 0.005284 -0.006162 -0.010568
0 0.003961 0.005284 -0.006162 -0.010568
0 0.008803 0.015852 -0.015845 -0.031704
0 0.004842 0.006605 -0.007923 -0.013210
0 0.003961 0.005284 -0.006162 -0.010568
0 0.003961 0.005284 -0.006162 -0.010568
0 0.003961 0.005284 -0.006162 -0.010568
0 0.003961 0.005284 -0.006162 -0.010568
0 0.003961 0.005284 -0.006162 -0.010568
0 0.003961 0.005284 -0.006162 -0.010568
0 0.008803 0.015852 -0.015845 -0.031704
0 0.003961 0.005284 -0.006162 -0.010568
0 0.003961 0.005284 -0.006162 -0.010568
0 0.003961 0.005284 -0.006162 -0.010568
0 0.003961 0.005284 -0.006162 -0.010568
0 0.008803 0.015852 -0.015845 -0.031704
0 0.004842 0.006605 -0.007923 -0.013210
0 0.004842 0.006605 -0.007923 -0.013210
0 0.004842 0.006605 -0.007923 -0.013210
0 0.003961 0.005284 -0.006162 -0.010568
0 0.003961 0.005284 -0.006162 -0.010568
0 0.003961 0.005284 -0.006162 -0.010568
0 0.003961 0.005284 -0.006162 -0.010568
0 0.003961 0.006605 -0.006162 -0.013210
0 0.003961 0.005284 -0.006162 -0.010568
0 0.003961 0.005284 -0.006162 -0.010568
0 0.003961 0.005284 -0.006162 -0.010568
0 0.003961 0.005284 -0.006162 -0.010568
0 0.005722 0.006605 -0.009683 -0.013210
0 0.003961 0.005284 -0.006162 -0.010568
0 0.005722 0.006605 -0.009683 -0.013210
0 0.003961 0.005284 -0.006162 -0.010568
0 0.005722 0.006605 -0.009683 -0.013210
0 0.003961 0.005284 -0.006162 -0.010568
0 0.004842 0.006605 -0.007923 -0.013210
0 0.004842 0.007266 -0.007923 -0.014531
0 0.003961 0.005284 -0.006162 -0.010568
0 0.003961 0.005284 -0.006162 -0.010568
0 0.003961 0.005284 -0.006162 -0.010568
0 0.004842 0.006605 -0.007923 -0.013210
0 0.003961 0.005284 -0.006162 -0.010568
0 0.008803 0.015852 -0.015845 -0.031704
0 0.003961 0.005284 -0.006162 -0.010568
0 0.003961 0.005284 -0.006162 -0.010568
0 0.008803 0.015852 -0.015845 -0.031704
0 0.003961 0.005284 -0.006162 -0.010568