0 0.006687 0.011574 -0.012860 -0.023148
0 0.009902 0.019097 -0.019290 -0.038194
0 0.010674 0.018133 -0.020833 -0.036265
0 0.012989 0.020640 -0.025463 -0.041281
0 0.010674 0.018133 -0.020833 -0.036265
0 0.012989 0.020640 -0.025463 -0.041281
0 0.006687 0.011574 -0.012860 -0.023148
0 0.009902 0.019097 -0.019290 -0.038194
0 0.006301 0.010031 -0.012088 -0.020062
0 0.006687 0.011574 -0.012860 -0.023148
0 0.010674 0.018133 -0.020833 -0.036265
0 0.010031 0.019097 -0.019033 -0.038194
0 0.012989 0.020640 -0.025463 -0.041281
0 0.006687 0.011574 -0.012860 -0.023148
0 0.006301 0.010031 -0.012088 -0.020062
0 0.010802 0.018133 -0.020576 -0.036265
0 0.013117 0.020640 -0.025206 -0.041281
0 0.006301 0.010031 -0.012088 -0.020062
0 0.006687 0.011574 -0.012860 -0.023148
0 0.009902 0.019097 -0.019290 -0.038194
0 0.009902 0.019097 -0.019290 -0.038194
0 0.010031 0.019097 -0.019033 -0.038194
0 0.012989 0.020640 -0.025463 -0.041281
0 0.012989 0.020640 -0.025463 -0.041281
0 0.009902 0.019097 -0.019290 -0.038194
0 0.006687 0.011574 -0.012860 -0.023148
0 0.010802 0.018133 -0.020576 -0.036265
0 0.006687 0.011574 -0.012860 -0.023148
0 0.010674 0.018133 -0.020833 -0.036265
0 0.006687 0.011574 -0.012860 -0.023148
0 0.009902 0.019097 -0.019290 -0.038194
0 0.010031 0.019097 -0.019033 -0.038194
0 0.010674 0.018133 -0.020833 -0.036265
0 0.010802 0.018133 -0.020576 -0.036265
0 0.010674 0.018133 -0.020833 -0.036265
0 0.006687 0.011574 -0.012860 -0.023148
0 0.010674 0.018133 -0.020833 -0.036265
0 0.010031 0.019097 -0.019033 -0.038194
0 0.009902 0.019097 -0.019290 -0.038194
0 0.012989 0.020640 -0.025463 -0.041281
0 0.010674 0.018133 -0.020833 -0.036265
0 0.006687 0.011574 -0.012860 -0.023148
0 0.006687 0.011574 -0.012860 -0.023148
0 0.012989 0.020640 -0.025463 -0.041281
0 0.012989 0.020640 -0.025463 -0.041281
0 0.012989 0.020640 -0.025463 -0.041281
0 0.006687 0.011574 -0.012860 -0.023148
0 0.010674 0.018133 -0.020833 -0.036265
0 0.006687 0.011574 -0.012860 -0.023148
0 0.012989 0.020640 -0.025463 -0.041281
0 0.010674 0.018133 -0.020833 -0.036265
0 0.009902 0.019097 -0.019290 -0.038194
0 0.006687 0.011574 -0.012860 -0.023148
0 0.012989 0.020640 -0.025463 -0.041281
0 0.010674 0.018133 -0.020833 -0.036265
0 0.010674 0.018133 -0.020833 -0.036265
0 0.006301 0.010031 -0.012088 -0.020062
0 0.010674 0.018133 -0.020833 -0.036265
0 0.010674 0.018133 -0.020833 -0.036265
0 0.010417 0.018326 -0.020319 -0.036651
0 0.006687 0.011574 -0.012860 -0.023148
0 0.010674 0.018133 -0.020833 -0.036265
0 0.009902 0.019097 -0.019290 -0.038194
0 0.006687 0.011574 -0.012860 -0.023148
0 0.009902 0.019097 -0.019290 -0.038194
0 0.006301 0.010031 -0.012088 -0.020062
0 0.012989 0.020640 -0.025463 -0.041281
0 0.006687 0.011574 -0.012860 -0.023148
0 0.006687 0.011574 -0.012860 -0.023148
0 0.006301 0.010031 -0.012088 -0.020062
0 0.012989 0.020640 -0.025463 -0.041281
0 0.006687 0.011574 -0.012860 -0.023148
0 0.010031 0.019097 -0.019033 -0.038194
0 0.006301 0.010031 -0.012088 -0.020062
0 0.006687 0.011574 -0.012860 -0.023148
0 0.010674 0.018133 -0.020833 -0.036265
0 0.006687 0.011574 -0.012860 -0.023148
0 0.006687 0.011574 -0.012860 -0.023148
0 0.009902 0.019097 -0.019290 -0.038194
0 0.009902 0.019097 -0.019290 -0.038194
0 0.010674 0.018133 -0.020833 -0.036265
0 0.012989 0.020640 -0.025463 -0.041281
0 0.006687 0.011574 -0.012860 -0.023148
0 0.006301 0.010031 -0.012088 -0.020062
0 0.010031 0.019097 -0.019033 -0.038194
0 0.006687 0.011574 -0.012860 -0.023148
0 0.006687 0.011574 -0.012860 -0.023148
0 0.006687 0.011574 -0.012860 -0.023148
0 0.010674 0.018133 -0.020833 -0.036265
0 0.009902 0.019097 -0.019290 -0.038194
0 0.010674 0.018133 -0.020833 -0.036265
0 0.009902 0.019097 -0.019290 -0.038194
0 0.010674 0.018133 -0.020833 -0.036265
0 0.006687 0.011574 -0.012860 -0.023148
0 0.006301 0.010031 -0.012088 -0.020062
0 0.009902 0.019097 -0.019290 -0.038194
0 0.006301 0.010031 -0.012088 -0.020062
0 0.006687 0.011574 -0.012860 -0.023148
0 0.006816 0.011574 -0.012603 -0.023148
0 0.012989 0.020640 -0.025463 -0.041281
0 0.006687 0.011574 -0.012860 -0.023148
0 0.006687 0.011574 -0.012860 -0.023148
0 0.010674 0.018133 -0.020833 -0.036265
0 0.006687 0.011574 -0.012860 -0.023148
0 0.006687 0.011574 -0.012860 -0.023148
0 0.012989 0.020640 -0.025463 -0.041281
0 0.006687 0.011574 -0.012860 -0.023148
0 0.012989 0.020640 -0.025463 -0.041281
0 0.012989 0.020640 -0.025463 -0.041281
0 0.009902 0.019097 -0.019290 -0.038194
0 0.009902 0.019097 -0.019290 -0.038194
0 0.006687 0.011574 -0.012860 -0.023148
0 0.012989 0.020640 -0.025463 -0.041281
0 0.012989 0.020640 -0.025463 -0.041281
0 0.010674 0.018133 -0.020833 -0.036265
0 0.006687 0.011574 -0.012860 -0.023148
0 0.012989 0.020640 -0.025463 -0.041281
0 0.009902 0.019097 -0.019290 -0.038194
0 0.010674 0.018133 -0.020833 -0.036265
0 0.010674 0.018133 -0.020833 -0.036265
0 0.010674 0.018133 -0.020833 -0.036265
0 0.006301 0.010031 -0.012088 -0.020062
0 0.006687 0.011574 -0.012860 -0.023148
0 0.006301 0.010031 -0.012088 -0.020062
0 0.010674 0.018133 -0.020833 -0.036265
0 0.010802 0.018133 -0.020576 -0.036265
0 0.012989 0.020640 -0.025463 -0.041281
0 0.010674 0.018133 -0.020833 -0.036265
0 0.010031 0.019097 -0.019033 -0.038194
0 0.009902 0.019097 -0.019290 -0.038194
0 0.006687 0.011574 -0.012860 -0.023148
0 0.006687 0.011574 -0.012860 -0.023148
0 0.010031 0.019097 -0.019033 -0.038194
0 0.006687 0.011574 -0.012860 -0.023148
0 0.006687 0.011574 -0.012860 -0.023148
0 0.009902 0.019097 -0.019290 -0.038194
0 0.006687 0.011574 -0.012860 -0.023148
0 0.006301 0.010031 -0.012088 -0.020062
0 0.010674 0.018133 -0.020833 -0.036265
0 0.006301 0.010031 -0.012088 -0.020062
0 0.012989 0.020640 -0.025463 -0.041281
0 0.006301 0.010031 -0.012088 -0.020062
0 0.006301 0.010031 -0.012088 -0.020062
0 0.012989 0.020640 -0.025463 -0.041281
0 0.006687 0.011574 -0.012860 -0.023148
0 0.006301 0.010031 -0.012088 -0.020062
0 0.010674 0.018133 -0.020833 -0.036265
0 0.006687 0.011574 -0.012860 -0.023148
0 0.006301 0.010031 -0.012088 -0.020062
0 0.006301 0.010031 -0.012088 -0.020062
0 0.012989 0.020640 -0.025463 -0.041281
0 0.006687 0.011574 -0.012860 -0.023148
0 0.010674 0.018133 -0.020833 -0.036265
0 0.006687 0.011574 -0.012860 -0.023148
0 0.012989 0.020640 -0.025463 -0.041281
0 0.006687 0.011574 -0.012860 -0.023148
0 0.012989 0.020640 -0.025463 -0.041281
0 0.006687 0.011574 -0.012860 -0.023148
0 0.006687 0.011574 -0.012860 -0.023148
0 0.010674 0.018133 -0.020833 -0.036265
0 0.010674 0.018133 -0.020833 -0.036265
0 0.012989 0.020640 -0.025463 -0.041281
0 0.010031 0.019097 -0.019033 -0.038194
0 0.010674 0.018133 -0.020833 -0.036265
0 0.009902 0.019097 -0.019290 -0.038194
0 0.006687 0.011574 -0.012860 -0.023148
0 0.012989 0.020640 -0.025463 -0.041281
0 0.006687 0.011574 -0.012860 -0.023148
0 0.009902 0.019097 -0.019290 -0.038194
0 0.006687 0.011574 -0.012860 -0.023148
0 0.010674 0.018133 -0.020833 -0.036265
0 0.006687 0.011574 -0.012860 -0.023148
0 0.009902 0.019097 -0.019290 -0.038194
0 0.010674 0.018133 -0.020833 -0.036265
0 0.006687 0.011574 -0.012860 -0.023148
0 0.012989 0.020640 -0.025463 -0.041281
0 0.006301 0.010031 -0.012088 -0.020062
0 0.009902 0.019097 -0.019290 -0.038194
0 0.006687 0.011574 -0.012860 -0.023148
0 0.012989 0.020640 -0.025463 -0.041281
0 0.006687 0.011574 -0.012860 -0.023148
0 0.009902 0.019097 -0.019290 -0.038194
0 0.006687 0.011574 -0.012860 -0.023148
0 0.009902 0.019097 -0.019290 -0.038194
0 0.006301 0.010031 -0.012088 -0.020062
0 0.006687 0.011574 -0.012860 -0.023148
0 0.006816 0.011574 -0.012603 -0.023148
0 0.006687 0.011574 -0.012860 -0.023148
0 0.006687 0.011574 -0.012860 -0.023148
0 0.010031 0.019097 -0.019033 -0.038194
0 0.006687 0.011574 -0.012860 -0.023148
0 0.012989 0.020640 -0.025463 -0.041281
0 0.010674 0.018133 -0.020833 -0.036265
0 0.006301 0.010031 -0.012088 -0.020062
0 0.012989 0.020640 -0.025463 -0.041281
0 0.012989 0.020640 -0.025463 -0.041281
0 0.010674 0.018133 -0.020833 -0.036265
0 0.010674 0.018133 -0.020833 -0.036265
0 0.012989 0.020640 -0.025463 -0.041281
0 0.006301 0.010031 -0.012088 -0.020062
0 0.009902 0.019097 -0.019290 -0.038194
0 0.006687 0.011574 -0.012860 -0.023148
0 0.006687 0.011574 -0.012860 -0.023148
0 0.006687 0.011574 -0.012860 -0.023148
0 0.009902 0.019097 -0.019290 -0.038194
0 0.006687 0.011574 -0.012860 -0.023148
0 0.006301 0.010031 -0.012088 -0.020062
0 0.012989 0.020640 -0.025463 -0.041281
0 0.006301 0.010031 -0.012088 -0.020062
0 0.006301 0.010031 -0.012088 -0.020062
0 0.010674 0.018133 -0.020833 -0.036265
0 0.006687 0.011574 -0.012860 -0.023148
0 0.006301 0.010031 -0.012088 -0.020062
0 0.010674 0.018133 -0.020833 -0.036265
0 0.012989 0.020640 -0.025463 -0.041281
0 0.012989 0.020640 -0.025463 -0.041281
0 0.010674 0.018133 -0.020833 -0.036265
0 0.006430 0.010802 -0.012346 -0.021605
0 0.010031 0.019097 -0.019033 -0.038194
0 0.006687 0.011574 -0.012860 -0.023148
0 0.012989 0.020640 -0.025463 -0.041281
0 0.006687 0.011574 -0.012860 -0.023148
0 0.006301 0.010031 -0.012088 -0.020062
0 0.006301 0.010031 -0.012088 -0.020062
0 0.006687 0.011574 -0.012860 -0.023148
0 0.010674 0.018133 -0.020833 -0.036265
0 0.006687 0.011574 -0.012860 -0.023148
0 0.006687 0.011574 -0.012860 -0.023148
0 0.010674 0.018133 -0.020833 -0.036265
0 0.006301 0.010031 -0.012088 -0.020062
0 0.006687 0.011574 -0.012860 -0.023148
0 0.009902 0.019097 -0.019290 -0.038194
0 0.006301 0.010031 -0.012088 -0.020062
0 0.012989 0.020640 -0.025463 -0.041281
0 0.012989 0.020640 -0.025463 -0.041281
0 0.010031 0.019097 -0.019033 -0.038194
0 0.010674 0.018133 -0.020833 -0.036265
0 0.012989 0.020640 -0.025463 -0.041281
0 0.012989 0.020640 -0.025463 -0.041281
0 0.010674 0.018133 -0.020833 -0.036265
0 0.006687 0.011574 -0.012860 -0.023148
0 0.006687 0.011574 -0.012860 -0.023148
0 0.009902 0.019097 -0.019290 -0.038194
0 0.009902 0.019097 -0.019290 -0.038194
0 0.006687 0.011574 -0.012860 -0.023148
0 0.006687 0.011574 -0.012860 -0.023148
0 0.012989 0.020640 -0.025463 -0.041281
0 0.012989 0.020640 -0.025463 -0.041281
0 0.006687 0.011574 -0.012860 -0.023148
0 0.006687 0.011574 -0.012860 -0.023148
0 0.010031 0.019097 -0.019033 -0.038194
0 0.006816 0.011574 -0.012603 -0.023148
0 0.011831 0.019290 -0.023148 -0.038580
0 0.012989 0.020640 -0.025463 -0.041281
0 0.012989 0.020640 -0.025463 -0.041281
0 0.006301 0.010031 -0.012088 -0.020062
0 0.006687 0.011574 -0.012860 -0.023148
0 0.009902 0.019097 -0.019290 -0.038194
0 0.010674 0.018133 -0.020833 -0.036265
0 0.006687 0.011574 -0.012860 -0.023148
0 0.010674 0.018133 -0.020833 -0.036265
0 0.009902 0.019097 -0.019290 -0.038194
0 0.006301 0.010031 -0.012088 -0.020062
0 0.009902 0.019097 -0.019290 -0.038194
0 0.006687 0.011574 -0.012860 -0.023148
0 0.006301 0.010031 -0.012088 -0.020062
0 0.010674 0.018133 -0.020833 -0.036265
0 0.010674 0.018133 -0.020833 -0.036265
0 0.012989 0.020640 -0.025463 -0.041281
0 0.009902 0.019097 -0.019290 -0.038194
0 0.010674 0.018133 -0.020833 -0.036265
0 0.010674 0.018133 -0.020833 -0.036265
0 0.012989 0.020640 -0.025463 -0.041281
0 0.006301 0.010031 -0.012088 -0.020062
0 0.006816 0.011574 -0.012603 -0.023148
0 0.009902 0.019097 -0.019290 -0.038194
0 0.012989 0.020640 -0.025463 -0.041281
0 0.009902 0.019097 -0.019290 -0.038194
0 0.010031 0.019097 -0.019033 -0.038194
0 0.010031 0.019097 -0.019033 -0.038194
0 0.010674 0.018133 -0.020833 -0.036265
0 0.009902 0.019097 -0.019290 -0.038194
0 0.009902 0.019097 -0.019290 -0.038194
0 0.010674 0.018133 -0.020833 -0.036265
0 0.012989 0.020640 -0.025463 -0.041281
0 0.006687 0.011574 -0.012860 -0.023148
0 0.006301 0.010031 -0.012088 -0.020062
0 0.012989 0.020640 -0.025463 -0.041281
0 0.010674 0.018133 -0.020833 -0.036265
0 0.006301 0.010031 -0.012088 -0.020062
0 0.010674 0.018133 -0.020833 -0.036265
0 0.010674 0.018133 -0.020833 -0.036265
0 0.006301 0.010031 -0.012088 -0.020062
0 0.006430 0.010031 -0.011831 -0.020062
0 0.006687 0.011574 -0.012860 -0.023148
0 0.012989 0.020640 -0.025463 -0.041281
0 0.010802 0.018133 -0.020576 -0.036265
0 0.012989 0.020640 -0.025463 -0.041281
0 0.010031 0.019097 -0.019033 -0.038194
0 0.006687 0.011574 -0.012860 -0.023148
0 0.012989 0.020640 -0.025463 -0.041281
0 0.009902 0.019097 -0.019290 -0.038194
0 0.009902 0.019097 -0.019290 -0.038194
0 0.010674 0.018133 -0.020833 -0.036265
0 0.010674 0.018133 -0.020833 -0.036265
0 0.006301 0.010031 -0.012088 -0.020062
0 0.006687 0.011574 -0.012860 -0.023148
0 0.006687 0.011574 -0.012860 -0.023148
0 0.011831 0.019290 -0.023148 -0.038580
0 0.006301 0.010031 -0.012088 -0.020062
0 0.006301 0.010031 -0.012088 -0.020062
0 0.006687 0.011574 -0.012860 -0.023148
0 0.010802 0.018133 -0.020576 -0.036265
0 0.006301 0.010031 -0.012088 -0.020062
0 0.010674 0.018133 -0.020833 -0.036265
0 0.006301 0.010031 -0.012088 -0.020062
0 0.006687 0.011574 -0.012860 -0.023148
0 0.010031 0.019097 -0.019033 -0.038194
0 0.006687 0.011574 -0.012860 -0.023148
0 0.010674 0.018133 -0.020833 -0.036265
0 0.010674 0.018133 -0.020833 -0.036265
0 0.009902 0.019097 -0.019290 -0.038194
0 0.012989 0.020640 -0.025463 -0.041281
0 0.010674 0.018133 -0.020833 -0.036265
0 0.006301 0.010417 -0.012088 -0.020833
0 0.006301 0.010031 -0.012088 -0.020062
0 0.006301 0.010031 -0.012088 -0.020062
0 0.011188 0.018711 -0.021862 -0.037423
0 0.006687 0.011574 -0.012860 -0.023148
0 0.006687 0.011574 -0.012860 -0.023148
0 0.006687 0.011574 -0.012860 -0.023148
0 0.006687 0.011574 -0.012860 -0.023148
0 0.006301 0.010031 -0.012088 -0.020062
0 0.010674 0.018133 -0.020833 -0.036265
0 0.012989 0.020640 -0.025463 -0.041281
0 0.009902 0.019097 -0.019290 -0.038194
0 0.010674 0.018133 -0.020833 -0.036265
0 0.010674 0.018133 -0.020833 -0.036265
0 0.012989 0.020640 -0.025463 -0.041281
0 0.010031 0.019097 -0.019033 -0.038194
0 0.012989 0.020640 -0.025463 -0.041281
0 0.012989 0.020640 -0.025463 -0.041281
0 0.006301 0.010031 -0.012088 -0.020062
0 0.006687 0.011574 -0.012860 -0.023148
0 0.009902 0.019097 -0.019290 -0.038194
0 0.010674 0.018133 -0.020833 -0.036265
0 0.013117 0.020640 -0.025206 -0.041281
0 0.006687 0.011574 -0.012860 -0.023148
0 0.006301 0.010031 -0.012088 -0.020062
0 0.010674 0.018133 -0.020833 -0.036265
0 0.010674 0.018133 -0.020833 -0.036265
0 0.012989 0.020640 -0.025463 -0.041281
0 0.012989 0.020640 -0.025463 -0.041281
0 0.012989 0.020640 -0.025463 -0.041281
0 0.009902 0.019097 -0.019290 -0.038194
0 0.006687 0.011574 -0.012860 -0.023148
0 0.006687 0.011574 -0.012860 -0.023148
0 0.009902 0.019097 -0.019290 -0.038194
0 0.010674 0.018133 -0.020833 -0.036265
0 0.006687 0.011574 -0.012860 -0.023148
0 0.006301 0.010031 -0.012088 -0.020062
0 0.009902 0.019097 -0.019290 -0.038194
0 0.006687 0.011574 -0.012860 -0.023148
0 0.006301 0.010031 -0.012088 -0.020062
0 0.006687 0.011574 -0.012860 -0.023148
0 0.010802 0.018133 -0.020576 -0.036265
0 0.010674 0.018133 -0.020833 -0.036265
0 0.010674 0.018133 -0.020833 -0.036265
0 0.006301 0.010031 -0.012088 -0.020062
0 0.009902 0.019097 -0.019290 -0.038194
0 0.012989 0.020640 -0.025463 -0.041281
0 0.010674 0.018133 -0.020833 -0.036265
0 0.010674 0.018133 -0.020833 -0.036265
0 0.009902 0.019097 -0.019290 -0.038194
0 0.010674 0.018133 -0.020833 -0.036265
0 0.006687 0.011574 -0.012860 -0.023148
0 0.006301 0.010031 -0.012088 -0.020062
0 0.010674 0.018133 -0.020833 -0.036265
0 0.006301 0.010031 -0.012088 -0.020062
0 0.010031 0.019097 -0.019033 -0.038194
0 0.010674 0.018133 -0.020833 -0.036265
0 0.006687 0.011574 -0.012860 -0.023148
0 0.012989 0.020640 -0.025463 -0.041281
0 0.006687 0.011574 -0.012860 -0.023148
0 0.010802 0.018133 -0.020576 -0.036265
0 0.012989 0.020640 -0.025463 -0.041281
0 0.010674 0.018133 -0.020833 -0.036265
0 0.012989 0.020640 -0.025463 -0.041281
0 0.006687 0.011574 -0.012860 -0.023148
0 0.006687 0.011574 -0.012860 -0.023148
0 0.006687 0.011574 -0.012860 -0.023148
0 0.010674 0.018133 -0.020833 -0.036265
0 0.009902 0.019097 -0.019290 -0.038194
0 0.009902 0.019097 -0.019290 -0.038194
0 0.006687 0.011574 -0.012860 -0.023148
0 0.006687 0.011574 -0.012860 -0.023148
0 0.010674 0.018133 -0.020833 -0.036265
0 0.006301 0.010031 -0.012088 -0.020062
0 0.010802 0.018133 -0.020576 -0.036265
0 0.006687 0.011574 -0.012860 -0.023148
0 0.009902 0.019097 -0.019290 -0.038194
0 0.010031 0.019097 -0.019033 -0.038194
0 0.006301 0.010031 -0.012088 -0.020062
0 0.006687 0.011574 -0.012860 -0.023148
0 0.006687 0.011574 -0.012860 -0.023148
0 0.010674 0.018133 -0.020833 -0.036265
0 0.006301 0.010031 -0.012088 -0.020062
0 0.006687 0.011574 -0.012860 -0.023148
0 0.006687 0.011574 -0.012860 -0.023148
0 0.009902 0.019097 -0.019290 -0.038194
0 0.010674 0.018133 -0.020833 -0.036265
0 0.009902 0.019097 -0.019290 -0.038194
0 0.006301 0.010031 -0.012088 -0.020062
0 0.010674 0.018133 -0.020833 -0.036265
0 0.010674 0.018133 -0.020833 -0.036265
0 0.010674 0.018133 -0.020833 -0.036265
0 0.006687 0.011574 -0.012860 -0.023148
0 0.010674 0.018133 -0.020833 -0.036265
0 0.009902 0.019097 -0.019290 -0.038194
0 0.006301 0.010031 -0.012088 -0.020062
0 0.010674 0.018133 -0.020833 -0.036265
0 0.010802 0.018133 -0.020576 -0.036265
0 0.006301 0.010031 -0.012088 -0.020062
0 0.012989 0.020640 -0.025463 -0.041281
0 0.009902 0.019097 -0.019290 -0.038194
0 0.006687 0.011574 -0.012860 -0.023148
0 0.006430 0.010802 -0.012346 -0.021605
0 0.012989 0.020640 -0.025463 -0.041281
0 0.010802 0.018133 -0.020576 -0.036265
0 0.009902 0.019097 -0.019290 -0.038194
0 0.010802 0.018133 -0.020576 -0.036265
0 0.010031 0.019097 -0.019033 -0.038194
0 0.012989 0.020640 -0.025463 -0.041281
0 0.012989 0.020640 -0.025463 -0.041281
0 0.010674 0.018133 -0.020833 -0.036265
0 0.009902 0.019097 -0.019290 -0.038194
0 0.006816 0.011574 -0.012603 -0.023148
0 0.010674 0.018133 -0.020833 -0.036265
0 0.012989 0.020640 -0.025463 -0.041281
0 0.006816 0.011574 -0.012603 -0.023148
0 0.006301 0.010031 -0.012088 -0.020062
0 0.006687 0.011574 -0.012860 -0.023148
0 0.010674 0.018133 -0.020833 -0.036265
0 0.010031 0.019097 -0.019033 -0.038194
0 0.006687 0.011574 -0.012860 -0.023148
0 0.009902 0.019097 -0.019290 -0.038194
0 0.006687 0.011574 -0.012860 -0.023148
0 0.006430 0.010031 -0.011831 -0.020062
0 0.006687 0.011574 -0.012860 -0.023148
0 0.012989 0.020640 -0.025463 -0.041281
0 0.010674 0.018133 -0.020833 -0.036265
0 0.006687 0.011574 -0.012860 -0.023148
0 0.009902 0.019097 -0.019290 -0.038194
0 0.006687 0.011574 -0.012860 -0.023148
0 0.006301 0.010031 -0.012088 -0.020062
0 0.006687 0.011574 -0.012860 -0.023148
0 0.010802 0.018133 -0.020576 -0.036265
0 0.010674 0.018133 -0.020833 -0.036265
0 0.010674 0.018133 -0.020833 -0.036265
0 0.010674 0.018133 -0.020833 -0.036265
0 0.006430 0.010802 -0.012346 -0.021605
0 0.010802 0.018133 -0.020576 -0.036265
0 0.006687 0.011574 -0.012860 -0.023148
0 0.009902 0.019097 -0.019290 -0.038194
0 0.009902 0.019097 -0.019290 -0.038194
0 0.010674 0.018133 -0.020833 -0.036265
0 0.006687 0.011574 -0.012860 -0.023148
0 0.006687 0.011574 -0.012860 -0.023148
0 0.006687 0.011574 -0.012860 -0.023148
0 0.006301 0.010031 -0.012088 -0.020062
0 0.010674 0.018133 -0.020833 -0.036265
0 0.010031 0.019097 -0.019033 -0.038194
0 0.012989 0.020640 -0.025463 -0.041281
0 0.009902 0.019097 -0.019290 -0.038194
0 0.010802 0.018133 -0.020576 -0.036265
0 0.009902 0.019097 -0.019290 -0.038194
0 0.010674 0.018133 -0.020833 -0.036265
0 0.010674 0.018133 -0.020833 -0.036265
0 0.009902 0.019097 -0.019290 -0.038194
0 0.010674 0.018133 -0.020833 -0.036265
0 0.012989 0.020640 -0.025463 -0.041281
0 0.009902 0.019097 -0.019290 -0.038194
0 0.006687 0.011574 -0.012860 -0.023148
0 0.010674 0.018133 -0.020833 -0.036265
0 0.006687 0.011574 -0.012860 -0.023148
0 0.010031 0.019097 -0.019033 -0.038194
0 0.010674 0.018133 -0.020833 -0.036265
0 0.006687 0.011574 -0.012860 -0.023148
0 0.012989 0.020640 -0.025463 -0.041281
0 0.010674 0.018133 -0.020833 -0.036265
0 0.010674 0.018133 -0.020833 -0.036265
0 0.009902 0.019097 -0.019290 -0.038194
0 0.012989 0.020640 -0.025463 -0.041281
0 0.012989 0.020640 -0.025463 -0.041281
0 0.010674 0.018133 -0.020833 -0.036265
0 0.009902 0.019097 -0.019290 -0.038194
0 0.009902 0.019097 -0.019290 -0.038194
0 0.012989 0.020640 -0.025463 -0.041281
0 0.012989 0.020640 -0.025463 -0.041281
0 0.009902 0.019097 -0.019290 -0.038194
0 0.010674 0.018133 -0.020833 -0.036265
0 0.009902 0.019097 -0.019290 -0.038194
0 0.010674 0.018133 -0.020833 -0.036265
0 0.009902 0.019097 -0.019290 -0.038194
0 0.012989 0.020640 -0.025463 -0.041281
0 0.012989 0.020640 -0.025463 -0.041281
0 0.006687 0.011574 -0.012860 -0.023148
0 0.006301 0.010031 -0.012088 -0.020062
0 0.010674 0.018133 -0.020833 -0.036265
0 0.012989 0.020640 -0.025463 -0.041281
0 0.009902 0.019097 -0.019290 -0.038194
0 0.006687 0.011574 -0.012860 -0.023148
0 0.009902 0.019097 -0.019290 -0.038194
0 0.010674 0.018133 -0.020833 -0.036265
0 0.009902 0.019097 -0.019290 -0.038194
0 0.012989 0.020640 -0.025463 -0.041281
0 0.006687 0.011574 -0.012860 -0.023148
0 0.006687 0.011574 -0.012860 -0.023148
0 0.010674 0.018133 -0.020833 -0.036265
0 0.009902 0.019097 -0.019290 -0.038194
0 0.012989 0.020640 -0.025463 -0.041281
0 0.012989 0.020640 -0.025463 -0.041281
0 0.010674 0.018133 -0.020833 -0.036265
0 0.010674 0.018133 -0.020833 -0.036265
0 0.010674 0.018133 -0.020833 -0.036265
0 0.009902 0.019097 -0.019290 -0.038194
0 0.012989 0.020640 -0.025463 -0.041281
0 0.010802 0.018133 -0.020576 -0.036265
0 0.006687 0.011574 -0.012860 -0.023148
0 0.009902 0.019097 -0.019290 -0.038194
0 0.009902 0.019097 -0.019290 -0.038194
0 0.009902 0.019097 -0.019290 -0.038194
0 0.006687 0.011574 -0.012860 -0.023148
0 0.006687 0.011574 -0.012860 -0.023148
0 0.009902 0.019097 -0.019290 -0.038194
0 0.010674 0.018133 -0.020833 -0.036265
0 0.009902 0.019097 -0.019290 -0.038194
0 0.006687 0.011574 -0.012860 -0.023148
0 0.010674 0.018133 -0.020833 -0.036265
0 0.009902 0.019097 -0.019290 -0.038194
0 0.010031 0.019097 -0.019033 -0.038194
0 0.006687 0.011574 -0.012860 -0.023148
0 0.006687 0.011574 -0.012860 -0.023148
0 0.009902 0.019097 -0.019290 -0.038194
0 0.006301 0.010031 -0.012088 -0.020062
0 0.010674 0.018133 -0.020833 -0.036265
0 0.006687 0.011574 -0.012860 -0.023148
0 0.006687 0.011574 -0.012860 -0.023148
0 0.010674 0.018133 -0.020833 -0.036265
0 0.009902 0.019097 -0.019290 -0.038194
0 0.009902 0.019097 -0.019290 -0.038194
0 0.010674 0.018133 -0.020833 -0.036265
0 0.006687 0.011574 -0.012860 -0.023148
0 0.009902 0.019097 -0.019290 -0.038194
0 0.009902 0.019097 -0.019290 -0.038194
0 0.012989 0.020640 -0.025463 -0.041281
0 0.006687 0.011574 -0.012860 -0.023148
0 0.010674 0.018133 -0.020833 -0.036265
0 0.006687 0.011574 -0.012860 -0.023148
0 0.009902 0.019097 -0.019290 -0.038194
0 0.012989 0.020640 -0.025463 -0.041281
0 0.010031 0.019097 -0.019033 -0.038194
0 0.006687 0.011574 -0.012860 -0.023148
0 0.006559 0.011188 -0.012603 -0.022377
0 0.010674 0.018133 -0.020833 -0.036265
0 0.012989 0.020640 -0.025463 -0.041281
0 0.006301 0.010031 -0.012088 -0.020062
0 0.010674 0.018133 -0.020833 -0.036265
0 0.006301 0.010031 -0.012088 -0.020062
0 0.010674 0.018133 -0.020833 -0.036265
0 0.009002 0.017168 -0.017490 -0.034336
0 0.006687 0.011574 -0.012860 -0.023148
0 0.010674 0.018133 -0.020833 -0.036265
0 0.006687 0.011574 -0.012860 -0.023148
0 0.010674 0.018133 -0.020833 -0.036265
0 0.012989 0.020640 -0.025463 -0.041281
0 0.006687 0.011574 -0.012860 -0.023148
0 0.006687 0.011574 -0.012860 -0.023148
0 0.012989 0.020640 -0.025463 -0.041281
0 0.010674 0.018133 -0.020833 -0.036265
0 0.006687 0.011574 -0.012860 -0.023148
0 0.012989 0.020640 -0.025463 -0.041281
0 0.006301 0.010031 -0.012088 -0.020062
0 0.012989 0.020640 -0.025463 -0.041281
0 0.009902 0.019097 -0.019290 -0.038194
0 0.006687 0.011574 -0.012860 -0.023148
0 0.006301 0.010031 -0.012088 -0.020062
0 0.006301 0.010031 -0.012088 -0.020062
0 0.006687 0.011574 -0.012860 -0.023148
0 0.009902 0.019097 -0.019290 -0.038194
0 0.012989 0.020640 -0.025463 -0.041281
0 0.006687 0.011574 -0.012860 -0.023148
0 0.006301 0.010031 -0.012088 -0.020062
0 0.006301 0.010031 -0.012088 -0.020062
0 0.012989 0.020640 -0.025463 -0.041281
0 0.010674 0.018133 -0.020833 -0.036265
0 0.006301 0.010031 -0.012088 -0.020062
0 0.010674 0.018133 -0.020833 -0.036265
0 0.012989 0.020640 -0.025463 -0.041281
0 0.010031 0.019097 -0.019033 -0.038194
0 0.009902 0.019097 -0.019290 -0.038194
0 0.010802 0.018133 -0.020576 -0.036265
0 0.006301 0.010031 -0.012088 -0.020062
0 0.009902 0.019097 -0.019290 -0.038194
0 0.006687 0.011574 -0.012860 -0.023148
0 0.009902 0.019097 -0.019290 -0.038194
0 0.010674 0.018133 -0.020833 -0.036265
0 0.010674 0.018133 -0.020833 -0.036265
0 0.006301 0.010031 -0.012088 -0.020062
0 0.009902 0.019097 -0.019290 -0.038194
0 0.009902 0.019097 -0.019290 -0.038194
0 0.010674 0.018133 -0.020833 -0.036265
0 0.012989 0.020640 -0.025463 -0.041281