0 0.006500 0.016729 -0.012000 -0.031599
0 0.029750 0.062268 -0.058500 -0.124535
0 0.008500 0.021375 -0.016000 -0.040892
0 0.032750 0.067844 -0.064500 -0.135688
0 0.013500 0.029740 -0.026000 -0.059480
0 0.006500 0.015799 -0.012000 -0.031599
0 0.006500 0.016729 -0.012000 -0.031599
0 0.011750 0.030669 -0.022500 -0.061338
0 0.009000 0.019981 -0.017000 -0.038104
0 0.007500 0.022305 -0.014000 -0.042751
0 0.025250 0.055297 -0.049500 -0.110595
0 0.007000 0.020911 -0.013000 -0.041822
0 0.007000 0.021375 -0.013000 -0.040892
0 0.009750 0.018587 -0.018500 -0.035316
0 0.009000 0.019517 -0.017000 -0.039033
0 0.007750 0.016729 -0.014500 -0.033457
0 0.004500 0.012082 -0.008000 -0.022305
0 0.006500 0.015799 -0.012000 -0.031599
0 0.009000 0.019981 -0.017000 -0.038104
0 0.007750 0.017193 -0.014500 -0.034387
0 0.011500 0.023234 -0.022000 -0.046468
0 0.008250 0.018587 -0.015500 -0.037175
0 0.009000 0.019981 -0.017000 -0.038104
0 0.025250 0.055297 -0.049500 -0.110595
0 0.006000 0.014405 -0.011000 -0.028810
0 0.012500 0.030204 -0.024000 -0.060409
0 0.007000 0.021375 -0.013000 -0.040892
0 0.006500 0.016264 -0.012000 -0.030669
0 0.009000 0.019981 -0.017000 -0.038104
0 0.012500 0.030204 -0.024000 -0.060409
0 0.015000 0.032528 -0.029000 -0.065056
0 0.007000 0.020911 -0.013000 -0.041822
0 0.012500 0.030204 -0.024000 -0.060409
0 0.012500 0.030204 -0.024000 -0.060409
0 0.009000 0.019981 -0.017000 -0.038104
0 0.008500 0.021375 -0.016000 -0.040892
0 0.039250 0.079926 -0.077500 -0.159851
0 0.009750 0.018123 -0.018500 -0.036245
0 0.009750 0.018587 -0.018500 -0.035316
0 0.006500 0.015799 -0.012000 -0.031599
0 0.011750 0.030669 -0.022500 -0.061338
0 0.004500 0.012082 -0.008000 -0.022305
0 0.016000 0.032528 -0.031000 -0.065056
0 0.010500 0.023699 -0.020000 -0.047398
0 0.004500 0.012082 -0.008000 -0.022305
0 0.009750 0.018587 -0.018500 -0.035316
0 0.011500 0.023234 -0.022000 -0.046468
0 0.007750 0.016729 -0.014500 -0.033457
0 0.006500 0.016729 -0.012000 -0.031599
0 0.007000 0.021375 -0.013000 -0.040892
0 0.012000 0.029740 -0.023000 -0.059480
0 0.008250 0.018587 -0.015500 -0.037175
0 0.004500 0.012082 -0.008000 -0.022305
0 0.010500 0.023699 -0.020000 -0.047398
0 0.010500 0.023699 -0.020000 -0.047398
0 0.039250 0.079926 -0.077500 -0.159851
0 0.015750 0.037175 -0.030500 -0.074349
0 0.011500 0.023234 -0.022000 -0.046468
0 0.009750 0.018123 -0.018500 -0.036245
0 0.006500 0.016264 -0.012000 -0.030669
0 0.016000 0.032528 -0.031000 -0.065056
0 0.015750 0.037175 -0.030500 -0.074349