0 0.019922 0.033333 -0.038281 -0.066667
0 0.023438 0.044444 -0.045312 -0.088889
0 0.027344 0.046528 -0.051562 -0.093056
0 0.026172 0.047917 -0.050781 -0.095833
0 0.023828 0.044444 -0.044531 -0.088889
0 0.026953 0.046528 -0.052344 -0.093056
0 0.028516 0.048611 -0.055469 -0.097222
0 0.019922 0.033333 -0.038281 -0.066667
0 0.023438 0.044444 -0.045312 -0.088889
0 0.030078 0.050694 -0.058594 -0.101389
0 0.030078 0.050694 -0.058594 -0.101389
0 0.019922 0.033333 -0.038281 -0.066667
0 0.030078 0.050694 -0.058594 -0.101389
0 0.023828 0.042361 -0.046094 -0.084722
0 0.025391 0.044444 -0.049219 -0.088889
0 0.030078 0.050694 -0.058594 -0.101389
0 0.023438 0.044444 -0.045312 -0.088889
0 0.019922 0.033333 -0.038281 -0.066667
0 0.027734 0.057639 -0.053906 -0.115278
0 0.027734 0.057639 -0.053906 -0.115278
0 0.019922 0.033333 -0.038281 -0.066667
0 0.023438 0.044444 -0.045312 -0.088889
0 0.023438 0.044444 -0.045312 -0.088889
0 0.027734 0.057639 -0.053906 -0.115278
0 0.023828 0.042361 -0.046094 -0.084722
0 0.020313 0.033333 -0.037500 -0.066667
0 0.023828 0.044444 -0.044531 -0.088889
0 0.023828 0.042361 -0.046094 -0.084722
0 0.023828 0.044444 -0.044531 -0.088889
0 0.019922 0.033333 -0.038281 -0.066667
0 0.024219 0.042361 -0.045312 -0.084722
0 0.019922 0.033333 -0.038281 -0.066667
0 0.019922 0.033333 -0.038281 -0.066667
0 0.019922 0.033333 -0.038281 -0.066667
0 0.025000 0.045139 -0.048438 -0.090278
0 0.030078 0.050694 -0.058594 -0.101389
0 0.019922 0.033333 -0.038281 -0.066667
0 0.030469 0.050694 -0.057813 -0.101389
0 0.023828 0.042361 -0.046094 -0.084722
0 0.025781 0.044444 -0.048438 -0.088889
0 0.023828 0.044444 -0.044531 -0.088889
0 0.030078 0.050694 -0.058594 -0.101389
0 0.026953 0.046528 -0.052344 -0.093056
0 0.023438 0.044444 -0.045312 -0.088889
0 0.023438 0.044444 -0.045312 -0.088889
0 0.019922 0.033333 -0.038281 -0.066667
0 0.030469 0.050694 -0.057813 -0.101389
0 0.023828 0.042361 -0.046094 -0.084722
0 0.023828 0.042361 -0.046094 -0.084722
0 0.023828 0.042361 -0.046094 -0.084722
0 0.027734 0.057639 -0.053906 -0.115278
0 0.019922 0.033333 -0.038281 -0.066667
0 0.023438 0.044444 -0.045312 -0.088889
0 0.019922 0.033333 -0.038281 -0.066667
0 0.027734 0.057639 -0.053906 -0.115278
0 0.030469 0.050694 -0.057813 -0.101389
0 0.027734 0.057639 -0.053906 -0.115278
0 0.019922 0.033333 -0.038281 -0.066667
0 0.023438 0.044444 -0.045312 -0.088889
0 0.024219 0.042361 -0.045312 -0.084722
0 0.030078 0.050694 -0.058594 -0.101389
0 0.023438 0.044444 -0.045312 -0.088889
0 0.023828 0.042361 -0.046094 -0.084722
0 0.023828 0.044444 -0.044531 -0.088889
0 0.027734 0.057639 -0.053906 -0.115278
0 0.019922 0.033333 -0.038281 -0.066667
0 0.023828 0.042361 -0.046094 -0.084722
0 0.019922 0.033333 -0.038281 -0.066667
0 0.027734 0.057639 -0.053906 -0.115278
0 0.019922 0.033333 -0.038281 -0.066667
0 0.023438 0.044444 -0.045312 -0.088889
0 0.023438 0.044444 -0.045312 -0.088889
0 0.027734 0.057639 -0.053906 -0.115278
0 0.023828 0.042361 -0.046094 -0.084722
0 0.024219 0.042361 -0.045312 -0.084722
0 0.023828 0.044444 -0.044531 -0.088889
0 0.023828 0.044444 -0.044531 -0.088889
0 0.023828 0.042361 -0.046094 -0.084722
0 0.023828 0.042361 -0.046094 -0.084722
0 0.025781 0.050000 -0.050000 -0.100000
0 0.027734 0.057639 -0.053906 -0.115278
0 0.030469 0.050694 -0.057813 -0.101389
0 0.019922 0.033333 -0.038281 -0.066667
0 0.030078 0.050694 -0.058594 -0.101389
0 0.023828 0.044444 -0.044531 -0.088889
0 0.027734 0.057639 -0.053906 -0.115278
0 0.019922 0.033333 -0.038281 -0.066667
0 0.030078 0.050694 -0.058594 -0.101389
0 0.021484 0.038889 -0.041406 -0.077778
0 0.023438 0.044444 -0.045312 -0.088889
0 0.020703 0.036111 -0.039844 -0.072222
0 0.019922 0.033333 -0.038281 -0.066667
0 0.020313 0.033333 -0.037500 -0.066667
0 0.023828 0.042361 -0.046094 -0.084722
0 0.023828 0.044444 -0.044531 -0.088889
0 0.023438 0.044444 -0.045312 -0.088889
0 0.030469 0.050694 -0.057813 -0.101389
0 0.023828 0.042361 -0.046094 -0.084722
0 0.024219 0.042361 -0.045312 -0.084722
0 0.024219 0.042361 -0.045312 -0.084722
0 0.019922 0.033333 -0.038281 -0.066667
0 0.023438 0.044444 -0.045312 -0.088889
0 0.023438 0.044444 -0.045312 -0.088889
0 0.023438 0.044444 -0.045312 -0.088889
0 0.030078 0.050694 -0.058594 -0.101389
0 0.023438 0.044444 -0.045312 -0.088889
0 0.030078 0.050694 -0.058594 -0.101389
0 0.023828 0.042361 -0.046094 -0.084722
0 0.022266 0.041667 -0.042969 -0.083333
0 0.019922 0.033333 -0.038281 -0.066667
0 0.026562 0.046528 -0.051562 -0.093056
0 0.028906 0.048611 -0.054688 -0.097222
0 0.027734 0.057639 -0.053906 -0.115278
0 0.030078 0.050694 -0.058594 -0.101389
0 0.023828 0.044444 -0.044531 -0.088889
0 0.023828 0.042361 -0.046094 -0.084722
0 0.023828 0.042361 -0.046094 -0.084722
0 0.027734 0.057639 -0.053906 -0.115278
0 0.019922 0.033333 -0.038281 -0.066667
0 0.027734 0.057639 -0.053906 -0.115278
0 0.026562 0.047222 -0.051562 -0.094444
0 0.027734 0.057639 -0.053906 -0.115278
0 0.023828 0.044444 -0.044531 -0.088889
0 0.030469 0.050694 -0.057813 -0.101389
0 0.019922 0.033333 -0.038281 -0.066667
0 0.023828 0.044444 -0.044531 -0.088889
0 0.019922 0.033333 -0.038281 -0.066667
0 0.020313 0.033333 -0.037500 -0.066667
0 0.030078 0.050694 -0.058594 -0.101389
0 0.019922 0.033333 -0.038281 -0.066667
0 0.027734 0.057639 -0.053906 -0.115278
0 0.023828 0.044444 -0.044531 -0.088889
0 0.023828 0.044444 -0.044531 -0.088889
0 0.019922 0.033333 -0.038281 -0.066667
0 0.023438 0.044444 -0.045312 -0.088889
0 0.030469 0.050694 -0.057813 -0.101389
0 0.023438 0.044444 -0.045312 -0.088889
0 0.023438 0.044444 -0.045312 -0.088889
0 0.023828 0.044444 -0.044531 -0.088889
0 0.019922 0.033333 -0.038281 -0.066667
0 0.023828 0.042361 -0.046094 -0.084722
0 0.030078 0.050694 -0.058594 -0.101389
0 0.023438 0.044444 -0.045312 -0.088889
0 0.023438 0.044444 -0.045312 -0.088889
0 0.023828 0.044444 -0.044531 -0.088889
0 0.030469 0.050694 -0.057813 -0.101389
0 0.019922 0.033333 -0.038281 -0.066667
0 0.019922 0.033333 -0.038281 -0.066667
0 0.030078 0.050694 -0.058594 -0.101389
0 0.023828 0.044444 -0.044531 -0.088889
0 0.027734 0.057639 -0.053906 -0.115278
0 0.023438 0.044444 -0.045312 -0.088889
0 0.023828 0.042361 -0.046094 -0.084722
0 0.030078 0.050694 -0.058594 -0.101389
0 0.023828 0.044444 -0.044531 -0.088889
0 0.019922 0.033333 -0.038281 -0.066667
0 0.019922 0.033333 -0.038281 -0.066667
0 0.027734 0.057639 -0.053906 -0.115278
0 0.023828 0.044444 -0.044531 -0.088889
0 0.027734 0.057639 -0.053906 -0.115278
0 0.030078 0.050694 -0.058594 -0.101389
0 0.023828 0.042361 -0.046094 -0.084722
0 0.023828 0.042361 -0.046094 -0.084722