0 0.008977 0.027551 -0.017355 -0.055102
0 0.010323 0.043878 -0.020048 -0.087755
0 0.008977 0.037755 -0.017355 -0.075510
0 0.008229 0.039796 -0.015859 -0.079592
0 0.008977 0.027551 -0.017355 -0.055102
0 0.008229 0.039796 -0.015859 -0.079592
0 0.008977 0.027551 -0.017355 -0.055102
0 0.010922 0.045918 -0.021245 -0.091837
0 0.008977 0.027551 -0.017355 -0.055102
0 0.008229 0.039796 -0.015859 -0.079592
0 0.008229 0.039796 -0.015859 -0.079592
0 0.008229 0.039796 -0.015859 -0.079592
0 0.008229 0.039796 -0.015859 -0.079592
0 0.008977 0.027551 -0.017355 -0.055102
0 0.008977 0.027551 -0.017355 -0.055102
0 0.008229 0.039796 -0.015859 -0.079592
0 0.008977 0.027551 -0.017355 -0.055102
0 0.008977 0.027551 -0.017355 -0.055102
0 0.008229 0.039796 -0.015859 -0.079592
0 0.010323 0.043878 -0.020048 -0.087755
0 0.008977 0.037755 -0.017355 -0.075510
0 0.010922 0.045918 -0.021245 -0.091837
0 0.008378 0.036735 -0.016158 -0.073469
0 0.008229 0.039796 -0.015859 -0.079592
0 0.008977 0.027551 -0.017355 -0.055102
0 0.008977 0.027551 -0.017355 -0.055102
0 0.008977 0.037755 -0.017355 -0.075510
0 0.008977 0.037755 -0.017355 -0.075510
0 0.010922 0.045918 -0.021245 -0.091837
0 0.010922 0.045918 -0.021245 -0.091837
0 0.008229 0.039796 -0.015859 -0.079592
0 0.008378 0.039286 -0.016158 -0.078571
0 0.008977 0.027551 -0.017355 -0.055102
0 0.008229 0.039796 -0.015859 -0.079592
0 0.010922 0.045918 -0.021245 -0.091837
0 0.008977 0.027551 -0.017355 -0.055102
0 0.008229 0.039796 -0.015859 -0.079592
0 0.008977 0.037755 -0.017355 -0.075510
0 0.008977 0.027551 -0.017355 -0.055102
0 0.008229 0.039796 -0.015859 -0.079592
0 0.010922 0.045918 -0.021245 -0.091837
0 0.008977 0.037755 -0.017355 -0.075510
0 0.008229 0.039796 -0.015859 -0.079592
0 0.010922 0.045918 -0.021245 -0.091837
0 0.008977 0.027551 -0.017355 -0.055102
0 0.008229 0.039796 -0.015859 -0.079592
0 0.008977 0.027551 -0.017355 -0.055102
0 0.008229 0.039796 -0.015859 -0.079592
0 0.008229 0.039796 -0.015859 -0.079592
0 0.008229 0.039796 -0.015859 -0.079592
0 0.008977 0.037755 -0.017355 -0.075510
0 0.008977 0.027551 -0.017355 -0.055102
0 0.010922 0.045918 -0.021245 -0.091837
0 0.010922 0.045918 -0.021245 -0.091837
0 0.008977 0.027551 -0.017355 -0.055102
0 0.008977 0.027551 -0.017355 -0.055102
0 0.008977 0.027551 -0.017355 -0.055102
0 0.008977 0.027551 -0.017355 -0.055102
0 0.008977 0.037755 -0.017355 -0.075510
0 0.008977 0.027551 -0.017355 -0.055102
0 0.010922 0.045918 -0.021245 -0.091837
0 0.008977 0.027551 -0.017355 -0.055102
0 0.008977 0.037755 -0.017355 -0.075510
0 0.008677 0.038265 -0.016756 -0.076531
0 0.008977 0.027551 -0.017355 -0.055102
0 0.008977 0.037755 -0.017355 -0.075510
0 0.010922 0.045918 -0.021245 -0.091837
0 0.008229 0.039796 -0.015859 -0.079592
0 0.008977 0.037755 -0.017355 -0.075510
0 0.010922 0.045918 -0.021245 -0.091837
0 0.008229 0.039796 -0.015859 -0.079592
0 0.010922 0.045918 -0.021245 -0.091837
0 0.008229 0.039796 -0.015859 -0.079592
0 0.010922 0.045918 -0.021245 -0.091837
0 0.008977 0.037755 -0.017355 -0.075510
0 0.008378 0.036735 -0.016158 -0.073469
0 0.010922 0.045918 -0.021245 -0.091837
0 0.008229 0.039796 -0.015859 -0.079592
0 0.008229 0.039796 -0.015859 -0.079592
0 0.008977 0.037755 -0.017355 -0.075510
0 0.008977 0.027551 -0.017355 -0.055102
0 0.010922 0.045918 -0.021245 -0.091837
0 0.008977 0.037755 -0.017355 -0.075510
0 0.010922 0.045918 -0.021245 -0.091837
0 0.008977 0.027551 -0.017355 -0.055102
0 0.010922 0.045918 -0.021245 -0.091837
0 0.008977 0.037755 -0.017355 -0.075510
0 0.008977 0.037755 -0.017355 -0.075510
0 0.010922 0.045918 -0.021245 -0.091837
0 0.010922 0.045918 -0.021245 -0.091837
0 0.008977 0.040816 -0.017355 -0.081633
0 0.008977 0.037755 -0.017355 -0.075510
0 0.008977 0.027551 -0.017355 -0.055102
0 0.008977 0.037755 -0.017355 -0.075510
0 0.010922 0.045918 -0.021245 -0.091837
0 0.008229 0.039796 -0.015859 -0.079592
0 0.008229 0.039796 -0.015859 -0.079592
0 0.010922 0.045918 -0.021245 -0.091837
0 0.010922 0.045918 -0.021245 -0.091837
0 0.008229 0.039796 -0.015859 -0.079592
0 0.010922 0.045918 -0.021245 -0.091837
0 0.008977 0.037755 -0.017355 -0.075510
0 0.008977 0.037755 -0.017355 -0.075510
0 0.008977 0.027551 -0.017355 -0.055102
0 0.008229 0.039796 -0.015859 -0.079592
0 0.010922 0.045918 -0.021245 -0.091837
0 0.010922 0.045918 -0.021245 -0.091837
0 0.008229 0.039796 -0.015859 -0.079592
0 0.008977 0.027551 -0.017355 -0.055102
0 0.010922 0.045918 -0.021245 -0.091837
0 0.008229 0.039796 -0.015859 -0.079592
0 0.008977 0.037755 -0.017355 -0.075510
0 0.008977 0.037755 -0.017355 -0.075510
0 0.010922 0.045918 -0.021245 -0.091837
0 0.008977 0.037755 -0.017355 -0.075510
0 0.008229 0.039796 -0.015859 -0.079592
0 0.008977 0.027551 -0.017355 -0.055102
0 0.010922 0.045918 -0.021245 -0.091837
0 0.008977 0.027551 -0.017355 -0.055102
0 0.008977 0.027551 -0.017355 -0.055102
0 0.008229 0.039796 -0.015859 -0.079592
0 0.010922 0.045918 -0.021245 -0.091837
0 0.008977 0.037755 -0.017355 -0.075510
0 0.008229 0.039796 -0.015859 -0.079592
0 0.008229 0.039796 -0.015859 -0.079592
0 0.010922 0.045918 -0.021245 -0.091837
0 0.010922 0.045918 -0.021245 -0.091837
0 0.011221 0.045918 -0.020646 -0.091837
0 0.010922 0.045918 -0.021245 -0.091837
0 0.008229 0.039796 -0.015859 -0.079592
0 0.008977 0.037755 -0.017355 -0.075510
0 0.008229 0.039796 -0.015859 -0.079592
0 0.010922 0.045918 -0.021245 -0.091837
0 0.008977 0.037755 -0.017355 -0.075510
0 0.008229 0.039796 -0.015859 -0.079592
0 0.009425 0.039796 -0.018253 -0.079592
0 0.008977 0.037755 -0.017355 -0.075510
0 0.008229 0.039796 -0.015859 -0.079592
0 0.008977 0.037755 -0.017355 -0.075510
0 0.008229 0.039796 -0.015859 -0.079592
0 0.008977 0.037755 -0.017355 -0.075510
0 0.008229 0.039796 -0.015859 -0.079592
0 0.008229 0.039796 -0.015859 -0.079592
0 0.008977 0.037755 -0.017355 -0.075510
0 0.008229 0.039796 -0.015859 -0.079592
0 0.008977 0.027551 -0.017355 -0.055102
0 0.008229 0.039796 -0.015859 -0.079592
0 0.008977 0.027551 -0.017355 -0.055102
0 0.010922 0.045918 -0.021245 -0.091837
0 0.008229 0.039796 -0.015859 -0.079592
0 0.010922 0.045918 -0.021245 -0.091837
0 0.008229 0.039796 -0.015859 -0.079592
0 0.008977 0.037755 -0.017355 -0.075510
0 0.009276 0.040306 -0.017953 -0.080612
0 0.008229 0.039796 -0.015859 -0.079592
0 0.008229 0.039796 -0.015859 -0.079592
0 0.008977 0.027551 -0.017355 -0.055102
0 0.010922 0.045918 -0.021245 -0.091837
0 0.008977 0.027551 -0.017355 -0.055102
0 0.008977 0.027551 -0.017355 -0.055102
0 0.008977 0.037755 -0.017355 -0.075510
0 0.008977 0.037755 -0.017355 -0.075510
0 0.008229 0.039796 -0.015859 -0.079592
0 0.008229 0.039796 -0.015859 -0.079592
0 0.008977 0.037755 -0.017355 -0.075510
0 0.008977 0.037755 -0.017355 -0.075510
0 0.010922 0.045918 -0.021245 -0.091837
0 0.010922 0.045918 -0.021245 -0.091837
0 0.008977 0.027551 -0.017355 -0.055102
0 0.008977 0.037755 -0.017355 -0.075510
0 0.008229 0.039796 -0.015859 -0.079592
0 0.008229 0.039796 -0.015859 -0.079592
0 0.008977 0.027551 -0.017355 -0.055102
0 0.008229 0.039796 -0.015859 -0.079592
0 0.008229 0.039796 -0.015859 -0.079592
0 0.010922 0.045918 -0.021245 -0.091837
0 0.008977 0.027551 -0.017355 -0.055102
0 0.008977 0.037755 -0.017355 -0.075510
0 0.008229 0.039796 -0.015859 -0.079592
0 0.010922 0.045918 -0.021245 -0.091837
0 0.008229 0.039796 -0.015859 -0.079592
0 0.008229 0.039796 -0.015859 -0.079592
0 0.008977 0.037755 -0.017355 -0.075510
0 0.008229 0.039796 -0.015859 -0.079592
0 0.010922 0.045918 -0.021245 -0.091837
0 0.008229 0.039796 -0.015859 -0.079592
0 0.008229 0.039796 -0.015859 -0.079592
0 0.008229 0.039796 -0.015859 -0.079592
0 0.008229 0.039796 -0.015859 -0.079592
0 0.008378 0.039286 -0.016158 -0.078571
0 0.008977 0.027551 -0.017355 -0.055102
0 0.010922 0.045918 -0.021245 -0.091837
0 0.008229 0.039796 -0.015859 -0.079592
0 0.010922 0.045918 -0.021245 -0.091837
0 0.008977 0.027551 -0.017355 -0.055102
0 0.010922 0.045918 -0.021245 -0.091837
0 0.008977 0.037755 -0.017355 -0.075510
0 0.008977 0.027551 -0.017355 -0.055102
0 0.010922 0.045918 -0.021245 -0.091837
0 0.008378 0.039286 -0.016158 -0.078571
0 0.008229 0.039796 -0.015859 -0.079592
0 0.008977 0.027551 -0.017355 -0.055102
0 0.010922 0.045918 -0.021245 -0.091837
0 0.008977 0.027551 -0.017355 -0.055102
0 0.008977 0.037755 -0.017355 -0.075510
0 0.008229 0.039796 -0.015859 -0.079592
0 0.010922 0.045918 -0.021245 -0.091837
0 0.008977 0.027551 -0.017355 -0.055102
0 0.010922 0.045918 -0.021245 -0.091837
0 0.008229 0.039796 -0.015859 -0.079592
0 0.008229 0.039796 -0.015859 -0.079592
0 0.008229 0.039796 -0.015859 -0.079592
0 0.008229 0.039796 -0.015859 -0.079592
0 0.010922 0.045918 -0.021245 -0.091837
0 0.008229 0.039796 -0.015859 -0.079592
0 0.008977 0.037755 -0.017355 -0.075510
0 0.008977 0.027551 -0.017355 -0.055102
0 0.008229 0.039796 -0.015859 -0.079592
0 0.010922 0.045918 -0.021245 -0.091837
0 0.008977 0.027551 -0.017355 -0.055102
0 0.010922 0.045918 -0.021245 -0.091837
0 0.008977 0.027551 -0.017355 -0.055102
0 0.008229 0.039796 -0.015859 -0.079592
0 0.008977 0.027551 -0.017355 -0.055102
0 0.008977 0.027551 -0.017355 -0.055102
0 0.008977 0.027551 -0.017355 -0.055102
0 0.008229 0.039796 -0.015859 -0.079592
0 0.008977 0.037755 -0.017355 -0.075510
0 0.008229 0.039796 -0.015859 -0.079592
0 0.008229 0.039796 -0.015859 -0.079592
0 0.008229 0.039796 -0.015859 -0.079592
0 0.010922 0.045918 -0.021245 -0.091837
0 0.010922 0.045918 -0.021245 -0.091837
0 0.008229 0.039796 -0.015859 -0.079592
0 0.008977 0.037755 -0.017355 -0.075510
0 0.008229 0.039796 -0.015859 -0.079592
0 0.008229 0.039796 -0.015859 -0.079592
0 0.008977 0.037755 -0.017355 -0.075510
0 0.008229 0.039796 -0.015859 -0.079592
0 0.008977 0.027551 -0.017355 -0.055102
0 0.008977 0.027551 -0.017355 -0.055102
0 0.010922 0.045918 -0.021245 -0.091837
0 0.008977 0.037755 -0.017355 -0.075510
0 0.008977 0.037755 -0.017355 -0.075510
0 0.008977 0.037755 -0.017355 -0.075510
0 0.008977 0.037755 -0.017355 -0.075510
0 0.008977 0.037755 -0.017355 -0.075510
0 0.008977 0.027551 -0.017355 -0.055102
0 0.008977 0.037755 -0.017355 -0.075510
0 0.010922 0.045918 -0.021245 -0.091837
0 0.010922 0.045918 -0.021245 -0.091837
0 0.008229 0.039796 -0.015859 -0.079592
0 0.008229 0.039796 -0.015859 -0.079592
0 0.008977 0.027551 -0.017355 -0.055102
0 0.010922 0.045918 -0.021245 -0.091837
0 0.008977 0.027551 -0.017355 -0.055102
0 0.008977 0.037755 -0.017355 -0.075510
0 0.008229 0.039796 -0.015859 -0.079592
0 0.008977 0.037755 -0.017355 -0.075510
0 0.008229 0.039796 -0.015859 -0.079592
0 0.010922 0.045918 -0.021245 -0.091837
0 0.008977 0.027551 -0.017355 -0.055102
0 0.010922 0.045918 -0.021245 -0.091837
0 0.010922 0.045918 -0.021245 -0.091837
0 0.008229 0.039796 -0.015859 -0.079592
0 0.008977 0.027551 -0.017355 -0.055102
0 0.010922 0.045918 -0.021245 -0.091837
0 0.008977 0.037755 -0.017355 -0.075510
0 0.008977 0.037755 -0.017355 -0.075510
0 0.008977 0.027551 -0.017355 -0.055102
0 0.008229 0.039796 -0.015859 -0.079592
0 0.008977 0.037755 -0.017355 -0.075510
0 0.010922 0.045918 -0.021245 -0.091837
0 0.008229 0.039796 -0.015859 -0.079592
0 0.008229 0.039796 -0.015859 -0.079592
0 0.008229 0.039796 -0.015859 -0.079592
0 0.010922 0.045918 -0.021245 -0.091837
0 0.010922 0.045918 -0.021245 -0.091837
0 0.008977 0.037755 -0.017355 -0.075510
0 0.008229 0.039796 -0.015859 -0.079592
0 0.008977 0.027551 -0.017355 -0.055102
0 0.008977 0.037755 -0.017355 -0.075510
0 0.010922 0.045918 -0.021245 -0.091837
0 0.008977 0.037755 -0.017355 -0.075510
0 0.008229 0.039796 -0.015859 -0.079592
0 0.008229 0.039796 -0.015859 -0.079592
0 0.010922 0.045918 -0.021245 -0.091837
0 0.008977 0.037755 -0.017355 -0.075510
0 0.008977 0.037755 -0.017355 -0.075510
0 0.008229 0.039796 -0.015859 -0.079592
0 0.008229 0.039796 -0.015859 -0.079592
0 0.010922 0.045918 -0.021245 -0.091837
0 0.010922 0.045918 -0.021245 -0.091837
0 0.009276 0.040306 -0.017953 -0.080612
0 0.010922 0.045918 -0.021245 -0.091837
0 0.010922 0.045918 -0.021245 -0.091837
0 0.008229 0.039796 -0.015859 -0.079592
0 0.008977 0.027551 -0.017355 -0.055102
0 0.008229 0.039796 -0.015859 -0.079592
0 0.008977 0.037755 -0.017355 -0.075510
0 0.010922 0.045918 -0.021245 -0.091837
0 0.010922 0.045918 -0.021245 -0.091837
0 0.008977 0.027551 -0.017355 -0.055102
0 0.008977 0.027551 -0.017355 -0.055102
0 0.008977 0.037755 -0.017355 -0.075510
0 0.008977 0.027551 -0.017355 -0.055102
0 0.008229 0.039796 -0.015859 -0.079592
0 0.008977 0.037755 -0.017355 -0.075510
0 0.008229 0.039796 -0.015859 -0.079592
0 0.010922 0.045918 -0.021245 -0.091837
0 0.008977 0.037755 -0.017355 -0.075510
0 0.008977 0.027551 -0.017355 -0.055102
0 0.010922 0.045918 -0.021245 -0.091837
0 0.008977 0.037755 -0.017355 -0.075510
0 0.008229 0.039796 -0.015859 -0.079592
0 0.008229 0.039796 -0.015859 -0.079592
0 0.008977 0.040816 -0.017355 -0.081633
0 0.010922 0.045918 -0.021245 -0.091837
0 0.010922 0.045918 -0.021245 -0.091837
0 0.008378 0.036735 -0.016158 -0.073469
0 0.010922 0.045918 -0.021245 -0.091837
0 0.010922 0.045918 -0.021245 -0.091837
0 0.008229 0.039796 -0.015859 -0.079592
0 0.008229 0.039796 -0.015859 -0.079592
0 0.008977 0.037755 -0.017355 -0.075510
0 0.008229 0.039796 -0.015859 -0.079592
0 0.008229 0.039796 -0.015859 -0.079592
0 0.008378 0.039286 -0.016158 -0.078571
0 0.008977 0.037755 -0.017355 -0.075510
0 0.010922 0.045918 -0.021245 -0.091837
0 0.008977 0.027551 -0.017355 -0.055102
0 0.010922 0.045918 -0.021245 -0.091837
0 0.008977 0.037755 -0.017355 -0.075510
0 0.008977 0.037755 -0.017355 -0.075510
0 0.008977 0.037755 -0.017355 -0.075510
0 0.008977 0.027551 -0.017355 -0.055102
0 0.010922 0.045918 -0.021245 -0.091837
0 0.008977 0.027551 -0.017355 -0.055102
0 0.010922 0.045918 -0.021245 -0.091837
0 0.008229 0.039796 -0.015859 -0.079592
0 0.010922 0.045918 -0.021245 -0.091837
0 0.008977 0.027551 -0.017355 -0.055102
0 0.008977 0.027551 -0.017355 -0.055102
0 0.008229 0.039796 -0.015859 -0.079592
0 0.008229 0.039796 -0.015859 -0.079592
0 0.008229 0.039796 -0.015859 -0.079592
0 0.008229 0.039796 -0.015859 -0.079592
0 0.008229 0.039796 -0.015859 -0.079592
0 0.008977 0.027551 -0.017355 -0.055102
0 0.008977 0.037755 -0.017355 -0.075510
0 0.008229 0.039796 -0.015859 -0.079592
0 0.008977 0.037755 -0.017355 -0.075510
0 0.010922 0.045918 -0.021245 -0.091837
0 0.008229 0.039796 -0.015859 -0.079592
0 0.008229 0.039796 -0.015859 -0.079592
0 0.008229 0.039796 -0.015859 -0.079592
0 0.008229 0.039796 -0.015859 -0.079592
0 0.008977 0.037755 -0.017355 -0.075510
0 0.008977 0.037755 -0.017355 -0.075510
0 0.008229 0.039796 -0.015859 -0.079592
0 0.010922 0.045918 -0.021245 -0.091837
0 0.008229 0.039796 -0.015859 -0.079592
0 0.008229 0.039796 -0.015859 -0.079592
0 0.008977 0.027551 -0.017355 -0.055102
0 0.008229 0.039796 -0.015859 -0.079592
0 0.008977 0.037755 -0.017355 -0.075510
0 0.010922 0.045918 -0.021245 -0.091837
0 0.008229 0.039796 -0.015859 -0.079592
0 0.008977 0.037755 -0.017355 -0.075510
0 0.008977 0.037755 -0.017355 -0.075510
0 0.008977 0.037755 -0.017355 -0.075510
0 0.008229 0.039796 -0.015859 -0.079592
0 0.008229 0.039796 -0.015859 -0.079592
0 0.008977 0.037755 -0.017355 -0.075510
0 0.008977 0.027551 -0.017355 -0.055102
0 0.010922 0.045918 -0.021245 -0.091837
0 0.008977 0.037755 -0.017355 -0.075510
0 0.008977 0.027551 -0.017355 -0.055102
0 0.008229 0.039796 -0.015859 -0.079592
0 0.010922 0.045918 -0.021245 -0.091837
0 0.008977 0.037755 -0.017355 -0.075510
0 0.010922 0.045918 -0.021245 -0.091837
0 0.008229 0.039796 -0.015859 -0.079592
0 0.008378 0.036735 -0.016158 -0.073469
0 0.008229 0.039796 -0.015859 -0.079592
0 0.008977 0.037755 -0.017355 -0.075510
0 0.009425 0.039796 -0.018253 -0.079592
0 0.010922 0.045918 -0.021245 -0.091837
0 0.010922 0.045918 -0.021245 -0.091837
0 0.008229 0.039796 -0.015859 -0.079592
0 0.008229 0.039796 -0.015859 -0.079592
0 0.008229 0.039796 -0.015859 -0.079592
0 0.010922 0.045918 -0.021245 -0.091837
0 0.008977 0.037755 -0.017355 -0.075510
0 0.008977 0.037755 -0.017355 -0.075510
0 0.010922 0.045918 -0.021245 -0.091837
0 0.008229 0.039796 -0.015859 -0.079592
0 0.008977 0.027551 -0.017355 -0.055102
0 0.010922 0.045918 -0.021245 -0.091837
0 0.008977 0.037755 -0.017355 -0.075510
0 0.010922 0.045918 -0.021245 -0.091837
0 0.008378 0.039286 -0.016158 -0.078571
0 0.010922 0.045918 -0.021245 -0.091837
0 0.008229 0.039796 -0.015859 -0.079592
0 0.008977 0.037755 -0.017355 -0.075510
0 0.008528 0.033673 -0.016457 -0.067347
0 0.008229 0.039796 -0.015859 -0.079592
0 0.008229 0.039796 -0.015859 -0.079592
0 0.008229 0.039796 -0.015859 -0.079592
0 0.010922 0.045918 -0.021245 -0.091837
0 0.008977 0.027551 -0.017355 -0.055102
0 0.008977 0.037755 -0.017355 -0.075510
0 0.010922 0.045918 -0.021245 -0.091837
0 0.008977 0.027551 -0.017355 -0.055102
0 0.008977 0.027551 -0.017355 -0.055102