0 0.010920 0.018135 -0.019540 -0.036269
0 0.005747 0.010363 -0.009195 -0.020725
0 0.002299 0.002591 -0.002299 -0.005181
0 0.004598 0.006045 -0.006897 -0.012090
0 0.005172 0.007772 -0.008046 -0.015544
0 0.008046 0.012090 -0.013793 -0.024180
0 0.018966 0.033679 -0.035632 -0.067358
0 0.005747 0.010363 -0.009195 -0.020725
0 0.005172 0.007772 -0.008046 -0.015544
0 0.004598 0.005181 -0.006897 -0.010363
0 0.002299 0.002591 -0.002299 -0.005181
0 0.005747 0.010363 -0.009195 -0.020725
0 0.005172 0.007772 -0.008046 -0.015544
0 0.010920 0.018135 -0.019540 -0.036269
0 0.004598 0.005181 -0.006897 -0.010363
0 0.018966 0.033679 -0.035632 -0.067358
0 0.010920 0.018135 -0.019540 -0.036269
0 0.018966 0.027634 -0.031034 -0.055268
0 0.010345 0.013817 -0.018391 -0.027634
0 0.010920 0.018135 -0.019540 -0.036269
0 0.004598 0.005181 -0.006897 -0.010363
0 0.004598 0.005181 -0.006897 -0.010363
0 0.010920 0.018135 -0.019540 -0.036269
0 0.005172 0.007772 -0.008046 -0.015544
0 0.011494 0.013817 -0.016092 -0.027634
0 0.010920 0.018135 -0.019540 -0.036269
0 0.005747 0.010363 -0.009195 -0.020725
0 0.005747 0.010363 -0.009195 -0.020725
0 0.009195 0.015544 -0.016092 -0.031088
0 0.005747 0.010363 -0.009195 -0.020725
0 0.004598 0.005181 -0.006897 -0.010363
0 0.005172 0.007772 -0.008046 -0.015544
0 0.010920 0.018135 -0.019540 -0.036269
0 0.008046 0.012090 -0.013793 -0.024180
0 0.012069 0.018135 -0.017241 -0.036269
0 0.010920 0.018135 -0.019540 -0.036269
0 0.010920 0.018135 -0.019540 -0.036269
0 0.004598 0.005181 -0.006897 -0.010363
0 0.004598 0.006045 -0.006897 -0.012090
0 0.004598 0.006045 -0.006897 -0.012090
0 0.004598 0.006045 -0.006897 -0.012090
0 0.005172 0.007772 -0.008046 -0.015544
0 0.010920 0.018135 -0.019540 -0.036269
0 0.012069 0.018135 -0.017241 -0.036269
0 0.005172 0.007772 -0.008046 -0.015544
0 0.033908 0.052677 -0.065517 -0.105354
0 0.005747 0.010363 -0.009195 -0.020725
0 0.004598 0.006045 -0.006897 -0.012090
0 0.004598 0.006045 -0.006897 -0.012090
0 0.005747 0.010363 -0.009195 -0.020725
0 0.004598 0.006045 -0.006897 -0.012090
0 0.005172 0.007772 -0.008046 -0.015544
0 0.004598 0.005181 -0.006897 -0.010363
0 0.004598 0.005181 -0.006897 -0.010363
0 0.018966 0.033679 -0.035632 -0.067358
0 0.005747 0.010363 -0.009195 -0.020725
0 0.008046 0.012090 -0.013793 -0.024180
0 0.002299 0.002591 -0.002299 -0.005181
0 0.010345 0.013817 -0.018391 -0.027634
0 0.005172 0.007772 -0.008046 -0.015544
0 0.005172 0.007772 -0.008046 -0.015544
0 0.005172 0.007772 -0.008046 -0.015544
0 0.004598 0.006045 -0.006897 -0.012090
0 0.017816 0.027634 -0.033333 -0.055268
0 0.011494 0.013817 -0.016092 -0.027634
0 0.004598 0.005181 -0.006897 -0.010363
0 0.010345 0.013817 -0.018391 -0.027634
0 0.010920 0.018135 -0.019540 -0.036269
0 0.004598 0.006045 -0.006897 -0.012090
0 0.017816 0.027634 -0.033333 -0.055268
0 0.004598 0.005181 -0.006897 -0.010363
0 0.010920 0.018135 -0.019540 -0.036269
0 0.005172 0.007772 -0.008046 -0.015544
0 0.005172 0.007772 -0.008046 -0.015544
0 0.033908 0.052677 -0.065517 -0.105354
0 0.005747 0.010363 -0.009195 -0.020725
0 0.007471 0.010363 -0.012644 -0.020725
0 0.012069 0.018135 -0.017241 -0.036269
0 0.005747 0.010363 -0.009195 -0.020725
0 0.010920 0.018135 -0.019540 -0.036269
0 0.005747 0.010363 -0.009195 -0.020725
0 0.008046 0.013817 -0.013793 -0.027634
0 0.004598 0.005181 -0.006897 -0.010363
0 0.004598 0.005181 -0.006897 -0.010363
0 0.004598 0.005181 -0.006897 -0.010363
0 0.006322 0.007772 -0.005747 -0.015544
0 0.008046 0.012090 -0.013793 -0.024180
0 0.012069 0.018135 -0.017241 -0.036269
0 0.004598 0.006045 -0.006897 -0.012090
0 0.012069 0.018135 -0.017241 -0.036269
0 0.004598 0.006045 -0.006897 -0.012090
0 0.005172 0.007772 -0.008046 -0.015544
0 0.004598 0.005181 -0.006897 -0.010363
0 0.002299 0.002591 -0.002299 -0.005181
0 0.004598 0.006045 -0.006897 -0.012090
0 0.005172 0.007772 -0.008046 -0.015544
0 0.005172 0.007772 -0.008046 -0.015544
0 0.005747 0.010363 -0.009195 -0.020725
0 0.035057 0.052677 -0.063218 -0.105354
0 0.005747 0.010363 -0.009195 -0.020725
0 0.004598 0.006045 -0.006897 -0.012090
0 0.004598 0.005181 -0.006897 -0.010363
0 0.005172 0.007772 -0.008046 -0.015544
0 0.004598 0.005181 -0.006897 -0.010363
0 0.014943 0.025907 -0.027586 -0.051813
0 0.017816 0.027634 -0.033333 -0.055268
0 0.017816 0.027634 -0.033333 -0.055268
0 0.005172 0.007772 -0.008046 -0.015544
0 0.005172 0.007772 -0.008046 -0.015544
0 0.017816 0.027634 -0.033333 -0.055268
0 0.011494 0.017271 -0.020690 -0.034542
0 0.004598 0.006045 -0.006897 -0.012090
0 0.018966 0.033679 -0.035632 -0.067358
0 0.005172 0.007772 -0.008046 -0.015544
0 0.004598 0.005181 -0.006897 -0.010363
0 0.004598 0.006045 -0.006897 -0.012090
0 0.004598 0.005181 -0.006897 -0.010363
0 0.018966 0.033679 -0.035632 -0.067358
0 0.010920 0.018135 -0.019540 -0.036269
0 0.004598 0.006045 -0.006897 -0.012090
0 0.004598 0.005181 -0.006897 -0.010363
0 0.004598 0.005181 -0.006897 -0.010363
0 0.008046 0.013817 -0.013793 -0.027634
0 0.005172 0.007772 -0.008046 -0.015544
0 0.010920 0.018135 -0.019540 -0.036269
0 0.002299 0.002591 -0.002299 -0.005181
0 0.010920 0.018135 -0.019540 -0.036269
0 0.004598 0.006045 -0.006897 -0.012090
0 0.008046 0.013817 -0.013793 -0.027634
0 0.004598 0.006045 -0.006897 -0.012090
0 0.004598 0.005181 -0.006897 -0.010363
0 0.018966 0.033679 -0.035632 -0.067358
0 0.010920 0.018135 -0.019540 -0.036269
0 0.008046 0.013817 -0.013793 -0.027634
0 0.005172 0.007772 -0.008046 -0.015544
0 0.018966 0.033679 -0.035632 -0.067358
0 0.005172 0.007772 -0.008046 -0.015544
0 0.005172 0.007772 -0.008046 -0.015544
0 0.012069 0.018135 -0.017241 -0.036269
0 0.004598 0.005181 -0.006897 -0.010363
0 0.018966 0.027634 -0.031034 -0.055268
0 0.004598 0.006045 -0.006897 -0.012090
0 0.008046 0.013817 -0.013793 -0.027634
0 0.004598 0.005181 -0.006897 -0.010363
0 0.005747 0.010363 -0.009195 -0.020725
0 0.017816 0.027634 -0.033333 -0.055268
0 0.010920 0.018135 -0.019540 -0.036269
0 0.005747 0.010363 -0.009195 -0.020725
0 0.035057 0.052677 -0.063218 -0.105354
0 0.024713 0.044905 -0.047126 -0.089810
0 0.010345 0.013817 -0.018391 -0.027634
0 0.005747 0.010363 -0.009195 -0.020725
0 0.017816 0.027634 -0.033333 -0.055268
0 0.005172 0.007772 -0.008046 -0.015544
0 0.010345 0.013817 -0.018391 -0.027634
0 0.005172 0.007772 -0.008046 -0.015544
0 0.010345 0.013817 -0.018391 -0.027634
0 0.004598 0.005181 -0.006897 -0.010363
0 0.004598 0.006045 -0.006897 -0.012090
0 0.004598 0.006045 -0.006897 -0.012090
0 0.004598 0.005181 -0.006897 -0.010363
0 0.004598 0.005181 -0.006897 -0.010363
0 0.004598 0.005181 -0.006897 -0.010363
0 0.005172 0.007772 -0.008046 -0.015544
0 0.004598 0.005181 -0.006897 -0.010363
0 0.004598 0.005181 -0.006897 -0.010363
0 0.018966 0.027634 -0.031034 -0.055268
0 0.004598 0.005181 -0.006897 -0.010363
0 0.005172 0.007772 -0.008046 -0.015544
0 0.010345 0.013817 -0.018391 -0.027634
0 0.009195 0.015544 -0.016092 -0.031088
0 0.004598 0.005181 -0.006897 -0.010363
0 0.005172 0.007772 -0.008046 -0.015544
0 0.005747 0.010363 -0.009195 -0.020725
0 0.005172 0.007772 -0.008046 -0.015544
0 0.017816 0.027634 -0.033333 -0.055268
0 0.011494 0.017271 -0.020690 -0.034542
0 0.017816 0.027634 -0.033333 -0.055268
0 0.004598 0.005181 -0.006897 -0.010363
0 0.004598 0.005181 -0.006897 -0.010363
0 0.017816 0.027634 -0.033333 -0.055268
0 0.010920 0.018135 -0.019540 -0.036269
0 0.008046 0.012090 -0.013793 -0.024180
0 0.008046 0.013817 -0.013793 -0.027634
0 0.024713 0.044905 -0.047126 -0.089810
0 0.009195 0.015544 -0.016092 -0.031088
0 0.008046 0.013817 -0.013793 -0.027634
0 0.005172 0.007772 -0.008046 -0.015544
0 0.005747 0.010363 -0.009195 -0.020725
0 0.005747 0.010363 -0.009195 -0.020725
0 0.008046 0.012090 -0.013793 -0.024180
0 0.010345 0.013817 -0.018391 -0.027634
0 0.018966 0.033679 -0.035632 -0.067358
0 0.004598 0.005181 -0.006897 -0.010363
0 0.017816 0.027634 -0.033333 -0.055268
0 0.005172 0.007772 -0.008046 -0.015544
0 0.010920 0.018135 -0.019540 -0.036269
0 0.004598 0.005181 -0.006897 -0.010363
0 0.004598 0.006045 -0.006897 -0.012090
0 0.010345 0.013817 -0.018391 -0.027634
0 0.004598 0.006045 -0.006897 -0.012090
0 0.005172 0.007772 -0.008046 -0.015544
0 0.006322 0.007772 -0.005747 -0.015544
0 0.005172 0.007772 -0.008046 -0.015544
0 0.004598 0.006045 -0.006897 -0.012090
0 0.004598 0.006045 -0.006897 -0.012090
0 0.012069 0.018135 -0.017241 -0.036269
0 0.017816 0.027634 -0.033333 -0.055268
0 0.005172 0.007772 -0.008046 -0.015544
0 0.010345 0.013817 -0.018391 -0.027634
0 0.005172 0.007772 -0.008046 -0.015544
0 0.017816 0.027634 -0.033333 -0.055268
0 0.004598 0.005181 -0.006897 -0.010363
0 0.004598 0.005181 -0.006897 -0.010363
0 0.004598 0.005181 -0.006897 -0.010363
0 0.010345 0.013817 -0.018391 -0.027634
0 0.010920 0.018135 -0.019540 -0.036269
0 0.018966 0.027634 -0.031034 -0.055268
0 0.005172 0.007772 -0.008046 -0.015544
0 0.012069 0.018135 -0.017241 -0.036269
0 0.004598 0.005181 -0.006897 -0.010363
0 0.005172 0.007772 -0.008046 -0.015544
0 0.033908 0.052677 -0.065517 -0.105354
0 0.005747 0.010363 -0.009195 -0.020725
0 0.004598 0.005181 -0.006897 -0.010363
0 0.012069 0.018135 -0.017241 -0.036269
0 0.017816 0.027634 -0.033333 -0.055268
0 0.017816 0.027634 -0.033333 -0.055268
0 0.018966 0.033679 -0.035632 -0.067358
0 0.008046 0.012953 -0.013793 -0.025907
0 0.004598 0.005181 -0.006897 -0.010363
0 0.005172 0.007772 -0.008046 -0.015544
0 0.010345 0.013817 -0.018391 -0.027634
0 0.018966 0.033679 -0.035632 -0.067358
0 0.005172 0.007772 -0.008046 -0.015544
0 0.004598 0.005181 -0.006897 -0.010363
0 0.010920 0.018135 -0.019540 -0.036269
0 0.004598 0.005181 -0.006897 -0.010363
0 0.010345 0.013817 -0.018391 -0.027634
0 0.004598 0.006045 -0.006897 -0.012090
0 0.017816 0.027634 -0.033333 -0.055268
0 0.004598 0.005181 -0.006897 -0.010363
0 0.002299 0.002591 -0.002299 -0.005181
0 0.017816 0.027634 -0.033333 -0.055268
0 0.004598 0.005181 -0.006897 -0.010363
0 0.004598 0.005181 -0.006897 -0.010363
0 0.004598 0.006045 -0.006897 -0.012090