0 0.005371 0.010249 -0.008789 -0.017570
0 0.003418 0.003660 -0.004883 -0.004392
0 0.007812 0.012445 -0.013672 -0.021962
0 0.007812 0.011713 -0.013672 -0.020498
0 0.008789 0.013909 -0.015625 -0.027818
0 0.005371 0.010249 -0.008789 -0.017570
0 0.004395 0.005857 -0.006836 -0.008785
0 0.007812 0.012445 -0.013672 -0.021962
0 0.007812 0.010981 -0.013672 -0.021962
0 0.003418 0.003660 -0.004883 -0.004392
0 0.004395 0.005124 -0.006836 -0.010249
0 0.016113 0.026354 -0.030273 -0.052709
0 0.007812 0.011713 -0.013672 -0.020498
0 0.003418 0.003660 -0.004883 -0.004392
0 0.003906 0.006589 -0.005859 -0.010249
0 0.016602 0.026354 -0.029297 -0.052709
0 0.010742 0.017570 -0.019531 -0.035139
0 0.004395 0.005124 -0.006836 -0.010249
0 0.016602 0.030015 -0.031250 -0.060029
0 0.003418 0.003660 -0.004883 -0.004392
0 0.004395 0.005857 -0.006836 -0.008785
0 0.004395 0.005857 -0.006836 -0.008785
0 0.009277 0.014641 -0.016602 -0.026354
0 0.016602 0.030015 -0.031250 -0.060029
0 0.010254 0.014641 -0.018555 -0.029283
0 0.003418 0.003660 -0.004883 -0.004392
0 0.003418 0.003660 -0.004883 -0.004392
0 0.003906 0.006589 -0.005859 -0.010249
0 0.004395 0.005857 -0.006836 -0.008785
0 0.016602 0.030015 -0.031250 -0.060029
0 0.004395 0.005857 -0.006836 -0.008785
0 0.016113 0.026354 -0.030273 -0.052709
0 0.003906 0.006589 -0.005859 -0.010249
0 0.009277 0.012445 -0.016602 -0.024890
0 0.010254 0.014641 -0.018555 -0.029283
0 0.004395 0.005857 -0.006836 -0.008785
0 0.016602 0.030015 -0.031250 -0.060029
0 0.003418 0.003660 -0.004883 -0.004392
0 0.009277 0.012445 -0.016602 -0.024890
0 0.008301 0.012445 -0.012695 -0.021962
0 0.003906 0.006589 -0.005859 -0.010249
0 0.003418 0.003660 -0.004883 -0.004392
0 0.004395 0.005857 -0.006836 -0.008785
0 0.003418 0.003660 -0.004883 -0.004392
0 0.016602 0.030015 -0.031250 -0.060029
0 0.003906 0.006589 -0.005859 -0.010249
0 0.005371 0.010249 -0.008789 -0.017570
0 0.003418 0.003660 -0.004883 -0.004392
0 0.004395 0.005857 -0.006836 -0.008785
0 0.016602 0.030015 -0.031250 -0.060029
0 0.007812 0.012445 -0.013672 -0.021962
0 0.009277 0.013909 -0.016602 -0.027818
0 0.004395 0.005857 -0.006836 -0.008785
0 0.016602 0.030015 -0.031250 -0.060029
0 0.007812 0.012445 -0.013672 -0.021962
0 0.016602 0.030015 -0.031250 -0.060029
0 0.003906 0.005857 -0.005859 -0.008785
0 0.016602 0.030015 -0.031250 -0.060029
0 0.003418 0.003660 -0.004883 -0.004392
0 0.005371 0.010249 -0.008789 -0.017570
0 0.016602 0.030015 -0.031250 -0.060029
0 0.016113 0.026354 -0.030273 -0.052709
0 0.003906 0.006589 -0.005859 -0.010249
0 0.004395 0.005857 -0.006836 -0.008785
0 0.003906 0.005857 -0.005859 -0.008785
0 0.003418 0.003660 -0.004883 -0.004392
0 0.016602 0.030015 -0.031250 -0.060029
0 0.003906 0.006589 -0.005859 -0.010249
0 0.004395 0.005857 -0.006836 -0.008785
0 0.016602 0.026354 -0.029297 -0.052709
0 0.016602 0.026354 -0.029297 -0.052709
0 0.010254 0.019034 -0.018555 -0.035139
0 0.017090 0.030015 -0.030273 -0.060029
0 0.005371 0.010249 -0.008789 -0.017570
0 0.010254 0.016105 -0.018555 -0.032211
0 0.003418 0.003660 -0.004883 -0.004392
0 0.003418 0.003660 -0.004883 -0.004392
0 0.003906 0.005857 -0.005859 -0.008785
0 0.007812 0.011713 -0.013672 -0.020498
0 0.005371 0.009517 -0.008789 -0.019034
0 0.009277 0.012445 -0.016602 -0.024890
0 0.007812 0.011713 -0.013672 -0.020498
0 0.007812 0.012445 -0.013672 -0.021962
0 0.007812 0.010981 -0.013672 -0.021962
0 0.007812 0.010981 -0.013672 -0.021962
0 0.007812 0.011713 -0.013672 -0.020498
0 0.009277 0.014641 -0.016602 -0.026354
0 0.007812 0.012445 -0.013672 -0.021962
0 0.003418 0.003660 -0.004883 -0.004392
0 0.005371 0.010249 -0.008789 -0.017570
0 0.003906 0.005857 -0.005859 -0.008785
0 0.010254 0.016105 -0.018555 -0.032211
0 0.004395 0.005857 -0.006836 -0.008785
0 0.003418 0.003660 -0.004883 -0.004392
0 0.007812 0.010981 -0.013672 -0.021962
0 0.007812 0.011713 -0.013672 -0.020498
0 0.016602 0.030015 -0.031250 -0.060029
0 0.003418 0.003660 -0.004883 -0.004392
0 0.008301 0.012445 -0.012695 -0.021962
0 0.007812 0.011713 -0.013672 -0.020498
0 0.005371 0.010249 -0.008789 -0.017570
0 0.007812 0.012445 -0.013672 -0.021962
0 0.003906 0.006589 -0.005859 -0.010249
0 0.003418 0.003660 -0.004883 -0.004392
0 0.004395 0.005857 -0.006836 -0.008785
0 0.004395 0.005857 -0.006836 -0.008785
0 0.016602 0.030015 -0.031250 -0.060029
0 0.009277 0.013909 -0.016602 -0.027818
0 0.004395 0.005857 -0.006836 -0.008785
0 0.007812 0.011713 -0.013672 -0.020498
0 0.007812 0.010981 -0.013672 -0.021962
0 0.004395 0.005857 -0.006836 -0.008785
0 0.004395 0.005857 -0.006836 -0.008785
0 0.003418 0.003660 -0.004883 -0.004392
0 0.016602 0.030015 -0.031250 -0.060029
0 0.004395 0.005857 -0.006836 -0.008785
0 0.010254 0.014641 -0.018555 -0.029283
0 0.004395 0.005857 -0.006836 -0.008785
0 0.003906 0.005857 -0.005859 -0.008785
0 0.004395 0.005857 -0.006836 -0.008785
0 0.016113 0.026354 -0.030273 -0.052709
0 0.003418 0.003660 -0.004883 -0.004392
0 0.004395 0.005857 -0.006836 -0.008785
0 0.004395 0.005857 -0.006836 -0.008785
0 0.005371 0.010249 -0.008789 -0.017570
0 0.003418 0.003660 -0.004883 -0.004392
0 0.007812 0.012445 -0.013672 -0.021962
0 0.016602 0.030015 -0.031250 -0.060029
0 0.016113 0.026354 -0.030273 -0.052709
0 0.007812 0.015373 -0.013672 -0.030747
0 0.003418 0.003660 -0.004883 -0.004392
0 0.005371 0.010249 -0.008789 -0.017570
0 0.005371 0.009517 -0.008789 -0.019034
0 0.007812 0.012445 -0.013672 -0.021962
0 0.003906 0.006589 -0.005859 -0.010249
0 0.005371 0.010249 -0.008789 -0.017570
0 0.004395 0.005124 -0.006836 -0.010249
0 0.026367 0.051977 -0.050781 -0.103953
0 0.003418 0.003660 -0.004883 -0.004392
0 0.003418 0.002928 -0.004883 -0.005857
0 0.005371 0.010249 -0.008789 -0.017570
0 0.004395 0.005857 -0.006836 -0.008785
0 0.016602 0.030015 -0.031250 -0.060029
0 0.026367 0.051977 -0.050781 -0.103953
0 0.004395 0.005857 -0.006836 -0.008785
0 0.004395 0.005857 -0.006836 -0.008785
0 0.003418 0.003660 -0.004883 -0.004392
0 0.007812 0.011713 -0.013672 -0.020498
0 0.010254 0.014641 -0.018555 -0.029283
0 0.007812 0.011713 -0.013672 -0.023426