0 0.006836 0.011713 -0.011719 -0.020498
0 0.006836 0.011713 -0.011719 -0.020498
0 0.028809 0.054173 -0.055664 -0.108346
0 0.006836 0.011713 -0.011719 -0.020498
0 0.054199 0.088580 -0.106445 -0.177160
0 0.028809 0.054173 -0.055664 -0.108346
0 0.028809 0.054173 -0.055664 -0.108346
0 0.026855 0.052709 -0.051758 -0.105417
0 0.004395 0.008053 -0.006836 -0.013177
0 0.026855 0.052709 -0.051758 -0.105417
0 0.026855 0.052709 -0.051758 -0.105417
0 0.043457 0.065886 -0.084961 -0.131772
0 0.004395 0.008053 -0.006836 -0.013177
0 0.020996 0.038067 -0.040039 -0.076135
0 0.026855 0.052709 -0.051758 -0.105417
0 0.020996 0.038067 -0.040039 -0.076135
0 0.006836 0.011713 -0.011719 -0.020498
0 0.028809 0.054173 -0.055664 -0.108346
0 0.004395 0.008053 -0.006836 -0.013177
0 0.097168 0.161786 -0.192383 -0.323572
0 0.097168 0.162518 -0.192383 -0.322108
0 0.043457 0.065886 -0.084961 -0.131772