0 0.011259 0.016209 -0.020851 -0.032419
0 0.008340 0.014963 -0.015013 -0.029925
0 0.006255 0.009975 -0.010842 -0.019950
0 0.046706 0.097257 -0.091743 -0.194514
0 0.019183 0.036160 -0.036697 -0.072319
0 0.007506 0.014339 -0.013344 -0.028678
0 0.006255 0.009975 -0.010842 -0.019950
0 0.014178 0.022444 -0.026689 -0.044888
0 0.040033 0.071072 -0.078399 -0.142145
0 0.006255 0.009975 -0.010842 -0.019950
0 0.029191 0.048005 -0.056714 -0.096010
0 0.007923 0.014339 -0.012510 -0.028678
0 0.040033 0.071072 -0.078399 -0.142145
0 0.006255 0.010599 -0.010842 -0.021197
0 0.010842 0.019950 -0.020017 -0.039900
0 0.017932 0.031172 -0.034195 -0.062344
0 0.007506 0.014339 -0.013344 -0.028678
0 0.006255 0.009975 -0.010842 -0.019950
0 0.015013 0.035536 -0.028357 -0.071072
0 0.019183 0.036160 -0.036697 -0.072319
0 0.035029 0.065461 -0.068390 -0.130923
0 0.007923 0.014339 -0.012510 -0.028678
0 0.014178 0.022444 -0.026689 -0.044888
0 0.013344 0.027431 -0.025021 -0.054863
0 0.010425 0.018703 -0.019183 -0.037406
0 0.024604 0.056110 -0.047540 -0.112219
0 0.006672 0.013716 -0.011676 -0.027431
0 0.040033 0.071072 -0.078399 -0.142145
0 0.013344 0.027431 -0.025021 -0.054863
0 0.014178 0.022444 -0.026689 -0.044888
0 0.006672 0.013716 -0.011676 -0.027431