0 0.130625 0.173333 -0.258750 -0.346667
0 0.027500 0.040833 -0.052500 -0.078333
0 0.029375 0.038333 -0.056250 -0.076667
0 0.065000 0.071667 -0.127500 -0.143333
0 0.036875 0.060833 -0.071250 -0.121667
0 0.023750 0.029167 -0.045000 -0.055000
0 0.030000 0.040000 -0.057500 -0.076667
0 0.025000 0.030833 -0.047500 -0.058333
0 0.023750 0.029167 -0.045000 -0.055000
0 0.023750 0.029167 -0.045000 -0.055000
0 0.024375 0.036667 -0.046250 -0.073333
0 0.020625 0.027500 -0.038750 -0.051667
0 0.023750 0.029167 -0.045000 -0.055000
0 0.065000 0.071667 -0.127500 -0.143333
0 0.024375 0.037500 -0.046250 -0.071667
0 0.023750 0.029167 -0.045000 -0.055000
0 0.075000 0.100000 -0.147500 -0.200000
0 0.051250 0.065000 -0.100000 -0.130000
0 0.039375 0.042500 -0.076250 -0.085000
0 0.036875 0.040833 -0.071250 -0.081667
0 0.031250 0.063333 -0.060000 -0.126667
0 0.023750 0.029167 -0.045000 -0.055000
0 0.029375 0.038333 -0.056250 -0.076667
0 0.030000 0.040000 -0.057500 -0.076667
0 0.035625 0.050000 -0.068750 -0.100000