0 0.003906 0.008824 -0.005859 -0.014706
0 0.003906 0.008824 -0.005859 -0.014706
0 0.004883 0.007353 -0.007812 -0.011765
0 0.011230 0.021324 -0.020508 -0.042647
0 0.011230 0.022059 -0.020508 -0.041176
0 0.004883 0.007353 -0.007812 -0.011765
0 0.013184 0.023529 -0.024414 -0.047059
0 0.010254 0.019118 -0.018555 -0.035294
0 0.006348 0.011029 -0.010742 -0.019118
0 0.009277 0.015441 -0.016602 -0.030882
0 0.004883 0.007353 -0.007812 -0.011765
0 0.011230 0.022059 -0.020508 -0.041176
0 0.003906 0.008088 -0.005859 -0.013235
0 0.004883 0.007353 -0.007812 -0.011765
0 0.003906 0.008824 -0.005859 -0.014706
0 0.011230 0.022059 -0.020508 -0.041176
0 0.007324 0.011765 -0.012695 -0.020588
0 0.008789 0.016176 -0.015625 -0.029412
0 0.009766 0.015441 -0.017578 -0.030882
0 0.011230 0.022059 -0.020508 -0.041176
0 0.004883 0.007353 -0.007812 -0.011765
0 0.008789 0.014706 -0.015625 -0.029412
0 0.006348 0.011029 -0.010742 -0.019118
0 0.003906 0.008088 -0.005859 -0.013235
0 0.011230 0.022059 -0.020508 -0.041176
0 0.011230 0.022059 -0.020508 -0.041176
0 0.003906 0.008824 -0.005859 -0.014706
0 0.003906 0.008824 -0.005859 -0.014706
0 0.006348 0.011029 -0.010742 -0.019118
0 0.004883 0.007353 -0.007812 -0.011765
0 0.006348 0.009559 -0.010742 -0.016176
0 0.004883 0.007353 -0.007812 -0.011765
0 0.003906 0.008824 -0.005859 -0.014706
0 0.009766 0.019118 -0.017578 -0.035294
0 0.003906 0.008824 -0.005859 -0.014706
0 0.004883 0.007353 -0.007812 -0.011765
0 0.004883 0.007353 -0.007812 -0.011765
0 0.011230 0.022059 -0.020508 -0.041176
0 0.003906 0.008824 -0.005859 -0.014706
0 0.006348 0.011029 -0.010742 -0.019118
0 0.011230 0.021324 -0.020508 -0.042647
0 0.003906 0.008824 -0.005859 -0.014706
0 0.003906 0.008824 -0.005859 -0.014706
0 0.010254 0.018382 -0.018555 -0.036765
0 0.003906 0.008824 -0.005859 -0.014706
0 0.003906 0.008824 -0.005859 -0.014706
0 0.013184 0.023529 -0.024414 -0.047059
0 0.013184 0.023529 -0.024414 -0.047059
0 0.004883 0.007353 -0.007812 -0.011765
0 0.006348 0.011029 -0.010742 -0.019118
0 0.004883 0.007353 -0.007812 -0.011765
0 0.004883 0.007353 -0.007812 -0.011765
0 0.004883 0.007353 -0.007812 -0.011765
0 0.006348 0.011029 -0.010742 -0.019118
0 0.003906 0.008824 -0.005859 -0.014706
0 0.003906 0.008824 -0.005859 -0.014706
0 0.006348 0.011029 -0.010742 -0.019118
0 0.003906 0.008824 -0.005859 -0.014706
0 0.003906 0.008824 -0.005859 -0.014706
0 0.008789 0.011029 -0.015625 -0.019118
0 0.011230 0.021324 -0.020508 -0.042647
0 0.003906 0.008824 -0.005859 -0.014706
0 0.004883 0.007353 -0.007812 -0.011765
0 0.006348 0.011029 -0.010742 -0.019118
0 0.011230 0.021324 -0.020508 -0.042647
0 0.004883 0.007353 -0.007812 -0.011765
0 0.006348 0.011029 -0.010742 -0.019118
0 0.003906 0.008824 -0.005859 -0.014706
0 0.013184 0.023529 -0.024414 -0.047059
0 0.003906 0.008088 -0.005859 -0.013235
0 0.004883 0.007353 -0.007812 -0.011765
0 0.004883 0.007353 -0.007812 -0.011765
0 0.006348 0.011029 -0.010742 -0.019118
0 0.013184 0.023529 -0.024414 -0.047059
0 0.011230 0.022059 -0.020508 -0.041176
0 0.009766 0.015441 -0.017578 -0.030882
0 0.009766 0.015441 -0.017578 -0.030882
0 0.004883 0.007353 -0.007812 -0.011765
0 0.011230 0.021324 -0.020508 -0.042647
0 0.008789 0.011029 -0.015625 -0.019118
0 0.003906 0.008824 -0.005859 -0.014706
0 0.003906 0.008824 -0.005859 -0.014706
0 0.003906 0.008824 -0.005859 -0.014706
0 0.004883 0.008824 -0.007812 -0.014706
0 0.008789 0.010294 -0.015625 -0.020588
0 0.003906 0.008824 -0.005859 -0.014706
0 0.011230 0.022059 -0.020508 -0.041176
0 0.004883 0.007353 -0.007812 -0.011765
0 0.011230 0.021324 -0.020508 -0.042647
0 0.003906 0.008088 -0.005859 -0.013235
0 0.006348 0.011029 -0.010742 -0.019118
0 0.006348 0.011029 -0.010742 -0.019118
0 0.003906 0.008824 -0.005859 -0.014706
0 0.008789 0.011029 -0.015625 -0.019118
0 0.006348 0.011029 -0.010742 -0.019118
0 0.006348 0.011029 -0.010742 -0.019118
0 0.011230 0.021324 -0.020508 -0.042647
0 0.006348 0.011029 -0.010742 -0.019118
0 0.003906 0.008088 -0.005859 -0.013235
0 0.003906 0.008824 -0.005859 -0.014706
0 0.003906 0.008824 -0.005859 -0.014706
0 0.006348 0.011029 -0.010742 -0.019118
0 0.009766 0.015441 -0.017578 -0.030882
0 0.003906 0.008824 -0.005859 -0.014706
0 0.004883 0.007353 -0.007812 -0.011765
0 0.003906 0.008088 -0.005859 -0.013235
0 0.004883 0.007353 -0.007812 -0.011765
0 0.013184 0.023529 -0.024414 -0.047059
0 0.003906 0.008088 -0.005859 -0.013235
0 0.011230 0.022059 -0.020508 -0.041176
0 0.003906 0.008088 -0.005859 -0.013235
0 0.011230 0.021324 -0.020508 -0.042647
0 0.011230 0.022059 -0.020508 -0.041176
0 0.008789 0.014706 -0.015625 -0.029412
0 0.003906 0.008824 -0.005859 -0.014706
0 0.003906 0.008824 -0.005859 -0.014706
0 0.011230 0.022059 -0.020508 -0.041176
0 0.008789 0.011029 -0.015625 -0.019118
0 0.011230 0.022059 -0.020508 -0.041176
0 0.004883 0.007353 -0.007812 -0.011765
0 0.004883 0.007353 -0.007812 -0.011765
0 0.004883 0.007353 -0.007812 -0.011765
0 0.003906 0.008088 -0.005859 -0.013235
0 0.003906 0.008824 -0.005859 -0.014706
0 0.004883 0.007353 -0.007812 -0.011765
0 0.008789 0.011029 -0.015625 -0.019118
0 0.004883 0.007353 -0.007812 -0.011765
0 0.004883 0.007353 -0.007812 -0.011765