0 0.015000 0.020556 -0.028333 -0.041111
0 0.005000 0.008333 -0.008333 -0.016667
0 0.011250 0.016111 -0.020833 -0.032222
0 0.015000 0.020556 -0.028333 -0.041111
0 0.020833 0.027778 -0.040000 -0.055556
0 0.011667 0.016111 -0.020000 -0.032222
0 0.011250 0.016111 -0.020833 -0.032222
0 0.020833 0.027778 -0.040000 -0.055556
0 0.005000 0.008333 -0.008333 -0.016667
0 0.005000 0.008333 -0.008333 -0.016667
0 0.011250 0.016111 -0.020833 -0.032222
0 0.011250 0.016111 -0.020833 -0.032222
0 0.011667 0.016111 -0.020000 -0.032222
0 0.011250 0.016111 -0.020833 -0.032222
0 0.015000 0.020556 -0.028333 -0.041111
0 0.015000 0.020556 -0.028333 -0.041111
0 0.006250 0.010000 -0.010833 -0.020000
0 0.011250 0.016111 -0.020833 -0.032222
0 0.011250 0.016111 -0.020833 -0.032222
0 0.011667 0.016111 -0.020000 -0.032222
0 0.015000 0.020556 -0.028333 -0.041111
0 0.005000 0.008333 -0.008333 -0.016667
0 0.015000 0.020556 -0.028333 -0.041111
0 0.020833 0.027778 -0.040000 -0.055556
0 0.015000 0.020556 -0.028333 -0.041111
0 0.011667 0.016111 -0.020000 -0.032222
0 0.011250 0.016111 -0.020833 -0.032222
0 0.011250 0.016111 -0.020833 -0.032222
0 0.011250 0.016111 -0.020833 -0.032222
0 0.011250 0.016111 -0.020833 -0.032222
0 0.007917 0.012222 -0.014167 -0.024444
0 0.011667 0.016111 -0.020000 -0.032222
0 0.011667 0.016111 -0.020000 -0.032222
0 0.011667 0.016111 -0.020000 -0.032222
0 0.015000 0.020556 -0.028333 -0.041111
0 0.005000 0.008333 -0.008333 -0.016667
0 0.015000 0.020556 -0.028333 -0.041111
0 0.005000 0.008333 -0.008333 -0.016667
0 0.015000 0.020556 -0.028333 -0.041111
0 0.011667 0.016111 -0.020000 -0.032222
0 0.005000 0.008333 -0.008333 -0.016667
0 0.011250 0.016111 -0.020833 -0.032222
0 0.011250 0.016111 -0.020833 -0.032222
0 0.011250 0.016111 -0.020833 -0.032222
0 0.005000 0.008333 -0.008333 -0.016667
0 0.011667 0.016111 -0.020000 -0.032222
0 0.011250 0.016111 -0.020833 -0.032222
0 0.005000 0.008333 -0.008333 -0.016667
0 0.011250 0.016111 -0.020833 -0.032222
0 0.006250 0.010000 -0.010833 -0.020000
0 0.016250 0.022222 -0.030833 -0.044444
0 0.017917 0.023889 -0.034167 -0.047778
0 0.015000 0.020556 -0.028333 -0.041111
0 0.020833 0.027778 -0.040000 -0.055556
0 0.012083 0.017222 -0.022500 -0.034444
0 0.005000 0.008333 -0.008333 -0.016667
0 0.006250 0.010000 -0.010833 -0.020000
0 0.011667 0.016111 -0.020000 -0.032222
0 0.015417 0.020556 -0.027500 -0.041111
0 0.011250 0.016111 -0.020833 -0.032222
0 0.015000 0.020556 -0.028333 -0.041111
0 0.011667 0.016111 -0.020000 -0.032222
0 0.011250 0.016111 -0.020833 -0.032222
0 0.005000 0.008333 -0.008333 -0.016667
0 0.015000 0.020556 -0.028333 -0.041111
0 0.013333 0.018333 -0.023333 -0.036667
0 0.005000 0.008333 -0.008333 -0.016667
0 0.012917 0.018333 -0.024167 -0.036667
0 0.005000 0.008333 -0.008333 -0.016667
0 0.011667 0.016111 -0.020000 -0.032222
0 0.015000 0.020556 -0.028333 -0.041111
0 0.011250 0.016111 -0.020833 -0.032222
0 0.020833 0.027778 -0.040000 -0.055556
0 0.015000 0.020556 -0.028333 -0.041111
0 0.005000 0.008333 -0.008333 -0.016667
0 0.011250 0.016111 -0.020833 -0.032222
0 0.015000 0.020556 -0.028333 -0.041111
0 0.020833 0.027778 -0.040000 -0.055556
0 0.015000 0.020556 -0.028333 -0.041111
0 0.015000 0.020556 -0.028333 -0.041111
0 0.011667 0.016111 -0.020000 -0.032222
0 0.011250 0.016111 -0.020833 -0.032222
0 0.015000 0.020556 -0.028333 -0.041111
0 0.016250 0.022222 -0.030833 -0.044444
0 0.011250 0.016111 -0.020833 -0.032222
0 0.011250 0.016111 -0.020833 -0.032222
0 0.016250 0.022222 -0.030833 -0.044444
0 0.011250 0.016111 -0.020833 -0.032222
0 0.020833 0.027778 -0.040000 -0.055556
0 0.020833 0.027778 -0.040000 -0.055556
0 0.011250 0.016111 -0.020833 -0.032222
0 0.011250 0.016111 -0.020833 -0.032222
0 0.011250 0.016111 -0.020833 -0.032222
0 0.020833 0.027778 -0.040000 -0.055556
0 0.015000 0.020556 -0.028333 -0.041111
0 0.015000 0.020556 -0.028333 -0.041111
0 0.011250 0.016111 -0.020833 -0.032222
0 0.011667 0.016111 -0.020000 -0.032222
0 0.011250 0.016111 -0.020833 -0.032222
0 0.011250 0.016111 -0.020833 -0.032222
0 0.005000 0.008333 -0.008333 -0.016667
0 0.015000 0.020556 -0.028333 -0.041111
0 0.005000 0.008333 -0.008333 -0.016667
0 0.020833 0.027778 -0.040000 -0.055556
0 0.015000 0.020556 -0.028333 -0.041111
0 0.005000 0.008333 -0.008333 -0.016667
0 0.011250 0.016111 -0.020833 -0.032222
0 0.011250 0.016111 -0.020833 -0.032222
0 0.015000 0.020556 -0.028333 -0.041111
0 0.005000 0.008333 -0.008333 -0.016667
0 0.011250 0.016111 -0.020833 -0.032222
0 0.011667 0.016111 -0.020000 -0.032222
0 0.011667 0.016111 -0.020000 -0.032222
0 0.011250 0.016111 -0.020833 -0.032222
0 0.020833 0.027778 -0.040000 -0.055556
0 0.011250 0.016111 -0.020833 -0.032222
0 0.015000 0.020556 -0.028333 -0.041111
0 0.011250 0.016111 -0.020833 -0.032222
0 0.015000 0.020556 -0.028333 -0.041111
0 0.005000 0.008333 -0.008333 -0.016667
0 0.015000 0.020556 -0.028333 -0.041111
0 0.015417 0.020556 -0.027500 -0.041111
0 0.015000 0.020556 -0.028333 -0.041111
0 0.011250 0.016111 -0.020833 -0.032222
0 0.015417 0.021111 -0.029167 -0.042222
0 0.014167 0.019444 -0.025000 -0.038889
0 0.005000 0.008333 -0.008333 -0.016667
0 0.011250 0.016111 -0.020833 -0.032222
0 0.015000 0.020556 -0.028333 -0.041111
0 0.011667 0.016111 -0.020000 -0.032222
0 0.020833 0.027778 -0.040000 -0.055556
0 0.015000 0.020556 -0.028333 -0.041111
0 0.013750 0.019444 -0.025833 -0.038889
0 0.015000 0.020556 -0.028333 -0.041111
0 0.015000 0.020556 -0.028333 -0.041111
0 0.015000 0.020556 -0.028333 -0.041111
0 0.005000 0.008333 -0.008333 -0.016667
0 0.011250 0.016111 -0.020833 -0.032222
0 0.015000 0.020556 -0.028333 -0.041111
0 0.011250 0.016111 -0.020833 -0.032222
0 0.009583 0.013889 -0.017500 -0.027778
0 0.015000 0.020556 -0.028333 -0.041111
0 0.011667 0.016111 -0.020000 -0.032222
0 0.015000 0.020556 -0.028333 -0.041111
0 0.011667 0.016111 -0.020000 -0.032222
0 0.011250 0.016111 -0.020833 -0.032222
0 0.005000 0.008333 -0.008333 -0.016667
0 0.012917 0.018333 -0.024167 -0.036667
0 0.011250 0.016111 -0.020833 -0.032222
0 0.005000 0.008333 -0.008333 -0.016667
0 0.015000 0.020556 -0.028333 -0.041111
0 0.011250 0.016111 -0.020833 -0.032222
0 0.015000 0.020556 -0.028333 -0.041111
0 0.015000 0.020556 -0.028333 -0.041111
0 0.015000 0.020556 -0.028333 -0.041111
0 0.011667 0.016111 -0.020000 -0.032222
0 0.011667 0.016111 -0.020000 -0.032222
0 0.015000 0.020556 -0.028333 -0.041111
0 0.020833 0.027778 -0.040000 -0.055556
0 0.011250 0.016111 -0.020833 -0.032222
0 0.005000 0.008333 -0.008333 -0.016667
0 0.011667 0.016111 -0.020000 -0.032222
0 0.011667 0.016111 -0.020000 -0.032222
0 0.020833 0.027778 -0.040000 -0.055556
0 0.005000 0.008333 -0.008333 -0.016667
0 0.011250 0.016111 -0.020833 -0.032222
0 0.011250 0.016111 -0.020833 -0.032222
0 0.011667 0.016111 -0.020000 -0.032222
0 0.011667 0.016111 -0.020000 -0.032222
0 0.011250 0.016111 -0.020833 -0.032222
0 0.005000 0.008333 -0.008333 -0.016667
0 0.015000 0.020556 -0.028333 -0.041111
0 0.005000 0.008333 -0.008333 -0.016667
0 0.015000 0.020556 -0.028333 -0.041111
0 0.011250 0.016111 -0.020833 -0.032222
0 0.011250 0.016111 -0.020833 -0.032222
0 0.005000 0.008333 -0.008333 -0.016667
0 0.015000 0.020556 -0.028333 -0.041111
0 0.011250 0.016111 -0.020833 -0.032222
0 0.011250 0.016111 -0.020833 -0.032222
0 0.011250 0.016111 -0.020833 -0.032222
0 0.011250 0.016111 -0.020833 -0.032222
0 0.011250 0.016111 -0.020833 -0.032222
0 0.011250 0.016111 -0.020833 -0.032222
0 0.011667 0.016111 -0.020000 -0.032222
0 0.011250 0.016111 -0.020833 -0.032222
0 0.011250 0.016111 -0.020833 -0.032222
0 0.019167 0.025556 -0.036667 -0.051111
0 0.015000 0.020556 -0.028333 -0.041111
0 0.005000 0.008333 -0.008333 -0.016667
0 0.011250 0.016111 -0.020833 -0.032222
0 0.005000 0.008333 -0.008333 -0.016667
0 0.015000 0.020556 -0.028333 -0.041111
0 0.020833 0.027778 -0.040000 -0.055556
0 0.011250 0.016111 -0.020833 -0.032222
0 0.011667 0.016111 -0.020000 -0.032222
0 0.015000 0.020556 -0.028333 -0.041111
0 0.011250 0.016111 -0.020833 -0.032222
0 0.005000 0.008333 -0.008333 -0.016667
0 0.011250 0.016111 -0.020833 -0.032222
0 0.005000 0.008333 -0.008333 -0.016667
0 0.011667 0.016111 -0.020000 -0.032222
0 0.005000 0.008333 -0.008333 -0.016667
0 0.015000 0.020556 -0.028333 -0.041111
0 0.011250 0.016111 -0.020833 -0.032222
0 0.011250 0.016111 -0.020833 -0.032222
0 0.005000 0.008333 -0.008333 -0.016667
0 0.011250 0.016111 -0.020833 -0.032222
0 0.011250 0.016111 -0.020833 -0.032222
0 0.011250 0.016111 -0.020833 -0.032222
0 0.015000 0.020556 -0.028333 -0.041111
0 0.015000 0.020556 -0.028333 -0.041111
0 0.020833 0.027778 -0.040000 -0.055556
0 0.015000 0.020556 -0.028333 -0.041111