0 0.114790 0.088235 -0.225166 -0.176471
0 0.051876 0.069118 -0.099338 -0.138235
0 0.025386 0.036765 -0.046358 -0.073529
0 0.051876 0.069118 -0.099338 -0.138235
0 0.038631 0.058824 -0.072848 -0.117647
0 0.018764 0.026471 -0.033113 -0.052941
0 0.043046 0.066176 -0.081678 -0.132353
0 0.022075 0.033824 -0.039735 -0.067647
0 0.070640 0.083824 -0.136865 -0.167647
0 0.114790 0.088235 -0.225166 -0.176471
0 0.049669 0.073529 -0.094923 -0.147059
0 0.049669 0.073529 -0.094923 -0.147059
0 0.022075 0.033824 -0.039735 -0.067647
0 0.025386 0.036765 -0.046358 -0.073529
0 0.038631 0.058824 -0.072848 -0.117647
0 0.034216 0.050000 -0.064018 -0.100000
0 0.018764 0.026471 -0.033113 -0.052941