0 0.012308 0.017760 -0.021538 -0.035519
0 0.008462 0.016393 -0.013846 -0.027322
0 0.016154 0.025956 -0.029231 -0.051913
0 0.012308 0.017760 -0.021538 -0.035519
0 0.004615 0.012295 -0.006154 -0.019126
0 0.007692 0.016393 -0.012308 -0.027322
0 0.007692 0.016393 -0.012308 -0.027322
0 0.010769 0.016393 -0.018462 -0.032787
0 0.016154 0.025956 -0.029231 -0.051913
0 0.003846 0.006831 -0.004615 -0.008197
0 0.007692 0.016393 -0.012308 -0.027322
0 0.003846 0.006831 -0.004615 -0.008197
0 0.012308 0.017760 -0.021538 -0.035519
0 0.004615 0.012295 -0.006154 -0.019126
0 0.004615 0.012295 -0.006154 -0.019126
0 0.012308 0.017760 -0.021538 -0.035519
0 0.007692 0.016393 -0.012308 -0.027322
0 0.010769 0.017760 -0.018462 -0.030055
0 0.007692 0.016393 -0.012308 -0.027322
0 0.012308 0.017760 -0.021538 -0.035519
0 0.007692 0.016393 -0.012308 -0.027322
0 0.004615 0.012295 -0.006154 -0.019126
0 0.003846 0.006831 -0.004615 -0.008197
0 0.004615 0.012295 -0.006154 -0.019126
0 0.007692 0.016393 -0.012308 -0.027322
0 0.007692 0.016393 -0.012308 -0.027322
0 0.010000 0.017760 -0.016923 -0.030055
0 0.004615 0.012295 -0.006154 -0.019126
0 0.012308 0.017760 -0.021538 -0.035519
0 0.003846 0.006831 -0.004615 -0.008197
0 0.004615 0.012295 -0.006154 -0.019126
0 0.012308 0.017760 -0.021538 -0.035519
0 0.004615 0.012295 -0.006154 -0.019126
0 0.004615 0.012295 -0.006154 -0.019126
0 0.012308 0.017760 -0.021538 -0.035519
0 0.012308 0.017760 -0.021538 -0.035519
0 0.012308 0.019126 -0.021538 -0.032787
0 0.004615 0.012295 -0.006154 -0.019126
0 0.016154 0.025956 -0.029231 -0.051913
0 0.012308 0.017760 -0.021538 -0.035519
0 0.007692 0.016393 -0.012308 -0.027322
0 0.004615 0.012295 -0.006154 -0.019126
0 0.012308 0.017760 -0.021538 -0.035519
0 0.004615 0.012295 -0.006154 -0.019126
0 0.010769 0.017760 -0.018462 -0.030055
0 0.008462 0.016393 -0.013846 -0.027322
0 0.007692 0.016393 -0.012308 -0.027322
0 0.010769 0.017760 -0.018462 -0.030055
0 0.012308 0.017760 -0.021538 -0.035519
0 0.012308 0.017760 -0.021538 -0.035519
0 0.004615 0.012295 -0.006154 -0.019126
0 0.004615 0.012295 -0.006154 -0.019126
0 0.008462 0.016393 -0.013846 -0.027322
0 0.004615 0.012295 -0.006154 -0.019126
0 0.016154 0.025956 -0.029231 -0.051913
0 0.004615 0.012295 -0.006154 -0.019126
0 0.007692 0.016393 -0.012308 -0.027322
0 0.004615 0.012295 -0.006154 -0.019126
0 0.007692 0.016393 -0.012308 -0.027322
0 0.007692 0.016393 -0.012308 -0.027322
0 0.004615 0.012295 -0.006154 -0.019126
0 0.004615 0.012295 -0.006154 -0.019126
0 0.007692 0.016393 -0.012308 -0.027322
0 0.007692 0.016393 -0.012308 -0.027322
0 0.007692 0.016393 -0.012308 -0.027322
0 0.012308 0.017760 -0.021538 -0.035519
0 0.004615 0.012295 -0.006154 -0.019126
0 0.004615 0.012295 -0.006154 -0.019126
0 0.012308 0.017760 -0.021538 -0.035519
0 0.007692 0.016393 -0.012308 -0.027322
0 0.004615 0.012295 -0.006154 -0.019126
0 0.012308 0.017760 -0.021538 -0.035519
0 0.012308 0.017760 -0.021538 -0.035519
0 0.016154 0.025956 -0.029231 -0.051913
0 0.004615 0.012295 -0.006154 -0.019126
0 0.016154 0.025956 -0.029231 -0.051913
0 0.003846 0.006831 -0.004615 -0.008197
0 0.004615 0.012295 -0.006154 -0.019126
0 0.016154 0.025956 -0.029231 -0.051913
0 0.012308 0.017760 -0.021538 -0.035519
0 0.012308 0.019126 -0.021538 -0.032787
0 0.016154 0.025956 -0.029231 -0.051913
0 0.016154 0.025956 -0.029231 -0.051913
0 0.010769 0.016393 -0.018462 -0.032787
0 0.012308 0.017760 -0.021538 -0.035519
0 0.008462 0.016393 -0.013846 -0.027322
0 0.007692 0.016393 -0.012308 -0.027322
0 0.012308 0.017760 -0.021538 -0.035519
0 0.004615 0.012295 -0.006154 -0.019126
0 0.012308 0.017760 -0.021538 -0.035519
0 0.007692 0.016393 -0.012308 -0.027322
0 0.004615 0.012295 -0.006154 -0.019126
0 0.003846 0.006831 -0.004615 -0.008197
0 0.012308 0.017760 -0.021538 -0.035519
0 0.004615 0.012295 -0.006154 -0.019126
0 0.004615 0.012295 -0.006154 -0.019126
0 0.007692 0.016393 -0.012308 -0.027322
0 0.007692 0.016393 -0.012308 -0.027322
0 0.016154 0.025956 -0.029231 -0.051913
0 0.004615 0.012295 -0.006154 -0.019126
0 0.012308 0.017760 -0.021538 -0.035519
0 0.012308 0.017760 -0.021538 -0.035519
0 0.012308 0.017760 -0.021538 -0.035519
0 0.007692 0.016393 -0.012308 -0.027322
0 0.007692 0.016393 -0.012308 -0.027322
0 0.012308 0.017760 -0.021538 -0.035519
0 0.012308 0.017760 -0.021538 -0.035519
0 0.003846 0.006831 -0.004615 -0.008197
0 0.012308 0.017760 -0.021538 -0.035519
0 0.004615 0.012295 -0.006154 -0.019126
0 0.004615 0.012295 -0.006154 -0.019126
0 0.004615 0.012295 -0.006154 -0.019126
0 0.004615 0.012295 -0.006154 -0.019126
0 0.012308 0.017760 -0.021538 -0.035519
0 0.008462 0.016393 -0.013846 -0.027322
0 0.003846 0.006831 -0.004615 -0.008197
0 0.007692 0.016393 -0.012308 -0.027322
0 0.004615 0.012295 -0.006154 -0.019126
0 0.004615 0.012295 -0.006154 -0.019126
0 0.004615 0.012295 -0.006154 -0.019126
0 0.012308 0.017760 -0.021538 -0.035519
0 0.004615 0.012295 -0.006154 -0.019126
0 0.016154 0.025956 -0.029231 -0.051913
0 0.012308 0.017760 -0.021538 -0.035519
0 0.016154 0.025956 -0.029231 -0.051913
0 0.012308 0.017760 -0.021538 -0.035519
0 0.012308 0.017760 -0.021538 -0.035519
0 0.004615 0.012295 -0.006154 -0.019126
0 0.004615 0.012295 -0.006154 -0.019126
0 0.012308 0.017760 -0.021538 -0.035519
0 0.004615 0.012295 -0.006154 -0.019126
0 0.012308 0.017760 -0.021538 -0.035519
0 0.007692 0.016393 -0.012308 -0.027322
0 0.012308 0.017760 -0.021538 -0.035519
0 0.012308 0.019126 -0.021538 -0.032787
0 0.007692 0.016393 -0.012308 -0.027322
0 0.004615 0.012295 -0.006154 -0.019126
0 0.007692 0.016393 -0.012308 -0.027322
0 0.016154 0.025956 -0.029231 -0.051913
0 0.007692 0.016393 -0.012308 -0.027322
0 0.007692 0.016393 -0.012308 -0.027322
0 0.004615 0.012295 -0.006154 -0.019126
0 0.012308 0.017760 -0.021538 -0.035519
0 0.007692 0.016393 -0.012308 -0.027322
0 0.004615 0.012295 -0.006154 -0.019126
0 0.004615 0.012295 -0.006154 -0.019126
0 0.004615 0.012295 -0.006154 -0.019126
0 0.016154 0.025956 -0.029231 -0.051913
0 0.012308 0.017760 -0.021538 -0.035519
0 0.004615 0.012295 -0.006154 -0.019126
0 0.012308 0.017760 -0.021538 -0.035519
0 0.007692 0.016393 -0.012308 -0.027322
0 0.004615 0.012295 -0.006154 -0.019126
0 0.003846 0.006831 -0.004615 -0.008197
0 0.012308 0.017760 -0.021538 -0.035519
0 0.004615 0.012295 -0.006154 -0.019126
0 0.004615 0.012295 -0.006154 -0.019126
0 0.007692 0.016393 -0.012308 -0.027322
0 0.012308 0.017760 -0.021538 -0.035519
0 0.016154 0.025956 -0.029231 -0.051913
0 0.012308 0.017760 -0.021538 -0.035519
0 0.012308 0.017760 -0.021538 -0.035519
0 0.003846 0.006831 -0.004615 -0.008197
0 0.007692 0.016393 -0.012308 -0.027322
0 0.016154 0.025956 -0.029231 -0.051913
0 0.012308 0.017760 -0.021538 -0.035519
0 0.012308 0.017760 -0.021538 -0.035519
0 0.007692 0.016393 -0.012308 -0.027322
0 0.004615 0.012295 -0.006154 -0.019126
0 0.012308 0.017760 -0.021538 -0.035519
0 0.003846 0.006831 -0.004615 -0.008197
0 0.010769 0.016393 -0.018462 -0.032787
0 0.016154 0.025956 -0.029231 -0.051913
0 0.012308 0.017760 -0.021538 -0.035519
0 0.004615 0.012295 -0.006154 -0.019126
0 0.012308 0.017760 -0.021538 -0.035519
0 0.012308 0.017760 -0.021538 -0.035519
0 0.010000 0.016393 -0.016923 -0.032787
0 0.012308 0.017760 -0.021538 -0.035519
0 0.007692 0.016393 -0.012308 -0.027322
0 0.004615 0.012295 -0.006154 -0.019126
0 0.007692 0.016393 -0.012308 -0.027322
0 0.007692 0.016393 -0.012308 -0.027322
0 0.004615 0.012295 -0.006154 -0.019126
0 0.004615 0.012295 -0.006154 -0.019126
0 0.016154 0.025956 -0.029231 -0.051913
0 0.012308 0.017760 -0.021538 -0.035519
0 0.004615 0.012295 -0.006154 -0.019126
0 0.012308 0.017760 -0.021538 -0.035519
0 0.004615 0.012295 -0.006154 -0.019126
0 0.012308 0.017760 -0.021538 -0.035519
0 0.016154 0.025956 -0.029231 -0.051913
0 0.016154 0.025956 -0.029231 -0.051913
0 0.004615 0.012295 -0.006154 -0.019126
0 0.016154 0.025956 -0.029231 -0.051913
0 0.012308 0.017760 -0.021538 -0.035519
0 0.016154 0.025956 -0.029231 -0.051913
0 0.007692 0.016393 -0.012308 -0.027322
0 0.003846 0.006831 -0.004615 -0.008197
0 0.007692 0.016393 -0.012308 -0.027322
0 0.012308 0.017760 -0.021538 -0.035519
0 0.007692 0.016393 -0.012308 -0.027322
0 0.004615 0.012295 -0.006154 -0.019126
0 0.013077 0.019126 -0.023077 -0.038251
0 0.004615 0.012295 -0.006154 -0.019126
0 0.010000 0.017760 -0.016923 -0.030055
0 0.012308 0.017760 -0.021538 -0.035519