0 0.005479 0.011226 -0.010146 -0.022451
0 0.011364 0.016990 -0.021104 -0.033981
0 0.013190 0.020328 -0.025568 -0.040655
0 0.005479 0.011226 -0.010146 -0.022451
0 0.010958 0.018811 -0.021104 -0.037621
0 0.006494 0.011226 -0.012175 -0.022451
0 0.005479 0.011226 -0.010146 -0.022451
0 0.005479 0.011226 -0.010146 -0.022451
0 0.013190 0.020328 -0.025568 -0.040655
0 0.011769 0.019417 -0.022727 -0.038835
0 0.006696 0.011226 -0.012581 -0.022451
0 0.011161 0.016990 -0.021510 -0.033981
0 0.011161 0.016990 -0.021510 -0.033981
0 0.005479 0.008495 -0.010146 -0.016990
0 0.014407 0.029126 -0.028003 -0.058252
0 0.005479 0.011226 -0.010146 -0.022451
0 0.005479 0.011226 -0.010146 -0.022451
0 0.005479 0.011226 -0.010146 -0.022451
0 0.005479 0.008495 -0.010146 -0.016990
0 0.006899 0.011529 -0.012987 -0.023058
0 0.005479 0.008495 -0.010146 -0.016990
0 0.005479 0.008495 -0.010146 -0.016990
0 0.006494 0.011226 -0.012175 -0.022451
0 0.006696 0.011226 -0.012581 -0.022451
0 0.011161 0.016990 -0.021510 -0.033981
0 0.005479 0.011226 -0.010146 -0.022451
0 0.005479 0.011226 -0.010146 -0.022451
0 0.005479 0.008495 -0.010146 -0.016990
0 0.005479 0.011226 -0.010146 -0.022451
0 0.005479 0.008495 -0.010146 -0.016990
0 0.005479 0.008495 -0.010146 -0.016990
0 0.005479 0.011226 -0.010146 -0.022451
0 0.011161 0.016990 -0.021510 -0.033981
0 0.005479 0.008495 -0.010146 -0.016990
0 0.011161 0.016990 -0.021510 -0.033981
0 0.008726 0.017294 -0.016640 -0.034587
0 0.005479 0.011226 -0.010146 -0.022451
0 0.010552 0.016990 -0.020292 -0.033981
0 0.005479 0.011226 -0.010146 -0.022451
0 0.006899 0.011226 -0.012175 -0.022451
0 0.005479 0.008495 -0.010146 -0.016990
0 0.010552 0.016990 -0.020292 -0.033981
0 0.011161 0.016990 -0.021510 -0.033981
0 0.005479 0.008495 -0.010146 -0.016990
0 0.005479 0.008495 -0.010146 -0.016990
0 0.005479 0.011226 -0.010146 -0.022451
0 0.005479 0.008495 -0.010146 -0.016990
0 0.005479 0.008495 -0.010146 -0.016990
0 0.005479 0.008495 -0.010146 -0.016990
0 0.005479 0.011226 -0.010146 -0.022451
0 0.005479 0.009709 -0.010146 -0.019417
0 0.010552 0.016990 -0.020292 -0.033981
0 0.005479 0.011226 -0.010146 -0.022451
0 0.010552 0.016990 -0.020292 -0.033981
0 0.011161 0.016990 -0.021510 -0.033981
0 0.005682 0.011226 -0.010552 -0.022451
0 0.005479 0.008495 -0.010146 -0.016990
0 0.015016 0.022451 -0.029221 -0.044903
0 0.010552 0.016990 -0.020292 -0.033981
0 0.005479 0.011226 -0.010146 -0.022451
0 0.005479 0.008495 -0.010146 -0.016990
0 0.005479 0.008495 -0.010146 -0.016990
0 0.011161 0.016990 -0.021510 -0.033981
0 0.014610 0.029126 -0.027597 -0.058252
0 0.005479 0.011226 -0.010146 -0.022451
0 0.005479 0.008495 -0.010146 -0.016990
0 0.010552 0.016990 -0.020292 -0.033981
0 0.005479 0.008495 -0.010146 -0.016990
0 0.005479 0.008495 -0.010146 -0.016990
0 0.005682 0.011226 -0.009740 -0.022451
0 0.009740 0.014867 -0.018669 -0.029733
0 0.005479 0.008495 -0.010146 -0.016990
0 0.005479 0.008495 -0.010146 -0.016990
0 0.005479 0.011226 -0.010146 -0.022451
0 0.005479 0.011226 -0.010146 -0.022451
0 0.005479 0.008495 -0.010146 -0.016990
0 0.011161 0.016990 -0.021510 -0.033981
0 0.005479 0.011226 -0.010146 -0.022451
0 0.010552 0.016990 -0.020292 -0.033981
0 0.005479 0.011226 -0.010146 -0.022451
0 0.011364 0.016990 -0.021104 -0.033981
0 0.010552 0.016990 -0.020292 -0.033981
0 0.005479 0.011226 -0.010146 -0.022451
0 0.005479 0.011226 -0.010146 -0.022451
0 0.011161 0.016990 -0.021510 -0.033981
0 0.006088 0.009709 -0.011364 -0.019417
0 0.011161 0.016990 -0.021510 -0.033981
0 0.005479 0.011226 -0.010146 -0.022451
0 0.006696 0.011226 -0.012581 -0.022451
0 0.005479 0.008495 -0.010146 -0.016990
0 0.005479 0.011226 -0.010146 -0.022451
0 0.005479 0.008495 -0.010146 -0.016990
0 0.005479 0.011226 -0.010146 -0.022451
0 0.005479 0.008495 -0.010146 -0.016990
0 0.005479 0.011226 -0.010146 -0.022451
0 0.005682 0.009102 -0.010552 -0.018204
0 0.005479 0.011226 -0.010146 -0.022451
0 0.005479 0.011226 -0.010146 -0.022451
0 0.009740 0.014867 -0.018669 -0.029733
0 0.011161 0.016990 -0.021510 -0.033981
0 0.006696 0.011226 -0.012581 -0.022451
0 0.005479 0.008495 -0.010146 -0.016990
0 0.005479 0.011226 -0.010146 -0.022451
0 0.005479 0.011226 -0.010146 -0.022451
0 0.005479 0.011226 -0.010146 -0.022451
0 0.013190 0.020328 -0.025568 -0.040655
0 0.005479 0.011226 -0.010146 -0.022451
0 0.005682 0.008495 -0.009740 -0.016990
0 0.012175 0.020024 -0.023539 -0.040049
0 0.005682 0.009102 -0.010552 -0.018204
0 0.006696 0.011226 -0.012581 -0.022451
0 0.005479 0.011226 -0.010146 -0.022451
0 0.005479 0.008495 -0.010146 -0.016990
0 0.005479 0.008495 -0.010146 -0.016990
0 0.005479 0.008495 -0.010146 -0.016990
0 0.005479 0.011226 -0.010146 -0.022451
0 0.005479 0.008495 -0.010146 -0.016990
0 0.009740 0.014867 -0.018669 -0.029733
0 0.005479 0.008495 -0.010146 -0.016990
0 0.005479 0.008495 -0.010146 -0.016990
0 0.006899 0.011226 -0.012175 -0.022451
0 0.005479 0.008495 -0.010146 -0.016990
0 0.005479 0.011226 -0.010146 -0.022451
0 0.011769 0.019417 -0.022727 -0.038835
0 0.005479 0.008495 -0.010146 -0.016990
0 0.005479 0.008495 -0.010146 -0.016990
0 0.005479 0.011226 -0.010146 -0.022451
0 0.005479 0.011226 -0.010146 -0.022451
0 0.010552 0.019114 -0.020292 -0.038228
0 0.005479 0.008495 -0.010146 -0.016990
0 0.005479 0.008495 -0.010146 -0.016990
0 0.010958 0.018811 -0.021104 -0.037621
0 0.009740 0.014867 -0.018669 -0.029733
0 0.005479 0.011226 -0.010146 -0.022451
0 0.005479 0.011226 -0.010146 -0.022451
0 0.010146 0.015777 -0.019481 -0.031553
0 0.005479 0.011226 -0.010146 -0.022451
0 0.005682 0.008495 -0.009740 -0.016990
0 0.005479 0.011226 -0.010146 -0.022451
0 0.006696 0.011226 -0.012581 -0.022451
0 0.005479 0.011226 -0.010146 -0.022451
0 0.005479 0.011226 -0.010146 -0.022451
0 0.005479 0.011226 -0.010146 -0.022451
0 0.014407 0.029126 -0.028003 -0.058252
0 0.005479 0.008495 -0.010146 -0.016990
0 0.005479 0.008495 -0.010146 -0.016990
0 0.005479 0.008495 -0.010146 -0.016990
0 0.005479 0.008495 -0.010146 -0.016990
0 0.005479 0.008495 -0.010146 -0.016990
0 0.011161 0.016990 -0.021510 -0.033981
0 0.005479 0.008495 -0.010146 -0.016990
0 0.011161 0.016990 -0.021510 -0.033981
0 0.005479 0.008495 -0.010146 -0.016990
0 0.005479 0.008495 -0.010146 -0.016990
0 0.005479 0.008495 -0.010146 -0.016990
0 0.013190 0.020328 -0.025568 -0.040655
0 0.007102 0.014563 -0.013393 -0.029126
0 0.005479 0.011226 -0.010146 -0.022451
0 0.005479 0.011226 -0.010146 -0.022451
0 0.012175 0.021845 -0.023539 -0.043689
0 0.005479 0.011226 -0.010146 -0.022451
0 0.006899 0.011529 -0.012987 -0.023058
0 0.005479 0.008495 -0.010146 -0.016990
0 0.011161 0.016990 -0.021510 -0.033981
0 0.005479 0.011226 -0.010146 -0.022451
0 0.005479 0.008495 -0.010146 -0.016990
0 0.005479 0.011226 -0.010146 -0.022451
0 0.005479 0.008495 -0.010146 -0.016990
0 0.005479 0.008495 -0.010146 -0.016990
0 0.006696 0.011226 -0.012581 -0.022451
0 0.005479 0.008495 -0.010146 -0.016990
0 0.005479 0.008495 -0.010146 -0.016990
0 0.005479 0.011226 -0.010146 -0.022451
0 0.005479 0.008495 -0.010146 -0.016990
0 0.015016 0.022451 -0.029221 -0.044903
0 0.005479 0.011226 -0.010146 -0.022451
0 0.005479 0.011226 -0.010146 -0.022451
0 0.005479 0.008495 -0.010146 -0.016990
0 0.013190 0.020328 -0.025568 -0.040655
0 0.005479 0.008495 -0.010146 -0.016990
0 0.005479 0.008495 -0.010146 -0.016990
0 0.005479 0.011226 -0.010146 -0.022451
0 0.005479 0.008495 -0.010146 -0.016990
0 0.005479 0.011226 -0.010146 -0.022451
0 0.006696 0.011226 -0.012581 -0.022451
0 0.006696 0.011226 -0.012581 -0.022451
0 0.005479 0.008495 -0.010146 -0.016990
0 0.013190 0.020328 -0.025568 -0.040655
0 0.005479 0.011226 -0.010146 -0.022451
0 0.005479 0.011226 -0.010146 -0.022451
0 0.006696 0.011226 -0.012581 -0.022451
0 0.011769 0.019417 -0.022727 -0.038835
0 0.005479 0.008495 -0.010146 -0.016990
0 0.010552 0.016990 -0.020292 -0.033981
0 0.010552 0.016990 -0.020292 -0.033981
0 0.005682 0.009102 -0.010552 -0.018204
0 0.011161 0.016990 -0.021510 -0.033981
0 0.005479 0.011226 -0.010146 -0.022451
0 0.005479 0.010316 -0.010146 -0.020631
0 0.011364 0.016990 -0.021104 -0.033981
0 0.013190 0.020328 -0.025568 -0.040655
0 0.005479 0.008495 -0.010146 -0.016990
0 0.005479 0.009102 -0.010146 -0.018204
0 0.008726 0.017294 -0.016640 -0.034587
0 0.005479 0.011226 -0.010146 -0.022451
0 0.005479 0.011226 -0.010146 -0.022451
0 0.005479 0.011226 -0.010146 -0.022451
0 0.011161 0.016990 -0.021510 -0.033981
0 0.013393 0.020631 -0.025974 -0.041262
0 0.006696 0.011226 -0.012581 -0.022451
0 0.005479 0.011226 -0.010146 -0.022451
0 0.006494 0.011226 -0.012175 -0.022451
0 0.011364 0.016990 -0.021104 -0.033981
0 0.006696 0.011226 -0.012581 -0.022451
0 0.005479 0.008495 -0.010146 -0.016990
0 0.010958 0.018811 -0.021104 -0.037621
0 0.005479 0.011226 -0.010146 -0.022451
0 0.006696 0.011226 -0.012581 -0.022451
0 0.006696 0.011226 -0.012581 -0.022451
0 0.005479 0.011226 -0.010146 -0.022451
0 0.005479 0.011226 -0.010146 -0.022451
0 0.005479 0.008495 -0.010146 -0.016990
0 0.011161 0.016990 -0.021510 -0.033981
0 0.005479 0.008495 -0.010146 -0.016990
0 0.005479 0.011226 -0.010146 -0.022451
0 0.006494 0.011226 -0.012175 -0.022451
0 0.010552 0.016990 -0.020292 -0.033981
0 0.005479 0.011226 -0.010146 -0.022451
0 0.005479 0.008495 -0.010146 -0.016990
0 0.005479 0.011226 -0.010146 -0.022451
0 0.011161 0.016990 -0.021510 -0.033981
0 0.005479 0.011226 -0.010146 -0.022451
0 0.011161 0.016990 -0.021510 -0.033981
0 0.011161 0.016990 -0.021510 -0.033981
0 0.007102 0.014563 -0.013393 -0.029126
0 0.005479 0.008495 -0.010146 -0.016990
0 0.005479 0.011226 -0.010146 -0.022451
0 0.011161 0.016990 -0.021510 -0.033981
0 0.005479 0.011226 -0.010146 -0.022451
0 0.013190 0.020328 -0.025568 -0.040655
0 0.010552 0.016990 -0.020292 -0.033981
0 0.013190 0.020328 -0.025568 -0.040655
0 0.005479 0.008495 -0.010146 -0.016990
0 0.005479 0.008495 -0.010146 -0.016990
0 0.005479 0.008495 -0.010146 -0.016990
0 0.005479 0.011226 -0.010146 -0.022451
0 0.008726 0.017294 -0.016640 -0.034587
0 0.005479 0.011226 -0.010146 -0.022451
0 0.011161 0.016990 -0.021510 -0.033981
0 0.005479 0.008495 -0.010146 -0.016990
0 0.006899 0.011529 -0.012987 -0.023058
0 0.005479 0.008495 -0.010146 -0.016990
0 0.005479 0.011226 -0.010146 -0.022451
0 0.006088 0.011226 -0.011364 -0.022451
0 0.005479 0.011226 -0.010146 -0.022451
0 0.006494 0.011226 -0.012175 -0.022451
0 0.005479 0.008495 -0.010146 -0.016990
0 0.007102 0.014563 -0.013393 -0.029126
0 0.005479 0.008495 -0.010146 -0.016990
0 0.010958 0.018811 -0.021104 -0.037621
0 0.006696 0.011226 -0.012581 -0.022451
0 0.011161 0.016990 -0.021510 -0.033981
0 0.005479 0.011226 -0.010146 -0.022451
0 0.005479 0.011226 -0.010146 -0.022451
0 0.011161 0.016990 -0.021510 -0.033981
0 0.005479 0.011226 -0.010146 -0.022451
0 0.005479 0.008495 -0.010146 -0.016990
0 0.005479 0.008495 -0.010146 -0.016990
0 0.005479 0.008495 -0.010146 -0.016990
0 0.005682 0.009102 -0.010552 -0.018204
0 0.005479 0.008495 -0.010146 -0.016990
0 0.012175 0.021845 -0.023539 -0.043689
0 0.005479 0.008495 -0.010146 -0.016990
0 0.005479 0.011226 -0.010146 -0.022451
0 0.005479 0.011226 -0.010146 -0.022451
0 0.009740 0.014867 -0.018669 -0.029733
0 0.005479 0.011226 -0.010146 -0.022451
0 0.005479 0.011226 -0.010146 -0.022451
0 0.005479 0.011226 -0.010146 -0.022451
0 0.005479 0.008495 -0.010146 -0.016990
0 0.006696 0.011226 -0.012581 -0.022451
0 0.005479 0.011226 -0.010146 -0.022451
0 0.005479 0.011226 -0.010146 -0.022451
0 0.005479 0.011226 -0.010146 -0.022451
0 0.012175 0.021845 -0.023539 -0.043689
0 0.005479 0.008495 -0.010146 -0.016990
0 0.005479 0.008495 -0.010146 -0.016990
0 0.013393 0.020631 -0.025974 -0.041262
0 0.005479 0.008495 -0.010146 -0.016990
0 0.005479 0.008495 -0.010146 -0.016990
0 0.005479 0.011226 -0.010146 -0.022451
0 0.005479 0.008495 -0.010146 -0.016990
0 0.011161 0.016990 -0.021510 -0.033981
0 0.010552 0.016990 -0.020292 -0.033981
0 0.005479 0.011226 -0.010146 -0.022451
0 0.005479 0.008495 -0.010146 -0.016990
0 0.005479 0.011226 -0.010146 -0.022451
0 0.005682 0.011226 -0.009740 -0.022451
0 0.005479 0.011226 -0.010146 -0.022451
0 0.005479 0.011226 -0.010146 -0.022451
0 0.005479 0.011226 -0.010146 -0.022451
0 0.005479 0.008495 -0.010146 -0.016990
0 0.005479 0.008495 -0.010146 -0.016990
0 0.005479 0.008495 -0.010146 -0.016990
0 0.005479 0.008495 -0.010146 -0.016990
0 0.012175 0.020024 -0.023539 -0.040049
0 0.011364 0.016990 -0.021104 -0.033981
0 0.005479 0.008495 -0.010146 -0.016990
0 0.005479 0.011226 -0.010146 -0.022451
0 0.005479 0.011226 -0.010146 -0.022451
0 0.005479 0.008495 -0.010146 -0.016990
0 0.005479 0.011226 -0.010146 -0.022451
0 0.005479 0.011226 -0.010146 -0.022451
0 0.009740 0.014867 -0.018669 -0.029733
0 0.005479 0.011226 -0.010146 -0.022451
0 0.005479 0.011226 -0.010146 -0.022451
0 0.005479 0.008495 -0.010146 -0.016990
0 0.005479 0.011226 -0.010146 -0.022451
0 0.012175 0.021845 -0.023539 -0.043689
0 0.005479 0.011226 -0.010146 -0.022451
0 0.011769 0.019417 -0.022727 -0.038835
0 0.005479 0.011226 -0.010146 -0.022451
0 0.005479 0.008495 -0.010146 -0.016990
0 0.005479 0.011226 -0.010146 -0.022451
0 0.005479 0.011226 -0.010146 -0.022451
0 0.005479 0.011226 -0.010146 -0.022451
0 0.005479 0.011226 -0.010146 -0.022451
0 0.005479 0.011226 -0.010146 -0.022451
0 0.005479 0.008495 -0.010146 -0.016990
0 0.005479 0.011226 -0.010146 -0.022451
0 0.005479 0.008495 -0.010146 -0.016990
0 0.005479 0.011226 -0.010146 -0.022451
0 0.011769 0.019417 -0.022727 -0.038835
0 0.005479 0.008495 -0.010146 -0.016990
0 0.005479 0.008495 -0.010146 -0.016990
0 0.005479 0.008495 -0.010146 -0.016990
0 0.005479 0.011226 -0.010146 -0.022451
0 0.005479 0.011226 -0.010146 -0.022451
0 0.010958 0.018811 -0.021104 -0.037621
0 0.006494 0.011226 -0.012175 -0.022451
0 0.005479 0.008495 -0.010146 -0.016990
0 0.005479 0.008495 -0.010146 -0.016990
0 0.005479 0.008495 -0.010146 -0.016990
0 0.005479 0.011226 -0.010146 -0.022451
0 0.005479 0.008495 -0.010146 -0.016990
0 0.007102 0.014563 -0.013393 -0.029126
0 0.005479 0.011226 -0.010146 -0.022451
0 0.005479 0.008495 -0.010146 -0.016990
0 0.011161 0.016990 -0.021510 -0.033981
0 0.011769 0.019417 -0.022727 -0.038835
0 0.005479 0.011226 -0.010146 -0.022451
0 0.005479 0.011226 -0.010146 -0.022451
0 0.005479 0.008495 -0.010146 -0.016990
0 0.011161 0.016990 -0.021510 -0.033981
0 0.010552 0.016990 -0.020292 -0.033981
0 0.005479 0.008495 -0.010146 -0.016990
0 0.006696 0.011226 -0.012581 -0.022451
0 0.005479 0.008495 -0.010146 -0.016990
0 0.005479 0.008495 -0.010146 -0.016990
0 0.005479 0.008495 -0.010146 -0.016990
0 0.005682 0.008495 -0.009740 -0.016990
0 0.005479 0.011226 -0.010146 -0.022451
0 0.005479 0.008495 -0.010146 -0.016990
0 0.011161 0.016990 -0.021510 -0.033981
0 0.010552 0.016990 -0.020292 -0.033981
0 0.010552 0.016990 -0.020292 -0.033981
0 0.005682 0.008495 -0.009740 -0.016990
0 0.015016 0.022451 -0.029221 -0.044903
0 0.006494 0.011226 -0.012175 -0.022451
0 0.014610 0.029126 -0.027597 -0.058252
0 0.005479 0.008495 -0.010146 -0.016990
0 0.005479 0.011226 -0.010146 -0.022451
0 0.005479 0.011226 -0.010146 -0.022451
0 0.005479 0.008495 -0.010146 -0.016990
0 0.005479 0.011226 -0.010146 -0.022451
0 0.011364 0.016990 -0.021104 -0.033981
0 0.014407 0.029126 -0.028003 -0.058252
0 0.005479 0.011226 -0.010146 -0.022451
0 0.005479 0.008495 -0.010146 -0.016990
0 0.012175 0.021845 -0.023539 -0.043689
0 0.006494 0.011226 -0.012175 -0.022451
0 0.005479 0.011226 -0.010146 -0.022451
0 0.010552 0.016990 -0.020292 -0.033981
0 0.005479 0.011226 -0.010146 -0.022451
0 0.006494 0.011226 -0.012175 -0.022451
0 0.005479 0.011226 -0.010146 -0.022451
0 0.006494 0.011226 -0.012175 -0.022451
0 0.008726 0.017294 -0.016640 -0.034587
0 0.005479 0.011226 -0.010146 -0.022451
0 0.005479 0.011226 -0.010146 -0.022451
0 0.005479 0.011226 -0.010146 -0.022451
0 0.005479 0.008495 -0.010146 -0.016990
0 0.005479 0.011226 -0.010146 -0.022451
0 0.006696 0.011226 -0.012581 -0.022451
0 0.006494 0.011226 -0.012175 -0.022451
0 0.009740 0.014867 -0.018669 -0.029733
0 0.005479 0.008495 -0.010146 -0.016990
0 0.005479 0.011226 -0.010146 -0.022451
0 0.005479 0.011226 -0.010146 -0.022451
0 0.005479 0.011226 -0.010146 -0.022451
0 0.005479 0.008495 -0.010146 -0.016990
0 0.006696 0.011226 -0.012581 -0.022451
0 0.013190 0.020328 -0.025568 -0.040655
0 0.011364 0.016990 -0.021104 -0.033981
0 0.005479 0.011226 -0.010146 -0.022451
0 0.005479 0.008495 -0.010146 -0.016990
0 0.006696 0.011226 -0.012581 -0.022451
0 0.005479 0.008495 -0.010146 -0.016990
0 0.005479 0.011226 -0.010146 -0.022451
0 0.006494 0.011226 -0.012175 -0.022451
0 0.006494 0.011226 -0.012175 -0.022451
0 0.011161 0.016990 -0.021510 -0.033981
0 0.011161 0.016990 -0.021510 -0.033981
0 0.013190 0.020328 -0.025568 -0.040655
0 0.005479 0.011226 -0.010146 -0.022451
0 0.011161 0.016990 -0.021510 -0.033981
0 0.005682 0.011226 -0.009740 -0.022451
0 0.005479 0.008495 -0.010146 -0.016990
0 0.005479 0.008495 -0.010146 -0.016990
0 0.010958 0.018811 -0.021104 -0.037621
0 0.006696 0.011226 -0.012581 -0.022451
0 0.005479 0.011226 -0.010146 -0.022451
0 0.005479 0.011226 -0.010146 -0.022451
0 0.005479 0.011226 -0.010146 -0.022451
0 0.005479 0.008495 -0.010146 -0.016990
0 0.011567 0.019114 -0.022321 -0.038228
0 0.005479 0.011226 -0.010146 -0.022451
0 0.011161 0.016990 -0.021510 -0.033981
0 0.006899 0.011529 -0.012987 -0.023058
0 0.005479 0.008495 -0.010146 -0.016990
0 0.012175 0.020024 -0.023539 -0.040049
0 0.005479 0.011226 -0.010146 -0.022451
0 0.005479 0.008495 -0.010146 -0.016990
0 0.007102 0.014563 -0.013393 -0.029126
0 0.006088 0.009709 -0.011364 -0.019417
0 0.005479 0.011226 -0.010146 -0.022451
0 0.005479 0.011226 -0.010146 -0.022451
0 0.005479 0.008495 -0.010146 -0.016990
0 0.005479 0.011226 -0.010146 -0.022451
0 0.005479 0.008495 -0.010146 -0.016990
0 0.011161 0.016990 -0.021510 -0.033981
0 0.005479 0.011226 -0.010146 -0.022451
0 0.005479 0.011226 -0.010146 -0.022451
0 0.011161 0.016990 -0.021510 -0.033981
0 0.005479 0.008495 -0.010146 -0.016990
0 0.005479 0.011226 -0.010146 -0.022451
0 0.005479 0.008495 -0.010146 -0.016990
0 0.005479 0.008495 -0.010146 -0.016990
0 0.011567 0.019114 -0.022321 -0.038228
0 0.011161 0.016990 -0.021510 -0.033981
0 0.005479 0.011226 -0.010146 -0.022451
0 0.005479 0.008495 -0.010146 -0.016990
0 0.011161 0.017597 -0.021510 -0.035194
0 0.005479 0.011226 -0.010146 -0.022451
0 0.011364 0.016990 -0.021104 -0.033981
0 0.005479 0.008495 -0.010146 -0.016990
0 0.010552 0.016990 -0.020292 -0.033981
0 0.005479 0.011226 -0.010146 -0.022451
0 0.005479 0.011226 -0.010146 -0.022451
0 0.010552 0.016990 -0.020292 -0.033981
0 0.005479 0.011226 -0.010146 -0.022451
0 0.005479 0.008495 -0.010146 -0.016990
0 0.005479 0.011226 -0.010146 -0.022451
0 0.005479 0.008495 -0.010146 -0.016990
0 0.005479 0.008495 -0.010146 -0.016990
0 0.005479 0.008495 -0.010146 -0.016990
0 0.006494 0.011226 -0.012175 -0.022451
0 0.005479 0.011226 -0.010146 -0.022451
0 0.007102 0.014563 -0.013393 -0.029126
0 0.005479 0.008495 -0.010146 -0.016990
0 0.005479 0.008495 -0.010146 -0.016990
0 0.008726 0.017294 -0.016640 -0.034587
0 0.005479 0.011226 -0.010146 -0.022451
0 0.011161 0.016990 -0.021510 -0.033981
0 0.005479 0.008495 -0.010146 -0.016990
0 0.013190 0.020328 -0.025568 -0.040655
0 0.007102 0.014563 -0.013393 -0.029126
0 0.005479 0.011226 -0.010146 -0.022451
0 0.011364 0.016990 -0.021104 -0.033981
0 0.007102 0.014563 -0.013393 -0.029126
0 0.005479 0.011226 -0.010146 -0.022451
0 0.005479 0.008495 -0.010146 -0.016990
0 0.005479 0.011226 -0.010146 -0.022451
0 0.005479 0.011226 -0.010146 -0.022451
0 0.005479 0.011226 -0.010146 -0.022451
0 0.005479 0.011226 -0.010146 -0.022451
0 0.005479 0.011226 -0.010146 -0.022451
0 0.005479 0.008495 -0.010146 -0.016990
0 0.005479 0.008495 -0.010146 -0.016990
0 0.005479 0.011226 -0.010146 -0.022451
0 0.005479 0.011226 -0.010146 -0.022451
0 0.006696 0.011226 -0.012581 -0.022451
0 0.005479 0.011226 -0.010146 -0.022451
0 0.005479 0.008495 -0.010146 -0.016990
0 0.008726 0.017294 -0.016640 -0.034587
0 0.009740 0.014867 -0.018669 -0.029733
0 0.005479 0.008495 -0.010146 -0.016990
0 0.005479 0.011226 -0.010146 -0.022451
0 0.011161 0.016990 -0.021510 -0.033981
0 0.005479 0.008495 -0.010146 -0.016990
0 0.005479 0.011226 -0.010146 -0.022451
0 0.005479 0.008495 -0.010146 -0.016990
0 0.005479 0.008495 -0.010146 -0.016990
0 0.005479 0.008495 -0.010146 -0.016990
0 0.005479 0.008495 -0.010146 -0.016990
0 0.011161 0.016990 -0.021510 -0.033981
0 0.005479 0.011226 -0.010146 -0.022451
0 0.005479 0.011226 -0.010146 -0.022451
0 0.005479 0.011226 -0.010146 -0.022451
0 0.005479 0.011226 -0.010146 -0.022451
0 0.005479 0.011226 -0.010146 -0.022451
0 0.011161 0.016990 -0.021510 -0.033981
0 0.010552 0.016990 -0.020292 -0.033981
0 0.005479 0.008495 -0.010146 -0.016990
0 0.005479 0.008495 -0.010146 -0.016990
0 0.005479 0.011226 -0.010146 -0.022451
0 0.005479 0.008495 -0.010146 -0.016990
0 0.005479 0.011226 -0.010146 -0.022451
0 0.006696 0.011226 -0.012581 -0.022451
0 0.011161 0.016990 -0.021510 -0.033981
0 0.005479 0.008495 -0.010146 -0.016990
0 0.005479 0.008495 -0.010146 -0.016990
0 0.005479 0.008495 -0.010146 -0.016990
0 0.011161 0.016990 -0.021510 -0.033981
0 0.005479 0.011226 -0.010146 -0.022451
0 0.011364 0.016990 -0.021104 -0.033981
0 0.005479 0.008495 -0.010146 -0.016990
0 0.005479 0.011226 -0.010146 -0.022451
0 0.005479 0.008495 -0.010146 -0.016990
0 0.005479 0.011226 -0.010146 -0.022451
0 0.005479 0.008495 -0.010146 -0.016990
0 0.005479 0.011226 -0.010146 -0.022451
0 0.005479 0.008495 -0.010146 -0.016990
0 0.009740 0.017597 -0.018669 -0.035194
0 0.005479 0.008495 -0.010146 -0.016990
0 0.009740 0.014867 -0.018669 -0.029733
0 0.005479 0.008495 -0.010146 -0.016990
0 0.005479 0.011226 -0.010146 -0.022451
0 0.005479 0.011226 -0.010146 -0.022451
0 0.005479 0.011226 -0.010146 -0.022451
0 0.012175 0.020024 -0.023539 -0.040049
0 0.005479 0.008495 -0.010146 -0.016990
0 0.005479 0.011226 -0.010146 -0.022451
0 0.005479 0.008495 -0.010146 -0.016990
0 0.005479 0.008495 -0.010146 -0.016990
0 0.011161 0.016990 -0.021510 -0.033981
0 0.005479 0.008495 -0.010146 -0.016990
0 0.005479 0.011226 -0.010146 -0.022451
0 0.005479 0.011226 -0.010146 -0.022451
0 0.005479 0.011226 -0.010146 -0.022451
0 0.011567 0.018811 -0.022321 -0.037621
0 0.005479 0.008495 -0.010146 -0.016990
0 0.005479 0.011226 -0.010146 -0.022451
0 0.005479 0.011226 -0.010146 -0.022451
0 0.008726 0.017294 -0.016640 -0.034587
0 0.005479 0.008495 -0.010146 -0.016990
0 0.005479 0.008495 -0.010146 -0.016990
0 0.005479 0.011226 -0.010146 -0.022451
0 0.006899 0.011529 -0.012987 -0.023058
0 0.005479 0.008495 -0.010146 -0.016990
0 0.005479 0.011226 -0.010146 -0.022451
0 0.011364 0.016990 -0.021104 -0.033981
0 0.010552 0.016990 -0.020292 -0.033981
0 0.005479 0.011226 -0.010146 -0.022451
0 0.005479 0.011226 -0.010146 -0.022451
0 0.015016 0.022451 -0.029221 -0.044903
0 0.009740 0.014867 -0.018669 -0.029733
0 0.011161 0.016990 -0.021510 -0.033981
0 0.005479 0.008495 -0.010146 -0.016990
0 0.006494 0.011226 -0.012175 -0.022451
0 0.005479 0.011226 -0.010146 -0.022451
0 0.005479 0.008495 -0.010146 -0.016990
0 0.011161 0.016990 -0.021510 -0.033981
0 0.005479 0.008495 -0.010146 -0.016990
0 0.011161 0.016990 -0.021510 -0.033981
0 0.005479 0.011226 -0.010146 -0.022451
0 0.005479 0.011226 -0.010146 -0.022451
0 0.005479 0.011226 -0.010146 -0.022451
0 0.005479 0.011226 -0.010146 -0.022451
0 0.005479 0.011226 -0.010146 -0.022451
0 0.006899 0.011529 -0.012987 -0.023058
0 0.005479 0.011226 -0.010146 -0.022451
0 0.005479 0.008495 -0.010146 -0.016990
0 0.005479 0.008495 -0.010146 -0.016990
0 0.005479 0.011226 -0.010146 -0.022451
0 0.011769 0.023058 -0.022727 -0.046117
0 0.005479 0.011226 -0.010146 -0.022451