0 0.015000 0.030693 -0.027778 -0.061386
0 0.015000 0.030693 -0.027778 -0.061386
0 0.015000 0.030693 -0.027778 -0.061386
0 0.015000 0.030693 -0.027778 -0.061386
0 0.015000 0.030693 -0.027778 -0.061386
0 0.015000 0.030693 -0.027778 -0.061386
0 0.015000 0.030693 -0.027778 -0.061386
0 0.015000 0.030693 -0.027778 -0.061386
0 0.015000 0.030693 -0.027778 -0.061386
0 0.015000 0.030693 -0.027778 -0.061386
0 0.015000 0.030693 -0.027778 -0.061386
0 0.015000 0.030693 -0.027778 -0.061386
0 0.015000 0.030693 -0.027778 -0.061386
0 0.015000 0.030693 -0.027778 -0.061386
0 0.015000 0.030693 -0.027778 -0.061386
0 0.015000 0.030693 -0.027778 -0.061386
0 0.015000 0.030693 -0.027778 -0.061386
0 0.015000 0.030693 -0.027778 -0.061386
0 0.015000 0.030693 -0.027778 -0.061386
0 0.015000 0.030693 -0.027778 -0.061386