0 0.045000 0.078333 -0.087500 -0.156667
0 0.018125 0.025833 -0.033750 -0.051667
0 0.018125 0.025833 -0.033750 -0.051667
0 0.015000 0.021667 -0.027500 -0.043333
0 0.045000 0.078333 -0.087500 -0.156667
0 0.053750 0.083333 -0.105000 -0.166667
0 0.015000 0.022500 -0.027500 -0.045000
0 0.018750 0.030000 -0.035000 -0.060000
0 0.025625 0.046667 -0.048750 -0.093333
0 0.045000 0.078333 -0.087500 -0.156667
0 0.101875 0.154167 -0.201250 -0.308333
0 0.018125 0.025833 -0.033750 -0.051667
0 0.018125 0.025833 -0.033750 -0.051667
0 0.018125 0.025833 -0.033750 -0.051667
0 0.018750 0.030000 -0.035000 -0.060000
0 0.015000 0.022500 -0.027500 -0.045000
0 0.018750 0.030000 -0.035000 -0.060000
0 0.052500 0.083333 -0.102500 -0.166667
0 0.030000 0.053333 -0.057500 -0.106667
0 0.018125 0.025833 -0.033750 -0.051667
0 0.018125 0.025833 -0.033750 -0.051667
0 0.020000 0.033333 -0.037500 -0.066667
0 0.020000 0.033333 -0.037500 -0.066667
0 0.015000 0.022500 -0.027500 -0.045000
0 0.015000 0.021667 -0.027500 -0.043333
0 0.020000 0.033333 -0.037500 -0.066667
0 0.020000 0.033333 -0.037500 -0.066667
0 0.020000 0.033333 -0.037500 -0.066667
0 0.015000 0.021667 -0.027500 -0.043333
0 0.015000 0.022500 -0.027500 -0.045000
0 0.052500 0.083333 -0.102500 -0.166667
0 0.020000 0.033333 -0.037500 -0.066667
0 0.015000 0.021667 -0.027500 -0.043333
0 0.020000 0.033333 -0.037500 -0.066667
0 0.018125 0.025833 -0.033750 -0.051667
0 0.018750 0.030000 -0.035000 -0.060000
0 0.045000 0.078333 -0.087500 -0.156667
0 0.018125 0.025833 -0.033750 -0.051667
0 0.020000 0.033333 -0.037500 -0.066667
0 0.020000 0.033333 -0.037500 -0.066667
0 0.020000 0.033333 -0.037500 -0.066667
0 0.015000 0.022500 -0.027500 -0.045000
0 0.018750 0.030000 -0.035000 -0.060000
0 0.018125 0.025833 -0.033750 -0.051667
0 0.018750 0.030000 -0.035000 -0.060000