0 0.020968 0.039043 -0.038710 -0.078086
0 0.024194 0.044081 -0.045161 -0.088161
0 0.070968 0.122166 -0.135484 -0.239295
0 0.021774 0.055416 -0.040323 -0.110831
0 0.020968 0.039043 -0.038710 -0.078086
0 0.020968 0.039043 -0.038710 -0.078086
0 0.021774 0.039043 -0.037097 -0.078086
0 0.024194 0.045340 -0.045161 -0.085642
0 0.020968 0.039043 -0.038710 -0.078086
0 0.070968 0.122166 -0.135484 -0.239295
0 0.020968 0.039043 -0.038710 -0.078086
0 0.020968 0.040302 -0.038710 -0.075567
0 0.021774 0.039043 -0.037097 -0.078086
0 0.021774 0.040302 -0.037097 -0.075567
0 0.020968 0.039043 -0.038710 -0.078086
0 0.024194 0.045340 -0.045161 -0.085642
0 0.020968 0.039043 -0.038710 -0.078086
0 0.020968 0.039043 -0.038710 -0.078086
0 0.024194 0.044081 -0.045161 -0.088161
0 0.020968 0.039043 -0.038710 -0.078086
0 0.022581 0.055416 -0.038710 -0.110831
0 0.024194 0.045340 -0.045161 -0.085642
0 0.020968 0.040302 -0.038710 -0.075567
0 0.036290 0.079345 -0.069355 -0.153652
0 0.022581 0.055416 -0.038710 -0.110831
0 0.020968 0.039043 -0.038710 -0.078086
0 0.020968 0.039043 -0.038710 -0.078086
0 0.022581 0.055416 -0.038710 -0.110831
0 0.020968 0.039043 -0.038710 -0.078086
0 0.020968 0.039043 -0.038710 -0.078086
0 0.024194 0.044081 -0.045161 -0.088161
0 0.036290 0.079345 -0.069355 -0.153652
0 0.021774 0.040302 -0.037097 -0.075567
0 0.020968 0.039043 -0.038710 -0.078086
0 0.020968 0.039043 -0.038710 -0.078086
0 0.021774 0.040302 -0.037097 -0.075567
0 0.020968 0.040302 -0.038710 -0.075567
0 0.021774 0.055416 -0.040323 -0.110831
0 0.020968 0.039043 -0.038710 -0.078086
0 0.020968 0.040302 -0.038710 -0.075567
0 0.020968 0.040302 -0.038710 -0.075567
0 0.020968 0.040302 -0.038710 -0.075567
0 0.024194 0.045340 -0.045161 -0.085642
0 0.070968 0.122166 -0.135484 -0.239295
0 0.021774 0.055416 -0.040323 -0.110831
0 0.070161 0.122166 -0.137097 -0.239295
0 0.024194 0.044081 -0.045161 -0.088161
0 0.021774 0.040302 -0.037097 -0.075567
0 0.036290 0.079345 -0.069355 -0.153652
0 0.021774 0.039043 -0.037097 -0.078086
0 0.036290 0.079345 -0.069355 -0.153652
0 0.024194 0.044081 -0.045161 -0.088161
0 0.021774 0.040302 -0.037097 -0.075567
0 0.021774 0.040302 -0.040323 -0.080605
0 0.025000 0.044081 -0.043548 -0.088161
0 0.020968 0.039043 -0.038710 -0.078086
0 0.020968 0.039043 -0.038710 -0.078086
0 0.025000 0.044081 -0.043548 -0.088161
0 0.025000 0.044081 -0.043548 -0.088161
0 0.020968 0.039043 -0.038710 -0.078086
0 0.021774 0.055416 -0.040323 -0.110831
0 0.021774 0.040302 -0.040323 -0.080605
0 0.070968 0.122166 -0.135484 -0.239295
0 0.025000 0.045340 -0.043548 -0.085642
0 0.070161 0.122166 -0.137097 -0.239295
0 0.020968 0.039043 -0.038710 -0.078086
0 0.070161 0.122166 -0.137097 -0.239295