0 0.003205 0.004566 -0.003846 -0.004566
0 0.003205 0.004566 -0.003846 -0.004566
0 0.014103 0.025114 -0.025641 -0.050228
0 0.008333 0.014840 -0.014103 -0.029680
0 0.014103 0.025114 -0.025641 -0.050228
0 0.014103 0.025114 -0.025641 -0.050228
0 0.003205 0.004566 -0.003846 -0.004566
0 0.003205 0.004566 -0.003846 -0.004566
0 0.003205 0.004566 -0.003846 -0.004566
0 0.003205 0.004566 -0.003846 -0.004566
0 0.003205 0.004566 -0.003846 -0.004566
0 0.008333 0.014840 -0.014103 -0.029680
0 0.003205 0.004566 -0.003846 -0.004566
0 0.012179 0.021689 -0.021795 -0.038813
0 0.008333 0.014840 -0.014103 -0.029680
0 0.003205 0.004566 -0.003846 -0.004566
0 0.003205 0.004566 -0.003846 -0.004566
0 0.003205 0.004566 -0.003846 -0.004566
0 0.014103 0.025114 -0.025641 -0.050228
0 0.003205 0.004566 -0.003846 -0.004566
0 0.008333 0.014840 -0.014103 -0.029680
0 0.008333 0.014840 -0.014103 -0.029680
0 0.014103 0.025114 -0.025641 -0.050228
0 0.014103 0.025114 -0.025641 -0.050228
0 0.008333 0.014840 -0.014103 -0.029680
0 0.003205 0.004566 -0.003846 -0.004566
0 0.008333 0.014840 -0.014103 -0.029680
0 0.003205 0.004566 -0.003846 -0.004566
0 0.014103 0.025114 -0.025641 -0.050228
0 0.008333 0.014840 -0.014103 -0.029680
0 0.008333 0.014840 -0.014103 -0.029680
0 0.008333 0.014840 -0.014103 -0.029680
0 0.008333 0.014840 -0.014103 -0.029680
0 0.014103 0.025114 -0.025641 -0.050228
0 0.003205 0.004566 -0.003846 -0.004566
0 0.003205 0.004566 -0.003846 -0.004566
0 0.014103 0.025114 -0.025641 -0.050228
0 0.003205 0.004566 -0.003846 -0.004566
0 0.003205 0.004566 -0.003846 -0.004566
0 0.008333 0.014840 -0.014103 -0.029680
0 0.003205 0.004566 -0.003846 -0.004566
0 0.003205 0.004566 -0.003846 -0.004566
0 0.003205 0.004566 -0.003846 -0.004566
0 0.003205 0.004566 -0.003846 -0.004566
0 0.019872 0.036530 -0.037179 -0.073059
0 0.008333 0.014840 -0.014103 -0.029680
0 0.003205 0.004566 -0.003846 -0.004566
0 0.003205 0.004566 -0.003846 -0.004566
0 0.008333 0.014840 -0.014103 -0.029680
0 0.003205 0.004566 -0.003846 -0.004566
0 0.003205 0.004566 -0.003846 -0.004566
0 0.014103 0.025114 -0.025641 -0.050228
0 0.003205 0.004566 -0.003846 -0.004566
0 0.014103 0.025114 -0.025641 -0.050228
0 0.008333 0.015982 -0.014103 -0.027397
0 0.008333 0.014840 -0.014103 -0.029680
0 0.008333 0.014840 -0.014103 -0.029680
0 0.014103 0.025114 -0.025641 -0.050228
0 0.003205 0.004566 -0.003846 -0.004566
0 0.003205 0.004566 -0.003846 -0.004566
0 0.003205 0.004566 -0.003846 -0.004566
0 0.008333 0.014840 -0.014103 -0.029680
0 0.014103 0.025114 -0.025641 -0.050228
0 0.008333 0.014840 -0.014103 -0.029680
0 0.014103 0.025114 -0.025641 -0.050228
0 0.008333 0.014840 -0.014103 -0.029680
0 0.008333 0.014840 -0.014103 -0.029680
0 0.003205 0.004566 -0.003846 -0.004566
0 0.003205 0.004566 -0.003846 -0.004566
0 0.003205 0.004566 -0.003846 -0.004566
0 0.003205 0.004566 -0.003846 -0.004566
0 0.003205 0.004566 -0.003846 -0.004566
0 0.003205 0.004566 -0.003846 -0.004566
0 0.008333 0.014840 -0.014103 -0.029680
0 0.003205 0.004566 -0.003846 -0.004566
0 0.003205 0.004566 -0.003846 -0.004566
0 0.014103 0.025114 -0.025641 -0.050228
0 0.008333 0.014840 -0.014103 -0.029680
0 0.003205 0.004566 -0.003846 -0.004566
0 0.014103 0.025114 -0.025641 -0.050228
0 0.008333 0.014840 -0.014103 -0.029680
0 0.014103 0.025114 -0.025641 -0.050228
0 0.003205 0.004566 -0.003846 -0.004566
0 0.014103 0.025114 -0.025641 -0.050228
0 0.003205 0.004566 -0.003846 -0.004566
0 0.008333 0.014840 -0.014103 -0.029680
0 0.014103 0.025114 -0.025641 -0.050228
0 0.003205 0.004566 -0.003846 -0.004566
0 0.003205 0.004566 -0.003846 -0.004566
0 0.003205 0.004566 -0.003846 -0.004566
0 0.008333 0.014840 -0.014103 -0.029680
0 0.014103 0.025114 -0.025641 -0.050228
0 0.014103 0.025114 -0.025641 -0.050228
0 0.014103 0.025114 -0.025641 -0.050228
0 0.014103 0.025114 -0.025641 -0.050228
0 0.014103 0.025114 -0.025641 -0.050228
0 0.020513 0.043379 -0.038462 -0.086758
0 0.008333 0.014840 -0.014103 -0.029680
0 0.003205 0.004566 -0.003846 -0.004566
0 0.003205 0.004566 -0.003846 -0.004566
0 0.003205 0.004566 -0.003846 -0.004566
0 0.014103 0.025114 -0.025641 -0.050228
0 0.025641 0.051370 -0.048718 -0.102740
0 0.008333 0.014840 -0.014103 -0.029680
0 0.008333 0.014840 -0.014103 -0.029680
0 0.008333 0.014840 -0.014103 -0.029680
0 0.003205 0.004566 -0.003846 -0.004566
0 0.003205 0.004566 -0.003846 -0.004566
0 0.003205 0.004566 -0.003846 -0.004566
0 0.008333 0.014840 -0.014103 -0.029680
0 0.003205 0.004566 -0.003846 -0.004566
0 0.008333 0.014840 -0.014103 -0.029680
0 0.014103 0.025114 -0.025641 -0.050228
0 0.003205 0.004566 -0.003846 -0.004566
0 0.014103 0.025114 -0.025641 -0.050228
0 0.003205 0.004566 -0.003846 -0.004566
0 0.003205 0.004566 -0.003846 -0.004566
0 0.003205 0.004566 -0.003846 -0.004566
0 0.003205 0.004566 -0.003846 -0.004566
0 0.008333 0.014840 -0.014103 -0.029680
0 0.008333 0.014840 -0.014103 -0.029680
0 0.003205 0.004566 -0.003846 -0.004566
0 0.014103 0.025114 -0.025641 -0.050228
0 0.014103 0.025114 -0.025641 -0.050228
0 0.008333 0.014840 -0.014103 -0.029680
0 0.008333 0.014840 -0.014103 -0.029680
0 0.003205 0.004566 -0.003846 -0.004566
0 0.021154 0.037671 -0.039744 -0.075342
0 0.008333 0.014840 -0.014103 -0.029680
0 0.003205 0.004566 -0.003846 -0.004566
0 0.008333 0.014840 -0.014103 -0.029680
0 0.014103 0.025114 -0.025641 -0.050228
0 0.014744 0.025114 -0.024359 -0.050228
0 0.003205 0.004566 -0.003846 -0.004566
0 0.014103 0.025114 -0.025641 -0.050228
0 0.003205 0.004566 -0.003846 -0.004566
0 0.008333 0.015982 -0.014103 -0.027397
0 0.003205 0.004566 -0.003846 -0.004566
0 0.003205 0.004566 -0.003846 -0.004566
0 0.008333 0.014840 -0.014103 -0.029680
0 0.008333 0.014840 -0.014103 -0.029680
0 0.012179 0.021689 -0.021795 -0.043379
0 0.014103 0.025114 -0.025641 -0.050228
0 0.014103 0.025114 -0.025641 -0.050228
0 0.003205 0.004566 -0.003846 -0.004566
0 0.003205 0.004566 -0.003846 -0.004566
0 0.003205 0.004566 -0.003846 -0.004566
0 0.014103 0.025114 -0.025641 -0.050228
0 0.008333 0.014840 -0.014103 -0.029680
0 0.003205 0.004566 -0.003846 -0.004566
0 0.008333 0.014840 -0.014103 -0.029680
0 0.008333 0.014840 -0.014103 -0.029680
0 0.008333 0.014840 -0.014103 -0.029680
0 0.003205 0.004566 -0.003846 -0.004566
0 0.008333 0.014840 -0.014103 -0.029680
0 0.008333 0.014840 -0.014103 -0.029680
0 0.003205 0.004566 -0.003846 -0.004566
0 0.008333 0.014840 -0.014103 -0.029680
0 0.008333 0.014840 -0.014103 -0.029680
0 0.008333 0.014840 -0.014103 -0.029680
0 0.014103 0.025114 -0.025641 -0.050228
0 0.008333 0.014840 -0.014103 -0.029680
0 0.003205 0.004566 -0.003846 -0.004566
0 0.008333 0.014840 -0.014103 -0.029680
0 0.014744 0.025114 -0.024359 -0.050228
0 0.008333 0.014840 -0.014103 -0.029680
0 0.003205 0.004566 -0.003846 -0.004566
0 0.008333 0.014840 -0.014103 -0.029680
0 0.014103 0.025114 -0.025641 -0.050228
0 0.003205 0.004566 -0.003846 -0.004566
0 0.003205 0.004566 -0.003846 -0.004566
0 0.003205 0.004566 -0.003846 -0.004566
0 0.014103 0.025114 -0.025641 -0.050228
0 0.014103 0.025114 -0.025641 -0.050228
0 0.003205 0.004566 -0.003846 -0.004566
0 0.003205 0.004566 -0.003846 -0.004566
0 0.008333 0.014840 -0.014103 -0.029680
0 0.003205 0.004566 -0.003846 -0.004566
0 0.008333 0.014840 -0.014103 -0.029680
0 0.003205 0.004566 -0.003846 -0.004566
0 0.008333 0.014840 -0.014103 -0.029680
0 0.003205 0.004566 -0.003846 -0.004566
0 0.014103 0.025114 -0.025641 -0.050228
0 0.014103 0.025114 -0.025641 -0.050228
0 0.014103 0.025114 -0.025641 -0.050228
0 0.003205 0.004566 -0.003846 -0.004566
0 0.014103 0.025114 -0.025641 -0.050228
0 0.003205 0.004566 -0.003846 -0.004566
0 0.008333 0.014840 -0.014103 -0.029680
0 0.014103 0.025114 -0.025641 -0.050228
0 0.014103 0.025114 -0.025641 -0.050228
0 0.003205 0.004566 -0.003846 -0.004566
0 0.003205 0.004566 -0.003846 -0.004566
0 0.003205 0.004566 -0.003846 -0.004566
0 0.003205 0.004566 -0.003846 -0.004566
0 0.014103 0.025114 -0.025641 -0.050228
0 0.003205 0.004566 -0.003846 -0.004566
0 0.007051 0.012557 -0.011538 -0.025114
0 0.003205 0.004566 -0.003846 -0.004566
0 0.008333 0.014840 -0.014103 -0.029680
0 0.003205 0.004566 -0.003846 -0.004566
0 0.003205 0.004566 -0.003846 -0.004566
0 0.008333 0.014840 -0.014103 -0.029680
0 0.003205 0.004566 -0.003846 -0.004566
0 0.003205 0.004566 -0.003846 -0.004566
0 0.014103 0.025114 -0.025641 -0.050228
0 0.008333 0.014840 -0.014103 -0.029680
0 0.008333 0.014840 -0.014103 -0.029680
0 0.008333 0.014840 -0.014103 -0.029680
0 0.003205 0.004566 -0.003846 -0.004566
0 0.003205 0.004566 -0.003846 -0.004566
0 0.007051 0.012557 -0.011538 -0.025114
0 0.014103 0.025114 -0.025641 -0.050228
0 0.003205 0.004566 -0.003846 -0.004566
0 0.014103 0.025114 -0.025641 -0.050228
0 0.008333 0.014840 -0.014103 -0.029680
0 0.008333 0.014840 -0.014103 -0.029680
0 0.003205 0.004566 -0.003846 -0.004566
0 0.014103 0.025114 -0.025641 -0.050228
0 0.008333 0.014840 -0.014103 -0.029680
0 0.003205 0.004566 -0.003846 -0.004566
0 0.014103 0.025114 -0.025641 -0.050228
0 0.008333 0.014840 -0.014103 -0.029680
0 0.008333 0.014840 -0.014103 -0.029680
0 0.014103 0.025114 -0.025641 -0.050228
0 0.014103 0.025114 -0.025641 -0.050228
0 0.014103 0.025114 -0.025641 -0.050228
0 0.003205 0.004566 -0.003846 -0.004566
0 0.014103 0.025114 -0.025641 -0.050228
0 0.003205 0.004566 -0.003846 -0.004566
0 0.003205 0.004566 -0.003846 -0.004566
0 0.003205 0.004566 -0.003846 -0.004566
0 0.003205 0.004566 -0.003846 -0.004566
0 0.003205 0.004566 -0.003846 -0.004566
0 0.008333 0.014840 -0.014103 -0.029680
0 0.003205 0.004566 -0.003846 -0.004566
0 0.003205 0.004566 -0.003846 -0.004566
0 0.008333 0.014840 -0.014103 -0.029680
0 0.003205 0.004566 -0.003846 -0.004566
0 0.008333 0.014840 -0.014103 -0.029680
0 0.014744 0.023973 -0.026923 -0.047945
0 0.003205 0.004566 -0.003846 -0.004566
0 0.003205 0.004566 -0.003846 -0.004566
0 0.003205 0.004566 -0.003846 -0.004566
0 0.003205 0.004566 -0.003846 -0.004566
0 0.008333 0.014840 -0.014103 -0.029680
0 0.014103 0.025114 -0.025641 -0.050228
0 0.003205 0.004566 -0.003846 -0.004566
0 0.003205 0.004566 -0.003846 -0.004566
0 0.003205 0.004566 -0.003846 -0.004566
0 0.014103 0.025114 -0.025641 -0.050228
0 0.003205 0.004566 -0.003846 -0.004566
0 0.003205 0.004566 -0.003846 -0.004566
0 0.008333 0.014840 -0.014103 -0.029680
0 0.003205 0.004566 -0.003846 -0.004566
0 0.008333 0.014840 -0.014103 -0.029680
0 0.008333 0.014840 -0.014103 -0.029680
0 0.003205 0.004566 -0.003846 -0.004566
0 0.003205 0.004566 -0.003846 -0.004566
0 0.008333 0.014840 -0.014103 -0.029680
0 0.003205 0.004566 -0.003846 -0.004566
0 0.003205 0.004566 -0.003846 -0.004566
0 0.003205 0.004566 -0.003846 -0.004566
0 0.008333 0.014840 -0.014103 -0.029680
0 0.003205 0.004566 -0.003846 -0.004566
0 0.008333 0.014840 -0.014103 -0.029680
0 0.003205 0.004566 -0.003846 -0.004566
0 0.014103 0.025114 -0.025641 -0.050228
0 0.003205 0.004566 -0.003846 -0.004566
0 0.003205 0.004566 -0.003846 -0.004566
0 0.021154 0.037671 -0.039744 -0.075342
0 0.003205 0.004566 -0.003846 -0.004566
0 0.003205 0.004566 -0.003846 -0.004566
0 0.008333 0.014840 -0.014103 -0.029680
0 0.008333 0.014840 -0.014103 -0.029680
0 0.014103 0.025114 -0.025641 -0.050228
0 0.014103 0.025114 -0.025641 -0.050228
0 0.014103 0.025114 -0.025641 -0.050228
0 0.014103 0.025114 -0.025641 -0.050228
0 0.003205 0.004566 -0.003846 -0.004566
0 0.008333 0.014840 -0.014103 -0.029680
0 0.003205 0.004566 -0.003846 -0.004566
0 0.003205 0.004566 -0.003846 -0.004566
0 0.003205 0.004566 -0.003846 -0.004566
0 0.003205 0.004566 -0.003846 -0.004566
0 0.003205 0.004566 -0.003846 -0.004566
0 0.003205 0.004566 -0.003846 -0.004566
0 0.003205 0.004566 -0.003846 -0.004566
0 0.003205 0.004566 -0.003846 -0.004566
0 0.008333 0.014840 -0.014103 -0.029680
0 0.003205 0.004566 -0.003846 -0.004566
0 0.003205 0.004566 -0.003846 -0.004566
0 0.003205 0.004566 -0.003846 -0.004566
0 0.003205 0.004566 -0.003846 -0.004566
0 0.014103 0.025114 -0.025641 -0.050228