0 0.018046 0.041612 -0.034331 -0.083223
0 0.018046 0.041612 -0.034331 -0.083223
0 0.018486 0.031704 -0.035211 -0.063408
0 0.018486 0.031704 -0.035211 -0.063408
0 0.018486 0.031704 -0.035211 -0.063408
0 0.018046 0.041612 -0.034331 -0.083223
0 0.018046 0.041612 -0.034331 -0.083223
0 0.018046 0.041612 -0.034331 -0.083223
0 0.021127 0.047556 -0.040493 -0.095112
0 0.018486 0.031704 -0.035211 -0.063408
0 0.018486 0.031704 -0.035211 -0.063408
0 0.018486 0.031704 -0.035211 -0.063408
0 0.018486 0.031704 -0.035211 -0.063408
0 0.018046 0.041612 -0.034331 -0.083223
0 0.018486 0.031704 -0.035211 -0.063408
0 0.018486 0.031704 -0.035211 -0.063408
0 0.018486 0.031704 -0.035211 -0.063408
0 0.018046 0.041612 -0.034331 -0.083223
0 0.018046 0.041612 -0.034331 -0.083223
0 0.018046 0.041612 -0.034331 -0.083223
0 0.018046 0.041612 -0.034331 -0.083223
0 0.018486 0.031704 -0.035211 -0.063408
0 0.018046 0.041612 -0.034331 -0.083223
0 0.018046 0.041612 -0.034331 -0.083223
0 0.018046 0.041612 -0.034331 -0.083223
0 0.018046 0.041612 -0.034331 -0.083223
0 0.018486 0.031704 -0.035211 -0.063408
0 0.018046 0.041612 -0.034331 -0.083223
0 0.018486 0.031704 -0.035211 -0.063408
0 0.018046 0.041612 -0.034331 -0.083223
0 0.018046 0.041612 -0.034331 -0.083223
0 0.018046 0.041612 -0.034331 -0.083223
0 0.018486 0.031704 -0.035211 -0.063408
0 0.018486 0.031704 -0.035211 -0.063408
0 0.018046 0.041612 -0.034331 -0.083223
0 0.018046 0.041612 -0.034331 -0.083223
0 0.018046 0.041612 -0.034331 -0.083223
0 0.018486 0.031704 -0.035211 -0.063408
0 0.021127 0.047556 -0.040493 -0.095112
0 0.018486 0.031704 -0.035211 -0.063408
0 0.018486 0.031704 -0.035211 -0.063408
0 0.018046 0.041612 -0.034331 -0.083223
0 0.018486 0.031704 -0.035211 -0.063408
0 0.018046 0.041612 -0.034331 -0.083223
0 0.018486 0.031704 -0.035211 -0.063408
0 0.018486 0.031704 -0.035211 -0.063408
0 0.018486 0.031704 -0.035211 -0.063408
0 0.018486 0.031704 -0.035211 -0.063408
0 0.018046 0.041612 -0.034331 -0.083223
0 0.018046 0.041612 -0.034331 -0.083223
0 0.018486 0.031704 -0.035211 -0.063408
0 0.018046 0.041612 -0.034331 -0.083223
0 0.018486 0.031704 -0.035211 -0.063408
0 0.018486 0.031704 -0.035211 -0.063408
0 0.018046 0.041612 -0.034331 -0.083223
0 0.018046 0.041612 -0.034331 -0.083223
0 0.018046 0.041612 -0.034331 -0.083223
0 0.018486 0.031704 -0.035211 -0.063408
0 0.018486 0.031704 -0.035211 -0.063408
0 0.018486 0.031704 -0.035211 -0.063408
0 0.018486 0.031704 -0.035211 -0.063408
0 0.018486 0.031704 -0.035211 -0.063408
0 0.018046 0.041612 -0.034331 -0.083223
0 0.018046 0.041612 -0.034331 -0.083223
0 0.018046 0.041612 -0.034331 -0.083223
0 0.018046 0.041612 -0.034331 -0.083223
0 0.018486 0.031704 -0.035211 -0.063408
0 0.018486 0.031704 -0.035211 -0.063408
0 0.018486 0.031704 -0.035211 -0.063408
0 0.018486 0.031704 -0.035211 -0.063408