0 0.031250 0.058161 -0.060000 -0.116323
0 0.022500 0.034709 -0.042500 -0.069418
0 0.043125 0.080675 -0.083750 -0.161351
0 0.031250 0.058161 -0.060000 -0.116323
0 0.022500 0.046904 -0.042500 -0.093809
0 0.024375 0.041276 -0.046250 -0.082552
0 0.022500 0.034709 -0.042500 -0.069418
0 0.023750 0.046904 -0.045000 -0.093809
0 0.025000 0.045028 -0.047500 -0.090056
0 0.023750 0.046904 -0.045000 -0.093809
0 0.019375 0.032833 -0.036250 -0.065666
0 0.023750 0.046904 -0.045000 -0.093809
0 0.026250 0.048780 -0.050000 -0.097561
0 0.026250 0.048780 -0.050000 -0.097561
0 0.023750 0.046904 -0.045000 -0.093809
0 0.022500 0.046904 -0.042500 -0.093809
0 0.019375 0.032833 -0.036250 -0.065666
0 0.022500 0.046904 -0.042500 -0.093809
0 0.024375 0.041276 -0.046250 -0.082552
0 0.026250 0.048780 -0.050000 -0.097561
0 0.019375 0.032833 -0.036250 -0.065666
0 0.031250 0.058161 -0.060000 -0.116323
0 0.020625 0.035647 -0.038750 -0.071295
0 0.020625 0.035647 -0.038750 -0.071295
0 0.022500 0.034709 -0.042500 -0.069418
0 0.019375 0.032833 -0.036250 -0.065666
0 0.023750 0.046904 -0.045000 -0.093809
0 0.022500 0.034709 -0.042500 -0.069418
0 0.019375 0.032833 -0.036250 -0.065666