0 0.028609 0.060000 -0.055917 -0.120000
0 0.008778 0.011707 -0.016255 -0.023415
0 0.011704 0.023415 -0.022107 -0.046829
0 0.009428 0.017073 -0.017555 -0.034146
0 0.005852 0.008780 -0.010403 -0.017561
0 0.005852 0.008780 -0.010403 -0.017561
0 0.012679 0.025854 -0.024057 -0.051707
0 0.005852 0.008780 -0.010403 -0.017561
0 0.012679 0.025854 -0.024057 -0.051707
0 0.006502 0.034634 -0.011704 -0.069268
0 0.022432 0.055122 -0.043563 -0.110244
0 0.007477 0.011707 -0.013654 -0.023415
0 0.009428 0.017073 -0.017555 -0.034146
0 0.014954 0.024878 -0.028609 -0.049756
0 0.005852 0.008780 -0.010403 -0.017561
0 0.017230 0.025366 -0.033160 -0.050732
0 0.005852 0.008780 -0.010403 -0.017561
0 0.005852 0.008780 -0.010403 -0.017561
0 0.005852 0.008780 -0.010403 -0.017561
0 0.008778 0.011707 -0.016255 -0.023415
0 0.014954 0.024878 -0.028609 -0.049756
0 0.005852 0.008780 -0.010403 -0.017561
0 0.062744 0.077561 -0.124187 -0.155122
0 0.008778 0.011707 -0.016255 -0.023415
0 0.009428 0.017073 -0.017555 -0.034146
0 0.005852 0.008780 -0.010403 -0.017561
0 0.009753 0.020000 -0.018205 -0.040000
0 0.005852 0.008780 -0.010403 -0.017561
0 0.005852 0.008780 -0.010403 -0.017561
0 0.014954 0.024878 -0.028609 -0.049756
0 0.005852 0.008780 -0.010403 -0.017561
0 0.005852 0.008780 -0.010403 -0.017561
0 0.005852 0.008780 -0.010403 -0.017561
0 0.007477 0.011707 -0.013654 -0.023415
0 0.008778 0.011707 -0.016255 -0.023415
0 0.009428 0.017073 -0.017555 -0.034146
0 0.012679 0.024878 -0.024057 -0.049756
0 0.011053 0.024390 -0.020806 -0.048780
0 0.008778 0.011707 -0.016255 -0.023415
0 0.014954 0.024878 -0.028609 -0.049756
0 0.010078 0.023415 -0.018856 -0.046829
0 0.005852 0.008780 -0.010403 -0.017561
0 0.005852 0.008780 -0.010403 -0.017561
0 0.005852 0.008780 -0.010403 -0.017561
0 0.004876 0.008780 -0.008453 -0.017561
0 0.014954 0.024878 -0.028609 -0.049756
0 0.030884 0.058049 -0.060468 -0.116098
0 0.005852 0.008780 -0.010403 -0.017561
0 0.022432 0.055122 -0.043563 -0.110244
0 0.009428 0.017073 -0.017555 -0.034146
0 0.004876 0.008780 -0.008453 -0.017561
0 0.008453 0.023415 -0.015605 -0.046829
0 0.007477 0.011707 -0.013654 -0.023415
0 0.010078 0.023415 -0.018856 -0.046829
0 0.024382 0.040488 -0.047464 -0.080976
0 0.005852 0.008780 -0.010403 -0.017561
0 0.009428 0.017073 -0.017555 -0.034146
0 0.005852 0.008780 -0.010403 -0.017561
0 0.009428 0.017073 -0.017555 -0.034146
0 0.009428 0.017073 -0.017555 -0.034146
0 0.005852 0.008780 -0.010403 -0.017561
0 0.062744 0.077561 -0.124187 -0.155122
0 0.005852 0.008780 -0.010403 -0.017561
0 0.009428 0.017073 -0.017555 -0.034146
0 0.008127 0.017073 -0.014954 -0.034146
0 0.005852 0.008780 -0.010403 -0.017561
0 0.005852 0.008780 -0.010403 -0.017561
0 0.007477 0.011707 -0.013654 -0.023415
0 0.052341 0.077561 -0.103381 -0.155122
0 0.005852 0.008780 -0.010403 -0.017561
0 0.009103 0.025854 -0.016905 -0.051707
0 0.004876 0.008780 -0.008453 -0.017561
0 0.005852 0.008780 -0.010403 -0.017561
0 0.012679 0.024878 -0.024057 -0.049756
0 0.005852 0.008780 -0.010403 -0.017561
0 0.010078 0.023415 -0.018856 -0.046829
0 0.005852 0.008780 -0.010403 -0.017561
0 0.014954 0.024878 -0.028609 -0.049756
0 0.022432 0.055122 -0.043563 -0.110244
0 0.010078 0.023415 -0.018856 -0.046829
0 0.005852 0.008780 -0.010403 -0.017561
0 0.012679 0.024878 -0.024057 -0.049756
0 0.009428 0.017073 -0.017555 -0.034146
0 0.012679 0.024878 -0.024057 -0.049756
0 0.005852 0.008780 -0.010403 -0.017561
0 0.005852 0.008780 -0.010403 -0.017561
0 0.012679 0.025854 -0.024057 -0.051707
0 0.005852 0.008780 -0.010403 -0.017561
0 0.012679 0.024878 -0.024057 -0.049756
0 0.005852 0.008780 -0.010403 -0.017561
0 0.014954 0.024878 -0.028609 -0.049756
0 0.004876 0.008780 -0.008453 -0.017561
0 0.005852 0.008780 -0.010403 -0.017561
0 0.005852 0.008780 -0.010403 -0.017561
0 0.005852 0.008780 -0.010403 -0.017561
0 0.008778 0.011707 -0.016255 -0.023415
0 0.010078 0.023415 -0.018856 -0.046829
0 0.053966 0.086341 -0.106632 -0.172683
0 0.005852 0.008780 -0.010403 -0.017561
0 0.014954 0.024878 -0.028609 -0.049756
0 0.005852 0.008780 -0.010403 -0.017561
0 0.028609 0.060000 -0.055917 -0.120000
0 0.005852 0.008780 -0.010403 -0.017561
0 0.014954 0.024878 -0.028609 -0.049756
0 0.036411 0.062927 -0.071521 -0.125854
0 0.008778 0.011707 -0.016255 -0.023415
0 0.005852 0.008780 -0.010403 -0.017561
0 0.005852 0.008780 -0.010403 -0.017561
0 0.005852 0.008780 -0.010403 -0.017561
0 0.015930 0.027317 -0.030559 -0.054634
0 0.005852 0.008780 -0.010403 -0.017561
0 0.012679 0.024878 -0.024057 -0.049756
0 0.017230 0.025366 -0.033160 -0.050732
0 0.014954 0.024878 -0.028609 -0.049756
0 0.008778 0.011707 -0.016255 -0.023415
0 0.009428 0.017073 -0.017555 -0.034146
0 0.017230 0.025366 -0.033160 -0.050732
0 0.021131 0.041951 -0.040962 -0.083902
0 0.014954 0.024878 -0.028609 -0.049756
0 0.008778 0.011707 -0.016255 -0.023415
0 0.005852 0.008780 -0.010403 -0.017561
0 0.004876 0.008780 -0.008453 -0.017561
0 0.015930 0.040976 -0.030559 -0.081951
0 0.004876 0.008780 -0.008453 -0.017561
0 0.008778 0.011707 -0.016255 -0.023415