0 0.004687 0.015826 -0.007812 -0.031653
0 0.006250 0.007620 -0.010937 -0.015240
0 0.006250 0.015240 -0.010937 -0.030481
0 0.017969 0.026377 -0.034375 -0.052755
0 0.006250 0.015240 -0.010937 -0.030481
0 0.006250 0.015240 -0.010937 -0.030481
0 0.006250 0.007620 -0.010937 -0.015240
0 0.006250 0.007620 -0.010937 -0.015240
0 0.012500 0.018757 -0.023438 -0.037515
0 0.012500 0.018757 -0.023438 -0.037515
0 0.006250 0.007620 -0.010937 -0.015240
0 0.012500 0.018757 -0.023438 -0.037515
0 0.006250 0.007620 -0.010937 -0.015240
0 0.006250 0.007620 -0.010937 -0.015240
0 0.012500 0.018757 -0.023438 -0.037515
0 0.006250 0.007620 -0.010937 -0.015240
0 0.006250 0.007620 -0.010937 -0.015240
0 0.006250 0.015240 -0.010937 -0.030481
0 0.006250 0.007620 -0.010937 -0.015240
0 0.017969 0.026377 -0.034375 -0.052755
0 0.006250 0.015240 -0.010937 -0.030481
0 0.006250 0.015240 -0.010937 -0.030481
0 0.006250 0.015240 -0.010937 -0.030481
0 0.006250 0.015240 -0.010937 -0.030481
0 0.007812 0.009379 -0.014063 -0.018757
0 0.012500 0.018757 -0.023438 -0.037515
0 0.005469 0.012309 -0.009375 -0.024619
0 0.006250 0.015240 -0.010937 -0.030481
0 0.005469 0.012309 -0.009375 -0.024619
0 0.006250 0.007620 -0.010937 -0.015240
0 0.006250 0.007620 -0.010937 -0.015240
0 0.006250 0.007620 -0.010937 -0.015240
0 0.005469 0.012309 -0.009375 -0.024619
0 0.006250 0.007620 -0.010937 -0.015240
0 0.005469 0.012309 -0.009375 -0.024619
0 0.005469 0.012309 -0.009375 -0.024619
0 0.005469 0.012309 -0.009375 -0.024619
0 0.006250 0.007620 -0.010937 -0.015240
0 0.006250 0.007620 -0.010937 -0.015240
0 0.005469 0.012309 -0.009375 -0.024619
0 0.006250 0.007620 -0.010937 -0.015240
0 0.005469 0.013482 -0.009375 -0.026964
0 0.012500 0.018757 -0.023438 -0.037515
0 0.017969 0.026377 -0.034375 -0.052755
0 0.005469 0.013482 -0.009375 -0.026964
0 0.012500 0.018757 -0.023438 -0.037515
0 0.017969 0.026377 -0.034375 -0.052755
0 0.006250 0.007620 -0.010937 -0.015240
0 0.006250 0.007620 -0.010937 -0.015240
0 0.012500 0.018757 -0.023438 -0.037515
0 0.006250 0.015240 -0.010937 -0.030481
0 0.006250 0.007620 -0.010937 -0.015240
0 0.006250 0.007620 -0.010937 -0.015240
0 0.006250 0.015240 -0.010937 -0.030481
0 0.005469 0.012309 -0.009375 -0.024619
0 0.006250 0.007620 -0.010937 -0.015240
0 0.006250 0.007620 -0.010937 -0.015240
0 0.006250 0.015240 -0.010937 -0.030481
0 0.012500 0.018757 -0.023438 -0.037515
0 0.006250 0.007620 -0.010937 -0.015240
0 0.006250 0.007620 -0.010937 -0.015240
0 0.006250 0.007620 -0.010937 -0.015240
0 0.024609 0.039859 -0.047656 -0.079719
0 0.006250 0.007620 -0.010937 -0.015240
0 0.006250 0.007620 -0.010937 -0.015240
0 0.006250 0.007620 -0.010937 -0.015240
0 0.006250 0.015240 -0.010937 -0.030481
0 0.006250 0.015240 -0.010937 -0.030481
0 0.006250 0.007620 -0.010937 -0.015240
0 0.006250 0.007620 -0.010937 -0.015240
0 0.012500 0.018757 -0.023438 -0.037515
0 0.006250 0.007620 -0.010937 -0.015240
0 0.012500 0.018757 -0.023438 -0.037515
0 0.006250 0.007620 -0.010937 -0.015240
0 0.006250 0.007620 -0.010937 -0.015240
0 0.017969 0.026377 -0.034375 -0.052755
0 0.006250 0.015240 -0.010937 -0.030481
0 0.017969 0.026377 -0.034375 -0.052755
0 0.006250 0.015240 -0.010937 -0.030481
0 0.006250 0.015240 -0.010937 -0.030481
0 0.006250 0.015240 -0.010937 -0.030481
0 0.012500 0.018757 -0.023438 -0.037515
0 0.005469 0.012309 -0.009375 -0.024619
0 0.006250 0.015240 -0.010937 -0.030481
0 0.006250 0.007620 -0.010937 -0.015240
0 0.006250 0.007620 -0.010937 -0.015240
0 0.006250 0.007620 -0.010937 -0.015240
0 0.006250 0.007620 -0.010937 -0.015240
0 0.012500 0.018757 -0.023438 -0.037515
0 0.005469 0.012309 -0.009375 -0.024619
0 0.012500 0.018757 -0.023438 -0.037515
0 0.012500 0.018757 -0.023438 -0.037515
0 0.006250 0.007620 -0.010937 -0.015240
0 0.006250 0.007620 -0.010937 -0.015240
0 0.006250 0.007620 -0.010937 -0.015240
0 0.006250 0.015240 -0.010937 -0.030481
0 0.006250 0.007620 -0.010937 -0.015240
0 0.006250 0.015240 -0.010937 -0.030481
0 0.006250 0.007620 -0.010937 -0.015240
0 0.006250 0.007620 -0.010937 -0.015240
0 0.017969 0.026377 -0.034375 -0.052755
0 0.012500 0.018757 -0.023438 -0.037515
0 0.006250 0.007620 -0.010937 -0.015240
0 0.024609 0.039859 -0.047656 -0.079719
0 0.006250 0.007620 -0.010937 -0.015240
0 0.006250 0.007620 -0.010937 -0.015240
0 0.012500 0.018757 -0.023438 -0.037515
0 0.006250 0.007620 -0.010937 -0.015240
0 0.017969 0.026377 -0.034375 -0.052755
0 0.006250 0.015240 -0.010937 -0.030481
0 0.005469 0.013482 -0.009375 -0.026964
0 0.005469 0.013482 -0.009375 -0.026964
0 0.006250 0.007620 -0.010937 -0.015240
0 0.017969 0.026377 -0.034375 -0.052755
0 0.006250 0.015240 -0.010937 -0.030481
0 0.012500 0.018757 -0.023438 -0.037515
0 0.006250 0.007620 -0.010937 -0.015240
0 0.017969 0.026377 -0.034375 -0.052755
0 0.020703 0.029308 -0.039844 -0.058617
0 0.005469 0.012309 -0.009375 -0.024619
0 0.006250 0.015240 -0.010937 -0.030481
0 0.006250 0.007620 -0.010937 -0.015240
0 0.006250 0.007620 -0.010937 -0.015240
0 0.005469 0.012309 -0.009375 -0.024619
0 0.005469 0.012309 -0.009375 -0.024619
0 0.006250 0.007620 -0.010937 -0.015240
0 0.006250 0.007620 -0.010937 -0.015240
0 0.006250 0.015240 -0.010937 -0.030481
0 0.005469 0.012309 -0.009375 -0.024619
0 0.006250 0.015240 -0.010937 -0.030481
0 0.012500 0.018757 -0.023438 -0.037515
0 0.014063 0.022860 -0.026562 -0.045721
0 0.006250 0.015240 -0.010937 -0.030481
0 0.017969 0.026377 -0.034375 -0.052755
0 0.017969 0.026377 -0.034375 -0.052755
0 0.005469 0.012309 -0.009375 -0.024619
0 0.024609 0.039859 -0.047656 -0.079719
0 0.005469 0.013482 -0.009375 -0.026964
0 0.006250 0.015240 -0.010937 -0.030481
0 0.012500 0.018757 -0.023438 -0.037515
0 0.006250 0.007620 -0.010937 -0.015240
0 0.005469 0.012309 -0.009375 -0.024619
0 0.005469 0.013482 -0.009375 -0.026964
0 0.012500 0.018757 -0.023438 -0.037515
0 0.006250 0.015240 -0.010937 -0.030481
0 0.005469 0.012309 -0.009375 -0.024619
0 0.006250 0.007620 -0.010937 -0.015240
0 0.006250 0.007620 -0.010937 -0.015240
0 0.006250 0.007620 -0.010937 -0.015240
0 0.005469 0.012309 -0.009375 -0.024619
0 0.006250 0.007620 -0.010937 -0.015240
0 0.012500 0.018757 -0.023438 -0.037515
0 0.006250 0.015240 -0.010937 -0.030481
0 0.006250 0.007620 -0.010937 -0.015240
0 0.006250 0.007620 -0.010937 -0.015240
0 0.006250 0.007620 -0.010937 -0.015240
0 0.017969 0.026377 -0.034375 -0.052755
0 0.006250 0.007620 -0.010937 -0.015240
0 0.006250 0.007620 -0.010937 -0.015240
0 0.005469 0.013482 -0.009375 -0.026964
0 0.007812 0.009379 -0.014063 -0.018757
0 0.012500 0.018757 -0.023438 -0.037515
0 0.017969 0.026377 -0.034375 -0.052755
0 0.005469 0.013482 -0.009375 -0.026964
0 0.006250 0.015240 -0.010937 -0.030481
0 0.006250 0.015240 -0.010937 -0.030481
0 0.006250 0.015240 -0.010937 -0.030481
0 0.006250 0.015240 -0.010937 -0.030481
0 0.006250 0.007620 -0.010937 -0.015240
0 0.006250 0.007620 -0.010937 -0.015240
0 0.006250 0.015240 -0.010937 -0.030481
0 0.012500 0.018757 -0.023438 -0.037515
0 0.006250 0.015240 -0.010937 -0.030481
0 0.005469 0.013482 -0.009375 -0.026964
0 0.012500 0.018757 -0.023438 -0.037515
0 0.012500 0.018757 -0.023438 -0.037515
0 0.005469 0.012309 -0.009375 -0.024619
0 0.005469 0.012309 -0.009375 -0.024619
0 0.006250 0.007620 -0.010937 -0.015240
0 0.017969 0.026377 -0.034375 -0.052755
0 0.005469 0.013482 -0.009375 -0.026964
0 0.006250 0.007620 -0.010937 -0.015240
0 0.006250 0.007620 -0.010937 -0.015240
0 0.006250 0.015240 -0.010937 -0.030481
0 0.006250 0.007620 -0.010937 -0.015240
0 0.006250 0.007620 -0.010937 -0.015240
0 0.006250 0.007620 -0.010937 -0.015240
0 0.006250 0.007620 -0.010937 -0.015240
0 0.005469 0.012309 -0.009375 -0.024619
0 0.006250 0.015240 -0.010937 -0.030481
0 0.006250 0.007620 -0.010937 -0.015240
0 0.006250 0.015240 -0.010937 -0.030481
0 0.006250 0.007620 -0.010937 -0.015240
0 0.017969 0.026377 -0.034375 -0.052755
0 0.006250 0.015240 -0.010937 -0.030481
0 0.006250 0.015240 -0.010937 -0.030481
0 0.012500 0.018757 -0.023438 -0.037515
0 0.006250 0.007620 -0.010937 -0.015240
0 0.006250 0.007620 -0.010937 -0.015240
0 0.017969 0.026377 -0.034375 -0.052755
0 0.006250 0.015240 -0.010937 -0.030481
0 0.012500 0.018757 -0.023438 -0.037515
0 0.005469 0.012309 -0.009375 -0.024619
0 0.005469 0.012309 -0.009375 -0.024619
0 0.017969 0.026377 -0.034375 -0.052755
0 0.012500 0.018757 -0.023438 -0.037515
0 0.006250 0.015240 -0.010937 -0.030481
0 0.006250 0.007620 -0.010937 -0.015240
0 0.005469 0.012309 -0.009375 -0.024619
0 0.005469 0.012309 -0.009375 -0.024619
0 0.005469 0.012309 -0.009375 -0.024619
0 0.006250 0.007620 -0.010937 -0.015240
0 0.006250 0.007620 -0.010937 -0.015240
0 0.012500 0.018757 -0.023438 -0.037515
0 0.005469 0.012309 -0.009375 -0.024619
0 0.005469 0.013482 -0.009375 -0.026964
0 0.006250 0.007620 -0.010937 -0.015240
0 0.017969 0.026377 -0.034375 -0.052755
0 0.005469 0.012309 -0.009375 -0.024619
0 0.012500 0.018757 -0.023438 -0.037515
0 0.012500 0.018757 -0.023438 -0.037515
0 0.006250 0.007620 -0.010937 -0.015240
0 0.005469 0.012309 -0.009375 -0.024619
0 0.017969 0.026377 -0.034375 -0.052755
0 0.005469 0.012309 -0.009375 -0.024619
0 0.012500 0.018757 -0.023438 -0.037515
0 0.006250 0.015240 -0.010937 -0.030481
0 0.006250 0.007620 -0.010937 -0.015240
0 0.006250 0.015240 -0.010937 -0.030481
0 0.017969 0.026377 -0.034375 -0.052755
0 0.006250 0.007620 -0.010937 -0.015240
0 0.005469 0.012309 -0.009375 -0.024619
0 0.012500 0.018757 -0.023438 -0.037515
0 0.006250 0.015240 -0.010937 -0.030481
0 0.006250 0.015240 -0.010937 -0.030481
0 0.006250 0.015240 -0.010937 -0.030481
0 0.012500 0.018757 -0.023438 -0.037515
0 0.006250 0.007620 -0.010937 -0.015240
0 0.006250 0.015240 -0.010937 -0.030481
0 0.006250 0.015240 -0.010937 -0.030481
0 0.006250 0.007620 -0.010937 -0.015240
0 0.006250 0.007620 -0.010937 -0.015240
0 0.006250 0.015240 -0.010937 -0.030481
0 0.012500 0.018757 -0.023438 -0.037515
0 0.012500 0.018757 -0.023438 -0.037515
0 0.005469 0.012309 -0.009375 -0.024619
0 0.017969 0.026377 -0.034375 -0.052755
0 0.006250 0.015240 -0.010937 -0.030481
0 0.024609 0.039859 -0.047656 -0.079719
0 0.006250 0.007620 -0.010937 -0.015240
0 0.006250 0.007620 -0.010937 -0.015240
0 0.006250 0.007620 -0.010937 -0.015240
0 0.005469 0.012309 -0.009375 -0.024619
0 0.006250 0.007620 -0.010937 -0.015240
0 0.006250 0.015240 -0.010937 -0.030481
0 0.006250 0.007620 -0.010937 -0.015240
0 0.006250 0.007620 -0.010937 -0.015240
0 0.006250 0.007620 -0.010937 -0.015240
0 0.006250 0.007620 -0.010937 -0.015240
0 0.006250 0.007620 -0.010937 -0.015240
0 0.012500 0.018757 -0.023438 -0.037515
0 0.005469 0.012309 -0.009375 -0.024619
0 0.006250 0.015240 -0.010937 -0.030481
0 0.005469 0.012309 -0.009375 -0.024619
0 0.006250 0.015240 -0.010937 -0.030481
0 0.006250 0.007620 -0.010937 -0.015240
0 0.006250 0.007620 -0.010937 -0.015240
0 0.006250 0.007620 -0.010937 -0.015240
0 0.017969 0.026377 -0.034375 -0.052755
0 0.006250 0.007620 -0.010937 -0.015240
0 0.006250 0.007620 -0.010937 -0.015240
0 0.005469 0.012309 -0.009375 -0.024619
0 0.006250 0.007620 -0.010937 -0.015240
0 0.006250 0.015240 -0.010937 -0.030481
0 0.005469 0.012309 -0.009375 -0.024619
0 0.006250 0.015240 -0.010937 -0.030481
0 0.012500 0.018757 -0.023438 -0.037515
0 0.005469 0.013482 -0.009375 -0.026964
0 0.006250 0.007620 -0.010937 -0.015240
0 0.006250 0.015240 -0.010937 -0.030481
0 0.005469 0.012309 -0.009375 -0.024619
0 0.006250 0.015240 -0.010937 -0.030481
0 0.006250 0.007620 -0.010937 -0.015240
0 0.005469 0.012309 -0.009375 -0.024619
0 0.006250 0.007620 -0.010937 -0.015240
0 0.024609 0.039859 -0.047656 -0.079719
0 0.006250 0.015240 -0.010937 -0.030481
0 0.006250 0.015240 -0.010937 -0.030481
0 0.006250 0.007620 -0.010937 -0.015240
0 0.005469 0.013482 -0.009375 -0.026964
0 0.006250 0.007620 -0.010937 -0.015240
0 0.012500 0.018757 -0.023438 -0.037515
0 0.006250 0.007620 -0.010937 -0.015240
0 0.006250 0.007620 -0.010937 -0.015240
0 0.006250 0.007620 -0.010937 -0.015240
0 0.012500 0.018757 -0.023438 -0.037515
0 0.006250 0.007620 -0.010937 -0.015240
0 0.012500 0.018757 -0.023438 -0.037515
0 0.006250 0.015240 -0.010937 -0.030481
0 0.005469 0.012309 -0.009375 -0.024619
0 0.006250 0.007620 -0.010937 -0.015240
0 0.012500 0.018757 -0.023438 -0.037515
0 0.005469 0.012309 -0.009375 -0.024619
0 0.012500 0.018757 -0.023438 -0.037515
0 0.006250 0.015240 -0.010937 -0.030481
0 0.005469 0.012309 -0.009375 -0.024619
0 0.006250 0.007620 -0.010937 -0.015240
0 0.006250 0.015240 -0.010937 -0.030481
0 0.006250 0.007620 -0.010937 -0.015240
0 0.006250 0.007620 -0.010937 -0.015240
0 0.006250 0.007620 -0.010937 -0.015240
0 0.005469 0.012309 -0.009375 -0.024619
0 0.005469 0.012309 -0.009375 -0.024619
0 0.005469 0.013482 -0.009375 -0.026964
0 0.006250 0.015240 -0.010937 -0.030481
0 0.012500 0.018757 -0.023438 -0.037515
0 0.005469 0.012309 -0.009375 -0.024619
0 0.006250 0.007620 -0.010937 -0.015240
0 0.005469 0.012309 -0.009375 -0.024619
0 0.006250 0.015240 -0.010937 -0.030481
0 0.006250 0.007620 -0.010937 -0.015240
0 0.005469 0.012309 -0.009375 -0.024619
0 0.006250 0.015240 -0.010937 -0.030481
0 0.006250 0.015240 -0.010937 -0.030481
0 0.006250 0.007620 -0.010937 -0.015240
0 0.017969 0.026377 -0.034375 -0.052755
0 0.006250 0.015240 -0.010937 -0.030481
0 0.005469 0.013482 -0.009375 -0.026964
0 0.006250 0.007620 -0.010937 -0.015240
0 0.006250 0.007620 -0.010937 -0.015240
0 0.024609 0.039859 -0.047656 -0.079719
0 0.006250 0.007620 -0.010937 -0.015240
0 0.017969 0.026377 -0.034375 -0.052755
0 0.006250 0.007620 -0.010937 -0.015240
0 0.005469 0.012309 -0.009375 -0.024619