0 0.012143 0.022484 -0.021429 -0.044968
0 0.010714 0.017131 -0.018571 -0.034261
0 0.011429 0.017131 -0.017143 -0.034261
0 0.010714 0.017131 -0.018571 -0.034261
0 0.010714 0.017131 -0.018571 -0.034261
0 0.009286 0.016060 -0.015714 -0.032120
0 0.010714 0.017131 -0.018571 -0.034261
0 0.009286 0.016060 -0.015714 -0.032120
0 0.010714 0.017131 -0.018571 -0.034261
0 0.010714 0.017131 -0.018571 -0.034261
0 0.010714 0.017131 -0.018571 -0.034261
0 0.009286 0.018201 -0.015714 -0.036403
0 0.009286 0.016060 -0.015714 -0.032120
0 0.009286 0.018201 -0.015714 -0.036403
0 0.010714 0.017131 -0.018571 -0.034261
0 0.010714 0.017131 -0.018571 -0.034261
0 0.009286 0.018201 -0.015714 -0.036403
0 0.012143 0.022484 -0.021429 -0.044968
0 0.012143 0.021413 -0.021429 -0.042827
0 0.010714 0.017131 -0.018571 -0.034261
0 0.010714 0.017131 -0.018571 -0.034261
0 0.012143 0.022484 -0.021429 -0.044968
0 0.010714 0.017131 -0.018571 -0.034261
0 0.009286 0.016060 -0.015714 -0.032120
0 0.009286 0.016060 -0.015714 -0.032120
0 0.009286 0.018201 -0.015714 -0.036403
0 0.009286 0.016060 -0.015714 -0.032120
0 0.009286 0.016060 -0.015714 -0.032120
0 0.010714 0.017131 -0.018571 -0.034261
0 0.012143 0.021413 -0.021429 -0.042827
0 0.009286 0.016060 -0.015714 -0.032120
0 0.009286 0.018201 -0.015714 -0.036403
0 0.010714 0.017131 -0.018571 -0.034261
0 0.010714 0.017131 -0.015714 -0.034261
0 0.010714 0.017131 -0.018571 -0.034261
0 0.012857 0.021413 -0.020000 -0.042827
0 0.012857 0.021413 -0.020000 -0.042827
0 0.010714 0.017131 -0.018571 -0.034261
0 0.012143 0.021413 -0.021429 -0.042827
0 0.010714 0.017131 -0.018571 -0.034261
0 0.011429 0.020343 -0.020000 -0.040685
0 0.010714 0.017131 -0.018571 -0.034261
0 0.012143 0.021413 -0.021429 -0.042827
0 0.010714 0.017131 -0.018571 -0.034261
0 0.009286 0.016060 -0.015714 -0.032120
0 0.012143 0.022484 -0.021429 -0.044968
0 0.012143 0.022484 -0.021429 -0.044968
0 0.012143 0.021413 -0.021429 -0.042827
0 0.009286 0.016060 -0.015714 -0.032120
0 0.012143 0.022484 -0.021429 -0.044968
0 0.010714 0.017131 -0.018571 -0.034261
0 0.009286 0.016060 -0.015714 -0.032120
0 0.009286 0.016060 -0.015714 -0.032120
0 0.010714 0.017131 -0.018571 -0.034261
0 0.009286 0.018201 -0.015714 -0.036403
0 0.010714 0.017131 -0.018571 -0.034261
0 0.010714 0.017131 -0.018571 -0.034261
0 0.009286 0.016060 -0.015714 -0.032120
0 0.010714 0.017131 -0.018571 -0.034261
0 0.010714 0.017131 -0.018571 -0.034261
0 0.010714 0.017131 -0.018571 -0.034261
0 0.010714 0.017131 -0.018571 -0.034261
0 0.009286 0.016060 -0.015714 -0.032120
0 0.009286 0.016060 -0.015714 -0.032120
0 0.012143 0.022484 -0.021429 -0.044968
0 0.010714 0.017131 -0.018571 -0.034261
0 0.010714 0.017131 -0.018571 -0.034261
0 0.009286 0.016060 -0.015714 -0.032120
0 0.012143 0.022484 -0.021429 -0.044968
0 0.012143 0.021413 -0.021429 -0.042827
0 0.010714 0.017131 -0.018571 -0.034261
0 0.010714 0.017131 -0.018571 -0.034261
0 0.009286 0.018201 -0.015714 -0.036403
0 0.009286 0.016060 -0.015714 -0.032120
0 0.009286 0.016060 -0.015714 -0.032120
0 0.012143 0.022484 -0.021429 -0.044968
0 0.009286 0.016060 -0.015714 -0.032120
0 0.009286 0.016060 -0.015714 -0.032120
0 0.009286 0.016060 -0.015714 -0.032120
0 0.009286 0.016060 -0.015714 -0.032120
0 0.012143 0.022484 -0.021429 -0.044968
0 0.012143 0.021413 -0.021429 -0.042827
0 0.012143 0.022484 -0.021429 -0.044968
0 0.012143 0.022484 -0.021429 -0.044968
0 0.009286 0.016060 -0.015714 -0.032120
0 0.009286 0.016060 -0.015714 -0.032120
0 0.009286 0.016060 -0.015714 -0.032120
0 0.010714 0.017131 -0.018571 -0.034261
0 0.010000 0.016060 -0.017143 -0.032120