0 0.014347 0.024764 -0.027909 -0.049528
0 0.013168 0.021521 -0.025550 -0.043042
0 0.014347 0.024764 -0.027909 -0.049528
0 0.013168 0.021521 -0.025550 -0.043042
0 0.013168 0.021521 -0.025550 -0.043042
0 0.014347 0.024764 -0.027909 -0.049528
0 0.013168 0.021521 -0.025550 -0.043042
0 0.013168 0.021521 -0.025550 -0.043042
0 0.013168 0.021521 -0.025550 -0.043042
0 0.014347 0.024764 -0.027909 -0.049528
0 0.014347 0.024764 -0.027909 -0.049528
0 0.014347 0.024764 -0.027909 -0.049528
0 0.014347 0.024764 -0.027909 -0.049528
0 0.014347 0.024764 -0.027909 -0.049528
0 0.014347 0.024764 -0.027909 -0.049528
0 0.014347 0.024764 -0.027909 -0.049528
0 0.014347 0.024764 -0.027909 -0.049528
0 0.014347 0.024764 -0.027909 -0.049528
0 0.014347 0.024764 -0.027909 -0.049528
0 0.013168 0.021521 -0.025550 -0.043042
0 0.013168 0.021521 -0.025550 -0.043042
0 0.014347 0.024764 -0.027909 -0.049528
0 0.013168 0.021521 -0.025550 -0.043042
0 0.013168 0.021521 -0.025550 -0.043042
0 0.013168 0.021521 -0.025550 -0.043042
0 0.013365 0.021521 -0.025157 -0.043042
0 0.013168 0.021521 -0.025550 -0.043042
0 0.014347 0.024764 -0.027909 -0.049528
0 0.014347 0.024764 -0.027909 -0.049528
0 0.013168 0.021521 -0.025550 -0.043042
0 0.013168 0.021521 -0.025550 -0.043042
0 0.014347 0.024764 -0.027909 -0.049528
0 0.013365 0.021521 -0.025157 -0.043042
0 0.014347 0.024764 -0.027909 -0.049528
0 0.014347 0.024764 -0.027909 -0.049528
0 0.014347 0.024764 -0.027909 -0.049528
0 0.014347 0.024764 -0.027909 -0.049528
0 0.013168 0.021521 -0.025550 -0.043042
0 0.013168 0.021521 -0.025550 -0.043042
0 0.013168 0.021521 -0.025550 -0.043042
0 0.013365 0.021521 -0.025157 -0.043042
0 0.013168 0.021521 -0.025550 -0.043042
0 0.014544 0.024764 -0.027516 -0.049528
0 0.014347 0.024764 -0.027909 -0.049528
0 0.014347 0.024764 -0.027909 -0.049528
0 0.014347 0.024764 -0.027909 -0.049528
0 0.013168 0.021521 -0.025550 -0.043042
0 0.013168 0.021521 -0.025550 -0.043042
0 0.013168 0.021521 -0.025550 -0.043042
0 0.013168 0.021521 -0.025550 -0.043042
0 0.013168 0.021521 -0.025550 -0.043042
0 0.014347 0.024764 -0.027909 -0.049528
0 0.013168 0.021521 -0.025550 -0.043042
0 0.013168 0.021521 -0.025550 -0.043042
0 0.013168 0.021521 -0.025550 -0.043042
0 0.014347 0.024764 -0.027909 -0.049528
0 0.014347 0.024764 -0.027909 -0.049528
0 0.014347 0.024764 -0.027909 -0.049528
0 0.014347 0.024764 -0.027909 -0.049528
0 0.013168 0.021521 -0.025550 -0.043042
0 0.014347 0.024764 -0.027909 -0.049528
0 0.013168 0.021521 -0.025550 -0.043042
0 0.014347 0.024764 -0.027909 -0.049528
0 0.013168 0.021521 -0.025550 -0.043042
0 0.014347 0.024764 -0.027909 -0.049528
0 0.014347 0.024764 -0.027909 -0.049528
0 0.014347 0.024764 -0.027909 -0.049528
0 0.014347 0.024764 -0.027909 -0.049528
0 0.014347 0.024764 -0.027909 -0.049528
0 0.013168 0.021521 -0.025550 -0.043042
0 0.013168 0.021521 -0.025550 -0.043042
0 0.013168 0.021521 -0.025550 -0.043042
0 0.013954 0.023880 -0.027123 -0.047759
0 0.013168 0.021521 -0.025550 -0.043042
0 0.013168 0.021521 -0.025550 -0.043042
0 0.013168 0.021521 -0.025550 -0.043042
0 0.013168 0.021521 -0.025550 -0.043042
0 0.013168 0.021521 -0.025550 -0.043042
0 0.013168 0.021521 -0.025550 -0.043042
0 0.014544 0.024764 -0.027516 -0.049528
0 0.013168 0.021521 -0.025550 -0.043042
0 0.013168 0.021521 -0.025550 -0.043042
0 0.013168 0.021521 -0.025550 -0.043042
0 0.013168 0.021521 -0.025550 -0.043042
0 0.013168 0.021521 -0.025550 -0.043042
0 0.014347 0.024764 -0.027909 -0.049528
0 0.014347 0.024764 -0.027909 -0.049528
0 0.014544 0.024764 -0.027516 -0.049528
0 0.013168 0.021521 -0.025550 -0.043042
0 0.013168 0.021521 -0.025550 -0.043042
0 0.014347 0.024764 -0.027909 -0.049528
0 0.013168 0.021521 -0.025550 -0.043042
0 0.014347 0.024764 -0.027909 -0.049528
0 0.014347 0.024764 -0.027909 -0.049528
0 0.013168 0.021521 -0.025550 -0.043042
0 0.013168 0.021521 -0.025550 -0.043042
0 0.013168 0.021521 -0.025550 -0.043042
0 0.013168 0.021521 -0.025550 -0.043042
0 0.014347 0.024764 -0.027909 -0.049528
0 0.013168 0.021521 -0.025550 -0.043042
0 0.013168 0.021521 -0.025550 -0.043042
0 0.014347 0.024764 -0.027909 -0.049528
0 0.014544 0.024764 -0.027516 -0.049528
0 0.014347 0.024764 -0.027909 -0.049528
0 0.013168 0.021521 -0.025550 -0.043042
0 0.013168 0.021521 -0.025550 -0.043042
0 0.014347 0.024764 -0.027909 -0.049528
0 0.014347 0.024764 -0.027909 -0.049528
0 0.013168 0.021521 -0.025550 -0.043042
0 0.013168 0.021521 -0.025550 -0.043042
0 0.013168 0.021521 -0.025550 -0.043042
0 0.014347 0.024764 -0.027909 -0.049528
0 0.014347 0.024764 -0.027909 -0.049528
0 0.014347 0.024764 -0.027909 -0.049528
0 0.014347 0.024764 -0.027909 -0.049528
0 0.013168 0.021521 -0.025550 -0.043042
0 0.014347 0.024764 -0.027909 -0.049528
0 0.014347 0.024764 -0.027909 -0.049528
0 0.014347 0.024764 -0.027909 -0.049528
0 0.013168 0.021521 -0.025550 -0.043042
0 0.013168 0.021521 -0.025550 -0.043042
0 0.013168 0.021521 -0.025550 -0.043042
0 0.013168 0.021521 -0.025550 -0.043042
0 0.014347 0.024764 -0.027909 -0.049528
0 0.013168 0.021521 -0.025550 -0.043042
0 0.013365 0.021521 -0.025157 -0.043042
0 0.013168 0.021521 -0.025550 -0.043042
0 0.014347 0.024764 -0.027909 -0.049528
0 0.013168 0.021521 -0.025550 -0.043042
0 0.013168 0.021521 -0.025550 -0.043042
0 0.014347 0.024764 -0.027909 -0.049528
0 0.014347 0.024764 -0.027909 -0.049528
0 0.013168 0.021521 -0.025550 -0.043042
0 0.013758 0.022995 -0.026730 -0.045991
0 0.013168 0.021521 -0.025550 -0.043042
0 0.014347 0.024764 -0.027909 -0.049528
0 0.014347 0.024764 -0.027909 -0.049528
0 0.014347 0.024764 -0.027909 -0.049528
0 0.013168 0.021521 -0.025550 -0.043042
0 0.014347 0.024764 -0.027909 -0.049528
0 0.014544 0.024764 -0.027516 -0.049528
0 0.014347 0.024764 -0.027909 -0.049528
0 0.013168 0.021521 -0.025550 -0.043042
0 0.014347 0.024764 -0.027909 -0.049528
0 0.014347 0.024764 -0.027909 -0.049528
0 0.013168 0.021521 -0.025550 -0.043042
0 0.013168 0.021521 -0.025550 -0.043042
0 0.013168 0.021521 -0.025550 -0.043042
0 0.013168 0.021521 -0.025550 -0.043042
0 0.013168 0.021521 -0.025550 -0.043042
0 0.013168 0.021521 -0.025550 -0.043042
0 0.014347 0.024764 -0.027909 -0.049528