0 0.017742 0.031519 -0.032258 -0.063037
0 0.018548 0.027221 -0.033871 -0.054441
0 0.010484 0.017192 -0.017742 -0.034384
0 0.015323 0.027221 -0.027419 -0.054441
0 0.010484 0.017192 -0.017742 -0.034384
0 0.015323 0.025788 -0.027419 -0.051576
0 0.009677 0.015759 -0.016129 -0.031519
0 0.010484 0.017192 -0.017742 -0.034384
0 0.018548 0.027221 -0.033871 -0.054441
0 0.015323 0.027221 -0.027419 -0.054441
0 0.015323 0.027221 -0.027419 -0.054441
0 0.010484 0.017192 -0.017742 -0.034384
0 0.015323 0.027221 -0.027419 -0.054441
0 0.017742 0.031519 -0.032258 -0.063037
0 0.018548 0.027221 -0.033871 -0.054441
0 0.015323 0.025788 -0.027419 -0.051576
0 0.017742 0.031519 -0.032258 -0.063037
0 0.009677 0.015759 -0.016129 -0.031519
0 0.015323 0.025788 -0.027419 -0.051576
0 0.018548 0.027221 -0.033871 -0.054441
0 0.010484 0.017192 -0.017742 -0.034384
0 0.018548 0.027221 -0.033871 -0.054441
0 0.017742 0.031519 -0.032258 -0.063037
0 0.010484 0.017192 -0.017742 -0.034384
0 0.015323 0.027221 -0.027419 -0.054441
0 0.015323 0.027221 -0.027419 -0.054441
0 0.015323 0.027221 -0.027419 -0.054441
0 0.017742 0.031519 -0.032258 -0.063037
0 0.015323 0.027221 -0.027419 -0.054441
0 0.015323 0.027221 -0.027419 -0.054441
0 0.017742 0.028653 -0.032258 -0.057307
0 0.017742 0.025788 -0.032258 -0.051576
0 0.017742 0.031519 -0.032258 -0.063037
0 0.010484 0.017192 -0.017742 -0.034384
0 0.015323 0.027221 -0.027419 -0.054441
0 0.015323 0.025788 -0.027419 -0.051576
0 0.010484 0.017192 -0.017742 -0.034384