0 0.014167 0.026250 -0.026667 -0.052500
0 0.014167 0.023125 -0.026667 -0.046250
0 0.015833 0.030625 -0.030000 -0.061250
0 0.014167 0.023125 -0.026667 -0.046250
0 0.014167 0.023125 -0.026667 -0.046250
0 0.014167 0.026250 -0.026667 -0.052500
0 0.014583 0.026875 -0.027500 -0.053750
0 0.014167 0.023125 -0.026667 -0.046250
0 0.015833 0.030625 -0.030000 -0.061250
0 0.014167 0.023125 -0.026667 -0.046250
0 0.014583 0.026875 -0.027500 -0.053750
0 0.014167 0.026250 -0.026667 -0.052500
0 0.014167 0.026250 -0.026667 -0.052500
0 0.015833 0.030625 -0.030000 -0.061250
0 0.015833 0.030625 -0.030000 -0.061250
0 0.014167 0.026250 -0.026667 -0.052500
0 0.015833 0.030625 -0.030000 -0.061250
0 0.015833 0.030625 -0.030000 -0.061250
0 0.014167 0.023125 -0.026667 -0.046250
0 0.014167 0.023125 -0.026667 -0.046250
0 0.015833 0.030625 -0.030000 -0.061250
0 0.015833 0.030625 -0.030000 -0.061250
0 0.009583 0.015625 -0.017500 -0.031250
0 0.014167 0.023125 -0.026667 -0.046250
0 0.015833 0.030625 -0.030000 -0.061250
0 0.009583 0.015000 -0.017500 -0.030000
0 0.014167 0.023125 -0.026667 -0.046250
0 0.014167 0.026250 -0.026667 -0.052500
0 0.014167 0.023125 -0.026667 -0.046250
0 0.014167 0.026250 -0.026667 -0.052500
0 0.015833 0.030625 -0.030000 -0.061250
0 0.014167 0.026250 -0.026667 -0.052500
0 0.014167 0.023125 -0.026667 -0.046250
0 0.014167 0.026250 -0.026667 -0.052500
0 0.014167 0.026250 -0.026667 -0.052500
0 0.014167 0.026250 -0.026667 -0.052500
0 0.014167 0.023125 -0.026667 -0.046250
0 0.014167 0.026250 -0.026667 -0.052500
0 0.015833 0.030625 -0.030000 -0.061250
0 0.015000 0.028125 -0.028333 -0.056250
0 0.015000 0.028125 -0.028333 -0.056250
0 0.015833 0.030625 -0.030000 -0.061250
0 0.014167 0.026250 -0.026667 -0.052500
0 0.015833 0.030625 -0.030000 -0.061250
0 0.014167 0.026250 -0.026667 -0.052500
0 0.015833 0.030625 -0.030000 -0.061250
0 0.015833 0.030625 -0.030000 -0.061250
0 0.014167 0.023125 -0.026667 -0.046250
0 0.015833 0.030625 -0.030000 -0.061250
0 0.014167 0.026250 -0.026667 -0.052500
0 0.015833 0.030625 -0.030000 -0.061250
0 0.015833 0.030625 -0.030000 -0.061250
0 0.015833 0.030625 -0.030000 -0.061250
0 0.015833 0.030625 -0.030000 -0.061250
0 0.014167 0.026250 -0.026667 -0.052500
0 0.015833 0.030625 -0.030000 -0.061250
0 0.014167 0.026250 -0.026667 -0.052500
0 0.014167 0.026250 -0.026667 -0.052500
0 0.015833 0.030625 -0.030000 -0.061250
0 0.015833 0.030625 -0.030000 -0.061250
0 0.014167 0.023125 -0.026667 -0.046250
0 0.014167 0.023125 -0.026667 -0.046250
0 0.014167 0.023125 -0.026667 -0.046250
0 0.014167 0.026250 -0.026667 -0.052500
0 0.014167 0.026250 -0.026667 -0.052500
0 0.015833 0.030625 -0.030000 -0.061250
0 0.015833 0.030625 -0.030000 -0.061250
0 0.015833 0.030625 -0.030000 -0.061250
0 0.014167 0.026250 -0.026667 -0.052500
0 0.015833 0.030625 -0.030000 -0.061250
0 0.015833 0.030625 -0.030000 -0.061250
0 0.014167 0.023125 -0.026667 -0.046250
0 0.015833 0.030625 -0.030000 -0.061250
0 0.015833 0.030625 -0.030000 -0.061250
0 0.015833 0.030625 -0.030000 -0.061250
0 0.015833 0.030625 -0.030000 -0.061250
0 0.014167 0.023125 -0.026667 -0.046250
0 0.009583 0.015000 -0.017500 -0.030000
0 0.015833 0.030625 -0.030000 -0.061250
0 0.009583 0.015000 -0.017500 -0.030000
0 0.015833 0.030625 -0.030000 -0.061250
0 0.009583 0.015000 -0.017500 -0.030000
0 0.015833 0.030625 -0.030000 -0.061250
0 0.014167 0.023125 -0.026667 -0.046250
0 0.015833 0.030625 -0.030000 -0.061250
0 0.015833 0.030625 -0.030000 -0.061250
0 0.014167 0.026250 -0.026667 -0.052500
0 0.015833 0.030625 -0.030000 -0.061250
0 0.015833 0.030625 -0.030000 -0.061250
0 0.015833 0.030625 -0.030000 -0.061250
0 0.014167 0.023125 -0.026667 -0.046250
0 0.014167 0.026250 -0.026667 -0.052500
0 0.015833 0.030625 -0.030000 -0.061250
0 0.015833 0.030625 -0.030000 -0.061250
0 0.015833 0.030625 -0.030000 -0.061250
0 0.014167 0.026250 -0.026667 -0.052500
0 0.015833 0.030625 -0.030000 -0.061250
0 0.015833 0.030625 -0.030000 -0.061250
0 0.014167 0.026250 -0.026667 -0.052500
0 0.015833 0.030625 -0.030000 -0.061250
0 0.014167 0.026250 -0.026667 -0.052500
0 0.014167 0.023125 -0.026667 -0.046250
0 0.014167 0.026250 -0.026667 -0.052500
0 0.015833 0.030625 -0.030000 -0.061250
0 0.014167 0.023125 -0.026667 -0.046250
0 0.015833 0.030625 -0.030000 -0.061250