0 0.010987 0.018836 -0.021404 -0.037671
0 0.010987 0.018836 -0.021404 -0.037671
0 0.010987 0.018836 -0.021404 -0.037671
0 0.013841 0.020120 -0.027112 -0.040240
0 0.010987 0.018836 -0.021404 -0.037671
0 0.011558 0.020548 -0.022546 -0.041096
0 0.013841 0.020120 -0.027112 -0.040240
0 0.013984 0.020120 -0.026826 -0.040240
0 0.010987 0.018836 -0.021404 -0.037671
0 0.010987 0.018836 -0.021404 -0.037671
0 0.010987 0.018836 -0.021404 -0.037671
0 0.013841 0.020120 -0.027112 -0.040240
0 0.010987 0.018836 -0.021404 -0.037671
0 0.013841 0.020120 -0.027112 -0.040240
0 0.011558 0.020548 -0.022546 -0.041096
0 0.013841 0.020120 -0.027112 -0.040240
0 0.011558 0.020548 -0.022546 -0.041096
0 0.011558 0.020548 -0.022546 -0.041096
0 0.010987 0.018836 -0.021404 -0.037671
0 0.013841 0.020120 -0.027112 -0.040240
0 0.011558 0.020548 -0.022546 -0.041096
0 0.010987 0.018836 -0.021404 -0.037671
0 0.010987 0.018836 -0.021404 -0.037671
0 0.011558 0.020548 -0.022546 -0.041096
0 0.013841 0.020120 -0.027112 -0.040240
0 0.013841 0.020120 -0.027112 -0.040240
0 0.013841 0.020120 -0.027112 -0.040240
0 0.013841 0.020120 -0.027112 -0.040240
0 0.010987 0.018836 -0.021404 -0.037671
0 0.011558 0.020548 -0.022546 -0.041096
0 0.010987 0.018836 -0.021404 -0.037671
0 0.013841 0.020120 -0.027112 -0.040240
0 0.011558 0.020548 -0.022546 -0.041096
0 0.013841 0.020120 -0.027112 -0.040240
0 0.013841 0.020120 -0.027112 -0.040240
0 0.011558 0.020548 -0.022546 -0.041096
0 0.011701 0.019050 -0.022831 -0.038099
0 0.010987 0.018836 -0.021404 -0.037671
0 0.011558 0.020548 -0.022546 -0.041096
0 0.010987 0.018836 -0.021404 -0.037671
0 0.011558 0.020548 -0.022546 -0.041096
0 0.013841 0.020120 -0.027112 -0.040240
0 0.010987 0.018836 -0.021404 -0.037671
0 0.010987 0.018836 -0.021404 -0.037671
0 0.011558 0.020548 -0.022546 -0.041096
0 0.010987 0.018836 -0.021404 -0.037671
0 0.010987 0.018836 -0.021404 -0.037671
0 0.013841 0.020120 -0.027112 -0.040240
0 0.013841 0.020120 -0.027112 -0.040240
0 0.010987 0.018836 -0.021404 -0.037671
0 0.013841 0.020120 -0.027112 -0.040240
0 0.010987 0.018836 -0.021404 -0.037671
0 0.013841 0.020120 -0.027112 -0.040240
0 0.011558 0.020548 -0.022546 -0.041096
0 0.013841 0.020120 -0.027112 -0.040240
0 0.010987 0.018836 -0.021404 -0.037671
0 0.011558 0.020548 -0.022546 -0.041096
0 0.010987 0.018836 -0.021404 -0.037671
0 0.013841 0.020120 -0.027112 -0.040240
0 0.010987 0.018836 -0.021404 -0.037671
0 0.013841 0.020120 -0.027112 -0.040240
0 0.013841 0.020120 -0.027112 -0.040240
0 0.011273 0.019692 -0.021975 -0.039384
0 0.013841 0.020120 -0.027112 -0.040240
0 0.010987 0.018836 -0.021404 -0.037671
0 0.010987 0.018836 -0.021404 -0.037671
0 0.013841 0.020120 -0.027112 -0.040240
0 0.010987 0.018836 -0.021404 -0.037671
0 0.011130 0.019264 -0.021689 -0.038527
0 0.013841 0.020120 -0.027112 -0.040240
0 0.010987 0.018836 -0.021404 -0.037671
0 0.010987 0.018836 -0.021404 -0.037671
0 0.013841 0.020120 -0.027112 -0.040240
0 0.010987 0.018836 -0.021404 -0.037671
0 0.013841 0.020120 -0.027112 -0.040240
0 0.013841 0.020120 -0.027112 -0.040240
0 0.010987 0.018836 -0.021404 -0.037671
0 0.013841 0.020120 -0.027112 -0.040240
0 0.010987 0.018836 -0.021404 -0.037671
0 0.011130 0.019264 -0.021689 -0.038527
0 0.010987 0.018836 -0.021404 -0.037671
0 0.011558 0.020548 -0.022546 -0.041096
0 0.013841 0.020120 -0.027112 -0.040240
0 0.010987 0.018836 -0.021404 -0.037671
0 0.013841 0.020120 -0.027112 -0.040240
0 0.010987 0.018836 -0.021404 -0.037671
0 0.011558 0.020548 -0.022546 -0.041096
0 0.011558 0.020548 -0.022546 -0.041096
0 0.013841 0.020120 -0.027112 -0.040240
0 0.013841 0.020120 -0.027112 -0.040240
0 0.010987 0.018836 -0.021404 -0.037671
0 0.010987 0.018836 -0.021404 -0.037671
0 0.011558 0.020548 -0.022546 -0.041096
0 0.010987 0.018836 -0.021404 -0.037671
0 0.013841 0.020120 -0.027112 -0.040240
0 0.013841 0.020120 -0.027112 -0.040240
0 0.011416 0.020120 -0.022260 -0.040240
0 0.011558 0.020548 -0.022546 -0.041096
0 0.013841 0.020120 -0.027112 -0.040240
0 0.010987 0.018836 -0.021404 -0.037671
0 0.010987 0.018836 -0.021404 -0.037671
0 0.013841 0.020120 -0.027112 -0.040240
0 0.010987 0.018836 -0.021404 -0.037671
0 0.013841 0.020120 -0.027112 -0.040240
0 0.010987 0.018836 -0.021404 -0.037671
0 0.011558 0.020548 -0.022546 -0.041096
0 0.013841 0.020120 -0.027112 -0.040240
0 0.013841 0.020120 -0.027112 -0.040240
0 0.011558 0.020548 -0.022546 -0.041096
0 0.010987 0.018836 -0.021404 -0.037671
0 0.013841 0.020120 -0.027112 -0.040240
0 0.013841 0.020120 -0.027112 -0.040240
0 0.011558 0.020548 -0.022546 -0.041096
0 0.013841 0.020120 -0.027112 -0.040240
0 0.011558 0.020548 -0.022546 -0.041096
0 0.013841 0.020120 -0.027112 -0.040240
0 0.011558 0.020548 -0.022546 -0.041096
0 0.010987 0.018836 -0.021404 -0.037671
0 0.013841 0.020120 -0.027112 -0.040240
0 0.010987 0.018836 -0.021404 -0.037671
0 0.010987 0.018836 -0.021404 -0.037671
0 0.011558 0.020548 -0.022546 -0.041096
0 0.010987 0.018836 -0.021404 -0.037671
0 0.013841 0.020120 -0.027112 -0.040240
0 0.011558 0.020548 -0.022546 -0.041096
0 0.011558 0.020548 -0.022546 -0.041096
0 0.011558 0.020548 -0.022546 -0.041096
0 0.010987 0.018836 -0.021404 -0.037671
0 0.013841 0.020120 -0.027112 -0.040240
0 0.010987 0.018836 -0.021404 -0.037671
0 0.010987 0.018836 -0.021404 -0.037671
0 0.010987 0.018836 -0.021404 -0.037671
0 0.011558 0.020548 -0.022546 -0.041096
0 0.013841 0.020120 -0.027112 -0.040240
0 0.011558 0.020548 -0.022546 -0.041096
0 0.010987 0.018836 -0.021404 -0.037671
0 0.010987 0.018836 -0.021404 -0.037671
0 0.011558 0.020548 -0.022546 -0.041096
0 0.013841 0.020120 -0.027112 -0.040240
0 0.010987 0.018836 -0.021404 -0.037671
0 0.010987 0.018836 -0.021404 -0.037671
0 0.013841 0.020120 -0.027112 -0.040240
0 0.011558 0.020548 -0.022546 -0.041096
0 0.010987 0.018836 -0.021404 -0.037671
0 0.011558 0.020548 -0.022546 -0.041096
0 0.010987 0.018836 -0.021404 -0.037671
0 0.010987 0.018836 -0.021404 -0.037671
0 0.010987 0.018836 -0.021404 -0.037671
0 0.010987 0.018836 -0.021404 -0.037671
0 0.010987 0.018836 -0.021404 -0.037671
0 0.011558 0.020548 -0.022546 -0.041096
0 0.013841 0.020120 -0.027112 -0.040240
0 0.013841 0.020120 -0.027112 -0.040240
0 0.011130 0.019264 -0.021689 -0.038527
0 0.011130 0.019264 -0.021689 -0.038527
0 0.011558 0.020548 -0.022546 -0.041096
0 0.013841 0.020120 -0.027112 -0.040240
0 0.013841 0.020120 -0.027112 -0.040240
0 0.010987 0.018836 -0.021404 -0.037671
0 0.013841 0.020120 -0.027112 -0.040240
0 0.010987 0.018836 -0.021404 -0.037671
0 0.011558 0.020548 -0.022546 -0.041096
0 0.013841 0.020120 -0.027112 -0.040240
0 0.010987 0.018836 -0.021404 -0.037671
0 0.011558 0.020548 -0.022546 -0.041096
0 0.013841 0.020120 -0.027112 -0.040240
0 0.013841 0.020120 -0.027112 -0.040240
0 0.010987 0.018836 -0.021404 -0.037671
0 0.013841 0.020120 -0.027112 -0.040240
0 0.013128 0.019692 -0.025685 -0.039384
0 0.013984 0.020120 -0.026826 -0.040240
0 0.013841 0.020120 -0.027112 -0.040240
0 0.013841 0.020120 -0.027112 -0.040240
0 0.013841 0.020120 -0.027112 -0.040240
0 0.011558 0.020548 -0.022546 -0.041096
0 0.013841 0.020120 -0.027112 -0.040240
0 0.013841 0.020120 -0.027112 -0.040240