0 0.021008 0.036876 -0.039216 -0.073753
0 0.013305 0.023861 -0.023810 -0.047722
0 0.013305 0.023861 -0.023810 -0.047722
0 0.021008 0.036876 -0.039216 -0.073753
0 0.013305 0.023861 -0.023810 -0.047722
0 0.013305 0.023861 -0.023810 -0.047722
0 0.006303 0.009761 -0.009804 -0.019523
0 0.009804 0.013015 -0.016807 -0.026030
0 0.007703 0.010846 -0.012605 -0.021692
0 0.006303 0.009761 -0.009804 -0.019523
0 0.013305 0.023861 -0.023810 -0.047722
0 0.021008 0.036876 -0.039216 -0.073753
0 0.009804 0.013015 -0.016807 -0.026030
0 0.009804 0.013015 -0.016807 -0.026030
0 0.013305 0.023861 -0.023810 -0.047722
0 0.009804 0.013015 -0.016807 -0.026030
0 0.009804 0.013015 -0.016807 -0.026030
0 0.009804 0.013015 -0.016807 -0.026030
0 0.013305 0.023861 -0.023810 -0.047722
0 0.013305 0.023861 -0.023810 -0.047722
0 0.021008 0.036876 -0.039216 -0.073753
0 0.013305 0.023861 -0.023810 -0.047722
0 0.013305 0.023861 -0.023810 -0.047722
0 0.009804 0.013015 -0.016807 -0.026030
0 0.013305 0.023861 -0.023810 -0.047722
0 0.013305 0.023861 -0.023810 -0.047722
0 0.009804 0.013015 -0.016807 -0.026030
0 0.021008 0.036876 -0.039216 -0.073753
0 0.021008 0.036876 -0.039216 -0.073753
0 0.009804 0.013015 -0.016807 -0.026030
0 0.009804 0.013015 -0.016807 -0.026030
0 0.021008 0.036876 -0.039216 -0.073753
0 0.013305 0.023861 -0.023810 -0.047722
0 0.009804 0.013015 -0.016807 -0.026030
0 0.013305 0.023861 -0.023810 -0.047722
0 0.021008 0.036876 -0.039216 -0.073753
0 0.013305 0.023861 -0.023810 -0.047722
0 0.021008 0.036876 -0.039216 -0.073753
0 0.021008 0.036876 -0.039216 -0.073753
0 0.013305 0.023861 -0.023810 -0.047722
0 0.013305 0.023861 -0.023810 -0.047722
0 0.006303 0.009761 -0.009804 -0.019523
0 0.009804 0.013015 -0.016807 -0.026030
0 0.013305 0.023861 -0.023810 -0.047722
0 0.009804 0.013015 -0.016807 -0.026030
0 0.009804 0.013015 -0.016807 -0.026030
0 0.013305 0.023861 -0.023810 -0.047722
0 0.006303 0.009761 -0.009804 -0.019523
0 0.009804 0.013015 -0.016807 -0.026030
0 0.009804 0.013015 -0.016807 -0.026030
0 0.009804 0.013015 -0.016807 -0.026030
0 0.009804 0.013015 -0.016807 -0.026030
0 0.013305 0.023861 -0.023810 -0.047722
0 0.013305 0.023861 -0.023810 -0.047722
0 0.021008 0.036876 -0.039216 -0.073753
0 0.013305 0.023861 -0.023810 -0.047722
0 0.013305 0.023861 -0.023810 -0.047722
0 0.013305 0.023861 -0.023810 -0.047722
0 0.009804 0.013015 -0.016807 -0.026030
0 0.013305 0.023861 -0.023810 -0.047722
0 0.013305 0.023861 -0.023810 -0.047722
0 0.021008 0.036876 -0.039216 -0.073753
0 0.013305 0.023861 -0.023810 -0.047722
0 0.021008 0.036876 -0.039216 -0.073753
0 0.009804 0.013015 -0.016807 -0.026030
0 0.021008 0.036876 -0.039216 -0.073753
0 0.009804 0.013015 -0.016807 -0.026030
0 0.009804 0.013015 -0.016807 -0.026030
0 0.009804 0.013015 -0.016807 -0.026030
0 0.013305 0.023861 -0.023810 -0.047722
0 0.006303 0.009761 -0.009804 -0.019523
0 0.013305 0.023861 -0.023810 -0.047722
0 0.009804 0.013015 -0.016807 -0.026030
0 0.009804 0.013015 -0.016807 -0.026030
0 0.013305 0.023861 -0.023810 -0.047722
0 0.013305 0.023861 -0.023810 -0.047722
0 0.013305 0.023861 -0.023810 -0.047722
0 0.013305 0.023861 -0.023810 -0.047722
0 0.009804 0.013015 -0.016807 -0.026030
0 0.006303 0.009761 -0.009804 -0.019523
0 0.006303 0.009761 -0.009804 -0.019523
0 0.009804 0.013015 -0.016807 -0.026030
0 0.013305 0.023861 -0.023810 -0.047722
0 0.009804 0.013015 -0.016807 -0.026030
0 0.006303 0.009761 -0.009804 -0.019523
0 0.013305 0.023861 -0.023810 -0.047722
0 0.009804 0.013015 -0.016807 -0.026030
0 0.013305 0.023861 -0.023810 -0.047722
0 0.009804 0.013015 -0.016807 -0.026030
0 0.009804 0.013015 -0.016807 -0.026030
0 0.007703 0.010846 -0.012605 -0.021692
0 0.009804 0.013015 -0.016807 -0.026030
0 0.009804 0.013015 -0.016807 -0.026030
0 0.009804 0.013015 -0.016807 -0.026030
0 0.013305 0.023861 -0.023810 -0.047722
0 0.013305 0.023861 -0.023810 -0.047722
0 0.013305 0.023861 -0.023810 -0.047722
0 0.009804 0.013015 -0.016807 -0.026030
0 0.008403 0.011931 -0.014006 -0.023861
0 0.013305 0.023861 -0.023810 -0.047722
0 0.009804 0.013015 -0.016807 -0.026030
0 0.013305 0.023861 -0.023810 -0.047722
0 0.013305 0.023861 -0.023810 -0.047722
0 0.013305 0.023861 -0.023810 -0.047722
0 0.013305 0.023861 -0.023810 -0.047722
0 0.021008 0.036876 -0.039216 -0.073753
0 0.009804 0.013015 -0.016807 -0.026030
0 0.013305 0.023861 -0.023810 -0.047722
0 0.021008 0.036876 -0.039216 -0.073753
0 0.013305 0.023861 -0.023810 -0.047722
0 0.013305 0.023861 -0.023810 -0.047722
0 0.021008 0.036876 -0.039216 -0.073753
0 0.013305 0.023861 -0.023810 -0.047722
0 0.013305 0.023861 -0.023810 -0.047722
0 0.021008 0.036876 -0.039216 -0.073753
0 0.009804 0.013015 -0.016807 -0.026030
0 0.021008 0.036876 -0.039216 -0.073753
0 0.009804 0.013015 -0.016807 -0.026030
0 0.009804 0.013015 -0.016807 -0.026030
0 0.006303 0.009761 -0.009804 -0.019523
0 0.021008 0.036876 -0.039216 -0.073753
0 0.009804 0.013015 -0.016807 -0.026030
0 0.006303 0.009761 -0.009804 -0.019523
0 0.013305 0.023861 -0.023810 -0.047722
0 0.021008 0.036876 -0.039216 -0.073753
0 0.013305 0.023861 -0.023810 -0.047722
0 0.013305 0.023861 -0.023810 -0.047722
0 0.013305 0.023861 -0.023810 -0.047722
0 0.013305 0.023861 -0.023810 -0.047722
0 0.013305 0.023861 -0.023810 -0.047722
0 0.013305 0.023861 -0.023810 -0.047722
0 0.013305 0.023861 -0.023810 -0.047722
0 0.013305 0.023861 -0.023810 -0.047722
0 0.013305 0.023861 -0.023810 -0.047722
0 0.021008 0.036876 -0.039216 -0.073753
0 0.013305 0.023861 -0.023810 -0.047722
0 0.021008 0.036876 -0.039216 -0.073753
0 0.021008 0.036876 -0.039216 -0.073753
0 0.013305 0.023861 -0.023810 -0.047722
0 0.009804 0.013015 -0.016807 -0.026030
0 0.021008 0.036876 -0.039216 -0.073753
0 0.013305 0.023861 -0.023810 -0.047722
0 0.013305 0.023861 -0.023810 -0.047722
0 0.021008 0.036876 -0.039216 -0.073753
0 0.021008 0.036876 -0.039216 -0.073753
0 0.013305 0.023861 -0.023810 -0.047722
0 0.013305 0.023861 -0.023810 -0.047722
0 0.021008 0.036876 -0.039216 -0.073753
0 0.021008 0.036876 -0.039216 -0.073753
0 0.013305 0.023861 -0.023810 -0.047722
0 0.013305 0.023861 -0.023810 -0.047722
0 0.021008 0.036876 -0.039216 -0.073753
0 0.009804 0.013015 -0.016807 -0.026030
0 0.021008 0.036876 -0.039216 -0.073753
0 0.013305 0.023861 -0.023810 -0.047722
0 0.021008 0.036876 -0.039216 -0.073753
0 0.009804 0.013015 -0.016807 -0.026030
0 0.009804 0.013015 -0.016807 -0.026030
0 0.021008 0.036876 -0.039216 -0.073753
0 0.008403 0.011931 -0.014006 -0.023861
0 0.013305 0.023861 -0.023810 -0.047722
0 0.013305 0.023861 -0.023810 -0.047722
0 0.009804 0.013015 -0.016807 -0.026030
0 0.007703 0.010846 -0.012605 -0.021692
0 0.007703 0.010846 -0.012605 -0.021692
0 0.013305 0.023861 -0.023810 -0.047722
0 0.013305 0.023861 -0.023810 -0.047722
0 0.013305 0.023861 -0.023810 -0.047722
0 0.021008 0.036876 -0.039216 -0.073753
0 0.021008 0.036876 -0.039216 -0.073753
0 0.013305 0.023861 -0.023810 -0.047722
0 0.013305 0.023861 -0.023810 -0.047722
0 0.006303 0.009761 -0.009804 -0.019523
0 0.009804 0.013015 -0.016807 -0.026030
0 0.013305 0.023861 -0.023810 -0.047722
0 0.013305 0.023861 -0.023810 -0.047722
0 0.013305 0.023861 -0.023810 -0.047722
0 0.009804 0.013015 -0.016807 -0.026030
0 0.021008 0.036876 -0.039216 -0.073753
0 0.013305 0.023861 -0.023810 -0.047722
0 0.021008 0.036876 -0.039216 -0.073753
0 0.009804 0.013015 -0.016807 -0.026030
0 0.013305 0.023861 -0.023810 -0.047722
0 0.021008 0.036876 -0.039216 -0.073753
0 0.013305 0.023861 -0.023810 -0.047722
0 0.009804 0.013015 -0.016807 -0.026030
0 0.009804 0.013015 -0.016807 -0.026030
0 0.021008 0.036876 -0.039216 -0.073753
0 0.013305 0.023861 -0.023810 -0.047722
0 0.009804 0.013015 -0.016807 -0.026030
0 0.013305 0.023861 -0.023810 -0.047722
0 0.009804 0.013015 -0.016807 -0.026030
0 0.021008 0.036876 -0.039216 -0.073753
0 0.009804 0.013015 -0.016807 -0.026030
0 0.021008 0.036876 -0.039216 -0.073753
0 0.013305 0.023861 -0.023810 -0.047722
0 0.009804 0.013015 -0.016807 -0.026030
0 0.013305 0.023861 -0.023810 -0.047722
0 0.011905 0.020607 -0.021008 -0.041215
0 0.006303 0.009761 -0.009804 -0.019523
0 0.013305 0.023861 -0.023810 -0.047722
0 0.013305 0.023861 -0.023810 -0.047722
0 0.013305 0.023861 -0.023810 -0.047722
0 0.021008 0.036876 -0.039216 -0.073753
0 0.021008 0.036876 -0.039216 -0.073753
0 0.013305 0.023861 -0.023810 -0.047722
0 0.009804 0.013015 -0.016807 -0.026030
0 0.013305 0.023861 -0.023810 -0.047722
0 0.021008 0.036876 -0.039216 -0.073753
0 0.009804 0.013015 -0.016807 -0.026030
0 0.009804 0.013015 -0.016807 -0.026030
0 0.013305 0.023861 -0.023810 -0.047722
0 0.006303 0.009761 -0.009804 -0.019523
0 0.009804 0.013015 -0.016807 -0.026030
0 0.013305 0.023861 -0.023810 -0.047722
0 0.006303 0.009761 -0.009804 -0.019523
0 0.013305 0.023861 -0.023810 -0.047722
0 0.009804 0.013015 -0.016807 -0.026030
0 0.009804 0.013015 -0.016807 -0.026030
0 0.021008 0.036876 -0.039216 -0.073753
0 0.013305 0.023861 -0.023810 -0.047722
0 0.009804 0.013015 -0.016807 -0.026030
0 0.013305 0.023861 -0.023810 -0.047722
0 0.021008 0.036876 -0.039216 -0.073753
0 0.021008 0.036876 -0.039216 -0.073753
0 0.021008 0.036876 -0.039216 -0.073753
0 0.007003 0.009761 -0.011204 -0.019523
0 0.009804 0.013015 -0.016807 -0.026030
0 0.009804 0.013015 -0.016807 -0.026030
0 0.013305 0.023861 -0.023810 -0.047722
0 0.021008 0.036876 -0.039216 -0.073753
0 0.007703 0.010846 -0.012605 -0.021692
0 0.021008 0.036876 -0.039216 -0.073753
0 0.009804 0.013015 -0.016807 -0.026030
0 0.021008 0.036876 -0.039216 -0.073753
0 0.009804 0.013015 -0.016807 -0.026030
0 0.009804 0.013015 -0.016807 -0.026030
0 0.009804 0.013015 -0.016807 -0.026030
0 0.021008 0.036876 -0.039216 -0.073753
0 0.013305 0.023861 -0.023810 -0.047722
0 0.009804 0.013015 -0.016807 -0.026030
0 0.011905 0.020607 -0.021008 -0.041215
0 0.006303 0.009761 -0.009804 -0.019523
0 0.009804 0.013015 -0.016807 -0.026030
0 0.021008 0.036876 -0.039216 -0.073753
0 0.013305 0.023861 -0.023810 -0.047722
0 0.021008 0.036876 -0.039216 -0.073753
0 0.009804 0.013015 -0.016807 -0.026030
0 0.009804 0.013015 -0.016807 -0.026030
0 0.021008 0.036876 -0.039216 -0.073753
0 0.009804 0.013015 -0.016807 -0.026030
0 0.021008 0.036876 -0.039216 -0.073753
0 0.013305 0.023861 -0.023810 -0.047722
0 0.013305 0.023861 -0.023810 -0.047722
0 0.013305 0.023861 -0.023810 -0.047722
0 0.009804 0.013015 -0.016807 -0.026030
0 0.009804 0.013015 -0.016807 -0.026030
0 0.021008 0.036876 -0.039216 -0.073753
0 0.021008 0.036876 -0.039216 -0.073753
0 0.006303 0.009761 -0.009804 -0.019523
0 0.009804 0.013015 -0.016807 -0.026030
0 0.013305 0.023861 -0.023810 -0.047722
0 0.013305 0.023861 -0.023810 -0.047722
0 0.009804 0.013015 -0.016807 -0.026030
0 0.009804 0.013015 -0.016807 -0.026030
0 0.009804 0.013015 -0.016807 -0.026030
0 0.013305 0.023861 -0.023810 -0.047722
0 0.009804 0.013015 -0.016807 -0.026030
0 0.021008 0.036876 -0.039216 -0.073753
0 0.009804 0.013015 -0.016807 -0.026030
0 0.009804 0.013015 -0.016807 -0.026030
0 0.013305 0.023861 -0.023810 -0.047722
0 0.009804 0.013015 -0.016807 -0.026030
0 0.021008 0.036876 -0.039216 -0.073753
0 0.009804 0.013015 -0.016807 -0.026030
0 0.009804 0.013015 -0.016807 -0.026030
0 0.008403 0.011931 -0.014006 -0.023861
0 0.013305 0.023861 -0.023810 -0.047722
0 0.013305 0.023861 -0.023810 -0.047722
0 0.021008 0.036876 -0.039216 -0.073753
0 0.008403 0.011931 -0.014006 -0.023861
0 0.009804 0.013015 -0.016807 -0.026030
0 0.009804 0.013015 -0.016807 -0.026030
0 0.013305 0.023861 -0.023810 -0.047722
0 0.009804 0.013015 -0.016807 -0.026030
0 0.013305 0.023861 -0.023810 -0.047722
0 0.009804 0.013015 -0.016807 -0.026030
0 0.013305 0.023861 -0.023810 -0.047722
0 0.013305 0.023861 -0.023810 -0.047722
0 0.021008 0.036876 -0.039216 -0.073753
0 0.009804 0.013015 -0.016807 -0.026030
0 0.021008 0.036876 -0.039216 -0.073753
0 0.013305 0.023861 -0.023810 -0.047722
0 0.006303 0.009761 -0.009804 -0.019523
0 0.009804 0.013015 -0.016807 -0.026030
0 0.013305 0.023861 -0.023810 -0.047722
0 0.013305 0.023861 -0.023810 -0.047722
0 0.021008 0.036876 -0.039216 -0.073753
0 0.013305 0.023861 -0.023810 -0.047722
0 0.009804 0.013015 -0.016807 -0.026030
0 0.009804 0.013015 -0.016807 -0.026030
0 0.009804 0.013015 -0.016807 -0.026030
0 0.009804 0.013015 -0.016807 -0.026030
0 0.009804 0.013015 -0.016807 -0.026030
0 0.013305 0.023861 -0.023810 -0.047722
0 0.009804 0.013015 -0.016807 -0.026030
0 0.006303 0.009761 -0.009804 -0.019523
0 0.009804 0.013015 -0.016807 -0.026030
0 0.021008 0.036876 -0.039216 -0.073753
0 0.009804 0.013015 -0.016807 -0.026030
0 0.006303 0.009761 -0.009804 -0.019523
0 0.013305 0.023861 -0.023810 -0.047722
0 0.013305 0.023861 -0.023810 -0.047722
0 0.009804 0.013015 -0.016807 -0.026030
0 0.013305 0.023861 -0.023810 -0.047722
0 0.021008 0.036876 -0.039216 -0.073753
0 0.013305 0.023861 -0.023810 -0.047722
0 0.013305 0.023861 -0.023810 -0.047722
0 0.021008 0.036876 -0.039216 -0.073753
0 0.013305 0.023861 -0.023810 -0.047722
0 0.009804 0.013015 -0.016807 -0.026030
0 0.009804 0.013015 -0.016807 -0.026030
0 0.013305 0.023861 -0.023810 -0.047722
0 0.013305 0.023861 -0.023810 -0.047722
0 0.021008 0.036876 -0.039216 -0.073753
0 0.006303 0.009761 -0.009804 -0.019523
0 0.009804 0.013015 -0.016807 -0.026030
0 0.016807 0.030369 -0.030812 -0.060738
0 0.013305 0.023861 -0.023810 -0.047722
0 0.013305 0.023861 -0.023810 -0.047722
0 0.009804 0.013015 -0.016807 -0.026030
0 0.013305 0.023861 -0.023810 -0.047722
0 0.013305 0.023861 -0.023810 -0.047722
0 0.013305 0.023861 -0.023810 -0.047722
0 0.009804 0.013015 -0.016807 -0.026030
0 0.013305 0.023861 -0.023810 -0.047722
0 0.007703 0.010846 -0.012605 -0.021692
0 0.006303 0.009761 -0.009804 -0.019523
0 0.006303 0.009761 -0.009804 -0.019523
0 0.009804 0.013015 -0.016807 -0.026030
0 0.013305 0.023861 -0.023810 -0.047722
0 0.013305 0.023861 -0.023810 -0.047722
0 0.021008 0.036876 -0.039216 -0.073753
0 0.013305 0.023861 -0.023810 -0.047722
0 0.013305 0.023861 -0.023810 -0.047722
0 0.013305 0.023861 -0.023810 -0.047722
0 0.021008 0.036876 -0.039216 -0.073753
0 0.009804 0.013015 -0.016807 -0.026030
0 0.013305 0.023861 -0.023810 -0.047722
0 0.009804 0.013015 -0.016807 -0.026030
0 0.009804 0.013015 -0.016807 -0.026030
0 0.013305 0.023861 -0.023810 -0.047722
0 0.013305 0.023861 -0.023810 -0.047722
0 0.013305 0.023861 -0.023810 -0.047722
0 0.013305 0.023861 -0.023810 -0.047722
0 0.013305 0.023861 -0.023810 -0.047722
0 0.009804 0.013015 -0.016807 -0.026030
0 0.009804 0.013015 -0.016807 -0.026030
0 0.009804 0.013015 -0.016807 -0.026030
0 0.013305 0.023861 -0.023810 -0.047722
0 0.008403 0.011931 -0.014006 -0.023861
0 0.009804 0.013015 -0.016807 -0.026030
0 0.013305 0.023861 -0.023810 -0.047722
0 0.013305 0.023861 -0.023810 -0.047722