0 0.015333 0.017333 -0.029333 -0.034667
0 0.012667 0.017000 -0.024000 -0.034000
0 0.012667 0.017000 -0.024000 -0.034000
0 0.015333 0.017333 -0.029333 -0.034667
0 0.015333 0.017333 -0.029333 -0.034667
0 0.012667 0.017000 -0.024000 -0.034000
0 0.012667 0.017000 -0.024000 -0.034000
0 0.008667 0.009667 -0.016000 -0.019333
0 0.010000 0.008667 -0.018667 -0.017333
0 0.047000 0.063000 -0.092667 -0.126000
0 0.010000 0.008667 -0.018667 -0.017333
0 0.015333 0.017333 -0.029333 -0.034667
0 0.008667 0.009667 -0.016000 -0.019333
0 0.008667 0.009667 -0.016000 -0.019333
0 0.030000 0.038667 -0.058667 -0.077333
0 0.010000 0.008667 -0.018667 -0.017333
0 0.008667 0.009667 -0.016000 -0.019333
0 0.012333 0.018333 -0.023333 -0.036667
0 0.012667 0.017000 -0.024000 -0.034000
0 0.015333 0.017333 -0.029333 -0.034667
0 0.045667 0.050667 -0.090000 -0.101333
0 0.010000 0.008667 -0.018667 -0.017333
0 0.010000 0.008667 -0.018667 -0.017333
0 0.010000 0.008667 -0.018667 -0.017333
0 0.008667 0.009667 -0.016000 -0.019333
0 0.012667 0.017000 -0.024000 -0.034000
0 0.008667 0.009667 -0.016000 -0.019333
0 0.015333 0.017333 -0.029333 -0.034667
0 0.012667 0.017000 -0.024000 -0.034000
0 0.008667 0.009667 -0.016000 -0.019333
0 0.012667 0.017000 -0.024000 -0.034000
0 0.015333 0.017333 -0.029333 -0.034667
0 0.015333 0.017333 -0.029333 -0.034667
0 0.010000 0.008667 -0.018667 -0.017333
0 0.010000 0.008667 -0.018667 -0.017333
0 0.012333 0.018333 -0.023333 -0.036667
0 0.008667 0.009667 -0.016000 -0.019333
0 0.012333 0.018333 -0.023333 -0.036667
0 0.010000 0.008667 -0.018667 -0.017333
0 0.012333 0.018333 -0.023333 -0.036667
0 0.010000 0.008667 -0.018667 -0.017333
0 0.010000 0.008667 -0.018667 -0.017333
0 0.012333 0.018333 -0.023333 -0.036667
0 0.030000 0.038667 -0.058667 -0.077333
0 0.012333 0.018333 -0.023333 -0.036667
0 0.031333 0.042000 -0.061333 -0.084000
0 0.012667 0.017000 -0.024000 -0.034000
0 0.012667 0.017000 -0.024000 -0.034000
0 0.015333 0.017333 -0.029333 -0.034667
0 0.010000 0.008667 -0.018667 -0.017333
0 0.012667 0.017000 -0.024000 -0.034000
0 0.012667 0.017000 -0.024000 -0.034000
0 0.010000 0.008667 -0.018667 -0.017333
0 0.012333 0.018333 -0.023333 -0.036667
0 0.010000 0.008667 -0.018667 -0.017333
0 0.012667 0.017000 -0.024000 -0.034000
0 0.010000 0.008667 -0.018667 -0.017333
0 0.012667 0.017000 -0.024000 -0.034000
0 0.008667 0.009667 -0.016000 -0.019333
0 0.012667 0.017000 -0.024000 -0.034000
0 0.010000 0.008667 -0.018667 -0.017333
0 0.012667 0.017000 -0.024000 -0.034000
0 0.008667 0.009667 -0.016000 -0.019333
0 0.012667 0.017000 -0.024000 -0.034000
0 0.008667 0.009667 -0.016000 -0.019333
0 0.012667 0.017000 -0.024000 -0.034000
0 0.010000 0.008667 -0.018667 -0.017333
0 0.010000 0.008667 -0.018667 -0.017333
0 0.015333 0.017333 -0.029333 -0.034667
0 0.008667 0.009667 -0.016000 -0.019333
0 0.008667 0.009667 -0.016000 -0.019333
0 0.010000 0.008667 -0.018667 -0.017333
0 0.044000 0.070333 -0.086667 -0.140667
0 0.010000 0.008667 -0.018667 -0.017333
0 0.030000 0.038667 -0.058667 -0.077333
0 0.010000 0.008667 -0.018667 -0.017333
0 0.010000 0.008667 -0.018667 -0.017333
0 0.012667 0.017000 -0.024000 -0.034000
0 0.008667 0.009667 -0.016000 -0.019333
0 0.030000 0.038667 -0.058667 -0.077333
0 0.012333 0.018333 -0.023333 -0.036667
0 0.045667 0.053667 -0.090000 -0.107333
0 0.060333 0.077000 -0.119333 -0.154000
0 0.010000 0.008667 -0.018667 -0.017333
0 0.008667 0.009667 -0.016000 -0.019333
0 0.012667 0.017000 -0.024000 -0.034000
0 0.010000 0.008667 -0.018667 -0.017333
0 0.012667 0.017000 -0.024000 -0.034000
0 0.010000 0.008667 -0.018667 -0.017333
0 0.010000 0.008667 -0.018667 -0.017333
0 0.012667 0.017000 -0.024000 -0.034000
0 0.008667 0.009667 -0.016000 -0.019333
0 0.012667 0.017000 -0.024000 -0.034000
0 0.015333 0.017333 -0.029333 -0.034667
0 0.010000 0.008667 -0.018667 -0.017333
0 0.010000 0.008667 -0.018667 -0.017333
0 0.009000 0.009333 -0.016667 -0.018667
0 0.015333 0.017333 -0.029333 -0.034667
0 0.010000 0.008667 -0.018667 -0.017333
0 0.111667 0.071333 -0.222000 -0.142667
0 0.010000 0.008667 -0.018667 -0.017333
0 0.012333 0.018333 -0.023333 -0.036667
0 0.010000 0.008667 -0.018667 -0.017333
0 0.008667 0.009667 -0.016000 -0.019333
0 0.008667 0.009667 -0.016000 -0.019333
0 0.012667 0.017000 -0.024000 -0.034000
0 0.012333 0.018333 -0.023333 -0.036667