0 0.004518 0.008737 -0.007530 -0.017473
0 0.005648 0.012097 -0.009789 -0.024194
0 0.004142 0.010081 -0.006777 -0.020161
0 0.003389 0.006720 -0.005271 -0.013441
0 0.003389 0.006720 -0.005271 -0.013441
0 0.003389 0.007392 -0.005271 -0.014785
0 0.004142 0.010081 -0.006777 -0.020161
0 0.005648 0.012097 -0.009789 -0.024194
0 0.004518 0.008737 -0.007530 -0.017473
0 0.005648 0.012097 -0.009789 -0.024194
0 0.004142 0.009409 -0.006777 -0.018817
0 0.008660 0.017473 -0.015813 -0.034946
0 0.004518 0.008737 -0.007530 -0.017473
0 0.003389 0.006720 -0.005271 -0.013441
0 0.005648 0.012097 -0.009789 -0.024194
0 0.003765 0.008065 -0.006024 -0.016129
0 0.005648 0.012097 -0.009789 -0.024194
0 0.004142 0.010081 -0.006777 -0.020161
0 0.003389 0.006720 -0.005271 -0.013441
0 0.003389 0.006720 -0.005271 -0.013441
0 0.003389 0.006720 -0.005271 -0.013441
0 0.003389 0.006720 -0.005271 -0.013441
0 0.003389 0.006720 -0.005271 -0.013441
0 0.004142 0.010081 -0.006777 -0.020161
0 0.004142 0.010081 -0.006777 -0.020161
0 0.003389 0.006720 -0.005271 -0.013441
0 0.005648 0.012097 -0.009789 -0.024194
0 0.005648 0.012097 -0.009789 -0.024194
0 0.004142 0.010081 -0.006777 -0.020161
0 0.004518 0.008737 -0.007530 -0.017473
0 0.005648 0.012097 -0.009789 -0.024194
0 0.004142 0.010081 -0.006777 -0.020161
0 0.003389 0.006720 -0.005271 -0.013441
0 0.004518 0.008737 -0.007530 -0.017473
0 0.004518 0.008737 -0.007530 -0.017473
0 0.004142 0.010081 -0.006777 -0.020161
0 0.003389 0.006720 -0.005271 -0.013441
0 0.003389 0.006720 -0.005271 -0.013441
0 0.003389 0.006720 -0.005271 -0.013441
0 0.004518 0.008737 -0.007530 -0.017473
0 0.003389 0.006720 -0.005271 -0.013441
0 0.004518 0.008737 -0.007530 -0.017473
0 0.003389 0.006720 -0.005271 -0.013441
0 0.003389 0.006720 -0.005271 -0.013441
0 0.004518 0.008737 -0.007530 -0.017473
0 0.004142 0.010081 -0.006777 -0.020161
0 0.003389 0.006720 -0.005271 -0.013441
0 0.003765 0.008065 -0.006024 -0.016129
0 0.003389 0.006720 -0.005271 -0.013441
0 0.003389 0.006720 -0.005271 -0.013441
0 0.005648 0.012097 -0.009789 -0.024194
0 0.003389 0.006720 -0.005271 -0.013441
0 0.003389 0.006720 -0.005271 -0.013441
0 0.005648 0.012097 -0.009789 -0.024194
0 0.004518 0.008737 -0.007530 -0.017473
0 0.003389 0.006720 -0.005271 -0.013441
0 0.004518 0.008737 -0.007530 -0.017473
0 0.004142 0.010081 -0.006777 -0.020161
0 0.004518 0.008737 -0.007530 -0.017473
0 0.005648 0.012097 -0.009789 -0.024194
0 0.012801 0.029570 -0.024096 -0.059140
0 0.004142 0.010081 -0.006777 -0.020161
0 0.003389 0.006720 -0.005271 -0.013441
0 0.004518 0.008737 -0.007530 -0.017473
0 0.003389 0.006720 -0.005271 -0.013441
0 0.003389 0.006720 -0.005271 -0.013441
0 0.005648 0.012097 -0.009789 -0.024194
0 0.004518 0.008737 -0.007530 -0.017473
0 0.004142 0.010081 -0.006777 -0.020161
0 0.004518 0.008737 -0.007530 -0.017473
0 0.003389 0.006720 -0.005271 -0.013441
0 0.012801 0.029570 -0.024096 -0.059140
0 0.004142 0.010081 -0.006777 -0.020161
0 0.005648 0.012097 -0.009789 -0.024194
0 0.005648 0.012097 -0.009789 -0.024194
0 0.004518 0.008737 -0.007530 -0.017473
0 0.004142 0.010081 -0.006777 -0.020161