0 0.009731 0.024562 -0.018914 -0.049125
0 0.004112 0.012403 -0.007675 -0.024805
0 0.004797 0.012403 -0.009046 -0.024805
0 0.008087 0.014835 -0.015625 -0.029669
0 0.014803 0.028210 -0.029057 -0.056420
0 0.009731 0.024562 -0.018914 -0.049125
0 0.003701 0.005593 -0.006853 -0.011187
0 0.004797 0.012403 -0.009046 -0.024805
0 0.004112 0.012403 -0.007675 -0.024805
0 0.004112 0.012403 -0.007675 -0.024805
0 0.008087 0.014835 -0.015625 -0.029669
0 0.008087 0.014835 -0.015625 -0.029669
0 0.002878 0.006323 -0.005208 -0.012646
0 0.008087 0.014835 -0.015625 -0.029669
0 0.003701 0.006566 -0.006853 -0.013132
0 0.003701 0.006566 -0.006853 -0.013132
0 0.008087 0.014835 -0.015625 -0.029669
0 0.003701 0.006566 -0.006853 -0.013132
0 0.004386 0.008025 -0.008224 -0.016051
0 0.002878 0.006323 -0.005208 -0.012646
0 0.004797 0.012403 -0.009046 -0.024805
0 0.008087 0.014835 -0.015625 -0.029669
0 0.002878 0.006323 -0.005208 -0.012646
0 0.003701 0.008025 -0.006853 -0.016051
0 0.008087 0.014835 -0.015625 -0.029669
0 0.003701 0.006566 -0.006853 -0.013132
0 0.004386 0.009484 -0.008224 -0.018969
0 0.004112 0.012403 -0.007675 -0.024805
0 0.003152 0.005593 -0.005757 -0.011187
0 0.003152 0.006566 -0.005757 -0.013132
0 0.003289 0.005350 -0.006031 -0.010700
0 0.009731 0.024562 -0.018914 -0.049125
0 0.002878 0.006323 -0.005208 -0.012646
0 0.009731 0.029426 -0.018914 -0.058852
0 0.003701 0.005593 -0.006853 -0.011187
0 0.004112 0.012403 -0.007675 -0.024805
0 0.004112 0.012403 -0.007675 -0.024805
0 0.008087 0.014835 -0.015625 -0.029669
0 0.003289 0.005350 -0.006031 -0.010700
0 0.003701 0.006566 -0.006853 -0.013132
0 0.004112 0.012403 -0.007675 -0.024805
0 0.004797 0.012403 -0.009046 -0.024805
0 0.008087 0.014835 -0.015625 -0.029669
0 0.008087 0.014835 -0.015625 -0.029669
0 0.003701 0.006566 -0.006853 -0.013132
0 0.008087 0.014835 -0.015625 -0.029669
0 0.002878 0.006323 -0.005208 -0.012646
0 0.008087 0.014835 -0.015625 -0.029669
0 0.004112 0.012403 -0.007675 -0.024805
0 0.003701 0.006566 -0.006853 -0.013132
0 0.002878 0.006323 -0.005208 -0.012646
0 0.003289 0.005350 -0.006031 -0.010700
0 0.003701 0.006566 -0.006853 -0.013132
0 0.003701 0.006566 -0.006853 -0.013132
0 0.008087 0.014835 -0.015625 -0.029669
0 0.008087 0.014835 -0.015625 -0.029669
0 0.002878 0.006323 -0.005208 -0.012646
0 0.003701 0.006566 -0.006853 -0.013132
0 0.003701 0.006566 -0.006853 -0.013132
0 0.009731 0.024562 -0.018914 -0.049125
0 0.000822 0.001946 -0.001096 -0.003891
0 0.003701 0.008025 -0.006853 -0.016051
0 0.003701 0.006566 -0.006853 -0.013132
0 0.003152 0.003161 -0.005757 -0.006323
0 0.004386 0.009484 -0.008224 -0.018969
0 0.003701 0.008025 -0.006853 -0.016051
0 0.014803 0.028210 -0.029057 -0.056420
0 0.003701 0.006566 -0.006853 -0.013132
0 0.008087 0.014835 -0.015625 -0.029669
0 0.004112 0.012403 -0.007675 -0.024805
0 0.004797 0.012403 -0.009046 -0.024805
0 0.011650 0.029426 -0.022752 -0.058852
0 0.008087 0.014835 -0.015625 -0.029669
0 0.017681 0.033804 -0.034814 -0.067607
0 0.008087 0.014835 -0.015625 -0.029669
0 0.008087 0.014835 -0.015625 -0.029669
0 0.008087 0.014835 -0.015625 -0.029669
0 0.008087 0.014835 -0.015625 -0.029669
0 0.008087 0.014835 -0.015625 -0.029669
0 0.003701 0.006566 -0.006853 -0.013132
0 0.003701 0.006566 -0.006853 -0.013132
0 0.002878 0.006323 -0.005208 -0.012646
0 0.002878 0.006323 -0.005208 -0.012646
0 0.008087 0.014835 -0.015625 -0.029669
0 0.008087 0.014835 -0.015625 -0.029669
0 0.008087 0.014835 -0.015625 -0.029669
0 0.002878 0.006323 -0.005208 -0.012646
0 0.008087 0.014835 -0.015625 -0.029669
0 0.014803 0.028210 -0.029057 -0.056420
0 0.009731 0.024562 -0.018914 -0.049125
0 0.003289 0.005350 -0.006031 -0.010700
0 0.004112 0.012403 -0.007675 -0.024805
0 0.002878 0.006323 -0.005208 -0.012646
0 0.011650 0.029426 -0.022752 -0.058852
0 0.008087 0.014835 -0.015625 -0.029669
0 0.008087 0.014835 -0.015625 -0.029669
0 0.004797 0.012403 -0.009046 -0.024805
0 0.003152 0.003161 -0.005757 -0.006323
0 0.002878 0.006323 -0.005208 -0.012646
0 0.004386 0.006566 -0.008224 -0.013132
0 0.008087 0.014835 -0.015625 -0.029669
0 0.008087 0.014835 -0.015625 -0.029669
0 0.008087 0.014835 -0.015625 -0.029669
0 0.004797 0.014835 -0.009046 -0.029669
0 0.002878 0.006323 -0.005208 -0.012646
0 0.004386 0.008025 -0.008224 -0.016051
0 0.003701 0.005593 -0.006853 -0.011187
0 0.008087 0.014835 -0.015625 -0.029669
0 0.002878 0.006323 -0.005208 -0.012646
0 0.002878 0.006323 -0.005208 -0.012646
0 0.003289 0.005350 -0.006031 -0.010700
0 0.014803 0.028210 -0.029057 -0.056420
0 0.004112 0.012403 -0.007675 -0.024805
0 0.003701 0.008025 -0.006853 -0.016051
0 0.008087 0.014835 -0.015625 -0.029669
0 0.008087 0.014835 -0.015625 -0.029669
0 0.022752 0.045233 -0.044956 -0.090467
0 0.002878 0.006323 -0.005208 -0.012646
0 0.008087 0.014835 -0.015625 -0.029669
0 0.022752 0.045233 -0.044956 -0.090467
0 0.003701 0.008025 -0.006853 -0.016051
0 0.003701 0.006566 -0.006853 -0.013132
0 0.003701 0.006566 -0.006853 -0.013132
0 0.004112 0.012403 -0.007675 -0.024805
0 0.004386 0.008025 -0.008224 -0.016051
0 0.014803 0.028210 -0.029057 -0.056420
0 0.004386 0.008025 -0.008224 -0.016051
0 0.009731 0.029426 -0.018914 -0.058852
0 0.008087 0.014835 -0.015625 -0.029669
0 0.003701 0.008025 -0.006853 -0.016051
0 0.002878 0.006323 -0.005208 -0.012646
0 0.004112 0.012403 -0.007675 -0.024805
0 0.008087 0.014835 -0.015625 -0.029669
0 0.008087 0.014835 -0.015625 -0.029669
0 0.008087 0.014835 -0.015625 -0.029669
0 0.004386 0.009484 -0.008224 -0.018969
0 0.014803 0.028210 -0.029057 -0.056420
0 0.009731 0.024562 -0.018914 -0.049125
0 0.008087 0.014835 -0.015625 -0.029669
0 0.008087 0.014835 -0.015625 -0.029669
0 0.008087 0.014835 -0.015625 -0.029669
0 0.008087 0.014835 -0.015625 -0.029669
0 0.008087 0.014835 -0.015625 -0.029669
0 0.004112 0.012403 -0.007675 -0.024805
0 0.022752 0.045233 -0.044956 -0.090467
0 0.004386 0.006566 -0.008224 -0.013132
0 0.002878 0.006323 -0.005208 -0.012646
0 0.008087 0.014835 -0.015625 -0.029669
0 0.003289 0.005350 -0.006031 -0.010700
0 0.009731 0.024562 -0.018914 -0.049125
0 0.003701 0.005593 -0.006853 -0.011187
0 0.008087 0.014835 -0.015625 -0.029669
0 0.004112 0.012403 -0.007675 -0.024805
0 0.008087 0.014835 -0.015625 -0.029669
0 0.008087 0.014835 -0.015625 -0.029669
0 0.008087 0.014835 -0.015625 -0.029669
0 0.022752 0.045233 -0.044956 -0.090467
0 0.008087 0.014835 -0.015625 -0.029669
0 0.003152 0.006566 -0.005757 -0.013132
0 0.002878 0.006323 -0.005208 -0.012646
0 0.003701 0.006566 -0.006853 -0.013132
0 0.004386 0.006566 -0.008224 -0.013132
0 0.008087 0.014835 -0.015625 -0.029669
0 0.003152 0.005593 -0.005757 -0.011187
0 0.003701 0.006566 -0.006853 -0.013132
0 0.002878 0.006323 -0.005208 -0.012646
0 0.003289 0.005350 -0.006031 -0.010700
0 0.003701 0.006566 -0.006853 -0.013132
0 0.008087 0.014835 -0.015625 -0.029669
0 0.008087 0.014835 -0.015625 -0.029669
0 0.008087 0.014835 -0.015625 -0.029669
0 0.008087 0.014835 -0.015625 -0.029669
0 0.000411 0.001702 -0.000274 -0.003405
0 0.004797 0.012403 -0.009046 -0.024805
0 0.004112 0.012403 -0.007675 -0.024805
0 0.004386 0.008025 -0.008224 -0.016051
0 0.008087 0.014835 -0.015625 -0.029669
0 0.003701 0.006566 -0.006853 -0.013132
0 0.003701 0.005593 -0.006853 -0.011187
0 0.003289 0.005350 -0.006031 -0.010700
0 0.008087 0.014835 -0.015625 -0.029669
0 0.008087 0.014835 -0.015625 -0.029669
0 0.009731 0.024562 -0.018914 -0.049125
0 0.002878 0.006323 -0.005208 -0.012646
0 0.008087 0.014835 -0.015625 -0.029669
0 0.008087 0.014835 -0.015625 -0.029669
0 0.003289 0.005350 -0.006031 -0.010700
0 0.004797 0.012403 -0.009046 -0.024805
0 0.003289 0.005350 -0.006031 -0.010700
0 0.003701 0.005593 -0.006853 -0.011187
0 0.017681 0.033804 -0.034814 -0.067607
0 0.004797 0.014835 -0.009046 -0.029669
0 0.002878 0.006323 -0.005208 -0.012646
0 0.004386 0.006566 -0.008224 -0.013132
0 0.004386 0.006566 -0.008224 -0.013132
0 0.003701 0.005593 -0.006853 -0.011187
0 0.009731 0.024562 -0.018914 -0.049125
0 0.002878 0.006323 -0.005208 -0.012646
0 0.022752 0.045233 -0.044956 -0.090467
0 0.004386 0.008025 -0.008224 -0.016051
0 0.008087 0.014835 -0.015625 -0.029669
0 0.004797 0.012403 -0.009046 -0.024805
0 0.003701 0.006566 -0.006853 -0.013132
0 0.002878 0.006323 -0.005208 -0.012646
0 0.008087 0.014835 -0.015625 -0.029669
0 0.004386 0.009484 -0.008224 -0.018969
0 0.008087 0.014835 -0.015625 -0.029669
0 0.008087 0.014835 -0.015625 -0.029669
0 0.004386 0.006566 -0.008224 -0.013132
0 0.003289 0.005350 -0.006031 -0.010700
0 0.011650 0.029426 -0.022752 -0.058852
0 0.004386 0.006566 -0.008224 -0.013132
0 0.003701 0.006566 -0.006853 -0.013132
0 0.011650 0.029426 -0.022752 -0.058852
0 0.004112 0.012403 -0.007675 -0.024805
0 0.011650 0.029426 -0.022752 -0.058852
0 0.002878 0.006323 -0.005208 -0.012646
0 0.003289 0.005350 -0.006031 -0.010700
0 0.004112 0.012403 -0.007675 -0.024805
0 0.008087 0.014835 -0.015625 -0.029669
0 0.004386 0.006566 -0.008224 -0.013132
0 0.008087 0.014835 -0.015625 -0.029669
0 0.017681 0.033804 -0.034814 -0.067607
0 0.008087 0.014835 -0.015625 -0.029669
0 0.004386 0.008025 -0.008224 -0.016051
0 0.002878 0.006323 -0.005208 -0.012646
0 0.008087 0.014835 -0.015625 -0.029669
0 0.002878 0.006323 -0.005208 -0.012646
0 0.004112 0.012403 -0.007675 -0.024805
0 0.008087 0.014835 -0.015625 -0.029669
0 0.003701 0.006566 -0.006853 -0.013132
0 0.008087 0.014835 -0.015625 -0.029669
0 0.008087 0.014835 -0.015625 -0.029669
0 0.003701 0.006566 -0.006853 -0.013132
0 0.008087 0.014835 -0.015625 -0.029669
0 0.008087 0.014835 -0.015625 -0.029669
0 0.008087 0.014835 -0.015625 -0.029669
0 0.009731 0.024562 -0.018914 -0.049125
0 0.008087 0.014835 -0.015625 -0.029669
0 0.002878 0.006323 -0.005208 -0.012646
0 0.011650 0.029426 -0.022752 -0.058852
0 0.014803 0.028210 -0.029057 -0.056420
0 0.003701 0.008025 -0.006853 -0.016051
0 0.008087 0.014835 -0.015625 -0.029669
0 0.008498 0.011430 -0.016447 -0.022860
0 0.003701 0.006566 -0.006853 -0.013132
0 0.003701 0.006566 -0.006853 -0.013132
0 0.004797 0.014835 -0.009046 -0.029669
0 0.004386 0.008025 -0.008224 -0.016051
0 0.008087 0.014835 -0.015625 -0.029669
0 0.004112 0.012403 -0.007675 -0.024805
0 0.008087 0.014835 -0.015625 -0.029669
0 0.008087 0.014835 -0.015625 -0.029669
0 0.008087 0.014835 -0.015625 -0.029669
0 0.003701 0.006566 -0.006853 -0.013132
0 0.009731 0.024562 -0.018914 -0.049125
0 0.004112 0.012403 -0.007675 -0.024805
0 0.008087 0.014835 -0.015625 -0.029669
0 0.004797 0.012403 -0.009046 -0.024805
0 0.004797 0.012403 -0.009046 -0.024805
0 0.003701 0.006566 -0.006853 -0.013132
0 0.008087 0.014835 -0.015625 -0.029669
0 0.008087 0.014835 -0.015625 -0.029669
0 0.008087 0.014835 -0.015625 -0.029669
0 0.008087 0.014835 -0.015625 -0.029669
0 0.003701 0.006566 -0.006853 -0.013132
0 0.003289 0.005350 -0.006031 -0.010700
0 0.003701 0.006566 -0.006853 -0.013132
0 0.008087 0.014835 -0.015625 -0.029669
0 0.002878 0.006323 -0.005208 -0.012646
0 0.004797 0.012403 -0.009046 -0.024805
0 0.003701 0.006566 -0.006853 -0.013132
0 0.009731 0.029426 -0.018914 -0.058852
0 0.004797 0.012403 -0.009046 -0.024805
0 0.017681 0.033804 -0.034814 -0.067607
0 0.002878 0.006323 -0.005208 -0.012646
0 0.003701 0.006566 -0.006853 -0.013132
0 0.003701 0.006566 -0.006853 -0.013132
0 0.009731 0.024562 -0.018914 -0.049125
0 0.021107 0.038181 -0.041667 -0.076362
0 0.008087 0.014835 -0.015625 -0.029669
0 0.008087 0.014835 -0.015625 -0.029669
0 0.003701 0.006566 -0.006853 -0.013132
0 0.002878 0.006323 -0.005208 -0.012646
0 0.004112 0.012403 -0.007675 -0.024805
0 0.009731 0.024562 -0.018914 -0.049125
0 0.008087 0.014835 -0.015625 -0.029669
0 0.003701 0.006566 -0.006853 -0.013132
0 0.008087 0.014835 -0.015625 -0.029669
0 0.003701 0.006566 -0.006853 -0.013132
0 0.022752 0.045233 -0.044956 -0.090467
0 0.002878 0.006323 -0.005208 -0.012646
0 0.008087 0.014835 -0.015625 -0.029669
0 0.004797 0.012403 -0.009046 -0.024805
0 0.008087 0.014835 -0.015625 -0.029669