0 0.007500 0.015556 -0.012500 -0.031111
0 0.025000 0.046667 -0.047500 -0.093333
0 0.011875 0.025556 -0.021250 -0.051111
0 0.012500 0.034444 -0.022500 -0.068889
0 0.006875 0.013333 -0.011250 -0.026667
0 0.010625 0.024444 -0.018750 -0.048889
0 0.005625 0.012222 -0.008750 -0.024444
0 0.034375 0.064444 -0.066250 -0.128889
0 0.018125 0.044444 -0.033750 -0.088889
0 0.007500 0.012222 -0.012500 -0.024444
0 0.025000 0.046667 -0.047500 -0.093333
0 0.013125 0.033333 -0.023750 -0.066667
0 0.016250 0.038889 -0.030000 -0.077778
0 0.010625 0.024444 -0.018750 -0.048889
0 0.007500 0.012222 -0.012500 -0.024444
0 0.006875 0.013333 -0.011250 -0.026667
0 0.018125 0.044444 -0.033750 -0.088889
0 0.012500 0.032222 -0.022500 -0.064444
0 0.025000 0.046667 -0.047500 -0.093333
0 0.015000 0.028889 -0.027500 -0.057778
0 0.012500 0.034444 -0.022500 -0.068889
0 0.015000 0.028889 -0.027500 -0.057778
0 0.010625 0.025556 -0.018750 -0.051111
0 0.015625 0.034444 -0.028750 -0.068889
0 0.011250 0.024444 -0.020000 -0.048889
0 0.006875 0.013333 -0.011250 -0.026667
0 0.007500 0.015556 -0.012500 -0.031111
0 0.011250 0.024444 -0.020000 -0.048889
0 0.007500 0.015556 -0.012500 -0.031111
0 0.007500 0.012222 -0.012500 -0.024444
0 0.007500 0.012222 -0.012500 -0.024444
0 0.017500 0.034444 -0.032500 -0.068889
0 0.010625 0.025556 -0.018750 -0.051111
0 0.012500 0.032222 -0.022500 -0.064444
0 0.015000 0.040000 -0.027500 -0.080000
0 0.007500 0.012222 -0.012500 -0.024444
0 0.015000 0.040000 -0.027500 -0.080000
0 0.011875 0.021111 -0.021250 -0.042222
0 0.005625 0.012222 -0.008750 -0.024444
0 0.012500 0.034444 -0.022500 -0.068889
0 0.018125 0.044444 -0.033750 -0.088889
0 0.026875 0.046667 -0.051250 -0.093333
0 0.007500 0.012222 -0.012500 -0.024444
0 0.011250 0.024444 -0.020000 -0.048889
0 0.021250 0.036667 -0.040000 -0.073333
0 0.005625 0.012222 -0.008750 -0.024444