0 0.005268 0.013274 -0.008621 -0.026549
0 0.004789 0.006195 -0.007663 -0.012389
0 0.004789 0.006195 -0.007663 -0.012389
0 0.005268 0.013274 -0.008621 -0.026549
0 0.005268 0.013274 -0.008621 -0.026549
0 0.005268 0.013274 -0.008621 -0.026549
0 0.001916 0.003540 -0.001916 -0.007080
0 0.005268 0.013274 -0.008621 -0.026549
0 0.005268 0.013274 -0.008621 -0.026549
0 0.004789 0.006195 -0.007663 -0.012389
0 0.005268 0.013274 -0.008621 -0.026549
0 0.004789 0.006195 -0.007663 -0.012389
0 0.004789 0.006195 -0.007663 -0.012389
0 0.008621 0.019469 -0.015326 -0.038938
0 0.004789 0.006195 -0.007663 -0.012389
0 0.005268 0.013274 -0.008621 -0.026549
0 0.004789 0.006195 -0.007663 -0.012389
0 0.004789 0.006195 -0.007663 -0.012389
0 0.005268 0.013274 -0.008621 -0.026549
0 0.004789 0.006195 -0.007663 -0.012389
0 0.004789 0.006195 -0.007663 -0.012389
0 0.004789 0.006195 -0.007663 -0.012389
0 0.005268 0.013274 -0.008621 -0.026549
0 0.008621 0.019469 -0.015326 -0.038938
0 0.004789 0.006195 -0.007663 -0.012389
0 0.005268 0.013274 -0.008621 -0.026549
0 0.005268 0.013274 -0.008621 -0.026549
0 0.004789 0.006195 -0.007663 -0.012389
0 0.008621 0.019469 -0.015326 -0.038938
0 0.008621 0.019469 -0.015326 -0.038938
0 0.008621 0.019469 -0.015326 -0.038938
0 0.004789 0.006195 -0.007663 -0.012389
0 0.004789 0.006195 -0.007663 -0.012389
0 0.004789 0.006195 -0.007663 -0.012389
0 0.004789 0.006195 -0.007663 -0.012389
0 0.004789 0.006195 -0.007663 -0.012389
0 0.004789 0.006195 -0.007663 -0.012389
0 0.004789 0.006195 -0.007663 -0.012389
0 0.005268 0.013274 -0.008621 -0.026549
0 0.005268 0.013274 -0.008621 -0.026549
0 0.005268 0.013274 -0.008621 -0.026549
0 0.004789 0.006195 -0.007663 -0.012389
0 0.004789 0.006195 -0.007663 -0.012389
0 0.005268 0.013274 -0.008621 -0.026549
0 0.004789 0.006195 -0.007663 -0.012389
0 0.008621 0.019469 -0.015326 -0.038938
0 0.005268 0.013274 -0.008621 -0.026549
0 0.004789 0.006195 -0.007663 -0.012389
0 0.004789 0.006195 -0.007663 -0.012389
0 0.008621 0.019469 -0.015326 -0.038938
0 0.005268 0.013274 -0.008621 -0.026549
0 0.004789 0.006195 -0.007663 -0.012389
0 0.004789 0.006195 -0.007663 -0.012389
0 0.004789 0.006195 -0.007663 -0.012389
0 0.005747 0.013274 -0.007663 -0.026549
0 0.004789 0.006195 -0.007663 -0.012389
0 0.001916 0.003540 -0.001916 -0.007080
0 0.004789 0.006195 -0.007663 -0.012389
0 0.004789 0.006195 -0.007663 -0.012389
0 0.004789 0.006195 -0.007663 -0.012389
0 0.008621 0.019469 -0.015326 -0.038938
0 0.005268 0.013274 -0.008621 -0.026549
0 0.005268 0.013274 -0.008621 -0.026549
0 0.005268 0.013274 -0.008621 -0.026549
0 0.004789 0.006195 -0.007663 -0.012389
0 0.008621 0.019469 -0.015326 -0.038938
0 0.004789 0.006195 -0.007663 -0.012389
0 0.004789 0.006195 -0.007663 -0.012389
0 0.004789 0.006195 -0.007663 -0.012389
0 0.004789 0.006195 -0.007663 -0.012389
0 0.001916 0.003540 -0.001916 -0.007080
0 0.005268 0.013274 -0.008621 -0.026549
0 0.004789 0.006195 -0.007663 -0.012389
0 0.004789 0.006195 -0.007663 -0.012389
0 0.004789 0.006195 -0.007663 -0.012389
0 0.005268 0.013274 -0.008621 -0.026549
0 0.005268 0.013274 -0.008621 -0.026549
0 0.005268 0.013274 -0.008621 -0.026549
0 0.004789 0.006195 -0.007663 -0.012389
0 0.004789 0.006195 -0.007663 -0.012389
0 0.001916 0.003540 -0.001916 -0.007080
0 0.004789 0.006195 -0.007663 -0.012389
0 0.004789 0.006195 -0.007663 -0.012389
0 0.004789 0.006195 -0.007663 -0.012389
0 0.008621 0.019469 -0.015326 -0.038938
0 0.004789 0.006195 -0.007663 -0.012389
0 0.004789 0.006195 -0.007663 -0.012389
0 0.001916 0.003540 -0.001916 -0.007080
0 0.005268 0.013274 -0.008621 -0.026549
0 0.004789 0.006195 -0.007663 -0.012389
0 0.005268 0.013274 -0.008621 -0.026549
0 0.004789 0.006195 -0.007663 -0.012389
0 0.008621 0.019469 -0.015326 -0.038938
0 0.008621 0.019469 -0.015326 -0.038938
0 0.004789 0.006195 -0.007663 -0.012389
0 0.005268 0.013274 -0.008621 -0.026549
0 0.004789 0.006195 -0.007663 -0.012389
0 0.008621 0.019469 -0.015326 -0.038938
0 0.005268 0.013274 -0.008621 -0.026549
0 0.005268 0.013274 -0.008621 -0.026549
0 0.004789 0.006195 -0.007663 -0.012389
0 0.004789 0.006195 -0.007663 -0.012389
0 0.004789 0.006195 -0.007663 -0.012389
0 0.004789 0.006195 -0.007663 -0.012389
0 0.008621 0.019469 -0.015326 -0.038938
0 0.004789 0.006195 -0.007663 -0.012389
0 0.004789 0.006195 -0.007663 -0.012389
0 0.004789 0.006195 -0.007663 -0.012389
0 0.005268 0.013274 -0.008621 -0.026549
0 0.005268 0.013274 -0.008621 -0.026549
0 0.005268 0.013274 -0.008621 -0.026549
0 0.004789 0.006195 -0.007663 -0.012389
0 0.005268 0.013274 -0.008621 -0.026549
0 0.005268 0.013274 -0.008621 -0.026549
0 0.004789 0.006195 -0.007663 -0.012389
0 0.004789 0.006195 -0.007663 -0.012389
0 0.004789 0.006195 -0.007663 -0.012389
0 0.001916 0.003540 -0.001916 -0.007080
0 0.008621 0.019469 -0.015326 -0.038938
0 0.005268 0.013274 -0.008621 -0.026549
0 0.004789 0.006195 -0.007663 -0.012389
0 0.003352 0.004425 -0.004789 -0.008850
0 0.004789 0.006195 -0.007663 -0.012389
0 0.004789 0.006195 -0.007663 -0.012389
0 0.005268 0.013274 -0.008621 -0.026549
0 0.001916 0.003540 -0.001916 -0.007080
0 0.004789 0.006195 -0.007663 -0.012389
0 0.008621 0.019469 -0.015326 -0.038938
0 0.008621 0.019469 -0.015326 -0.038938
0 0.004789 0.006195 -0.007663 -0.012389
0 0.004789 0.006195 -0.007663 -0.012389
0 0.008621 0.019469 -0.015326 -0.038938
0 0.005268 0.013274 -0.008621 -0.026549
0 0.008621 0.019469 -0.015326 -0.038938
0 0.004789 0.006195 -0.007663 -0.012389
0 0.004789 0.006195 -0.007663 -0.012389
0 0.005268 0.013274 -0.008621 -0.026549
0 0.004789 0.006195 -0.007663 -0.012389
0 0.004789 0.006195 -0.007663 -0.012389
0 0.005268 0.013274 -0.008621 -0.026549
0 0.008621 0.019469 -0.015326 -0.038938
0 0.004789 0.006195 -0.007663 -0.012389
0 0.004789 0.006195 -0.007663 -0.012389
0 0.001916 0.003540 -0.001916 -0.007080
0 0.004789 0.006195 -0.007663 -0.012389
0 0.004789 0.006195 -0.007663 -0.012389
0 0.004789 0.006195 -0.007663 -0.012389
0 0.008621 0.019469 -0.015326 -0.038938
0 0.005268 0.013274 -0.008621 -0.026549
0 0.004789 0.006195 -0.007663 -0.012389
0 0.001916 0.003540 -0.001916 -0.007080
0 0.004789 0.006195 -0.007663 -0.012389
0 0.004789 0.006195 -0.007663 -0.012389
0 0.004789 0.006195 -0.007663 -0.012389
0 0.004789 0.006195 -0.007663 -0.012389
0 0.008621 0.019469 -0.015326 -0.038938
0 0.005268 0.013274 -0.008621 -0.026549
0 0.005268 0.013274 -0.008621 -0.026549
0 0.004789 0.006195 -0.007663 -0.012389
0 0.008621 0.019469 -0.015326 -0.038938
0 0.005268 0.013274 -0.008621 -0.026549
0 0.004789 0.006195 -0.007663 -0.012389
0 0.005268 0.013274 -0.008621 -0.026549
0 0.004789 0.006195 -0.007663 -0.012389
0 0.004789 0.006195 -0.007663 -0.012389
0 0.004789 0.006195 -0.007663 -0.012389
0 0.004789 0.006195 -0.007663 -0.012389
0 0.004789 0.006195 -0.007663 -0.012389
0 0.008621 0.019469 -0.015326 -0.038938
0 0.004789 0.006195 -0.007663 -0.012389
0 0.008621 0.019469 -0.015326 -0.038938
0 0.004789 0.006195 -0.007663 -0.012389
0 0.004789 0.006195 -0.007663 -0.012389
0 0.004789 0.006195 -0.007663 -0.012389
0 0.005268 0.013274 -0.008621 -0.026549
0 0.005268 0.013274 -0.008621 -0.026549
0 0.004789 0.006195 -0.007663 -0.012389
0 0.001916 0.003540 -0.001916 -0.007080
0 0.005268 0.013274 -0.008621 -0.026549
0 0.005268 0.013274 -0.008621 -0.026549
0 0.008621 0.019469 -0.015326 -0.038938
0 0.004789 0.006195 -0.007663 -0.012389
0 0.005268 0.013274 -0.008621 -0.026549
0 0.004789 0.006195 -0.007663 -0.012389
0 0.005268 0.013274 -0.008621 -0.026549
0 0.004789 0.006195 -0.007663 -0.012389
0 0.004789 0.006195 -0.007663 -0.012389
0 0.004789 0.006195 -0.007663 -0.012389
0 0.004789 0.006195 -0.007663 -0.012389
0 0.005268 0.013274 -0.008621 -0.026549
0 0.001916 0.003540 -0.001916 -0.007080
0 0.004789 0.006195 -0.007663 -0.012389
0 0.008621 0.019469 -0.015326 -0.038938
0 0.004789 0.006195 -0.007663 -0.012389
0 0.004789 0.006195 -0.007663 -0.012389
0 0.008621 0.019469 -0.015326 -0.038938
0 0.005268 0.013274 -0.008621 -0.026549
0 0.004789 0.006195 -0.007663 -0.012389
0 0.004789 0.006195 -0.007663 -0.012389
0 0.008621 0.019469 -0.015326 -0.038938
0 0.004789 0.006195 -0.007663 -0.012389
0 0.004789 0.006195 -0.007663 -0.012389
0 0.008621 0.019469 -0.015326 -0.038938
0 0.001916 0.003540 -0.001916 -0.007080
0 0.004789 0.006195 -0.007663 -0.012389
0 0.008621 0.019469 -0.015326 -0.038938
0 0.008621 0.019469 -0.015326 -0.038938
0 0.004789 0.006195 -0.007663 -0.012389
0 0.004789 0.006195 -0.007663 -0.012389
0 0.004789 0.006195 -0.007663 -0.012389
0 0.004789 0.006195 -0.007663 -0.012389
0 0.005268 0.013274 -0.008621 -0.026549
0 0.004789 0.006195 -0.007663 -0.012389
0 0.005268 0.013274 -0.008621 -0.026549
0 0.008621 0.019469 -0.015326 -0.038938
0 0.008621 0.019469 -0.015326 -0.038938
0 0.005268 0.013274 -0.008621 -0.026549
0 0.004789 0.006195 -0.007663 -0.012389
0 0.008621 0.019469 -0.015326 -0.038938
0 0.008621 0.019469 -0.015326 -0.038938
0 0.004789 0.006195 -0.007663 -0.012389
0 0.004789 0.006195 -0.007663 -0.012389
0 0.005268 0.013274 -0.008621 -0.026549
0 0.004789 0.006195 -0.007663 -0.012389
0 0.005268 0.013274 -0.008621 -0.026549
0 0.004789 0.006195 -0.007663 -0.012389
0 0.008621 0.019469 -0.015326 -0.038938
0 0.008621 0.019469 -0.015326 -0.038938
0 0.001916 0.003540 -0.001916 -0.007080
0 0.004789 0.006195 -0.007663 -0.012389
0 0.005268 0.013274 -0.008621 -0.026549
0 0.004789 0.006195 -0.007663 -0.012389
0 0.004789 0.006195 -0.007663 -0.012389
0 0.001916 0.003540 -0.001916 -0.007080
0 0.005268 0.013274 -0.008621 -0.026549
0 0.008621 0.019469 -0.015326 -0.038938
0 0.008621 0.019469 -0.015326 -0.038938
0 0.004789 0.006195 -0.007663 -0.012389
0 0.005268 0.013274 -0.008621 -0.026549
0 0.004789 0.006195 -0.007663 -0.012389
0 0.008621 0.019469 -0.015326 -0.038938
0 0.008621 0.019469 -0.015326 -0.038938
0 0.004789 0.006195 -0.007663 -0.012389
0 0.005268 0.013274 -0.008621 -0.026549
0 0.004789 0.006195 -0.007663 -0.012389
0 0.004789 0.006195 -0.007663 -0.012389
0 0.004789 0.006195 -0.007663 -0.012389
0 0.008621 0.019469 -0.015326 -0.038938
0 0.001916 0.003540 -0.001916 -0.007080
0 0.004789 0.006195 -0.007663 -0.012389
0 0.005747 0.013274 -0.007663 -0.026549
0 0.008621 0.019469 -0.015326 -0.038938
0 0.008621 0.019469 -0.015326 -0.038938
0 0.004789 0.006195 -0.007663 -0.012389
0 0.004789 0.006195 -0.007663 -0.012389
0 0.004789 0.006195 -0.007663 -0.012389
0 0.005747 0.008850 -0.009579 -0.017699
0 0.001916 0.003540 -0.001916 -0.007080
0 0.004789 0.006195 -0.007663 -0.012389
0 0.004789 0.006195 -0.007663 -0.012389
0 0.004789 0.006195 -0.007663 -0.012389
0 0.004789 0.006195 -0.007663 -0.012389
0 0.008621 0.019469 -0.015326 -0.038938
0 0.005268 0.013274 -0.008621 -0.026549
0 0.005268 0.013274 -0.008621 -0.026549
0 0.004789 0.006195 -0.007663 -0.012389
0 0.004789 0.006195 -0.007663 -0.012389
0 0.004789 0.006195 -0.007663 -0.012389
0 0.008621 0.019469 -0.015326 -0.038938
0 0.004789 0.006195 -0.007663 -0.012389
0 0.004789 0.006195 -0.007663 -0.012389
0 0.004789 0.006195 -0.007663 -0.012389
0 0.004789 0.006195 -0.007663 -0.012389
0 0.005268 0.013274 -0.008621 -0.026549
0 0.005268 0.013274 -0.008621 -0.026549
0 0.005268 0.013274 -0.008621 -0.026549
0 0.005268 0.013274 -0.008621 -0.026549
0 0.005268 0.013274 -0.008621 -0.026549
0 0.005268 0.013274 -0.008621 -0.026549
0 0.005268 0.013274 -0.008621 -0.026549
0 0.005268 0.013274 -0.008621 -0.026549
0 0.004789 0.006195 -0.007663 -0.012389
0 0.004789 0.006195 -0.007663 -0.012389
0 0.005268 0.013274 -0.008621 -0.026549
0 0.004789 0.006195 -0.007663 -0.012389
0 0.004789 0.006195 -0.007663 -0.012389
0 0.001916 0.003540 -0.001916 -0.007080
0 0.004789 0.006195 -0.007663 -0.012389
0 0.005268 0.013274 -0.008621 -0.026549
0 0.008621 0.019469 -0.015326 -0.038938
0 0.005268 0.013274 -0.008621 -0.026549
0 0.008621 0.019469 -0.015326 -0.038938
0 0.005268 0.013274 -0.008621 -0.026549
0 0.005268 0.013274 -0.008621 -0.026549
0 0.008621 0.019469 -0.015326 -0.038938
0 0.004789 0.006195 -0.007663 -0.012389
0 0.008621 0.019469 -0.015326 -0.038938
0 0.004789 0.006195 -0.007663 -0.012389
0 0.004789 0.006195 -0.007663 -0.012389
0 0.004789 0.006195 -0.007663 -0.012389
0 0.005268 0.013274 -0.008621 -0.026549
0 0.004789 0.006195 -0.007663 -0.012389
0 0.004789 0.006195 -0.007663 -0.012389
0 0.004789 0.006195 -0.007663 -0.012389
0 0.004789 0.006195 -0.007663 -0.012389
0 0.001916 0.003540 -0.001916 -0.007080
0 0.004789 0.006195 -0.007663 -0.012389
0 0.004789 0.006195 -0.007663 -0.012389
0 0.004789 0.006195 -0.007663 -0.012389
0 0.005268 0.013274 -0.008621 -0.026549
0 0.004789 0.006195 -0.007663 -0.012389
0 0.004789 0.006195 -0.007663 -0.012389
0 0.005268 0.013274 -0.008621 -0.026549
0 0.004789 0.006195 -0.007663 -0.012389
0 0.008621 0.019469 -0.015326 -0.038938
0 0.005268 0.013274 -0.008621 -0.026549