0 0.007500 0.013333 -0.013333 -0.026667
0 0.010833 0.015556 -0.020000 -0.031111
0 0.007500 0.013333 -0.013333 -0.026667
0 0.007500 0.013333 -0.013333 -0.026667
0 0.007500 0.013333 -0.013333 -0.026667
0 0.004583 0.005556 -0.007500 -0.011111
0 0.007500 0.013333 -0.013333 -0.026667
0 0.007500 0.013333 -0.013333 -0.026667
0 0.004583 0.005556 -0.007500 -0.011111
0 0.007500 0.013333 -0.013333 -0.026667
0 0.010833 0.015556 -0.020000 -0.031111
0 0.004583 0.005556 -0.007500 -0.011111
0 0.010833 0.015556 -0.020000 -0.031111
0 0.007500 0.013333 -0.013333 -0.026667
0 0.007500 0.013333 -0.013333 -0.026667
0 0.000833 0.000000 0.000000 0.000000
0 0.007500 0.013333 -0.013333 -0.026667
0 0.010833 0.015556 -0.020000 -0.031111
0 0.010833 0.015556 -0.020000 -0.031111
0 0.004583 0.005556 -0.007500 -0.011111
0 0.007500 0.013333 -0.013333 -0.026667
0 0.010833 0.015556 -0.020000 -0.031111
0 0.007500 0.013333 -0.013333 -0.026667
0 0.004583 0.005556 -0.007500 -0.011111
0 0.004583 0.005556 -0.007500 -0.011111
0 0.007500 0.013333 -0.013333 -0.026667
0 0.004583 0.005556 -0.007500 -0.011111
0 0.004583 0.005556 -0.007500 -0.011111
0 0.007500 0.013333 -0.013333 -0.026667
0 0.004583 0.005556 -0.007500 -0.011111
0 0.004583 0.005556 -0.007500 -0.011111
0 0.007500 0.013333 -0.013333 -0.026667
0 0.004583 0.005556 -0.007500 -0.011111
0 0.007500 0.013333 -0.013333 -0.026667
0 0.010833 0.015556 -0.020000 -0.031111
0 0.007500 0.013333 -0.013333 -0.026667
0 0.007500 0.013333 -0.013333 -0.026667
0 0.007500 0.013333 -0.013333 -0.026667
0 0.003750 0.004444 -0.005833 -0.008889
0 0.007500 0.013333 -0.013333 -0.026667
0 0.004583 0.005556 -0.007500 -0.011111
0 0.007500 0.013333 -0.013333 -0.026667
0 0.004583 0.005556 -0.007500 -0.011111
0 0.004583 0.005556 -0.007500 -0.011111
0 0.010833 0.015556 -0.020000 -0.031111
0 0.007500 0.013333 -0.013333 -0.026667
0 0.010833 0.015556 -0.020000 -0.031111
0 0.000833 0.000000 0.000000 0.000000
0 0.004583 0.005556 -0.007500 -0.011111
0 0.003333 0.003889 -0.005000 -0.007778
0 0.004583 0.005556 -0.007500 -0.011111
0 0.007500 0.013333 -0.013333 -0.026667
0 0.007500 0.013333 -0.013333 -0.026667
0 0.000833 0.000000 0.000000 0.000000
0 0.007500 0.013333 -0.013333 -0.026667
0 0.010833 0.015556 -0.020000 -0.031111
0 0.010833 0.015556 -0.020000 -0.031111
0 0.003333 0.003889 -0.005000 -0.007778
0 0.007500 0.013333 -0.013333 -0.026667
0 0.007500 0.013333 -0.013333 -0.026667
0 0.007500 0.013333 -0.013333 -0.026667