0 0.009577 0.017969 -0.017137 -0.035937
0 0.009577 0.017969 -0.017137 -0.035937
0 0.008569 0.015625 -0.015121 -0.031250
0 0.008569 0.015625 -0.015121 -0.031250
0 0.009577 0.016406 -0.017137 -0.032813
0 0.009577 0.016406 -0.017137 -0.032813
0 0.008569 0.015625 -0.015121 -0.031250
0 0.009577 0.016406 -0.017137 -0.032813
0 0.008569 0.015625 -0.015121 -0.031250
0 0.010081 0.014844 -0.018145 -0.029687
0 0.009577 0.017969 -0.017137 -0.035937
0 0.009073 0.017188 -0.016129 -0.034375
0 0.008569 0.015625 -0.015121 -0.031250
0 0.009577 0.017969 -0.017137 -0.035937
0 0.009577 0.017969 -0.017137 -0.035937
0 0.008569 0.015625 -0.015121 -0.031250
0 0.010081 0.014844 -0.018145 -0.029687
0 0.009577 0.016406 -0.017137 -0.032813
0 0.009073 0.017188 -0.016129 -0.034375
0 0.008569 0.015625 -0.015121 -0.031250
0 0.008569 0.015625 -0.015121 -0.031250
0 0.009577 0.017969 -0.017137 -0.035937
0 0.008569 0.015625 -0.015121 -0.031250
0 0.009577 0.017969 -0.017137 -0.035937
0 0.009073 0.017188 -0.016129 -0.034375
0 0.008569 0.015625 -0.015121 -0.031250
0 0.009577 0.016406 -0.017137 -0.032813
0 0.009577 0.017969 -0.017137 -0.035937
0 0.008569 0.015625 -0.015121 -0.031250
0 0.009577 0.017969 -0.017137 -0.035937
0 0.010081 0.014844 -0.018145 -0.029687
0 0.009073 0.017188 -0.016129 -0.034375
0 0.008569 0.015625 -0.015121 -0.031250
0 0.008569 0.015625 -0.015121 -0.031250
0 0.010081 0.014844 -0.018145 -0.029687
0 0.009073 0.017188 -0.016129 -0.034375
0 0.008569 0.015625 -0.015121 -0.031250
0 0.009577 0.016406 -0.017137 -0.032813
0 0.009577 0.016406 -0.017137 -0.032813
0 0.010081 0.014844 -0.018145 -0.029687
0 0.009577 0.017969 -0.017137 -0.035937
0 0.008569 0.015625 -0.015121 -0.031250
0 0.010081 0.014844 -0.018145 -0.029687
0 0.009577 0.017969 -0.017137 -0.035937
0 0.009577 0.016406 -0.017137 -0.032813
0 0.008569 0.015625 -0.015121 -0.031250
0 0.009073 0.017188 -0.016129 -0.034375
0 0.009073 0.017188 -0.016129 -0.034375
0 0.008569 0.015625 -0.015121 -0.031250
0 0.009577 0.016406 -0.017137 -0.032813
0 0.009577 0.017969 -0.017137 -0.035937
0 0.009577 0.017969 -0.017137 -0.035937
0 0.009577 0.016406 -0.017137 -0.032813
0 0.008569 0.015625 -0.015121 -0.031250
0 0.008569 0.015625 -0.015121 -0.031250
0 0.008569 0.015625 -0.015121 -0.031250
0 0.008569 0.015625 -0.015121 -0.031250
0 0.009073 0.017188 -0.016129 -0.034375
0 0.010081 0.014844 -0.018145 -0.029687
0 0.008569 0.015625 -0.015121 -0.031250
0 0.010081 0.014844 -0.018145 -0.029687
0 0.010081 0.014844 -0.018145 -0.029687
0 0.008569 0.015625 -0.015121 -0.031250
0 0.009073 0.014063 -0.016129 -0.028125
0 0.009073 0.017188 -0.016129 -0.034375
0 0.009577 0.017969 -0.017137 -0.035937
0 0.010081 0.014844 -0.018145 -0.029687
0 0.010081 0.014844 -0.018145 -0.029687
0 0.010081 0.014844 -0.018145 -0.029687
0 0.009577 0.016406 -0.017137 -0.032813
0 0.009073 0.017188 -0.016129 -0.034375
0 0.009577 0.016406 -0.017137 -0.032813
0 0.009073 0.014063 -0.016129 -0.028125
0 0.008569 0.015625 -0.015121 -0.031250
0 0.008569 0.015625 -0.015121 -0.031250
0 0.008569 0.015625 -0.015121 -0.031250
0 0.008569 0.015625 -0.015121 -0.031250
0 0.010081 0.014844 -0.018145 -0.029687
0 0.009073 0.017188 -0.016129 -0.034375
0 0.009577 0.017969 -0.017137 -0.035937
0 0.010081 0.014844 -0.018145 -0.029687
0 0.008569 0.015625 -0.015121 -0.031250
0 0.010081 0.014844 -0.018145 -0.029687
0 0.008569 0.015625 -0.015121 -0.031250
0 0.009073 0.017188 -0.016129 -0.034375
0 0.009577 0.017969 -0.017137 -0.035937
0 0.010081 0.014844 -0.018145 -0.029687
0 0.008569 0.015625 -0.015121 -0.031250
0 0.010081 0.014844 -0.018145 -0.029687
0 0.008569 0.015625 -0.015121 -0.031250
0 0.009073 0.017188 -0.016129 -0.034375
0 0.010081 0.014844 -0.018145 -0.029687
0 0.008569 0.015625 -0.015121 -0.031250
0 0.009577 0.016406 -0.017137 -0.032813
0 0.010081 0.014844 -0.018145 -0.029687
0 0.008569 0.015625 -0.015121 -0.031250
0 0.008569 0.015625 -0.015121 -0.031250
0 0.008569 0.015625 -0.015121 -0.031250
0 0.009073 0.017188 -0.016129 -0.034375
0 0.009577 0.017969 -0.017137 -0.035937
0 0.008569 0.015625 -0.015121 -0.031250
0 0.010081 0.014844 -0.018145 -0.029687
0 0.010081 0.014844 -0.018145 -0.029687
0 0.009073 0.017188 -0.016129 -0.034375
0 0.010585 0.015625 -0.019153 -0.031250
0 0.009073 0.017188 -0.016129 -0.034375
0 0.009577 0.017969 -0.017137 -0.035937
0 0.009577 0.016406 -0.017137 -0.032813
0 0.008569 0.015625 -0.015121 -0.031250
0 0.008569 0.015625 -0.015121 -0.031250
0 0.009577 0.016406 -0.017137 -0.032813
0 0.010081 0.014844 -0.018145 -0.029687
0 0.009577 0.017969 -0.017137 -0.035937
0 0.009577 0.016406 -0.017137 -0.032813
0 0.008569 0.015625 -0.015121 -0.031250
0 0.010081 0.014844 -0.018145 -0.029687
0 0.009073 0.014063 -0.016129 -0.028125
0 0.009073 0.017188 -0.016129 -0.034375
0 0.009577 0.016406 -0.017137 -0.032813
0 0.010081 0.014844 -0.018145 -0.029687
0 0.011593 0.018750 -0.021169 -0.037500
0 0.008569 0.015625 -0.015121 -0.031250
0 0.010081 0.014844 -0.018145 -0.029687
0 0.008569 0.015625 -0.015121 -0.031250
0 0.008569 0.015625 -0.015121 -0.031250
0 0.010081 0.014844 -0.018145 -0.029687
0 0.010081 0.014844 -0.018145 -0.029687
0 0.008569 0.015625 -0.015121 -0.031250
0 0.009577 0.016406 -0.017137 -0.032813
0 0.010081 0.014844 -0.018145 -0.029687
0 0.010081 0.014844 -0.018145 -0.029687
0 0.008569 0.015625 -0.015121 -0.031250
0 0.009577 0.016406 -0.017137 -0.032813
0 0.010081 0.014844 -0.018145 -0.029687
0 0.009577 0.017969 -0.017137 -0.035937
0 0.009073 0.017188 -0.016129 -0.034375
0 0.009577 0.016406 -0.017137 -0.032813
0 0.009577 0.016406 -0.017137 -0.032813
0 0.010081 0.014844 -0.018145 -0.029687
0 0.010081 0.014844 -0.018145 -0.029687
0 0.008569 0.015625 -0.015121 -0.031250
0 0.008569 0.015625 -0.015121 -0.031250
0 0.008569 0.015625 -0.015121 -0.031250
0 0.008569 0.015625 -0.015121 -0.031250
0 0.008569 0.015625 -0.015121 -0.031250
0 0.009073 0.018750 -0.016129 -0.037500
0 0.009073 0.017188 -0.016129 -0.034375
0 0.009577 0.016406 -0.017137 -0.032813
0 0.009577 0.016406 -0.017137 -0.032813
0 0.010081 0.014844 -0.018145 -0.029687
0 0.008569 0.015625 -0.015121 -0.031250
0 0.009073 0.017188 -0.016129 -0.034375
0 0.009577 0.017969 -0.017137 -0.035937
0 0.009577 0.017969 -0.017137 -0.035937
0 0.009073 0.017188 -0.016129 -0.034375
0 0.008569 0.015625 -0.015121 -0.031250
0 0.009577 0.016406 -0.017137 -0.032813
0 0.010081 0.014844 -0.018145 -0.029687
0 0.008569 0.015625 -0.015121 -0.031250
0 0.009073 0.017188 -0.016129 -0.034375
0 0.010081 0.014844 -0.018145 -0.029687
0 0.008569 0.015625 -0.015121 -0.031250
0 0.009577 0.016406 -0.017137 -0.032813
0 0.010081 0.014844 -0.018145 -0.029687
0 0.009073 0.017188 -0.016129 -0.034375
0 0.009073 0.018750 -0.016129 -0.037500
0 0.009073 0.017188 -0.016129 -0.034375
0 0.009073 0.018750 -0.016129 -0.037500
0 0.010081 0.014844 -0.018145 -0.029687
0 0.009577 0.016406 -0.017137 -0.032813
0 0.008569 0.015625 -0.015121 -0.031250
0 0.009577 0.016406 -0.017137 -0.032813
0 0.010081 0.014844 -0.018145 -0.029687
0 0.008569 0.015625 -0.015121 -0.031250
0 0.010081 0.014844 -0.018145 -0.029687
0 0.010081 0.014844 -0.018145 -0.029687
0 0.009577 0.016406 -0.017137 -0.032813
0 0.011593 0.018750 -0.021169 -0.037500
0 0.008569 0.015625 -0.015121 -0.031250
0 0.010585 0.015625 -0.019153 -0.031250
0 0.008569 0.015625 -0.015121 -0.031250
0 0.009073 0.017188 -0.016129 -0.034375
0 0.008569 0.015625 -0.015121 -0.031250
0 0.009577 0.017969 -0.017137 -0.035937
0 0.008569 0.015625 -0.015121 -0.031250
0 0.009073 0.017188 -0.016129 -0.034375
0 0.010081 0.014844 -0.018145 -0.029687
0 0.009577 0.016406 -0.017137 -0.032813
0 0.009577 0.017969 -0.017137 -0.035937
0 0.008569 0.015625 -0.015121 -0.031250
0 0.009577 0.016406 -0.017137 -0.032813
0 0.009577 0.017969 -0.017137 -0.035937
0 0.009577 0.017969 -0.017137 -0.035937
0 0.008569 0.015625 -0.015121 -0.031250
0 0.010081 0.014844 -0.018145 -0.029687
0 0.008569 0.015625 -0.015121 -0.031250
0 0.009577 0.017969 -0.017137 -0.035937
0 0.008569 0.015625 -0.015121 -0.031250
0 0.009577 0.016406 -0.017137 -0.032813
0 0.010081 0.014844 -0.018145 -0.029687
0 0.009073 0.017188 -0.016129 -0.034375
0 0.008569 0.015625 -0.015121 -0.031250
0 0.009577 0.016406 -0.017137 -0.032813
0 0.008569 0.015625 -0.015121 -0.031250
0 0.008569 0.015625 -0.015121 -0.031250
0 0.010081 0.014844 -0.018145 -0.029687
0 0.009577 0.016406 -0.017137 -0.032813
0 0.009577 0.016406 -0.017137 -0.032813
0 0.010081 0.017188 -0.014113 -0.034375
0 0.009073 0.017188 -0.016129 -0.034375
0 0.009577 0.016406 -0.017137 -0.032813
0 0.008569 0.015625 -0.015121 -0.031250
0 0.010081 0.014844 -0.018145 -0.029687
0 0.010081 0.014844 -0.018145 -0.029687
0 0.010081 0.014844 -0.018145 -0.029687
0 0.008569 0.015625 -0.015121 -0.031250
0 0.010081 0.017188 -0.014113 -0.034375
0 0.009577 0.016406 -0.017137 -0.032813
0 0.009577 0.017969 -0.017137 -0.035937
0 0.009073 0.017188 -0.016129 -0.034375
0 0.009577 0.016406 -0.017137 -0.032813
0 0.008569 0.015625 -0.015121 -0.031250
0 0.009577 0.016406 -0.017137 -0.032813
0 0.008569 0.015625 -0.015121 -0.031250
0 0.009577 0.016406 -0.017137 -0.032813
0 0.009577 0.016406 -0.017137 -0.032813
0 0.009577 0.016406 -0.017137 -0.032813
0 0.009577 0.016406 -0.017137 -0.032813
0 0.009073 0.017188 -0.016129 -0.034375
0 0.009577 0.016406 -0.017137 -0.032813
0 0.008569 0.015625 -0.015121 -0.031250
0 0.009073 0.017188 -0.016129 -0.034375
0 0.009577 0.017969 -0.017137 -0.035937
0 0.009577 0.017969 -0.017137 -0.035937
0 0.009577 0.016406 -0.017137 -0.032813
0 0.010081 0.014844 -0.018145 -0.029687
0 0.009577 0.017969 -0.017137 -0.035937
0 0.009073 0.017188 -0.016129 -0.034375
0 0.009577 0.016406 -0.017137 -0.032813
0 0.010081 0.014844 -0.018145 -0.029687
0 0.010081 0.014844 -0.018145 -0.029687
0 0.008569 0.015625 -0.015121 -0.031250
0 0.009073 0.017188 -0.016129 -0.034375
0 0.008569 0.015625 -0.015121 -0.031250
0 0.008569 0.015625 -0.015121 -0.031250
0 0.008569 0.015625 -0.015121 -0.031250
0 0.008569 0.015625 -0.015121 -0.031250
0 0.008569 0.015625 -0.015121 -0.031250
0 0.010081 0.014844 -0.018145 -0.029687
0 0.009577 0.017969 -0.017137 -0.035937
0 0.009073 0.017188 -0.016129 -0.034375
0 0.009577 0.017969 -0.017137 -0.035937
0 0.008569 0.015625 -0.015121 -0.031250
0 0.008569 0.015625 -0.015121 -0.031250