0 0.022917 0.044419 -0.043056 -0.088838
0 0.020833 0.037585 -0.038889 -0.075171
0 0.019444 0.041002 -0.036111 -0.082005
0 0.022917 0.044419 -0.043056 -0.088838
0 0.022917 0.044419 -0.043056 -0.088838
0 0.019444 0.041002 -0.036111 -0.082005
0 0.019444 0.041002 -0.036111 -0.082005
0 0.020833 0.042141 -0.038889 -0.084282
0 0.022917 0.044419 -0.043056 -0.088838
0 0.019444 0.041002 -0.036111 -0.082005
0 0.022917 0.044419 -0.043056 -0.088838
0 0.019444 0.041002 -0.036111 -0.082005
0 0.022917 0.044419 -0.043056 -0.088838
0 0.019444 0.041002 -0.036111 -0.082005
0 0.019444 0.041002 -0.036111 -0.082005
0 0.020833 0.039863 -0.038889 -0.079727
0 0.020833 0.037585 -0.038889 -0.075171
0 0.019444 0.041002 -0.036111 -0.082005
0 0.019444 0.041002 -0.036111 -0.082005
0 0.020833 0.037585 -0.038889 -0.075171
0 0.020833 0.037585 -0.038889 -0.075171
0 0.019444 0.041002 -0.036111 -0.082005
0 0.019444 0.041002 -0.036111 -0.082005
0 0.020833 0.042141 -0.038889 -0.084282
0 0.022917 0.044419 -0.043056 -0.088838
0 0.022917 0.044419 -0.043056 -0.088838
0 0.019444 0.041002 -0.036111 -0.082005
0 0.020833 0.037585 -0.038889 -0.075171
0 0.019444 0.041002 -0.036111 -0.082005
0 0.020139 0.041002 -0.034722 -0.082005
0 0.021528 0.042141 -0.037500 -0.084282
0 0.020833 0.042141 -0.038889 -0.084282
0 0.020833 0.037585 -0.038889 -0.075171
0 0.020833 0.037585 -0.038889 -0.075171
0 0.019444 0.041002 -0.036111 -0.082005
0 0.021528 0.042141 -0.037500 -0.084282
0 0.020833 0.037585 -0.038889 -0.075171
0 0.022917 0.044419 -0.043056 -0.088838
0 0.022917 0.044419 -0.043056 -0.088838
0 0.019444 0.041002 -0.036111 -0.082005
0 0.019444 0.041002 -0.036111 -0.082005
0 0.019444 0.041002 -0.036111 -0.082005
0 0.020833 0.037585 -0.038889 -0.075171
0 0.020833 0.037585 -0.038889 -0.075171
0 0.020833 0.037585 -0.038889 -0.075171
0 0.020833 0.037585 -0.038889 -0.075171
0 0.019444 0.041002 -0.036111 -0.082005
0 0.022917 0.044419 -0.043056 -0.088838
0 0.022917 0.044419 -0.043056 -0.088838
0 0.020833 0.037585 -0.038889 -0.075171
0 0.019444 0.041002 -0.036111 -0.082005
0 0.020833 0.037585 -0.038889 -0.075171
0 0.019444 0.041002 -0.036111 -0.082005
0 0.020139 0.041002 -0.034722 -0.082005
0 0.019444 0.041002 -0.036111 -0.082005
0 0.020833 0.042141 -0.038889 -0.084282
0 0.019444 0.041002 -0.036111 -0.082005
0 0.019444 0.041002 -0.036111 -0.082005
0 0.019444 0.041002 -0.036111 -0.082005
0 0.019444 0.041002 -0.036111 -0.082005
0 0.020833 0.037585 -0.038889 -0.075171
0 0.020833 0.042141 -0.038889 -0.084282
0 0.019444 0.041002 -0.036111 -0.082005
0 0.020833 0.037585 -0.038889 -0.075171
0 0.020139 0.041002 -0.037500 -0.082005
0 0.019444 0.041002 -0.036111 -0.082005
0 0.022917 0.044419 -0.043056 -0.088838
0 0.019444 0.041002 -0.036111 -0.082005
0 0.019444 0.041002 -0.036111 -0.082005
0 0.019444 0.041002 -0.036111 -0.082005
0 0.020833 0.037585 -0.038889 -0.075171
0 0.019444 0.041002 -0.036111 -0.082005
0 0.019444 0.039863 -0.036111 -0.079727
0 0.020833 0.042141 -0.038889 -0.084282
0 0.022917 0.044419 -0.043056 -0.088838
0 0.019444 0.041002 -0.036111 -0.082005
0 0.020833 0.037585 -0.038889 -0.075171
0 0.019444 0.041002 -0.036111 -0.082005
0 0.020139 0.037585 -0.037500 -0.075171
0 0.020833 0.037585 -0.038889 -0.075171
0 0.019444 0.041002 -0.036111 -0.082005
0 0.020833 0.042141 -0.038889 -0.084282
0 0.020833 0.037585 -0.038889 -0.075171
0 0.020833 0.037585 -0.038889 -0.075171
0 0.020833 0.042141 -0.038889 -0.084282
0 0.019444 0.041002 -0.036111 -0.082005
0 0.021528 0.037585 -0.037500 -0.075171
0 0.020139 0.041002 -0.037500 -0.082005
0 0.019444 0.041002 -0.036111 -0.082005
0 0.022917 0.044419 -0.043056 -0.088838
0 0.020833 0.037585 -0.038889 -0.075171
0 0.019444 0.041002 -0.036111 -0.082005
0 0.020833 0.037585 -0.038889 -0.075171
0 0.021528 0.043280 -0.040278 -0.086560
0 0.019444 0.041002 -0.036111 -0.082005
0 0.019444 0.041002 -0.036111 -0.082005
0 0.020833 0.042141 -0.038889 -0.084282
0 0.022917 0.044419 -0.043056 -0.088838
0 0.020833 0.037585 -0.038889 -0.075171
0 0.020833 0.042141 -0.038889 -0.084282
0 0.019444 0.041002 -0.036111 -0.082005
0 0.020833 0.042141 -0.038889 -0.084282
0 0.019444 0.041002 -0.036111 -0.082005
0 0.020833 0.037585 -0.038889 -0.075171
0 0.019444 0.041002 -0.036111 -0.082005
0 0.022917 0.044419 -0.043056 -0.088838
0 0.019444 0.041002 -0.036111 -0.082005
0 0.019444 0.041002 -0.036111 -0.082005
0 0.019444 0.041002 -0.036111 -0.082005
0 0.020833 0.042141 -0.038889 -0.084282
0 0.020833 0.042141 -0.038889 -0.084282
0 0.019444 0.041002 -0.036111 -0.082005
0 0.022917 0.044419 -0.043056 -0.088838
0 0.020833 0.042141 -0.038889 -0.084282
0 0.022917 0.044419 -0.043056 -0.088838
0 0.022917 0.044419 -0.043056 -0.088838
0 0.020833 0.037585 -0.038889 -0.075171
0 0.019444 0.041002 -0.036111 -0.082005
0 0.019444 0.041002 -0.036111 -0.082005
0 0.020833 0.042141 -0.038889 -0.084282
0 0.022917 0.044419 -0.043056 -0.088838
0 0.020833 0.037585 -0.038889 -0.075171
0 0.019444 0.041002 -0.036111 -0.082005
0 0.020833 0.037585 -0.038889 -0.075171
0 0.020833 0.037585 -0.038889 -0.075171
0 0.020833 0.037585 -0.038889 -0.075171
0 0.022917 0.044419 -0.043056 -0.088838
0 0.019444 0.041002 -0.036111 -0.082005
0 0.022917 0.044419 -0.043056 -0.088838
0 0.019444 0.041002 -0.036111 -0.082005
0 0.019444 0.041002 -0.036111 -0.082005
0 0.022917 0.044419 -0.043056 -0.088838
0 0.020139 0.037585 -0.037500 -0.075171
0 0.022917 0.044419 -0.043056 -0.088838
0 0.019444 0.041002 -0.036111 -0.082005
0 0.020833 0.037585 -0.038889 -0.075171
0 0.020833 0.037585 -0.038889 -0.075171
0 0.020833 0.042141 -0.038889 -0.084282
0 0.020833 0.042141 -0.038889 -0.084282
0 0.022917 0.044419 -0.043056 -0.088838
0 0.019444 0.041002 -0.036111 -0.082005
0 0.020833 0.042141 -0.038889 -0.084282
0 0.019444 0.041002 -0.036111 -0.082005
0 0.021528 0.037585 -0.037500 -0.075171
0 0.020833 0.037585 -0.038889 -0.075171