0 0.007161 0.010763 -0.011719 -0.021526
0 0.008464 0.018591 -0.014323 -0.037182
0 0.014974 0.023483 -0.027344 -0.046967
0 0.030599 0.058708 -0.058594 -0.117417
0 0.014974 0.023483 -0.027344 -0.046967
0 0.014974 0.025440 -0.027344 -0.050881
0 0.018229 0.030333 -0.033854 -0.060665
0 0.011068 0.017613 -0.019531 -0.035225
0 0.018229 0.031311 -0.033854 -0.062622
0 0.018229 0.030333 -0.033854 -0.060665
0 0.030599 0.055773 -0.058594 -0.111546
0 0.014974 0.025440 -0.027344 -0.050881
0 0.010417 0.019569 -0.018229 -0.039139
0 0.018229 0.030333 -0.033854 -0.060665
0 0.021484 0.038160 -0.040365 -0.076321
0 0.014323 0.024462 -0.026042 -0.048924
0 0.030599 0.058708 -0.058594 -0.117417
0 0.009115 0.015656 -0.015625 -0.031311
0 0.011719 0.019569 -0.020833 -0.039139
0 0.009115 0.015656 -0.015625 -0.031311
0 0.011719 0.019569 -0.020833 -0.039139
0 0.011719 0.019569 -0.020833 -0.039139
0 0.030599 0.058708 -0.058594 -0.117417
0 0.014323 0.024462 -0.026042 -0.048924
0 0.010417 0.019569 -0.018229 -0.039139
0 0.010417 0.018591 -0.018229 -0.037182
0 0.010417 0.019569 -0.018229 -0.039139
0 0.010417 0.018591 -0.018229 -0.037182
0 0.018229 0.030333 -0.033854 -0.060665
0 0.010417 0.016634 -0.018229 -0.033268
0 0.014974 0.023483 -0.027344 -0.046967
0 0.011068 0.017613 -0.019531 -0.035225
0 0.030599 0.055773 -0.058594 -0.111546
0 0.014974 0.025440 -0.027344 -0.050881
0 0.016276 0.030333 -0.029948 -0.060665
0 0.011719 0.019569 -0.020833 -0.039139
0 0.018229 0.031311 -0.033854 -0.062622
0 0.021484 0.038160 -0.040365 -0.076321
0 0.018229 0.031311 -0.033854 -0.062622
0 0.011719 0.019569 -0.020833 -0.039139
0 0.014974 0.025440 -0.027344 -0.050881
0 0.010417 0.016634 -0.018229 -0.033268
0 0.018229 0.030333 -0.033854 -0.060665
0 0.014974 0.025440 -0.027344 -0.050881
0 0.010417 0.016634 -0.018229 -0.033268
0 0.014323 0.024462 -0.026042 -0.048924
0 0.010417 0.019569 -0.018229 -0.039139
0 0.018229 0.031311 -0.033854 -0.062622
0 0.014323 0.024462 -0.026042 -0.048924
0 0.010417 0.018591 -0.018229 -0.037182
0 0.010417 0.018591 -0.018229 -0.037182
0 0.011068 0.017613 -0.019531 -0.035225
0 0.016927 0.023483 -0.031250 -0.046967
0 0.014974 0.025440 -0.027344 -0.050881
0 0.008464 0.018591 -0.014323 -0.037182
0 0.016276 0.030333 -0.029948 -0.060665
0 0.030599 0.058708 -0.058594 -0.117417
0 0.030599 0.055773 -0.058594 -0.111546
0 0.030599 0.058708 -0.058594 -0.117417
0 0.018229 0.031311 -0.033854 -0.062622
0 0.011068 0.017613 -0.019531 -0.035225
0 0.018229 0.031311 -0.033854 -0.062622
0 0.014323 0.024462 -0.026042 -0.048924
0 0.018229 0.030333 -0.033854 -0.060665
0 0.018229 0.030333 -0.033854 -0.060665
0 0.013672 0.027397 -0.024740 -0.054795
0 0.016276 0.030333 -0.029948 -0.060665
0 0.021484 0.038160 -0.040365 -0.076321
0 0.010417 0.016634 -0.018229 -0.033268