0 0.006923 0.005797 -0.010769 -0.011594
0 0.008462 0.009420 -0.013846 -0.018841
0 0.007692 0.008696 -0.012308 -0.017391
0 0.007692 0.008696 -0.012308 -0.017391
0 0.006923 0.005797 -0.010769 -0.011594
0 0.011538 0.011594 -0.020000 -0.023188
0 0.006923 0.005797 -0.010769 -0.011594
0 0.011538 0.011594 -0.020000 -0.023188
0 0.007692 0.008696 -0.012308 -0.017391
0 0.007692 0.008696 -0.012308 -0.017391
0 0.007692 0.008696 -0.012308 -0.017391
0 0.006923 0.007246 -0.010769 -0.014493
0 0.006923 0.005797 -0.010769 -0.011594
0 0.006923 0.005797 -0.010769 -0.011594
0 0.007692 0.008696 -0.012308 -0.017391
0 0.011538 0.011594 -0.020000 -0.023188
0 0.011538 0.011594 -0.020000 -0.023188
0 0.006923 0.005797 -0.010769 -0.011594
0 0.006923 0.005797 -0.010769 -0.011594
0 0.006923 0.005797 -0.010769 -0.011594
0 0.006923 0.005797 -0.010769 -0.011594
0 0.006923 0.005797 -0.010769 -0.011594
0 0.007692 0.008696 -0.012308 -0.017391
0 0.007692 0.008696 -0.012308 -0.017391
0 0.007692 0.008696 -0.012308 -0.017391
0 0.006923 0.005797 -0.010769 -0.011594
0 0.007692 0.008696 -0.012308 -0.017391
0 0.003846 0.004348 -0.004615 -0.008696
0 0.018462 0.016667 -0.033846 -0.033333
0 0.011538 0.011594 -0.020000 -0.023188
0 0.003846 0.004348 -0.004615 -0.008696
0 0.006923 0.005797 -0.010769 -0.011594
0 0.007692 0.008696 -0.012308 -0.017391
0 0.007692 0.008696 -0.012308 -0.017391
0 0.007692 0.008696 -0.012308 -0.017391
0 0.011538 0.011594 -0.020000 -0.023188
0 0.018462 0.016667 -0.033846 -0.033333
0 0.009231 0.010145 -0.015385 -0.020290
0 0.006923 0.005797 -0.010769 -0.011594
0 0.006923 0.007246 -0.010769 -0.014493
0 0.006923 0.005797 -0.010769 -0.011594
0 0.010000 0.010870 -0.016923 -0.021739
0 0.006923 0.005797 -0.010769 -0.011594
0 0.011538 0.011594 -0.020000 -0.023188
0 0.011538 0.011594 -0.020000 -0.023188
0 0.006923 0.005797 -0.010769 -0.011594
0 0.003846 0.004348 -0.004615 -0.008696
0 0.003846 0.004348 -0.004615 -0.008696
0 0.006923 0.005797 -0.010769 -0.011594
0 0.006923 0.005797 -0.010769 -0.011594
0 0.007692 0.008696 -0.012308 -0.017391
0 0.006923 0.005797 -0.010769 -0.011594
0 0.018462 0.016667 -0.033846 -0.033333
0 0.008462 0.008696 -0.013846 -0.017391
0 0.003846 0.004348 -0.004615 -0.008696
0 0.011538 0.011594 -0.020000 -0.023188
0 0.011538 0.011594 -0.020000 -0.023188
0 0.006923 0.005797 -0.010769 -0.011594
0 0.003846 0.004348 -0.004615 -0.008696
0 0.011538 0.011594 -0.020000 -0.023188
0 0.007692 0.008696 -0.012308 -0.017391
0 0.003846 0.004348 -0.004615 -0.008696
0 0.006923 0.005797 -0.010769 -0.011594
0 0.006923 0.005797 -0.010769 -0.011594
0 0.006923 0.005797 -0.010769 -0.011594
0 0.006923 0.005797 -0.010769 -0.011594
0 0.006923 0.005797 -0.010769 -0.011594
0 0.007692 0.008696 -0.012308 -0.017391
0 0.007692 0.008696 -0.012308 -0.017391
0 0.003846 0.004348 -0.004615 -0.008696
0 0.007692 0.008696 -0.012308 -0.017391
0 0.006923 0.005797 -0.010769 -0.011594
0 0.013846 0.013043 -0.024615 -0.026087
0 0.006923 0.005797 -0.010769 -0.011594
0 0.006923 0.005797 -0.010769 -0.011594
0 0.007692 0.008696 -0.012308 -0.017391
0 0.011538 0.011594 -0.020000 -0.023188
0 0.007692 0.008696 -0.012308 -0.017391
0 0.003846 0.004348 -0.004615 -0.008696
0 0.006923 0.005797 -0.010769 -0.011594
0 0.006923 0.005797 -0.010769 -0.011594
0 0.003846 0.004348 -0.004615 -0.008696
0 0.003846 0.004348 -0.004615 -0.008696
0 0.006923 0.005797 -0.010769 -0.011594
0 0.007692 0.008696 -0.012308 -0.017391
0 0.003846 0.004348 -0.004615 -0.008696
0 0.011538 0.011594 -0.020000 -0.023188
0 0.003846 0.004348 -0.004615 -0.008696
0 0.006923 0.005797 -0.010769 -0.011594
0 0.007692 0.008696 -0.012308 -0.017391
0 0.006923 0.005797 -0.010769 -0.011594
0 0.007692 0.008696 -0.012308 -0.017391
0 0.003846 0.004348 -0.004615 -0.008696
0 0.006923 0.005797 -0.010769 -0.011594
0 0.008462 0.008696 -0.013846 -0.017391
0 0.006923 0.005797 -0.010769 -0.011594
0 0.011538 0.011594 -0.020000 -0.023188
0 0.006923 0.007246 -0.010769 -0.014493
0 0.003846 0.004348 -0.004615 -0.008696
0 0.018462 0.016667 -0.033846 -0.033333
0 0.003846 0.004348 -0.004615 -0.008696
0 0.006923 0.005797 -0.010769 -0.011594
0 0.011538 0.011594 -0.020000 -0.023188
0 0.006923 0.005797 -0.010769 -0.011594
0 0.003846 0.004348 -0.004615 -0.008696
0 0.018462 0.016667 -0.033846 -0.033333
0 0.006923 0.005797 -0.010769 -0.011594
0 0.003846 0.004348 -0.004615 -0.008696
0 0.006923 0.005797 -0.010769 -0.011594
0 0.018462 0.016667 -0.033846 -0.033333
0 0.006923 0.005797 -0.010769 -0.011594
0 0.018462 0.016667 -0.033846 -0.033333
0 0.018462 0.016667 -0.033846 -0.033333
0 0.007692 0.008696 -0.012308 -0.017391
0 0.018462 0.016667 -0.033846 -0.033333
0 0.011538 0.011594 -0.020000 -0.023188
0 0.007692 0.008696 -0.012308 -0.017391
0 0.011538 0.011594 -0.020000 -0.023188
0 0.003846 0.004348 -0.004615 -0.008696
0 0.010000 0.010870 -0.016923 -0.021739
0 0.003846 0.004348 -0.004615 -0.008696
0 0.006923 0.005797 -0.010769 -0.011594
0 0.014615 0.013768 -0.026154 -0.027536
0 0.006923 0.005797 -0.010769 -0.011594
0 0.006923 0.005797 -0.010769 -0.011594
0 0.006923 0.005797 -0.010769 -0.011594
0 0.003846 0.004348 -0.004615 -0.008696
0 0.003846 0.004348 -0.004615 -0.008696
0 0.003846 0.004348 -0.004615 -0.008696
0 0.006923 0.005797 -0.010769 -0.011594
0 0.006923 0.005797 -0.010769 -0.011594
0 0.007692 0.008696 -0.012308 -0.017391
0 0.006923 0.005797 -0.010769 -0.011594
0 0.011538 0.011594 -0.020000 -0.023188
0 0.006923 0.005797 -0.010769 -0.011594
0 0.011538 0.011594 -0.020000 -0.023188
0 0.006923 0.005797 -0.010769 -0.011594
0 0.006923 0.005797 -0.010769 -0.011594
0 0.003846 0.004348 -0.004615 -0.008696
0 0.003846 0.004348 -0.004615 -0.008696
0 0.006923 0.005797 -0.010769 -0.011594
0 0.011538 0.011594 -0.020000 -0.023188
0 0.006923 0.005797 -0.010769 -0.011594
0 0.006923 0.005797 -0.010769 -0.011594
0 0.011538 0.011594 -0.020000 -0.023188
0 0.003846 0.004348 -0.004615 -0.008696