0 0.014648 0.035924 -0.027344 -0.071848
0 0.009277 0.017595 -0.016602 -0.035191
0 0.016113 0.026393 -0.030273 -0.052786
0 0.005859 0.008065 -0.009766 -0.016129
0 0.010742 0.021994 -0.019531 -0.043988
0 0.006836 0.017595 -0.011719 -0.035191
0 0.011230 0.021994 -0.020508 -0.043988
0 0.004395 0.009531 -0.006836 -0.019062
0 0.009766 0.019795 -0.017578 -0.039589
0 0.006836 0.013930 -0.011719 -0.027859
0 0.004395 0.009531 -0.006836 -0.019062
0 0.009766 0.018328 -0.017578 -0.036657
0 0.006836 0.013930 -0.011719 -0.027859
0 0.003906 0.005865 -0.005859 -0.011730
0 0.009766 0.018328 -0.017578 -0.036657
0 0.018555 0.040323 -0.035156 -0.080645
0 0.009277 0.017595 -0.016602 -0.035191
0 0.009766 0.018328 -0.017578 -0.036657
0 0.011230 0.021994 -0.020508 -0.043988
0 0.009766 0.019795 -0.017578 -0.039589
0 0.009766 0.018328 -0.017578 -0.036657
0 0.012207 0.019795 -0.022461 -0.039589
0 0.010742 0.021994 -0.019531 -0.043988
0 0.009766 0.018328 -0.017578 -0.036657
0 0.016113 0.026393 -0.030273 -0.052786
0 0.009766 0.018328 -0.017578 -0.036657
0 0.012207 0.019795 -0.022461 -0.039589
0 0.020508 0.030792 -0.039062 -0.061584
0 0.012207 0.019795 -0.022461 -0.039589
0 0.012207 0.019795 -0.022461 -0.039589
0 0.005371 0.010997 -0.008789 -0.021994
0 0.006836 0.013196 -0.011719 -0.026393
0 0.009766 0.018328 -0.017578 -0.036657
0 0.006836 0.013196 -0.011719 -0.026393
0 0.006836 0.013196 -0.011719 -0.026393
0 0.011230 0.021994 -0.020508 -0.043988
0 0.009766 0.018328 -0.017578 -0.036657
0 0.006836 0.013196 -0.011719 -0.026393
0 0.006836 0.013930 -0.011719 -0.027859
0 0.004395 0.009531 -0.006836 -0.019062
0 0.009766 0.019795 -0.017578 -0.039589
0 0.010742 0.021994 -0.019531 -0.043988
0 0.011230 0.021994 -0.020508 -0.043988
0 0.012207 0.019795 -0.022461 -0.039589
0 0.005371 0.010997 -0.008789 -0.021994
0 0.006836 0.013196 -0.011719 -0.026393
0 0.009766 0.019795 -0.017578 -0.039589
0 0.005371 0.010997 -0.008789 -0.021994
0 0.016113 0.026393 -0.030273 -0.052786
0 0.016113 0.026393 -0.030273 -0.052786