0 0.001379 0.002451 -0.002145 -0.004902
0 0.003676 0.006127 -0.006740 -0.012255
0 0.003676 0.006127 -0.006740 -0.012255
0 0.001379 0.002451 -0.002145 -0.004902
0 0.001379 0.002451 -0.002145 -0.004902
0 0.003676 0.006127 -0.006740 -0.012255
0 0.003676 0.006127 -0.006740 -0.012255
0 0.003676 0.006127 -0.006740 -0.012255
0 0.001379 0.002451 -0.002145 -0.004902
0 0.001379 0.002451 -0.002145 -0.004902
0 0.001379 0.002451 -0.002145 -0.004902
0 0.001379 0.002451 -0.002145 -0.004902
0 0.001379 0.002451 -0.002145 -0.004902
0 0.001225 0.001225 -0.001838 -0.002451
0 0.001225 0.002042 -0.001838 -0.004085
0 0.003676 0.006127 -0.006740 -0.012255
0 0.003676 0.006127 -0.006740 -0.012255
0 0.007506 0.010621 -0.014400 -0.021242
0 0.001379 0.002451 -0.002145 -0.004902
0 0.001225 0.001225 -0.001838 -0.002451
0 0.001225 0.001225 -0.001838 -0.002451
0 0.003676 0.006127 -0.006740 -0.012255
0 0.003676 0.006127 -0.006740 -0.012255
0 0.003676 0.006127 -0.006740 -0.012255
0 0.001379 0.002451 -0.002145 -0.004902
0 0.001379 0.002451 -0.002145 -0.004902
0 0.012102 0.025531 -0.023591 -0.051062
0 0.005821 0.009191 -0.011029 -0.018382
0 0.003676 0.006127 -0.006740 -0.012255
0 0.003676 0.006127 -0.006740 -0.012255
0 0.001379 0.002451 -0.002145 -0.004902
0 0.003676 0.006127 -0.006740 -0.012255
0 0.005821 0.009191 -0.011029 -0.018382
0 0.003676 0.006127 -0.006740 -0.012255
0 0.001379 0.002451 -0.002145 -0.004902
0 0.003676 0.006127 -0.006740 -0.012255
0 0.004136 0.006740 -0.007659 -0.013480
0 0.003676 0.006127 -0.006740 -0.012255
0 0.001379 0.002451 -0.002145 -0.004902
0 0.003676 0.006127 -0.006740 -0.012255
0 0.004136 0.006740 -0.007659 -0.013480
0 0.001379 0.002451 -0.002145 -0.004902
0 0.003676 0.006127 -0.006740 -0.012255
0 0.001379 0.002451 -0.002145 -0.004902
0 0.001379 0.002451 -0.002145 -0.004902
0 0.001379 0.002451 -0.002145 -0.004902
0 0.003676 0.006127 -0.006740 -0.012255
0 0.003676 0.006127 -0.006740 -0.012255
0 0.001225 0.001225 -0.001838 -0.002451
0 0.001379 0.002451 -0.002145 -0.004902
0 0.001379 0.002451 -0.002145 -0.004902
0 0.001379 0.002451 -0.002145 -0.004902
0 0.001379 0.002451 -0.002145 -0.004902
0 0.003676 0.006127 -0.006740 -0.012255
0 0.001379 0.002451 -0.002145 -0.004902
0 0.003676 0.006127 -0.006740 -0.012255
0 0.001379 0.002451 -0.002145 -0.004902
0 0.001379 0.002451 -0.002145 -0.004902
0 0.001379 0.002451 -0.002145 -0.004902
0 0.001379 0.002451 -0.002145 -0.004902
0 0.003676 0.006127 -0.006740 -0.012255
0 0.003676 0.006127 -0.006740 -0.012255
0 0.001379 0.002451 -0.002145 -0.004902
0 0.003676 0.006127 -0.006740 -0.012255
0 0.003676 0.006127 -0.006740 -0.012255
0 0.001379 0.002451 -0.002145 -0.004902
0 0.003676 0.006127 -0.006740 -0.012255
0 0.001379 0.002451 -0.002145 -0.004902
0 0.001379 0.002451 -0.002145 -0.004902
0 0.001379 0.002451 -0.002145 -0.004902
0 0.001379 0.002451 -0.002145 -0.004902
0 0.001379 0.002451 -0.002145 -0.004902
0 0.001225 0.001225 -0.001838 -0.002451
0 0.003676 0.006127 -0.006740 -0.012255
0 0.003676 0.006127 -0.006740 -0.012255
0 0.005821 0.009191 -0.011029 -0.018382
0 0.003676 0.006127 -0.006740 -0.012255
0 0.005821 0.009191 -0.011029 -0.018382
0 0.001379 0.002451 -0.002145 -0.004902
0 0.005821 0.009191 -0.011029 -0.018382
0 0.001379 0.002451 -0.002145 -0.004902
0 0.001379 0.002451 -0.002145 -0.004902
0 0.003676 0.006127 -0.006740 -0.012255
0 0.001225 0.001225 -0.001838 -0.002451
0 0.003676 0.006127 -0.006740 -0.012255
0 0.001379 0.002451 -0.002145 -0.004902
0 0.001379 0.002451 -0.002145 -0.004902
0 0.001379 0.002451 -0.002145 -0.004902
0 0.001379 0.002451 -0.002145 -0.004902
0 0.003676 0.006127 -0.006740 -0.012255
0 0.001379 0.002451 -0.002145 -0.004902
0 0.001379 0.002451 -0.002145 -0.004902
0 0.001379 0.002451 -0.002145 -0.004902
0 0.001379 0.002451 -0.002145 -0.004902
0 0.001379 0.002451 -0.002145 -0.004902
0 0.001225 0.001225 -0.001838 -0.002451
0 0.001225 0.001225 -0.001838 -0.002451
0 0.001379 0.002451 -0.002145 -0.004902
0 0.001225 0.001225 -0.001838 -0.002451
0 0.003676 0.006127 -0.006740 -0.012255
0 0.003676 0.006127 -0.006740 -0.012255
0 0.001379 0.002451 -0.002145 -0.004902
0 0.001379 0.002451 -0.002145 -0.004902
0 0.001225 0.001225 -0.001838 -0.002451
0 0.003064 0.005106 -0.005515 -0.010212
0 0.001379 0.002451 -0.002145 -0.004902
0 0.005821 0.009191 -0.011029 -0.018382
0 0.003676 0.006127 -0.006740 -0.012255
0 0.003676 0.006127 -0.006740 -0.012255
0 0.003676 0.006127 -0.006740 -0.012255
0 0.001379 0.002451 -0.002145 -0.004902
0 0.001379 0.002451 -0.002145 -0.004902
0 0.003676 0.006127 -0.006740 -0.012255
0 0.001379 0.002451 -0.002145 -0.004902
0 0.001225 0.001225 -0.001838 -0.002451
0 0.003676 0.006127 -0.006740 -0.012255
0 0.005821 0.009191 -0.011029 -0.018382
0 0.001379 0.002451 -0.002145 -0.004902
0 0.003676 0.006127 -0.006740 -0.012255
0 0.001379 0.002451 -0.002145 -0.004902
0 0.003676 0.006127 -0.006740 -0.012255
0 0.007506 0.010621 -0.014400 -0.021242
0 0.003064 0.005106 -0.005515 -0.010212
0 0.001379 0.002451 -0.002145 -0.004902
0 0.001379 0.002451 -0.002145 -0.004902
0 0.001379 0.002451 -0.002145 -0.004902
0 0.005821 0.009191 -0.011029 -0.018382
0 0.005821 0.009191 -0.011029 -0.018382
0 0.003676 0.006127 -0.006740 -0.012255
0 0.003676 0.006127 -0.006740 -0.012255
0 0.003676 0.006127 -0.006740 -0.012255
0 0.003676 0.006127 -0.006740 -0.012255
0 0.003676 0.006127 -0.006740 -0.012255
0 0.001379 0.002451 -0.002145 -0.004902
0 0.001225 0.001225 -0.001838 -0.002451
0 0.003676 0.006127 -0.006740 -0.012255
0 0.001225 0.001225 -0.001838 -0.002451
0 0.001379 0.002451 -0.002145 -0.004902
0 0.001379 0.002451 -0.002145 -0.004902
0 0.001379 0.002451 -0.002145 -0.004902
0 0.001379 0.002451 -0.002145 -0.004902
0 0.005821 0.009191 -0.011029 -0.018382
0 0.003676 0.006127 -0.006740 -0.012255
0 0.001379 0.002451 -0.002145 -0.004902
0 0.001379 0.002451 -0.002145 -0.004902
0 0.001379 0.002451 -0.002145 -0.004902
0 0.001225 0.001225 -0.001838 -0.002451
0 0.001379 0.002451 -0.002145 -0.004902
0 0.001225 0.001225 -0.001838 -0.002451
0 0.003676 0.006127 -0.006740 -0.012255
0 0.003676 0.006127 -0.006740 -0.012255
0 0.001379 0.002451 -0.002145 -0.004902
0 0.005821 0.009191 -0.011029 -0.018382
0 0.003676 0.006127 -0.006740 -0.012255
0 0.001379 0.002451 -0.002145 -0.004902
0 0.002451 0.004289 -0.004289 -0.008578
0 0.001379 0.002451 -0.002145 -0.004902
0 0.001379 0.002451 -0.002145 -0.004902
0 0.005821 0.009191 -0.011029 -0.018382
0 0.003676 0.006127 -0.006740 -0.012255
0 0.001225 0.001225 -0.001838 -0.002451
0 0.001379 0.002451 -0.002145 -0.004902
0 0.001225 0.001225 -0.001838 -0.002451
0 0.003676 0.006127 -0.006740 -0.012255
0 0.001379 0.002451 -0.002145 -0.004902
0 0.001379 0.002451 -0.002145 -0.004902
0 0.001225 0.001225 -0.001838 -0.002451
0 0.001379 0.002451 -0.002145 -0.004902
0 0.001379 0.002451 -0.002145 -0.004902
0 0.003676 0.006127 -0.006740 -0.012255
0 0.001379 0.002451 -0.002145 -0.004902
0 0.001379 0.002451 -0.002145 -0.004902
0 0.005821 0.009191 -0.011029 -0.018382
0 0.003676 0.006127 -0.006740 -0.012255
0 0.001379 0.002451 -0.002145 -0.004902
0 0.001379 0.002451 -0.002145 -0.004902
0 0.003676 0.006127 -0.006740 -0.012255
0 0.001225 0.001225 -0.001838 -0.002451
0 0.003676 0.006127 -0.006740 -0.012255
0 0.003676 0.006127 -0.006740 -0.012255
0 0.001225 0.001225 -0.001838 -0.002451
0 0.001379 0.002451 -0.002145 -0.004902
0 0.001379 0.002451 -0.002145 -0.004902
0 0.001379 0.002451 -0.002145 -0.004902
0 0.001225 0.001225 -0.001838 -0.002451
0 0.003676 0.006127 -0.006740 -0.012255
0 0.001379 0.002451 -0.002145 -0.004902
0 0.001379 0.002451 -0.002145 -0.004902
0 0.001379 0.002451 -0.002145 -0.004902
0 0.001379 0.002451 -0.002145 -0.004902
0 0.001225 0.001225 -0.001838 -0.002451
0 0.001379 0.002451 -0.002145 -0.004902
0 0.003676 0.006127 -0.006740 -0.012255
0 0.003676 0.006127 -0.006740 -0.012255
0 0.003676 0.006127 -0.006740 -0.012255
0 0.001379 0.002451 -0.002145 -0.004902
0 0.001225 0.001225 -0.001838 -0.002451
0 0.001379 0.002451 -0.002145 -0.004902
0 0.003676 0.006127 -0.006740 -0.012255
0 0.001379 0.002451 -0.002145 -0.004902
0 0.003676 0.006127 -0.006740 -0.012255
0 0.005821 0.009191 -0.011029 -0.018382
0 0.001379 0.002451 -0.002145 -0.004902
0 0.001379 0.002451 -0.002145 -0.004902
0 0.001225 0.001225 -0.001838 -0.002451
0 0.001225 0.001225 -0.001838 -0.002451
0 0.001225 0.001225 -0.001838 -0.002451
0 0.003676 0.006127 -0.006740 -0.012255
0 0.003676 0.006127 -0.006740 -0.012255
0 0.001225 0.001225 -0.001838 -0.002451
0 0.003676 0.006127 -0.006740 -0.012255
0 0.012102 0.025531 -0.023591 -0.051062
0 0.003676 0.006127 -0.006740 -0.012255
0 0.003676 0.006127 -0.006740 -0.012255
0 0.001379 0.002451 -0.002145 -0.004902
0 0.003676 0.006127 -0.006740 -0.012255
0 0.003676 0.006127 -0.006740 -0.012255
0 0.001379 0.002451 -0.002145 -0.004902
0 0.001379 0.002451 -0.002145 -0.004902
0 0.003676 0.006127 -0.006740 -0.012255
0 0.003676 0.006127 -0.006740 -0.012255
0 0.001379 0.002451 -0.002145 -0.004902
0 0.001379 0.002451 -0.002145 -0.004902
0 0.001225 0.001225 -0.001838 -0.002451
0 0.001379 0.002451 -0.002145 -0.004902
0 0.003676 0.006127 -0.006740 -0.012255
0 0.001379 0.002451 -0.002145 -0.004902
0 0.001379 0.002451 -0.002145 -0.004902
0 0.001379 0.002451 -0.002145 -0.004902
0 0.005821 0.009191 -0.011029 -0.018382
0 0.005821 0.009191 -0.011029 -0.018382
0 0.005821 0.009191 -0.011029 -0.018382
0 0.001379 0.002451 -0.002145 -0.004902
0 0.003676 0.006127 -0.006740 -0.012255
0 0.001379 0.002451 -0.002145 -0.004902
0 0.003676 0.006127 -0.006740 -0.012255
0 0.003676 0.006127 -0.006740 -0.012255
0 0.003676 0.006127 -0.006740 -0.012255
0 0.003676 0.006127 -0.006740 -0.012255
0 0.003676 0.006127 -0.006740 -0.012255
0 0.001379 0.002451 -0.002145 -0.004902
0 0.003676 0.006127 -0.006740 -0.012255
0 0.003676 0.006127 -0.006740 -0.012255
0 0.001379 0.002451 -0.002145 -0.004902
0 0.001379 0.002451 -0.002145 -0.004902
0 0.001379 0.002451 -0.002145 -0.004902
0 0.003676 0.006127 -0.006740 -0.012255
0 0.005821 0.009191 -0.011029 -0.018382
0 0.003676 0.006127 -0.006740 -0.012255
0 0.005821 0.009191 -0.011029 -0.018382
0 0.005821 0.009191 -0.011029 -0.018382
0 0.003676 0.006127 -0.006740 -0.012255
0 0.003676 0.006127 -0.006740 -0.012255
0 0.001379 0.002451 -0.002145 -0.004902
0 0.001379 0.002451 -0.002145 -0.004902
0 0.005821 0.009191 -0.011029 -0.018382
0 0.001379 0.002451 -0.002145 -0.004902
0 0.001225 0.001225 -0.001838 -0.002451
0 0.001379 0.002451 -0.002145 -0.004902
0 0.003676 0.006127 -0.006740 -0.012255
0 0.001379 0.002451 -0.002145 -0.004902
0 0.001379 0.002451 -0.002145 -0.004902
0 0.003676 0.006127 -0.006740 -0.012255
0 0.003676 0.006127 -0.006740 -0.012255
0 0.001379 0.002451 -0.002145 -0.004902
0 0.003676 0.006127 -0.006740 -0.012255
0 0.007506 0.010621 -0.014400 -0.021242
0 0.005821 0.009191 -0.011029 -0.018382
0 0.001379 0.002451 -0.002145 -0.004902
0 0.001379 0.002451 -0.002145 -0.004902
0 0.001379 0.002451 -0.002145 -0.004902
0 0.001379 0.002451 -0.002145 -0.004902
0 0.001379 0.002451 -0.002145 -0.004902
0 0.005821 0.009191 -0.011029 -0.018382
0 0.001379 0.002451 -0.002145 -0.004902
0 0.001379 0.002451 -0.002145 -0.004902
0 0.001379 0.002451 -0.002145 -0.004902
0 0.003676 0.006127 -0.006740 -0.012255
0 0.001379 0.002451 -0.002145 -0.004902
0 0.001379 0.002451 -0.002145 -0.004902
0 0.001379 0.002451 -0.002145 -0.004902
0 0.001225 0.001225 -0.001838 -0.002451
0 0.001379 0.002451 -0.002145 -0.004902
0 0.001379 0.002451 -0.002145 -0.004902
0 0.001379 0.002451 -0.002145 -0.004902
0 0.003676 0.006127 -0.006740 -0.012255
0 0.001379 0.002451 -0.002145 -0.004902
0 0.003676 0.006127 -0.006740 -0.012255
0 0.001379 0.002451 -0.002145 -0.004902
0 0.001379 0.002451 -0.002145 -0.004902
0 0.001379 0.002451 -0.002145 -0.004902
0 0.005821 0.009191 -0.011029 -0.018382
0 0.003676 0.006127 -0.006740 -0.012255
0 0.005821 0.009191 -0.011029 -0.018382
0 0.003676 0.006127 -0.006740 -0.012255
0 0.001379 0.002451 -0.002145 -0.004902
0 0.001379 0.002451 -0.002145 -0.004902
0 0.001379 0.002451 -0.002145 -0.004902
0 0.001379 0.002451 -0.002145 -0.004902
0 0.001379 0.002451 -0.002145 -0.004902
0 0.003676 0.006127 -0.006740 -0.012255
0 0.001379 0.002451 -0.002145 -0.004902
0 0.003676 0.006127 -0.006740 -0.012255
0 0.001379 0.002451 -0.002145 -0.004902
0 0.001379 0.002451 -0.002145 -0.004902
0 0.001379 0.002451 -0.002145 -0.004902
0 0.003676 0.006127 -0.006740 -0.012255
0 0.001379 0.002451 -0.002145 -0.004902
0 0.001225 0.001225 -0.001838 -0.002451
0 0.003676 0.006127 -0.006740 -0.012255
0 0.001379 0.002451 -0.002145 -0.004902
0 0.005821 0.009191 -0.011029 -0.018382
0 0.003676 0.006127 -0.006740 -0.012255
0 0.003676 0.006127 -0.006740 -0.012255
0 0.003676 0.006127 -0.006740 -0.012255
0 0.001379 0.002451 -0.002145 -0.004902
0 0.003676 0.006127 -0.006740 -0.012255
0 0.001379 0.002451 -0.002145 -0.004902
0 0.003676 0.006127 -0.006740 -0.012255
0 0.001379 0.002451 -0.002145 -0.004902
0 0.001379 0.002451 -0.002145 -0.004902
0 0.001379 0.002451 -0.002145 -0.004902
0 0.003676 0.006127 -0.006740 -0.012255
0 0.001379 0.002451 -0.002145 -0.004902
0 0.003676 0.006127 -0.006740 -0.012255
0 0.001379 0.002451 -0.002145 -0.004902
0 0.003676 0.006127 -0.006740 -0.012255
0 0.005821 0.009191 -0.011029 -0.018382
0 0.003676 0.006127 -0.006740 -0.012255
0 0.003676 0.006127 -0.006740 -0.012255
0 0.001379 0.002451 -0.002145 -0.004902
0 0.001379 0.002451 -0.002145 -0.004902
0 0.003676 0.006127 -0.006740 -0.012255
0 0.001379 0.002451 -0.002145 -0.004902
0 0.003676 0.006127 -0.006740 -0.012255
0 0.001379 0.002451 -0.002145 -0.004902
0 0.001379 0.002451 -0.002145 -0.004902
0 0.001379 0.002451 -0.002145 -0.004902
0 0.003676 0.006127 -0.006740 -0.012255
0 0.003676 0.006127 -0.006740 -0.012255
0 0.003064 0.005106 -0.005515 -0.010212
0 0.005821 0.009191 -0.011029 -0.018382
0 0.001379 0.002451 -0.002145 -0.004902
0 0.001379 0.002451 -0.002145 -0.004902
0 0.003676 0.006127 -0.006740 -0.012255
0 0.001379 0.002451 -0.002145 -0.004902
0 0.001379 0.002451 -0.002145 -0.004902
0 0.003676 0.006127 -0.006740 -0.012255
0 0.003676 0.006127 -0.006740 -0.012255
0 0.003676 0.006127 -0.006740 -0.012255
0 0.003676 0.006127 -0.006740 -0.012255
0 0.001379 0.002451 -0.002145 -0.004902
0 0.001379 0.002451 -0.002145 -0.004902