0 0.009979 0.020243 -0.017857 -0.040486
0 0.006828 0.017206 -0.011555 -0.034413
0 0.006828 0.017206 -0.011555 -0.034413
0 0.006828 0.017206 -0.011555 -0.034413
0 0.006828 0.017206 -0.011555 -0.034413
0 0.006828 0.017206 -0.011555 -0.034413
0 0.006828 0.017206 -0.011555 -0.034413
0 0.006828 0.017206 -0.011555 -0.034413
0 0.009979 0.020243 -0.017857 -0.040486
0 0.006828 0.017206 -0.011555 -0.034413
0 0.009979 0.020243 -0.017857 -0.040486
0 0.006828 0.017206 -0.011555 -0.034413
0 0.006828 0.017206 -0.011555 -0.034413
0 0.006828 0.017206 -0.011555 -0.034413
0 0.009979 0.020243 -0.017857 -0.040486
0 0.006828 0.017206 -0.011555 -0.034413
0 0.006828 0.017206 -0.011555 -0.034413
0 0.009979 0.020243 -0.017857 -0.040486
0 0.006828 0.017206 -0.011555 -0.034413
0 0.009979 0.020243 -0.017857 -0.040486
0 0.009979 0.020243 -0.017857 -0.040486
0 0.006828 0.017206 -0.011555 -0.034413
0 0.006828 0.017206 -0.011555 -0.034413
0 0.009979 0.020243 -0.017857 -0.040486
0 0.006828 0.017206 -0.011555 -0.034413
0 0.006828 0.017206 -0.011555 -0.034413
0 0.009979 0.020243 -0.017857 -0.040486
0 0.006828 0.017206 -0.011555 -0.034413
0 0.009979 0.020243 -0.017857 -0.040486
0 0.006828 0.017206 -0.011555 -0.034413
0 0.009979 0.020243 -0.017857 -0.040486
0 0.009979 0.020243 -0.017857 -0.040486
0 0.006828 0.017206 -0.011555 -0.034413
0 0.006828 0.017206 -0.011555 -0.034413
0 0.009979 0.020243 -0.017857 -0.040486
0 0.006828 0.017206 -0.011555 -0.034413
0 0.006828 0.017206 -0.011555 -0.034413
0 0.009979 0.020243 -0.017857 -0.040486
0 0.006828 0.017206 -0.011555 -0.034413
0 0.009979 0.020243 -0.017857 -0.040486
0 0.009979 0.020243 -0.017857 -0.040486