0 0.000641 0.000000 0.001282 0.000000
0 0.004487 0.009000 -0.006410 -0.018000
0 0.000641 0.000000 0.001282 0.000000
0 0.004487 0.009000 -0.006410 -0.018000
0 0.000641 0.000000 0.001282 0.000000
0 0.004487 0.009000 -0.006410 -0.018000
0 0.000641 0.000000 0.001282 0.000000
0 0.004487 0.009000 -0.006410 -0.018000
0 0.000641 0.000000 0.001282 0.000000
0 0.003205 0.005000 -0.003846 -0.010000
0 0.007692 0.011000 -0.012821 -0.022000
0 0.007692 0.011000 -0.012821 -0.022000
0 0.007051 0.009000 -0.011538 -0.018000
0 0.000641 0.000000 0.001282 0.000000
0 0.003205 0.005000 -0.003846 -0.010000
0 0.007692 0.011000 -0.012821 -0.022000
0 0.004487 0.009000 -0.006410 -0.018000
0 0.007051 0.009000 -0.011538 -0.018000
0 0.000641 0.000000 0.001282 0.000000
0 0.007692 0.011000 -0.012821 -0.022000
0 0.004487 0.009000 -0.006410 -0.018000
0 0.004487 0.009000 -0.006410 -0.018000
0 0.000641 0.000000 0.001282 0.000000
0 0.004487 0.009000 -0.006410 -0.018000
0 0.004487 0.009000 -0.006410 -0.018000
0 0.004487 0.009000 -0.006410 -0.018000
0 0.004487 0.009000 -0.006410 -0.018000
0 0.000641 0.000000 0.001282 0.000000
0 0.000641 0.000000 0.001282 0.000000
0 0.004487 0.009000 -0.006410 -0.018000
0 0.004487 0.009000 -0.006410 -0.018000
0 0.007692 0.011000 -0.012821 -0.022000
0 0.004487 0.009000 -0.006410 -0.018000
0 0.004487 0.009000 -0.006410 -0.018000
0 0.003205 0.005000 -0.003846 -0.010000
0 0.003205 0.005000 -0.003846 -0.010000
0 0.003205 0.005000 -0.003846 -0.010000
0 0.003205 0.005000 -0.003846 -0.010000
0 0.004487 0.009000 -0.006410 -0.018000
0 0.003205 0.005000 -0.003846 -0.010000
0 0.000641 0.000000 0.001282 0.000000
0 0.003205 0.005000 -0.003846 -0.010000
0 0.004487 0.009000 -0.006410 -0.018000
0 0.007692 0.011000 -0.012821 -0.022000
0 0.004487 0.009000 -0.006410 -0.018000
0 0.000641 0.000000 0.001282 0.000000
0 0.003205 0.005000 -0.003846 -0.010000
0 0.003205 0.005000 -0.003846 -0.010000
0 0.007051 0.009000 -0.011538 -0.018000
0 0.004487 0.009000 -0.006410 -0.018000
0 0.004487 0.009000 -0.006410 -0.018000
0 0.007692 0.011000 -0.012821 -0.022000
0 0.007051 0.009000 -0.011538 -0.018000
0 0.004487 0.009000 -0.006410 -0.018000
0 0.007051 0.009000 -0.011538 -0.018000
0 0.000641 0.000000 0.001282 0.000000
0 0.004487 0.009000 -0.006410 -0.018000
0 0.007051 0.009000 -0.011538 -0.018000
0 0.004487 0.009000 -0.006410 -0.018000
0 0.007692 0.011000 -0.012821 -0.022000
0 0.004487 0.009000 -0.006410 -0.018000
0 0.004487 0.009000 -0.006410 -0.018000
0 0.004487 0.009000 -0.006410 -0.018000
0 0.004487 0.009000 -0.006410 -0.018000
0 0.007692 0.011000 -0.012821 -0.022000
0 0.004487 0.009000 -0.006410 -0.018000
0 0.007692 0.011000 -0.012821 -0.022000
0 0.007692 0.011000 -0.012821 -0.022000
0 0.004487 0.009000 -0.006410 -0.018000
0 0.007692 0.011000 -0.012821 -0.022000
0 0.007692 0.011000 -0.012821 -0.022000
0 0.007692 0.011000 -0.012821 -0.022000
0 0.007692 0.011000 -0.012821 -0.022000
0 0.000641 0.000000 0.001282 0.000000
0 0.000641 0.000000 0.001282 0.000000
0 0.007692 0.011000 -0.012821 -0.022000
0 0.004487 0.009000 -0.006410 -0.018000
0 0.007051 0.009000 -0.011538 -0.018000
0 0.004487 0.009000 -0.006410 -0.018000
0 0.000641 0.000000 0.001282 0.000000
0 0.007692 0.011000 -0.012821 -0.022000
0 0.004487 0.009000 -0.006410 -0.018000
0 0.000641 0.000000 0.001282 0.000000
0 0.004487 0.009000 -0.006410 -0.018000
0 0.007692 0.011000 -0.012821 -0.022000
0 0.004487 0.009000 -0.006410 -0.018000
0 0.007051 0.009000 -0.011538 -0.018000
0 0.004487 0.009000 -0.006410 -0.018000
0 0.007692 0.011000 -0.012821 -0.022000
0 0.003205 0.005000 -0.003846 -0.010000
0 0.004487 0.009000 -0.006410 -0.018000
0 0.000641 0.000000 0.001282 0.000000
0 0.004487 0.009000 -0.006410 -0.018000
0 0.003205 0.005000 -0.003846 -0.010000
0 0.007692 0.011000 -0.012821 -0.022000