0 0.022611 0.048000 -0.043764 -0.096000
0 0.015317 0.040000 -0.029176 -0.080000
0 0.022611 0.048000 -0.043764 -0.096000
0 0.015317 0.040000 -0.029176 -0.080000
0 0.015317 0.040000 -0.029176 -0.080000
0 0.022611 0.048000 -0.043764 -0.096000
0 0.015317 0.040000 -0.029176 -0.080000
0 0.015317 0.040000 -0.029176 -0.080000
0 0.022611 0.048000 -0.043764 -0.096000
0 0.022611 0.048000 -0.043764 -0.096000
0 0.022611 0.048000 -0.043764 -0.096000
0 0.015317 0.040000 -0.029176 -0.080000
0 0.022611 0.048000 -0.043764 -0.096000
0 0.015317 0.040000 -0.029176 -0.080000
0 0.015317 0.040000 -0.029176 -0.080000
0 0.034282 0.082000 -0.067104 -0.164000
0 0.015317 0.040000 -0.029176 -0.080000
0 0.015317 0.040000 -0.029176 -0.080000
0 0.015317 0.040000 -0.029176 -0.080000
0 0.022611 0.048000 -0.043764 -0.096000
0 0.015317 0.040000 -0.029176 -0.080000
0 0.015317 0.040000 -0.029176 -0.080000
0 0.034282 0.082000 -0.067104 -0.164000
0 0.034282 0.082000 -0.067104 -0.164000
0 0.034282 0.082000 -0.067104 -0.164000
0 0.015317 0.040000 -0.029176 -0.080000
0 0.022611 0.048000 -0.043764 -0.096000
0 0.022611 0.048000 -0.043764 -0.096000
0 0.015317 0.040000 -0.029176 -0.080000
0 0.015317 0.040000 -0.029176 -0.080000
0 0.015317 0.040000 -0.029176 -0.080000
0 0.034282 0.082000 -0.067104 -0.164000
0 0.022611 0.048000 -0.043764 -0.096000
0 0.022611 0.048000 -0.043764 -0.096000
0 0.018964 0.044000 -0.036470 -0.088000
0 0.020058 0.050000 -0.038658 -0.100000
0 0.015317 0.040000 -0.029176 -0.080000
0 0.034282 0.082000 -0.067104 -0.164000
0 0.034282 0.082000 -0.067104 -0.164000
0 0.015317 0.040000 -0.029176 -0.080000
0 0.015317 0.040000 -0.029176 -0.080000
0 0.022611 0.048000 -0.043764 -0.096000
0 0.015317 0.040000 -0.029176 -0.080000
0 0.034282 0.082000 -0.067104 -0.164000
0 0.022611 0.048000 -0.043764 -0.096000
0 0.015317 0.040000 -0.029176 -0.080000
0 0.034282 0.082000 -0.067104 -0.164000
0 0.015317 0.040000 -0.029176 -0.080000
0 0.015317 0.040000 -0.029176 -0.080000
0 0.015317 0.040000 -0.029176 -0.080000
0 0.017141 0.042000 -0.032823 -0.084000
0 0.015317 0.040000 -0.029176 -0.080000
0 0.015317 0.040000 -0.029176 -0.080000
0 0.023705 0.054000 -0.045952 -0.108000
0 0.015317 0.040000 -0.029176 -0.080000
0 0.015317 0.040000 -0.029176 -0.080000
0 0.015317 0.040000 -0.029176 -0.080000
0 0.015317 0.040000 -0.029176 -0.080000
0 0.023705 0.054000 -0.045952 -0.108000