0 0.033691 0.073939 -0.065430 -0.147877
0 0.034180 0.073939 -0.064453 -0.147877
0 0.008301 0.017570 -0.014648 -0.032211
0 0.013672 0.030015 -0.025391 -0.057101
0 0.004883 0.010981 -0.007812 -0.019034
0 0.010254 0.018302 -0.018555 -0.033675
0 0.013672 0.030015 -0.025391 -0.057101
0 0.006348 0.015373 -0.010742 -0.027818
0 0.013672 0.030015 -0.025391 -0.057101
0 0.013672 0.030015 -0.025391 -0.057101
0 0.009277 0.021962 -0.016602 -0.040996
0 0.033691 0.073939 -0.065430 -0.147877
0 0.016602 0.035871 -0.031250 -0.071742
0 0.010254 0.022694 -0.018555 -0.042460
0 0.034180 0.073939 -0.064453 -0.147877
0 0.013672 0.030015 -0.025391 -0.057101
0 0.010254 0.018302 -0.018555 -0.033675
0 0.013672 0.030015 -0.025391 -0.057101
0 0.033691 0.073939 -0.065430 -0.147877
0 0.033691 0.073939 -0.065430 -0.147877
0 0.033691 0.073939 -0.065430 -0.147877
0 0.013672 0.030015 -0.025391 -0.057101
0 0.034180 0.073939 -0.064453 -0.147877
0 0.010254 0.018302 -0.018555 -0.033675
0 0.004883 0.010981 -0.007812 -0.019034
0 0.034180 0.073939 -0.064453 -0.147877
0 0.013672 0.029283 -0.025391 -0.058565
0 0.013672 0.030015 -0.025391 -0.057101
0 0.013672 0.030015 -0.025391 -0.057101
0 0.013672 0.030015 -0.025391 -0.057101
0 0.013672 0.030015 -0.025391 -0.057101
0 0.033691 0.073939 -0.065430 -0.147877
0 0.033691 0.073939 -0.065430 -0.147877
0 0.013672 0.030015 -0.025391 -0.057101
0 0.009277 0.021962 -0.016602 -0.040996
0 0.010742 0.024890 -0.019531 -0.046852
0 0.010254 0.022694 -0.018555 -0.042460
0 0.013672 0.030015 -0.025391 -0.057101
0 0.014160 0.029283 -0.024414 -0.058565
0 0.013672 0.029283 -0.025391 -0.058565
0 0.010254 0.018302 -0.018555 -0.033675
0 0.033691 0.073939 -0.065430 -0.147877
0 0.010254 0.018302 -0.018555 -0.033675
0 0.014648 0.032211 -0.027344 -0.061493
0 0.013672 0.029283 -0.025391 -0.058565
0 0.016113 0.035871 -0.030273 -0.068814
0 0.013672 0.029283 -0.025391 -0.058565
0 0.010254 0.018302 -0.018555 -0.033675
0 0.010254 0.018302 -0.018555 -0.033675
0 0.033691 0.073939 -0.065430 -0.147877
0 0.022949 0.049048 -0.043945 -0.098097
0 0.016602 0.035871 -0.031250 -0.071742
0 0.013672 0.030015 -0.025391 -0.057101
0 0.013672 0.030015 -0.025391 -0.057101
0 0.033691 0.073939 -0.065430 -0.147877
0 0.014160 0.029283 -0.024414 -0.058565
0 0.013672 0.030015 -0.025391 -0.057101
0 0.006348 0.015373 -0.010742 -0.027818
0 0.013672 0.029283 -0.025391 -0.058565
0 0.033691 0.073939 -0.065430 -0.147877
0 0.010254 0.018302 -0.018555 -0.033675
0 0.006348 0.015373 -0.010742 -0.027818
0 0.034180 0.073939 -0.064453 -0.147877
0 0.008301 0.017570 -0.014648 -0.032211
0 0.006348 0.015373 -0.010742 -0.027818
0 0.006348 0.015373 -0.010742 -0.027818
0 0.013672 0.030015 -0.025391 -0.057101
0 0.006348 0.015373 -0.010742 -0.027818
0 0.013672 0.030015 -0.025391 -0.057101