0 0.005469 0.006250 -0.007812 -0.012500
0 0.018750 0.025000 -0.034375 -0.050000
0 0.011719 0.015625 -0.017188 -0.031250
0 0.014063 0.018750 -0.025000 -0.037500
0 0.018750 0.025000 -0.034375 -0.050000
0 0.005469 0.006250 -0.007812 -0.012500
0 0.011719 0.015625 -0.017188 -0.031250
0 0.014844 0.018750 -0.023438 -0.037500
0 0.005469 0.006250 -0.007812 -0.012500
0 0.018750 0.025000 -0.034375 -0.050000
0 0.014063 0.018750 -0.025000 -0.037500
0 0.014063 0.018750 -0.025000 -0.037500
0 0.011719 0.015625 -0.017188 -0.031250
0 0.007812 0.011458 -0.012500 -0.022917
0 0.010937 0.015625 -0.018750 -0.031250
0 0.005469 0.006250 -0.007812 -0.012500
0 0.024219 0.033333 -0.045312 -0.066667
0 0.011719 0.015625 -0.017188 -0.031250
0 0.014063 0.018750 -0.025000 -0.037500
0 0.019531 0.027083 -0.032813 -0.054167
0 0.014844 0.018750 -0.023438 -0.037500
0 0.019531 0.027083 -0.032813 -0.054167
0 0.018750 0.025000 -0.034375 -0.050000
0 0.010937 0.015625 -0.018750 -0.031250
0 0.014063 0.018750 -0.025000 -0.037500
0 0.005469 0.006250 -0.007812 -0.012500
0 0.005469 0.006250 -0.007812 -0.012500
0 0.010937 0.015625 -0.018750 -0.031250
0 0.005469 0.006250 -0.007812 -0.012500
0 0.011719 0.015625 -0.017188 -0.031250
0 0.005469 0.006250 -0.007812 -0.012500
0 0.005469 0.006250 -0.007812 -0.012500
0 0.014063 0.018750 -0.025000 -0.037500
0 0.011719 0.015625 -0.017188 -0.031250
0 0.005469 0.006250 -0.007812 -0.012500
0 0.011719 0.015625 -0.017188 -0.031250
0 0.005469 0.006250 -0.007812 -0.012500
0 0.014063 0.018750 -0.025000 -0.037500
0 0.018750 0.025000 -0.034375 -0.050000
0 0.005469 0.006250 -0.007812 -0.012500
0 0.011719 0.021875 -0.020313 -0.043750
0 0.005469 0.006250 -0.007812 -0.012500
0 0.005469 0.006250 -0.007812 -0.012500
0 0.005469 0.006250 -0.007812 -0.012500
0 0.005469 0.006250 -0.007812 -0.012500
0 0.005469 0.006250 -0.007812 -0.012500
0 0.018750 0.025000 -0.034375 -0.050000
0 0.014063 0.018750 -0.025000 -0.037500
0 0.005469 0.006250 -0.007812 -0.012500
0 0.010937 0.015625 -0.018750 -0.031250
0 0.010937 0.015625 -0.018750 -0.031250
0 0.005469 0.006250 -0.007812 -0.012500
0 0.005469 0.006250 -0.007812 -0.012500
0 0.005469 0.006250 -0.007812 -0.012500
0 0.014063 0.018750 -0.025000 -0.037500
0 0.005469 0.006250 -0.007812 -0.012500
0 0.005469 0.006250 -0.007812 -0.012500
0 0.018750 0.027083 -0.034375 -0.054167
0 0.005469 0.006250 -0.007812 -0.012500
0 0.010937 0.015625 -0.018750 -0.031250
0 0.007812 0.011458 -0.012500 -0.022917
0 0.005469 0.006250 -0.007812 -0.012500
0 0.005469 0.006250 -0.007812 -0.012500
0 0.010937 0.015625 -0.018750 -0.031250
0 0.005469 0.006250 -0.007812 -0.012500
0 0.005469 0.006250 -0.007812 -0.012500
0 0.010937 0.015625 -0.018750 -0.031250
0 0.018750 0.027083 -0.034375 -0.054167
0 0.010937 0.015625 -0.018750 -0.031250
0 0.005469 0.006250 -0.007812 -0.012500
0 0.014063 0.018750 -0.025000 -0.037500
0 0.018750 0.025000 -0.034375 -0.050000
0 0.014844 0.018750 -0.023438 -0.037500
0 0.005469 0.006250 -0.007812 -0.012500
0 0.005469 0.006250 -0.007812 -0.012500
0 0.018750 0.025000 -0.034375 -0.050000
0 0.005469 0.006250 -0.007812 -0.012500
0 0.010937 0.015625 -0.018750 -0.031250
0 0.005469 0.006250 -0.007812 -0.012500
0 0.005469 0.006250 -0.007812 -0.012500
0 0.018750 0.025000 -0.034375 -0.050000
0 0.018750 0.027083 -0.034375 -0.054167
0 0.005469 0.006250 -0.007812 -0.012500
0 0.005469 0.006250 -0.007812 -0.012500
0 0.014063 0.018750 -0.025000 -0.037500
0 0.011719 0.015625 -0.017188 -0.031250
0 0.005469 0.006250 -0.007812 -0.012500
0 0.005469 0.006250 -0.007812 -0.012500
0 0.007812 0.011458 -0.012500 -0.022917
0 0.018750 0.027083 -0.034375 -0.054167
0 0.014844 0.018750 -0.023438 -0.037500
0 0.005469 0.006250 -0.007812 -0.012500
0 0.005469 0.006250 -0.007812 -0.012500
0 0.005469 0.006250 -0.007812 -0.012500
0 0.014063 0.018750 -0.025000 -0.037500
0 0.028906 0.029167 -0.054688 -0.058333
0 0.014063 0.018750 -0.025000 -0.037500
0 0.018750 0.025000 -0.034375 -0.050000
0 0.005469 0.006250 -0.007812 -0.012500
0 0.011719 0.015625 -0.017188 -0.031250
0 0.031250 0.040625 -0.059375 -0.081250
0 0.011719 0.015625 -0.017188 -0.031250
0 0.018750 0.027083 -0.034375 -0.054167
0 0.010937 0.015625 -0.018750 -0.031250
0 0.011719 0.015625 -0.017188 -0.031250
0 0.014063 0.018750 -0.025000 -0.037500
0 0.005469 0.006250 -0.007812 -0.012500
0 0.007812 0.011458 -0.012500 -0.022917
0 0.014063 0.018750 -0.025000 -0.037500
0 0.005469 0.006250 -0.007812 -0.012500
0 0.005469 0.006250 -0.007812 -0.012500
0 0.014844 0.018750 -0.023438 -0.037500
0 0.005469 0.006250 -0.007812 -0.012500
0 0.031250 0.040625 -0.059375 -0.081250
0 0.007812 0.011458 -0.012500 -0.022917
0 0.005469 0.006250 -0.007812 -0.012500
0 0.005469 0.006250 -0.007812 -0.012500
0 0.014063 0.018750 -0.025000 -0.037500
0 0.005469 0.006250 -0.007812 -0.012500
0 0.005469 0.006250 -0.007812 -0.012500
0 0.014844 0.018750 -0.023438 -0.037500
0 0.018750 0.025000 -0.034375 -0.050000
0 0.018750 0.027083 -0.034375 -0.054167
0 0.005469 0.006250 -0.007812 -0.012500
0 0.011719 0.015625 -0.017188 -0.031250
0 0.011719 0.015625 -0.017188 -0.031250
0 0.005469 0.006250 -0.007812 -0.012500
0 0.014844 0.018750 -0.023438 -0.037500
0 0.114844 0.119792 -0.226562 -0.239583
0 0.014063 0.018750 -0.025000 -0.037500
0 0.018750 0.027083 -0.034375 -0.054167
0 0.011719 0.015625 -0.017188 -0.031250
0 0.014844 0.018750 -0.023438 -0.037500
0 0.005469 0.006250 -0.007812 -0.012500
0 0.005469 0.006250 -0.007812 -0.012500
0 0.005469 0.006250 -0.007812 -0.012500
0 0.010937 0.015625 -0.018750 -0.031250
0 0.014844 0.018750 -0.023438 -0.037500
0 0.013281 0.017708 -0.020313 -0.035417
0 0.011719 0.015625 -0.017188 -0.031250
0 0.014063 0.018750 -0.025000 -0.037500
0 0.014063 0.018750 -0.025000 -0.037500
0 0.014844 0.018750 -0.023438 -0.037500
0 0.030469 0.046875 -0.057813 -0.093750
0 0.005469 0.006250 -0.007812 -0.012500
0 0.014063 0.018750 -0.025000 -0.037500
0 0.005469 0.006250 -0.007812 -0.012500
0 0.005469 0.006250 -0.007812 -0.012500
0 0.005469 0.006250 -0.007812 -0.012500
0 0.005469 0.006250 -0.007812 -0.012500
0 0.014844 0.018750 -0.023438 -0.037500
0 0.014844 0.018750 -0.023438 -0.037500
0 0.005469 0.006250 -0.007812 -0.012500
0 0.005469 0.006250 -0.007812 -0.012500
0 0.011719 0.015625 -0.017188 -0.031250
0 0.005469 0.006250 -0.007812 -0.012500
0 0.014063 0.018750 -0.025000 -0.037500
0 0.005469 0.006250 -0.007812 -0.012500
0 0.005469 0.006250 -0.007812 -0.012500
0 0.005469 0.006250 -0.007812 -0.012500
0 0.005469 0.006250 -0.007812 -0.012500
0 0.010937 0.015625 -0.018750 -0.031250