0 0.003145 0.007883 -0.004717 -0.015766
0 0.003538 0.014640 -0.005503 -0.029279
0 0.005503 0.014640 -0.009434 -0.029279
0 0.003145 0.007883 -0.004717 -0.015766
0 0.005503 0.014640 -0.009434 -0.029279
0 0.003145 0.007883 -0.004717 -0.015766
0 0.003538 0.014640 -0.005503 -0.029279
0 0.003145 0.007883 -0.004717 -0.015766
0 0.003538 0.014640 -0.005503 -0.029279
0 0.003145 0.007883 -0.004717 -0.015766
0 0.007075 0.025901 -0.012579 -0.051802
0 0.015330 0.050676 -0.029088 -0.101351
0 0.007862 0.030405 -0.014151 -0.060811
0 0.003145 0.007883 -0.004717 -0.015766
0 0.003145 0.011261 -0.004717 -0.022523
0 0.004717 0.019144 -0.006289 -0.038288
0 0.003145 0.009009 -0.004717 -0.018018
0 0.004717 0.019144 -0.006289 -0.038288
0 0.003145 0.007883 -0.004717 -0.015766
0 0.003145 0.009009 -0.004717 -0.018018
0 0.003145 0.009009 -0.004717 -0.018018
0 0.001965 0.006757 -0.002358 -0.013514
0 0.007862 0.030405 -0.014151 -0.060811
0 0.003145 0.007883 -0.004717 -0.015766
0 0.008255 0.029279 -0.014937 -0.058559
0 0.015330 0.050676 -0.029088 -0.101351
0 0.004324 0.019144 -0.007075 -0.038288
0 0.001965 0.006757 -0.002358 -0.013514
0 0.003538 0.014640 -0.005503 -0.029279
0 0.002358 0.007883 -0.003145 -0.015766
0 0.007469 0.023649 -0.013365 -0.047297
0 0.005503 0.014640 -0.009434 -0.029279
0 0.004324 0.019144 -0.007075 -0.038288
0 0.003538 0.014640 -0.005503 -0.029279
0 0.001965 0.006757 -0.002358 -0.013514
0 0.003538 0.014640 -0.005503 -0.029279
0 0.003145 0.009009 -0.004717 -0.018018
0 0.003145 0.007883 -0.004717 -0.015766
0 0.001965 0.006757 -0.002358 -0.013514
0 0.005503 0.014640 -0.009434 -0.029279
0 0.001965 0.006757 -0.002358 -0.013514
0 0.007469 0.023649 -0.013365 -0.047297
0 0.002358 0.006757 -0.003145 -0.013514
0 0.006682 0.022523 -0.011792 -0.045045
0 0.003538 0.014640 -0.005503 -0.029279
0 0.005503 0.014640 -0.009434 -0.029279
0 0.005503 0.014640 -0.009434 -0.029279
0 0.003538 0.014640 -0.005503 -0.029279
0 0.003538 0.014640 -0.005503 -0.029279
0 0.003145 0.007883 -0.004717 -0.015766
0 0.003145 0.007883 -0.004717 -0.015766
0 0.003145 0.007883 -0.004717 -0.015766
0 0.003145 0.009009 -0.004717 -0.018018
0 0.006682 0.022523 -0.011792 -0.045045
0 0.004324 0.019144 -0.007075 -0.038288
0 0.003145 0.007883 -0.004717 -0.015766
0 0.004717 0.019144 -0.006289 -0.038288
0 0.003145 0.007883 -0.004717 -0.015766
0 0.003145 0.007883 -0.004717 -0.015766
0 0.001965 0.006757 -0.002358 -0.013514
0 0.002358 0.007883 -0.003145 -0.015766
0 0.001965 0.006757 -0.002358 -0.013514
0 0.003145 0.009009 -0.004717 -0.018018
0 0.001965 0.006757 -0.002358 -0.013514
0 0.007862 0.030405 -0.014151 -0.060811
0 0.003145 0.007883 -0.004717 -0.015766
0 0.004324 0.019144 -0.007075 -0.038288
0 0.003538 0.014640 -0.005503 -0.029279
0 0.015330 0.050676 -0.029088 -0.101351
0 0.003145 0.007883 -0.004717 -0.015766
0 0.005503 0.014640 -0.009434 -0.029279
0 0.005503 0.014640 -0.009434 -0.029279
0 0.003145 0.007883 -0.004717 -0.015766
0 0.001965 0.006757 -0.002358 -0.013514
0 0.005503 0.014640 -0.009434 -0.029279
0 0.008255 0.029279 -0.014937 -0.058559
0 0.003145 0.007883 -0.004717 -0.015766
0 0.003145 0.009009 -0.004717 -0.018018
0 0.007469 0.023649 -0.013365 -0.047297
0 0.003538 0.014640 -0.005503 -0.029279
0 0.005503 0.014640 -0.009434 -0.029279
0 0.001965 0.006757 -0.002358 -0.013514
0 0.003145 0.007883 -0.004717 -0.015766
0 0.005503 0.014640 -0.009434 -0.029279
0 0.001965 0.006757 -0.002358 -0.013514
0 0.005503 0.014640 -0.009434 -0.029279
0 0.003538 0.014640 -0.005503 -0.029279
0 0.003145 0.007883 -0.004717 -0.015766
0 0.003145 0.007883 -0.004717 -0.015766
0 0.007862 0.030405 -0.014151 -0.060811
0 0.003145 0.007883 -0.004717 -0.015766
0 0.003145 0.009009 -0.004717 -0.018018
0 0.007075 0.024775 -0.012579 -0.049550
0 0.015330 0.050676 -0.029088 -0.101351
0 0.003145 0.007883 -0.004717 -0.015766
0 0.003145 0.007883 -0.004717 -0.015766
0 0.003145 0.007883 -0.004717 -0.015766
0 0.007469 0.023649 -0.013365 -0.047297
0 0.002358 0.006757 -0.003145 -0.013514
0 0.003145 0.007883 -0.004717 -0.015766
0 0.015330 0.050676 -0.029088 -0.101351
0 0.003145 0.007883 -0.004717 -0.015766
0 0.003538 0.014640 -0.005503 -0.029279
0 0.001965 0.006757 -0.002358 -0.013514
0 0.008255 0.029279 -0.014937 -0.058559
0 0.001965 0.006757 -0.002358 -0.013514
0 0.003145 0.007883 -0.004717 -0.015766
0 0.003145 0.009009 -0.004717 -0.018018
0 0.003145 0.009009 -0.004717 -0.018018
0 0.001965 0.006757 -0.002358 -0.013514
0 0.003145 0.007883 -0.004717 -0.015766
0 0.003145 0.007883 -0.004717 -0.015766
0 0.003538 0.014640 -0.005503 -0.029279
0 0.007469 0.023649 -0.013365 -0.047297
0 0.003145 0.007883 -0.004717 -0.015766
0 0.003145 0.009009 -0.004717 -0.018018
0 0.003145 0.009009 -0.004717 -0.018018
0 0.007862 0.023649 -0.012579 -0.047297
0 0.003145 0.007883 -0.004717 -0.015766
0 0.003538 0.014640 -0.005503 -0.029279
0 0.003145 0.007883 -0.004717 -0.015766
0 0.007862 0.030405 -0.014151 -0.060811
0 0.003145 0.007883 -0.004717 -0.015766
0 0.003145 0.009009 -0.004717 -0.018018
0 0.003538 0.014640 -0.005503 -0.029279
0 0.003145 0.009009 -0.004717 -0.018018
0 0.003145 0.007883 -0.004717 -0.015766
0 0.003538 0.014640 -0.005503 -0.029279
0 0.007469 0.023649 -0.013365 -0.047297
0 0.003538 0.014640 -0.005503 -0.029279
0 0.003538 0.014640 -0.005503 -0.029279
0 0.003145 0.009009 -0.004717 -0.018018
0 0.005503 0.014640 -0.009434 -0.029279
0 0.003538 0.014640 -0.005503 -0.029279
0 0.003145 0.007883 -0.004717 -0.015766
0 0.003538 0.014640 -0.005503 -0.029279
0 0.003538 0.014640 -0.005503 -0.029279
0 0.003145 0.007883 -0.004717 -0.015766
0 0.003145 0.007883 -0.004717 -0.015766
0 0.003145 0.007883 -0.004717 -0.015766
0 0.005503 0.014640 -0.009434 -0.029279
0 0.001965 0.006757 -0.002358 -0.013514
0 0.004324 0.019144 -0.007075 -0.038288
0 0.003145 0.007883 -0.004717 -0.015766
0 0.003145 0.009009 -0.004717 -0.018018
0 0.003145 0.007883 -0.004717 -0.015766
0 0.003538 0.014640 -0.005503 -0.029279
0 0.003145 0.007883 -0.004717 -0.015766
0 0.008255 0.029279 -0.014937 -0.058559
0 0.003145 0.009009 -0.004717 -0.018018
0 0.003145 0.007883 -0.004717 -0.015766
0 0.004324 0.019144 -0.007075 -0.038288
0 0.007469 0.023649 -0.013365 -0.047297
0 0.001965 0.006757 -0.002358 -0.013514
0 0.003145 0.009009 -0.004717 -0.018018
0 0.001965 0.006757 -0.002358 -0.013514
0 0.003538 0.014640 -0.005503 -0.029279
0 0.003538 0.014640 -0.005503 -0.029279
0 0.003538 0.014640 -0.005503 -0.029279
0 0.008255 0.029279 -0.014937 -0.058559
0 0.002358 0.006757 -0.003145 -0.013514
0 0.005503 0.014640 -0.009434 -0.029279
0 0.005503 0.014640 -0.009434 -0.029279
0 0.008255 0.029279 -0.014937 -0.058559
0 0.003145 0.007883 -0.004717 -0.015766
0 0.007862 0.030405 -0.014151 -0.060811
0 0.008648 0.029279 -0.014151 -0.058559
0 0.003145 0.007883 -0.004717 -0.015766
0 0.003145 0.009009 -0.004717 -0.018018
0 0.001965 0.006757 -0.002358 -0.013514
0 0.003145 0.009009 -0.004717 -0.018018
0 0.003145 0.007883 -0.004717 -0.015766
0 0.005503 0.014640 -0.009434 -0.029279
0 0.003538 0.014640 -0.005503 -0.029279
0 0.005503 0.014640 -0.009434 -0.029279
0 0.001965 0.006757 -0.002358 -0.013514
0 0.003145 0.007883 -0.004717 -0.015766
0 0.003145 0.009009 -0.004717 -0.018018
0 0.007862 0.030405 -0.014151 -0.060811
0 0.003538 0.014640 -0.005503 -0.029279
0 0.003145 0.007883 -0.004717 -0.015766
0 0.004324 0.019144 -0.007075 -0.038288
0 0.004324 0.019144 -0.007075 -0.038288
0 0.005503 0.014640 -0.009434 -0.029279
0 0.003145 0.007883 -0.004717 -0.015766
0 0.003145 0.007883 -0.004717 -0.015766
0 0.003145 0.007883 -0.004717 -0.015766
0 0.001965 0.006757 -0.002358 -0.013514
0 0.004324 0.018018 -0.007075 -0.036036
0 0.003145 0.007883 -0.004717 -0.015766
0 0.001965 0.006757 -0.002358 -0.013514
0 0.005503 0.014640 -0.009434 -0.029279
0 0.003145 0.007883 -0.004717 -0.015766
0 0.003145 0.007883 -0.004717 -0.015766
0 0.003145 0.009009 -0.004717 -0.018018
0 0.003538 0.014640 -0.005503 -0.029279
0 0.007862 0.030405 -0.014151 -0.060811
0 0.001965 0.006757 -0.002358 -0.013514
0 0.003145 0.007883 -0.004717 -0.015766
0 0.001965 0.006757 -0.002358 -0.013514
0 0.003145 0.007883 -0.004717 -0.015766
0 0.001965 0.006757 -0.002358 -0.013514
0 0.015330 0.050676 -0.029088 -0.101351
0 0.001965 0.006757 -0.002358 -0.013514
0 0.003538 0.014640 -0.005503 -0.029279
0 0.003145 0.007883 -0.004717 -0.015766
0 0.001965 0.006757 -0.002358 -0.013514
0 0.003145 0.007883 -0.004717 -0.015766
0 0.003145 0.007883 -0.004717 -0.015766
0 0.005503 0.014640 -0.009434 -0.029279
0 0.005503 0.014640 -0.009434 -0.029279
0 0.003538 0.014640 -0.005503 -0.029279
0 0.001965 0.006757 -0.002358 -0.013514
0 0.003538 0.014640 -0.005503 -0.029279
0 0.003145 0.007883 -0.004717 -0.015766
0 0.005896 0.018018 -0.010220 -0.036036
0 0.007862 0.023649 -0.012579 -0.047297
0 0.003145 0.007883 -0.004717 -0.015766
0 0.007862 0.030405 -0.014151 -0.060811
0 0.005503 0.014640 -0.009434 -0.029279
0 0.007862 0.030405 -0.014151 -0.060811
0 0.001965 0.006757 -0.002358 -0.013514
0 0.003538 0.014640 -0.005503 -0.029279
0 0.015330 0.050676 -0.029088 -0.101351
0 0.003538 0.014640 -0.005503 -0.029279
0 0.003538 0.014640 -0.005503 -0.029279
0 0.003538 0.014640 -0.005503 -0.029279
0 0.003145 0.009009 -0.004717 -0.018018
0 0.003145 0.009009 -0.004717 -0.018018
0 0.007469 0.023649 -0.013365 -0.047297
0 0.003145 0.007883 -0.004717 -0.015766
0 0.005503 0.014640 -0.009434 -0.029279
0 0.008255 0.029279 -0.014937 -0.058559
0 0.008255 0.029279 -0.014937 -0.058559
0 0.003145 0.007883 -0.004717 -0.015766
0 0.003145 0.009009 -0.004717 -0.018018
0 0.003145 0.009009 -0.004717 -0.018018
0 0.008255 0.029279 -0.014937 -0.058559
0 0.005503 0.014640 -0.009434 -0.029279
0 0.003145 0.009009 -0.004717 -0.018018
0 0.003145 0.009009 -0.004717 -0.018018
0 0.003145 0.009009 -0.004717 -0.018018
0 0.003145 0.007883 -0.004717 -0.015766
0 0.003538 0.014640 -0.005503 -0.029279
0 0.004324 0.011261 -0.007075 -0.022523
0 0.007862 0.030405 -0.014151 -0.060811
0 0.002358 0.006757 -0.003145 -0.013514
0 0.003145 0.007883 -0.004717 -0.015766
0 0.003145 0.007883 -0.004717 -0.015766
0 0.003538 0.014640 -0.005503 -0.029279
0 0.003145 0.009009 -0.004717 -0.018018
0 0.003145 0.009009 -0.004717 -0.018018
0 0.003145 0.007883 -0.004717 -0.015766
0 0.005503 0.014640 -0.009434 -0.029279
0 0.008255 0.029279 -0.014937 -0.058559
0 0.007469 0.023649 -0.013365 -0.047297
0 0.003538 0.014640 -0.005503 -0.029279
0 0.003145 0.009009 -0.004717 -0.018018
0 0.005503 0.014640 -0.009434 -0.029279
0 0.001965 0.006757 -0.002358 -0.013514
0 0.007469 0.023649 -0.013365 -0.047297
0 0.003145 0.007883 -0.004717 -0.015766
0 0.003145 0.007883 -0.004717 -0.015766
0 0.005503 0.014640 -0.009434 -0.029279
0 0.005503 0.014640 -0.009434 -0.029279
0 0.008255 0.029279 -0.014937 -0.058559
0 0.003538 0.014640 -0.005503 -0.029279
0 0.003538 0.014640 -0.005503 -0.029279
0 0.005503 0.014640 -0.009434 -0.029279
0 0.004324 0.019144 -0.007075 -0.038288
0 0.009434 0.034910 -0.017296 -0.069820
0 0.003145 0.007883 -0.004717 -0.015766
0 0.001965 0.006757 -0.002358 -0.013514
0 0.003145 0.009009 -0.004717 -0.018018
0 0.003538 0.014640 -0.005503 -0.029279
0 0.013365 0.045045 -0.025157 -0.090090
0 0.002358 0.007883 -0.003145 -0.015766
0 0.003538 0.014640 -0.005503 -0.029279
0 0.001965 0.006757 -0.002358 -0.013514
0 0.001965 0.006757 -0.002358 -0.013514
0 0.003145 0.007883 -0.004717 -0.015766
0 0.001965 0.006757 -0.002358 -0.013514
0 0.003145 0.007883 -0.004717 -0.015766
0 0.003145 0.007883 -0.004717 -0.015766
0 0.003538 0.014640 -0.005503 -0.029279
0 0.008255 0.029279 -0.014937 -0.058559
0 0.001965 0.006757 -0.002358 -0.013514
0 0.003145 0.007883 -0.004717 -0.015766
0 0.003145 0.007883 -0.004717 -0.015766
0 0.005503 0.014640 -0.009434 -0.029279
0 0.001965 0.006757 -0.002358 -0.013514
0 0.005503 0.014640 -0.009434 -0.029279
0 0.005503 0.014640 -0.009434 -0.029279
0 0.015330 0.050676 -0.029088 -0.101351
0 0.003145 0.009009 -0.004717 -0.018018
0 0.003145 0.007883 -0.004717 -0.015766
0 0.005503 0.014640 -0.009434 -0.029279
0 0.005503 0.014640 -0.009434 -0.029279
0 0.001965 0.006757 -0.002358 -0.013514
0 0.003145 0.007883 -0.004717 -0.015766
0 0.003538 0.014640 -0.005503 -0.029279
0 0.003145 0.007883 -0.004717 -0.015766
0 0.003538 0.014640 -0.005503 -0.029279
0 0.003145 0.009009 -0.004717 -0.018018
0 0.002358 0.006757 -0.003145 -0.013514
0 0.003145 0.009009 -0.004717 -0.018018
0 0.003145 0.007883 -0.004717 -0.015766
0 0.002358 0.006757 -0.003145 -0.013514
0 0.004717 0.019144 -0.006289 -0.038288
0 0.007862 0.030405 -0.014151 -0.060811
0 0.007862 0.030405 -0.014151 -0.060811
0 0.015330 0.050676 -0.029088 -0.101351
0 0.003538 0.010135 -0.005503 -0.020270
0 0.001965 0.006757 -0.002358 -0.013514
0 0.007862 0.030405 -0.014151 -0.060811
0 0.005503 0.014640 -0.009434 -0.029279
0 0.003145 0.009009 -0.004717 -0.018018
0 0.005503 0.014640 -0.009434 -0.029279
0 0.003145 0.011261 -0.004717 -0.022523
0 0.001965 0.006757 -0.002358 -0.013514
0 0.005896 0.014640 -0.008648 -0.029279
0 0.003145 0.009009 -0.004717 -0.018018
0 0.007862 0.030405 -0.014151 -0.060811
0 0.003145 0.007883 -0.004717 -0.015766
0 0.003145 0.007883 -0.004717 -0.015766
0 0.003145 0.007883 -0.004717 -0.015766
0 0.008255 0.029279 -0.014937 -0.058559
0 0.005503 0.014640 -0.009434 -0.029279
0 0.003145 0.009009 -0.004717 -0.018018
0 0.003145 0.009009 -0.004717 -0.018018
0 0.003145 0.009009 -0.004717 -0.018018
0 0.005896 0.014640 -0.008648 -0.029279
0 0.003145 0.009009 -0.004717 -0.018018
0 0.004324 0.019144 -0.007075 -0.038288
0 0.005503 0.014640 -0.009434 -0.029279
0 0.003145 0.009009 -0.004717 -0.018018
0 0.003538 0.014640 -0.005503 -0.029279
0 0.003145 0.007883 -0.004717 -0.015766
0 0.003145 0.007883 -0.004717 -0.015766
0 0.003145 0.007883 -0.004717 -0.015766
0 0.001965 0.006757 -0.002358 -0.013514
0 0.007862 0.030405 -0.014151 -0.060811
0 0.007862 0.030405 -0.014151 -0.060811
0 0.001965 0.006757 -0.002358 -0.013514
0 0.015330 0.050676 -0.029088 -0.101351
0 0.004324 0.019144 -0.007075 -0.038288
0 0.008255 0.029279 -0.014937 -0.058559
0 0.015330 0.050676 -0.029088 -0.101351
0 0.001965 0.006757 -0.002358 -0.013514
0 0.003145 0.007883 -0.004717 -0.015766
0 0.001965 0.006757 -0.002358 -0.013514
0 0.003538 0.014640 -0.005503 -0.029279
0 0.005503 0.014640 -0.009434 -0.029279
0 0.001965 0.006757 -0.002358 -0.013514
0 0.007075 0.025901 -0.012579 -0.051802
0 0.005503 0.014640 -0.009434 -0.029279
0 0.004324 0.019144 -0.007075 -0.038288
0 0.003145 0.007883 -0.004717 -0.015766
0 0.001965 0.006757 -0.002358 -0.013514
0 0.001965 0.006757 -0.002358 -0.013514
0 0.001965 0.006757 -0.002358 -0.013514
0 0.007862 0.023649 -0.012579 -0.047297
0 0.003145 0.007883 -0.004717 -0.015766
0 0.003145 0.007883 -0.004717 -0.015766
0 0.003145 0.009009 -0.004717 -0.018018
0 0.003538 0.014640 -0.005503 -0.029279
0 0.003145 0.007883 -0.004717 -0.015766
0 0.003145 0.007883 -0.004717 -0.015766
0 0.003538 0.014640 -0.005503 -0.029279
0 0.003145 0.007883 -0.004717 -0.015766
0 0.005503 0.014640 -0.009434 -0.029279
0 0.003145 0.007883 -0.004717 -0.015766
0 0.003145 0.007883 -0.004717 -0.015766
0 0.003538 0.014640 -0.005503 -0.029279
0 0.003145 0.007883 -0.004717 -0.015766
0 0.005503 0.014640 -0.009434 -0.029279
0 0.003145 0.007883 -0.004717 -0.015766
0 0.003538 0.014640 -0.005503 -0.029279
0 0.003145 0.009009 -0.004717 -0.018018
0 0.005503 0.014640 -0.009434 -0.029279
0 0.003145 0.007883 -0.004717 -0.015766
0 0.005503 0.014640 -0.009434 -0.029279
0 0.003145 0.009009 -0.004717 -0.018018
0 0.001965 0.006757 -0.002358 -0.013514
0 0.003145 0.007883 -0.004717 -0.015766
0 0.007469 0.023649 -0.013365 -0.047297
0 0.003145 0.007883 -0.004717 -0.015766
0 0.003538 0.014640 -0.005503 -0.029279
0 0.005503 0.014640 -0.009434 -0.029279
0 0.005503 0.014640 -0.009434 -0.029279
0 0.005503 0.014640 -0.009434 -0.029279
0 0.008255 0.029279 -0.014937 -0.058559
0 0.003145 0.007883 -0.004717 -0.015766
0 0.003145 0.007883 -0.004717 -0.015766
0 0.005503 0.014640 -0.009434 -0.029279
0 0.003145 0.009009 -0.004717 -0.018018
0 0.003145 0.007883 -0.004717 -0.015766
0 0.003538 0.014640 -0.005503 -0.029279
0 0.003145 0.009009 -0.004717 -0.018018
0 0.003145 0.007883 -0.004717 -0.015766
0 0.003145 0.007883 -0.004717 -0.015766
0 0.007862 0.030405 -0.014151 -0.060811
0 0.005503 0.014640 -0.009434 -0.029279
0 0.003145 0.007883 -0.004717 -0.015766
0 0.005503 0.014640 -0.009434 -0.029279
0 0.003538 0.014640 -0.005503 -0.029279
0 0.001965 0.006757 -0.002358 -0.013514
0 0.005503 0.014640 -0.009434 -0.029279
0 0.003145 0.007883 -0.004717 -0.015766
0 0.003145 0.007883 -0.004717 -0.015766
0 0.004324 0.019144 -0.007075 -0.038288
0 0.005503 0.014640 -0.009434 -0.029279
0 0.002358 0.006757 -0.003145 -0.013514
0 0.003145 0.009009 -0.004717 -0.018018
0 0.003538 0.010135 -0.005503 -0.020270
0 0.003538 0.014640 -0.005503 -0.029279
0 0.005503 0.014640 -0.009434 -0.029279
0 0.003538 0.014640 -0.005503 -0.029279
0 0.003145 0.007883 -0.004717 -0.015766
0 0.007862 0.030405 -0.014151 -0.060811
0 0.003145 0.009009 -0.004717 -0.018018
0 0.001965 0.006757 -0.002358 -0.013514
0 0.003145 0.009009 -0.004717 -0.018018
0 0.005503 0.014640 -0.009434 -0.029279
0 0.004324 0.019144 -0.007075 -0.038288
0 0.001965 0.006757 -0.002358 -0.013514
0 0.003145 0.007883 -0.004717 -0.015766
0 0.007075 0.025901 -0.012579 -0.051802
0 0.003145 0.007883 -0.004717 -0.015766
0 0.007469 0.023649 -0.013365 -0.047297
0 0.008255 0.029279 -0.014937 -0.058559
0 0.001965 0.006757 -0.002358 -0.013514
0 0.007469 0.023649 -0.013365 -0.047297
0 0.005503 0.014640 -0.009434 -0.029279
0 0.004324 0.019144 -0.007075 -0.038288
0 0.007862 0.023649 -0.012579 -0.047297
0 0.001965 0.006757 -0.002358 -0.013514
0 0.007862 0.030405 -0.014151 -0.060811
0 0.003145 0.007883 -0.004717 -0.015766
0 0.005503 0.014640 -0.009434 -0.029279
0 0.005503 0.014640 -0.009434 -0.029279
0 0.007469 0.023649 -0.013365 -0.047297
0 0.002358 0.007883 -0.003145 -0.015766
0 0.005503 0.014640 -0.009434 -0.029279
0 0.005503 0.014640 -0.009434 -0.029279
0 0.007469 0.023649 -0.013365 -0.047297
0 0.005503 0.014640 -0.009434 -0.029279
0 0.003145 0.009009 -0.004717 -0.018018
0 0.003145 0.007883 -0.004717 -0.015766
0 0.002358 0.006757 -0.003145 -0.013514
0 0.001965 0.006757 -0.002358 -0.013514
0 0.008255 0.029279 -0.014937 -0.058559
0 0.003145 0.009009 -0.004717 -0.018018
0 0.003145 0.007883 -0.004717 -0.015766
0 0.003145 0.007883 -0.004717 -0.015766
0 0.004324 0.019144 -0.007075 -0.038288
0 0.003145 0.009009 -0.004717 -0.018018
0 0.003145 0.007883 -0.004717 -0.015766
0 0.003145 0.007883 -0.004717 -0.015766
0 0.003538 0.014640 -0.005503 -0.029279
0 0.003145 0.007883 -0.004717 -0.015766
0 0.003538 0.014640 -0.005503 -0.029279
0 0.008255 0.029279 -0.014937 -0.058559
0 0.008255 0.029279 -0.014937 -0.058559
0 0.003145 0.009009 -0.004717 -0.018018
0 0.003538 0.014640 -0.005503 -0.029279
0 0.003538 0.014640 -0.005503 -0.029279
0 0.003145 0.009009 -0.004717 -0.018018
0 0.008255 0.029279 -0.014937 -0.058559
0 0.008255 0.029279 -0.014937 -0.058559
0 0.005503 0.014640 -0.009434 -0.029279
0 0.003145 0.009009 -0.004717 -0.018018
0 0.003145 0.009009 -0.004717 -0.018018
0 0.004717 0.012387 -0.007862 -0.024775
0 0.003145 0.009009 -0.004717 -0.018018
0 0.003145 0.009009 -0.004717 -0.018018
0 0.007862 0.030405 -0.014151 -0.060811
0 0.007862 0.030405 -0.014151 -0.060811
0 0.003538 0.014640 -0.005503 -0.029279
0 0.005503 0.014640 -0.009434 -0.029279
0 0.005503 0.014640 -0.009434 -0.029279
0 0.003538 0.014640 -0.005503 -0.029279
0 0.003538 0.014640 -0.005503 -0.029279
0 0.008255 0.029279 -0.014937 -0.058559
0 0.007862 0.030405 -0.014151 -0.060811
0 0.003145 0.007883 -0.004717 -0.015766
0 0.001965 0.006757 -0.002358 -0.013514
0 0.001965 0.006757 -0.002358 -0.013514
0 0.004717 0.019144 -0.006289 -0.038288
0 0.001965 0.006757 -0.002358 -0.013514
0 0.003538 0.014640 -0.005503 -0.029279
0 0.005503 0.014640 -0.009434 -0.029279
0 0.003145 0.009009 -0.004717 -0.018018
0 0.004324 0.019144 -0.007075 -0.038288
0 0.007469 0.023649 -0.013365 -0.047297
0 0.001965 0.006757 -0.002358 -0.013514
0 0.007469 0.023649 -0.013365 -0.047297
0 0.005503 0.014640 -0.009434 -0.029279
0 0.004324 0.019144 -0.007075 -0.038288
0 0.005503 0.014640 -0.009434 -0.029279
0 0.001965 0.006757 -0.002358 -0.013514
0 0.005503 0.014640 -0.009434 -0.029279
0 0.003145 0.007883 -0.004717 -0.015766
0 0.003538 0.014640 -0.005503 -0.029279
0 0.015330 0.050676 -0.029088 -0.101351
0 0.003538 0.014640 -0.005503 -0.029279
0 0.005503 0.014640 -0.009434 -0.029279
0 0.003145 0.007883 -0.004717 -0.015766
0 0.003538 0.014640 -0.005503 -0.029279
0 0.003145 0.007883 -0.004717 -0.015766
0 0.002358 0.006757 -0.003145 -0.013514
0 0.003145 0.007883 -0.004717 -0.015766
0 0.003145 0.007883 -0.004717 -0.015766
0 0.003538 0.014640 -0.005503 -0.029279
0 0.005503 0.014640 -0.009434 -0.029279
0 0.005503 0.014640 -0.009434 -0.029279
0 0.002358 0.007883 -0.003145 -0.015766
0 0.003145 0.009009 -0.004717 -0.018018
0 0.003145 0.007883 -0.004717 -0.015766
0 0.003145 0.007883 -0.004717 -0.015766
0 0.001965 0.006757 -0.002358 -0.013514
0 0.003538 0.014640 -0.005503 -0.029279
0 0.002358 0.006757 -0.003145 -0.013514
0 0.005503 0.014640 -0.009434 -0.029279
0 0.007862 0.030405 -0.014151 -0.060811
0 0.001965 0.006757 -0.002358 -0.013514
0 0.003145 0.007883 -0.004717 -0.015766
0 0.001965 0.006757 -0.002358 -0.013514
0 0.003145 0.009009 -0.004717 -0.018018
0 0.006682 0.023649 -0.011792 -0.047297
0 0.001965 0.006757 -0.002358 -0.013514
0 0.003538 0.014640 -0.005503 -0.029279
0 0.001965 0.006757 -0.002358 -0.013514
0 0.002358 0.006757 -0.003145 -0.013514
0 0.003145 0.011261 -0.004717 -0.022523
0 0.003145 0.007883 -0.004717 -0.015766
0 0.003145 0.007883 -0.004717 -0.015766
0 0.003145 0.012387 -0.004717 -0.024775
0 0.004324 0.019144 -0.007075 -0.038288
0 0.003145 0.009009 -0.004717 -0.018018
0 0.003145 0.009009 -0.004717 -0.018018
0 0.005503 0.014640 -0.009434 -0.029279
0 0.003145 0.007883 -0.004717 -0.015766
0 0.003145 0.007883 -0.004717 -0.015766
0 0.001965 0.006757 -0.002358 -0.013514
0 0.007862 0.030405 -0.014151 -0.060811
0 0.001965 0.006757 -0.002358 -0.013514
0 0.003538 0.014640 -0.005503 -0.029279
0 0.003145 0.009009 -0.004717 -0.018018
0 0.003538 0.014640 -0.005503 -0.029279
0 0.003538 0.014640 -0.005503 -0.029279
0 0.003145 0.009009 -0.004717 -0.018018
0 0.003145 0.009009 -0.004717 -0.018018
0 0.015330 0.050676 -0.029088 -0.101351
0 0.003145 0.011261 -0.004717 -0.022523
0 0.003145 0.007883 -0.004717 -0.015766
0 0.001965 0.006757 -0.002358 -0.013514
0 0.003538 0.014640 -0.005503 -0.029279
0 0.008648 0.029279 -0.014151 -0.058559
0 0.005896 0.018018 -0.010220 -0.036036
0 0.015330 0.050676 -0.029088 -0.101351
0 0.005503 0.014640 -0.009434 -0.029279
0 0.003538 0.014640 -0.005503 -0.029279
0 0.003145 0.007883 -0.004717 -0.015766
0 0.003538 0.014640 -0.005503 -0.029279
0 0.004324 0.019144 -0.007075 -0.038288
0 0.001965 0.006757 -0.002358 -0.013514
0 0.003145 0.009009 -0.004717 -0.018018
0 0.011399 0.040541 -0.021226 -0.081081
0 0.005503 0.014640 -0.009434 -0.029279
0 0.004324 0.019144 -0.007075 -0.038288
0 0.005503 0.014640 -0.009434 -0.029279
0 0.003145 0.007883 -0.004717 -0.015766
0 0.009434 0.034910 -0.017296 -0.069820
0 0.005503 0.014640 -0.009434 -0.029279
0 0.005503 0.014640 -0.009434 -0.029279
0 0.007469 0.023649 -0.013365 -0.047297
0 0.005503 0.019144 -0.009434 -0.038288
0 0.005503 0.014640 -0.009434 -0.029279
0 0.008255 0.029279 -0.014937 -0.058559
0 0.003145 0.007883 -0.004717 -0.015766
0 0.003145 0.007883 -0.004717 -0.015766
0 0.005503 0.014640 -0.009434 -0.029279
0 0.015330 0.050676 -0.029088 -0.101351
0 0.003145 0.007883 -0.004717 -0.015766
0 0.003145 0.007883 -0.004717 -0.015766
0 0.005503 0.014640 -0.009434 -0.029279
0 0.005503 0.014640 -0.009434 -0.029279
0 0.009434 0.034910 -0.017296 -0.069820
0 0.007862 0.030405 -0.014151 -0.060811
0 0.003538 0.014640 -0.005503 -0.029279
0 0.002358 0.006757 -0.003145 -0.013514
0 0.003145 0.007883 -0.004717 -0.015766
0 0.003538 0.014640 -0.005503 -0.029279
0 0.003538 0.014640 -0.005503 -0.029279
0 0.007469 0.023649 -0.013365 -0.047297
0 0.003145 0.007883 -0.004717 -0.015766
0 0.007469 0.023649 -0.013365 -0.047297
0 0.005503 0.020270 -0.009434 -0.040541
0 0.005503 0.014640 -0.009434 -0.029279
0 0.003145 0.012387 -0.004717 -0.024775
0 0.003538 0.014640 -0.005503 -0.029279
0 0.005503 0.014640 -0.009434 -0.029279
0 0.003145 0.009009 -0.004717 -0.018018
0 0.003538 0.014640 -0.005503 -0.029279
0 0.001965 0.006757 -0.002358 -0.013514
0 0.003145 0.009009 -0.004717 -0.018018
0 0.005503 0.014640 -0.009434 -0.029279
0 0.007469 0.023649 -0.013365 -0.047297
0 0.003145 0.007883 -0.004717 -0.015766
0 0.003145 0.009009 -0.004717 -0.018018
0 0.008255 0.029279 -0.014937 -0.058559
0 0.005503 0.020270 -0.009434 -0.040541
0 0.003145 0.009009 -0.004717 -0.018018
0 0.001965 0.006757 -0.002358 -0.013514
0 0.007469 0.023649 -0.013365 -0.047297
0 0.008255 0.029279 -0.014937 -0.058559
0 0.003145 0.009009 -0.004717 -0.018018
0 0.003145 0.007883 -0.004717 -0.015766
0 0.001965 0.006757 -0.002358 -0.013514
0 0.015330 0.050676 -0.029088 -0.101351
0 0.003145 0.007883 -0.004717 -0.015766
0 0.003538 0.014640 -0.005503 -0.029279
0 0.015330 0.050676 -0.029088 -0.101351
0 0.008255 0.029279 -0.014937 -0.058559
0 0.003145 0.009009 -0.004717 -0.018018
0 0.004324 0.019144 -0.007075 -0.038288
0 0.003145 0.009009 -0.004717 -0.018018
0 0.003145 0.007883 -0.004717 -0.015766
0 0.008255 0.029279 -0.014937 -0.058559
0 0.001965 0.006757 -0.002358 -0.013514
0 0.003145 0.007883 -0.004717 -0.015766
0 0.003538 0.014640 -0.005503 -0.029279
0 0.003145 0.007883 -0.004717 -0.015766
0 0.008255 0.029279 -0.014937 -0.058559
0 0.003145 0.007883 -0.004717 -0.015766
0 0.005503 0.014640 -0.009434 -0.029279
0 0.005503 0.014640 -0.009434 -0.029279
0 0.003145 0.007883 -0.004717 -0.015766