0 0.020625 0.055556 -0.038750 -0.111111
0 0.008750 0.020964 -0.015000 -0.041929
0 0.010000 0.014675 -0.017500 -0.029350
0 0.006250 0.012579 -0.010000 -0.025157
0 0.020625 0.055556 -0.038750 -0.111111
0 0.006875 0.002096 -0.011250 -0.004193
0 0.012500 0.015723 -0.022500 -0.031447
0 0.006250 0.014675 -0.010000 -0.029350
0 0.035625 0.081761 -0.068750 -0.163522
0 0.007500 0.018868 -0.012500 -0.037736
0 0.010000 0.014675 -0.017500 -0.029350
0 0.006250 0.014675 -0.010000 -0.029350
0 0.001250 0.000000 0.000000 0.000000
0 0.000625 0.000000 0.001250 0.000000
0 0.020625 0.055556 -0.038750 -0.111111
0 0.020625 0.055556 -0.038750 -0.111111
0 0.006875 0.002096 -0.011250 -0.004193
0 0.003750 0.003145 -0.005000 -0.006289
0 0.010000 0.014675 -0.017500 -0.029350
0 0.020625 0.055556 -0.038750 -0.111111
0 0.009375 0.019916 -0.016250 -0.039832
0 0.001250 0.002096 0.000000 -0.004193
0 0.011875 0.026205 -0.021250 -0.052411
0 0.006250 0.007338 -0.010000 -0.014675
0 0.022500 0.046122 -0.042500 -0.092243
0 0.010000 0.008386 -0.017500 -0.016771
0 0.006875 0.002096 -0.011250 -0.004193
0 0.003125 0.009434 -0.003750 -0.018868
0 0.010000 0.014675 -0.017500 -0.029350
0 0.006250 0.012579 -0.010000 -0.025157
0 0.010000 0.014675 -0.017500 -0.029350
0 0.006250 0.007338 -0.010000 -0.014675
0 0.020625 0.055556 -0.038750 -0.111111
0 0.005625 0.006289 -0.008750 -0.012579
0 0.006250 0.012579 -0.010000 -0.025157
0 0.008750 0.020964 -0.015000 -0.041929
0 0.006875 0.002096 -0.011250 -0.004193
0 0.020625 0.055556 -0.038750 -0.111111
0 0.020625 0.055556 -0.038750 -0.111111
0 0.000625 0.000000 0.001250 0.000000
0 0.007500 0.018868 -0.012500 -0.037736
0 0.008125 0.017820 -0.013750 -0.035639
0 0.006250 0.012579 -0.010000 -0.025157
0 0.006250 0.012579 -0.010000 -0.025157
0 0.016875 0.028302 -0.031250 -0.056604
0 0.006875 0.002096 -0.011250 -0.004193
0 0.006250 0.012579 -0.010000 -0.025157
0 0.007500 0.011530 -0.012500 -0.023061
0 0.006250 0.007338 -0.010000 -0.014675
0 0.020000 0.044025 -0.037500 -0.088050
0 0.010000 0.014675 -0.017500 -0.029350
0 0.020625 0.055556 -0.038750 -0.111111
0 0.005625 0.012579 -0.008750 -0.025157
0 0.007500 0.011530 -0.012500 -0.023061
0 0.014375 0.025157 -0.026250 -0.050314
0 0.006875 0.002096 -0.011250 -0.004193
0 0.011250 0.042977 -0.020000 -0.085954
0 0.020000 0.044025 -0.037500 -0.088050
0 0.003125 0.009434 -0.003750 -0.018868
0 0.020000 0.044025 -0.037500 -0.088050
0 0.000625 0.000000 0.001250 0.000000
0 0.006250 0.007338 -0.010000 -0.014675
0 0.020625 0.055556 -0.038750 -0.111111
0 0.006250 0.012579 -0.010000 -0.025157
0 0.006875 0.002096 -0.011250 -0.004193
0 0.020625 0.055556 -0.038750 -0.111111
0 0.020625 0.055556 -0.038750 -0.111111
0 0.007500 0.017820 -0.012500 -0.035639
0 0.020625 0.055556 -0.038750 -0.111111
0 0.006250 0.007338 -0.010000 -0.014675
0 0.005625 0.006289 -0.008750 -0.012579
0 0.002500 0.005241 -0.002500 -0.010482
0 0.006250 0.014675 -0.010000 -0.029350
0 0.009375 0.019916 -0.016250 -0.039832
0 0.005625 0.012579 -0.008750 -0.025157
0 0.006875 0.002096 -0.011250 -0.004193
0 0.031250 0.061845 -0.060000 -0.123690
0 0.006250 0.010482 -0.010000 -0.020964
0 0.020000 0.044025 -0.037500 -0.088050
0 0.005625 0.006289 -0.008750 -0.012579
0 0.010000 0.014675 -0.017500 -0.029350
0 0.001250 0.000000 0.000000 0.000000
0 0.020625 0.055556 -0.038750 -0.111111
0 0.002500 0.005241 -0.002500 -0.010482
0 0.006875 0.002096 -0.011250 -0.004193
0 0.011875 0.026205 -0.021250 -0.052411
0 0.006875 0.002096 -0.011250 -0.004193
0 0.021875 0.026205 -0.041250 -0.052411
0 0.006250 0.012579 -0.010000 -0.025157