0 0.002571 0.004826 -0.002571 -0.009653
0 0.027635 0.058880 -0.052699 -0.117761
0 0.010925 0.024131 -0.019280 -0.048263
0 0.010925 0.024131 -0.019280 -0.048263
0 0.002571 0.004826 -0.002571 -0.009653
0 0.007712 0.012548 -0.012853 -0.025097
0 0.006427 0.010618 -0.010283 -0.021236
0 0.006427 0.010618 -0.010283 -0.021236
0 0.007712 0.012548 -0.012853 -0.025097
0 0.010925 0.024131 -0.019280 -0.048263
0 0.002571 0.004826 -0.002571 -0.009653
0 0.007712 0.012548 -0.012853 -0.025097
0 0.006427 0.010618 -0.010283 -0.021236
0 0.010925 0.024131 -0.019280 -0.048263
0 0.006427 0.010618 -0.010283 -0.021236
0 0.006427 0.010618 -0.010283 -0.021236
0 0.010925 0.024131 -0.019280 -0.048263
0 0.002571 0.004826 -0.002571 -0.009653
0 0.002571 0.004826 -0.002571 -0.009653
0 0.010925 0.024131 -0.019280 -0.048263
0 0.010925 0.024131 -0.019280 -0.048263
0 0.010925 0.024131 -0.019280 -0.048263
0 0.000643 0.000000 0.001285 0.000000
0 0.022494 0.038610 -0.042416 -0.077220
0 0.006427 0.010618 -0.010283 -0.021236
0 0.006427 0.010618 -0.010283 -0.021236
0 0.006427 0.010618 -0.010283 -0.021236
0 0.010925 0.024131 -0.019280 -0.048263
0 0.006427 0.010618 -0.010283 -0.021236
0 0.010925 0.024131 -0.019280 -0.048263
0 0.002571 0.004826 -0.002571 -0.009653
0 0.006427 0.010618 -0.010283 -0.021236
0 0.006427 0.010618 -0.010283 -0.021236
0 0.006427 0.010618 -0.010283 -0.021236
0 0.007712 0.012548 -0.012853 -0.025097
0 0.014139 0.023166 -0.025707 -0.046332
0 0.006427 0.010618 -0.010283 -0.021236
0 0.020566 0.039575 -0.038560 -0.079151
0 0.000643 0.000000 0.001285 0.000000
0 0.020566 0.027992 -0.038560 -0.055985
0 0.006427 0.010618 -0.010283 -0.021236
0 0.007712 0.012548 -0.012853 -0.025097
0 0.006427 0.010618 -0.010283 -0.021236
0 0.002571 0.004826 -0.002571 -0.009653
0 0.006427 0.010618 -0.010283 -0.021236
0 0.006427 0.010618 -0.010283 -0.021236
0 0.006427 0.010618 -0.010283 -0.021236
0 0.010925 0.024131 -0.019280 -0.048263
0 0.000643 0.000000 0.001285 0.000000
0 0.007712 0.012548 -0.012853 -0.025097
0 0.006427 0.010618 -0.010283 -0.021236
0 0.010925 0.024131 -0.019280 -0.048263
0 0.006427 0.010618 -0.010283 -0.021236
0 0.006427 0.010618 -0.010283 -0.021236
0 0.000643 0.000000 0.001285 0.000000
0 0.006427 0.010618 -0.010283 -0.021236
0 0.002571 0.004826 -0.002571 -0.009653
0 0.002571 0.004826 -0.002571 -0.009653
0 0.006427 0.010618 -0.010283 -0.021236
0 0.010925 0.024131 -0.019280 -0.048263
0 0.002571 0.004826 -0.002571 -0.009653
0 0.000643 0.000000 0.001285 0.000000
0 0.010925 0.024131 -0.019280 -0.048263
0 0.010925 0.024131 -0.019280 -0.048263
0 0.006427 0.010618 -0.010283 -0.021236
0 0.002571 0.004826 -0.002571 -0.009653
0 0.006427 0.010618 -0.010283 -0.021236
0 0.010925 0.024131 -0.019280 -0.048263
0 0.010925 0.024131 -0.019280 -0.048263
0 0.029563 0.050193 -0.056555 -0.100386
0 0.010925 0.024131 -0.019280 -0.048263
0 0.006427 0.010618 -0.010283 -0.021236
0 0.006427 0.010618 -0.010283 -0.021236
0 0.006427 0.010618 -0.010283 -0.021236
0 0.006427 0.010618 -0.010283 -0.021236
0 0.006427 0.010618 -0.010283 -0.021236
0 0.010925 0.024131 -0.019280 -0.048263
0 0.006427 0.010618 -0.010283 -0.021236
0 0.006427 0.010618 -0.010283 -0.021236
0 0.007712 0.012548 -0.012853 -0.025097
0 0.006427 0.010618 -0.010283 -0.021236
0 0.002571 0.004826 -0.002571 -0.009653
0 0.006427 0.010618 -0.010283 -0.021236
0 0.010925 0.024131 -0.019280 -0.048263
0 0.000643 0.000000 0.001285 0.000000
0 0.006427 0.010618 -0.010283 -0.021236
0 0.006427 0.010618 -0.010283 -0.021236
0 0.010925 0.024131 -0.019280 -0.048263
0 0.010925 0.024131 -0.019280 -0.048263
0 0.007712 0.012548 -0.012853 -0.025097
0 0.006427 0.010618 -0.010283 -0.021236
0 0.002571 0.004826 -0.002571 -0.009653
0 0.007712 0.012548 -0.012853 -0.025097
0 0.006427 0.010618 -0.010283 -0.021236
0 0.006427 0.010618 -0.010283 -0.021236
0 0.006427 0.010618 -0.010283 -0.021236
0 0.002571 0.004826 -0.002571 -0.009653
0 0.006427 0.010618 -0.010283 -0.021236
0 0.010925 0.024131 -0.019280 -0.048263
0 0.006427 0.010618 -0.010283 -0.021236
0 0.006427 0.010618 -0.010283 -0.021236
0 0.006427 0.010618 -0.010283 -0.021236
0 0.006427 0.010618 -0.010283 -0.021236