0 0.021429 0.034236 -0.041799 -0.068471
0 0.021429 0.034236 -0.041799 -0.068471
0 0.021429 0.034236 -0.041799 -0.068471
0 0.021429 0.034236 -0.041799 -0.068471
0 0.021429 0.034236 -0.041799 -0.068471
0 0.021429 0.034236 -0.041799 -0.068471
0 0.021429 0.034236 -0.041799 -0.068471
0 0.021429 0.034236 -0.041799 -0.068471
0 0.021429 0.034236 -0.041799 -0.068471
0 0.021429 0.034236 -0.041799 -0.068471
0 0.021429 0.034236 -0.041799 -0.068471
0 0.021429 0.034236 -0.041799 -0.068471
0 0.021429 0.034236 -0.041799 -0.068471
0 0.021429 0.034236 -0.041799 -0.068471
0 0.021429 0.034236 -0.041799 -0.068471
0 0.021429 0.034236 -0.041799 -0.068471
0 0.021429 0.034236 -0.041799 -0.068471
0 0.021429 0.034236 -0.041799 -0.068471