0 0.027500 0.049734 -0.053000 -0.099467
0 0.019000 0.040853 -0.036000 -0.081705
0 0.028500 0.059503 -0.055000 -0.119005
0 0.019000 0.040853 -0.036000 -0.081705
0 0.028000 0.056838 -0.054000 -0.113677
0 0.023000 0.050622 -0.044000 -0.101243
0 0.021500 0.045293 -0.039000 -0.090586
0 0.021000 0.048845 -0.040000 -0.097691
0 0.021000 0.048845 -0.040000 -0.097691
0 0.023000 0.049734 -0.044000 -0.099467
0 0.020500 0.046181 -0.039000 -0.092362
0 0.027500 0.049734 -0.053000 -0.099467
0 0.023500 0.050622 -0.043000 -0.101243
0 0.020000 0.042629 -0.038000 -0.085258
0 0.020000 0.044405 -0.038000 -0.088810
0 0.023000 0.050622 -0.044000 -0.101243
0 0.028000 0.049734 -0.052000 -0.099467
0 0.023000 0.050622 -0.044000 -0.101243
0 0.023000 0.050622 -0.044000 -0.101243
0 0.020000 0.042629 -0.038000 -0.085258
0 0.023000 0.050622 -0.044000 -0.101243
0 0.020000 0.042629 -0.038000 -0.085258
0 0.029000 0.059503 -0.054000 -0.119005
0 0.028500 0.059503 -0.055000 -0.119005
0 0.021000 0.048845 -0.040000 -0.097691
0 0.021000 0.048845 -0.040000 -0.097691
0 0.021000 0.048845 -0.040000 -0.097691
0 0.028500 0.056838 -0.053000 -0.113677
0 0.021000 0.048845 -0.040000 -0.097691
0 0.019000 0.040853 -0.036000 -0.081705
0 0.021500 0.045293 -0.039000 -0.090586
0 0.023000 0.050622 -0.044000 -0.101243
0 0.021000 0.048845 -0.040000 -0.097691
0 0.021000 0.045293 -0.040000 -0.090586
0 0.021500 0.048845 -0.039000 -0.097691
0 0.028500 0.059503 -0.055000 -0.119005
0 0.028000 0.056838 -0.054000 -0.113677
0 0.027500 0.049734 -0.053000 -0.099467
0 0.027500 0.049734 -0.053000 -0.099467
0 0.027500 0.049734 -0.053000 -0.099467
0 0.021000 0.048845 -0.040000 -0.097691
0 0.021000 0.045293 -0.040000 -0.090586
0 0.027500 0.049734 -0.053000 -0.099467
0 0.019000 0.040853 -0.036000 -0.081705
0 0.028000 0.049734 -0.052000 -0.099467
0 0.021000 0.048845 -0.040000 -0.097691
0 0.027500 0.049734 -0.053000 -0.099467
0 0.019000 0.040853 -0.036000 -0.081705
0 0.023000 0.050622 -0.044000 -0.101243
0 0.029000 0.059503 -0.054000 -0.119005
0 0.023000 0.050622 -0.044000 -0.101243
0 0.021000 0.048845 -0.040000 -0.097691
0 0.021500 0.048845 -0.039000 -0.097691
0 0.027500 0.049734 -0.053000 -0.099467