0 0.046137 0.107692 -0.087983 -0.215385
0 0.050429 0.084615 -0.096567 -0.169231
0 0.032189 0.086538 -0.060086 -0.173077
0 0.032189 0.086538 -0.060086 -0.173077
0 0.035408 0.076923 -0.066524 -0.153846
0 0.035408 0.075000 -0.066524 -0.142308
0 0.047210 0.094231 -0.090129 -0.188462
0 0.032189 0.086538 -0.060086 -0.173077
0 0.035408 0.076923 -0.066524 -0.153846
0 0.030043 0.063462 -0.055794 -0.119231
0 0.038627 0.080769 -0.072961 -0.153846
0 0.028970 0.071154 -0.053648 -0.134615
0 0.028970 0.071154 -0.053648 -0.134615
0 0.028970 0.071154 -0.053648 -0.134615
0 0.033262 0.082692 -0.062232 -0.165385
0 0.035408 0.076923 -0.066524 -0.153846
0 0.032189 0.086538 -0.060086 -0.173077
0 0.035408 0.073077 -0.066524 -0.146154
0 0.035408 0.073077 -0.066524 -0.146154
0 0.030043 0.063462 -0.055794 -0.119231
0 0.046137 0.107692 -0.087983 -0.215385
0 0.030043 0.063462 -0.055794 -0.119231
0 0.032189 0.073077 -0.060086 -0.138462
0 0.035408 0.076923 -0.066524 -0.153846
0 0.035408 0.075000 -0.066524 -0.142308
0 0.046137 0.107692 -0.087983 -0.215385
0 0.028970 0.071154 -0.053648 -0.134615
0 0.030043 0.063462 -0.055794 -0.119231
0 0.035408 0.076923 -0.066524 -0.153846
0 0.035408 0.076923 -0.066524 -0.153846
0 0.046137 0.107692 -0.087983 -0.215385
0 0.035408 0.076923 -0.066524 -0.153846
0 0.050429 0.084615 -0.096567 -0.169231
0 0.046137 0.107692 -0.087983 -0.215385
0 0.046137 0.107692 -0.087983 -0.215385
0 0.028970 0.071154 -0.053648 -0.134615
0 0.035408 0.075000 -0.066524 -0.142308
0 0.032189 0.088462 -0.060086 -0.169231
0 0.035408 0.073077 -0.066524 -0.146154
0 0.038627 0.080769 -0.072961 -0.153846
0 0.032189 0.086538 -0.060086 -0.173077