0 0.021219 0.027521 -0.040895 -0.055041
0 0.024306 0.041924 -0.047068 -0.083848
0 0.008295 0.015689 -0.015818 -0.031379
0 0.021026 0.027521 -0.041281 -0.055041
0 0.005787 0.009516 -0.010031 -0.019033
0 0.045139 0.070730 -0.088735 -0.141461
0 0.024306 0.041924 -0.047068 -0.083848
0 0.021219 0.027521 -0.040895 -0.055041
0 0.021026 0.027521 -0.041281 -0.055041
0 0.005787 0.009516 -0.010031 -0.019033
0 0.005787 0.009516 -0.010031 -0.019033
0 0.005594 0.009516 -0.010417 -0.019033
0 0.005787 0.009516 -0.010031 -0.019033
0 0.021219 0.027521 -0.040895 -0.055041
0 0.005787 0.009516 -0.010031 -0.019033
0 0.005787 0.009516 -0.010031 -0.019033
0 0.005787 0.009516 -0.010031 -0.019033
0 0.021605 0.040895 -0.042438 -0.081790
0 0.005594 0.009516 -0.010417 -0.019033
0 0.041088 0.062243 -0.081404 -0.124486
0 0.005594 0.009516 -0.010417 -0.019033
0 0.021219 0.027521 -0.040895 -0.055041
0 0.021026 0.027521 -0.041281 -0.055041
0 0.033565 0.050412 -0.066358 -0.100823
0 0.005787 0.009516 -0.010031 -0.019033
0 0.005787 0.009516 -0.010031 -0.019033
0 0.005787 0.009516 -0.010031 -0.019033
0 0.028742 0.051183 -0.055941 -0.102366
0 0.024498 0.039352 -0.047454 -0.078704
0 0.005594 0.009516 -0.010417 -0.019033
0 0.005787 0.009516 -0.010031 -0.019033
0 0.005594 0.009516 -0.010417 -0.019033
0 0.028549 0.051183 -0.056327 -0.102366
0 0.022762 0.033436 -0.043981 -0.066872
0 0.021219 0.027521 -0.040895 -0.055041
0 0.028742 0.051183 -0.055941 -0.102366
0 0.056713 0.072274 -0.111883 -0.144547
0 0.021219 0.027521 -0.040895 -0.055041
0 0.028742 0.051183 -0.055941 -0.102366
0 0.028549 0.051183 -0.056327 -0.102366
0 0.005787 0.009516 -0.010031 -0.019033
0 0.021219 0.027521 -0.040895 -0.055041
0 0.005787 0.009516 -0.010031 -0.019033
0 0.008295 0.015689 -0.015818 -0.031379
0 0.005787 0.009516 -0.010031 -0.019033
0 0.044946 0.070730 -0.089120 -0.141461
0 0.044946 0.070730 -0.089120 -0.141461
0 0.021219 0.027521 -0.040895 -0.055041
0 0.005594 0.009516 -0.010417 -0.019033
0 0.021219 0.027521 -0.040895 -0.055041
0 0.021219 0.027521 -0.040895 -0.055041
0 0.021219 0.027521 -0.040895 -0.055041
0 0.028549 0.051183 -0.056327 -0.102366
0 0.021219 0.027521 -0.040895 -0.055041
0 0.024498 0.039352 -0.047454 -0.078704
0 0.005594 0.009516 -0.010417 -0.019033
0 0.021219 0.027521 -0.040895 -0.055041
0 0.021219 0.027521 -0.040895 -0.055041
0 0.005594 0.009516 -0.010417 -0.019033
0 0.005787 0.009516 -0.010031 -0.019033
0 0.021219 0.027521 -0.040895 -0.055041
0 0.021219 0.027521 -0.040895 -0.055041
0 0.005594 0.009516 -0.010417 -0.019033
0 0.005787 0.009516 -0.010031 -0.019033
0 0.021026 0.027521 -0.041281 -0.055041
0 0.021798 0.040895 -0.042052 -0.081790
0 0.021219 0.027521 -0.040895 -0.055041
0 0.024498 0.039352 -0.047454 -0.078704
0 0.005594 0.009516 -0.010417 -0.019033
0 0.056520 0.072274 -0.112269 -0.144547
0 0.005787 0.009516 -0.010031 -0.019033
0 0.008295 0.015689 -0.015818 -0.031379
0 0.021219 0.027521 -0.040895 -0.055041
0 0.021219 0.027521 -0.040895 -0.055041
0 0.021219 0.027521 -0.040895 -0.055041
0 0.028549 0.051183 -0.056327 -0.102366
0 0.021219 0.027521 -0.040895 -0.055041
0 0.024498 0.039352 -0.047454 -0.078704
0 0.021219 0.027521 -0.040895 -0.055041
0 0.021026 0.027521 -0.041281 -0.055041
0 0.005594 0.009516 -0.010417 -0.019033
0 0.005594 0.009516 -0.010417 -0.019033
0 0.008295 0.015689 -0.015818 -0.031379
0 0.056713 0.072274 -0.111883 -0.144547
0 0.005594 0.009516 -0.010417 -0.019033
0 0.028549 0.051183 -0.056327 -0.102366
0 0.021219 0.027521 -0.040895 -0.055041
0 0.005787 0.009516 -0.010031 -0.019033
0 0.021219 0.027521 -0.040895 -0.055041
0 0.028549 0.051183 -0.056327 -0.102366
0 0.056713 0.072274 -0.111883 -0.144547
0 0.021605 0.040895 -0.042438 -0.081790
0 0.028742 0.051183 -0.055941 -0.102366
0 0.021219 0.027521 -0.040895 -0.055041
0 0.005594 0.009516 -0.010417 -0.019033
0 0.005787 0.009516 -0.010031 -0.019033
0 0.005594 0.009516 -0.010417 -0.019033
0 0.024498 0.039352 -0.047454 -0.078704
0 0.005787 0.009516 -0.010031 -0.019033
0 0.021219 0.027521 -0.040895 -0.055041
0 0.021219 0.027521 -0.040895 -0.055041
0 0.005594 0.009516 -0.010417 -0.019033
0 0.021219 0.027521 -0.040895 -0.055041
0 0.021219 0.027521 -0.040895 -0.055041
0 0.008295 0.015689 -0.015818 -0.031379
0 0.005787 0.009516 -0.010031 -0.019033
0 0.023341 0.040638 -0.045139 -0.081276
0 0.008295 0.015689 -0.015818 -0.031379
0 0.024498 0.039352 -0.047454 -0.078704
0 0.028742 0.051183 -0.055941 -0.102366
0 0.021219 0.027521 -0.040895 -0.055041
0 0.021798 0.040895 -0.042052 -0.081790
0 0.028549 0.051183 -0.056327 -0.102366
0 0.005594 0.009516 -0.010417 -0.019033
0 0.005594 0.009516 -0.010417 -0.019033
0 0.005594 0.009516 -0.010417 -0.019033
0 0.045139 0.070730 -0.088735 -0.141461
0 0.021026 0.027521 -0.041281 -0.055041
0 0.021219 0.027521 -0.040895 -0.055041
0 0.005594 0.009516 -0.010417 -0.019033
0 0.029900 0.049383 -0.059028 -0.098765
0 0.005594 0.009516 -0.010417 -0.019033
0 0.005594 0.009516 -0.010417 -0.019033
0 0.028549 0.051183 -0.056327 -0.102366
0 0.021605 0.040895 -0.042438 -0.081790
0 0.005594 0.009516 -0.010417 -0.019033
0 0.005787 0.009516 -0.010031 -0.019033
0 0.005594 0.009516 -0.010417 -0.019033
0 0.028549 0.051183 -0.056327 -0.102366
0 0.021219 0.027521 -0.040895 -0.055041
0 0.005594 0.009516 -0.010417 -0.019033
0 0.021219 0.027521 -0.040895 -0.055041
0 0.005787 0.009516 -0.010031 -0.019033
0 0.021219 0.027521 -0.040895 -0.055041
0 0.005787 0.009516 -0.010031 -0.019033
0 0.005787 0.009516 -0.010031 -0.019033
0 0.021219 0.027521 -0.040895 -0.055041
0 0.021219 0.027521 -0.040895 -0.055041
0 0.005594 0.009516 -0.010417 -0.019033
0 0.022762 0.033436 -0.043981 -0.066872
0 0.005594 0.009516 -0.010417 -0.019033
0 0.005594 0.009516 -0.010417 -0.019033
0 0.021219 0.027521 -0.040895 -0.055041
0 0.056520 0.072274 -0.112269 -0.144547
0 0.005594 0.009516 -0.010417 -0.019033
0 0.008295 0.015689 -0.015818 -0.031379
0 0.005594 0.009516 -0.010417 -0.019033
0 0.021798 0.040895 -0.042052 -0.081790
0 0.021026 0.027521 -0.041281 -0.055041
0 0.021219 0.027521 -0.040895 -0.055041
0 0.024306 0.039352 -0.047840 -0.078704
0 0.041667 0.065844 -0.082562 -0.131687
0 0.056713 0.072274 -0.111883 -0.144547
0 0.021219 0.027521 -0.040895 -0.055041
0 0.005594 0.009516 -0.010417 -0.019033
0 0.005787 0.009516 -0.010031 -0.019033
0 0.021798 0.040895 -0.042052 -0.081790
0 0.005594 0.009516 -0.010417 -0.019033
0 0.024498 0.039352 -0.047454 -0.078704
0 0.056520 0.072274 -0.112269 -0.144547
0 0.005594 0.009516 -0.010417 -0.019033
0 0.056713 0.072274 -0.111883 -0.144547
0 0.024306 0.041924 -0.047068 -0.083848
0 0.005787 0.009516 -0.010031 -0.019033
0 0.005787 0.009516 -0.010031 -0.019033
0 0.005594 0.009516 -0.010417 -0.019033
0 0.021219 0.027521 -0.040895 -0.055041
0 0.028742 0.051183 -0.055941 -0.102366
0 0.005787 0.009516 -0.010031 -0.019033
0 0.021219 0.027521 -0.040895 -0.055041
0 0.024498 0.039352 -0.047454 -0.078704
0 0.021219 0.027521 -0.040895 -0.055041
0 0.005594 0.009516 -0.010417 -0.019033
0 0.005594 0.009516 -0.010417 -0.019033
0 0.005594 0.009516 -0.010417 -0.019033
0 0.028742 0.051183 -0.055941 -0.102366
0 0.021219 0.027521 -0.040895 -0.055041
0 0.056520 0.072274 -0.112269 -0.144547
0 0.008295 0.015689 -0.015818 -0.031379
0 0.005787 0.009516 -0.010031 -0.019033
0 0.005787 0.009516 -0.010031 -0.019033
0 0.021219 0.027521 -0.040895 -0.055041
0 0.021219 0.027521 -0.040895 -0.055041
0 0.005594 0.009516 -0.010417 -0.019033
0 0.005594 0.009516 -0.010417 -0.019033
0 0.005787 0.009516 -0.010031 -0.019033
0 0.008295 0.015689 -0.015818 -0.031379
0 0.005787 0.009516 -0.010031 -0.019033
0 0.023534 0.036265 -0.045525 -0.072531
0 0.005594 0.009516 -0.010417 -0.019033
0 0.021219 0.027521 -0.040895 -0.055041
0 0.005594 0.009516 -0.010417 -0.019033