0 0.005000 0.007937 -0.007500 -0.015873
0 0.005625 0.011338 -0.008750 -0.022676
0 0.005625 0.009070 -0.008750 -0.018141
0 0.005625 0.011338 -0.008750 -0.022676
0 0.005625 0.009070 -0.008750 -0.018141
0 0.007500 0.017007 -0.012500 -0.034014
0 0.007500 0.012472 -0.012500 -0.024943
0 0.006250 0.011338 -0.010000 -0.022676
0 0.007500 0.017007 -0.012500 -0.034014
0 0.004375 0.007937 -0.006250 -0.015873
0 0.009375 0.013605 -0.016250 -0.027211
0 0.004375 0.007937 -0.006250 -0.015873
0 0.006875 0.014739 -0.011250 -0.029478
0 0.009375 0.013605 -0.016250 -0.027211
0 0.007500 0.012472 -0.012500 -0.024943
0 0.007500 0.012472 -0.012500 -0.024943
0 0.005000 0.007937 -0.007500 -0.015873
0 0.007500 0.017007 -0.012500 -0.034014
0 0.007500 0.012472 -0.012500 -0.024943
0 0.005625 0.011338 -0.008750 -0.022676
0 0.005625 0.009070 -0.008750 -0.018141
0 0.007500 0.012472 -0.012500 -0.024943
0 0.006250 0.012472 -0.010000 -0.024943
0 0.006250 0.012472 -0.010000 -0.024943
0 0.004375 0.007937 -0.006250 -0.015873
0 0.006250 0.011338 -0.010000 -0.022676
0 0.007500 0.017007 -0.012500 -0.034014
0 0.005625 0.009070 -0.008750 -0.018141
0 0.007500 0.012472 -0.012500 -0.024943
0 0.007500 0.012472 -0.012500 -0.024943
0 0.005625 0.009070 -0.008750 -0.018141
0 0.005625 0.011338 -0.008750 -0.022676
0 0.005625 0.011338 -0.008750 -0.022676
0 0.005000 0.007937 -0.007500 -0.015873
0 0.005625 0.009070 -0.008750 -0.018141
0 0.006250 0.011338 -0.010000 -0.022676
0 0.005625 0.009070 -0.008750 -0.018141
0 0.006250 0.011338 -0.010000 -0.022676
0 0.006875 0.014739 -0.011250 -0.029478
0 0.005000 0.007937 -0.007500 -0.015873
0 0.004375 0.007937 -0.006250 -0.015873
0 0.006250 0.012472 -0.010000 -0.024943
0 0.006250 0.011338 -0.010000 -0.022676
0 0.007500 0.017007 -0.012500 -0.034014
0 0.005625 0.011338 -0.008750 -0.022676
0 0.004375 0.007937 -0.006250 -0.015873
0 0.007500 0.017007 -0.012500 -0.034014
0 0.007500 0.012472 -0.012500 -0.024943
0 0.006250 0.011338 -0.010000 -0.022676
0 0.006250 0.011338 -0.010000 -0.022676
0 0.005625 0.009070 -0.008750 -0.018141
0 0.005625 0.011338 -0.008750 -0.022676
0 0.006250 0.012472 -0.010000 -0.024943
0 0.004375 0.007937 -0.006250 -0.015873
0 0.005625 0.009070 -0.008750 -0.018141
0 0.007500 0.017007 -0.012500 -0.034014
0 0.006250 0.012472 -0.010000 -0.024943
0 0.005000 0.007937 -0.007500 -0.015873
0 0.005625 0.009070 -0.008750 -0.018141
0 0.004375 0.007937 -0.006250 -0.015873
0 0.006875 0.014739 -0.011250 -0.029478
0 0.005625 0.009070 -0.008750 -0.018141
0 0.004375 0.007937 -0.006250 -0.015873
0 0.007500 0.017007 -0.012500 -0.034014
0 0.006250 0.012472 -0.010000 -0.024943
0 0.006875 0.014739 -0.011250 -0.029478
0 0.006250 0.011338 -0.010000 -0.022676
0 0.004375 0.007937 -0.006250 -0.015873
0 0.013750 0.027211 -0.025000 -0.054422
0 0.005625 0.011338 -0.008750 -0.022676
0 0.006250 0.011338 -0.010000 -0.022676
0 0.007500 0.017007 -0.012500 -0.034014
0 0.005625 0.011338 -0.008750 -0.022676
0 0.009375 0.013605 -0.016250 -0.027211
0 0.006875 0.014739 -0.011250 -0.029478
0 0.005625 0.011338 -0.008750 -0.022676
0 0.008750 0.017007 -0.015000 -0.034014
0 0.005625 0.011338 -0.008750 -0.022676
0 0.006250 0.011338 -0.010000 -0.022676
0 0.005625 0.009070 -0.008750 -0.018141
0 0.006250 0.011338 -0.010000 -0.022676
0 0.005000 0.007937 -0.007500 -0.015873
0 0.006250 0.012472 -0.010000 -0.024943
0 0.005000 0.007937 -0.007500 -0.015873
0 0.006250 0.011338 -0.010000 -0.022676
0 0.006250 0.011338 -0.010000 -0.022676
0 0.008750 0.017007 -0.015000 -0.034014
0 0.005625 0.011338 -0.008750 -0.022676
0 0.004375 0.007937 -0.006250 -0.015873
0 0.006250 0.012472 -0.010000 -0.024943
0 0.007500 0.012472 -0.012500 -0.024943
0 0.005625 0.011338 -0.008750 -0.022676
0 0.007500 0.012472 -0.012500 -0.024943
0 0.005625 0.011338 -0.008750 -0.022676
0 0.005625 0.009070 -0.008750 -0.018141
0 0.009375 0.017007 -0.016250 -0.034014
0 0.005625 0.011338 -0.008750 -0.022676
0 0.005625 0.011338 -0.008750 -0.022676
0 0.007500 0.017007 -0.012500 -0.034014
0 0.005625 0.009070 -0.008750 -0.018141
0 0.005625 0.009070 -0.008750 -0.018141
0 0.004375 0.007937 -0.006250 -0.015873
0 0.006250 0.012472 -0.010000 -0.024943
0 0.007500 0.017007 -0.012500 -0.034014
0 0.004375 0.007937 -0.006250 -0.015873
0 0.007500 0.017007 -0.012500 -0.034014
0 0.006250 0.011338 -0.010000 -0.022676
0 0.005625 0.009070 -0.008750 -0.018141
0 0.004375 0.007937 -0.006250 -0.015873
0 0.005625 0.009070 -0.008750 -0.018141
0 0.007500 0.012472 -0.012500 -0.024943
0 0.005625 0.009070 -0.008750 -0.018141
0 0.006875 0.014739 -0.011250 -0.029478
0 0.005000 0.007937 -0.007500 -0.015873
0 0.008750 0.017007 -0.015000 -0.034014
0 0.005625 0.011338 -0.008750 -0.022676