0 0.003609 0.006271 -0.006108 -0.012542
0 0.001943 0.003763 -0.002776 -0.007525
0 0.003054 0.005017 -0.004997 -0.010033
0 0.001666 0.002926 -0.002221 -0.005853
0 0.007496 0.016304 -0.013881 -0.032609
0 0.001388 0.002508 -0.001666 -0.005017
0 0.001943 0.003763 -0.002776 -0.007525
0 0.005830 0.012542 -0.010550 -0.025084
0 0.001943 0.003763 -0.002776 -0.007525
0 0.001666 0.002926 -0.002221 -0.005853
0 0.001943 0.003763 -0.002776 -0.007525
0 0.001666 0.002926 -0.002221 -0.005853
0 0.007496 0.016304 -0.013881 -0.032609
0 0.003331 0.005017 -0.004442 -0.010033
0 0.005830 0.012542 -0.010550 -0.025084
0 0.001666 0.002926 -0.002221 -0.005853
0 0.004720 0.009197 -0.008329 -0.018395
0 0.001388 0.002508 -0.001666 -0.005017
0 0.001943 0.003763 -0.002776 -0.007525
0 0.003054 0.005017 -0.004997 -0.010033
0 0.003609 0.005853 -0.006108 -0.011706
0 0.001943 0.003344 -0.002776 -0.006689
0 0.003609 0.006271 -0.006108 -0.012542
0 0.003331 0.005435 -0.004442 -0.010870
0 0.001943 0.003763 -0.002776 -0.007525
0 0.005830 0.012542 -0.010550 -0.025084
0 0.007496 0.016304 -0.013881 -0.032609
0 0.001666 0.002926 -0.002221 -0.005853
0 0.003609 0.006271 -0.006108 -0.012542
0 0.001943 0.003763 -0.002776 -0.007525
0 0.003609 0.006271 -0.006108 -0.012542
0 0.001943 0.003763 -0.002776 -0.007525
0 0.005275 0.008779 -0.009439 -0.017559
0 0.006108 0.012542 -0.009994 -0.025084
0 0.005830 0.012542 -0.010550 -0.025084
0 0.001943 0.003763 -0.002776 -0.007525
0 0.005830 0.012542 -0.010550 -0.025084
0 0.001388 0.002508 -0.001666 -0.005017
0 0.001943 0.003763 -0.002776 -0.007525
0 0.005830 0.012542 -0.010550 -0.025084
0 0.007496 0.016304 -0.013881 -0.032609
0 0.003054 0.005017 -0.004997 -0.010033
0 0.001943 0.003344 -0.002776 -0.006689
0 0.006941 0.015468 -0.012771 -0.030936
0 0.001943 0.003763 -0.002776 -0.007525
0 0.012215 0.025084 -0.023320 -0.050167
0 0.001943 0.003763 -0.002776 -0.007525
0 0.001388 0.002508 -0.001666 -0.005017
0 0.001388 0.002508 -0.001666 -0.005017
0 0.003609 0.006271 -0.006108 -0.012542
0 0.003609 0.006271 -0.006108 -0.012542
0 0.001943 0.003763 -0.002776 -0.007525
0 0.001943 0.003763 -0.002776 -0.007525
0 0.007496 0.016304 -0.013881 -0.032609
0 0.001388 0.002508 -0.001666 -0.005017
0 0.001943 0.003344 -0.002776 -0.006689
0 0.001388 0.002508 -0.001666 -0.005017
0 0.005830 0.012542 -0.010550 -0.025084
0 0.001666 0.002926 -0.002221 -0.005853
0 0.012215 0.025084 -0.023320 -0.050167
0 0.001943 0.003763 -0.002776 -0.007525
0 0.005830 0.012542 -0.010550 -0.025084
0 0.001943 0.003344 -0.002776 -0.006689
0 0.001943 0.003763 -0.002776 -0.007525
0 0.005830 0.012542 -0.010550 -0.025084
0 0.003609 0.006271 -0.006108 -0.012542
0 0.001943 0.003763 -0.002776 -0.007525
0 0.001943 0.003763 -0.002776 -0.007525
0 0.001943 0.003344 -0.002776 -0.006689
0 0.003609 0.005853 -0.006108 -0.011706
0 0.003609 0.006271 -0.006108 -0.012542
0 0.001943 0.003763 -0.002776 -0.007525
0 0.003609 0.006271 -0.006108 -0.012542
0 0.007496 0.016304 -0.013881 -0.032609
0 0.005830 0.012542 -0.010550 -0.025084
0 0.002776 0.004599 -0.004442 -0.009197
0 0.001943 0.003344 -0.002776 -0.006689
0 0.003609 0.006271 -0.006108 -0.012542
0 0.005275 0.010870 -0.009439 -0.021739
0 0.003609 0.005853 -0.006108 -0.011706
0 0.006941 0.015468 -0.012771 -0.030936
0 0.003609 0.006271 -0.006108 -0.012542
0 0.001943 0.003344 -0.002776 -0.006689
0 0.001943 0.003763 -0.002776 -0.007525
0 0.003609 0.006271 -0.006108 -0.012542
0 0.003609 0.006271 -0.006108 -0.012542
0 0.007496 0.016304 -0.013881 -0.032609
0 0.003054 0.005017 -0.004997 -0.010033
0 0.001943 0.003763 -0.002776 -0.007525
0 0.001943 0.003763 -0.002776 -0.007525
0 0.001388 0.002508 -0.001666 -0.005017
0 0.001666 0.002926 -0.002221 -0.005853
0 0.007496 0.016304 -0.013881 -0.032609
0 0.005830 0.012542 -0.010550 -0.025084
0 0.003609 0.005853 -0.006108 -0.011706
0 0.003331 0.005017 -0.004442 -0.010033
0 0.007496 0.016304 -0.013881 -0.032609
0 0.001388 0.002508 -0.001666 -0.005017
0 0.001388 0.002508 -0.001666 -0.005017
0 0.003609 0.005853 -0.006108 -0.011706
0 0.005830 0.012542 -0.010550 -0.025084
0 0.007496 0.016304 -0.013881 -0.032609
0 0.003609 0.005853 -0.006108 -0.011706
0 0.007496 0.016304 -0.013881 -0.032609
0 0.005275 0.008779 -0.009439 -0.017559
0 0.005830 0.012542 -0.010550 -0.025084
0 0.001666 0.002926 -0.002221 -0.005853
0 0.001943 0.003344 -0.002776 -0.006689
0 0.001943 0.003763 -0.002776 -0.007525
0 0.003609 0.006271 -0.006108 -0.012542
0 0.005830 0.012542 -0.010550 -0.025084
0 0.001666 0.002926 -0.002221 -0.005853
0 0.007496 0.016304 -0.013881 -0.032609
0 0.001943 0.003763 -0.002776 -0.007525
0 0.005830 0.012542 -0.010550 -0.025084
0 0.001943 0.003763 -0.002776 -0.007525
0 0.001943 0.003344 -0.002776 -0.006689
0 0.001943 0.003344 -0.002776 -0.006689
0 0.007496 0.016304 -0.013881 -0.032609
0 0.002776 0.005017 -0.004442 -0.010033
0 0.003609 0.006271 -0.006108 -0.012542
0 0.005830 0.012542 -0.010550 -0.025084
0 0.001666 0.002926 -0.002221 -0.005853
0 0.003609 0.006271 -0.006108 -0.012542
0 0.012215 0.025084 -0.023320 -0.050167
0 0.003609 0.005853 -0.006108 -0.011706
0 0.003331 0.005017 -0.004442 -0.010033
0 0.003609 0.006271 -0.006108 -0.012542
0 0.001388 0.002508 -0.001666 -0.005017
0 0.005830 0.012542 -0.010550 -0.025084
0 0.003054 0.005017 -0.004997 -0.010033
0 0.001388 0.002508 -0.001666 -0.005017
0 0.001943 0.003763 -0.002776 -0.007525
0 0.006108 0.012542 -0.009994 -0.025084
0 0.001943 0.003763 -0.002776 -0.007525
0 0.013048 0.026756 -0.024986 -0.053512
0 0.003609 0.006271 -0.006108 -0.012542
0 0.012215 0.025084 -0.023320 -0.050167
0 0.007496 0.016304 -0.013881 -0.032609
0 0.003054 0.005017 -0.004997 -0.010033
0 0.001943 0.003763 -0.002776 -0.007525
0 0.001943 0.003763 -0.002776 -0.007525
0 0.003054 0.005017 -0.004997 -0.010033
0 0.001388 0.002508 -0.001666 -0.005017
0 0.003054 0.005017 -0.004997 -0.010033
0 0.001943 0.003763 -0.002776 -0.007525
0 0.005552 0.008779 -0.008884 -0.017559
0 0.001943 0.003763 -0.002776 -0.007525
0 0.001388 0.002508 -0.001666 -0.005017
0 0.005830 0.012542 -0.010550 -0.025084
0 0.001388 0.002508 -0.001666 -0.005017
0 0.001943 0.003763 -0.002776 -0.007525
0 0.003609 0.006271 -0.006108 -0.012542
0 0.012215 0.025084 -0.023320 -0.050167
0 0.001666 0.002926 -0.002221 -0.005853
0 0.001388 0.002508 -0.001666 -0.005017
0 0.007496 0.016304 -0.013881 -0.032609
0 0.006108 0.012542 -0.009994 -0.025084
0 0.001666 0.002926 -0.002221 -0.005853
0 0.006108 0.012542 -0.009994 -0.025084
0 0.003054 0.005017 -0.004997 -0.010033
0 0.003054 0.005017 -0.004997 -0.010033
0 0.003609 0.006271 -0.006108 -0.012542
0 0.005830 0.012542 -0.010550 -0.025084
0 0.003609 0.005853 -0.006108 -0.011706
0 0.001666 0.002926 -0.002221 -0.005853
0 0.009717 0.020485 -0.018323 -0.040970
0 0.005830 0.012542 -0.010550 -0.025084
0 0.001943 0.003763 -0.002776 -0.007525
0 0.001943 0.003763 -0.002776 -0.007525
0 0.003609 0.006271 -0.006108 -0.012542
0 0.001943 0.003763 -0.002776 -0.007525
0 0.001388 0.002508 -0.001666 -0.005017
0 0.001943 0.003763 -0.002776 -0.007525
0 0.001943 0.003763 -0.002776 -0.007525
0 0.002221 0.004181 -0.003331 -0.008361
0 0.001943 0.003763 -0.002776 -0.007525
0 0.003609 0.005853 -0.006108 -0.011706
0 0.003609 0.005853 -0.006108 -0.011706
0 0.005830 0.012542 -0.010550 -0.025084
0 0.001388 0.002508 -0.001666 -0.005017
0 0.004720 0.009197 -0.008329 -0.018395
0 0.001388 0.002508 -0.001666 -0.005017
0 0.001943 0.003763 -0.002776 -0.007525
0 0.001943 0.003763 -0.002776 -0.007525
0 0.001943 0.003344 -0.002776 -0.006689
0 0.007496 0.016304 -0.013881 -0.032609
0 0.003887 0.007107 -0.006663 -0.014214
0 0.005830 0.012542 -0.010550 -0.025084
0 0.003609 0.005853 -0.006108 -0.011706
0 0.004997 0.009197 -0.007773 -0.018395
0 0.001943 0.003763 -0.002776 -0.007525
0 0.003054 0.005017 -0.004997 -0.010033
0 0.001666 0.002926 -0.002221 -0.005853
0 0.002776 0.004599 -0.004442 -0.009197
0 0.003609 0.006271 -0.006108 -0.012542
0 0.003054 0.005017 -0.004997 -0.010033
0 0.001388 0.002508 -0.001666 -0.005017
0 0.001943 0.003763 -0.002776 -0.007525
0 0.003054 0.005017 -0.004997 -0.010033
0 0.003331 0.005435 -0.004442 -0.010870
0 0.003609 0.005853 -0.006108 -0.011706
0 0.001388 0.002508 -0.001666 -0.005017
0 0.003609 0.005853 -0.006108 -0.011706
0 0.003609 0.005853 -0.006108 -0.011706
0 0.004164 0.007525 -0.007218 -0.015050
0 0.001943 0.003763 -0.002776 -0.007525
0 0.001943 0.003763 -0.002776 -0.007525
0 0.001388 0.002508 -0.001666 -0.005017
0 0.003054 0.005017 -0.004997 -0.010033
0 0.003609 0.006271 -0.006108 -0.012542
0 0.003609 0.006271 -0.006108 -0.012542
0 0.001943 0.003763 -0.002776 -0.007525
0 0.007496 0.016304 -0.013881 -0.032609
0 0.001943 0.003763 -0.002776 -0.007525
0 0.012215 0.025084 -0.023320 -0.050167
0 0.001943 0.003344 -0.002776 -0.006689
0 0.001943 0.003763 -0.002776 -0.007525
0 0.003054 0.005017 -0.004997 -0.010033
0 0.001666 0.002926 -0.002221 -0.005853
0 0.003609 0.005853 -0.006108 -0.011706
0 0.005830 0.012542 -0.010550 -0.025084
0 0.003609 0.005853 -0.006108 -0.011706
0 0.001388 0.002508 -0.001666 -0.005017
0 0.006108 0.011706 -0.011105 -0.023411
0 0.001388 0.002508 -0.001666 -0.005017
0 0.003609 0.005853 -0.006108 -0.011706
0 0.003609 0.006271 -0.006108 -0.012542
0 0.005830 0.012542 -0.010550 -0.025084
0 0.003887 0.007107 -0.006663 -0.014214
0 0.005830 0.012542 -0.010550 -0.025084
0 0.001943 0.003763 -0.002776 -0.007525
0 0.003609 0.006271 -0.006108 -0.012542
0 0.001388 0.002508 -0.001666 -0.005017
0 0.003054 0.005017 -0.004997 -0.010033
0 0.001388 0.002508 -0.001666 -0.005017
0 0.003609 0.005853 -0.006108 -0.011706
0 0.001666 0.002926 -0.002221 -0.005853
0 0.001943 0.003763 -0.002776 -0.007525
0 0.003609 0.005853 -0.006108 -0.011706
0 0.005275 0.008779 -0.009439 -0.017559
0 0.006108 0.011706 -0.011105 -0.023411
0 0.003054 0.005017 -0.004997 -0.010033
0 0.001943 0.003763 -0.002776 -0.007525
0 0.001388 0.002508 -0.001666 -0.005017
0 0.001943 0.003763 -0.002776 -0.007525
0 0.005830 0.012542 -0.010550 -0.025084
0 0.003609 0.006271 -0.006108 -0.012542
0 0.005830 0.012542 -0.010550 -0.025084
0 0.003609 0.005853 -0.006108 -0.011706
0 0.012215 0.025084 -0.023320 -0.050167
0 0.003887 0.006271 -0.005552 -0.012542
0 0.003609 0.005853 -0.006108 -0.011706
0 0.001388 0.002508 -0.001666 -0.005017
0 0.005830 0.012542 -0.010550 -0.025084
0 0.001943 0.003763 -0.002776 -0.007525
0 0.003054 0.005017 -0.004997 -0.010033
0 0.005830 0.012542 -0.010550 -0.025084
0 0.001666 0.002926 -0.002221 -0.005853
0 0.001943 0.003763 -0.002776 -0.007525
0 0.001388 0.002508 -0.001666 -0.005017
0 0.007496 0.016304 -0.013881 -0.032609
0 0.003609 0.006271 -0.006108 -0.012542
0 0.001943 0.003763 -0.002776 -0.007525
0 0.001388 0.002508 -0.001666 -0.005017
0 0.001666 0.002926 -0.002221 -0.005853
0 0.004442 0.007525 -0.006663 -0.015050
0 0.003609 0.005853 -0.006108 -0.011706
0 0.001943 0.003763 -0.002776 -0.007525
0 0.005830 0.012542 -0.010550 -0.025084
0 0.005830 0.012542 -0.010550 -0.025084
0 0.003609 0.005853 -0.006108 -0.011706
0 0.003609 0.005853 -0.006108 -0.011706
0 0.001666 0.002926 -0.002221 -0.005853
0 0.005830 0.012542 -0.010550 -0.025084
0 0.003609 0.006271 -0.006108 -0.012542
0 0.001666 0.002926 -0.002221 -0.005853
0 0.002221 0.004181 -0.003331 -0.008361
0 0.005830 0.012542 -0.010550 -0.025084
0 0.003609 0.006271 -0.006108 -0.012542
0 0.006108 0.011706 -0.011105 -0.023411
0 0.005830 0.012542 -0.010550 -0.025084
0 0.001943 0.003763 -0.002776 -0.007525
0 0.005830 0.012542 -0.010550 -0.025084
0 0.003609 0.006271 -0.006108 -0.012542
0 0.005275 0.008779 -0.009439 -0.017559
0 0.001388 0.002508 -0.001666 -0.005017
0 0.002776 0.004599 -0.004442 -0.009197
0 0.001666 0.002926 -0.002221 -0.005853
0 0.005830 0.012542 -0.010550 -0.025084
0 0.005830 0.012542 -0.010550 -0.025084
0 0.005830 0.012542 -0.010550 -0.025084
0 0.001943 0.003763 -0.002776 -0.007525
0 0.001388 0.002508 -0.001666 -0.005017
0 0.003054 0.005017 -0.004997 -0.010033
0 0.012215 0.025084 -0.023320 -0.050167
0 0.001943 0.003763 -0.002776 -0.007525
0 0.001388 0.002508 -0.001666 -0.005017
0 0.003609 0.005853 -0.006108 -0.011706
0 0.001943 0.003344 -0.002776 -0.006689
0 0.003609 0.006271 -0.006108 -0.012542
0 0.003054 0.005017 -0.004997 -0.010033
0 0.005830 0.012542 -0.010550 -0.025084
0 0.001943 0.003763 -0.002776 -0.007525
0 0.003609 0.005853 -0.006108 -0.011706
0 0.005830 0.012542 -0.010550 -0.025084
0 0.001943 0.003763 -0.002776 -0.007525
0 0.005830 0.012542 -0.010550 -0.025084
0 0.006108 0.011706 -0.011105 -0.023411
0 0.003054 0.005017 -0.004997 -0.010033
0 0.001943 0.003763 -0.002776 -0.007525
0 0.001388 0.002508 -0.001666 -0.005017
0 0.001388 0.002508 -0.001666 -0.005017
0 0.003054 0.005017 -0.004997 -0.010033
0 0.001943 0.003344 -0.002776 -0.006689
0 0.003609 0.006271 -0.006108 -0.012542
0 0.003887 0.006271 -0.005552 -0.012542
0 0.001943 0.003763 -0.002776 -0.007525
0 0.004164 0.007525 -0.007218 -0.015050
0 0.003054 0.005017 -0.004997 -0.010033
0 0.003609 0.005853 -0.006108 -0.011706
0 0.003609 0.005853 -0.006108 -0.011706
0 0.012215 0.025084 -0.023320 -0.050167
0 0.003054 0.005017 -0.004997 -0.010033
0 0.003609 0.006271 -0.006108 -0.012542
0 0.001943 0.003763 -0.002776 -0.007525
0 0.003609 0.005853 -0.006108 -0.011706
0 0.003609 0.006271 -0.006108 -0.012542
0 0.001666 0.002926 -0.002221 -0.005853
0 0.001388 0.002508 -0.001666 -0.005017
0 0.001943 0.003763 -0.002776 -0.007525
0 0.007496 0.016304 -0.013881 -0.032609
0 0.001943 0.003763 -0.002776 -0.007525
0 0.001388 0.002508 -0.001666 -0.005017
0 0.001388 0.002508 -0.001666 -0.005017
0 0.001943 0.003763 -0.002776 -0.007525
0 0.001388 0.002508 -0.001666 -0.005017
0 0.001388 0.002508 -0.001666 -0.005017
0 0.001943 0.003763 -0.002776 -0.007525
0 0.003609 0.006271 -0.006108 -0.012542
0 0.001666 0.002926 -0.002221 -0.005853
0 0.001943 0.003344 -0.002776 -0.006689
0 0.001388 0.002508 -0.001666 -0.005017
0 0.005830 0.012542 -0.010550 -0.025084
0 0.020267 0.048495 -0.039423 -0.096990
0 0.001388 0.002508 -0.001666 -0.005017
0 0.006108 0.011706 -0.011105 -0.023411
0 0.003054 0.005017 -0.004997 -0.010033
0 0.003054 0.005017 -0.004997 -0.010033
0 0.005830 0.012542 -0.010550 -0.025084
0 0.003609 0.005853 -0.006108 -0.011706
0 0.003609 0.005853 -0.006108 -0.011706
0 0.001943 0.003763 -0.002776 -0.007525
0 0.003609 0.005853 -0.006108 -0.011706
0 0.003609 0.005853 -0.006108 -0.011706
0 0.007496 0.016304 -0.013881 -0.032609
0 0.003609 0.006271 -0.006108 -0.012542
0 0.001943 0.003763 -0.002776 -0.007525
0 0.003609 0.006271 -0.006108 -0.012542
0 0.001943 0.003763 -0.002776 -0.007525
0 0.003609 0.005853 -0.006108 -0.011706
0 0.001666 0.002926 -0.002221 -0.005853
0 0.002776 0.004599 -0.003331 -0.009197
0 0.001943 0.003763 -0.002776 -0.007525
0 0.003609 0.005853 -0.006108 -0.011706
0 0.001943 0.003763 -0.002776 -0.007525
0 0.003054 0.005017 -0.004997 -0.010033
0 0.001943 0.003344 -0.002776 -0.006689
0 0.012215 0.025084 -0.023320 -0.050167
0 0.007496 0.016304 -0.013881 -0.032609
0 0.005830 0.012542 -0.010550 -0.025084
0 0.001943 0.003344 -0.002776 -0.006689
0 0.001943 0.003763 -0.002776 -0.007525
0 0.005830 0.012542 -0.010550 -0.025084
0 0.007218 0.015468 -0.012215 -0.030936
0 0.001943 0.003763 -0.002776 -0.007525
0 0.001943 0.003344 -0.002776 -0.006689
0 0.001943 0.003344 -0.002776 -0.006689
0 0.001943 0.003763 -0.002776 -0.007525
0 0.006108 0.011706 -0.011105 -0.023411
0 0.001943 0.003763 -0.002776 -0.007525
0 0.003609 0.005853 -0.006108 -0.011706
0 0.001388 0.002508 -0.001666 -0.005017
0 0.001388 0.002508 -0.001666 -0.005017
0 0.006941 0.015468 -0.012771 -0.030936
0 0.001943 0.003763 -0.002776 -0.007525
0 0.003609 0.005853 -0.006108 -0.011706
0 0.003609 0.006271 -0.006108 -0.012542
0 0.003609 0.005853 -0.006108 -0.011706
0 0.007496 0.016304 -0.013881 -0.032609
0 0.003609 0.006271 -0.006108 -0.012542
0 0.001943 0.003763 -0.002776 -0.007525
0 0.001666 0.002926 -0.002221 -0.005853
0 0.003609 0.005853 -0.006108 -0.011706
0 0.003331 0.005017 -0.004442 -0.010033
0 0.003609 0.005853 -0.006108 -0.011706
0 0.001388 0.002508 -0.001666 -0.005017
0 0.001943 0.003763 -0.002776 -0.007525
0 0.001943 0.003763 -0.002776 -0.007525
0 0.003609 0.006271 -0.006108 -0.012542
0 0.003609 0.006271 -0.006108 -0.012542
0 0.003054 0.005017 -0.004997 -0.010033
0 0.001943 0.003763 -0.002776 -0.007525
0 0.003609 0.005853 -0.006108 -0.011706
0 0.001388 0.002508 -0.001666 -0.005017
0 0.001388 0.002508 -0.001666 -0.005017
0 0.003609 0.006271 -0.006108 -0.012542
0 0.003054 0.005017 -0.004997 -0.010033
0 0.003054 0.005017 -0.004997 -0.010033
0 0.001943 0.003763 -0.002776 -0.007525
0 0.001943 0.003763 -0.002776 -0.007525
0 0.001943 0.003344 -0.002776 -0.006689
0 0.003054 0.005017 -0.004997 -0.010033
0 0.001943 0.003344 -0.002776 -0.006689
0 0.003331 0.005017 -0.004442 -0.010033
0 0.004164 0.007525 -0.007218 -0.015050
0 0.001943 0.003344 -0.002776 -0.006689
0 0.001943 0.003344 -0.002776 -0.006689
0 0.001943 0.003763 -0.002776 -0.007525
0 0.003609 0.005853 -0.006108 -0.011706
0 0.005830 0.012542 -0.010550 -0.025084
0 0.003331 0.005017 -0.004442 -0.010033
0 0.003054 0.005017 -0.004997 -0.010033
0 0.007496 0.016304 -0.013881 -0.032609
0 0.003609 0.006271 -0.006108 -0.012542
0 0.003609 0.005853 -0.006108 -0.011706
0 0.001666 0.002926 -0.002221 -0.005853
0 0.006108 0.011706 -0.011105 -0.023411
0 0.001943 0.003344 -0.002776 -0.006689
0 0.001943 0.003763 -0.002776 -0.007525
0 0.001943 0.003763 -0.002776 -0.007525
0 0.003609 0.006271 -0.006108 -0.012542
0 0.003609 0.005853 -0.006108 -0.011706
0 0.001943 0.003763 -0.002776 -0.007525
0 0.004442 0.007525 -0.006663 -0.015050
0 0.003609 0.005853 -0.006108 -0.011706
0 0.003609 0.006271 -0.006108 -0.012542
0 0.003609 0.005853 -0.006108 -0.011706
0 0.005275 0.008779 -0.009439 -0.017559
0 0.005830 0.012542 -0.010550 -0.025084
0 0.003609 0.005853 -0.006108 -0.011706
0 0.004164 0.007525 -0.007218 -0.015050
0 0.003054 0.005017 -0.004997 -0.010033
0 0.001943 0.003763 -0.002776 -0.007525
0 0.001943 0.003763 -0.002776 -0.007525
0 0.003887 0.007107 -0.006663 -0.014214
0 0.005830 0.012542 -0.010550 -0.025084
0 0.003609 0.006271 -0.006108 -0.012542
0 0.001943 0.003763 -0.002776 -0.007525
0 0.003609 0.006271 -0.006108 -0.012542
0 0.001943 0.003763 -0.002776 -0.007525
0 0.007496 0.016304 -0.013881 -0.032609
0 0.006108 0.012542 -0.009994 -0.025084
0 0.003609 0.005853 -0.006108 -0.011706
0 0.005830 0.012542 -0.010550 -0.025084
0 0.001943 0.003344 -0.002776 -0.006689
0 0.003609 0.006271 -0.006108 -0.012542
0 0.001666 0.002926 -0.002221 -0.005853
0 0.003609 0.006271 -0.006108 -0.012542
0 0.001388 0.002508 -0.001666 -0.005017
0 0.001388 0.002508 -0.001666 -0.005017
0 0.004164 0.007525 -0.007218 -0.015050
0 0.003609 0.006271 -0.006108 -0.012542
0 0.005830 0.012542 -0.010550 -0.025084
0 0.003609 0.005853 -0.006108 -0.011706
0 0.007496 0.016304 -0.013881 -0.032609
0 0.001943 0.003763 -0.002776 -0.007525
0 0.007496 0.016304 -0.013881 -0.032609
0 0.001388 0.002508 -0.001666 -0.005017
0 0.003054 0.005017 -0.004997 -0.010033
0 0.003609 0.005853 -0.006108 -0.011706
0 0.001666 0.002926 -0.002221 -0.005853
0 0.005830 0.012542 -0.010550 -0.025084
0 0.003609 0.005853 -0.006108 -0.011706
0 0.001943 0.003763 -0.002776 -0.007525
0 0.001943 0.003763 -0.002776 -0.007525
0 0.001388 0.002508 -0.001666 -0.005017
0 0.003331 0.005017 -0.004442 -0.010033
0 0.003609 0.006271 -0.006108 -0.012542
0 0.001943 0.003344 -0.002776 -0.006689
0 0.001943 0.003344 -0.002776 -0.006689
0 0.001943 0.003344 -0.002776 -0.006689
0 0.012215 0.025084 -0.023320 -0.050167
0 0.007496 0.016304 -0.013881 -0.032609
0 0.005830 0.012542 -0.010550 -0.025084
0 0.001943 0.003763 -0.002776 -0.007525
0 0.001388 0.002508 -0.001666 -0.005017
0 0.005830 0.012542 -0.010550 -0.025084
0 0.007496 0.016304 -0.013881 -0.032609
0 0.001666 0.002926 -0.002221 -0.005853
0 0.001388 0.002508 -0.001666 -0.005017
0 0.012215 0.025084 -0.023320 -0.050167
0 0.001943 0.003763 -0.002776 -0.007525
0 0.001943 0.003763 -0.002776 -0.007525
0 0.001388 0.002508 -0.001666 -0.005017
0 0.003609 0.006271 -0.006108 -0.012542
0 0.003609 0.006271 -0.006108 -0.012542
0 0.003609 0.006271 -0.006108 -0.012542
0 0.001943 0.003344 -0.002776 -0.006689
0 0.005275 0.008779 -0.009439 -0.017559
0 0.001388 0.002508 -0.001666 -0.005017
0 0.001943 0.003763 -0.002776 -0.007525
0 0.005830 0.012542 -0.010550 -0.025084
0 0.003609 0.005853 -0.006108 -0.011706
0 0.003609 0.005853 -0.006108 -0.011706
0 0.002776 0.005017 -0.004442 -0.010033
0 0.001943 0.003763 -0.002776 -0.007525
0 0.003054 0.005435 -0.004997 -0.010870
0 0.001666 0.002926 -0.002221 -0.005853
0 0.006108 0.012542 -0.009994 -0.025084
0 0.003609 0.005853 -0.006108 -0.011706
0 0.001943 0.003763 -0.002776 -0.007525
0 0.003609 0.006271 -0.006108 -0.012542
0 0.003609 0.006271 -0.006108 -0.012542
0 0.012215 0.025084 -0.023320 -0.050167
0 0.002776 0.003763 -0.004442 -0.007525
0 0.005830 0.012542 -0.010550 -0.025084
0 0.001943 0.003344 -0.002776 -0.006689
0 0.001388 0.002508 -0.001666 -0.005017
0 0.001943 0.003344 -0.002776 -0.006689
0 0.001388 0.002508 -0.001666 -0.005017
0 0.001943 0.003763 -0.002776 -0.007525
0 0.003609 0.006271 -0.006108 -0.012542
0 0.001666 0.002926 -0.002221 -0.005853
0 0.001388 0.002508 -0.001666 -0.005017
0 0.001943 0.003763 -0.002776 -0.007525
0 0.003609 0.005853 -0.006108 -0.011706
0 0.005830 0.012542 -0.010550 -0.025084
0 0.003054 0.005017 -0.004997 -0.010033
0 0.004164 0.007525 -0.007218 -0.015050
0 0.001943 0.003763 -0.002776 -0.007525
0 0.001388 0.002508 -0.001666 -0.005017
0 0.003609 0.006271 -0.006108 -0.012542
0 0.001943 0.003344 -0.002776 -0.006689
0 0.001388 0.002508 -0.001666 -0.005017
0 0.005830 0.012542 -0.010550 -0.025084
0 0.001943 0.003763 -0.002776 -0.007525
0 0.001943 0.003763 -0.002776 -0.007525
0 0.001388 0.002508 -0.001666 -0.005017
0 0.005830 0.012542 -0.010550 -0.025084
0 0.001388 0.002508 -0.001666 -0.005017
0 0.006941 0.014214 -0.011660 -0.028428
0 0.005830 0.012542 -0.010550 -0.025084
0 0.005830 0.012542 -0.010550 -0.025084
0 0.001943 0.003763 -0.002776 -0.007525
0 0.003609 0.006271 -0.006108 -0.012542
0 0.005830 0.012542 -0.010550 -0.025084
0 0.003609 0.005853 -0.006108 -0.011706
0 0.001666 0.002926 -0.002221 -0.005853
0 0.007496 0.016304 -0.013881 -0.032609
0 0.003054 0.005435 -0.004997 -0.010870
0 0.004164 0.008361 -0.007218 -0.016722
0 0.001943 0.003763 -0.002776 -0.007525
0 0.005830 0.012542 -0.010550 -0.025084
0 0.005830 0.012542 -0.010550 -0.025084
0 0.003054 0.005017 -0.004997 -0.010033
0 0.001388 0.002508 -0.001666 -0.005017
0 0.003609 0.006271 -0.006108 -0.012542
0 0.001666 0.002926 -0.002221 -0.005853
0 0.003054 0.005017 -0.004997 -0.010033
0 0.003609 0.005853 -0.006108 -0.011706
0 0.001943 0.003763 -0.002776 -0.007525
0 0.003609 0.005853 -0.006108 -0.011706
0 0.005830 0.012542 -0.010550 -0.025084
0 0.001943 0.003763 -0.002776 -0.007525
0 0.003609 0.006271 -0.006108 -0.012542
0 0.003609 0.006271 -0.006108 -0.012542
0 0.001388 0.002508 -0.001666 -0.005017
0 0.003609 0.005853 -0.006108 -0.011706
0 0.001943 0.003763 -0.002776 -0.007525
0 0.003609 0.005853 -0.006108 -0.011706
0 0.001943 0.003763 -0.002776 -0.007525
0 0.003609 0.005853 -0.006108 -0.011706
0 0.005830 0.012542 -0.010550 -0.025084
0 0.001943 0.003763 -0.002776 -0.007525
0 0.001943 0.003344 -0.002776 -0.006689
0 0.001943 0.003763 -0.002776 -0.007525
0 0.003609 0.005853 -0.006108 -0.011706
0 0.007496 0.016304 -0.013881 -0.032609
0 0.007496 0.016304 -0.013881 -0.032609
0 0.003609 0.005853 -0.006108 -0.011706
0 0.002776 0.004599 -0.004442 -0.009197
0 0.003609 0.005853 -0.006108 -0.011706
0 0.007496 0.016304 -0.013881 -0.032609
0 0.005275 0.008779 -0.009439 -0.017559
0 0.001943 0.003763 -0.002776 -0.007525
0 0.005830 0.012542 -0.010550 -0.025084
0 0.005830 0.012542 -0.010550 -0.025084
0 0.003609 0.005853 -0.006108 -0.011706
0 0.005830 0.012542 -0.010550 -0.025084
0 0.001388 0.002508 -0.001666 -0.005017
0 0.001666 0.002926 -0.002221 -0.005853
0 0.005830 0.012542 -0.010550 -0.025084
0 0.003887 0.006271 -0.005552 -0.012542
0 0.003609 0.005853 -0.006108 -0.011706
0 0.003609 0.006271 -0.006108 -0.012542
0 0.001943 0.003763 -0.002776 -0.007525
0 0.001666 0.002926 -0.002221 -0.005853
0 0.003609 0.006271 -0.006108 -0.012542
0 0.003609 0.005853 -0.006108 -0.011706
0 0.001388 0.002508 -0.001666 -0.005017
0 0.003609 0.005853 -0.006108 -0.011706
0 0.001943 0.003344 -0.002776 -0.006689
0 0.001388 0.002508 -0.001666 -0.005017
0 0.003331 0.005017 -0.004442 -0.010033
0 0.003609 0.006271 -0.006108 -0.012542
0 0.001666 0.002926 -0.002221 -0.005853
0 0.001943 0.003763 -0.002776 -0.007525
0 0.012215 0.025084 -0.023320 -0.050167
0 0.001943 0.003763 -0.002776 -0.007525
0 0.001943 0.003763 -0.002776 -0.007525
0 0.003609 0.006271 -0.006108 -0.012542
0 0.003054 0.005017 -0.004997 -0.010033
0 0.001943 0.003763 -0.002776 -0.007525
0 0.005552 0.008779 -0.008884 -0.017559
0 0.003609 0.005853 -0.006108 -0.011706
0 0.001943 0.003763 -0.002776 -0.007525
0 0.006941 0.015468 -0.012771 -0.030936
0 0.005830 0.012542 -0.010550 -0.025084
0 0.003609 0.006271 -0.006108 -0.012542
0 0.001943 0.003763 -0.002776 -0.007525
0 0.003609 0.005853 -0.006108 -0.011706
0 0.001388 0.002508 -0.001666 -0.005017
0 0.003609 0.006271 -0.006108 -0.012542
0 0.003054 0.005017 -0.004997 -0.010033
0 0.003609 0.005853 -0.006108 -0.011706
0 0.001943 0.003763 -0.002776 -0.007525
0 0.003054 0.005017 -0.004997 -0.010033
0 0.005830 0.012542 -0.010550 -0.025084
0 0.001943 0.003763 -0.002776 -0.007525
0 0.003609 0.006271 -0.006108 -0.012542
0 0.003609 0.006271 -0.006108 -0.012542
0 0.001388 0.002508 -0.001666 -0.005017
0 0.001388 0.002508 -0.001666 -0.005017
0 0.001943 0.003344 -0.002776 -0.006689
0 0.001943 0.003763 -0.002776 -0.007525
0 0.001943 0.003763 -0.002776 -0.007525
0 0.001666 0.002926 -0.002221 -0.005853
0 0.001943 0.003763 -0.002776 -0.007525
0 0.001943 0.003344 -0.002776 -0.006689
0 0.003609 0.006271 -0.006108 -0.012542
0 0.001943 0.003763 -0.002776 -0.007525
0 0.001943 0.003344 -0.002776 -0.006689
0 0.003054 0.005017 -0.004997 -0.010033
0 0.001388 0.002508 -0.001666 -0.005017
0 0.003054 0.005017 -0.004997 -0.010033
0 0.001943 0.003763 -0.002776 -0.007525
0 0.003054 0.005017 -0.004997 -0.010033
0 0.001943 0.003763 -0.002776 -0.007525
0 0.003609 0.005853 -0.006108 -0.011706
0 0.003054 0.005017 -0.004997 -0.010033
0 0.005830 0.012542 -0.010550 -0.025084
0 0.005830 0.012542 -0.010550 -0.025084
0 0.012215 0.025084 -0.023320 -0.050167
0 0.007496 0.016304 -0.013881 -0.032609
0 0.001943 0.003763 -0.002776 -0.007525
0 0.002221 0.004181 -0.003331 -0.008361
0 0.001388 0.002508 -0.001666 -0.005017
0 0.005275 0.008779 -0.009439 -0.017559
0 0.003054 0.005017 -0.004997 -0.010033
0 0.001943 0.003763 -0.002776 -0.007525
0 0.001388 0.002508 -0.001666 -0.005017
0 0.005275 0.008779 -0.009439 -0.017559
0 0.003609 0.006271 -0.006108 -0.012542
0 0.003054 0.005017 -0.004997 -0.010033
0 0.005275 0.008779 -0.009439 -0.017559
0 0.001388 0.002508 -0.001666 -0.005017
0 0.006941 0.015468 -0.012771 -0.030936
0 0.003054 0.005017 -0.004997 -0.010033
0 0.001943 0.003763 -0.002776 -0.007525
0 0.001388 0.002508 -0.001666 -0.005017
0 0.003887 0.006271 -0.005552 -0.012542
0 0.003609 0.005853 -0.006108 -0.011706
0 0.007496 0.016304 -0.013881 -0.032609
0 0.007496 0.016304 -0.013881 -0.032609
0 0.005275 0.008779 -0.009439 -0.017559
0 0.001943 0.003344 -0.002776 -0.006689
0 0.007496 0.016304 -0.013881 -0.032609
0 0.005275 0.008779 -0.009439 -0.017559
0 0.005830 0.012542 -0.010550 -0.025084
0 0.001666 0.002926 -0.002221 -0.005853
0 0.001388 0.002508 -0.001666 -0.005017
0 0.001388 0.002508 -0.001666 -0.005017
0 0.005552 0.010870 -0.008884 -0.021739
0 0.003609 0.005853 -0.006108 -0.011706
0 0.003609 0.005853 -0.006108 -0.011706
0 0.003609 0.006271 -0.006108 -0.012542
0 0.001943 0.003763 -0.002776 -0.007525
0 0.001943 0.003763 -0.002776 -0.007525
0 0.001943 0.003763 -0.002776 -0.007525
0 0.007496 0.016304 -0.013881 -0.032609
0 0.001943 0.003763 -0.002776 -0.007525
0 0.001388 0.002508 -0.001666 -0.005017
0 0.001943 0.003763 -0.002776 -0.007525
0 0.003609 0.005853 -0.006108 -0.011706
0 0.007496 0.016304 -0.013881 -0.032609
0 0.005275 0.008779 -0.009439 -0.017559
0 0.001943 0.003763 -0.002776 -0.007525
0 0.003609 0.005853 -0.006108 -0.011706
0 0.002776 0.005017 -0.004442 -0.010033
0 0.003609 0.006271 -0.006108 -0.012542
0 0.003609 0.005853 -0.006108 -0.011706
0 0.005830 0.012542 -0.010550 -0.025084
0 0.005275 0.008779 -0.009439 -0.017559
0 0.001943 0.003763 -0.002776 -0.007525
0 0.001943 0.003763 -0.002776 -0.007525
0 0.001666 0.003344 -0.002221 -0.006689
0 0.001943 0.003344 -0.002776 -0.006689
0 0.003609 0.005853 -0.006108 -0.011706
0 0.005552 0.008779 -0.008884 -0.017559
0 0.002776 0.004599 -0.004442 -0.009197
0 0.005830 0.012542 -0.010550 -0.025084
0 0.001943 0.003763 -0.002776 -0.007525
0 0.001388 0.002508 -0.001666 -0.005017
0 0.007496 0.016304 -0.013881 -0.032609
0 0.001388 0.002508 -0.001666 -0.005017
0 0.003609 0.006271 -0.006108 -0.012542
0 0.001943 0.003763 -0.002776 -0.007525
0 0.001388 0.002508 -0.001666 -0.005017
0 0.005830 0.012542 -0.010550 -0.025084
0 0.001943 0.003344 -0.002776 -0.006689
0 0.001388 0.002508 -0.001666 -0.005017
0 0.003887 0.006271 -0.005552 -0.012542
0 0.003609 0.005853 -0.006108 -0.011706
0 0.001943 0.003763 -0.002776 -0.007525
0 0.005830 0.012542 -0.010550 -0.025084
0 0.003054 0.005017 -0.004997 -0.010033
0 0.005830 0.012542 -0.010550 -0.025084
0 0.001388 0.002508 -0.001666 -0.005017
0 0.003609 0.006271 -0.006108 -0.012542
0 0.006108 0.012542 -0.009994 -0.025084
0 0.007496 0.016304 -0.013881 -0.032609
0 0.003609 0.005853 -0.006108 -0.011706
0 0.001666 0.002926 -0.002221 -0.005853
0 0.001943 0.003763 -0.002776 -0.007525
0 0.007496 0.016304 -0.013881 -0.032609
0 0.003054 0.005017 -0.004997 -0.010033
0 0.006108 0.012542 -0.009994 -0.025084
0 0.003609 0.005853 -0.006108 -0.011706
0 0.001943 0.003763 -0.002776 -0.007525
0 0.003609 0.005853 -0.006108 -0.011706
0 0.001666 0.002926 -0.002221 -0.005853
0 0.003054 0.005017 -0.004997 -0.010033
0 0.005830 0.012542 -0.010550 -0.025084
0 0.003609 0.005853 -0.006108 -0.011706
0 0.003609 0.006271 -0.006108 -0.012542
0 0.001666 0.002926 -0.002221 -0.005853
0 0.003887 0.006271 -0.005552 -0.012542
0 0.003609 0.006271 -0.006108 -0.012542
0 0.007496 0.016304 -0.013881 -0.032609
0 0.003609 0.005853 -0.006108 -0.011706
0 0.001388 0.002508 -0.001666 -0.005017
0 0.001388 0.002508 -0.001666 -0.005017
0 0.003609 0.005853 -0.006108 -0.011706
0 0.006108 0.012542 -0.009994 -0.025084
0 0.003054 0.005017 -0.004997 -0.010033
0 0.001943 0.003763 -0.002776 -0.007525
0 0.001388 0.002508 -0.001666 -0.005017
0 0.003054 0.005017 -0.004997 -0.010033
0 0.003054 0.005017 -0.004997 -0.010033
0 0.012215 0.025084 -0.023320 -0.050167
0 0.001666 0.002926 -0.002221 -0.005853
0 0.001943 0.003763 -0.002776 -0.007525
0 0.001388 0.002508 -0.001666 -0.005017
0 0.001943 0.003763 -0.002776 -0.007525
0 0.001388 0.002508 -0.001666 -0.005017
0 0.003887 0.006271 -0.005552 -0.012542
0 0.001943 0.003763 -0.002776 -0.007525
0 0.001943 0.003763 -0.002776 -0.007525
0 0.001943 0.003763 -0.002776 -0.007525
0 0.001943 0.003763 -0.002776 -0.007525
0 0.001943 0.003763 -0.002776 -0.007525
0 0.002499 0.004181 -0.003887 -0.008361
0 0.003609 0.006271 -0.006108 -0.012542
0 0.005275 0.008779 -0.009439 -0.017559
0 0.001666 0.002926 -0.002221 -0.005853
0 0.001943 0.003344 -0.002776 -0.006689
0 0.001943 0.003763 -0.002776 -0.007525
0 0.001666 0.002926 -0.002221 -0.005853
0 0.001943 0.003763 -0.002776 -0.007525
0 0.001666 0.002926 -0.002221 -0.005853
0 0.001388 0.002508 -0.001666 -0.005017
0 0.001943 0.003763 -0.002776 -0.007525
0 0.001943 0.003763 -0.002776 -0.007525
0 0.005830 0.012542 -0.010550 -0.025084
0 0.012215 0.025084 -0.023320 -0.050167
0 0.003054 0.005017 -0.004997 -0.010033
0 0.001666 0.002926 -0.002221 -0.005853
0 0.005275 0.008779 -0.009439 -0.017559
0 0.005830 0.012542 -0.010550 -0.025084
0 0.003609 0.006271 -0.006108 -0.012542
0 0.001943 0.003763 -0.002776 -0.007525
0 0.003054 0.005017 -0.004997 -0.010033
0 0.007496 0.016304 -0.013881 -0.032609
0 0.003609 0.005853 -0.006108 -0.011706
0 0.003609 0.006271 -0.006108 -0.012542
0 0.001943 0.003763 -0.002776 -0.007525
0 0.001943 0.003763 -0.002776 -0.007525
0 0.003609 0.005853 -0.006108 -0.011706
0 0.001943 0.003763 -0.002776 -0.007525
0 0.006108 0.012542 -0.009994 -0.025084
0 0.003609 0.006271 -0.006108 -0.012542
0 0.003609 0.005853 -0.006108 -0.011706
0 0.005830 0.012542 -0.010550 -0.025084
0 0.012215 0.025084 -0.023320 -0.050167
0 0.002776 0.004599 -0.004442 -0.009197
0 0.001388 0.002508 -0.001666 -0.005017
0 0.005830 0.012542 -0.010550 -0.025084
0 0.001388 0.002508 -0.001666 -0.005017
0 0.005275 0.008779 -0.009439 -0.017559
0 0.001943 0.003763 -0.002776 -0.007525
0 0.005830 0.012542 -0.010550 -0.025084
0 0.005830 0.012542 -0.010550 -0.025084
0 0.005830 0.012542 -0.010550 -0.025084
0 0.005830 0.012542 -0.010550 -0.025084
0 0.001388 0.002508 -0.001666 -0.005017
0 0.001666 0.002926 -0.002221 -0.005853
0 0.007496 0.016304 -0.013881 -0.032609
0 0.003609 0.005853 -0.006108 -0.011706
0 0.007496 0.016304 -0.013881 -0.032609
0 0.001943 0.003763 -0.002776 -0.007525
0 0.001943 0.003763 -0.002776 -0.007525
0 0.001943 0.003344 -0.002776 -0.006689
0 0.001666 0.002926 -0.002221 -0.005853
0 0.003609 0.005853 -0.006108 -0.011706
0 0.001388 0.002508 -0.001666 -0.005017
0 0.001943 0.003344 -0.002776 -0.006689
0 0.001943 0.003763 -0.002776 -0.007525
0 0.005275 0.008779 -0.009439 -0.017559
0 0.003331 0.005017 -0.004442 -0.010033
0 0.001943 0.003763 -0.002776 -0.007525
0 0.001666 0.002926 -0.002221 -0.005853
0 0.007773 0.016304 -0.013326 -0.032609
0 0.003609 0.005853 -0.006108 -0.011706
0 0.007496 0.016304 -0.013881 -0.032609
0 0.001388 0.002508 -0.001666 -0.005017
0 0.003609 0.006271 -0.006108 -0.012542
0 0.001388 0.002508 -0.001666 -0.005017
0 0.003609 0.005853 -0.006108 -0.011706
0 0.001943 0.003763 -0.002776 -0.007525
0 0.003609 0.006271 -0.006108 -0.012542
0 0.007496 0.016304 -0.013881 -0.032609
0 0.008606 0.018395 -0.016102 -0.036789
0 0.005830 0.012542 -0.010550 -0.025084
0 0.003609 0.005853 -0.006108 -0.011706
0 0.001666 0.002926 -0.002221 -0.005853
0 0.001943 0.003344 -0.002776 -0.006689
0 0.001943 0.003763 -0.002776 -0.007525
0 0.005830 0.012542 -0.010550 -0.025084
0 0.007496 0.016304 -0.013881 -0.032609
0 0.005275 0.008779 -0.009439 -0.017559
0 0.001388 0.002508 -0.001666 -0.005017
0 0.003609 0.006271 -0.006108 -0.012542
0 0.003609 0.005853 -0.006108 -0.011706
0 0.003054 0.005017 -0.004997 -0.010033
0 0.001943 0.003344 -0.002776 -0.006689
0 0.001666 0.002926 -0.002221 -0.005853
0 0.003609 0.006271 -0.006108 -0.012542
0 0.003609 0.006271 -0.006108 -0.012542
0 0.001943 0.003763 -0.002776 -0.007525
0 0.001666 0.002926 -0.002221 -0.005853
0 0.001666 0.002926 -0.002221 -0.005853
0 0.001943 0.003763 -0.002776 -0.007525
0 0.001943 0.003763 -0.002776 -0.007525
0 0.001943 0.003763 -0.002776 -0.007525
0 0.003609 0.005853 -0.006108 -0.011706
0 0.007496 0.016304 -0.013881 -0.032609
0 0.001943 0.003763 -0.002776 -0.007525
0 0.001388 0.002508 -0.001666 -0.005017
0 0.001388 0.002508 -0.001666 -0.005017
0 0.005275 0.008779 -0.009439 -0.017559
0 0.001943 0.003763 -0.002776 -0.007525
0 0.001388 0.002508 -0.001666 -0.005017
0 0.012215 0.025084 -0.023320 -0.050167
0 0.001943 0.003763 -0.002776 -0.007525
0 0.001943 0.003763 -0.002776 -0.007525
0 0.003609 0.005853 -0.006108 -0.011706
0 0.003609 0.005853 -0.006108 -0.011706
0 0.001943 0.003763 -0.002776 -0.007525
0 0.005830 0.012542 -0.010550 -0.025084
0 0.001943 0.003344 -0.002776 -0.006689
0 0.006108 0.012542 -0.009994 -0.025084
0 0.001666 0.002926 -0.002221 -0.005853
0 0.005830 0.012542 -0.010550 -0.025084
0 0.003609 0.005853 -0.006108 -0.011706
0 0.003609 0.005853 -0.006108 -0.011706
0 0.003609 0.006271 -0.006108 -0.012542
0 0.007496 0.016304 -0.013881 -0.032609
0 0.005275 0.008779 -0.009439 -0.017559
0 0.003887 0.006271 -0.005552 -0.012542
0 0.001666 0.002926 -0.002221 -0.005853
0 0.005830 0.012542 -0.010550 -0.025084
0 0.001388 0.002508 -0.001666 -0.005017
0 0.005830 0.012542 -0.010550 -0.025084
0 0.001943 0.003763 -0.002776 -0.007525
0 0.001943 0.003763 -0.002776 -0.007525
0 0.001388 0.002508 -0.001666 -0.005017
0 0.005552 0.008779 -0.008884 -0.017559
0 0.003887 0.006271 -0.005552 -0.012542
0 0.006108 0.011706 -0.011105 -0.023411
0 0.003609 0.006271 -0.006108 -0.012542
0 0.001388 0.002508 -0.001666 -0.005017
0 0.001943 0.003344 -0.002776 -0.006689
0 0.001388 0.002508 -0.001666 -0.005017
0 0.001943 0.003344 -0.002776 -0.006689
0 0.007496 0.016304 -0.013881 -0.032609
0 0.001943 0.003763 -0.002776 -0.007525
0 0.005830 0.012542 -0.010550 -0.025084
0 0.003054 0.005017 -0.004997 -0.010033
0 0.012215 0.025084 -0.023320 -0.050167
0 0.005830 0.012542 -0.010550 -0.025084
0 0.006108 0.011706 -0.011105 -0.023411
0 0.003609 0.006271 -0.006108 -0.012542
0 0.007496 0.016304 -0.013881 -0.032609
0 0.005830 0.012542 -0.010550 -0.025084
0 0.001943 0.003763 -0.002776 -0.007525
0 0.005830 0.012542 -0.010550 -0.025084
0 0.005830 0.012542 -0.010550 -0.025084
0 0.001666 0.002926 -0.002221 -0.005853
0 0.001666 0.002926 -0.002221 -0.005853
0 0.001388 0.002508 -0.001666 -0.005017
0 0.001943 0.003763 -0.002776 -0.007525
0 0.005830 0.012542 -0.010550 -0.025084
0 0.001388 0.002508 -0.001666 -0.005017