0 0.016667 0.034259 -0.032292 -0.068519
0 0.016667 0.034259 -0.032292 -0.068519
0 0.016667 0.034259 -0.032292 -0.068519
0 0.016667 0.034259 -0.032292 -0.068519
0 0.016667 0.034259 -0.032292 -0.068519
0 0.016667 0.034259 -0.032292 -0.068519
0 0.016667 0.034259 -0.032292 -0.068519
0 0.016667 0.034259 -0.032292 -0.068519
0 0.016667 0.034259 -0.032292 -0.068519
0 0.016667 0.034259 -0.032292 -0.068519
0 0.016667 0.034259 -0.032292 -0.068519
0 0.016667 0.034259 -0.032292 -0.068519
0 0.016667 0.034259 -0.032292 -0.068519
0 0.016667 0.034259 -0.032292 -0.068519
0 0.016667 0.034722 -0.032292 -0.067593