0 0.017692 0.028750 -0.032308 -0.057500
0 0.017692 0.028750 -0.032308 -0.057500
0 0.033846 0.065000 -0.064615 -0.130000
0 0.033846 0.065000 -0.064615 -0.130000
0 0.017692 0.028750 -0.032308 -0.057500
0 0.017692 0.028750 -0.032308 -0.057500
0 0.036923 0.065000 -0.070769 -0.130000
0 0.036923 0.065000 -0.070769 -0.130000
0 0.021538 0.037500 -0.040000 -0.075000
0 0.032308 0.071250 -0.061538 -0.142500
0 0.017692 0.028750 -0.032308 -0.057500
0 0.017692 0.028750 -0.032308 -0.057500
0 0.017692 0.028750 -0.032308 -0.057500
0 0.033846 0.065000 -0.064615 -0.130000
0 0.017692 0.028750 -0.032308 -0.057500
0 0.021538 0.037500 -0.040000 -0.075000
0 0.017692 0.028750 -0.032308 -0.057500
0 0.026923 0.050000 -0.050769 -0.100000
0 0.017692 0.028750 -0.032308 -0.057500
0 0.021538 0.037500 -0.040000 -0.075000
0 0.021538 0.037500 -0.040000 -0.075000
0 0.017692 0.028750 -0.032308 -0.057500
0 0.021538 0.037500 -0.040000 -0.075000