0 0.006000 0.014667 -0.009333 -0.029333
0 0.019333 0.041333 -0.036000 -0.082667
0 0.015333 0.032000 -0.028000 -0.064000
0 0.011333 0.022667 -0.020000 -0.045333
0 0.011333 0.022667 -0.020000 -0.045333
0 0.019333 0.041333 -0.036000 -0.082667
0 0.011333 0.022667 -0.020000 -0.045333
0 0.006000 0.014667 -0.009333 -0.029333
0 0.019333 0.041333 -0.036000 -0.082667
0 0.006000 0.014667 -0.009333 -0.029333
0 0.011333 0.022667 -0.020000 -0.045333
0 0.019333 0.041333 -0.036000 -0.082667
0 0.011333 0.022667 -0.020000 -0.045333
0 0.017333 0.036000 -0.032000 -0.072000
0 0.011333 0.022667 -0.020000 -0.045333
0 0.006000 0.014667 -0.009333 -0.029333
0 0.006000 0.014667 -0.009333 -0.029333
0 0.006000 0.014667 -0.009333 -0.029333
0 0.006000 0.014667 -0.009333 -0.029333
0 0.006000 0.014667 -0.009333 -0.029333
0 0.011333 0.022667 -0.020000 -0.045333
0 0.019333 0.041333 -0.036000 -0.082667
0 0.006000 0.014667 -0.009333 -0.029333
0 0.011333 0.022667 -0.020000 -0.045333
0 0.011333 0.022667 -0.020000 -0.045333
0 0.006000 0.014667 -0.009333 -0.029333
0 0.006000 0.014667 -0.009333 -0.029333
0 0.019333 0.041333 -0.036000 -0.082667
0 0.015333 0.032000 -0.028000 -0.064000
0 0.015333 0.032000 -0.028000 -0.064000
0 0.006000 0.014667 -0.009333 -0.029333
0 0.006000 0.014667 -0.009333 -0.029333
0 0.013333 0.026667 -0.024000 -0.053333
0 0.019333 0.041333 -0.036000 -0.082667
0 0.011333 0.022667 -0.020000 -0.045333
0 0.019333 0.041333 -0.036000 -0.082667
0 0.011333 0.022667 -0.020000 -0.045333
0 0.011333 0.022667 -0.020000 -0.045333
0 0.019333 0.041333 -0.036000 -0.082667
0 0.011333 0.022667 -0.020000 -0.045333
0 0.006000 0.014667 -0.009333 -0.029333
0 0.011333 0.022667 -0.020000 -0.045333
0 0.011333 0.022667 -0.020000 -0.045333
0 0.019333 0.041333 -0.036000 -0.082667
0 0.006000 0.014667 -0.009333 -0.029333
0 0.011333 0.022667 -0.020000 -0.045333
0 0.011333 0.022667 -0.020000 -0.045333
0 0.011333 0.022667 -0.020000 -0.045333
0 0.011333 0.022667 -0.020000 -0.045333
0 0.012000 0.025333 -0.021333 -0.050667
0 0.019333 0.041333 -0.036000 -0.082667
0 0.011333 0.022667 -0.020000 -0.045333
0 0.006000 0.014667 -0.009333 -0.029333
0 0.019333 0.041333 -0.036000 -0.082667
0 0.019333 0.041333 -0.036000 -0.082667
0 0.011333 0.022667 -0.020000 -0.045333
0 0.019333 0.041333 -0.036000 -0.082667
0 0.019333 0.041333 -0.036000 -0.082667
0 0.011333 0.022667 -0.020000 -0.045333
0 0.011333 0.022667 -0.020000 -0.045333