0 0.012000 0.016129 -0.023000 -0.032258
0 0.003250 0.004501 -0.005500 -0.009002
0 0.017750 0.033383 -0.034500 -0.066767
0 0.003500 0.006752 -0.006000 -0.013503
0 0.003250 0.004501 -0.005500 -0.009002
0 0.003000 0.005251 -0.005000 -0.010503
0 0.012000 0.015379 -0.023000 -0.030758
0 0.008000 0.013128 -0.015000 -0.026257
0 0.012000 0.016129 -0.023000 -0.032258
0 0.003250 0.004501 -0.005500 -0.009002
0 0.009750 0.015754 -0.018500 -0.031508
0 0.003250 0.006752 -0.005500 -0.013503
0 0.003250 0.004501 -0.005500 -0.009002
0 0.003250 0.005251 -0.005500 -0.010503
0 0.003500 0.007127 -0.006000 -0.014254
0 0.003250 0.004501 -0.005500 -0.009002
0 0.003000 0.004126 -0.005000 -0.008252
0 0.003500 0.007127 -0.006000 -0.014254
0 0.005000 0.007127 -0.009000 -0.014254
0 0.004000 0.006752 -0.007000 -0.013503
0 0.012000 0.015379 -0.023000 -0.030758
0 0.009750 0.016504 -0.018500 -0.033008
0 0.012000 0.021755 -0.023000 -0.043511
0 0.005000 0.007127 -0.009000 -0.014254
0 0.004000 0.004876 -0.007000 -0.009752
0 0.012000 0.015379 -0.023000 -0.030758
0 0.012250 0.016129 -0.023500 -0.032258
0 0.006000 0.010503 -0.011000 -0.021005
0 0.003250 0.004501 -0.005500 -0.009002
0 0.003500 0.007127 -0.006000 -0.014254
0 0.003250 0.004501 -0.005500 -0.009002
0 0.003750 0.004501 -0.004500 -0.009002
0 0.003500 0.007127 -0.006000 -0.014254
0 0.004000 0.004876 -0.007000 -0.009752
0 0.003250 0.004501 -0.005500 -0.009002
0 0.003250 0.004501 -0.005500 -0.009002
0 0.003250 0.004501 -0.005500 -0.009002
0 0.005500 0.010878 -0.010000 -0.021755
0 0.012000 0.015379 -0.023000 -0.030758
0 0.004000 0.007502 -0.007000 -0.015004
0 0.004000 0.006752 -0.007000 -0.013503
0 0.003250 0.004501 -0.005500 -0.009002
0 0.003500 0.007127 -0.006000 -0.014254
0 0.003000 0.004126 -0.005000 -0.008252
0 0.003000 0.005251 -0.005000 -0.010503
0 0.005000 0.007127 -0.009000 -0.014254
0 0.004000 0.004876 -0.007000 -0.009752
0 0.004000 0.006752 -0.007000 -0.013503
0 0.003000 0.005251 -0.005000 -0.010503
0 0.003250 0.004501 -0.005500 -0.009002
0 0.003250 0.005251 -0.005500 -0.010503
0 0.002750 0.004501 -0.004500 -0.009002
0 0.002750 0.003376 -0.004500 -0.006752
0 0.003250 0.004501 -0.005500 -0.009002
0 0.004000 0.007502 -0.007000 -0.015004
0 0.003750 0.004501 -0.004500 -0.009002
0 0.003250 0.004501 -0.005500 -0.009002
0 0.003250 0.004501 -0.005500 -0.009002
0 0.003750 0.004501 -0.004500 -0.009002
0 0.003750 0.004501 -0.004500 -0.009002
0 0.007500 0.009377 -0.014000 -0.018755
0 0.009500 0.013878 -0.016000 -0.027757
0 0.003250 0.004501 -0.005500 -0.009002
0 0.006250 0.010503 -0.011500 -0.021005
0 0.003250 0.004501 -0.005500 -0.009002
0 0.002750 0.004501 -0.004500 -0.009002
0 0.003500 0.007127 -0.006000 -0.014254
0 0.012000 0.016129 -0.023000 -0.032258
0 0.006000 0.010503 -0.011000 -0.021005
0 0.003750 0.008627 -0.006500 -0.017254
0 0.006250 0.010503 -0.011500 -0.021005
0 0.011750 0.025506 -0.022500 -0.051013
0 0.004000 0.006752 -0.007000 -0.013503
0 0.003250 0.004501 -0.005500 -0.009002
0 0.009500 0.013878 -0.016000 -0.027757
0 0.009750 0.015754 -0.018500 -0.031508
0 0.003250 0.006752 -0.005500 -0.013503
0 0.003750 0.004501 -0.004500 -0.009002
0 0.004000 0.006752 -0.007000 -0.013503
0 0.003250 0.004501 -0.005500 -0.009002
0 0.004000 0.007502 -0.007000 -0.015004
0 0.003250 0.005626 -0.005500 -0.011253
0 0.004000 0.006752 -0.007000 -0.013503
0 0.006000 0.010503 -0.011000 -0.021005
0 0.003500 0.006752 -0.006000 -0.013503
0 0.006250 0.010503 -0.011500 -0.021005
0 0.004000 0.007502 -0.007000 -0.015004
0 0.007500 0.009377 -0.014000 -0.018755
0 0.003000 0.004126 -0.005000 -0.008252
0 0.003000 0.005251 -0.005000 -0.010503
0 0.003000 0.004126 -0.005000 -0.008252
0 0.003000 0.004126 -0.005000 -0.008252
0 0.003250 0.004501 -0.005500 -0.009002
0 0.007500 0.009377 -0.014000 -0.018755
0 0.003750 0.004501 -0.004500 -0.009002
0 0.004000 0.007502 -0.007000 -0.015004
0 0.003250 0.004501 -0.005500 -0.009002
0 0.007500 0.009377 -0.014000 -0.018755
0 0.009000 0.013878 -0.017000 -0.027757
0 0.003250 0.004501 -0.005500 -0.009002
0 0.005500 0.010878 -0.010000 -0.021755
0 0.003750 0.004501 -0.004500 -0.009002
0 0.003500 0.007127 -0.006000 -0.014254
0 0.012000 0.015379 -0.023000 -0.030758
0 0.003000 0.004126 -0.005000 -0.008252
0 0.012000 0.015379 -0.023000 -0.030758
0 0.009000 0.013878 -0.017000 -0.027757
0 0.003250 0.004501 -0.005500 -0.009002
0 0.003750 0.004501 -0.004500 -0.009002
0 0.003250 0.004501 -0.005500 -0.009002
0 0.003500 0.006752 -0.006000 -0.013503
0 0.003250 0.004501 -0.005500 -0.009002
0 0.022750 0.037134 -0.044500 -0.074269
0 0.009000 0.013878 -0.017000 -0.027757
0 0.004000 0.004876 -0.007000 -0.009752