0 0.005625 0.010000 -0.008750 -0.020000
0 0.005625 0.010000 -0.008750 -0.020000
0 0.013125 0.022000 -0.023750 -0.044000
0 0.005625 0.010000 -0.008750 -0.020000
0 0.005625 0.010000 -0.008750 -0.020000
0 0.005625 0.010000 -0.008750 -0.020000
0 0.005625 0.010000 -0.008750 -0.020000
0 0.020625 0.047000 -0.038750 -0.094000
0 0.005625 0.010000 -0.008750 -0.020000
0 0.013125 0.023000 -0.023750 -0.046000
0 0.013125 0.022000 -0.023750 -0.044000
0 0.005625 0.010000 -0.008750 -0.020000
0 0.005625 0.010000 -0.008750 -0.020000
0 0.005625 0.010000 -0.008750 -0.020000
0 0.005625 0.010000 -0.008750 -0.020000
0 0.005625 0.010000 -0.008750 -0.020000
0 0.005625 0.010000 -0.008750 -0.020000
0 0.005625 0.010000 -0.008750 -0.020000
0 0.005625 0.010000 -0.008750 -0.020000
0 0.005625 0.010000 -0.008750 -0.020000
0 0.005625 0.010000 -0.008750 -0.020000
0 0.005625 0.010000 -0.008750 -0.020000
0 0.013125 0.022000 -0.023750 -0.044000
0 0.005625 0.010000 -0.008750 -0.020000
0 0.005625 0.010000 -0.008750 -0.020000
0 0.005625 0.010000 -0.008750 -0.020000
0 0.026875 0.049000 -0.051250 -0.098000
0 0.005625 0.010000 -0.008750 -0.020000
0 0.005625 0.010000 -0.008750 -0.020000
0 0.005625 0.010000 -0.008750 -0.020000
0 0.005625 0.010000 -0.008750 -0.020000
0 0.013125 0.023000 -0.023750 -0.046000
0 0.011875 0.019000 -0.021250 -0.038000
0 0.005625 0.010000 -0.008750 -0.020000
0 0.005625 0.010000 -0.008750 -0.020000
0 0.005625 0.010000 -0.008750 -0.020000
0 0.005625 0.010000 -0.008750 -0.020000
0 0.005625 0.010000 -0.008750 -0.020000
0 0.013125 0.023000 -0.023750 -0.046000
0 0.005625 0.010000 -0.008750 -0.020000
0 0.013125 0.022000 -0.023750 -0.044000
0 0.013125 0.023000 -0.023750 -0.046000
0 0.005625 0.010000 -0.008750 -0.020000
0 0.020625 0.047000 -0.038750 -0.094000
0 0.015000 0.027000 -0.027500 -0.054000
0 0.005625 0.010000 -0.008750 -0.020000
0 0.005625 0.010000 -0.008750 -0.020000
0 0.005625 0.010000 -0.008750 -0.020000
0 0.015000 0.027000 -0.027500 -0.054000
0 0.015000 0.027000 -0.027500 -0.054000
0 0.005625 0.010000 -0.008750 -0.020000
0 0.005625 0.010000 -0.008750 -0.020000
0 0.005625 0.010000 -0.008750 -0.020000
0 0.005625 0.010000 -0.008750 -0.020000
0 0.005625 0.010000 -0.008750 -0.020000
0 0.005625 0.010000 -0.008750 -0.020000
0 0.005625 0.010000 -0.008750 -0.020000
0 0.005625 0.010000 -0.008750 -0.020000
0 0.015000 0.027000 -0.027500 -0.054000
0 0.005625 0.010000 -0.008750 -0.020000
0 0.005625 0.010000 -0.008750 -0.020000
0 0.015000 0.027000 -0.027500 -0.054000
0 0.005625 0.010000 -0.008750 -0.020000
0 0.020625 0.047000 -0.038750 -0.094000
0 0.005625 0.010000 -0.008750 -0.020000
0 0.005625 0.010000 -0.008750 -0.020000
0 0.005625 0.010000 -0.008750 -0.020000
0 0.015000 0.027000 -0.027500 -0.054000
0 0.005625 0.010000 -0.008750 -0.020000
0 0.005625 0.010000 -0.008750 -0.020000
0 0.005625 0.010000 -0.008750 -0.020000
0 0.005625 0.010000 -0.008750 -0.020000
0 0.005625 0.010000 -0.008750 -0.020000
0 0.011875 0.019000 -0.021250 -0.038000
0 0.005625 0.010000 -0.008750 -0.020000
0 0.020625 0.047000 -0.038750 -0.094000