0 0.008789 0.006227 -0.016602 -0.012454
0 0.008789 0.006227 -0.016602 -0.012454
0 0.002686 0.005128 -0.004395 -0.010256
0 0.008789 0.007692 -0.016602 -0.015385
0 0.019043 0.040659 -0.037109 -0.081319
0 0.020508 0.034432 -0.040039 -0.068864
0 0.008789 0.006227 -0.016602 -0.012454
0 0.008789 0.006227 -0.016602 -0.012454
0 0.001709 0.002930 -0.002441 -0.005861
0 0.008789 0.006227 -0.016602 -0.012454
0 0.008789 0.006227 -0.016602 -0.012454
0 0.030518 0.089744 -0.060059 -0.179487
0 0.008789 0.006227 -0.016602 -0.012454
0 0.008789 0.006227 -0.016602 -0.012454
0 0.010742 0.020513 -0.020508 -0.041026
0 0.008789 0.007692 -0.016602 -0.015385
0 0.019043 0.031136 -0.037109 -0.062271
0 0.010498 0.021612 -0.020020 -0.043223
0 0.020508 0.034432 -0.040039 -0.068864
0 0.001709 0.002930 -0.002441 -0.005861
0 0.001709 0.002198 -0.002441 -0.004396
0 0.008789 0.007692 -0.016602 -0.015385
0 0.001709 0.002930 -0.002441 -0.005861
0 0.008789 0.007692 -0.016602 -0.015385
0 0.007324 0.015018 -0.013672 -0.030037
0 0.034424 0.080220 -0.067871 -0.160440
0 0.001709 0.002930 -0.002441 -0.005861
0 0.008789 0.006227 -0.016602 -0.012454
0 0.019775 0.023077 -0.038574 -0.046154
0 0.001709 0.002198 -0.002441 -0.004396
0 0.008789 0.007692 -0.016602 -0.015385
0 0.001709 0.002930 -0.002441 -0.005861
0 0.020508 0.019780 -0.040039 -0.039560
0 0.001709 0.002198 -0.002441 -0.004396
0 0.004395 0.020147 -0.007812 -0.040293
0 0.008789 0.007692 -0.016602 -0.015385
0 0.019775 0.016117 -0.038574 -0.032234
0 0.011719 0.023077 -0.022461 -0.046154
0 0.001709 0.002198 -0.002441 -0.004396
0 0.008789 0.007692 -0.016602 -0.015385
0 0.039795 0.078755 -0.078613 -0.157509
0 0.008789 0.006227 -0.016602 -0.012454
0 0.008789 0.007692 -0.016602 -0.015385
0 0.009766 0.016484 -0.018555 -0.032967
0 0.008789 0.006227 -0.016602 -0.012454
0 0.008789 0.007692 -0.016602 -0.015385
0 0.001709 0.002930 -0.002441 -0.005861
0 0.008789 0.006227 -0.016602 -0.012454
0 0.008789 0.007692 -0.016602 -0.015385
0 0.008789 0.007692 -0.016602 -0.015385
0 0.008789 0.006227 -0.016602 -0.012454
0 0.001709 0.002930 -0.002441 -0.005861
0 0.007080 0.015018 -0.013184 -0.030037
0 0.008789 0.007692 -0.016602 -0.015385
0 0.002686 0.005128 -0.004395 -0.010256
0 0.008789 0.006227 -0.016602 -0.012454
0 0.001709 0.002198 -0.002441 -0.004396
0 0.008789 0.007692 -0.016602 -0.015385
0 0.008789 0.006227 -0.016602 -0.012454
0 0.008789 0.006227 -0.016602 -0.012454
0 0.008789 0.006227 -0.016602 -0.012454
0 0.001709 0.002198 -0.002441 -0.004396
0 0.008789 0.007692 -0.016602 -0.015385
0 0.008789 0.006227 -0.016602 -0.012454
0 0.007324 0.015018 -0.013672 -0.030037
0 0.008789 0.006227 -0.016602 -0.012454
0 0.016846 0.020513 -0.032715 -0.041026
0 0.012939 0.025641 -0.024902 -0.051282
0 0.001709 0.002198 -0.002441 -0.004396
0 0.040771 0.091941 -0.080566 -0.183883
0 0.001709 0.002198 -0.002441 -0.004396
0 0.008789 0.006227 -0.016602 -0.012454
0 0.008789 0.006227 -0.016602 -0.012454
0 0.008789 0.007692 -0.016602 -0.015385
0 0.001709 0.002930 -0.002441 -0.005861
0 0.023438 0.050549 -0.045898 -0.101099
0 0.008789 0.007692 -0.016602 -0.015385
0 0.001709 0.002198 -0.002441 -0.004396
0 0.008789 0.006227 -0.016602 -0.012454
0 0.025146 0.041026 -0.049316 -0.082051
0 0.011963 0.016117 -0.022949 -0.032234
0 0.008789 0.007692 -0.016602 -0.015385
0 0.001709 0.002198 -0.002441 -0.004396
0 0.009033 0.014286 -0.017090 -0.028571
0 0.007568 0.017582 -0.014160 -0.035165
0 0.008789 0.007692 -0.016602 -0.015385
0 0.008789 0.007692 -0.016602 -0.015385
0 0.001709 0.002930 -0.002441 -0.005861
0 0.008789 0.006227 -0.016602 -0.012454
0 0.017090 0.030037 -0.033203 -0.060073
0 0.001709 0.002930 -0.002441 -0.005861
0 0.008545 0.015018 -0.016113 -0.030037
0 0.008789 0.006227 -0.016602 -0.012454
0 0.021484 0.054945 -0.041992 -0.109890
0 0.001709 0.002198 -0.002441 -0.004396
0 0.008789 0.007692 -0.016602 -0.015385
0 0.018066 0.024542 -0.035156 -0.049084
0 0.008789 0.006227 -0.016602 -0.012454
0 0.006836 0.010623 -0.012695 -0.021245
0 0.047119 0.091575 -0.093262 -0.183150
0 0.001709 0.002198 -0.002441 -0.004396
0 0.008789 0.006227 -0.016602 -0.012454
0 0.008789 0.006227 -0.016602 -0.012454
0 0.001709 0.002930 -0.002441 -0.005861
0 0.002686 0.002564 -0.004395 -0.005128
0 0.001709 0.002930 -0.002441 -0.005861
0 0.008789 0.007692 -0.016602 -0.015385
0 0.012695 0.021612 -0.024414 -0.043223
0 0.008789 0.007692 -0.016602 -0.015385
0 0.008789 0.007692 -0.016602 -0.015385
0 0.011475 0.018681 -0.021973 -0.037363
0 0.001709 0.002930 -0.002441 -0.005861
0 0.027344 0.039194 -0.053711 -0.078388