0 0.006771 0.012500 -0.012500 -0.025000
0 0.006771 0.012500 -0.012500 -0.025000
0 0.010677 0.024537 -0.020313 -0.049074
0 0.004687 0.009259 -0.008333 -0.018519
0 0.006771 0.012500 -0.012500 -0.025000
0 0.008073 0.015741 -0.015104 -0.031481
0 0.007552 0.029167 -0.014063 -0.058333
0 0.010677 0.024537 -0.020313 -0.049074
0 0.006771 0.012500 -0.012500 -0.025000
0 0.010677 0.024537 -0.020313 -0.049074
0 0.008073 0.015741 -0.015104 -0.031481
0 0.008073 0.015741 -0.015104 -0.031481
0 0.006771 0.012500 -0.012500 -0.025000
0 0.008073 0.015741 -0.015104 -0.031481
0 0.006771 0.012500 -0.012500 -0.025000
0 0.004687 0.009259 -0.008333 -0.018519
0 0.004687 0.009259 -0.008333 -0.018519
0 0.010677 0.024537 -0.020313 -0.049074
0 0.009635 0.018981 -0.018229 -0.037963
0 0.006771 0.012500 -0.012500 -0.025000
0 0.004687 0.009259 -0.008333 -0.018519
0 0.004687 0.009259 -0.008333 -0.018519
0 0.006771 0.012500 -0.012500 -0.025000
0 0.004687 0.009259 -0.008333 -0.018519
0 0.008073 0.015741 -0.015104 -0.031481
0 0.004687 0.009259 -0.008333 -0.018519
0 0.008073 0.015741 -0.015104 -0.031481
0 0.009635 0.015741 -0.018229 -0.031481
0 0.004687 0.009259 -0.008333 -0.018519
0 0.004687 0.009259 -0.008333 -0.018519
0 0.006771 0.012500 -0.012500 -0.025000
0 0.004687 0.009259 -0.008333 -0.018519
0 0.009635 0.018981 -0.018229 -0.037963
0 0.008073 0.015741 -0.015104 -0.031481
0 0.008073 0.015741 -0.015104 -0.031481
0 0.004687 0.009259 -0.008333 -0.018519
0 0.003385 0.006481 -0.005729 -0.012963
0 0.006771 0.012500 -0.012500 -0.025000
0 0.004687 0.009259 -0.008333 -0.018519
0 0.006771 0.012500 -0.012500 -0.025000
0 0.006771 0.012500 -0.012500 -0.025000
0 0.004687 0.009259 -0.008333 -0.018519
0 0.010677 0.024537 -0.020313 -0.049074
0 0.010677 0.024537 -0.020313 -0.049074
0 0.004687 0.009259 -0.008333 -0.018519
0 0.010677 0.024537 -0.020313 -0.049074
0 0.006771 0.012500 -0.012500 -0.025000
0 0.004687 0.009259 -0.008333 -0.018519
0 0.010677 0.029167 -0.020313 -0.058333
0 0.010677 0.024537 -0.020313 -0.049074
0 0.006771 0.012500 -0.012500 -0.025000
0 0.010677 0.029167 -0.020313 -0.058333
0 0.004687 0.009259 -0.008333 -0.018519
0 0.008073 0.015741 -0.015104 -0.031481
0 0.010677 0.024537 -0.020313 -0.049074
0 0.008073 0.015741 -0.015104 -0.031481
0 0.010677 0.024537 -0.020313 -0.049074
0 0.006771 0.012500 -0.012500 -0.025000
0 0.008073 0.015741 -0.015104 -0.031481
0 0.006771 0.012500 -0.012500 -0.025000
0 0.009635 0.018981 -0.018229 -0.037963
0 0.010677 0.029167 -0.020313 -0.058333
0 0.010677 0.024537 -0.020313 -0.049074
0 0.006771 0.012500 -0.012500 -0.025000
0 0.004687 0.009259 -0.008333 -0.018519
0 0.004687 0.009259 -0.008333 -0.018519
0 0.006771 0.012500 -0.012500 -0.025000
0 0.010677 0.024537 -0.020313 -0.049074
0 0.006771 0.012500 -0.012500 -0.025000
0 0.006771 0.012500 -0.012500 -0.025000
0 0.006771 0.012500 -0.012500 -0.025000
0 0.006771 0.012500 -0.012500 -0.025000
0 0.006771 0.012500 -0.012500 -0.025000
0 0.010677 0.024537 -0.020313 -0.049074
0 0.011458 0.023148 -0.021875 -0.046296
0 0.010677 0.029167 -0.020313 -0.058333
0 0.010677 0.024537 -0.020313 -0.049074
0 0.004687 0.009259 -0.008333 -0.018519
0 0.006771 0.012500 -0.012500 -0.025000
0 0.007552 0.014352 -0.014063 -0.028704
0 0.008073 0.015741 -0.015104 -0.031481
0 0.006771 0.012500 -0.012500 -0.025000
0 0.008073 0.015741 -0.015104 -0.031481
0 0.004687 0.009259 -0.008333 -0.018519
0 0.008073 0.015741 -0.015104 -0.031481
0 0.006771 0.012500 -0.012500 -0.025000
0 0.004687 0.009259 -0.008333 -0.018519
0 0.004687 0.009259 -0.008333 -0.018519
0 0.008854 0.024537 -0.016667 -0.049074
0 0.004687 0.009259 -0.008333 -0.018519
0 0.007552 0.014352 -0.014063 -0.028704
0 0.010677 0.024537 -0.020313 -0.049074
0 0.010677 0.024537 -0.020313 -0.049074
0 0.004687 0.009259 -0.008333 -0.018519
0 0.010677 0.024537 -0.020313 -0.049074
0 0.008073 0.015741 -0.015104 -0.031481
0 0.010677 0.024537 -0.020313 -0.049074
0 0.004687 0.009259 -0.008333 -0.018519
0 0.008073 0.015741 -0.015104 -0.031481
0 0.006771 0.012500 -0.012500 -0.025000
0 0.004687 0.009259 -0.008333 -0.018519
0 0.006771 0.012500 -0.012500 -0.025000
0 0.004687 0.009259 -0.008333 -0.018519
0 0.006771 0.012500 -0.012500 -0.025000
0 0.004687 0.009259 -0.008333 -0.018519
0 0.004687 0.009259 -0.008333 -0.018519
0 0.008073 0.015741 -0.015104 -0.031481
0 0.006771 0.012500 -0.012500 -0.025000
0 0.006771 0.012500 -0.012500 -0.025000
0 0.008073 0.015741 -0.015104 -0.031481
0 0.004687 0.009259 -0.008333 -0.018519
0 0.008073 0.015741 -0.015104 -0.031481
0 0.011458 0.015741 -0.021875 -0.031481
0 0.008073 0.015741 -0.015104 -0.031481
0 0.008073 0.015741 -0.015104 -0.031481
0 0.004687 0.009259 -0.008333 -0.018519
0 0.010677 0.024537 -0.020313 -0.049074
0 0.006771 0.012500 -0.012500 -0.025000
0 0.004687 0.009259 -0.008333 -0.018519
0 0.006771 0.012500 -0.012500 -0.025000
0 0.010677 0.024537 -0.020313 -0.049074
0 0.004687 0.009259 -0.008333 -0.018519
0 0.010677 0.024537 -0.020313 -0.049074
0 0.004687 0.009259 -0.008333 -0.018519
0 0.006771 0.012500 -0.012500 -0.025000
0 0.004687 0.009259 -0.008333 -0.018519
0 0.006771 0.012500 -0.012500 -0.025000
0 0.004687 0.009259 -0.008333 -0.018519
0 0.011458 0.015741 -0.021875 -0.031481
0 0.008073 0.015741 -0.015104 -0.031481
0 0.011458 0.015741 -0.021875 -0.031481
0 0.004687 0.009259 -0.008333 -0.018519