0 0.012500 0.018627 -0.022059 -0.037255
0 0.004412 0.006863 -0.005882 -0.013725
0 0.012500 0.018627 -0.022059 -0.037255
0 0.012500 0.018627 -0.022059 -0.037255
0 0.012500 0.018627 -0.022059 -0.037255
0 0.012500 0.018627 -0.022059 -0.037255
0 0.019853 0.024510 -0.036765 -0.049020
0 0.012500 0.018627 -0.022059 -0.037255
0 0.016176 0.022549 -0.029412 -0.045098
0 0.012500 0.018627 -0.022059 -0.037255
0 0.012500 0.018627 -0.022059 -0.037255
0 0.012500 0.018627 -0.022059 -0.037255
0 0.012500 0.018627 -0.022059 -0.037255
0 0.017647 0.025490 -0.032353 -0.050980
0 0.022059 0.034314 -0.041176 -0.068627
0 0.022059 0.034314 -0.041176 -0.068627
0 0.012500 0.018627 -0.022059 -0.037255
0 0.005147 0.008824 -0.007353 -0.017647
0 0.004412 0.006863 -0.005882 -0.013725
0 0.019853 0.024510 -0.036765 -0.049020
0 0.004412 0.006863 -0.005882 -0.013725
0 0.012500 0.018627 -0.022059 -0.037255
0 0.004412 0.006863 -0.005882 -0.013725
0 0.012500 0.018627 -0.022059 -0.037255
0 0.012500 0.018627 -0.022059 -0.037255
0 0.012500 0.018627 -0.022059 -0.037255
0 0.012500 0.018627 -0.022059 -0.037255