0 0.010127 0.020399 -0.019869 -0.040220
0 0.009356 0.017216 -0.018326 -0.033854
0 0.010127 0.020399 -0.019869 -0.040220
0 0.025367 0.052807 -0.050347 -0.105613
0 0.032793 0.064091 -0.065201 -0.128183
0 0.029803 0.056279 -0.059221 -0.112558
0 0.028260 0.063368 -0.056134 -0.126736
0 0.011863 0.021123 -0.023341 -0.041667
0 0.010127 0.020399 -0.019869 -0.040220
0 0.025849 0.048611 -0.051312 -0.097222
0 0.010127 0.020399 -0.019869 -0.040220
0 0.028260 0.063368 -0.056134 -0.126736
0 0.028260 0.063368 -0.056134 -0.126736
0 0.022859 0.039497 -0.045332 -0.078993
0 0.023438 0.040943 -0.046489 -0.081887
0 0.027971 0.045573 -0.055556 -0.091146
0 0.023438 0.040943 -0.046489 -0.081887
0 0.023438 0.040943 -0.046489 -0.081887