0 0.003438 0.007440 -0.006250 -0.014881
0 0.002500 0.007440 -0.004375 -0.014881
0 0.003438 0.007440 -0.006250 -0.014881
0 0.002500 0.006250 -0.004375 -0.012500
0 0.002500 0.006250 -0.004375 -0.012500
0 0.004687 0.012798 -0.008750 -0.025595
0 0.004687 0.012798 -0.008750 -0.025595
0 0.003438 0.007440 -0.006250 -0.014881
0 0.004844 0.012202 -0.009062 -0.024405
0 0.003438 0.007440 -0.006250 -0.014881
0 0.012188 0.022619 -0.023750 -0.045238
0 0.003438 0.007440 -0.006250 -0.014881
0 0.012188 0.022619 -0.023750 -0.045238
0 0.003438 0.007440 -0.006250 -0.014881
0 0.004687 0.012798 -0.008750 -0.025595
0 0.003438 0.007143 -0.006250 -0.014286
0 0.002500 0.006250 -0.004375 -0.012500
0 0.004844 0.012202 -0.009062 -0.024405
0 0.003438 0.006250 -0.006250 -0.012500
0 0.002500 0.007440 -0.004375 -0.014881
0 0.002500 0.006250 -0.004375 -0.012500
0 0.004063 0.007738 -0.007500 -0.015476
0 0.003438 0.007440 -0.006250 -0.014881
0 0.006250 0.014881 -0.011875 -0.029762
0 0.002500 0.006250 -0.004375 -0.012500
0 0.003438 0.007440 -0.006250 -0.014881
0 0.003438 0.006250 -0.006250 -0.012500
0 0.003438 0.006250 -0.006250 -0.012500
0 0.002500 0.006250 -0.004375 -0.012500
0 0.003438 0.006845 -0.006250 -0.013690
0 0.004687 0.012798 -0.008750 -0.025595
0 0.002500 0.007440 -0.004375 -0.014881
0 0.002500 0.006250 -0.004375 -0.012500
0 0.003438 0.007440 -0.006250 -0.014881
0 0.003438 0.006250 -0.006250 -0.012500
0 0.004063 0.009821 -0.007500 -0.019643
0 0.004687 0.012798 -0.008750 -0.025595
0 0.006250 0.012500 -0.011875 -0.025000