0 0.007283 0.011620 -0.013655 -0.021873
0 0.007283 0.011620 -0.013655 -0.021873
0 0.004779 0.007861 -0.008648 -0.014354
0 0.020482 0.031442 -0.040055 -0.062884
0 0.020710 0.031442 -0.039599 -0.062884
0 0.007283 0.011620 -0.013655 -0.021873
0 0.007283 0.011620 -0.013655 -0.021873
0 0.020710 0.031442 -0.039599 -0.062884
0 0.004779 0.007861 -0.008648 -0.014354
0 0.007283 0.011620 -0.013655 -0.021873
0 0.033682 0.062201 -0.066454 -0.123035
0 0.007283 0.011620 -0.013655 -0.021873
0 0.020710 0.031442 -0.039599 -0.062884
0 0.010696 0.017088 -0.020482 -0.032809
0 0.007283 0.011620 -0.013655 -0.021873
0 0.007283 0.011620 -0.013655 -0.021873
0 0.020710 0.031442 -0.039599 -0.062884
0 0.004779 0.007861 -0.008648 -0.014354
0 0.004779 0.007861 -0.008648 -0.014354
0 0.020482 0.031442 -0.040055 -0.062884
0 0.017069 0.029050 -0.033227 -0.058100
0 0.004779 0.007861 -0.008648 -0.014354
0 0.010696 0.016746 -0.020482 -0.033493
0 0.004779 0.007861 -0.008648 -0.014354
0 0.005007 0.007861 -0.008193 -0.014354
0 0.020482 0.031442 -0.040055 -0.062884
0 0.004779 0.007861 -0.008648 -0.014354
0 0.007283 0.011620 -0.013655 -0.021873
0 0.033682 0.061859 -0.066454 -0.123718
0 0.020482 0.031442 -0.040055 -0.062884
0 0.020482 0.031442 -0.040055 -0.062884
0 0.004779 0.007861 -0.008648 -0.014354
0 0.004779 0.007861 -0.008648 -0.014354
0 0.007283 0.011620 -0.013655 -0.021873
0 0.010696 0.017088 -0.020482 -0.032809
0 0.007283 0.011620 -0.013655 -0.021873
0 0.004779 0.007861 -0.008648 -0.014354
0 0.007283 0.011620 -0.013655 -0.021873
0 0.010696 0.017088 -0.020482 -0.032809
0 0.020710 0.031442 -0.039599 -0.062884
0 0.010696 0.017088 -0.020482 -0.032809
0 0.004779 0.007861 -0.008648 -0.014354
0 0.007283 0.011620 -0.013655 -0.021873
0 0.004779 0.007861 -0.008648 -0.014354
0 0.020482 0.031442 -0.040055 -0.062884
0 0.004779 0.007861 -0.008648 -0.014354
0 0.004096 0.007519 -0.007283 -0.013671
0 0.020710 0.031442 -0.039599 -0.062884
0 0.010924 0.016746 -0.020027 -0.033493
0 0.004779 0.007861 -0.008648 -0.014354
0 0.007283 0.011620 -0.013655 -0.021873
0 0.020710 0.031442 -0.039599 -0.062884
0 0.003186 0.006494 -0.005462 -0.011620
0 0.010924 0.017088 -0.020027 -0.032809
0 0.007283 0.011620 -0.013655 -0.021873
0 0.020710 0.031442 -0.039599 -0.062884
0 0.020482 0.031442 -0.040055 -0.062884
0 0.020710 0.031442 -0.039599 -0.062884
0 0.007283 0.011620 -0.013655 -0.021873
0 0.010696 0.017088 -0.020482 -0.032809
0 0.020482 0.031442 -0.040055 -0.062884
0 0.010696 0.017088 -0.020482 -0.032809
0 0.007283 0.011620 -0.013655 -0.021873
0 0.020482 0.031442 -0.040055 -0.062884
0 0.004779 0.007861 -0.008648 -0.014354
0 0.010696 0.017088 -0.020482 -0.032809
0 0.007283 0.011620 -0.013655 -0.021873
0 0.004779 0.007861 -0.008648 -0.014354
0 0.010696 0.017088 -0.020482 -0.032809
0 0.020482 0.031442 -0.040055 -0.062884
0 0.020482 0.031442 -0.040055 -0.062884
0 0.007283 0.011620 -0.013655 -0.021873
0 0.004779 0.007861 -0.008648 -0.014354
0 0.033682 0.062201 -0.066454 -0.123035
0 0.004779 0.007861 -0.008648 -0.014354
0 0.010696 0.017088 -0.020482 -0.032809
0 0.003186 0.006494 -0.005462 -0.011620
0 0.007510 0.011620 -0.013200 -0.021873
0 0.004779 0.007861 -0.008648 -0.014354
0 0.020482 0.031784 -0.040055 -0.062201
0 0.007283 0.011620 -0.013655 -0.021873
0 0.010696 0.017088 -0.020482 -0.032809
0 0.020710 0.031442 -0.039599 -0.062884
0 0.004779 0.007861 -0.008648 -0.014354
0 0.007283 0.011620 -0.013655 -0.021873
0 0.007283 0.011620 -0.013655 -0.021873
0 0.020710 0.031784 -0.039599 -0.062201
0 0.010696 0.017088 -0.020482 -0.032809
0 0.007283 0.011620 -0.013655 -0.021873
0 0.007283 0.011620 -0.013655 -0.021873
0 0.033682 0.062201 -0.066454 -0.123035
0 0.010924 0.016746 -0.020027 -0.033493
0 0.010696 0.017088 -0.020482 -0.032809
0 0.064406 0.104580 -0.127902 -0.207792
0 0.020482 0.031442 -0.040055 -0.062884
0 0.004779 0.007861 -0.008648 -0.014354
0 0.004779 0.007861 -0.008648 -0.014354
0 0.007283 0.011620 -0.013655 -0.021873
0 0.007283 0.011620 -0.013655 -0.021873
0 0.020710 0.031442 -0.039599 -0.062884
0 0.010696 0.017088 -0.020482 -0.032809
0 0.020710 0.031442 -0.039599 -0.062884
0 0.007283 0.011620 -0.013655 -0.021873
0 0.004096 0.007519 -0.007283 -0.013671
0 0.010696 0.016746 -0.020482 -0.033493
0 0.020482 0.031442 -0.040055 -0.062884
0 0.007283 0.011620 -0.013655 -0.021873
0 0.010696 0.017088 -0.020482 -0.032809
0 0.007283 0.011620 -0.013655 -0.021873
0 0.007283 0.011620 -0.013655 -0.021873
0 0.020710 0.031442 -0.039599 -0.062884
0 0.004779 0.007861 -0.008648 -0.014354
0 0.007283 0.011620 -0.013655 -0.021873
0 0.007283 0.011620 -0.013655 -0.021873
0 0.004779 0.007861 -0.008648 -0.014354
0 0.007283 0.011620 -0.013655 -0.021873
0 0.020710 0.031442 -0.039599 -0.062884
0 0.010696 0.016746 -0.020482 -0.033493
0 0.007283 0.011620 -0.013655 -0.021873
0 0.004096 0.007177 -0.007283 -0.014354
0 0.007283 0.011620 -0.013655 -0.021873
0 0.020482 0.031442 -0.040055 -0.062884
0 0.007283 0.011620 -0.013655 -0.021873
0 0.004779 0.007861 -0.008648 -0.014354
0 0.010696 0.017088 -0.020482 -0.032809
0 0.007283 0.011620 -0.013655 -0.021873
0 0.007283 0.011620 -0.013655 -0.021873
0 0.004779 0.007861 -0.008648 -0.014354
0 0.010696 0.017088 -0.020482 -0.032809
0 0.020482 0.031442 -0.040055 -0.062884
0 0.010696 0.017088 -0.020482 -0.032809
0 0.004779 0.007861 -0.008648 -0.014354
0 0.010696 0.016746 -0.020482 -0.033493
0 0.020710 0.031442 -0.039599 -0.062884
0 0.010696 0.017088 -0.020482 -0.032809
0 0.004779 0.007861 -0.008648 -0.014354
0 0.007283 0.011620 -0.013655 -0.021873
0 0.007283 0.011620 -0.013655 -0.021873
0 0.004779 0.007861 -0.008648 -0.014354
0 0.020482 0.031442 -0.040055 -0.062884
0 0.007283 0.011620 -0.013655 -0.021873
0 0.020710 0.031442 -0.039599 -0.062884
0 0.004779 0.007861 -0.008648 -0.014354
0 0.020482 0.031784 -0.040055 -0.062201
0 0.064406 0.104580 -0.127902 -0.207792
0 0.007283 0.011620 -0.013655 -0.021873
0 0.010696 0.016746 -0.020482 -0.033493
0 0.007283 0.011620 -0.013655 -0.021873
0 0.010696 0.017088 -0.020482 -0.032809
0 0.007283 0.011620 -0.013655 -0.021873
0 0.004779 0.007861 -0.008648 -0.014354
0 0.033682 0.062201 -0.066454 -0.123035
0 0.010696 0.016746 -0.020482 -0.033493
0 0.005007 0.007861 -0.008193 -0.014354
0 0.017069 0.026316 -0.033227 -0.052632
0 0.020710 0.031442 -0.039599 -0.062884
0 0.020710 0.031442 -0.039599 -0.062884
0 0.010696 0.017088 -0.020482 -0.032809
0 0.004779 0.007861 -0.008648 -0.014354
0 0.004779 0.007861 -0.008648 -0.014354
0 0.004779 0.007861 -0.008648 -0.014354
0 0.020482 0.031442 -0.040055 -0.062884
0 0.007510 0.011620 -0.013200 -0.021873
0 0.007283 0.011620 -0.013655 -0.021873
0 0.003186 0.006494 -0.005462 -0.011620
0 0.020482 0.031442 -0.040055 -0.062884
0 0.004779 0.007861 -0.008648 -0.014354
0 0.007283 0.011620 -0.013655 -0.021873
0 0.004779 0.007861 -0.008648 -0.014354
0 0.004096 0.007519 -0.007283 -0.013671
0 0.007283 0.011620 -0.013655 -0.021873
0 0.004779 0.007861 -0.008648 -0.014354
0 0.020710 0.031784 -0.039599 -0.062201
0 0.033682 0.062201 -0.066454 -0.123035
0 0.004779 0.007861 -0.008648 -0.014354
0 0.010696 0.017088 -0.020482 -0.032809
0 0.007283 0.011620 -0.013655 -0.021873
0 0.007283 0.011620 -0.013655 -0.021873
0 0.020482 0.031442 -0.040055 -0.062884
0 0.033682 0.062201 -0.066454 -0.123035
0 0.020710 0.031442 -0.039599 -0.062884
0 0.004096 0.007519 -0.007283 -0.013671
0 0.004779 0.007861 -0.008648 -0.014354
0 0.004779 0.007861 -0.008648 -0.014354
0 0.020482 0.031442 -0.040055 -0.062884
0 0.004779 0.007861 -0.008648 -0.014354
0 0.004779 0.007861 -0.008648 -0.014354
0 0.020482 0.031442 -0.040055 -0.062884
0 0.007283 0.011620 -0.013655 -0.021873
0 0.010696 0.017088 -0.020482 -0.032809
0 0.004779 0.007861 -0.008648 -0.014354
0 0.007283 0.011620 -0.013655 -0.021873
0 0.004779 0.007861 -0.008648 -0.014354
0 0.004096 0.007519 -0.007283 -0.013671
0 0.064406 0.104580 -0.127902 -0.207792
0 0.007283 0.011620 -0.013655 -0.021873
0 0.004779 0.007861 -0.008648 -0.014354
0 0.010696 0.017088 -0.020482 -0.032809
0 0.004779 0.007861 -0.008648 -0.014354
0 0.010696 0.017088 -0.020482 -0.032809
0 0.020482 0.031442 -0.040055 -0.062884
0 0.010696 0.017088 -0.020482 -0.032809
0 0.020710 0.031442 -0.039599 -0.062884
0 0.004096 0.007519 -0.007283 -0.013671
0 0.020482 0.031442 -0.040055 -0.062884
0 0.007283 0.011620 -0.013655 -0.021873
0 0.004779 0.007861 -0.008648 -0.014354
0 0.010696 0.016746 -0.020482 -0.033493
0 0.004096 0.007519 -0.007283 -0.013671
0 0.007283 0.011620 -0.013655 -0.021873
0 0.004779 0.007861 -0.008648 -0.014354
0 0.007283 0.011620 -0.013655 -0.021873
0 0.007283 0.011620 -0.013655 -0.021873
0 0.020482 0.031442 -0.040055 -0.062884
0 0.004779 0.007861 -0.008648 -0.014354
0 0.007283 0.011620 -0.013655 -0.021873
0 0.010696 0.017088 -0.020482 -0.032809
0 0.007283 0.011620 -0.013655 -0.021873
0 0.020482 0.031442 -0.040055 -0.062884
0 0.004779 0.007861 -0.008648 -0.014354
0 0.004779 0.007861 -0.008648 -0.014354
0 0.004779 0.007861 -0.008648 -0.014354
0 0.020710 0.031442 -0.039599 -0.062884
0 0.007283 0.011620 -0.013655 -0.021873
0 0.020710 0.031442 -0.039599 -0.062884
0 0.007283 0.011620 -0.013655 -0.021873
0 0.007283 0.011620 -0.013655 -0.021873
0 0.020482 0.031784 -0.040055 -0.062201
0 0.064406 0.104580 -0.127902 -0.207792
0 0.020710 0.031442 -0.039599 -0.062884
0 0.020710 0.031442 -0.039599 -0.062884