0 0.014063 0.039359 -0.026042 -0.078717
0 0.015104 0.045190 -0.028125 -0.090379
0 0.013021 0.040816 -0.023958 -0.081633
0 0.014063 0.039359 -0.026042 -0.078717
0 0.017708 0.045190 -0.033333 -0.090379
0 0.017708 0.045190 -0.033333 -0.090379
0 0.013021 0.040816 -0.023958 -0.081633
0 0.017708 0.045190 -0.033333 -0.090379
0 0.015104 0.045190 -0.028125 -0.090379
0 0.015104 0.045190 -0.028125 -0.090379
0 0.015104 0.045190 -0.028125 -0.090379
0 0.014063 0.039359 -0.026042 -0.078717
0 0.017708 0.045190 -0.033333 -0.090379
0 0.014063 0.039359 -0.026042 -0.078717
0 0.014063 0.039359 -0.026042 -0.078717
0 0.014063 0.039359 -0.026042 -0.078717
0 0.013021 0.040816 -0.023958 -0.081633
0 0.017708 0.045190 -0.033333 -0.090379
0 0.013021 0.040816 -0.023958 -0.081633
0 0.014063 0.039359 -0.026042 -0.078717
0 0.014063 0.039359 -0.026042 -0.078717
0 0.015104 0.045190 -0.028125 -0.090379
0 0.013021 0.040816 -0.023958 -0.081633
0 0.015104 0.045190 -0.028125 -0.090379
0 0.017708 0.045190 -0.033333 -0.090379
0 0.014063 0.039359 -0.026042 -0.078717
0 0.014063 0.039359 -0.026042 -0.078717
0 0.014063 0.039359 -0.026042 -0.078717
0 0.015104 0.045190 -0.028125 -0.090379
0 0.015104 0.045190 -0.028125 -0.090379
0 0.017708 0.045190 -0.033333 -0.090379
0 0.015104 0.045190 -0.028125 -0.090379
0 0.013021 0.040816 -0.023958 -0.081633
0 0.015104 0.045190 -0.028125 -0.090379
0 0.014063 0.039359 -0.026042 -0.078717
0 0.015104 0.045190 -0.028125 -0.090379
0 0.015104 0.045190 -0.028125 -0.090379
0 0.014063 0.039359 -0.026042 -0.078717
0 0.017708 0.045190 -0.033333 -0.090379
0 0.014063 0.039359 -0.026042 -0.078717
0 0.017708 0.045190 -0.033333 -0.090379
0 0.014063 0.039359 -0.026042 -0.078717
0 0.013021 0.040816 -0.023958 -0.081633
0 0.014063 0.039359 -0.026042 -0.078717
0 0.015104 0.045190 -0.028125 -0.090379
0 0.013021 0.040816 -0.023958 -0.081633
0 0.014063 0.039359 -0.026042 -0.078717
0 0.013021 0.040816 -0.023958 -0.081633
0 0.014063 0.039359 -0.026042 -0.078717
0 0.015104 0.045190 -0.028125 -0.090379
0 0.015104 0.045190 -0.028125 -0.090379
0 0.014063 0.039359 -0.026042 -0.078717
0 0.015104 0.045190 -0.028125 -0.090379
0 0.013021 0.040816 -0.023958 -0.081633
0 0.013021 0.040816 -0.023958 -0.081633
0 0.014063 0.039359 -0.026042 -0.078717
0 0.017708 0.045190 -0.033333 -0.090379
0 0.017708 0.045190 -0.033333 -0.090379
0 0.015104 0.045190 -0.028125 -0.090379
0 0.017708 0.045190 -0.033333 -0.090379
0 0.014063 0.039359 -0.026042 -0.078717
0 0.015104 0.045190 -0.028125 -0.090379
0 0.015104 0.045190 -0.028125 -0.090379