0 0.016065 0.018486 -0.030370 -0.036972
0 0.009023 0.009977 -0.017165 -0.019953
0 0.011444 0.018486 -0.021127 -0.036972
0 0.013204 0.017899 -0.025528 -0.035798
0 0.007262 0.009977 -0.013644 -0.019953
0 0.011224 0.018486 -0.021567 -0.036972
0 0.007482 0.009977 -0.013204 -0.019953
0 0.015405 0.023181 -0.029930 -0.046362
0 0.007262 0.009977 -0.013644 -0.019953
0 0.009023 0.009977 -0.017165 -0.019953
0 0.013204 0.017899 -0.025528 -0.035798
0 0.012104 0.019073 -0.023327 -0.038146
0 0.007923 0.009683 -0.014085 -0.019366
0 0.009023 0.012617 -0.017165 -0.025235
0 0.007702 0.009683 -0.014525 -0.019366
0 0.016065 0.018486 -0.030370 -0.036972
0 0.015845 0.018486 -0.030810 -0.036972
0 0.015405 0.023181 -0.029930 -0.046362
0 0.009023 0.012617 -0.017165 -0.025235
0 0.015845 0.018486 -0.030810 -0.036972
0 0.007923 0.009683 -0.014085 -0.019366
0 0.007702 0.009683 -0.014525 -0.019366
0 0.015845 0.018486 -0.030810 -0.036972
0 0.025088 0.032570 -0.049296 -0.065141
0 0.015845 0.018486 -0.030810 -0.036972
0 0.013204 0.017899 -0.025528 -0.035798
0 0.030370 0.046362 -0.059859 -0.092723
0 0.013204 0.017899 -0.025528 -0.035798
0 0.013204 0.017899 -0.025528 -0.035798
0 0.009023 0.012617 -0.017165 -0.025235
0 0.012104 0.019073 -0.023327 -0.038146
0 0.007262 0.009977 -0.013644 -0.019953
0 0.015845 0.018486 -0.030810 -0.036972
0 0.009023 0.012617 -0.017165 -0.025235
0 0.009243 0.012617 -0.016725 -0.025235
0 0.011444 0.018486 -0.021127 -0.036972
0 0.015845 0.018486 -0.030810 -0.036972
0 0.016065 0.018486 -0.030370 -0.036972
0 0.015845 0.018486 -0.030810 -0.036972
0 0.011224 0.018486 -0.021567 -0.036972
0 0.016065 0.018486 -0.030370 -0.036972
0 0.007262 0.009977 -0.013644 -0.019953
0 0.016065 0.018486 -0.030370 -0.036972
0 0.008143 0.011150 -0.015405 -0.022300
0 0.009023 0.009977 -0.017165 -0.019953
0 0.009243 0.012617 -0.016725 -0.025235
0 0.013204 0.017899 -0.025528 -0.035798
0 0.018266 0.024648 -0.035651 -0.049296
0 0.009023 0.009977 -0.017165 -0.019953
0 0.007702 0.009683 -0.014525 -0.019366
0 0.011444 0.018486 -0.021127 -0.036972
0 0.016065 0.018486 -0.030370 -0.036972
0 0.009023 0.009977 -0.017165 -0.019953
0 0.015845 0.018486 -0.030810 -0.036972
0 0.025088 0.032570 -0.049296 -0.065141
0 0.015405 0.023181 -0.029930 -0.046362
0 0.012104 0.019073 -0.023327 -0.038146
0 0.011444 0.018486 -0.021127 -0.036972
0 0.007262 0.009977 -0.013644 -0.019953
0 0.011224 0.018486 -0.021567 -0.036972
0 0.016065 0.018486 -0.030370 -0.036972
0 0.012104 0.019073 -0.023327 -0.038146