0 0.010900 0.061475 -0.019905 -0.122951
0 0.003791 0.018443 -0.005687 -0.036885
0 0.003791 0.018443 -0.005687 -0.036885
0 0.003791 0.018443 -0.005687 -0.036885
0 0.007109 0.043033 -0.012322 -0.086066
0 0.016588 0.081967 -0.031280 -0.163934
0 0.016588 0.081967 -0.031280 -0.163934
0 0.003791 0.024590 -0.005687 -0.049180
0 0.005213 0.032787 -0.008531 -0.065574
0 0.010900 0.061475 -0.019905 -0.122951
0 0.003791 0.018443 -0.005687 -0.036885
0 0.003791 0.018443 -0.005687 -0.036885
0 0.003791 0.018443 -0.005687 -0.036885
0 0.003791 0.024590 -0.005687 -0.049180
0 0.010900 0.061475 -0.019905 -0.122951
0 0.003791 0.024590 -0.005687 -0.049180
0 0.003791 0.024590 -0.005687 -0.049180
0 0.003791 0.018443 -0.005687 -0.036885
0 0.003791 0.018443 -0.005687 -0.036885
0 0.010900 0.061475 -0.019905 -0.122951
0 0.003791 0.024590 -0.005687 -0.049180
0 0.003791 0.024590 -0.005687 -0.049180
0 0.003791 0.018443 -0.005687 -0.036885
0 0.003791 0.018443 -0.005687 -0.036885
0 0.010900 0.061475 -0.019905 -0.122951
0 0.003791 0.018443 -0.005687 -0.036885
0 0.010900 0.061475 -0.019905 -0.122951
0 0.003791 0.024590 -0.005687 -0.049180
0 0.011374 0.061475 -0.018957 -0.122951
0 0.003791 0.018443 -0.005687 -0.036885
0 0.012322 0.065574 -0.022749 -0.131148
0 0.003791 0.024590 -0.005687 -0.049180
0 0.003791 0.024590 -0.005687 -0.049180
0 0.010900 0.061475 -0.019905 -0.122951
0 0.003791 0.018443 -0.005687 -0.036885
0 0.003791 0.018443 -0.005687 -0.036885
0 0.010900 0.061475 -0.019905 -0.122951
0 0.003791 0.018443 -0.005687 -0.036885
0 0.003791 0.024590 -0.005687 -0.049180
0 0.010900 0.061475 -0.019905 -0.122951
0 0.003791 0.018443 -0.005687 -0.036885
0 0.010900 0.061475 -0.019905 -0.122951
0 0.003791 0.018443 -0.005687 -0.036885
0 0.003791 0.018443 -0.005687 -0.036885
0 0.003791 0.018443 -0.005687 -0.036885
0 0.010900 0.061475 -0.019905 -0.122951
0 0.007109 0.043033 -0.012322 -0.086066
0 0.010900 0.061475 -0.019905 -0.122951
0 0.003791 0.024590 -0.005687 -0.049180
0 0.003791 0.018443 -0.005687 -0.036885
0 0.003791 0.018443 -0.005687 -0.036885
0 0.010900 0.061475 -0.019905 -0.122951
0 0.003791 0.018443 -0.005687 -0.036885
0 0.003791 0.024590 -0.005687 -0.049180
0 0.003791 0.024590 -0.005687 -0.049180
0 0.003791 0.024590 -0.005687 -0.049180
0 0.003791 0.018443 -0.005687 -0.036885
0 0.003791 0.024590 -0.005687 -0.049180
0 0.003791 0.018443 -0.005687 -0.036885
0 0.003791 0.018443 -0.005687 -0.036885
0 0.003791 0.024590 -0.005687 -0.049180
0 0.003791 0.018443 -0.005687 -0.036885
0 0.003791 0.018443 -0.005687 -0.036885
0 0.011374 0.061475 -0.018957 -0.122951
0 0.003791 0.024590 -0.005687 -0.049180
0 0.003791 0.018443 -0.005687 -0.036885
0 0.003791 0.024590 -0.005687 -0.049180
0 0.003791 0.018443 -0.005687 -0.036885
0 0.003791 0.018443 -0.005687 -0.036885
0 0.010900 0.061475 -0.019905 -0.122951
0 0.003791 0.018443 -0.005687 -0.036885
0 0.003791 0.018443 -0.005687 -0.036885
0 0.010900 0.061475 -0.019905 -0.122951
0 0.003791 0.024590 -0.005687 -0.049180
0 0.003791 0.024590 -0.005687 -0.049180
0 0.010900 0.061475 -0.019905 -0.122951
0 0.003791 0.024590 -0.005687 -0.049180
0 0.003791 0.024590 -0.005687 -0.049180
0 0.010900 0.061475 -0.019905 -0.122951
0 0.010900 0.061475 -0.019905 -0.122951
0 0.003791 0.018443 -0.005687 -0.036885
0 0.003791 0.018443 -0.005687 -0.036885
0 0.003791 0.018443 -0.005687 -0.036885
0 0.003791 0.024590 -0.005687 -0.049180
0 0.003791 0.024590 -0.005687 -0.049180
0 0.010900 0.061475 -0.019905 -0.122951
0 0.016588 0.081967 -0.031280 -0.163934
0 0.003791 0.024590 -0.005687 -0.049180
0 0.003791 0.024590 -0.005687 -0.049180
0 0.010900 0.061475 -0.019905 -0.122951
0 0.003791 0.018443 -0.005687 -0.036885
0 0.003791 0.018443 -0.005687 -0.036885
0 0.003791 0.018443 -0.005687 -0.036885
0 0.003791 0.018443 -0.005687 -0.036885
0 0.003791 0.024590 -0.005687 -0.049180
0 0.003791 0.018443 -0.005687 -0.036885
0 0.016588 0.081967 -0.031280 -0.163934
0 0.010900 0.061475 -0.019905 -0.122951
0 0.003791 0.024590 -0.005687 -0.049180
0 0.003791 0.018443 -0.005687 -0.036885
0 0.003791 0.018443 -0.005687 -0.036885
0 0.012322 0.065574 -0.022749 -0.131148
0 0.003791 0.018443 -0.005687 -0.036885
0 0.010900 0.061475 -0.019905 -0.122951
0 0.011374 0.061475 -0.018957 -0.122951
0 0.003791 0.018443 -0.005687 -0.036885
0 0.003791 0.024590 -0.005687 -0.049180
0 0.003791 0.018443 -0.005687 -0.036885
0 0.003791 0.024590 -0.005687 -0.049180
0 0.003791 0.024590 -0.005687 -0.049180
0 0.003791 0.018443 -0.005687 -0.036885
0 0.010900 0.061475 -0.019905 -0.122951
0 0.010900 0.061475 -0.019905 -0.122951
0 0.003791 0.024590 -0.005687 -0.049180
0 0.010900 0.061475 -0.019905 -0.122951
0 0.003791 0.018443 -0.005687 -0.036885
0 0.016588 0.081967 -0.031280 -0.163934
0 0.003791 0.018443 -0.005687 -0.036885
0 0.003791 0.018443 -0.005687 -0.036885
0 0.003791 0.018443 -0.005687 -0.036885
0 0.010900 0.061475 -0.019905 -0.122951
0 0.010900 0.061475 -0.019905 -0.122951
0 0.003791 0.018443 -0.005687 -0.036885
0 0.010900 0.061475 -0.019905 -0.122951
0 0.003791 0.024590 -0.005687 -0.049180
0 0.003791 0.018443 -0.005687 -0.036885
0 0.010900 0.061475 -0.019905 -0.122951
0 0.003791 0.018443 -0.005687 -0.036885
0 0.003791 0.024590 -0.005687 -0.049180
0 0.003791 0.024590 -0.005687 -0.049180
0 0.003791 0.024590 -0.005687 -0.049180
0 0.003791 0.018443 -0.005687 -0.036885
0 0.016588 0.081967 -0.031280 -0.163934
0 0.003791 0.018443 -0.005687 -0.036885
0 0.003791 0.024590 -0.005687 -0.049180
0 0.003791 0.024590 -0.005687 -0.049180
0 0.016588 0.081967 -0.031280 -0.163934
0 0.003791 0.018443 -0.005687 -0.036885
0 0.003791 0.024590 -0.005687 -0.049180
0 0.003791 0.018443 -0.005687 -0.036885
0 0.011374 0.061475 -0.018957 -0.122951
0 0.010900 0.061475 -0.019905 -0.122951
0 0.016588 0.081967 -0.031280 -0.163934
0 0.003791 0.018443 -0.005687 -0.036885
0 0.003791 0.024590 -0.005687 -0.049180
0 0.005213 0.028689 -0.008531 -0.057377
0 0.003791 0.024590 -0.005687 -0.049180
0 0.003791 0.018443 -0.005687 -0.036885
0 0.003791 0.018443 -0.005687 -0.036885
0 0.003791 0.018443 -0.005687 -0.036885
0 0.003791 0.018443 -0.005687 -0.036885
0 0.010900 0.061475 -0.019905 -0.122951
0 0.003791 0.024590 -0.005687 -0.049180
0 0.003791 0.018443 -0.005687 -0.036885
0 0.003791 0.018443 -0.005687 -0.036885
0 0.003791 0.024590 -0.005687 -0.049180
0 0.003791 0.018443 -0.005687 -0.036885
0 0.010900 0.061475 -0.019905 -0.122951
0 0.003791 0.024590 -0.005687 -0.049180
0 0.003791 0.018443 -0.005687 -0.036885
0 0.011374 0.061475 -0.018957 -0.122951
0 0.003791 0.018443 -0.005687 -0.036885
0 0.016588 0.081967 -0.031280 -0.163934
0 0.003791 0.018443 -0.005687 -0.036885
0 0.003791 0.024590 -0.005687 -0.049180
0 0.010900 0.061475 -0.019905 -0.122951
0 0.003791 0.024590 -0.005687 -0.049180
0 0.016588 0.081967 -0.031280 -0.163934
0 0.003791 0.018443 -0.005687 -0.036885
0 0.003791 0.024590 -0.005687 -0.049180
0 0.016588 0.081967 -0.031280 -0.163934
0 0.003791 0.018443 -0.005687 -0.036885
0 0.003791 0.018443 -0.005687 -0.036885
0 0.003791 0.024590 -0.005687 -0.049180
0 0.003791 0.024590 -0.005687 -0.049180
0 0.003791 0.018443 -0.005687 -0.036885
0 0.003791 0.024590 -0.005687 -0.049180
0 0.010900 0.061475 -0.019905 -0.122951
0 0.003791 0.024590 -0.005687 -0.049180
0 0.011374 0.061475 -0.018957 -0.122951
0 0.007109 0.043033 -0.012322 -0.086066
0 0.004739 0.030738 -0.007583 -0.061475
0 0.003791 0.018443 -0.005687 -0.036885
0 0.010900 0.061475 -0.019905 -0.122951
0 0.003791 0.018443 -0.005687 -0.036885
0 0.003791 0.018443 -0.005687 -0.036885
0 0.003791 0.024590 -0.005687 -0.049180
0 0.003791 0.024590 -0.005687 -0.049180
0 0.003791 0.018443 -0.005687 -0.036885
0 0.010900 0.061475 -0.019905 -0.122951
0 0.003791 0.024590 -0.005687 -0.049180
0 0.010900 0.061475 -0.019905 -0.122951
0 0.003791 0.018443 -0.005687 -0.036885
0 0.003791 0.018443 -0.005687 -0.036885
0 0.010900 0.061475 -0.019905 -0.122951
0 0.003791 0.018443 -0.005687 -0.036885
0 0.010900 0.061475 -0.019905 -0.122951
0 0.010900 0.061475 -0.019905 -0.122951
0 0.003791 0.024590 -0.005687 -0.049180
0 0.003791 0.018443 -0.005687 -0.036885
0 0.003791 0.018443 -0.005687 -0.036885
0 0.016588 0.081967 -0.031280 -0.163934
0 0.003791 0.024590 -0.005687 -0.049180
0 0.011374 0.061475 -0.018957 -0.122951
0 0.003791 0.018443 -0.005687 -0.036885
0 0.003791 0.018443 -0.005687 -0.036885
0 0.003791 0.024590 -0.005687 -0.049180
0 0.010900 0.061475 -0.019905 -0.122951
0 0.003791 0.018443 -0.005687 -0.036885
0 0.003791 0.024590 -0.005687 -0.049180
0 0.003791 0.018443 -0.005687 -0.036885
0 0.003791 0.018443 -0.005687 -0.036885
0 0.003791 0.018443 -0.005687 -0.036885
0 0.003791 0.018443 -0.005687 -0.036885
0 0.003791 0.018443 -0.005687 -0.036885
0 0.003791 0.018443 -0.005687 -0.036885
0 0.003791 0.018443 -0.005687 -0.036885
0 0.003791 0.024590 -0.005687 -0.049180
0 0.003791 0.024590 -0.005687 -0.049180
0 0.016588 0.081967 -0.031280 -0.163934
0 0.003791 0.018443 -0.005687 -0.036885
0 0.003791 0.024590 -0.005687 -0.049180
0 0.003791 0.024590 -0.005687 -0.049180
0 0.003791 0.024590 -0.005687 -0.049180
0 0.003791 0.024590 -0.005687 -0.049180
0 0.003791 0.018443 -0.005687 -0.036885
0 0.003791 0.018443 -0.005687 -0.036885
0 0.010900 0.061475 -0.019905 -0.122951
0 0.003791 0.018443 -0.005687 -0.036885
0 0.011374 0.061475 -0.018957 -0.122951
0 0.010900 0.061475 -0.019905 -0.122951
0 0.010900 0.061475 -0.019905 -0.122951
0 0.010900 0.061475 -0.019905 -0.122951
0 0.003791 0.024590 -0.005687 -0.049180
0 0.003791 0.024590 -0.005687 -0.049180
0 0.010900 0.061475 -0.019905 -0.122951
0 0.010900 0.061475 -0.019905 -0.122951
0 0.003791 0.018443 -0.005687 -0.036885
0 0.010900 0.061475 -0.019905 -0.122951
0 0.003791 0.024590 -0.005687 -0.049180
0 0.010900 0.061475 -0.019905 -0.122951
0 0.003791 0.024590 -0.005687 -0.049180
0 0.003791 0.018443 -0.005687 -0.036885
0 0.003791 0.018443 -0.005687 -0.036885
0 0.003791 0.018443 -0.005687 -0.036885
0 0.016588 0.081967 -0.031280 -0.163934
0 0.010900 0.061475 -0.019905 -0.122951
0 0.003791 0.024590 -0.005687 -0.049180
0 0.003791 0.024590 -0.005687 -0.049180
0 0.003791 0.024590 -0.005687 -0.049180
0 0.010900 0.061475 -0.019905 -0.122951
0 0.003791 0.024590 -0.005687 -0.049180
0 0.010900 0.061475 -0.019905 -0.122951
0 0.003791 0.018443 -0.005687 -0.036885
0 0.003791 0.024590 -0.005687 -0.049180
0 0.003791 0.018443 -0.005687 -0.036885
0 0.010900 0.061475 -0.019905 -0.122951
0 0.003791 0.024590 -0.005687 -0.049180
0 0.010900 0.061475 -0.019905 -0.122951
0 0.003791 0.018443 -0.005687 -0.036885
0 0.003791 0.018443 -0.005687 -0.036885
0 0.010900 0.061475 -0.019905 -0.122951
0 0.003791 0.024590 -0.005687 -0.049180
0 0.003791 0.018443 -0.005687 -0.036885
0 0.003791 0.024590 -0.005687 -0.049180
0 0.003791 0.024590 -0.005687 -0.049180
0 0.003791 0.024590 -0.005687 -0.049180
0 0.010900 0.061475 -0.019905 -0.122951
0 0.003791 0.024590 -0.005687 -0.049180
0 0.003791 0.024590 -0.005687 -0.049180
0 0.003791 0.024590 -0.005687 -0.049180
0 0.010900 0.061475 -0.019905 -0.122951
0 0.010900 0.061475 -0.019905 -0.122951
0 0.003791 0.024590 -0.005687 -0.049180
0 0.003791 0.024590 -0.005687 -0.049180
0 0.003791 0.024590 -0.005687 -0.049180
0 0.007109 0.043033 -0.012322 -0.086066
0 0.003791 0.018443 -0.005687 -0.036885
0 0.003791 0.024590 -0.005687 -0.049180
0 0.003791 0.024590 -0.005687 -0.049180
0 0.011374 0.061475 -0.018957 -0.122951
0 0.003791 0.018443 -0.005687 -0.036885
0 0.011374 0.061475 -0.018957 -0.122951
0 0.010900 0.061475 -0.019905 -0.122951
0 0.010900 0.061475 -0.019905 -0.122951
0 0.003791 0.018443 -0.005687 -0.036885
0 0.010900 0.061475 -0.019905 -0.122951
0 0.003791 0.018443 -0.005687 -0.036885