0 0.005859 0.009115 -0.009766 -0.018229
0 0.005371 0.009766 -0.008789 -0.019531
0 0.007324 0.009766 -0.012695 -0.016927
0 0.007324 0.009766 -0.012695 -0.016927
0 0.007324 0.011068 -0.012695 -0.019531
0 0.003906 0.003906 -0.005859 -0.007812
0 0.007324 0.009115 -0.012695 -0.015625
0 0.005371 0.007161 -0.008789 -0.011719
0 0.005859 0.009115 -0.009766 -0.018229
0 0.006348 0.011719 -0.010742 -0.023438
0 0.004883 0.007161 -0.007812 -0.011719
0 0.007324 0.009766 -0.012695 -0.016927
0 0.006348 0.011719 -0.010742 -0.023438
0 0.008789 0.014974 -0.015625 -0.029948
0 0.006348 0.009115 -0.010742 -0.018229
0 0.004883 0.007161 -0.007812 -0.011719
0 0.003906 0.006510 -0.005859 -0.013021
0 0.003906 0.004557 -0.005859 -0.006510
0 0.007324 0.010417 -0.012695 -0.020833
0 0.007324 0.010417 -0.012695 -0.020833
0 0.007324 0.010417 -0.012695 -0.020833
0 0.003418 0.006510 -0.004883 -0.010417
0 0.004883 0.007161 -0.007812 -0.011719
0 0.007324 0.009766 -0.012695 -0.016927
0 0.007324 0.009766 -0.012695 -0.016927
0 0.004883 0.007161 -0.007812 -0.011719
0 0.007324 0.009766 -0.012695 -0.016927
0 0.003906 0.005859 -0.005859 -0.009115
0 0.007324 0.008464 -0.012695 -0.016927
0 0.007324 0.009115 -0.012695 -0.018229
0 0.004883 0.007161 -0.007812 -0.011719
0 0.005371 0.007161 -0.008789 -0.011719
0 0.003906 0.006510 -0.005859 -0.013021
0 0.004883 0.007161 -0.007812 -0.011719
0 0.007324 0.009766 -0.012695 -0.016927
0 0.007324 0.012370 -0.012695 -0.024740
0 0.007324 0.008464 -0.012695 -0.016927
0 0.020996 0.028646 -0.040039 -0.057292
0 0.010254 0.014974 -0.018555 -0.029948
0 0.004883 0.007161 -0.007812 -0.011719
0 0.007324 0.009766 -0.012695 -0.016927
0 0.007324 0.009766 -0.012695 -0.016927
0 0.007324 0.008464 -0.012695 -0.016927
0 0.006836 0.013672 -0.011719 -0.027344
0 0.005859 0.009766 -0.009766 -0.019531
0 0.007324 0.008464 -0.012695 -0.016927
0 0.006836 0.010417 -0.011719 -0.020833
0 0.007324 0.009766 -0.012695 -0.016927
0 0.007324 0.009115 -0.012695 -0.018229
0 0.003906 0.000000 -0.005859 0.000000
0 0.007324 0.011068 -0.012695 -0.019531
0 0.003906 0.004557 -0.005859 -0.006510
0 0.005371 0.007161 -0.008789 -0.011719
0 0.011719 0.017578 -0.021484 -0.035156
0 0.003906 0.005859 -0.005859 -0.009115
0 0.005859 0.009766 -0.009766 -0.019531
0 0.007324 0.009766 -0.012695 -0.016927
0 0.005859 0.009766 -0.009766 -0.019531
0 0.007324 0.012370 -0.012695 -0.024740
0 0.005371 0.007161 -0.008789 -0.011719
0 0.007324 0.012370 -0.012695 -0.024740
0 0.017090 0.020182 -0.032227 -0.040365
0 0.006348 0.011719 -0.010742 -0.023438
0 0.007324 0.009766 -0.012695 -0.016927
0 0.007324 0.009115 -0.012695 -0.018229
0 0.005371 0.009766 -0.008789 -0.019531
0 0.004883 0.007161 -0.007812 -0.011719
0 0.007324 0.009115 -0.012695 -0.018229
0 0.007324 0.011068 -0.012695 -0.019531
0 0.005859 0.009115 -0.009766 -0.018229
0 0.007324 0.009766 -0.012695 -0.016927
0 0.006836 0.010417 -0.011719 -0.020833
0 0.007324 0.009766 -0.012695 -0.016927
0 0.007324 0.011068 -0.012695 -0.019531
0 0.007324 0.009766 -0.012695 -0.016927
0 0.007324 0.010417 -0.012695 -0.020833
0 0.075195 0.104818 -0.148438 -0.207031
0 0.005371 0.007161 -0.008789 -0.011719
0 0.007324 0.010417 -0.012695 -0.020833
0 0.004883 0.007161 -0.007812 -0.011719
0 0.007324 0.009766 -0.012695 -0.016927
0 0.005859 0.009766 -0.009766 -0.019531
0 0.021973 0.027344 -0.041992 -0.054688
0 0.004883 0.007161 -0.007812 -0.011719
0 0.007324 0.008464 -0.012695 -0.016927
0 0.008789 0.014974 -0.015625 -0.029948
0 0.007324 0.011068 -0.012695 -0.019531
0 0.007324 0.009766 -0.012695 -0.016927
0 0.004883 0.007161 -0.007812 -0.011719
0 0.010254 0.014974 -0.018555 -0.029948
0 0.003906 0.004557 -0.005859 -0.006510
0 0.005859 0.009766 -0.009766 -0.019531
0 0.007324 0.008464 -0.012695 -0.016927
0 0.007324 0.012370 -0.012695 -0.024740
0 0.005371 0.007161 -0.008789 -0.011719
0 0.007324 0.009766 -0.012695 -0.016927
0 0.003906 0.000651 -0.005859 0.001302
0 0.003906 0.000000 -0.005859 0.000000
0 0.007324 0.011068 -0.012695 -0.019531
0 0.004883 0.007161 -0.007812 -0.011719
0 0.007324 0.009766 -0.012695 -0.016927
0 0.007812 0.011068 -0.011719 -0.019531
0 0.005859 0.009115 -0.009766 -0.018229
0 0.007324 0.009766 -0.012695 -0.016927
0 0.007324 0.009115 -0.012695 -0.018229
0 0.003906 0.005859 -0.005859 -0.009115
0 0.005371 0.007161 -0.008789 -0.011719
0 0.008789 0.014974 -0.015625 -0.029948
0 0.007324 0.009766 -0.012695 -0.016927
0 0.003906 0.000000 -0.005859 0.000000
0 0.006348 0.011719 -0.010742 -0.023438
0 0.007324 0.009766 -0.012695 -0.016927
0 0.004883 0.007161 -0.007812 -0.011719
0 0.005859 0.009115 -0.009766 -0.018229
0 0.007324 0.012370 -0.012695 -0.024740
0 0.007324 0.011068 -0.012695 -0.019531
0 0.005371 0.007161 -0.008789 -0.011719
0 0.009766 0.010417 -0.017578 -0.020833
0 0.005371 0.007161 -0.008789 -0.011719
0 0.006348 0.009115 -0.010742 -0.018229
0 0.007324 0.010417 -0.012695 -0.020833
0 0.007324 0.012370 -0.012695 -0.024740
0 0.007324 0.009115 -0.012695 -0.015625
0 0.007324 0.009766 -0.012695 -0.016927
0 0.014160 0.022135 -0.026367 -0.044271
0 0.003906 0.003906 -0.005859 -0.007812
0 0.005371 0.007161 -0.008789 -0.011719
0 0.004883 0.005859 -0.007812 -0.011719
0 0.004883 0.007161 -0.007812 -0.011719
0 0.005371 0.007161 -0.008789 -0.011719
0 0.007324 0.012370 -0.012695 -0.024740
0 0.003906 0.000651 -0.005859 0.001302
0 0.004883 0.007161 -0.007812 -0.011719
0 0.003906 0.003906 -0.005859 -0.007812
0 0.003906 0.004557 -0.005859 -0.006510
0 0.007324 0.012370 -0.012695 -0.024740
0 0.007324 0.011068 -0.012695 -0.019531
0 0.004883 0.006510 -0.007812 -0.013021
0 0.003906 0.003906 -0.005859 -0.007812
0 0.007324 0.009115 -0.012695 -0.018229
0 0.007324 0.011068 -0.012695 -0.019531
0 0.003418 0.005859 -0.004883 -0.011719
0 0.007324 0.010417 -0.012695 -0.020833
0 0.007324 0.008464 -0.012695 -0.016927
0 0.006348 0.009115 -0.010742 -0.018229
0 0.007324 0.009766 -0.012695 -0.016927
0 0.007324 0.010417 -0.012695 -0.020833
0 0.004883 0.007161 -0.007812 -0.011719
0 0.005371 0.007161 -0.008789 -0.011719
0 0.003906 0.003906 -0.005859 -0.007812
0 0.007324 0.010417 -0.012695 -0.020833
0 0.003906 0.003906 -0.005859 -0.007812
0 0.010254 0.014974 -0.018555 -0.029948
0 0.004883 0.007161 -0.007812 -0.011719
0 0.005859 0.009766 -0.009766 -0.019531
0 0.007324 0.008464 -0.012695 -0.016927
0 0.008789 0.014974 -0.015625 -0.029948
0 0.006836 0.013672 -0.011719 -0.027344
0 0.009766 0.010417 -0.017578 -0.020833
0 0.007324 0.008464 -0.012695 -0.016927
0 0.007324 0.010417 -0.012695 -0.020833
0 0.005371 0.007161 -0.008789 -0.011719
0 0.005371 0.007161 -0.008789 -0.011719
0 0.007324 0.011068 -0.012695 -0.019531
0 0.004883 0.007161 -0.007812 -0.011719
0 0.007324 0.012370 -0.012695 -0.024740
0 0.005859 0.009115 -0.009766 -0.018229
0 0.008789 0.014974 -0.015625 -0.029948
0 0.020996 0.028646 -0.040039 -0.057292
0 0.044922 0.072266 -0.087891 -0.144531
0 0.003418 0.006510 -0.004883 -0.010417
0 0.007324 0.009115 -0.012695 -0.018229
0 0.007324 0.009115 -0.012695 -0.015625
0 0.008789 0.014974 -0.015625 -0.029948
0 0.011719 0.017578 -0.021484 -0.035156
0 0.007324 0.012370 -0.012695 -0.024740
0 0.007324 0.009766 -0.012695 -0.016927
0 0.014160 0.022135 -0.026367 -0.044271
0 0.005859 0.009115 -0.009766 -0.018229
0 0.005371 0.007161 -0.008789 -0.011719
0 0.003906 0.003906 -0.005859 -0.007812
0 0.009766 0.010417 -0.017578 -0.020833
0 0.005371 0.009766 -0.008789 -0.019531
0 0.007324 0.011068 -0.012695 -0.019531
0 0.007324 0.009115 -0.012695 -0.018229
0 0.007324 0.011068 -0.012695 -0.019531
0 0.004883 0.007161 -0.007812 -0.011719
0 0.007324 0.009115 -0.012695 -0.015625
0 0.007324 0.011068 -0.012695 -0.019531
0 0.007324 0.009766 -0.012695 -0.016927
0 0.005371 0.007161 -0.008789 -0.011719
0 0.007324 0.008464 -0.012695 -0.016927
0 0.005371 0.007161 -0.008789 -0.011719
0 0.005371 0.007161 -0.008789 -0.011719
0 0.003906 0.003906 -0.005859 -0.007812
0 0.007324 0.009766 -0.012695 -0.019531
0 0.005859 0.009115 -0.009766 -0.018229
0 0.004883 0.007161 -0.007812 -0.011719
0 0.009277 0.013672 -0.016602 -0.027344
0 0.004883 0.006510 -0.007812 -0.013021
0 0.004883 0.007161 -0.007812 -0.011719
0 0.004883 0.007161 -0.007812 -0.011719
0 0.021973 0.027344 -0.041992 -0.054688
0 0.004883 0.007161 -0.007812 -0.011719
0 0.007324 0.009115 -0.012695 -0.018229
0 0.008789 0.014974 -0.015625 -0.029948
0 0.004883 0.007161 -0.007812 -0.011719
0 0.012695 0.026042 -0.023438 -0.052083
0 0.003906 0.003906 -0.005859 -0.007812
0 0.005859 0.009115 -0.009766 -0.018229
0 0.007324 0.009115 -0.012695 -0.018229
0 0.005859 0.009766 -0.009766 -0.016927
0 0.007324 0.009115 -0.012695 -0.015625
0 0.007324 0.010417 -0.012695 -0.020833
0 0.018555 0.031901 -0.035156 -0.063802
0 0.007324 0.009766 -0.012695 -0.016927
0 0.007812 0.011068 -0.011719 -0.019531
0 0.009277 0.013672 -0.016602 -0.027344
0 0.070801 0.038411 -0.139648 -0.076823
0 0.007324 0.009766 -0.012695 -0.016927
0 0.005859 0.009115 -0.009766 -0.018229
0 0.005859 0.009766 -0.009766 -0.019531
0 0.009277 0.013672 -0.016602 -0.027344
0 0.004883 0.007161 -0.007812 -0.011719
0 0.009277 0.013672 -0.016602 -0.027344
0 0.007324 0.010417 -0.012695 -0.020833
0 0.005859 0.009115 -0.009766 -0.018229
0 0.007324 0.011068 -0.012695 -0.019531
0 0.007324 0.011068 -0.012695 -0.019531
0 0.005859 0.009115 -0.009766 -0.018229
0 0.003906 0.003906 -0.005859 -0.007812
0 0.004883 0.003906 -0.007812 -0.007812
0 0.007324 0.008464 -0.012695 -0.016927
0 0.006348 0.009115 -0.010742 -0.018229
0 0.001953 0.003255 -0.001953 -0.006510
0 0.007324 0.009766 -0.012695 -0.019531