0 0.006250 0.011875 -0.010833 -0.021250
0 0.006250 0.011875 -0.010833 -0.021250
0 0.005000 0.007500 -0.008333 -0.012500
0 0.005000 0.007500 -0.008333 -0.012500
0 0.006250 0.011875 -0.010833 -0.021250
0 0.007917 0.013750 -0.014167 -0.025000
0 0.006250 0.011875 -0.010833 -0.021250
0 0.006250 0.011875 -0.010833 -0.021250
0 0.006250 0.011875 -0.010833 -0.021250
0 0.005000 0.007500 -0.008333 -0.012500
0 0.006250 0.011875 -0.010833 -0.021250
0 0.007917 0.013750 -0.014167 -0.025000
0 0.005000 0.007500 -0.008333 -0.012500
0 0.005000 0.007500 -0.008333 -0.012500
0 0.006250 0.011875 -0.010833 -0.021250
0 0.005000 0.007500 -0.008333 -0.012500
0 0.005000 0.007500 -0.008333 -0.012500
0 0.006250 0.011875 -0.010833 -0.021250
0 0.005000 0.007500 -0.008333 -0.012500
0 0.007917 0.013750 -0.014167 -0.025000
0 0.006250 0.011875 -0.010833 -0.021250
0 0.006250 0.011875 -0.010833 -0.021250
0 0.006250 0.011875 -0.010833 -0.021250
0 0.005000 0.007500 -0.008333 -0.012500
0 0.005000 0.007500 -0.008333 -0.012500
0 0.007917 0.013750 -0.014167 -0.025000
0 0.005000 0.007500 -0.008333 -0.012500
0 0.005000 0.007500 -0.008333 -0.012500
0 0.006250 0.011875 -0.010833 -0.021250
0 0.005000 0.007500 -0.008333 -0.012500
0 0.007917 0.013750 -0.014167 -0.025000
0 0.007917 0.013750 -0.014167 -0.025000
0 0.007917 0.013750 -0.014167 -0.025000
0 0.006250 0.011875 -0.010833 -0.021250
0 0.005000 0.007500 -0.008333 -0.012500
0 0.005000 0.007500 -0.008333 -0.012500
0 0.007917 0.013750 -0.014167 -0.025000
0 0.005000 0.007500 -0.008333 -0.012500
0 0.007917 0.013750 -0.014167 -0.025000
0 0.006250 0.011875 -0.010833 -0.021250
0 0.005000 0.007500 -0.008333 -0.012500
0 0.005000 0.007500 -0.008333 -0.012500
0 0.006250 0.011875 -0.010833 -0.021250
0 0.007917 0.013750 -0.014167 -0.025000
0 0.006250 0.011875 -0.010833 -0.021250
0 0.005000 0.007500 -0.008333 -0.012500
0 0.006250 0.011875 -0.010833 -0.021250
0 0.006250 0.011875 -0.010833 -0.021250
0 0.006250 0.011875 -0.010833 -0.021250
0 0.005000 0.007500 -0.008333 -0.012500
0 0.006250 0.011875 -0.010833 -0.021250
0 0.006250 0.011875 -0.010833 -0.021250
0 0.006250 0.011875 -0.010833 -0.021250
0 0.007917 0.013750 -0.014167 -0.025000
0 0.005000 0.007500 -0.008333 -0.012500
0 0.005000 0.007500 -0.008333 -0.012500
0 0.006250 0.011875 -0.010833 -0.021250
0 0.007917 0.013750 -0.014167 -0.025000
0 0.005000 0.007500 -0.008333 -0.012500
0 0.006250 0.011875 -0.010833 -0.021250
0 0.005000 0.007500 -0.008333 -0.012500
0 0.005417 0.009375 -0.009167 -0.016250
0 0.007917 0.013750 -0.014167 -0.025000
0 0.006250 0.011875 -0.010833 -0.021250
0 0.006250 0.011875 -0.010833 -0.021250
0 0.007917 0.013750 -0.014167 -0.025000
0 0.006250 0.011875 -0.010833 -0.021250
0 0.006250 0.011875 -0.010833 -0.021250
0 0.005000 0.007500 -0.008333 -0.012500
0 0.006250 0.011875 -0.010833 -0.021250
0 0.006250 0.011875 -0.010833 -0.021250
0 0.005000 0.007500 -0.008333 -0.012500
0 0.005000 0.007500 -0.008333 -0.012500
0 0.005000 0.007500 -0.008333 -0.012500
0 0.005000 0.007500 -0.008333 -0.012500
0 0.005000 0.007500 -0.008333 -0.012500
0 0.007917 0.013750 -0.014167 -0.025000
0 0.007917 0.013750 -0.014167 -0.025000
0 0.006250 0.011875 -0.010833 -0.021250
0 0.005000 0.007500 -0.008333 -0.012500
0 0.006250 0.011875 -0.010833 -0.021250
0 0.006250 0.011875 -0.010833 -0.021250
0 0.006250 0.011875 -0.010833 -0.021250
0 0.005000 0.007500 -0.008333 -0.012500
0 0.006250 0.011875 -0.010833 -0.021250
0 0.006250 0.011875 -0.010833 -0.021250
0 0.012917 0.030625 -0.024167 -0.058750
0 0.006250 0.011875 -0.010833 -0.021250
0 0.006250 0.011875 -0.010833 -0.021250
0 0.005000 0.007500 -0.008333 -0.012500
0 0.007917 0.013750 -0.014167 -0.025000
0 0.007917 0.013750 -0.014167 -0.025000
0 0.007917 0.013750 -0.014167 -0.025000
0 0.007917 0.013750 -0.014167 -0.025000
0 0.006250 0.011875 -0.010833 -0.021250
0 0.006250 0.011875 -0.010833 -0.021250
0 0.005000 0.007500 -0.008333 -0.012500
0 0.006250 0.011875 -0.010833 -0.021250
0 0.005000 0.007500 -0.008333 -0.012500
0 0.005000 0.007500 -0.008333 -0.012500
0 0.005000 0.007500 -0.008333 -0.012500
0 0.006250 0.011875 -0.010833 -0.021250
0 0.005000 0.007500 -0.008333 -0.012500
0 0.005000 0.007500 -0.008333 -0.012500
0 0.006250 0.011875 -0.010833 -0.021250
0 0.006250 0.011875 -0.010833 -0.021250
0 0.005000 0.007500 -0.008333 -0.012500
0 0.005000 0.007500 -0.008333 -0.012500
0 0.005000 0.007500 -0.008333 -0.012500
0 0.005000 0.007500 -0.008333 -0.012500
0 0.005000 0.007500 -0.008333 -0.012500
0 0.006250 0.011875 -0.010833 -0.021250
0 0.005000 0.007500 -0.008333 -0.012500
0 0.005000 0.007500 -0.008333 -0.012500
0 0.005000 0.007500 -0.008333 -0.012500
0 0.006250 0.011875 -0.010833 -0.021250
0 0.005000 0.007500 -0.008333 -0.012500
0 0.006250 0.011875 -0.010833 -0.021250
0 0.005000 0.007500 -0.008333 -0.012500
0 0.007917 0.013750 -0.014167 -0.025000
0 0.006250 0.011875 -0.010833 -0.021250
0 0.005000 0.007500 -0.008333 -0.012500
0 0.007917 0.013750 -0.014167 -0.025000
0 0.006250 0.011875 -0.010833 -0.021250
0 0.006250 0.011875 -0.010833 -0.021250
0 0.006250 0.011875 -0.010833 -0.021250
0 0.018333 0.027500 -0.035000 -0.052500
0 0.006250 0.011875 -0.010833 -0.021250
0 0.005000 0.007500 -0.008333 -0.012500
0 0.006250 0.011875 -0.010833 -0.021250
0 0.005000 0.007500 -0.008333 -0.012500
0 0.005000 0.007500 -0.008333 -0.012500
0 0.007917 0.013750 -0.014167 -0.025000
0 0.003750 0.005625 -0.005833 -0.008750
0 0.017083 0.027500 -0.032500 -0.052500
0 0.005000 0.007500 -0.008333 -0.012500
0 0.005000 0.007500 -0.008333 -0.012500
0 0.005000 0.007500 -0.008333 -0.012500
0 0.006250 0.011875 -0.010833 -0.021250
0 0.013750 0.029375 -0.025833 -0.056250
0 0.006250 0.011875 -0.010833 -0.021250
0 0.006250 0.011875 -0.010833 -0.021250
0 0.005000 0.007500 -0.008333 -0.012500
0 0.006250 0.011875 -0.010833 -0.021250
0 0.005000 0.007500 -0.008333 -0.012500
0 0.014167 0.027500 -0.026667 -0.052500
0 0.006250 0.011875 -0.010833 -0.021250
0 0.006250 0.011875 -0.010833 -0.021250
0 0.006250 0.011875 -0.010833 -0.021250
0 0.007917 0.013750 -0.014167 -0.025000
0 0.005000 0.007500 -0.008333 -0.012500
0 0.007917 0.013750 -0.014167 -0.025000
0 0.006250 0.011875 -0.010833 -0.021250
0 0.006250 0.011875 -0.010833 -0.021250
0 0.006250 0.011875 -0.010833 -0.021250
0 0.006250 0.011875 -0.010833 -0.021250
0 0.009583 0.029375 -0.017500 -0.056250
0 0.006250 0.011875 -0.010833 -0.021250
0 0.007917 0.013750 -0.014167 -0.025000
0 0.006250 0.011875 -0.010833 -0.021250
0 0.005000 0.007500 -0.008333 -0.012500
0 0.015417 0.021875 -0.029167 -0.041250
0 0.006250 0.011875 -0.010833 -0.021250
0 0.006250 0.011875 -0.010833 -0.021250
0 0.005000 0.007500 -0.008333 -0.012500
0 0.006250 0.011875 -0.010833 -0.021250
0 0.005000 0.007500 -0.008333 -0.012500
0 0.005000 0.007500 -0.008333 -0.012500
0 0.005000 0.007500 -0.008333 -0.012500
0 0.006250 0.011875 -0.010833 -0.021250
0 0.005000 0.007500 -0.008333 -0.012500
0 0.006250 0.011875 -0.010833 -0.021250
0 0.017083 0.027500 -0.032500 -0.052500
0 0.005000 0.007500 -0.008333 -0.012500
0 0.006250 0.011875 -0.010833 -0.021250
0 0.007917 0.013750 -0.014167 -0.025000
0 0.007917 0.013750 -0.014167 -0.025000
0 0.006250 0.011875 -0.010833 -0.021250
0 0.006250 0.011875 -0.010833 -0.021250
0 0.006250 0.011875 -0.010833 -0.021250
0 0.006250 0.011875 -0.010833 -0.021250
0 0.006250 0.011875 -0.010833 -0.021250
0 0.006250 0.011875 -0.010833 -0.021250
0 0.006250 0.011875 -0.010833 -0.021250
0 0.007917 0.013750 -0.014167 -0.025000
0 0.007917 0.013750 -0.014167 -0.025000
0 0.006250 0.011875 -0.010833 -0.021250
0 0.006250 0.011875 -0.010833 -0.021250
0 0.005000 0.007500 -0.008333 -0.012500
0 0.005000 0.007500 -0.008333 -0.012500
0 0.006250 0.011875 -0.010833 -0.021250
0 0.005000 0.007500 -0.008333 -0.012500
0 0.006250 0.011875 -0.010833 -0.021250
0 0.005000 0.007500 -0.008333 -0.012500
0 0.005000 0.007500 -0.008333 -0.012500
0 0.006250 0.011875 -0.010833 -0.021250
0 0.005000 0.007500 -0.008333 -0.012500
0 0.005000 0.007500 -0.008333 -0.012500
0 0.006250 0.011875 -0.010833 -0.021250
0 0.006250 0.011875 -0.010833 -0.021250
0 0.007917 0.013750 -0.014167 -0.025000
0 0.005000 0.007500 -0.008333 -0.012500
0 0.005000 0.007500 -0.008333 -0.012500
0 0.006250 0.011875 -0.010833 -0.021250
0 0.006250 0.011875 -0.010833 -0.021250
0 0.006250 0.011875 -0.010833 -0.021250
0 0.007917 0.013750 -0.014167 -0.025000
0 0.006250 0.011875 -0.010833 -0.021250
0 0.006250 0.011875 -0.010833 -0.021250
0 0.005000 0.007500 -0.008333 -0.012500
0 0.005000 0.007500 -0.008333 -0.012500
0 0.006250 0.011875 -0.010833 -0.021250
0 0.006250 0.011875 -0.010833 -0.021250
0 0.012917 0.026250 -0.024167 -0.050000
0 0.007917 0.013750 -0.014167 -0.025000
0 0.005000 0.007500 -0.008333 -0.012500
0 0.006250 0.011875 -0.010833 -0.021250
0 0.005000 0.007500 -0.008333 -0.012500
0 0.007917 0.013750 -0.014167 -0.025000
0 0.017083 0.027500 -0.032500 -0.052500
0 0.005000 0.007500 -0.008333 -0.012500