0 0.005078 0.013889 -0.008594 -0.025000
0 0.012500 0.027778 -0.023438 -0.055556
0 0.007422 0.017361 -0.013281 -0.031944
0 0.012500 0.027778 -0.023438 -0.055556
0 0.012500 0.027778 -0.023438 -0.055556
0 0.005078 0.013889 -0.008594 -0.025000
0 0.005078 0.013889 -0.008594 -0.025000
0 0.012500 0.027778 -0.023438 -0.055556
0 0.010156 0.020139 -0.018750 -0.040278
0 0.005078 0.013889 -0.008594 -0.025000
0 0.010156 0.020833 -0.018750 -0.038889
0 0.010156 0.020833 -0.018750 -0.038889
0 0.010156 0.020833 -0.018750 -0.038889
0 0.005078 0.013889 -0.008594 -0.025000
0 0.005078 0.013889 -0.008594 -0.025000
0 0.012500 0.027778 -0.023438 -0.055556
0 0.005078 0.013889 -0.008594 -0.025000
0 0.005469 0.013194 -0.009375 -0.023611
0 0.005078 0.013889 -0.008594 -0.025000
0 0.005078 0.013889 -0.008594 -0.025000
0 0.005078 0.013889 -0.008594 -0.025000
0 0.005078 0.013889 -0.008594 -0.025000
0 0.005078 0.013889 -0.008594 -0.025000
0 0.005078 0.013889 -0.008594 -0.025000
0 0.012500 0.027778 -0.023438 -0.055556
0 0.010156 0.020139 -0.018750 -0.040278
0 0.005078 0.013889 -0.008594 -0.025000
0 0.010156 0.020139 -0.018750 -0.040278
0 0.012500 0.027778 -0.023438 -0.055556
0 0.010156 0.020139 -0.018750 -0.040278
0 0.005078 0.013889 -0.008594 -0.025000
0 0.010156 0.020139 -0.018750 -0.040278
0 0.005078 0.013889 -0.008594 -0.025000
0 0.005078 0.013889 -0.008594 -0.025000
0 0.012500 0.027778 -0.023438 -0.055556
0 0.012500 0.027778 -0.023438 -0.055556
0 0.005078 0.013889 -0.008594 -0.025000
0 0.010156 0.020139 -0.018750 -0.040278
0 0.005078 0.013889 -0.008594 -0.025000
0 0.010156 0.020139 -0.018750 -0.040278
0 0.012500 0.027778 -0.023438 -0.055556
0 0.010156 0.020139 -0.018750 -0.040278
0 0.005078 0.013889 -0.008594 -0.025000
0 0.010156 0.020833 -0.018750 -0.038889
0 0.010156 0.020139 -0.018750 -0.040278
0 0.005078 0.013889 -0.008594 -0.025000
0 0.005078 0.013889 -0.008594 -0.025000
0 0.010156 0.020139 -0.018750 -0.040278
0 0.010156 0.020139 -0.018750 -0.040278
0 0.012500 0.027778 -0.023438 -0.055556
0 0.005078 0.013889 -0.008594 -0.025000
0 0.005078 0.013889 -0.008594 -0.025000
0 0.005078 0.013889 -0.008594 -0.025000
0 0.005078 0.013889 -0.008594 -0.025000
0 0.012500 0.027778 -0.023438 -0.055556
0 0.012500 0.027778 -0.023438 -0.055556
0 0.012500 0.027778 -0.023438 -0.055556
0 0.005078 0.013889 -0.008594 -0.025000
0 0.005078 0.013889 -0.008594 -0.025000
0 0.005078 0.013889 -0.008594 -0.025000
0 0.012500 0.027778 -0.023438 -0.055556
0 0.012500 0.027778 -0.023438 -0.055556
0 0.010156 0.020139 -0.018750 -0.040278
0 0.010156 0.020833 -0.018750 -0.038889
0 0.012500 0.027778 -0.023438 -0.055556
0 0.012500 0.027778 -0.023438 -0.055556
0 0.010156 0.020139 -0.018750 -0.040278
0 0.005078 0.013889 -0.008594 -0.025000
0 0.005078 0.013889 -0.008594 -0.025000
0 0.005078 0.013889 -0.008594 -0.025000
0 0.005078 0.013889 -0.008594 -0.025000
0 0.010156 0.020139 -0.018750 -0.040278
0 0.010156 0.020139 -0.018750 -0.040278
0 0.010156 0.020833 -0.018750 -0.038889
0 0.012500 0.027778 -0.023438 -0.055556
0 0.005078 0.013889 -0.008594 -0.025000
0 0.010156 0.020139 -0.018750 -0.040278
0 0.010156 0.020139 -0.018750 -0.040278
0 0.009375 0.020139 -0.017188 -0.040278
0 0.005078 0.013889 -0.008594 -0.025000
0 0.005078 0.013889 -0.008594 -0.025000
0 0.005078 0.013889 -0.008594 -0.025000
0 0.010156 0.020139 -0.018750 -0.040278
0 0.010156 0.020139 -0.018750 -0.040278
0 0.010156 0.020139 -0.018750 -0.040278
0 0.005078 0.013889 -0.008594 -0.025000
0 0.010156 0.020833 -0.018750 -0.038889
0 0.005078 0.013889 -0.008594 -0.025000
0 0.010156 0.020139 -0.018750 -0.040278
0 0.005078 0.013889 -0.008594 -0.025000
0 0.010156 0.020833 -0.018750 -0.038889
0 0.010156 0.020833 -0.018750 -0.038889
0 0.010156 0.020139 -0.018750 -0.040278
0 0.005078 0.013889 -0.008594 -0.025000
0 0.010156 0.020833 -0.018750 -0.038889
0 0.010156 0.020139 -0.018750 -0.040278
0 0.010156 0.020139 -0.018750 -0.040278
0 0.010156 0.020833 -0.018750 -0.038889
0 0.012500 0.027778 -0.023438 -0.055556
0 0.010156 0.020139 -0.018750 -0.040278
0 0.005078 0.013889 -0.008594 -0.025000
0 0.005078 0.013889 -0.008594 -0.025000
0 0.010156 0.020139 -0.018750 -0.040278
0 0.010156 0.020139 -0.018750 -0.040278
0 0.005078 0.013889 -0.008594 -0.025000
0 0.005078 0.013889 -0.008594 -0.025000
0 0.005078 0.013889 -0.008594 -0.025000
0 0.012500 0.027778 -0.023438 -0.055556
0 0.005078 0.013889 -0.008594 -0.025000
0 0.010156 0.020139 -0.018750 -0.040278
0 0.005078 0.013889 -0.008594 -0.025000
0 0.010156 0.020139 -0.018750 -0.040278
0 0.005078 0.013889 -0.008594 -0.025000
0 0.012500 0.027778 -0.023438 -0.055556
0 0.005078 0.013889 -0.008594 -0.025000
0 0.005078 0.013889 -0.008594 -0.025000
0 0.005078 0.013889 -0.008594 -0.025000
0 0.012500 0.027778 -0.023438 -0.055556
0 0.010156 0.020833 -0.018750 -0.038889
0 0.010156 0.020139 -0.018750 -0.040278
0 0.010156 0.020139 -0.018750 -0.040278
0 0.010156 0.020139 -0.018750 -0.040278
0 0.010156 0.020139 -0.018750 -0.040278
0 0.005078 0.013889 -0.008594 -0.025000
0 0.012500 0.027778 -0.023438 -0.055556
0 0.010156 0.020833 -0.018750 -0.038889
0 0.010156 0.020833 -0.018750 -0.038889
0 0.010156 0.020139 -0.018750 -0.040278
0 0.005078 0.013889 -0.008594 -0.025000
0 0.012500 0.027778 -0.023438 -0.055556
0 0.005078 0.013889 -0.008594 -0.025000
0 0.010156 0.020833 -0.018750 -0.038889
0 0.005078 0.013889 -0.008594 -0.025000
0 0.012500 0.027778 -0.023438 -0.055556
0 0.012500 0.027778 -0.023438 -0.055556
0 0.010156 0.020139 -0.018750 -0.040278
0 0.005078 0.013889 -0.008594 -0.025000
0 0.012500 0.027778 -0.023438 -0.055556
0 0.005078 0.013889 -0.008594 -0.025000
0 0.005078 0.013889 -0.008594 -0.025000
0 0.010156 0.020139 -0.018750 -0.040278
0 0.010156 0.020833 -0.018750 -0.038889
0 0.010156 0.020833 -0.018750 -0.038889
0 0.012500 0.027778 -0.023438 -0.055556
0 0.012500 0.027778 -0.023438 -0.055556
0 0.010156 0.020139 -0.018750 -0.040278
0 0.005078 0.013889 -0.008594 -0.025000
0 0.012500 0.027778 -0.023438 -0.055556
0 0.005078 0.013889 -0.008594 -0.025000
0 0.010156 0.020833 -0.018750 -0.038889
0 0.005078 0.013889 -0.008594 -0.025000