0 0.008333 0.015125 -0.016333 -0.029750
0 0.013417 0.024375 -0.026500 -0.048250
0 0.008833 0.014375 -0.017333 -0.028250
0 0.045083 0.096000 -0.089833 -0.192000
0 0.008333 0.015125 -0.016333 -0.029750
0 0.037500 0.073250 -0.074667 -0.146500
0 0.062417 0.118250 -0.124500 -0.236500
0 0.008333 0.015125 -0.016333 -0.029750
0 0.015750 0.027750 -0.030500 -0.055000
0 0.029167 0.054000 -0.058000 -0.107500
0 0.015583 0.027750 -0.030833 -0.055000
0 0.011250 0.019375 -0.021500 -0.038250
0 0.008333 0.015125 -0.016333 -0.029750
0 0.029167 0.053875 -0.058000 -0.107750
0 0.053167 0.094250 -0.106000 -0.188500
0 0.015583 0.027750 -0.030833 -0.055000
0 0.092500 0.171625 -0.184000 -0.343250
0 0.015583 0.027750 -0.030833 -0.055000
0 0.011250 0.019375 -0.021500 -0.038250
0 0.018000 0.034500 -0.035667 -0.068500
0 0.008833 0.014375 -0.017333 -0.028250
0 0.008333 0.015125 -0.016333 -0.029750
0 0.015750 0.027750 -0.030500 -0.055000
0 0.018000 0.034500 -0.035667 -0.068500
0 0.029167 0.053875 -0.058000 -0.107750
0 0.031750 0.062500 -0.063167 -0.125000
0 0.015583 0.027750 -0.030833 -0.055000
0 0.092500 0.171625 -0.184000 -0.343250
0 0.015583 0.027625 -0.030833 -0.055250
0 0.008833 0.014375 -0.017333 -0.028250
0 0.008333 0.015125 -0.016333 -0.029750
0 0.008833 0.014375 -0.017333 -0.028250
0 0.015583 0.027750 -0.030833 -0.055000
0 0.015750 0.027750 -0.030500 -0.055000
0 0.011250 0.019375 -0.021500 -0.038250
0 0.006333 0.011125 -0.012333 -0.021750
0 0.008333 0.015000 -0.016333 -0.030000
0 0.011250 0.019375 -0.021500 -0.038250
0 0.010333 0.018750 -0.020333 -0.037000
0 0.008333 0.015125 -0.016333 -0.029750
0 0.008333 0.015125 -0.016333 -0.029750
0 0.007917 0.013875 -0.015500 -0.027250
0 0.015750 0.027750 -0.030500 -0.055000
0 0.034083 0.069375 -0.067833 -0.138750
0 0.008333 0.015125 -0.016333 -0.029750
0 0.008833 0.014375 -0.017333 -0.028250
0 0.008333 0.015125 -0.016333 -0.029750
0 0.008417 0.014875 -0.016500 -0.029250
0 0.015583 0.027625 -0.030833 -0.055250
0 0.044667 0.120125 -0.089000 -0.240250
0 0.018167 0.034500 -0.035333 -0.068500
0 0.008333 0.015000 -0.016333 -0.030000
0 0.029167 0.053875 -0.058000 -0.107750
0 0.011083 0.019375 -0.021833 -0.038250
0 0.008833 0.014250 -0.017333 -0.028500
0 0.018000 0.034500 -0.035667 -0.068500
0 0.011250 0.019375 -0.021500 -0.038250
0 0.037500 0.073250 -0.074667 -0.146500
0 0.018000 0.034500 -0.035667 -0.068500
0 0.018167 0.034500 -0.035333 -0.068500
0 0.005500 0.007625 -0.010667 -0.014750
0 0.027833 0.067375 -0.055333 -0.134750
0 0.008333 0.015125 -0.016333 -0.029750
0 0.008333 0.015125 -0.016333 -0.029750
0 0.008833 0.014375 -0.017333 -0.028250
0 0.011083 0.019375 -0.021833 -0.038250
0 0.013417 0.024375 -0.026500 -0.048250
0 0.008333 0.015125 -0.016333 -0.029750
0 0.015750 0.027750 -0.030500 -0.055000
0 0.008333 0.015125 -0.016333 -0.029750
0 0.010500 0.018500 -0.020667 -0.036500
0 0.008833 0.014375 -0.017333 -0.028250