0 0.008984 0.016667 -0.016406 -0.033333
0 0.008984 0.016667 -0.016406 -0.033333
0 0.009375 0.018056 -0.017188 -0.036111
0 0.008984 0.016667 -0.016406 -0.033333
0 0.009375 0.018056 -0.017188 -0.036111
0 0.008984 0.016667 -0.016406 -0.033333
0 0.008984 0.016667 -0.016406 -0.033333
0 0.008984 0.016667 -0.016406 -0.033333
0 0.008984 0.016667 -0.016406 -0.033333
0 0.008984 0.016667 -0.016406 -0.033333
0 0.008984 0.016667 -0.016406 -0.033333
0 0.008984 0.016667 -0.016406 -0.033333
0 0.008984 0.016667 -0.016406 -0.033333
0 0.008984 0.016667 -0.016406 -0.033333
0 0.008984 0.016667 -0.016406 -0.033333
0 0.009375 0.018056 -0.017188 -0.036111
0 0.008984 0.016667 -0.016406 -0.033333
0 0.009375 0.018056 -0.017188 -0.036111
0 0.008984 0.016667 -0.016406 -0.033333
0 0.008984 0.016667 -0.016406 -0.033333
0 0.008984 0.016667 -0.016406 -0.033333
0 0.009375 0.018056 -0.017188 -0.036111
0 0.008984 0.016667 -0.016406 -0.033333
0 0.009375 0.018056 -0.017188 -0.036111
0 0.008984 0.016667 -0.016406 -0.033333
0 0.008984 0.016667 -0.016406 -0.033333
0 0.008984 0.016667 -0.016406 -0.033333
0 0.008984 0.016667 -0.016406 -0.033333
0 0.008984 0.016667 -0.016406 -0.033333
0 0.009375 0.018056 -0.017188 -0.036111
0 0.008984 0.016667 -0.016406 -0.033333
0 0.009375 0.018056 -0.017188 -0.036111
0 0.009375 0.018056 -0.017188 -0.036111
0 0.009375 0.018056 -0.017188 -0.036111
0 0.008984 0.016667 -0.016406 -0.033333
0 0.008984 0.016667 -0.016406 -0.033333
0 0.009375 0.018056 -0.017188 -0.036111