0 0.005625 0.008333 -0.010000 -0.016667
0 0.007500 0.010417 -0.013750 -0.020833
0 0.005625 0.008333 -0.010000 -0.016667
0 0.006875 0.010417 -0.012500 -0.020833
0 0.005625 0.008333 -0.010000 -0.016667
0 0.005625 0.008333 -0.010000 -0.016667
0 0.006875 0.010417 -0.012500 -0.020833
0 0.005313 0.006667 -0.009375 -0.013333
0 0.005313 0.006667 -0.009375 -0.013333
0 0.007188 0.011250 -0.013125 -0.022500
0 0.006875 0.010833 -0.012500 -0.021667
0 0.005313 0.006667 -0.009375 -0.013333
0 0.007188 0.012500 -0.013125 -0.025000
0 0.006250 0.009583 -0.011250 -0.019167
0 0.005313 0.006667 -0.009375 -0.013333
0 0.005625 0.008333 -0.010000 -0.016667
0 0.005625 0.008333 -0.010000 -0.016667
0 0.006250 0.009583 -0.011250 -0.019167
0 0.004375 0.006250 -0.007500 -0.012500
0 0.006250 0.009583 -0.011250 -0.019167
0 0.007188 0.012500 -0.013125 -0.025000
0 0.005625 0.008333 -0.010000 -0.016667
0 0.007500 0.010417 -0.013750 -0.020833
0 0.006875 0.010417 -0.012500 -0.020833
0 0.003125 0.004583 -0.005000 -0.009167
0 0.004375 0.007083 -0.007500 -0.014167
0 0.006875 0.010417 -0.012500 -0.020833
0 0.005313 0.006667 -0.009375 -0.013333
0 0.007500 0.010417 -0.013750 -0.020833
0 0.005625 0.008333 -0.010000 -0.016667
0 0.007188 0.012500 -0.013125 -0.025000
0 0.005625 0.008333 -0.010000 -0.016667
0 0.005938 0.009583 -0.010625 -0.019167
0 0.005625 0.007917 -0.010000 -0.015833
0 0.006250 0.009583 -0.011250 -0.019167
0 0.007188 0.011250 -0.013125 -0.022500
0 0.007188 0.011250 -0.013125 -0.022500
0 0.007188 0.011250 -0.013125 -0.022500
0 0.005625 0.007917 -0.010000 -0.015833
0 0.005625 0.008333 -0.010000 -0.016667
0 0.005625 0.008333 -0.010000 -0.016667
0 0.006562 0.010000 -0.011875 -0.020000
0 0.007500 0.010417 -0.013750 -0.020833
0 0.006562 0.010000 -0.011875 -0.020000
0 0.007500 0.010417 -0.013750 -0.020833
0 0.004375 0.007083 -0.007500 -0.014167
0 0.004375 0.007083 -0.007500 -0.014167
0 0.004375 0.007083 -0.007500 -0.014167
0 0.004375 0.007083 -0.007500 -0.014167
0 0.007188 0.012500 -0.013125 -0.025000
0 0.004375 0.007083 -0.007500 -0.014167
0 0.005625 0.008333 -0.010000 -0.016667
0 0.007188 0.012500 -0.013125 -0.025000
0 0.007188 0.012500 -0.013125 -0.025000
0 0.005313 0.006667 -0.009375 -0.013333
0 0.007188 0.012500 -0.013125 -0.025000
0 0.006875 0.010833 -0.012500 -0.021667
0 0.005938 0.010417 -0.010625 -0.020833
0 0.005938 0.010417 -0.010625 -0.020833
0 0.005313 0.006667 -0.009375 -0.013333
0 0.006562 0.010000 -0.011875 -0.020000
0 0.007500 0.010417 -0.013750 -0.020833
0 0.005625 0.007500 -0.010000 -0.015000
0 0.005625 0.008333 -0.010000 -0.016667
0 0.003125 0.004583 -0.005000 -0.009167
0 0.006250 0.009583 -0.011250 -0.019167
0 0.004375 0.007083 -0.007500 -0.014167
0 0.005313 0.006667 -0.009375 -0.013333
0 0.005625 0.008333 -0.010000 -0.016667
0 0.005625 0.008333 -0.010000 -0.016667
0 0.006875 0.010833 -0.012500 -0.021667
0 0.006875 0.010417 -0.012500 -0.020833
0 0.005313 0.006667 -0.009375 -0.013333
0 0.005625 0.008333 -0.010000 -0.016667
0 0.006875 0.010417 -0.012500 -0.020833
0 0.006875 0.010417 -0.012500 -0.020833
0 0.007188 0.012500 -0.013125 -0.025000
0 0.005938 0.010417 -0.010625 -0.020833
0 0.005625 0.008333 -0.010000 -0.016667