0 0.006250 0.016250 -0.010833 -0.032500
0 0.017917 0.019167 -0.034167 -0.038333
0 0.017917 0.019167 -0.034167 -0.038333
0 0.017917 0.019167 -0.034167 -0.038333
0 0.018333 0.019167 -0.033333 -0.038333
0 0.025000 0.025417 -0.048333 -0.050833
0 0.019167 0.021250 -0.036667 -0.042500
0 0.017917 0.019167 -0.034167 -0.038333
0 0.019167 0.021250 -0.036667 -0.042500
0 0.017917 0.019167 -0.034167 -0.038333
0 0.019167 0.021250 -0.036667 -0.042500
0 0.017917 0.019167 -0.034167 -0.038333
0 0.017917 0.019167 -0.034167 -0.038333
0 0.017917 0.019167 -0.034167 -0.038333
0 0.017917 0.019167 -0.034167 -0.038333
0 0.019167 0.021250 -0.036667 -0.042500
0 0.025000 0.025417 -0.048333 -0.050833
0 0.019167 0.021250 -0.036667 -0.042500
0 0.014167 0.020000 -0.026667 -0.040000
0 0.019167 0.021250 -0.036667 -0.042500
0 0.017917 0.019167 -0.034167 -0.038333
0 0.019167 0.021250 -0.036667 -0.042500
0 0.019167 0.021250 -0.036667 -0.042500
0 0.019167 0.021250 -0.036667 -0.042500
0 0.017917 0.019167 -0.034167 -0.038333
0 0.019167 0.021250 -0.036667 -0.042500
0 0.017917 0.019167 -0.034167 -0.038333
0 0.025000 0.025417 -0.048333 -0.050833
0 0.019167 0.021250 -0.036667 -0.042500
0 0.017917 0.019167 -0.034167 -0.038333
0 0.012083 0.008750 -0.022500 -0.017500
0 0.017917 0.019167 -0.034167 -0.038333
0 0.009167 0.021667 -0.016667 -0.043333
0 0.025000 0.025417 -0.048333 -0.050833
0 0.018333 0.019167 -0.033333 -0.038333
0 0.019167 0.021250 -0.036667 -0.042500
0 0.019167 0.021250 -0.036667 -0.042500
0 0.017917 0.019167 -0.034167 -0.038333
0 0.017917 0.019167 -0.034167 -0.038333
0 0.017917 0.019167 -0.034167 -0.038333
0 0.019167 0.021250 -0.036667 -0.042500
0 0.017917 0.019167 -0.034167 -0.038333
0 0.019167 0.021250 -0.036667 -0.042500
0 0.019167 0.021250 -0.036667 -0.042500
0 0.019167 0.021250 -0.036667 -0.042500
0 0.019167 0.021250 -0.036667 -0.042500
0 0.019167 0.021250 -0.036667 -0.042500
0 0.017917 0.019167 -0.034167 -0.038333
0 0.017917 0.019167 -0.034167 -0.038333
0 0.017917 0.019167 -0.034167 -0.038333
0 0.019167 0.021250 -0.036667 -0.042500
0 0.017917 0.019167 -0.034167 -0.038333
0 0.017917 0.019167 -0.034167 -0.038333
0 0.019167 0.021250 -0.036667 -0.042500
0 0.017917 0.019167 -0.034167 -0.038333
0 0.025000 0.025417 -0.048333 -0.050833
0 0.017917 0.019167 -0.034167 -0.038333
0 0.019167 0.021250 -0.036667 -0.042500
0 0.017917 0.019167 -0.034167 -0.038333
0 0.019167 0.021250 -0.036667 -0.042500
0 0.017917 0.019167 -0.034167 -0.038333
0 0.017917 0.019167 -0.034167 -0.038333
0 0.017917 0.019167 -0.034167 -0.038333
0 0.019167 0.021250 -0.036667 -0.042500
0 0.019167 0.021250 -0.036667 -0.042500
0 0.019167 0.021250 -0.036667 -0.042500
0 0.017917 0.019167 -0.034167 -0.038333
0 0.017917 0.019167 -0.034167 -0.038333
0 0.019167 0.021250 -0.036667 -0.042500
0 0.014167 0.020000 -0.026667 -0.040000
0 0.017917 0.019167 -0.034167 -0.038333
0 0.017917 0.019167 -0.034167 -0.038333
0 0.019167 0.021250 -0.036667 -0.042500
0 0.019167 0.021250 -0.036667 -0.042500
0 0.019167 0.021250 -0.036667 -0.042500
0 0.017917 0.019167 -0.034167 -0.038333
0 0.017917 0.019167 -0.034167 -0.038333
0 0.017917 0.019167 -0.034167 -0.038333
0 0.025000 0.025417 -0.048333 -0.050833
0 0.019167 0.021250 -0.036667 -0.042500
0 0.014167 0.020000 -0.026667 -0.040000
0 0.019167 0.021250 -0.036667 -0.042500
0 0.017917 0.019167 -0.034167 -0.038333
0 0.022083 0.026250 -0.042500 -0.052500
0 0.019167 0.021250 -0.036667 -0.042500
0 0.017917 0.019167 -0.034167 -0.038333
0 0.017917 0.019167 -0.034167 -0.038333
0 0.019167 0.021250 -0.036667 -0.042500
0 0.017917 0.019167 -0.034167 -0.038333
0 0.017917 0.019167 -0.034167 -0.038333
0 0.019167 0.021250 -0.036667 -0.042500
0 0.019167 0.021250 -0.036667 -0.042500
0 0.019167 0.021250 -0.036667 -0.042500
0 0.019167 0.021250 -0.036667 -0.042500
0 0.019167 0.021250 -0.036667 -0.042500
0 0.017917 0.019167 -0.034167 -0.038333