0 0.002778 0.002392 -0.003333 -0.004785
0 0.017778 0.023126 -0.033333 -0.046252
0 0.023333 0.056619 -0.044444 -0.113238
0 0.002778 0.002392 -0.003333 -0.004785
0 0.002778 0.002392 -0.003333 -0.004785
0 0.017778 0.021531 -0.033333 -0.043062
0 0.002778 0.002392 -0.003333 -0.004785
0 0.017778 0.023126 -0.033333 -0.046252
0 0.023333 0.056619 -0.044444 -0.113238
0 0.027778 0.039872 -0.053333 -0.079745
0 0.002778 0.002392 -0.003333 -0.004785
0 0.017778 0.021531 -0.033333 -0.043062
0 0.017778 0.021531 -0.033333 -0.043062
0 0.027778 0.039872 -0.053333 -0.079745
0 0.023333 0.056619 -0.044444 -0.113238
0 0.002778 0.004785 -0.003333 -0.009569
0 0.023333 0.056619 -0.044444 -0.113238
0 0.002778 0.002392 -0.003333 -0.004785
0 0.045000 0.061404 -0.087778 -0.122807
0 0.002778 0.002392 -0.003333 -0.004785
0 0.002778 0.002392 -0.003333 -0.004785
0 0.002778 0.002392 -0.003333 -0.004785
0 0.027778 0.039872 -0.053333 -0.079745
0 0.002778 0.002392 -0.003333 -0.004785
0 0.023333 0.056619 -0.044444 -0.113238
0 0.050000 0.080542 -0.097778 -0.161085
0 0.045000 0.061404 -0.087778 -0.122807
0 0.002778 0.002392 -0.003333 -0.004785
0 0.017778 0.021531 -0.033333 -0.043062
0 0.002778 0.002392 -0.003333 -0.004785
0 0.017778 0.021531 -0.033333 -0.043062
0 0.023333 0.056619 -0.044444 -0.113238
0 0.002778 0.002392 -0.003333 -0.004785
0 0.002778 0.002392 -0.003333 -0.004785
0 0.023333 0.056619 -0.044444 -0.113238
0 0.002778 0.002392 -0.003333 -0.004785
0 0.017778 0.023126 -0.033333 -0.046252
0 0.002778 0.002392 -0.003333 -0.004785
0 0.002778 0.002392 -0.003333 -0.004785
0 0.017778 0.023126 -0.033333 -0.046252
0 0.023333 0.056619 -0.044444 -0.113238
0 0.002778 0.002392 -0.003333 -0.004785
0 0.027778 0.039872 -0.053333 -0.079745
0 0.017778 0.021531 -0.033333 -0.043062
0 0.002778 0.002392 -0.003333 -0.004785
0 0.023333 0.056619 -0.044444 -0.113238
0 0.017778 0.023126 -0.033333 -0.046252
0 0.023333 0.056619 -0.044444 -0.113238
0 0.002778 0.002392 -0.003333 -0.004785
0 0.023333 0.056619 -0.044444 -0.113238
0 0.017778 0.023126 -0.033333 -0.046252
0 0.002778 0.002392 -0.003333 -0.004785
0 0.023333 0.056619 -0.044444 -0.113238
0 0.027778 0.039872 -0.053333 -0.079745
0 0.027778 0.039872 -0.053333 -0.079745
0 0.017778 0.021531 -0.033333 -0.043062
0 0.017778 0.023126 -0.033333 -0.046252
0 0.002778 0.002392 -0.003333 -0.004785
0 0.002778 0.002392 -0.003333 -0.004785
0 0.017778 0.023126 -0.033333 -0.046252
0 0.023333 0.056619 -0.044444 -0.113238
0 0.017778 0.023126 -0.033333 -0.046252
0 0.002778 0.002392 -0.003333 -0.004785
0 0.017778 0.021531 -0.033333 -0.043062
0 0.002778 0.002392 -0.003333 -0.004785
0 0.045000 0.061404 -0.087778 -0.122807
0 0.017778 0.023126 -0.033333 -0.046252
0 0.023333 0.056619 -0.044444 -0.113238
0 0.024444 0.056619 -0.042222 -0.113238
0 0.023333 0.056619 -0.044444 -0.113238
0 0.023333 0.056619 -0.044444 -0.113238
0 0.045000 0.061404 -0.087778 -0.122807
0 0.002778 0.002392 -0.003333 -0.004785
0 0.017778 0.023126 -0.033333 -0.046252
0 0.027778 0.039872 -0.053333 -0.079745
0 0.017778 0.023126 -0.033333 -0.046252
0 0.061111 0.102871 -0.120000 -0.205742
0 0.002778 0.002392 -0.003333 -0.004785
0 0.002778 0.002392 -0.003333 -0.004785
0 0.017778 0.023126 -0.033333 -0.046252