0 0.013343 0.027851 -0.023876 -0.055703
0 0.013343 0.027851 -0.023876 -0.055703
0 0.007022 0.017241 -0.011236 -0.034483
0 0.013343 0.027851 -0.023876 -0.055703
0 0.008427 0.019894 -0.014045 -0.039788
0 0.022472 0.050398 -0.042135 -0.100796
0 0.022472 0.050398 -0.042135 -0.100796
0 0.013343 0.027851 -0.023876 -0.055703
0 0.007022 0.017241 -0.011236 -0.034483
0 0.013343 0.027851 -0.023876 -0.055703
0 0.013343 0.027851 -0.023876 -0.055703
0 0.007022 0.017241 -0.011236 -0.034483
0 0.013343 0.027851 -0.023876 -0.055703
0 0.013343 0.027851 -0.023876 -0.055703
0 0.007022 0.017241 -0.011236 -0.034483
0 0.013343 0.027851 -0.023876 -0.055703
0 0.013343 0.027851 -0.023876 -0.055703
0 0.013343 0.027851 -0.023876 -0.055703
0 0.007022 0.017241 -0.011236 -0.034483
0 0.007022 0.017241 -0.011236 -0.034483
0 0.007022 0.017241 -0.011236 -0.034483
0 0.013343 0.027851 -0.023876 -0.055703
0 0.007022 0.017241 -0.011236 -0.034483
0 0.013343 0.027851 -0.023876 -0.055703
0 0.013343 0.027851 -0.023876 -0.055703
0 0.013343 0.027851 -0.023876 -0.055703
0 0.007022 0.017241 -0.011236 -0.034483
0 0.013343 0.027851 -0.023876 -0.055703
0 0.013343 0.027851 -0.023876 -0.055703
0 0.013343 0.027851 -0.023876 -0.055703
0 0.013343 0.027851 -0.023876 -0.055703
0 0.007022 0.017241 -0.011236 -0.034483
0 0.007022 0.017241 -0.011236 -0.034483
0 0.013343 0.027851 -0.023876 -0.055703
0 0.013343 0.027851 -0.023876 -0.055703
0 0.013343 0.027851 -0.023876 -0.055703
0 0.007022 0.017241 -0.011236 -0.034483
0 0.007022 0.017241 -0.011236 -0.034483
0 0.007022 0.017241 -0.011236 -0.034483
0 0.022472 0.050398 -0.042135 -0.100796
0 0.022472 0.050398 -0.042135 -0.100796
0 0.022472 0.050398 -0.042135 -0.100796
0 0.013343 0.027851 -0.023876 -0.055703
0 0.007022 0.017241 -0.011236 -0.034483
0 0.008427 0.019894 -0.014045 -0.039788
0 0.013343 0.027851 -0.023876 -0.055703
0 0.007022 0.017241 -0.011236 -0.034483
0 0.022472 0.050398 -0.042135 -0.100796
0 0.007022 0.017241 -0.011236 -0.034483
0 0.007022 0.017241 -0.011236 -0.034483
0 0.007022 0.017241 -0.011236 -0.034483
0 0.013343 0.027851 -0.023876 -0.055703
0 0.013343 0.027851 -0.023876 -0.055703
0 0.007022 0.017241 -0.011236 -0.034483
0 0.007022 0.017241 -0.011236 -0.034483
0 0.022472 0.050398 -0.042135 -0.100796
0 0.013343 0.027851 -0.023876 -0.055703
0 0.013343 0.027851 -0.023876 -0.055703
0 0.013343 0.027851 -0.023876 -0.055703
0 0.007022 0.017241 -0.011236 -0.034483
0 0.022472 0.050398 -0.042135 -0.100796
0 0.022472 0.050398 -0.042135 -0.100796
0 0.013343 0.027851 -0.023876 -0.055703
0 0.007022 0.017241 -0.011236 -0.034483
0 0.013343 0.027851 -0.023876 -0.055703
0 0.013343 0.027851 -0.023876 -0.055703
0 0.007022 0.017241 -0.011236 -0.034483
0 0.022472 0.050398 -0.042135 -0.100796
0 0.022472 0.050398 -0.042135 -0.100796
0 0.015449 0.033156 -0.028090 -0.066313
0 0.007022 0.017241 -0.011236 -0.034483
0 0.007022 0.017241 -0.011236 -0.034483
0 0.013343 0.027851 -0.023876 -0.055703
0 0.007022 0.017241 -0.011236 -0.034483
0 0.022472 0.050398 -0.042135 -0.100796
0 0.007022 0.017241 -0.011236 -0.034483
0 0.007022 0.017241 -0.011236 -0.034483
0 0.007022 0.017241 -0.011236 -0.034483
0 0.022472 0.050398 -0.042135 -0.100796
0 0.013343 0.027851 -0.023876 -0.055703
0 0.007022 0.017241 -0.011236 -0.034483
0 0.007022 0.017241 -0.011236 -0.034483
0 0.013343 0.027851 -0.023876 -0.055703
0 0.022472 0.050398 -0.042135 -0.100796
0 0.007022 0.017241 -0.011236 -0.034483
0 0.013343 0.027851 -0.023876 -0.055703
0 0.007022 0.017241 -0.011236 -0.034483
0 0.013343 0.027851 -0.023876 -0.055703
0 0.007022 0.017241 -0.011236 -0.034483
0 0.022472 0.050398 -0.042135 -0.100796
0 0.007022 0.017241 -0.011236 -0.034483
0 0.007022 0.017241 -0.011236 -0.034483
0 0.007022 0.017241 -0.011236 -0.034483
0 0.013343 0.027851 -0.023876 -0.055703
0 0.011236 0.025199 -0.019663 -0.050398
0 0.013343 0.027851 -0.023876 -0.055703
0 0.007022 0.017241 -0.011236 -0.034483
0 0.022472 0.050398 -0.042135 -0.100796
0 0.007022 0.017241 -0.011236 -0.034483
0 0.013343 0.027851 -0.023876 -0.055703
0 0.022472 0.050398 -0.042135 -0.100796
0 0.013343 0.027851 -0.023876 -0.055703
0 0.007022 0.017241 -0.011236 -0.034483
0 0.007022 0.017241 -0.011236 -0.034483
0 0.022472 0.050398 -0.042135 -0.100796
0 0.022472 0.050398 -0.042135 -0.100796
0 0.013343 0.027851 -0.023876 -0.055703
0 0.007022 0.017241 -0.011236 -0.034483
0 0.013343 0.027851 -0.023876 -0.055703
0 0.007022 0.017241 -0.011236 -0.034483
0 0.022472 0.050398 -0.042135 -0.100796
0 0.011236 0.025199 -0.019663 -0.050398
0 0.007022 0.017241 -0.011236 -0.034483
0 0.007022 0.017241 -0.011236 -0.034483
0 0.022472 0.050398 -0.042135 -0.100796
0 0.007022 0.017241 -0.011236 -0.034483
0 0.007022 0.017241 -0.011236 -0.034483
0 0.013343 0.027851 -0.023876 -0.055703
0 0.007022 0.017241 -0.011236 -0.034483
0 0.007022 0.017241 -0.011236 -0.034483
0 0.007022 0.017241 -0.011236 -0.034483
0 0.007022 0.017241 -0.011236 -0.034483
0 0.007022 0.017241 -0.011236 -0.034483
0 0.007022 0.017241 -0.011236 -0.034483
0 0.013343 0.027851 -0.023876 -0.055703
0 0.007022 0.017241 -0.011236 -0.034483
0 0.007022 0.017241 -0.011236 -0.034483
0 0.007022 0.017241 -0.011236 -0.034483
0 0.013343 0.027851 -0.023876 -0.055703
0 0.007022 0.017241 -0.011236 -0.034483
0 0.007022 0.017241 -0.011236 -0.034483
0 0.022472 0.050398 -0.042135 -0.100796
0 0.013343 0.027851 -0.023876 -0.055703
0 0.022472 0.050398 -0.042135 -0.100796
0 0.022472 0.050398 -0.042135 -0.100796
0 0.022472 0.050398 -0.042135 -0.100796
0 0.008427 0.019894 -0.014045 -0.039788
0 0.013343 0.027851 -0.023876 -0.055703
0 0.007022 0.017241 -0.011236 -0.034483
0 0.013343 0.027851 -0.023876 -0.055703
0 0.007022 0.017241 -0.011236 -0.034483
0 0.007022 0.017241 -0.011236 -0.034483
0 0.013343 0.027851 -0.023876 -0.055703
0 0.013343 0.027851 -0.023876 -0.055703
0 0.022472 0.050398 -0.042135 -0.100796
0 0.013343 0.027851 -0.023876 -0.055703
0 0.007022 0.017241 -0.011236 -0.034483
0 0.013343 0.027851 -0.023876 -0.055703
0 0.022472 0.050398 -0.042135 -0.100796
0 0.007022 0.017241 -0.011236 -0.034483
0 0.013343 0.027851 -0.023876 -0.055703
0 0.022472 0.050398 -0.042135 -0.100796
0 0.007022 0.017241 -0.011236 -0.034483
0 0.013343 0.027851 -0.023876 -0.055703
0 0.019663 0.043767 -0.036517 -0.087533
0 0.013343 0.027851 -0.023876 -0.055703
0 0.007022 0.017241 -0.011236 -0.034483
0 0.007022 0.017241 -0.011236 -0.034483
0 0.013343 0.027851 -0.023876 -0.055703
0 0.022472 0.050398 -0.042135 -0.100796
0 0.007022 0.017241 -0.011236 -0.034483
0 0.022472 0.050398 -0.042135 -0.100796
0 0.022472 0.050398 -0.042135 -0.100796
0 0.013343 0.027851 -0.023876 -0.055703
0 0.009831 0.022546 -0.016854 -0.045093
0 0.013343 0.027851 -0.023876 -0.055703
0 0.022472 0.050398 -0.042135 -0.100796
0 0.013343 0.027851 -0.023876 -0.055703
0 0.013343 0.027851 -0.023876 -0.055703
0 0.022472 0.050398 -0.042135 -0.100796
0 0.022472 0.050398 -0.042135 -0.100796
0 0.013343 0.027851 -0.023876 -0.055703
0 0.007022 0.017241 -0.011236 -0.034483
0 0.022472 0.050398 -0.042135 -0.100796
0 0.022472 0.050398 -0.042135 -0.100796
0 0.013343 0.027851 -0.023876 -0.055703
0 0.007022 0.017241 -0.011236 -0.034483
0 0.007022 0.017241 -0.011236 -0.034483
0 0.015449 0.033156 -0.028090 -0.066313
0 0.007022 0.017241 -0.011236 -0.034483
0 0.013343 0.027851 -0.023876 -0.055703
0 0.007022 0.017241 -0.011236 -0.034483
0 0.022472 0.050398 -0.042135 -0.100796
0 0.007022 0.017241 -0.011236 -0.034483
0 0.022472 0.050398 -0.042135 -0.100796
0 0.007022 0.017241 -0.011236 -0.034483
0 0.007022 0.017241 -0.011236 -0.034483
0 0.022472 0.050398 -0.042135 -0.100796
0 0.013343 0.027851 -0.023876 -0.055703
0 0.007022 0.017241 -0.011236 -0.034483
0 0.013343 0.027851 -0.023876 -0.055703
0 0.007022 0.017241 -0.011236 -0.034483
0 0.013343 0.027851 -0.023876 -0.055703
0 0.007022 0.017241 -0.011236 -0.034483
0 0.007022 0.017241 -0.011236 -0.034483
0 0.007022 0.017241 -0.011236 -0.034483
0 0.022472 0.050398 -0.042135 -0.100796
0 0.022472 0.050398 -0.042135 -0.100796
0 0.007022 0.017241 -0.011236 -0.034483
0 0.022472 0.050398 -0.042135 -0.100796
0 0.022472 0.050398 -0.042135 -0.100796
0 0.013343 0.027851 -0.023876 -0.055703
0 0.007022 0.017241 -0.011236 -0.034483
0 0.007022 0.017241 -0.011236 -0.034483
0 0.007022 0.017241 -0.011236 -0.034483
0 0.007022 0.017241 -0.011236 -0.034483
0 0.022472 0.050398 -0.042135 -0.100796
0 0.013343 0.027851 -0.023876 -0.055703
0 0.022472 0.050398 -0.042135 -0.100796
0 0.022472 0.050398 -0.042135 -0.100796
0 0.013343 0.027851 -0.023876 -0.055703
0 0.007022 0.017241 -0.011236 -0.034483
0 0.013343 0.027851 -0.023876 -0.055703
0 0.013343 0.027851 -0.023876 -0.055703
0 0.013343 0.027851 -0.023876 -0.055703
0 0.013343 0.027851 -0.023876 -0.055703
0 0.013343 0.027851 -0.023876 -0.055703
0 0.022472 0.050398 -0.042135 -0.100796
0 0.013343 0.027851 -0.023876 -0.055703
0 0.007022 0.017241 -0.011236 -0.034483
0 0.013343 0.027851 -0.023876 -0.055703
0 0.007022 0.017241 -0.011236 -0.034483
0 0.011236 0.025199 -0.019663 -0.050398
0 0.022472 0.050398 -0.042135 -0.100796
0 0.022472 0.050398 -0.042135 -0.100796
0 0.007022 0.017241 -0.011236 -0.034483
0 0.013343 0.027851 -0.023876 -0.055703
0 0.007022 0.017241 -0.011236 -0.034483
0 0.007022 0.017241 -0.011236 -0.034483
0 0.022472 0.050398 -0.042135 -0.100796
0 0.007022 0.017241 -0.011236 -0.034483
0 0.007022 0.017241 -0.011236 -0.034483
0 0.007022 0.017241 -0.011236 -0.034483
0 0.007022 0.017241 -0.011236 -0.034483
0 0.013343 0.027851 -0.023876 -0.055703
0 0.022472 0.050398 -0.042135 -0.100796
0 0.013343 0.027851 -0.023876 -0.055703
0 0.022472 0.050398 -0.042135 -0.100796
0 0.013343 0.027851 -0.023876 -0.055703
0 0.013343 0.027851 -0.023876 -0.055703
0 0.007022 0.017241 -0.011236 -0.034483
0 0.007022 0.017241 -0.011236 -0.034483
0 0.007022 0.017241 -0.011236 -0.034483
0 0.022472 0.050398 -0.042135 -0.100796
0 0.013343 0.027851 -0.023876 -0.055703
0 0.013343 0.027851 -0.023876 -0.055703
0 0.013343 0.027851 -0.023876 -0.055703
0 0.007022 0.017241 -0.011236 -0.034483
0 0.013343 0.027851 -0.023876 -0.055703
0 0.013343 0.027851 -0.023876 -0.055703
0 0.022472 0.050398 -0.042135 -0.100796
0 0.013343 0.027851 -0.023876 -0.055703
0 0.008427 0.019894 -0.014045 -0.039788
0 0.022472 0.050398 -0.042135 -0.100796
0 0.007022 0.017241 -0.011236 -0.034483
0 0.022472 0.050398 -0.042135 -0.100796
0 0.007022 0.017241 -0.011236 -0.034483
0 0.013343 0.027851 -0.023876 -0.055703
0 0.013343 0.027851 -0.023876 -0.055703
0 0.013343 0.027851 -0.023876 -0.055703
0 0.013343 0.027851 -0.023876 -0.055703
0 0.007022 0.017241 -0.011236 -0.034483
0 0.007022 0.017241 -0.011236 -0.034483
0 0.013343 0.027851 -0.023876 -0.055703