0 0.006429 0.010274 -0.010000 -0.015982
0 0.006429 0.010274 -0.010000 -0.015982
0 0.005000 0.007991 -0.007143 -0.011416
0 0.006429 0.010274 -0.010000 -0.015982
0 0.005000 0.004566 -0.007143 -0.004566
0 0.004286 0.009132 -0.005714 -0.013699
0 0.006429 0.010274 -0.010000 -0.015982
0 0.006429 0.010274 -0.010000 -0.015982
0 0.006429 0.010274 -0.010000 -0.015982
0 0.004286 0.009132 -0.005714 -0.013699
0 0.027857 0.050228 -0.052857 -0.100457
0 0.005000 0.007991 -0.007143 -0.011416
0 0.006429 0.010274 -0.010000 -0.015982
0 0.010714 0.021689 -0.018571 -0.043379
0 0.006429 0.010274 -0.010000 -0.015982
0 0.004286 0.009132 -0.005714 -0.013699
0 0.004286 0.009132 -0.005714 -0.013699
0 0.006429 0.010274 -0.010000 -0.015982
0 0.005000 0.004566 -0.007143 -0.004566
0 0.005000 0.007991 -0.007143 -0.011416
0 0.006429 0.010274 -0.010000 -0.015982
0 0.005000 0.007991 -0.007143 -0.011416
0 0.006429 0.010274 -0.010000 -0.015982
0 0.005000 0.007991 -0.007143 -0.011416
0 0.006429 0.010274 -0.010000 -0.015982
0 0.004286 0.009132 -0.005714 -0.013699
0 0.006429 0.010274 -0.010000 -0.015982
0 0.004286 0.009132 -0.005714 -0.013699
0 0.005000 0.007991 -0.007143 -0.011416
0 0.025714 0.051370 -0.048571 -0.102740
0 0.006429 0.010274 -0.010000 -0.015982
0 0.004286 0.009132 -0.005714 -0.013699
0 0.006429 0.010274 -0.010000 -0.015982
0 0.004286 0.009132 -0.005714 -0.013699
0 0.006429 0.010274 -0.010000 -0.015982
0 0.002857 0.002283 -0.002857 0.000000
0 0.005000 0.007991 -0.007143 -0.011416
0 0.005000 0.007991 -0.007143 -0.011416
0 0.005000 0.007991 -0.007143 -0.011416
0 0.005000 0.007991 -0.007143 -0.011416
0 0.004286 0.009132 -0.005714 -0.013699
0 0.005000 0.007991 -0.007143 -0.011416
0 0.004286 0.009132 -0.005714 -0.013699
0 0.004286 0.009132 -0.005714 -0.013699
0 0.006429 0.010274 -0.010000 -0.015982
0 0.005000 0.004566 -0.007143 -0.004566
0 0.004286 0.009132 -0.005714 -0.013699
0 0.005000 0.007991 -0.007143 -0.011416
0 0.006429 0.010274 -0.010000 -0.015982
0 0.006429 0.010274 -0.010000 -0.015982
0 0.004286 0.009132 -0.005714 -0.013699
0 0.006429 0.010274 -0.010000 -0.015982
0 0.027857 0.050228 -0.052857 -0.100457
0 0.005000 0.007991 -0.007143 -0.011416
0 0.004286 0.009132 -0.005714 -0.013699
0 0.005714 0.013699 -0.008571 -0.022831
0 0.005000 0.007991 -0.007143 -0.011416
0 0.006429 0.010274 -0.010000 -0.015982
0 0.006429 0.010274 -0.010000 -0.015982
0 0.005000 0.007991 -0.007143 -0.011416
0 0.006429 0.010274 -0.010000 -0.015982
0 0.006429 0.010274 -0.010000 -0.015982
0 0.004286 0.009132 -0.005714 -0.013699
0 0.004286 0.009132 -0.005714 -0.013699
0 0.005000 0.007991 -0.007143 -0.011416
0 0.006429 0.010274 -0.010000 -0.015982
0 0.006429 0.010274 -0.010000 -0.015982
0 0.005000 0.007991 -0.007143 -0.011416
0 0.006429 0.010274 -0.010000 -0.015982
0 0.006429 0.010274 -0.010000 -0.015982
0 0.005000 0.007991 -0.007143 -0.011416
0 0.005000 0.007991 -0.007143 -0.011416
0 0.006429 0.010274 -0.010000 -0.015982
0 0.005000 0.007991 -0.007143 -0.011416
0 0.005714 0.009132 -0.008571 -0.013699
0 0.005000 0.007991 -0.007143 -0.011416
0 0.016429 0.036530 -0.030000 -0.073059
0 0.005000 0.007991 -0.007143 -0.011416
0 0.006429 0.010274 -0.010000 -0.015982
0 0.006429 0.010274 -0.010000 -0.015982
0 0.010000 0.013699 -0.017143 -0.027397
0 0.005000 0.007991 -0.007143 -0.011416
0 0.005000 0.007991 -0.007143 -0.011416
0 0.006429 0.010274 -0.010000 -0.015982
0 0.005000 0.004566 -0.007143 -0.004566
0 0.005714 0.012557 -0.008571 -0.025114
0 0.006429 0.010274 -0.010000 -0.015982
0 0.002857 0.002283 -0.002857 0.000000
0 0.005000 0.007991 -0.007143 -0.011416
0 0.004286 0.009132 -0.005714 -0.013699
0 0.005000 0.004566 -0.007143 -0.004566
0 0.006429 0.010274 -0.010000 -0.015982
0 0.006429 0.010274 -0.010000 -0.015982
0 0.004286 0.009132 -0.005714 -0.013699
0 0.002857 0.002283 -0.002857 0.000000
0 0.004286 0.009132 -0.005714 -0.013699
0 0.006429 0.010274 -0.010000 -0.015982
0 0.006429 0.010274 -0.010000 -0.015982
0 0.005000 0.007991 -0.007143 -0.011416
0 0.006429 0.010274 -0.010000 -0.015982
0 0.004286 0.009132 -0.005714 -0.013699
0 0.005000 0.007991 -0.007143 -0.011416
0 0.005000 0.003425 -0.007143 -0.006849
0 0.004286 0.009132 -0.005714 -0.013699
0 0.006429 0.010274 -0.010000 -0.015982
0 0.004286 0.009132 -0.005714 -0.013699
0 0.005000 0.007991 -0.007143 -0.011416
0 0.004286 0.009132 -0.005714 -0.013699
0 0.006429 0.010274 -0.010000 -0.015982