0 0.008914 0.028226 -0.014587 -0.048387
0 0.005673 0.014113 -0.008104 -0.020161
0 0.006483 0.016129 -0.009724 -0.024194
0 0.005673 0.014113 -0.008104 -0.020161
0 0.005673 0.014113 -0.008104 -0.020161
0 0.005673 0.014113 -0.008104 -0.020161
0 0.005673 0.014113 -0.008104 -0.020161
0 0.005673 0.014113 -0.008104 -0.020161
0 0.005673 0.014113 -0.008104 -0.020161
0 0.005673 0.014113 -0.008104 -0.020161
0 0.008914 0.028226 -0.014587 -0.048387
0 0.008914 0.028226 -0.014587 -0.048387
0 0.008914 0.028226 -0.014587 -0.048387
0 0.007293 0.020161 -0.011345 -0.032258
0 0.005673 0.014113 -0.008104 -0.020161
0 0.008914 0.028226 -0.014587 -0.048387
0 0.008914 0.028226 -0.014587 -0.048387
0 0.005673 0.014113 -0.008104 -0.020161
0 0.005673 0.014113 -0.008104 -0.020161
0 0.007293 0.020161 -0.011345 -0.032258
0 0.008914 0.028226 -0.014587 -0.048387
0 0.005673 0.014113 -0.008104 -0.020161
0 0.005673 0.014113 -0.008104 -0.020161
0 0.005673 0.014113 -0.008104 -0.020161
0 0.008914 0.028226 -0.014587 -0.048387
0 0.008914 0.028226 -0.014587 -0.048387
0 0.005673 0.014113 -0.008104 -0.020161
0 0.005673 0.014113 -0.008104 -0.020161
0 0.005673 0.014113 -0.008104 -0.020161
0 0.005673 0.014113 -0.008104 -0.020161
0 0.005673 0.014113 -0.008104 -0.020161
0 0.008914 0.028226 -0.014587 -0.048387
0 0.005673 0.014113 -0.008104 -0.020161
0 0.005673 0.014113 -0.008104 -0.020161
0 0.005673 0.014113 -0.008104 -0.020161
0 0.008914 0.028226 -0.014587 -0.048387
0 0.005673 0.014113 -0.008104 -0.020161
0 0.007293 0.020161 -0.011345 -0.032258
0 0.008914 0.028226 -0.014587 -0.048387
0 0.005673 0.014113 -0.008104 -0.020161
0 0.008914 0.028226 -0.014587 -0.048387
0 0.005673 0.014113 -0.008104 -0.020161
0 0.008914 0.028226 -0.014587 -0.048387
0 0.005673 0.014113 -0.008104 -0.020161
0 0.005673 0.014113 -0.008104 -0.020161
0 0.005673 0.014113 -0.008104 -0.020161
0 0.005673 0.014113 -0.008104 -0.020161
0 0.005673 0.014113 -0.008104 -0.020161
0 0.005673 0.014113 -0.008104 -0.020161
0 0.005673 0.014113 -0.008104 -0.020161
0 0.005673 0.014113 -0.008104 -0.020161
0 0.005673 0.014113 -0.008104 -0.020161
0 0.006483 0.016129 -0.009724 -0.024194
0 0.005673 0.014113 -0.008104 -0.020161
0 0.005673 0.014113 -0.008104 -0.020161
0 0.008914 0.028226 -0.014587 -0.048387
0 0.006483 0.016129 -0.009724 -0.024194
0 0.008914 0.028226 -0.014587 -0.048387
0 0.005673 0.014113 -0.008104 -0.020161
0 0.008914 0.028226 -0.014587 -0.048387
0 0.005673 0.014113 -0.008104 -0.020161
0 0.005673 0.014113 -0.008104 -0.020161
0 0.008914 0.028226 -0.014587 -0.048387
0 0.006483 0.016129 -0.009724 -0.024194
0 0.005673 0.014113 -0.008104 -0.020161
0 0.005673 0.014113 -0.008104 -0.020161
0 0.008914 0.028226 -0.014587 -0.048387
0 0.005673 0.014113 -0.008104 -0.020161
0 0.005673 0.014113 -0.008104 -0.020161
0 0.005673 0.014113 -0.008104 -0.020161
0 0.008914 0.028226 -0.014587 -0.048387
0 0.005673 0.014113 -0.008104 -0.020161
0 0.008914 0.028226 -0.014587 -0.048387
0 0.008914 0.028226 -0.014587 -0.048387
0 0.005673 0.014113 -0.008104 -0.020161
0 0.008914 0.028226 -0.014587 -0.048387
0 0.005673 0.014113 -0.008104 -0.020161
0 0.005673 0.014113 -0.008104 -0.020161
0 0.008914 0.028226 -0.014587 -0.048387
0 0.005673 0.014113 -0.008104 -0.020161
0 0.008914 0.028226 -0.014587 -0.048387
0 0.008914 0.028226 -0.014587 -0.048387
0 0.005673 0.014113 -0.008104 -0.020161
0 0.006483 0.016129 -0.009724 -0.024194
0 0.008914 0.028226 -0.014587 -0.048387
0 0.005673 0.014113 -0.008104 -0.020161
0 0.005673 0.014113 -0.008104 -0.020161
0 0.005673 0.014113 -0.008104 -0.020161
0 0.005673 0.014113 -0.008104 -0.020161
0 0.005673 0.014113 -0.008104 -0.020161
0 0.008914 0.028226 -0.014587 -0.048387
0 0.005673 0.014113 -0.008104 -0.020161
0 0.007293 0.020161 -0.011345 -0.032258
0 0.005673 0.014113 -0.008104 -0.020161
0 0.005673 0.014113 -0.008104 -0.020161
0 0.005673 0.014113 -0.008104 -0.020161
0 0.005673 0.014113 -0.008104 -0.020161
0 0.005673 0.014113 -0.008104 -0.020161
0 0.008914 0.028226 -0.014587 -0.048387
0 0.005673 0.014113 -0.008104 -0.020161
0 0.008914 0.028226 -0.014587 -0.048387
0 0.008914 0.028226 -0.014587 -0.048387
0 0.008914 0.028226 -0.014587 -0.048387
0 0.005673 0.014113 -0.008104 -0.020161
0 0.008914 0.028226 -0.014587 -0.048387
0 0.005673 0.014113 -0.008104 -0.020161
0 0.005673 0.014113 -0.008104 -0.020161
0 0.005673 0.014113 -0.008104 -0.020161
0 0.005673 0.014113 -0.008104 -0.020161
0 0.008914 0.028226 -0.014587 -0.048387
0 0.005673 0.014113 -0.008104 -0.020161
0 0.008914 0.028226 -0.014587 -0.048387
0 0.006483 0.016129 -0.009724 -0.024194
0 0.005673 0.014113 -0.008104 -0.020161
0 0.005673 0.014113 -0.008104 -0.020161
0 0.005673 0.014113 -0.008104 -0.020161
0 0.005673 0.014113 -0.008104 -0.020161
0 0.005673 0.014113 -0.008104 -0.020161
0 0.007293 0.020161 -0.011345 -0.032258
0 0.005673 0.014113 -0.008104 -0.020161
0 0.005673 0.014113 -0.008104 -0.020161
0 0.005673 0.014113 -0.008104 -0.020161
0 0.157212 0.080645 -0.311183 -0.153226
0 0.008914 0.028226 -0.014587 -0.048387
0 0.005673 0.014113 -0.008104 -0.020161
0 0.008914 0.028226 -0.014587 -0.048387
0 0.005673 0.014113 -0.008104 -0.020161
0 0.005673 0.014113 -0.008104 -0.020161
0 0.008104 0.024194 -0.012966 -0.040323
0 0.006483 0.016129 -0.009724 -0.024194
0 0.008914 0.028226 -0.014587 -0.048387
0 0.008914 0.028226 -0.014587 -0.048387
0 0.005673 0.014113 -0.008104 -0.020161
0 0.005673 0.014113 -0.008104 -0.020161
0 0.007293 0.020161 -0.011345 -0.032258
0 0.005673 0.014113 -0.008104 -0.020161
0 0.008914 0.028226 -0.014587 -0.048387
0 0.006483 0.016129 -0.009724 -0.024194
0 0.008914 0.028226 -0.014587 -0.048387
0 0.005673 0.014113 -0.008104 -0.020161
0 0.005673 0.014113 -0.008104 -0.020161
0 0.008914 0.028226 -0.014587 -0.048387
0 0.008914 0.028226 -0.014587 -0.048387
0 0.005673 0.014113 -0.008104 -0.020161
0 0.005673 0.014113 -0.008104 -0.020161
0 0.005673 0.014113 -0.008104 -0.020161
0 0.005673 0.014113 -0.008104 -0.020161
0 0.008914 0.028226 -0.014587 -0.048387
0 0.005673 0.014113 -0.008104 -0.020161
0 0.005673 0.014113 -0.008104 -0.020161
0 0.005673 0.014113 -0.008104 -0.020161
0 0.008104 0.024194 -0.012966 -0.040323
0 0.005673 0.014113 -0.008104 -0.020161
0 0.005673 0.014113 -0.008104 -0.020161
0 0.005673 0.014113 -0.008104 -0.020161
0 0.006483 0.016129 -0.009724 -0.024194
0 0.005673 0.014113 -0.008104 -0.020161
0 0.008914 0.028226 -0.014587 -0.048387
0 0.008914 0.028226 -0.014587 -0.048387
0 0.008104 0.024194 -0.012966 -0.040323
0 0.008914 0.028226 -0.014587 -0.048387
0 0.005673 0.014113 -0.008104 -0.020161
0 0.008914 0.028226 -0.014587 -0.048387
0 0.005673 0.014113 -0.008104 -0.020161
0 0.005673 0.014113 -0.008104 -0.020161
0 0.008914 0.028226 -0.014587 -0.048387
0 0.005673 0.014113 -0.008104 -0.020161
0 0.008914 0.028226 -0.014587 -0.048387
0 0.007293 0.020161 -0.011345 -0.032258
0 0.005673 0.014113 -0.008104 -0.020161
0 0.005673 0.014113 -0.008104 -0.020161
0 0.005673 0.014113 -0.008104 -0.020161
0 0.005673 0.014113 -0.008104 -0.020161
0 0.005673 0.014113 -0.008104 -0.020161
0 0.005673 0.014113 -0.008104 -0.020161
0 0.005673 0.014113 -0.008104 -0.020161
0 0.005673 0.014113 -0.008104 -0.020161
0 0.008914 0.028226 -0.014587 -0.048387
0 0.006483 0.016129 -0.009724 -0.024194
0 0.005673 0.014113 -0.008104 -0.020161
0 0.005673 0.014113 -0.008104 -0.020161
0 0.005673 0.014113 -0.008104 -0.020161
0 0.005673 0.014113 -0.008104 -0.020161
0 0.005673 0.014113 -0.008104 -0.020161
0 0.005673 0.014113 -0.008104 -0.020161
0 0.008914 0.028226 -0.014587 -0.048387
0 0.005673 0.014113 -0.008104 -0.020161
0 0.005673 0.014113 -0.008104 -0.020161
0 0.005673 0.014113 -0.008104 -0.020161
0 0.008914 0.028226 -0.014587 -0.048387
0 0.005673 0.014113 -0.008104 -0.020161
0 0.005673 0.014113 -0.008104 -0.020161
0 0.005673 0.014113 -0.008104 -0.020161
0 0.005673 0.014113 -0.008104 -0.020161
0 0.008914 0.028226 -0.014587 -0.048387
0 0.008914 0.028226 -0.014587 -0.048387
0 0.008914 0.028226 -0.014587 -0.048387
0 0.005673 0.014113 -0.008104 -0.020161
0 0.005673 0.014113 -0.008104 -0.020161
0 0.008914 0.028226 -0.014587 -0.048387
0 0.008914 0.028226 -0.014587 -0.048387
0 0.005673 0.014113 -0.008104 -0.020161
0 0.006483 0.016129 -0.009724 -0.024194
0 0.005673 0.014113 -0.008104 -0.020161
0 0.008914 0.028226 -0.014587 -0.048387
0 0.005673 0.014113 -0.008104 -0.020161
0 0.008914 0.028226 -0.014587 -0.048387
0 0.008914 0.028226 -0.014587 -0.048387
0 0.008914 0.028226 -0.014587 -0.048387
0 0.005673 0.014113 -0.008104 -0.020161
0 0.005673 0.014113 -0.008104 -0.020161
0 0.005673 0.014113 -0.008104 -0.020161
0 0.005673 0.014113 -0.008104 -0.020161
0 0.006483 0.016129 -0.009724 -0.024194
0 0.008914 0.028226 -0.014587 -0.048387
0 0.008914 0.028226 -0.014587 -0.048387
0 0.005673 0.014113 -0.008104 -0.020161
0 0.005673 0.014113 -0.008104 -0.020161
0 0.005673 0.014113 -0.008104 -0.020161
0 0.008914 0.028226 -0.014587 -0.048387
0 0.005673 0.014113 -0.008104 -0.020161
0 0.005673 0.014113 -0.008104 -0.020161
0 0.008914 0.028226 -0.014587 -0.048387
0 0.005673 0.014113 -0.008104 -0.020161
0 0.005673 0.014113 -0.008104 -0.020161
0 0.008914 0.028226 -0.014587 -0.048387
0 0.008914 0.028226 -0.014587 -0.048387
0 0.008914 0.028226 -0.014587 -0.048387
0 0.005673 0.014113 -0.008104 -0.020161
0 0.005673 0.014113 -0.008104 -0.020161
0 0.005673 0.014113 -0.008104 -0.020161
0 0.005673 0.014113 -0.008104 -0.020161
0 0.008914 0.028226 -0.014587 -0.048387