0 0.014667 0.025000 -0.026667 -0.050000
0 0.014667 0.026000 -0.026667 -0.048000
0 0.011333 0.021000 -0.020000 -0.038000
0 0.011333 0.020000 -0.020000 -0.040000
0 0.011333 0.021000 -0.020000 -0.038000
0 0.014667 0.025000 -0.026667 -0.050000
0 0.014667 0.026000 -0.026667 -0.048000
0 0.011333 0.021000 -0.020000 -0.038000
0 0.011333 0.021000 -0.020000 -0.038000
0 0.014667 0.025000 -0.026667 -0.050000
0 0.012667 0.023000 -0.022667 -0.042000
0 0.012667 0.023000 -0.022667 -0.042000
0 0.011333 0.020000 -0.020000 -0.040000
0 0.014667 0.025000 -0.026667 -0.050000
0 0.014667 0.025000 -0.026667 -0.050000
0 0.014667 0.026000 -0.026667 -0.048000
0 0.011333 0.021000 -0.020000 -0.038000
0 0.014667 0.025000 -0.026667 -0.050000
0 0.020667 0.037000 -0.038667 -0.074000
0 0.011333 0.021000 -0.020000 -0.038000
0 0.014000 0.027000 -0.025333 -0.054000
0 0.014000 0.027000 -0.025333 -0.054000
0 0.011333 0.021000 -0.020000 -0.038000
0 0.011333 0.020000 -0.020000 -0.040000
0 0.011333 0.020000 -0.020000 -0.040000
0 0.012667 0.023000 -0.022667 -0.042000
0 0.011333 0.021000 -0.020000 -0.038000
0 0.011333 0.021000 -0.020000 -0.038000
0 0.014000 0.028000 -0.025333 -0.052000
0 0.020667 0.037000 -0.038667 -0.074000
0 0.014667 0.026000 -0.026667 -0.048000
0 0.012667 0.023000 -0.022667 -0.042000
0 0.014000 0.028000 -0.025333 -0.052000
0 0.011333 0.020000 -0.020000 -0.040000
0 0.011333 0.021000 -0.020000 -0.038000
0 0.011333 0.020000 -0.020000 -0.040000
0 0.014000 0.028000 -0.025333 -0.052000
0 0.014000 0.027000 -0.025333 -0.054000