0 0.009887 0.018750 -0.016949 -0.032500
0 0.009887 0.018750 -0.016949 -0.032500
0 0.001412 0.001250 0.000000 -0.002500
0 0.008475 0.018750 -0.014124 -0.032500
0 0.001412 0.001250 0.000000 -0.002500
0 0.004944 0.007500 -0.007062 -0.015000
0 0.000706 0.000000 0.001412 0.000000
0 0.008475 0.017500 -0.014124 -0.035000
0 0.004944 0.007500 -0.007062 -0.015000
0 0.004944 0.007500 -0.007062 -0.015000
0 0.008475 0.017500 -0.014124 -0.035000
0 0.008475 0.017500 -0.014124 -0.035000
0 0.008475 0.018750 -0.014124 -0.032500
0 0.008475 0.018750 -0.014124 -0.032500
0 0.004237 0.008750 -0.005650 -0.017500
0 0.004944 0.007500 -0.007062 -0.015000
0 0.008475 0.018750 -0.014124 -0.032500
0 0.000706 0.000000 0.001412 0.000000
0 0.009887 0.018750 -0.016949 -0.032500
0 0.008475 0.017500 -0.014124 -0.035000
0 0.001412 0.001250 0.000000 -0.002500
0 0.000706 0.000000 0.001412 0.000000
0 0.008475 0.017500 -0.014124 -0.035000
0 0.008475 0.017500 -0.014124 -0.035000
0 0.004944 0.007500 -0.007062 -0.015000
0 0.004944 0.007500 -0.007062 -0.015000
0 0.008475 0.018750 -0.014124 -0.032500
0 0.008475 0.017500 -0.014124 -0.035000
0 0.008475 0.018750 -0.014124 -0.032500
0 0.001412 0.001250 0.000000 -0.002500
0 0.008475 0.017500 -0.014124 -0.035000
0 0.004944 0.007500 -0.007062 -0.015000
0 0.004944 0.007500 -0.007062 -0.015000
0 0.008475 0.018750 -0.014124 -0.032500
0 0.004944 0.007500 -0.007062 -0.015000
0 0.004944 0.007500 -0.007062 -0.015000
0 0.004944 0.007500 -0.007062 -0.015000
0 0.006356 0.015000 -0.009887 -0.030000
0 0.008475 0.017500 -0.014124 -0.035000
0 0.009887 0.018750 -0.016949 -0.032500
0 0.000706 0.000000 0.001412 0.000000
0 0.004944 0.007500 -0.007062 -0.015000
0 0.000706 0.000000 0.001412 0.000000
0 0.008475 0.017500 -0.014124 -0.035000
0 0.004944 0.007500 -0.007062 -0.015000
0 0.004944 0.007500 -0.007062 -0.015000
0 0.009887 0.018750 -0.016949 -0.032500
0 0.009887 0.018750 -0.016949 -0.032500
0 0.008475 0.018750 -0.014124 -0.032500
0 0.008475 0.016250 -0.014124 -0.027500
0 0.004944 0.007500 -0.007062 -0.015000
0 0.008475 0.017500 -0.014124 -0.035000
0 0.007062 0.017500 -0.011299 -0.035000
0 0.004944 0.010000 -0.007062 -0.020000