0 0.000909 0.000000 0.001818 0.000000
0 0.006364 0.008091 -0.009091 -0.016181
0 0.002727 0.003236 -0.001818 -0.006472
0 0.002727 0.003236 -0.001818 -0.006472
0 0.000909 0.000000 0.001818 0.000000
0 0.000909 0.000000 0.001818 0.000000
0 0.006364 0.008091 -0.009091 -0.016181
0 0.006364 0.008091 -0.009091 -0.016181
0 0.002727 0.003236 -0.001818 -0.006472
0 0.002727 0.003236 -0.001818 -0.006472
0 0.000909 0.000000 0.001818 0.000000
0 0.006364 0.008091 -0.009091 -0.016181
0 0.002727 0.003236 -0.001818 -0.006472
0 0.002727 0.003236 -0.001818 -0.006472
0 0.002727 0.003236 -0.001818 -0.006472
0 0.006364 0.008091 -0.009091 -0.016181
0 0.000909 0.000000 0.001818 0.000000
0 0.006364 0.008091 -0.009091 -0.016181
0 0.002727 0.003236 -0.001818 -0.006472
0 0.006364 0.008091 -0.009091 -0.016181
0 0.000909 0.000000 0.001818 0.000000
0 0.002727 0.003236 -0.001818 -0.006472
0 0.006364 0.008091 -0.009091 -0.016181
0 0.006364 0.008091 -0.009091 -0.016181
0 0.006364 0.008091 -0.009091 -0.016181
0 0.002727 0.003236 -0.001818 -0.006472
0 0.000909 0.000000 0.001818 0.000000
0 0.006364 0.008091 -0.009091 -0.016181
0 0.000909 0.000000 0.001818 0.000000
0 0.002727 0.003236 -0.001818 -0.006472
0 0.002727 0.003236 -0.001818 -0.006472
0 0.002727 0.003236 -0.001818 -0.006472
0 0.002727 0.003236 -0.001818 -0.006472
0 0.002727 0.003236 -0.001818 -0.006472
0 0.002727 0.003236 -0.001818 -0.006472
0 0.002727 0.003236 -0.001818 -0.006472
0 0.000909 0.000000 0.001818 0.000000
0 0.002727 0.003236 -0.001818 -0.006472
0 0.000909 0.000000 0.001818 0.000000
0 0.000909 0.000000 0.001818 0.000000
0 0.006364 0.008091 -0.009091 -0.016181
0 0.006364 0.008091 -0.009091 -0.016181
0 0.006364 0.008091 -0.009091 -0.016181
0 0.000909 0.000000 0.001818 0.000000
0 0.006364 0.008091 -0.009091 -0.016181
0 0.002727 0.003236 -0.001818 -0.006472
0 0.006364 0.008091 -0.009091 -0.016181
0 0.002727 0.003236 -0.001818 -0.006472
0 0.006364 0.008091 -0.009091 -0.016181
0 0.002727 0.003236 -0.001818 -0.006472
0 0.002727 0.003236 -0.001818 -0.006472
0 0.000909 0.000000 0.001818 0.000000
0 0.002727 0.003236 -0.001818 -0.006472
0 0.000909 0.000000 0.001818 0.000000
0 0.000909 0.000000 0.001818 0.000000
0 0.006364 0.008091 -0.009091 -0.016181
0 0.006364 0.008091 -0.009091 -0.016181
0 0.000909 0.000000 0.001818 0.000000
0 0.006364 0.008091 -0.009091 -0.016181
0 0.006364 0.008091 -0.009091 -0.016181
0 0.002727 0.003236 -0.001818 -0.006472
0 0.006364 0.008091 -0.009091 -0.016181
0 0.000909 0.000000 0.001818 0.000000
0 0.002727 0.003236 -0.001818 -0.006472
0 0.000909 0.000000 0.001818 0.000000
0 0.002727 0.003236 -0.001818 -0.006472
0 0.006364 0.008091 -0.009091 -0.016181
0 0.000909 0.000000 0.001818 0.000000
0 0.000909 0.000000 0.001818 0.000000
0 0.006364 0.008091 -0.009091 -0.016181
0 0.000909 0.000000 0.001818 0.000000
0 0.002727 0.003236 -0.001818 -0.006472
0 0.000909 0.000000 0.001818 0.000000
0 0.002727 0.003236 -0.001818 -0.006472
0 0.000909 0.000000 0.001818 0.000000
0 0.002727 0.003236 -0.001818 -0.006472
0 0.006364 0.008091 -0.009091 -0.016181
0 0.006364 0.008091 -0.009091 -0.016181
0 0.002727 0.003236 -0.001818 -0.006472
0 0.000909 0.000000 0.001818 0.000000
0 0.006364 0.008091 -0.009091 -0.016181
0 0.006364 0.008091 -0.009091 -0.016181
0 0.006364 0.008091 -0.009091 -0.016181
0 0.000909 0.000000 0.001818 0.000000
0 0.000909 0.000000 0.001818 0.000000
0 0.002727 0.003236 -0.001818 -0.006472
0 0.000909 0.000000 0.001818 0.000000
0 0.002727 0.003236 -0.001818 -0.006472
0 0.000909 0.000000 0.001818 0.000000
0 0.006364 0.008091 -0.009091 -0.016181
0 0.002727 0.003236 -0.001818 -0.006472
0 0.000909 0.000000 0.001818 0.000000
0 0.002727 0.003236 -0.001818 -0.006472
0 0.002727 0.003236 -0.001818 -0.006472
0 0.006364 0.008091 -0.009091 -0.016181
0 0.002727 0.003236 -0.001818 -0.006472
0 0.006364 0.008091 -0.009091 -0.016181
0 0.001818 0.001618 0.000000 -0.003236
0 0.000909 0.000000 0.001818 0.000000
0 0.002727 0.003236 -0.001818 -0.006472
0 0.006364 0.008091 -0.009091 -0.016181
0 0.002727 0.003236 -0.001818 -0.006472
0 0.002727 0.003236 -0.001818 -0.006472
0 0.006364 0.008091 -0.009091 -0.016181
0 0.006364 0.008091 -0.009091 -0.016181
0 0.000909 0.000000 0.001818 0.000000
0 0.006364 0.008091 -0.009091 -0.016181
0 0.000909 0.000000 0.001818 0.000000
0 0.006364 0.008091 -0.009091 -0.016181
0 0.006364 0.008091 -0.009091 -0.016181
0 0.000909 0.000000 0.001818 0.000000
0 0.000909 0.000000 0.001818 0.000000
0 0.006364 0.008091 -0.009091 -0.016181
0 0.002727 0.003236 -0.001818 -0.006472
0 0.002727 0.003236 -0.001818 -0.006472
0 0.000909 0.000000 0.001818 0.000000
0 0.000909 0.000000 0.001818 0.000000
0 0.001818 0.001618 0.000000 -0.003236
0 0.006364 0.008091 -0.009091 -0.016181
0 0.002727 0.003236 -0.001818 -0.006472
0 0.000909 0.000000 0.001818 0.000000
0 0.006364 0.008091 -0.009091 -0.016181
0 0.002727 0.003236 -0.001818 -0.006472
0 0.006364 0.008091 -0.009091 -0.016181
0 0.002727 0.003236 -0.001818 -0.006472
0 0.006364 0.008091 -0.009091 -0.016181
0 0.000909 0.000000 0.001818 0.000000
0 0.002727 0.003236 -0.001818 -0.006472
0 0.002727 0.003236 -0.001818 -0.006472
0 0.006364 0.008091 -0.009091 -0.016181
0 0.002727 0.003236 -0.001818 -0.006472
0 0.006364 0.008091 -0.009091 -0.016181
0 0.006364 0.008091 -0.009091 -0.016181
0 0.002727 0.003236 -0.001818 -0.006472
0 0.000909 0.000000 0.001818 0.000000
0 0.002727 0.003236 -0.001818 -0.006472
0 0.002727 0.003236 -0.001818 -0.006472
0 0.006364 0.008091 -0.009091 -0.016181
0 0.000909 0.000000 0.001818 0.000000
0 0.002727 0.003236 -0.001818 -0.006472
0 0.006364 0.008091 -0.009091 -0.016181
0 0.000909 0.000000 0.001818 0.000000
0 0.002727 0.003236 -0.001818 -0.006472
0 0.002727 0.003236 -0.001818 -0.006472
0 0.002727 0.003236 -0.001818 -0.006472
0 0.000909 0.000000 0.001818 0.000000
0 0.006364 0.008091 -0.009091 -0.016181
0 0.006364 0.008091 -0.009091 -0.016181
0 0.006364 0.008091 -0.009091 -0.016181
0 0.002727 0.003236 -0.001818 -0.006472
0 0.006364 0.008091 -0.009091 -0.016181
0 0.006364 0.008091 -0.009091 -0.016181
0 0.002727 0.003236 -0.001818 -0.006472
0 0.006364 0.008091 -0.009091 -0.016181
0 0.006364 0.008091 -0.009091 -0.016181
0 0.006364 0.008091 -0.009091 -0.016181
0 0.006364 0.008091 -0.009091 -0.016181
0 0.002727 0.003236 -0.001818 -0.006472
0 0.000909 0.000000 0.001818 0.000000
0 0.002727 0.003236 -0.001818 -0.006472
0 0.006364 0.008091 -0.009091 -0.016181
0 0.002727 0.003236 -0.001818 -0.006472
0 0.002727 0.003236 -0.001818 -0.006472
0 0.006364 0.008091 -0.009091 -0.016181
0 0.006364 0.008091 -0.009091 -0.016181
0 0.006364 0.008091 -0.009091 -0.016181
0 0.000909 0.000000 0.001818 0.000000
0 0.000909 0.000000 0.001818 0.000000
0 0.002727 0.003236 -0.001818 -0.006472
0 0.002727 0.003236 -0.001818 -0.006472
0 0.000909 0.000000 0.001818 0.000000
0 0.002727 0.003236 -0.001818 -0.006472
0 0.002727 0.003236 -0.001818 -0.006472
0 0.002727 0.003236 -0.001818 -0.006472
0 0.002727 0.003236 -0.001818 -0.006472
0 0.000909 0.000000 0.001818 0.000000
0 0.006364 0.008091 -0.009091 -0.016181
0 0.006364 0.008091 -0.009091 -0.016181
0 0.000909 0.000000 0.001818 0.000000
0 0.002727 0.003236 -0.001818 -0.006472
0 0.002727 0.003236 -0.001818 -0.006472
0 0.006364 0.008091 -0.009091 -0.016181
0 0.002727 0.003236 -0.001818 -0.006472
0 0.002727 0.003236 -0.001818 -0.006472
0 0.006364 0.008091 -0.009091 -0.016181
0 0.002727 0.003236 -0.001818 -0.006472
0 0.000909 0.000000 0.001818 0.000000
0 0.006364 0.008091 -0.009091 -0.016181
0 0.000909 0.000000 0.001818 0.000000
0 0.006364 0.008091 -0.009091 -0.016181
0 0.006364 0.008091 -0.009091 -0.016181