0 0.003665 0.012000 -0.006283 -0.024000
0 0.003665 0.012000 -0.006283 -0.024000
0 0.006545 0.019000 -0.012042 -0.038000
0 0.015707 0.040000 -0.030366 -0.080000
0 0.003665 0.012000 -0.006283 -0.024000
0 0.003665 0.012000 -0.006283 -0.024000
0 0.003665 0.012000 -0.006283 -0.024000
0 0.001047 0.002500 -0.001047 -0.005000
0 0.027749 0.061000 -0.054450 -0.122000
0 0.003665 0.012000 -0.006283 -0.024000
0 0.027749 0.061000 -0.054450 -0.122000
0 0.003665 0.012000 -0.006283 -0.024000
0 0.003665 0.012000 -0.006283 -0.024000
0 0.027749 0.061000 -0.054450 -0.122000
0 0.003665 0.012000 -0.006283 -0.024000
0 0.003665 0.012000 -0.006283 -0.024000
0 0.013089 0.027500 -0.025131 -0.055000
0 0.001047 0.002500 -0.001047 -0.005000
0 0.003665 0.012000 -0.006283 -0.024000
0 0.001047 0.002500 -0.001047 -0.005000
0 0.001047 0.002500 -0.001047 -0.005000
0 0.001047 0.002500 -0.001047 -0.005000
0 0.001047 0.002500 -0.001047 -0.005000
0 0.003665 0.012000 -0.006283 -0.024000
0 0.003665 0.012000 -0.006283 -0.024000
0 0.010209 0.024000 -0.019372 -0.048000
0 0.015707 0.040000 -0.030366 -0.080000
0 0.003665 0.012000 -0.006283 -0.024000
0 0.003665 0.012000 -0.006283 -0.024000
0 0.001047 0.002500 -0.001047 -0.005000
0 0.003665 0.012000 -0.006283 -0.024000
0 0.013089 0.027500 -0.025131 -0.055000
0 0.003665 0.012000 -0.006283 -0.024000
0 0.012565 0.033000 -0.024084 -0.066000
0 0.001047 0.002500 -0.001047 -0.005000
0 0.001047 0.002500 -0.001047 -0.005000
0 0.003665 0.012000 -0.006283 -0.024000
0 0.001047 0.002500 -0.001047 -0.005000
0 0.003665 0.012000 -0.006283 -0.024000
0 0.015707 0.040000 -0.030366 -0.080000
0 0.003665 0.012000 -0.006283 -0.024000
0 0.003665 0.012000 -0.006283 -0.024000
0 0.001047 0.002500 -0.001047 -0.005000
0 0.003665 0.012000 -0.006283 -0.024000
0 0.001047 0.002500 -0.001047 -0.005000
0 0.003665 0.012000 -0.006283 -0.024000
0 0.001047 0.002500 -0.001047 -0.005000
0 0.003665 0.012000 -0.006283 -0.024000
0 0.003665 0.012000 -0.006283 -0.024000
0 0.003665 0.012000 -0.006283 -0.024000
0 0.003665 0.012000 -0.006283 -0.024000
0 0.003665 0.012000 -0.006283 -0.024000
0 0.003665 0.012000 -0.006283 -0.024000
0 0.003665 0.012000 -0.006283 -0.024000
0 0.034817 0.089000 -0.068586 -0.178000
0 0.015707 0.040000 -0.030366 -0.080000
0 0.003665 0.012000 -0.006283 -0.024000
0 0.003665 0.012000 -0.006283 -0.024000
0 0.003665 0.012000 -0.006283 -0.024000
0 0.001047 0.002500 -0.001047 -0.005000
0 0.003665 0.012000 -0.006283 -0.024000
0 0.001047 0.002500 -0.001047 -0.005000
0 0.001047 0.002500 -0.001047 -0.005000
0 0.027749 0.061000 -0.054450 -0.122000
0 0.001047 0.002500 -0.001047 -0.005000
0 0.027749 0.061000 -0.054450 -0.122000
0 0.003665 0.012000 -0.006283 -0.024000
0 0.003665 0.012000 -0.006283 -0.024000
0 0.001047 0.002500 -0.001047 -0.005000
0 0.001047 0.002500 -0.001047 -0.005000
0 0.003665 0.012000 -0.006283 -0.024000
0 0.001047 0.002500 -0.001047 -0.005000
0 0.027749 0.061000 -0.054450 -0.122000
0 0.027749 0.061000 -0.054450 -0.122000
0 0.003665 0.012000 -0.006283 -0.024000
0 0.001047 0.002500 -0.001047 -0.005000
0 0.003665 0.012000 -0.006283 -0.024000
0 0.001047 0.002500 -0.001047 -0.005000
0 0.003665 0.012000 -0.006283 -0.024000
0 0.003665 0.012000 -0.006283 -0.024000
0 0.027749 0.061000 -0.054450 -0.122000
0 0.003665 0.012000 -0.006283 -0.024000
0 0.001047 0.002500 -0.001047 -0.005000
0 0.001047 0.002500 -0.001047 -0.005000
0 0.001047 0.002500 -0.001047 -0.005000
0 0.001047 0.002500 -0.001047 -0.005000
0 0.001047 0.002500 -0.001047 -0.005000
0 0.001047 0.002500 -0.001047 -0.005000
0 0.003665 0.012000 -0.006283 -0.024000
0 0.001047 0.002500 -0.001047 -0.005000
0 0.008377 0.022000 -0.015707 -0.044000
0 0.003665 0.012000 -0.006283 -0.024000
0 0.003665 0.012000 -0.006283 -0.024000
0 0.001047 0.002500 -0.001047 -0.005000
0 0.001047 0.002500 -0.001047 -0.005000
0 0.003665 0.012000 -0.006283 -0.024000
0 0.027749 0.061000 -0.054450 -0.122000
0 0.008377 0.022000 -0.015707 -0.044000
0 0.003665 0.012000 -0.006283 -0.024000
0 0.015707 0.040000 -0.030366 -0.080000
0 0.027749 0.061000 -0.054450 -0.122000
0 0.001047 0.002500 -0.001047 -0.005000
0 0.001047 0.002500 -0.001047 -0.005000
0 0.003665 0.012000 -0.006283 -0.024000
0 0.027749 0.061000 -0.054450 -0.122000
0 0.001047 0.002500 -0.001047 -0.005000
0 0.010209 0.024000 -0.019372 -0.048000
0 0.001047 0.002500 -0.001047 -0.005000
0 0.001047 0.002500 -0.001047 -0.005000
0 0.001571 0.004500 -0.002094 -0.009000
0 0.003665 0.012000 -0.006283 -0.024000
0 0.003665 0.012000 -0.006283 -0.024000
0 0.001047 0.002500 -0.001047 -0.005000
0 0.003665 0.012000 -0.006283 -0.024000
0 0.001047 0.002500 -0.001047 -0.005000
0 0.003665 0.012000 -0.006283 -0.024000
0 0.001047 0.002500 -0.001047 -0.005000
0 0.001047 0.002500 -0.001047 -0.005000
0 0.003665 0.012000 -0.006283 -0.024000
0 0.001047 0.002500 -0.001047 -0.005000
0 0.001047 0.002500 -0.001047 -0.005000
0 0.027749 0.061000 -0.054450 -0.122000
0 0.003665 0.012000 -0.006283 -0.024000
0 0.001047 0.002500 -0.001047 -0.005000
0 0.027749 0.061000 -0.054450 -0.122000
0 0.003665 0.012000 -0.006283 -0.024000
0 0.003665 0.012000 -0.006283 -0.024000
0 0.003665 0.012000 -0.006283 -0.024000
0 0.003665 0.012000 -0.006283 -0.024000
0 0.003665 0.012000 -0.006283 -0.024000
0 0.003665 0.012000 -0.006283 -0.024000
0 0.027749 0.061000 -0.054450 -0.122000
0 0.001047 0.002500 -0.001047 -0.005000
0 0.015707 0.040000 -0.030366 -0.080000
0 0.001047 0.002500 -0.001047 -0.005000
0 0.001047 0.002500 -0.001047 -0.005000
0 0.003665 0.012000 -0.006283 -0.024000
0 0.003665 0.012000 -0.006283 -0.024000
0 0.001047 0.002500 -0.001047 -0.005000
0 0.001047 0.002500 -0.001047 -0.005000
0 0.001047 0.002500 -0.001047 -0.005000
0 0.003665 0.012000 -0.006283 -0.024000
0 0.027749 0.061000 -0.054450 -0.122000
0 0.003665 0.012000 -0.006283 -0.024000
0 0.001047 0.002500 -0.001047 -0.005000
0 0.003665 0.012000 -0.006283 -0.024000
0 0.015707 0.040000 -0.030366 -0.080000
0 0.003665 0.012000 -0.006283 -0.024000
0 0.001571 0.006500 -0.002094 -0.013000
0 0.003665 0.012000 -0.006283 -0.024000
0 0.001047 0.002500 -0.001047 -0.005000
0 0.001047 0.002500 -0.001047 -0.005000
0 0.003665 0.012000 -0.006283 -0.024000
0 0.003665 0.012000 -0.006283 -0.024000
0 0.001047 0.002500 -0.001047 -0.005000
0 0.003665 0.012000 -0.006283 -0.024000
0 0.003665 0.012000 -0.006283 -0.024000
0 0.003665 0.012000 -0.006283 -0.024000
0 0.003665 0.012000 -0.006283 -0.024000
0 0.003665 0.012000 -0.006283 -0.024000
0 0.003665 0.012000 -0.006283 -0.024000
0 0.003665 0.012000 -0.006283 -0.024000
0 0.003665 0.012000 -0.006283 -0.024000
0 0.015707 0.040000 -0.030366 -0.080000
0 0.001047 0.002500 -0.001047 -0.005000
0 0.003665 0.012000 -0.006283 -0.024000
0 0.001047 0.002500 -0.001047 -0.005000
0 0.001047 0.002500 -0.001047 -0.005000
0 0.003665 0.012000 -0.006283 -0.024000
0 0.003665 0.012000 -0.006283 -0.024000
0 0.001047 0.002500 -0.001047 -0.005000
0 0.027749 0.061000 -0.054450 -0.122000
0 0.048953 0.058000 -0.096859 -0.116000
0 0.001047 0.002500 -0.001047 -0.005000
0 0.003665 0.012000 -0.006283 -0.024000
0 0.001047 0.002500 -0.001047 -0.005000
0 0.003665 0.012000 -0.006283 -0.024000
0 0.003665 0.012000 -0.006283 -0.024000
0 0.001047 0.002500 -0.001047 -0.005000
0 0.001047 0.002500 -0.001047 -0.005000
0 0.001047 0.002500 -0.001047 -0.005000
0 0.001047 0.002500 -0.001047 -0.005000
0 0.015707 0.040000 -0.030366 -0.080000
0 0.001047 0.002500 -0.001047 -0.005000
0 0.003665 0.012000 -0.006283 -0.024000