0 0.013800 0.040512 -0.026800 -0.081023
0 0.012200 0.020611 -0.023600 -0.041222
0 0.014600 0.030561 -0.028400 -0.061123
0 0.023600 0.047974 -0.046400 -0.095949
0 0.024200 0.033404 -0.047600 -0.066809
0 0.035400 0.060768 -0.070000 -0.121535
0 0.016400 0.033049 -0.032000 -0.066098
0 0.035400 0.060768 -0.070000 -0.121535
0 0.023600 0.047974 -0.046400 -0.095949
0 0.019400 0.036603 -0.038000 -0.073205
0 0.029600 0.051173 -0.058400 -0.102345
0 0.018600 0.043355 -0.036400 -0.086709
0 0.014600 0.030561 -0.028400 -0.061123
0 0.013800 0.040512 -0.026800 -0.081023
0 0.014600 0.030561 -0.028400 -0.061123
0 0.029600 0.051173 -0.058400 -0.102345
0 0.035400 0.060768 -0.070000 -0.121535
0 0.014600 0.030561 -0.028400 -0.061123