0 0.013889 0.014583 -0.022222 -0.025000
0 0.005556 0.004167 -0.005556 -0.004167
0 0.006944 0.003125 -0.008333 -0.006250
0 0.006944 0.005208 -0.008333 -0.006250
0 0.006944 0.005208 -0.008333 -0.006250
0 0.016667 0.021875 -0.027778 -0.043750
0 0.015278 0.017708 -0.025000 -0.031250
0 0.016667 0.021875 -0.027778 -0.043750
0 0.015278 0.014583 -0.025000 -0.029167
0 0.013889 0.007292 -0.022222 -0.010417
0 0.005556 0.004167 -0.005556 -0.004167
0 0.009722 0.010417 -0.013889 -0.016667
0 0.009722 0.010417 -0.013889 -0.016667
0 0.006944 0.006250 -0.008333 -0.008333
0 0.006944 0.006250 -0.008333 -0.008333
0 0.006944 0.004167 -0.008333 -0.004167
0 0.041667 0.036458 -0.077778 -0.072917
0 0.005556 0.004167 -0.005556 -0.004167
0 0.015278 0.017708 -0.025000 -0.031250
0 0.006944 0.004167 -0.008333 -0.004167
0 0.005556 0.003125 -0.005556 -0.006250
0 0.016667 0.021875 -0.027778 -0.043750
0 0.020833 0.017708 -0.036111 -0.031250
0 0.006944 0.007292 -0.008333 -0.010417
0 0.006944 0.006250 -0.008333 -0.008333
0 0.013889 0.007292 -0.022222 -0.010417
0 0.002778 0.004167 0.000000 -0.004167
0 0.015278 0.017708 -0.025000 -0.031250
0 0.013889 0.013542 -0.022222 -0.027083
0 0.005556 0.007292 -0.005556 -0.010417
0 0.015278 0.017708 -0.025000 -0.031250
0 0.002778 0.004167 0.000000 -0.004167
0 0.006944 0.005208 -0.008333 -0.006250
0 0.005556 0.007292 -0.005556 -0.010417
0 0.087500 0.091667 -0.169444 -0.183333
0 0.015278 0.017708 -0.025000 -0.031250
0 0.005556 0.007292 -0.005556 -0.010417
0 0.087500 0.091667 -0.169444 -0.183333
0 0.006944 0.005208 -0.008333 -0.006250