0 0.012695 0.021230 -0.023438 -0.042460
0 0.012207 0.023426 -0.022461 -0.046852
0 0.012695 0.021230 -0.023438 -0.042460
0 0.012695 0.021230 -0.023438 -0.042460
0 0.012695 0.021230 -0.023438 -0.042460
0 0.012695 0.021230 -0.023438 -0.042460
0 0.012695 0.021230 -0.023438 -0.042460
0 0.012207 0.023426 -0.022461 -0.046852
0 0.012207 0.023426 -0.022461 -0.046852
0 0.012695 0.021230 -0.023438 -0.042460
0 0.012207 0.023426 -0.022461 -0.046852
0 0.012695 0.021230 -0.023438 -0.042460
0 0.012695 0.021230 -0.023438 -0.042460
0 0.007812 0.019766 -0.013672 -0.039531
0 0.012695 0.021230 -0.023438 -0.042460
0 0.012695 0.021230 -0.023438 -0.042460
0 0.012695 0.021230 -0.023438 -0.042460
0 0.012695 0.021230 -0.023438 -0.042460
0 0.012695 0.021230 -0.023438 -0.042460
0 0.012207 0.023426 -0.022461 -0.046852
0 0.012207 0.023426 -0.022461 -0.046852
0 0.012695 0.021230 -0.023438 -0.042460
0 0.012695 0.021230 -0.023438 -0.042460
0 0.012207 0.023426 -0.022461 -0.046852
0 0.012695 0.021230 -0.023438 -0.042460
0 0.012695 0.021230 -0.023438 -0.042460
0 0.012207 0.023426 -0.022461 -0.046852
0 0.012695 0.021230 -0.023438 -0.042460
0 0.012695 0.021230 -0.023438 -0.042460