0 0.005635 0.009107 -0.009221 -0.014572
0 0.010758 0.019126 -0.019467 -0.038251
0 0.026127 0.053734 -0.050205 -0.107468
0 0.014857 0.038251 -0.027664 -0.076503
0 0.010758 0.020036 -0.019467 -0.036430
0 0.010758 0.020036 -0.019467 -0.036430
0 0.010758 0.020036 -0.019467 -0.036430
0 0.010758 0.020036 -0.019467 -0.036430
0 0.009221 0.020036 -0.016393 -0.036430
0 0.010758 0.020036 -0.019467 -0.036430
0 0.010758 0.019126 -0.019467 -0.038251
0 0.010758 0.020036 -0.019467 -0.036430
0 0.009221 0.020036 -0.016393 -0.036430
0 0.007172 0.011840 -0.012295 -0.020036
0 0.007172 0.017304 -0.012295 -0.030965
0 0.010758 0.020036 -0.019467 -0.036430
0 0.010758 0.020036 -0.019467 -0.036430
0 0.016393 0.031876 -0.030738 -0.063752
0 0.007172 0.011840 -0.012295 -0.020036
0 0.010758 0.019126 -0.019467 -0.038251
0 0.010758 0.020036 -0.019467 -0.036430
0 0.010758 0.019126 -0.019467 -0.038251
0 0.009221 0.020036 -0.016393 -0.036430
0 0.009221 0.020036 -0.016393 -0.036430
0 0.010758 0.020036 -0.019467 -0.036430
0 0.009221 0.020036 -0.016393 -0.036430
0 0.009221 0.020036 -0.016393 -0.036430
0 0.016393 0.031876 -0.030738 -0.063752
0 0.010758 0.020036 -0.019467 -0.036430
0 0.007172 0.011840 -0.012295 -0.020036
0 0.009221 0.020036 -0.016393 -0.036430
0 0.008197 0.020036 -0.014344 -0.036430
0 0.010758 0.020036 -0.019467 -0.036430
0 0.007172 0.011840 -0.012295 -0.020036
0 0.014857 0.038251 -0.027664 -0.076503
0 0.007172 0.011840 -0.012295 -0.020036
0 0.009221 0.020036 -0.016393 -0.036430
0 0.009221 0.020036 -0.016393 -0.036430
0 0.010758 0.020036 -0.019467 -0.036430
0 0.014857 0.038251 -0.027664 -0.076503
0 0.010758 0.019126 -0.019467 -0.038251
0 0.009221 0.020036 -0.016393 -0.036430
0 0.014857 0.038251 -0.027664 -0.076503
0 0.009221 0.020036 -0.016393 -0.036430
0 0.010758 0.020036 -0.019467 -0.036430
0 0.034324 0.063752 -0.062500 -0.127505
0 0.010758 0.019126 -0.019467 -0.038251
0 0.010758 0.019126 -0.019467 -0.038251
0 0.010758 0.020036 -0.019467 -0.036430
0 0.010758 0.020036 -0.019467 -0.036430
0 0.009221 0.020036 -0.016393 -0.036430
0 0.010758 0.020036 -0.019467 -0.036430
0 0.010758 0.020036 -0.019467 -0.036430
0 0.009221 0.020036 -0.016393 -0.036430
0 0.010758 0.019126 -0.019467 -0.038251
0 0.010758 0.019126 -0.019467 -0.038251
0 0.005635 0.009107 -0.009221 -0.014572
0 0.010758 0.019126 -0.019467 -0.038251
0 0.009221 0.020036 -0.016393 -0.036430
0 0.010758 0.020036 -0.019467 -0.036430
0 0.007172 0.011840 -0.012295 -0.020036
0 0.010758 0.020036 -0.019467 -0.036430
0 0.010758 0.019126 -0.019467 -0.038251
0 0.010758 0.019126 -0.019467 -0.038251
0 0.023053 0.042805 -0.044057 -0.085610
0 0.007172 0.011840 -0.012295 -0.020036
0 0.010758 0.020036 -0.019467 -0.036430
0 0.009221 0.020036 -0.016393 -0.036430
0 0.009221 0.020036 -0.016393 -0.036430
0 0.010758 0.020036 -0.019467 -0.036430
0 0.010758 0.019126 -0.019467 -0.038251
0 0.010758 0.019126 -0.019467 -0.038251
0 0.007172 0.011840 -0.012295 -0.020036
0 0.010758 0.019126 -0.019467 -0.038251
0 0.010758 0.020036 -0.019467 -0.036430
0 0.014857 0.038251 -0.027664 -0.076503
0 0.010758 0.019126 -0.019467 -0.038251
0 0.014857 0.038251 -0.027664 -0.076503
0 0.014857 0.038251 -0.027664 -0.076503
0 0.010758 0.020036 -0.019467 -0.036430
0 0.007172 0.011840 -0.012295 -0.020036
0 0.010758 0.019126 -0.019467 -0.038251
0 0.010758 0.020036 -0.019467 -0.036430
0 0.010758 0.020036 -0.019467 -0.036430
0 0.007172 0.011840 -0.012295 -0.020036
0 0.007172 0.011840 -0.012295 -0.020036
0 0.009221 0.020036 -0.016393 -0.036430
0 0.033299 0.063752 -0.064549 -0.127505
0 0.007172 0.011840 -0.012295 -0.020036
0 0.009221 0.020036 -0.016393 -0.036430
0 0.010758 0.019126 -0.019467 -0.038251
0 0.010758 0.019126 -0.019467 -0.038251
0 0.014857 0.038251 -0.027664 -0.076503
0 0.007172 0.011840 -0.012295 -0.020036
0 0.009221 0.020036 -0.016393 -0.036430
0 0.009221 0.020036 -0.016393 -0.036430
0 0.010758 0.020036 -0.019467 -0.036430
0 0.009221 0.020036 -0.016393 -0.036430
0 0.010758 0.019126 -0.019467 -0.038251
0 0.009221 0.020036 -0.016393 -0.036430
0 0.007172 0.011840 -0.012295 -0.020036
0 0.010758 0.019126 -0.019467 -0.038251
0 0.009221 0.020036 -0.016393 -0.036430
0 0.010758 0.019126 -0.019467 -0.038251
0 0.007172 0.011840 -0.012295 -0.020036
0 0.007172 0.011840 -0.012295 -0.020036
0 0.010758 0.020036 -0.019467 -0.036430
0 0.007172 0.011840 -0.012295 -0.020036
0 0.010758 0.020036 -0.019467 -0.036430
0 0.009221 0.020036 -0.016393 -0.036430
0 0.014857 0.038251 -0.027664 -0.076503
0 0.010758 0.020036 -0.019467 -0.036430
0 0.007172 0.011840 -0.012295 -0.020036
0 0.010758 0.020036 -0.019467 -0.036430
0 0.010758 0.020036 -0.019467 -0.036430
0 0.010758 0.020036 -0.019467 -0.036430
0 0.007172 0.011840 -0.012295 -0.020036
0 0.010758 0.019126 -0.019467 -0.038251
0 0.001537 0.003643 -0.001025 -0.003643