0 0.011429 0.020386 -0.020000 -0.040773
0 0.010714 0.018240 -0.018571 -0.036481
0 0.010714 0.018240 -0.018571 -0.036481
0 0.010714 0.018240 -0.018571 -0.036481
0 0.010714 0.018240 -0.018571 -0.036481
0 0.012857 0.022532 -0.022857 -0.045064
0 0.010714 0.018240 -0.018571 -0.036481
0 0.010714 0.018240 -0.018571 -0.036481
0 0.010714 0.018240 -0.018571 -0.036481
0 0.010714 0.018240 -0.018571 -0.036481
0 0.012857 0.022532 -0.022857 -0.045064
0 0.012857 0.022532 -0.022857 -0.045064
0 0.011429 0.020386 -0.020000 -0.040773
0 0.010714 0.019313 -0.018571 -0.038627
0 0.010714 0.018240 -0.018571 -0.036481
0 0.005000 0.008584 -0.007143 -0.017167
0 0.005000 0.008584 -0.007143 -0.017167
0 0.010714 0.018240 -0.018571 -0.036481
0 0.011429 0.020386 -0.020000 -0.040773
0 0.012857 0.022532 -0.022857 -0.045064
0 0.010714 0.018240 -0.018571 -0.036481
0 0.010714 0.018240 -0.018571 -0.036481
0 0.005000 0.008584 -0.007143 -0.017167
0 0.005000 0.008584 -0.007143 -0.017167
0 0.012857 0.022532 -0.022857 -0.045064
0 0.010714 0.018240 -0.018571 -0.036481
0 0.010714 0.018240 -0.018571 -0.036481
0 0.005000 0.008584 -0.007143 -0.017167
0 0.012857 0.022532 -0.022857 -0.045064
0 0.012857 0.022532 -0.022857 -0.045064
0 0.005000 0.008584 -0.007143 -0.017167
0 0.010714 0.018240 -0.018571 -0.036481
0 0.005000 0.008584 -0.007143 -0.017167
0 0.005000 0.008584 -0.007143 -0.017167
0 0.011429 0.020386 -0.020000 -0.040773
0 0.010714 0.018240 -0.018571 -0.036481
0 0.011429 0.020386 -0.020000 -0.040773
0 0.010714 0.018240 -0.018571 -0.036481
0 0.005000 0.008584 -0.007143 -0.017167
0 0.012857 0.022532 -0.022857 -0.045064
0 0.010714 0.018240 -0.018571 -0.036481
0 0.005000 0.008584 -0.007143 -0.017167
0 0.006429 0.010730 -0.010000 -0.021459
0 0.005000 0.008584 -0.007143 -0.017167
0 0.010714 0.018240 -0.018571 -0.036481
0 0.010714 0.018240 -0.018571 -0.036481
0 0.012857 0.022532 -0.022857 -0.045064
0 0.010714 0.018240 -0.018571 -0.036481
0 0.005000 0.008584 -0.007143 -0.017167
0 0.005000 0.008584 -0.007143 -0.017167