0 0.006111 0.014571 -0.011111 -0.029142
0 0.006111 0.014571 -0.011111 -0.029142
0 0.012778 0.021232 -0.024444 -0.042465
0 0.012778 0.021232 -0.024444 -0.042465
0 0.006111 0.014571 -0.011111 -0.029142
0 0.006111 0.014571 -0.011111 -0.029142
0 0.006111 0.014571 -0.011111 -0.029142
0 0.009167 0.016653 -0.017222 -0.033306
0 0.006111 0.014571 -0.011111 -0.029142
0 0.017500 0.030391 -0.033889 -0.060783
0 0.006111 0.014571 -0.011111 -0.029142
0 0.031111 0.057452 -0.061111 -0.114904
0 0.006111 0.014571 -0.011111 -0.029142
0 0.006111 0.014571 -0.011111 -0.029142
0 0.006111 0.014571 -0.011111 -0.029142
0 0.006111 0.014571 -0.011111 -0.029142
0 0.006111 0.014571 -0.011111 -0.029142
0 0.009167 0.016653 -0.017222 -0.033306
0 0.006111 0.014571 -0.011111 -0.029142
0 0.009167 0.016653 -0.017222 -0.033306
0 0.009167 0.016653 -0.017222 -0.033306
0 0.006111 0.014571 -0.011111 -0.029142
0 0.006111 0.014571 -0.011111 -0.029142
0 0.006111 0.014571 -0.011111 -0.029142
0 0.009167 0.016653 -0.017222 -0.033306
0 0.006111 0.014571 -0.011111 -0.029142
0 0.012778 0.021232 -0.024444 -0.042465
0 0.031111 0.057452 -0.061111 -0.114904
0 0.006111 0.014571 -0.011111 -0.029142
0 0.006111 0.014571 -0.011111 -0.029142
0 0.006111 0.014571 -0.011111 -0.029142
0 0.006111 0.014571 -0.011111 -0.029142
0 0.009167 0.016653 -0.017222 -0.033306
0 0.006111 0.014571 -0.011111 -0.029142
0 0.031111 0.057452 -0.061111 -0.114904
0 0.023056 0.038301 -0.045000 -0.076603
0 0.009167 0.016653 -0.017222 -0.033306
0 0.006111 0.014571 -0.011111 -0.029142
0 0.006111 0.014571 -0.011111 -0.029142
0 0.009167 0.016653 -0.017222 -0.033306
0 0.006111 0.014571 -0.011111 -0.029142
0 0.006111 0.014571 -0.011111 -0.029142
0 0.009167 0.016653 -0.017222 -0.033306
0 0.031111 0.057452 -0.061111 -0.114904
0 0.009167 0.016653 -0.017222 -0.033306
0 0.012778 0.021232 -0.024444 -0.042465
0 0.012778 0.021232 -0.024444 -0.042465
0 0.006111 0.014571 -0.011111 -0.029142
0 0.009167 0.016653 -0.017222 -0.033306
0 0.012778 0.021232 -0.024444 -0.042465
0 0.006111 0.014571 -0.011111 -0.029142
0 0.006111 0.014571 -0.011111 -0.029142
0 0.018056 0.032473 -0.035000 -0.064946
0 0.009167 0.016653 -0.017222 -0.033306
0 0.006111 0.014571 -0.011111 -0.029142
0 0.006111 0.014571 -0.011111 -0.029142
0 0.006111 0.014571 -0.011111 -0.029142
0 0.018056 0.032473 -0.035000 -0.064946
0 0.006111 0.014571 -0.011111 -0.029142
0 0.006111 0.014571 -0.011111 -0.029142
0 0.006111 0.014571 -0.011111 -0.029142
0 0.009167 0.016653 -0.017222 -0.033306
0 0.009167 0.016653 -0.017222 -0.033306
0 0.009167 0.016653 -0.017222 -0.033306
0 0.006111 0.014571 -0.011111 -0.029142
0 0.006111 0.014571 -0.011111 -0.029142
0 0.012778 0.021232 -0.024444 -0.042465
0 0.009167 0.016653 -0.017222 -0.033306
0 0.012778 0.021232 -0.024444 -0.042465
0 0.009167 0.016653 -0.017222 -0.033306
0 0.031111 0.057452 -0.061111 -0.114904
0 0.006111 0.014571 -0.011111 -0.029142
0 0.006111 0.014571 -0.011111 -0.029142
0 0.006111 0.014571 -0.011111 -0.029142
0 0.012778 0.021232 -0.024444 -0.042465
0 0.006111 0.014571 -0.011111 -0.029142
0 0.009167 0.016653 -0.017222 -0.033306
0 0.006111 0.014571 -0.011111 -0.029142
0 0.006111 0.014571 -0.011111 -0.029142
0 0.012778 0.021232 -0.024444 -0.042465
0 0.009167 0.016653 -0.017222 -0.033306
0 0.009167 0.016653 -0.017222 -0.033306
0 0.006111 0.014571 -0.011111 -0.029142
0 0.006111 0.014571 -0.011111 -0.029142
0 0.006111 0.014571 -0.011111 -0.029142
0 0.006111 0.014571 -0.011111 -0.029142
0 0.006111 0.014571 -0.011111 -0.029142
0 0.006111 0.014571 -0.011111 -0.029142
0 0.012778 0.021232 -0.024444 -0.042465
0 0.006111 0.014571 -0.011111 -0.029142
0 0.006111 0.014571 -0.011111 -0.029142
0 0.006111 0.014571 -0.011111 -0.029142
0 0.009167 0.016653 -0.017222 -0.033306
0 0.012778 0.021232 -0.024444 -0.042465
0 0.006111 0.014571 -0.011111 -0.029142
0 0.006111 0.014571 -0.011111 -0.029142
0 0.006111 0.014571 -0.011111 -0.029142
0 0.006111 0.014571 -0.011111 -0.029142
0 0.031111 0.057452 -0.061111 -0.114904
0 0.031667 0.057452 -0.060000 -0.114904
0 0.012778 0.021232 -0.024444 -0.042465
0 0.006111 0.014571 -0.011111 -0.029142
0 0.006111 0.014571 -0.011111 -0.029142
0 0.009167 0.016653 -0.017222 -0.033306
0 0.006111 0.014571 -0.011111 -0.029142
0 0.006111 0.014571 -0.011111 -0.029142
0 0.012778 0.021232 -0.024444 -0.042465
0 0.031111 0.057452 -0.061111 -0.114904
0 0.006111 0.014571 -0.011111 -0.029142
0 0.006111 0.014571 -0.011111 -0.029142
0 0.006111 0.014571 -0.011111 -0.029142
0 0.006111 0.014571 -0.011111 -0.029142