0 0.007875 0.016310 -0.015250 -0.032621
0 0.011875 0.016310 -0.023250 -0.032621
0 0.006375 0.011249 -0.012250 -0.022497
0 0.011375 0.018560 -0.022250 -0.037120
0 0.007125 0.014998 -0.013750 -0.029996
0 0.007125 0.014998 -0.013750 -0.029996
0 0.017125 0.035058 -0.033750 -0.070116
0 0.038125 0.068241 -0.075750 -0.136483
0 0.011125 0.023247 -0.021750 -0.046494
0 0.007125 0.005624 -0.013750 -0.011249
0 0.008500 0.015748 -0.016500 -0.031496
0 0.009750 0.036933 -0.019000 -0.073866
0 0.008500 0.015748 -0.016500 -0.031496
0 0.022375 0.043120 -0.044250 -0.086239
0 0.022375 0.043120 -0.044250 -0.086239
0 0.017750 0.027559 -0.035000 -0.055118
0 0.005750 0.012748 -0.011000 -0.025497
0 0.007125 0.010124 -0.013750 -0.020247
0 0.006500 0.014998 -0.012500 -0.029996
0 0.009125 0.013686 -0.017750 -0.027372
0 0.019125 0.035058 -0.037750 -0.070116
0 0.007125 0.005249 -0.013750 -0.010499
0 0.011375 0.015748 -0.022250 -0.031496
0 0.015125 0.030746 -0.029750 -0.061492
0 0.012125 0.020622 -0.023750 -0.041245
0 0.044125 0.062055 -0.087750 -0.124109
0 0.010125 0.020247 -0.019750 -0.040495
0 0.008375 0.012561 -0.016250 -0.025122
0 0.012750 0.024934 -0.025000 -0.049869