0 0.031333 0.061122 -0.060000 -0.122244
0 0.012667 0.020040 -0.022667 -0.040080
0 0.024667 0.035070 -0.046667 -0.070140
0 0.011333 0.018036 -0.020000 -0.036072
0 0.014667 0.022044 -0.026667 -0.044088
0 0.012000 0.017034 -0.021333 -0.034068
0 0.014667 0.022044 -0.026667 -0.044088
0 0.011333 0.018036 -0.020000 -0.036072
0 0.011333 0.018036 -0.020000 -0.036072
0 0.012667 0.021042 -0.022667 -0.038076
0 0.031333 0.061122 -0.060000 -0.122244
0 0.011333 0.019038 -0.020000 -0.034068
0 0.012667 0.021042 -0.022667 -0.038076
0 0.011333 0.019038 -0.020000 -0.034068
0 0.015333 0.023046 -0.028000 -0.046092
0 0.012667 0.021042 -0.022667 -0.038076
0 0.025333 0.036072 -0.045333 -0.068136
0 0.024000 0.025050 -0.045333 -0.050100
0 0.039333 0.061122 -0.076000 -0.122244
0 0.014667 0.023046 -0.026667 -0.042084
0 0.039333 0.062124 -0.076000 -0.124248
0 0.011333 0.019038 -0.020000 -0.034068
0 0.025333 0.036072 -0.045333 -0.068136
0 0.012000 0.018036 -0.021333 -0.032064
0 0.011333 0.019038 -0.020000 -0.034068
0 0.012000 0.018036 -0.021333 -0.036072
0 0.014667 0.022044 -0.026667 -0.044088
0 0.011333 0.019038 -0.020000 -0.034068
0 0.039333 0.061122 -0.076000 -0.122244
0 0.011333 0.018036 -0.020000 -0.036072
0 0.014667 0.022044 -0.026667 -0.044088
0 0.012000 0.018036 -0.021333 -0.032064
0 0.025333 0.036072 -0.045333 -0.068136
0 0.014667 0.023046 -0.026667 -0.042084
0 0.025333 0.036072 -0.045333 -0.068136
0 0.011333 0.019038 -0.020000 -0.034068
0 0.011333 0.019038 -0.020000 -0.034068
0 0.011333 0.018036 -0.020000 -0.036072
0 0.012000 0.018036 -0.021333 -0.032064
0 0.011333 0.018036 -0.020000 -0.036072
0 0.011333 0.017034 -0.020000 -0.034068
0 0.039333 0.061122 -0.076000 -0.122244
0 0.012000 0.018036 -0.021333 -0.032064
0 0.031333 0.061122 -0.060000 -0.122244
0 0.025333 0.036072 -0.045333 -0.068136