0 0.006875 0.010319 -0.011250 -0.016886
0 0.013750 0.019700 -0.025000 -0.035647
0 0.005625 0.009381 -0.008750 -0.015009
0 0.005000 0.008443 -0.007500 -0.013133
0 0.005625 0.009381 -0.008750 -0.015009
0 0.005625 0.009381 -0.008750 -0.015009
0 0.005625 0.009381 -0.008750 -0.015009
0 0.005625 0.009381 -0.008750 -0.015009
0 0.005625 0.009381 -0.008750 -0.015009
0 0.005625 0.009381 -0.008750 -0.015009
0 0.006875 0.010319 -0.011250 -0.016886
0 0.005625 0.009381 -0.008750 -0.015009
0 0.005625 0.009381 -0.008750 -0.015009
0 0.006875 0.010319 -0.011250 -0.016886
0 0.005625 0.009381 -0.008750 -0.015009
0 0.002500 0.004690 -0.002500 -0.005629
0 0.005625 0.009381 -0.008750 -0.015009
0 0.005625 0.009381 -0.008750 -0.015009
0 0.013750 0.019700 -0.025000 -0.035647
0 0.005625 0.009381 -0.008750 -0.015009
0 0.013750 0.019700 -0.025000 -0.035647
0 0.005625 0.009381 -0.008750 -0.015009
0 0.005625 0.009381 -0.008750 -0.015009
0 0.006875 0.010319 -0.011250 -0.016886
0 0.002500 0.004690 -0.002500 -0.005629
0 0.005625 0.009381 -0.008750 -0.015009
0 0.006875 0.010319 -0.011250 -0.016886
0 0.005625 0.009381 -0.008750 -0.015009
0 0.005625 0.009381 -0.008750 -0.015009
0 0.005625 0.009381 -0.008750 -0.015009
0 0.005625 0.009381 -0.008750 -0.015009
0 0.005625 0.009381 -0.008750 -0.015009
0 0.005625 0.009381 -0.008750 -0.015009
0 0.005625 0.009381 -0.008750 -0.015009
0 0.005625 0.009381 -0.008750 -0.015009
0 0.006875 0.010319 -0.011250 -0.016886
0 0.005625 0.009381 -0.008750 -0.015009
0 0.005625 0.009381 -0.008750 -0.015009
0 0.002500 0.004690 -0.002500 -0.005629
0 0.013750 0.019700 -0.025000 -0.035647
0 0.002500 0.004690 -0.002500 -0.005629
0 0.005625 0.009381 -0.008750 -0.015009
0 0.013750 0.019700 -0.025000 -0.035647
0 0.013750 0.019700 -0.025000 -0.035647
0 0.005625 0.009381 -0.008750 -0.015009
0 0.005625 0.009381 -0.008750 -0.015009
0 0.005625 0.009381 -0.008750 -0.015009
0 0.005625 0.009381 -0.008750 -0.015009