0 0.033333 0.048611 -0.062500 -0.097222
0 0.016667 0.019444 -0.029167 -0.038889
0 0.012500 0.015278 -0.020833 -0.030556
0 0.016667 0.019444 -0.029167 -0.038889
0 0.012500 0.015278 -0.020833 -0.030556
0 0.012500 0.015278 -0.020833 -0.030556
0 0.016667 0.019444 -0.029167 -0.038889
0 0.016667 0.019444 -0.029167 -0.038889
0 0.022917 0.026389 -0.041667 -0.052778
0 0.016667 0.019444 -0.029167 -0.038889
0 0.016667 0.019444 -0.029167 -0.038889
0 0.016667 0.019444 -0.029167 -0.038889
0 0.016667 0.019444 -0.029167 -0.038889
0 0.019792 0.026389 -0.035417 -0.052778
0 0.016667 0.019444 -0.029167 -0.038889
0 0.023958 0.034722 -0.043750 -0.069444
0 0.016667 0.019444 -0.029167 -0.038889
0 0.016667 0.019444 -0.029167 -0.038889
0 0.019792 0.026389 -0.035417 -0.052778
0 0.076042 0.108333 -0.147917 -0.216667
0 0.026042 0.036111 -0.047917 -0.072222
0 0.012500 0.015278 -0.020833 -0.030556
0 0.019792 0.026389 -0.035417 -0.052778
0 0.012500 0.015278 -0.020833 -0.030556
0 0.022917 0.026389 -0.041667 -0.052778
0 0.033333 0.048611 -0.062500 -0.097222
0 0.022917 0.026389 -0.041667 -0.052778
0 0.033333 0.048611 -0.062500 -0.097222
0 0.016667 0.019444 -0.029167 -0.038889
0 0.019792 0.026389 -0.035417 -0.052778
0 0.026042 0.036111 -0.047917 -0.072222
0 0.012500 0.015278 -0.020833 -0.030556
0 0.016667 0.019444 -0.029167 -0.038889
0 0.016667 0.019444 -0.029167 -0.038889
0 0.016667 0.019444 -0.029167 -0.038889
0 0.016667 0.019444 -0.029167 -0.038889
0 0.012500 0.015278 -0.020833 -0.030556
0 0.019792 0.026389 -0.035417 -0.052778
0 0.023958 0.034722 -0.043750 -0.069444
0 0.012500 0.015278 -0.020833 -0.030556
0 0.016667 0.019444 -0.029167 -0.038889
0 0.016667 0.019444 -0.029167 -0.038889