0 0.004588 0.008358 -0.008739 -0.016716
0 0.004588 0.008358 -0.008739 -0.016716
0 0.006118 0.011308 -0.011798 -0.022616
0 0.004588 0.008358 -0.008739 -0.016716
0 0.004588 0.008358 -0.008739 -0.016716
0 0.004588 0.008358 -0.008739 -0.016716
0 0.006118 0.011308 -0.011798 -0.022616
0 0.004588 0.008358 -0.008739 -0.016716
0 0.004588 0.008358 -0.008739 -0.016716
0 0.004588 0.008358 -0.008739 -0.016716
0 0.006118 0.011308 -0.011798 -0.022616
0 0.005790 0.009833 -0.011143 -0.019666
0 0.004588 0.008358 -0.008739 -0.016716
0 0.004588 0.008358 -0.008739 -0.016716
0 0.004588 0.008358 -0.008739 -0.016716
0 0.006118 0.011308 -0.011798 -0.022616
0 0.006118 0.011308 -0.011798 -0.022616
0 0.004588 0.008358 -0.008739 -0.016716
0 0.005790 0.009833 -0.011143 -0.019666
0 0.004588 0.008358 -0.008739 -0.016716
0 0.004588 0.008358 -0.008739 -0.016716
0 0.004588 0.008358 -0.008739 -0.016716
0 0.004588 0.008358 -0.008739 -0.016716
0 0.004588 0.008358 -0.008739 -0.016716
0 0.004588 0.008358 -0.008739 -0.016716
0 0.006118 0.011308 -0.011798 -0.022616
0 0.004588 0.008358 -0.008739 -0.016716
0 0.006118 0.011308 -0.011798 -0.022616
0 0.005790 0.009833 -0.011143 -0.019666
0 0.005790 0.009833 -0.011143 -0.019666
0 0.004588 0.008358 -0.008739 -0.016716
0 0.006118 0.011308 -0.011798 -0.022616
0 0.004588 0.008358 -0.008739 -0.016716
0 0.004588 0.008358 -0.008739 -0.016716
0 0.004588 0.008358 -0.008739 -0.016716
0 0.004588 0.008358 -0.008739 -0.016716
0 0.006118 0.011308 -0.011798 -0.022616
0 0.006118 0.011308 -0.011798 -0.022616
0 0.004588 0.008358 -0.008739 -0.016716
0 0.006118 0.011308 -0.011798 -0.022616
0 0.006118 0.011308 -0.011798 -0.022616
0 0.006118 0.011308 -0.011798 -0.022616
0 0.004588 0.008358 -0.008739 -0.016716
0 0.004588 0.008358 -0.008739 -0.016716
0 0.004588 0.008358 -0.008739 -0.016716
0 0.005790 0.009833 -0.011143 -0.019666
0 0.004588 0.008358 -0.008739 -0.016716
0 0.006118 0.011308 -0.011798 -0.022616
0 0.004588 0.008358 -0.008739 -0.016716
0 0.006118 0.011308 -0.011798 -0.022616
0 0.006118 0.011308 -0.011798 -0.022616
0 0.004588 0.008358 -0.008739 -0.016716
0 0.004588 0.008358 -0.008739 -0.016716
0 0.004588 0.008358 -0.008739 -0.016716
0 0.006118 0.011308 -0.011798 -0.022616
0 0.006118 0.011308 -0.011798 -0.022616
0 0.004588 0.008358 -0.008739 -0.016716
0 0.006118 0.011308 -0.011798 -0.022616
0 0.004588 0.008358 -0.008739 -0.016716
0 0.005790 0.009833 -0.011143 -0.019666
0 0.004588 0.008358 -0.008739 -0.016716
0 0.005790 0.009833 -0.011143 -0.019666
0 0.004588 0.008358 -0.008739 -0.016716
0 0.006118 0.011308 -0.011798 -0.022616
0 0.006118 0.011308 -0.011798 -0.022616
0 0.004588 0.008358 -0.008739 -0.016716
0 0.006118 0.011308 -0.011798 -0.022616
0 0.004916 0.009013 -0.009395 -0.018027
0 0.004588 0.008358 -0.008739 -0.016716
0 0.004588 0.008358 -0.008739 -0.016716
0 0.005790 0.009833 -0.011143 -0.019666
0 0.004588 0.008358 -0.008739 -0.016716
0 0.004588 0.008358 -0.008739 -0.016716
0 0.006118 0.011308 -0.011798 -0.022616
0 0.004588 0.008358 -0.008739 -0.016716
0 0.004588 0.008358 -0.008739 -0.016716
0 0.006118 0.011308 -0.011798 -0.022616
0 0.006118 0.011308 -0.011798 -0.022616
0 0.004588 0.008358 -0.008739 -0.016716
0 0.006118 0.011308 -0.011798 -0.022616
0 0.004588 0.008358 -0.008739 -0.016716
0 0.004588 0.008358 -0.008739 -0.016716
0 0.004588 0.008358 -0.008739 -0.016716
0 0.004588 0.008358 -0.008739 -0.016716
0 0.004588 0.008358 -0.008739 -0.016716
0 0.006118 0.011308 -0.011798 -0.022616
0 0.005790 0.009833 -0.011143 -0.019666
0 0.004588 0.008358 -0.008739 -0.016716
0 0.004588 0.008358 -0.008739 -0.016716
0 0.004588 0.008358 -0.008739 -0.016716
0 0.004588 0.008358 -0.008739 -0.016716
0 0.004588 0.008358 -0.008739 -0.016716
0 0.004588 0.008358 -0.008739 -0.016716
0 0.004588 0.008358 -0.008739 -0.016716
0 0.004588 0.008358 -0.008739 -0.016716
0 0.004588 0.008358 -0.008739 -0.016716
0 0.004588 0.008358 -0.008739 -0.016716
0 0.004588 0.008358 -0.008739 -0.016716
0 0.006118 0.011308 -0.011798 -0.022616
0 0.006118 0.011308 -0.011798 -0.022616
0 0.006118 0.011308 -0.011798 -0.022616
0 0.006118 0.011308 -0.011798 -0.022616
0 0.005353 0.009833 -0.010269 -0.019666
0 0.005790 0.009833 -0.011143 -0.019666
0 0.005790 0.009833 -0.011143 -0.019666
0 0.006118 0.011308 -0.011798 -0.022616
0 0.004588 0.008358 -0.008739 -0.016716
0 0.004588 0.008358 -0.008739 -0.016716
0 0.004588 0.008358 -0.008739 -0.016716
0 0.004588 0.008358 -0.008739 -0.016716
0 0.006118 0.011308 -0.011798 -0.022616
0 0.004588 0.008358 -0.008739 -0.016716
0 0.006118 0.011308 -0.011798 -0.022616
0 0.006118 0.011308 -0.011798 -0.022616
0 0.004588 0.008358 -0.008739 -0.016716
0 0.004588 0.008358 -0.008739 -0.016716
0 0.004588 0.008358 -0.008739 -0.016716
0 0.004588 0.008358 -0.008739 -0.016716
0 0.004588 0.008358 -0.008739 -0.016716
0 0.005790 0.009833 -0.011143 -0.019666
0 0.004588 0.008358 -0.008739 -0.016716
0 0.006118 0.011308 -0.011798 -0.022616
0 0.005790 0.009833 -0.011143 -0.019666
0 0.004588 0.008358 -0.008739 -0.016716
0 0.004588 0.008358 -0.008739 -0.016716
0 0.006118 0.011308 -0.011798 -0.022616
0 0.006118 0.011308 -0.011798 -0.022616
0 0.006118 0.011308 -0.011798 -0.022616
0 0.005790 0.010161 -0.011143 -0.020321
0 0.005790 0.009833 -0.011143 -0.019666
0 0.004588 0.008358 -0.008739 -0.016716
0 0.004588 0.008358 -0.008739 -0.016716
0 0.005790 0.009833 -0.011143 -0.019666
0 0.004588 0.008358 -0.008739 -0.016716
0 0.004916 0.009013 -0.009395 -0.018027
0 0.004588 0.008358 -0.008739 -0.016716
0 0.006118 0.011308 -0.011798 -0.022616
0 0.006118 0.011308 -0.011798 -0.022616
0 0.005790 0.009833 -0.011143 -0.019666
0 0.005899 0.010488 -0.011361 -0.020977
0 0.006118 0.011308 -0.011798 -0.022616
0 0.004588 0.008358 -0.008739 -0.016716
0 0.004588 0.008358 -0.008739 -0.016716
0 0.006118 0.011308 -0.011798 -0.022616
0 0.006118 0.011308 -0.011798 -0.022616
0 0.006118 0.011308 -0.011798 -0.022616
0 0.004588 0.008358 -0.008739 -0.016716
0 0.005790 0.009833 -0.011143 -0.019666
0 0.004588 0.008358 -0.008739 -0.016716
0 0.006118 0.011308 -0.011798 -0.022616
0 0.004588 0.008358 -0.008739 -0.016716
0 0.006118 0.011308 -0.011798 -0.022616
0 0.006118 0.011308 -0.011798 -0.022616
0 0.006118 0.011308 -0.011798 -0.022616
0 0.004588 0.008358 -0.008739 -0.016716
0 0.006118 0.011308 -0.011798 -0.022616
0 0.006118 0.011308 -0.011798 -0.022616
0 0.004588 0.008358 -0.008739 -0.016716
0 0.006118 0.011308 -0.011798 -0.022616
0 0.004588 0.008358 -0.008739 -0.016716
0 0.005790 0.009833 -0.011143 -0.019666
0 0.006118 0.011308 -0.011798 -0.022616
0 0.004588 0.008358 -0.008739 -0.016716
0 0.004588 0.008358 -0.008739 -0.016716
0 0.004588 0.008358 -0.008739 -0.016716
0 0.006118 0.011308 -0.011798 -0.022616
0 0.005790 0.009833 -0.011143 -0.019666
0 0.004588 0.008358 -0.008739 -0.016716
0 0.006118 0.011308 -0.011798 -0.022616
0 0.004588 0.008358 -0.008739 -0.016716
0 0.006118 0.011308 -0.011798 -0.022616
0 0.004588 0.008358 -0.008739 -0.016716
0 0.004588 0.008358 -0.008739 -0.016716