0 0.010444 0.033299 -0.019843 -0.066597
0 0.010705 0.027575 -0.020366 -0.055151
0 0.010444 0.033299 -0.019843 -0.066597
0 0.010444 0.033299 -0.019843 -0.066597
0 0.010444 0.033299 -0.019843 -0.066597
0 0.010705 0.027575 -0.020366 -0.055151
0 0.010444 0.033299 -0.019843 -0.066597
0 0.010705 0.027575 -0.020366 -0.055151
0 0.010444 0.033299 -0.019843 -0.066597
0 0.010183 0.023933 -0.019321 -0.047867
0 0.010705 0.027575 -0.020366 -0.055151
0 0.010444 0.033299 -0.019843 -0.066597
0 0.010444 0.033299 -0.019843 -0.066597
0 0.010444 0.033299 -0.019843 -0.066597
0 0.010444 0.031738 -0.019843 -0.063476
0 0.010183 0.023933 -0.019321 -0.047867
0 0.010444 0.033299 -0.019843 -0.066597
0 0.010444 0.033299 -0.019843 -0.066597
0 0.010444 0.033299 -0.019843 -0.066597
0 0.010444 0.033299 -0.019843 -0.066597
0 0.010183 0.023933 -0.019321 -0.047867
0 0.010183 0.023933 -0.019321 -0.047867
0 0.010183 0.023933 -0.019321 -0.047867
0 0.010444 0.033299 -0.019843 -0.066597
0 0.010444 0.033299 -0.019843 -0.066597
0 0.010444 0.033299 -0.019843 -0.066597
0 0.010705 0.027575 -0.020366 -0.055151
0 0.010444 0.030177 -0.019843 -0.060354
0 0.010183 0.023933 -0.019321 -0.047867
0 0.010444 0.033299 -0.019843 -0.066597
0 0.010444 0.033299 -0.019843 -0.066597
0 0.010444 0.033299 -0.019843 -0.066597
0 0.010444 0.030177 -0.019843 -0.060354
0 0.010444 0.033299 -0.019843 -0.066597
0 0.010444 0.033299 -0.019843 -0.066597
0 0.010444 0.033299 -0.019843 -0.066597
0 0.010183 0.023933 -0.019321 -0.047867
0 0.010444 0.033299 -0.019843 -0.066597
0 0.010444 0.033299 -0.019843 -0.066597
0 0.010444 0.033299 -0.019843 -0.066597
0 0.010444 0.033299 -0.019843 -0.066597
0 0.010444 0.033299 -0.019843 -0.066597
0 0.010183 0.023933 -0.019321 -0.047867
0 0.010444 0.033299 -0.019843 -0.066597
0 0.010444 0.033299 -0.019843 -0.066597
0 0.010183 0.023933 -0.019321 -0.047867
0 0.010705 0.027575 -0.020366 -0.055151
0 0.010444 0.033299 -0.019843 -0.066597
0 0.010444 0.033299 -0.019843 -0.066597
0 0.010444 0.033299 -0.019843 -0.066597
0 0.010444 0.033299 -0.019843 -0.066597
0 0.010183 0.023933 -0.019321 -0.047867
0 0.010705 0.027575 -0.020366 -0.055151
0 0.010444 0.031738 -0.019843 -0.063476
0 0.010444 0.033299 -0.019843 -0.066597
0 0.010444 0.033299 -0.019843 -0.066597
0 0.010705 0.027575 -0.020366 -0.055151
0 0.010444 0.033299 -0.019843 -0.066597
0 0.010705 0.027575 -0.020366 -0.055151
0 0.010444 0.033299 -0.019843 -0.066597
0 0.010444 0.033299 -0.019843 -0.066597
0 0.010183 0.023933 -0.019321 -0.047867
0 0.010444 0.033299 -0.019843 -0.066597
0 0.010444 0.033299 -0.019843 -0.066597
0 0.010444 0.031738 -0.019843 -0.063476
0 0.010444 0.033299 -0.019843 -0.066597
0 0.010444 0.033299 -0.019843 -0.066597
0 0.010444 0.033299 -0.019843 -0.066597
0 0.010444 0.033299 -0.019843 -0.066597
0 0.010444 0.033299 -0.019843 -0.066597
0 0.010444 0.033299 -0.019843 -0.066597
0 0.010705 0.027575 -0.020366 -0.055151
0 0.010444 0.033299 -0.019843 -0.066597
0 0.010705 0.027575 -0.020366 -0.055151