0 0.010156 0.019444 -0.019271 -0.038889
0 0.002604 0.005556 -0.004167 -0.011111
0 0.005990 0.012500 -0.010937 -0.025000
0 0.004948 0.009722 -0.008854 -0.019444
0 0.014063 0.031019 -0.027083 -0.062037
0 0.003125 0.005556 -0.005208 -0.011111
0 0.014063 0.031019 -0.027083 -0.062037
0 0.005208 0.009722 -0.008333 -0.019444
0 0.002604 0.005556 -0.004167 -0.011111
0 0.004948 0.009722 -0.008854 -0.019444
0 0.005208 0.009722 -0.008333 -0.019444
0 0.004948 0.009722 -0.008854 -0.019444
0 0.010156 0.019444 -0.019271 -0.038889
0 0.005990 0.012500 -0.010937 -0.025000
0 0.005208 0.009722 -0.008333 -0.019444
0 0.006250 0.012963 -0.011458 -0.025926
0 0.003125 0.005556 -0.005208 -0.011111
0 0.012500 0.028704 -0.023958 -0.057407
0 0.003125 0.005556 -0.005208 -0.011111
0 0.005990 0.012500 -0.010937 -0.025000
0 0.003125 0.005556 -0.005208 -0.011111
0 0.011719 0.026389 -0.022396 -0.052778