0 0.015357 0.052097 -0.029286 -0.104193
0 0.012143 0.044473 -0.022857 -0.086404
0 0.018214 0.040025 -0.035000 -0.080051
0 0.018214 0.038119 -0.035000 -0.076239
0 0.018214 0.038755 -0.035000 -0.074968
0 0.048214 0.036213 -0.095000 -0.072427
0 0.048571 0.111817 -0.095714 -0.223634
0 0.018214 0.038755 -0.035000 -0.074968
0 0.038214 0.076239 -0.075000 -0.152478
0 0.032857 0.057179 -0.064286 -0.114358
0 0.036429 0.100381 -0.071429 -0.200762
0 0.031071 0.066709 -0.060714 -0.130877
0 0.032857 0.057179 -0.064286 -0.114358
0 0.021071 0.058450 -0.040714 -0.116900
0 0.018214 0.038755 -0.035000 -0.074968
0 0.036429 0.100381 -0.071429 -0.200762
0 0.035357 0.076874 -0.069286 -0.153748
0 0.021071 0.055273 -0.040714 -0.108005
0 0.018214 0.040025 -0.035000 -0.080051
0 0.015357 0.052097 -0.029286 -0.104193
0 0.018214 0.038755 -0.035000 -0.074968
0 0.015357 0.052097 -0.029286 -0.104193
0 0.045000 0.110546 -0.088571 -0.218551
0 0.018214 0.038755 -0.035000 -0.074968
0 0.023214 0.066074 -0.045000 -0.132147
0 0.011071 0.022236 -0.020714 -0.041931
0 0.038214 0.076239 -0.075000 -0.152478
0 0.011071 0.022236 -0.020714 -0.041931
0 0.018214 0.038119 -0.035000 -0.076239
0 0.038214 0.076239 -0.075000 -0.152478
0 0.018214 0.038755 -0.035000 -0.074968
0 0.013571 0.027319 -0.025714 -0.052097
0 0.018214 0.038755 -0.035000 -0.074968
0 0.015357 0.052097 -0.029286 -0.104193