0 0.018009 0.036655 -0.034709 -0.073310
0 0.018009 0.036655 -0.034709 -0.073310
0 0.018009 0.036655 -0.034709 -0.073310
0 0.018009 0.036655 -0.034709 -0.073310
0 0.018009 0.036655 -0.034709 -0.073310
0 0.018009 0.036655 -0.034709 -0.073310
0 0.018009 0.036655 -0.034709 -0.073310
0 0.018009 0.036655 -0.034709 -0.073310
0 0.018009 0.036655 -0.034709 -0.073310
0 0.018009 0.036655 -0.034709 -0.073310
0 0.018009 0.036655 -0.034709 -0.073310
0 0.018009 0.036655 -0.034709 -0.073310
0 0.018009 0.036655 -0.034709 -0.073310
0 0.018009 0.036655 -0.034709 -0.073310
0 0.018009 0.036655 -0.034709 -0.073310
0 0.018009 0.036655 -0.034709 -0.073310
0 0.018009 0.036655 -0.034709 -0.073310
0 0.018009 0.036655 -0.034709 -0.073310
0 0.018009 0.036655 -0.034709 -0.073310
0 0.018009 0.036655 -0.034709 -0.073310
0 0.018009 0.036655 -0.034709 -0.073310