0 0.012451 0.028917 -0.023926 -0.056369
0 0.012451 0.028917 -0.023926 -0.056369
0 0.012451 0.028917 -0.023926 -0.056369
0 0.012451 0.028917 -0.023926 -0.056369
0 0.012451 0.028917 -0.023926 -0.056369
0 0.012451 0.028917 -0.023926 -0.056369
0 0.012451 0.028917 -0.023926 -0.056369
0 0.012451 0.028917 -0.023926 -0.056369
0 0.028809 0.051245 -0.056641 -0.102489
0 0.028809 0.051245 -0.056641 -0.102489
0 0.012451 0.028917 -0.023926 -0.056369
0 0.012451 0.028917 -0.023926 -0.056369
0 0.012451 0.028917 -0.023926 -0.056369
0 0.012451 0.028917 -0.023926 -0.056369
0 0.012451 0.028917 -0.023926 -0.056369
0 0.028809 0.051245 -0.056641 -0.102489
0 0.012451 0.028917 -0.023926 -0.056369
0 0.028809 0.051245 -0.056641 -0.102489
0 0.012451 0.028917 -0.023926 -0.056369
0 0.028809 0.051245 -0.056641 -0.102489
0 0.028809 0.051245 -0.056641 -0.102489
0 0.012451 0.028917 -0.023926 -0.056369
0 0.012451 0.028917 -0.023926 -0.056369
0 0.012451 0.028917 -0.023926 -0.056369
0 0.012451 0.028917 -0.023926 -0.056369
0 0.012451 0.028917 -0.023926 -0.056369
0 0.012451 0.028917 -0.023926 -0.056369
0 0.012451 0.028917 -0.023926 -0.056369
0 0.012451 0.028917 -0.023926 -0.056369
0 0.028809 0.051245 -0.056641 -0.102489
0 0.012451 0.028917 -0.023926 -0.056369
0 0.012451 0.028917 -0.023926 -0.056369
0 0.028809 0.051245 -0.056641 -0.102489
0 0.028809 0.051245 -0.056641 -0.102489
0 0.012451 0.028917 -0.023926 -0.056369
0 0.028809 0.051245 -0.056641 -0.102489
0 0.028809 0.051245 -0.056641 -0.102489
0 0.012451 0.028917 -0.023926 -0.056369
0 0.012451 0.028917 -0.023926 -0.056369
0 0.016357 0.034041 -0.031738 -0.068082
0 0.028809 0.051245 -0.056641 -0.102489
0 0.012451 0.028917 -0.023926 -0.056369
0 0.012451 0.028917 -0.023926 -0.056369
0 0.012451 0.028917 -0.023926 -0.056369
0 0.012451 0.028917 -0.023926 -0.056369
0 0.012451 0.028917 -0.023926 -0.056369
0 0.012451 0.028917 -0.023926 -0.056369
0 0.012451 0.028917 -0.023926 -0.056369
0 0.012451 0.028917 -0.023926 -0.056369
0 0.012451 0.028917 -0.023926 -0.056369
0 0.012451 0.028917 -0.023926 -0.056369
0 0.012451 0.028917 -0.023926 -0.056369
0 0.012451 0.028917 -0.023926 -0.056369