0 0.009000 0.018519 -0.014000 -0.037037
0 0.012000 0.024074 -0.020000 -0.048148
0 0.012000 0.024074 -0.020000 -0.048148
0 0.012000 0.024074 -0.020000 -0.048148
0 0.009000 0.018519 -0.014000 -0.037037
0 0.005000 0.012963 -0.006000 -0.025926
0 0.005000 0.012963 -0.006000 -0.025926
0 0.013000 0.029630 -0.022000 -0.059259
0 0.009000 0.018519 -0.014000 -0.037037
0 0.009000 0.018519 -0.014000 -0.037037
0 0.005000 0.012963 -0.006000 -0.025926
0 0.009000 0.018519 -0.014000 -0.037037
0 0.009000 0.018519 -0.014000 -0.037037
0 0.009000 0.018519 -0.014000 -0.037037
0 0.005000 0.012963 -0.006000 -0.025926
0 0.012000 0.024074 -0.020000 -0.048148
0 0.012000 0.025926 -0.020000 -0.051852
0 0.013000 0.029630 -0.022000 -0.059259
0 0.009000 0.018519 -0.014000 -0.037037
0 0.009000 0.018519 -0.014000 -0.037037
0 0.005000 0.012963 -0.006000 -0.025926
0 0.009000 0.018519 -0.014000 -0.037037
0 0.013000 0.029630 -0.022000 -0.059259
0 0.005000 0.012963 -0.006000 -0.025926
0 0.005000 0.012963 -0.006000 -0.025926
0 0.013000 0.029630 -0.022000 -0.059259
0 0.012000 0.024074 -0.020000 -0.048148
0 0.012000 0.024074 -0.020000 -0.048148
0 0.005000 0.012963 -0.006000 -0.025926
0 0.005000 0.012963 -0.006000 -0.025926
0 0.009000 0.018519 -0.014000 -0.037037
0 0.009000 0.018519 -0.014000 -0.037037
0 0.009000 0.018519 -0.014000 -0.037037
0 0.013000 0.029630 -0.022000 -0.059259
0 0.012000 0.024074 -0.020000 -0.048148
0 0.009000 0.018519 -0.014000 -0.037037
0 0.009000 0.018519 -0.014000 -0.037037
0 0.009000 0.018519 -0.014000 -0.037037
0 0.005000 0.012963 -0.006000 -0.025926
0 0.013000 0.029630 -0.022000 -0.059259
0 0.012000 0.024074 -0.020000 -0.048148
0 0.012000 0.024074 -0.020000 -0.048148
0 0.005000 0.012963 -0.006000 -0.025926
0 0.013000 0.029630 -0.022000 -0.059259
0 0.013000 0.029630 -0.022000 -0.059259
0 0.009000 0.018519 -0.014000 -0.037037
0 0.012000 0.024074 -0.020000 -0.048148
0 0.012000 0.024074 -0.020000 -0.048148
0 0.012000 0.024074 -0.020000 -0.048148
0 0.005000 0.012963 -0.006000 -0.025926
0 0.013000 0.029630 -0.022000 -0.059259
0 0.012000 0.024074 -0.020000 -0.048148
0 0.009000 0.018519 -0.014000 -0.037037
0 0.009000 0.018519 -0.014000 -0.037037
0 0.013000 0.029630 -0.022000 -0.059259
0 0.013000 0.029630 -0.022000 -0.059259
0 0.012000 0.024074 -0.020000 -0.048148
0 0.009000 0.018519 -0.014000 -0.037037
0 0.006000 0.012963 -0.008000 -0.025926
0 0.005000 0.012963 -0.006000 -0.025926
0 0.013000 0.029630 -0.022000 -0.059259
0 0.012000 0.024074 -0.020000 -0.048148
0 0.009000 0.018519 -0.014000 -0.037037
0 0.013000 0.029630 -0.022000 -0.059259
0 0.013000 0.029630 -0.022000 -0.059259
0 0.013000 0.029630 -0.022000 -0.059259
0 0.009000 0.018519 -0.014000 -0.037037
0 0.013000 0.029630 -0.022000 -0.059259
0 0.012000 0.024074 -0.020000 -0.048148
0 0.005000 0.012963 -0.006000 -0.025926
0 0.012000 0.024074 -0.020000 -0.048148
0 0.012000 0.024074 -0.020000 -0.048148
0 0.012000 0.024074 -0.020000 -0.048148
0 0.005000 0.012963 -0.006000 -0.025926
0 0.009000 0.018519 -0.014000 -0.037037
0 0.009000 0.018519 -0.014000 -0.037037
0 0.009000 0.018519 -0.014000 -0.037037
0 0.009000 0.018519 -0.014000 -0.037037
0 0.009000 0.018519 -0.014000 -0.037037
0 0.005000 0.012963 -0.006000 -0.025926
0 0.012000 0.024074 -0.020000 -0.048148
0 0.012000 0.027778 -0.020000 -0.055556
0 0.012000 0.024074 -0.020000 -0.048148
0 0.012000 0.024074 -0.020000 -0.048148
0 0.012000 0.027778 -0.020000 -0.055556
0 0.013000 0.029630 -0.022000 -0.059259
0 0.009000 0.018519 -0.014000 -0.037037
0 0.005000 0.012963 -0.006000 -0.025926
0 0.005000 0.012963 -0.006000 -0.025926
0 0.009000 0.018519 -0.014000 -0.037037
0 0.013000 0.029630 -0.022000 -0.059259
0 0.013000 0.029630 -0.022000 -0.059259
0 0.009000 0.018519 -0.014000 -0.037037
0 0.013000 0.029630 -0.022000 -0.059259
0 0.012000 0.025926 -0.020000 -0.051852
0 0.009000 0.018519 -0.014000 -0.037037
0 0.009000 0.018519 -0.014000 -0.037037
0 0.013000 0.029630 -0.022000 -0.059259
0 0.012000 0.024074 -0.020000 -0.048148
0 0.012000 0.024074 -0.020000 -0.048148
0 0.009000 0.018519 -0.014000 -0.037037
0 0.005000 0.012963 -0.006000 -0.025926
0 0.005000 0.012963 -0.006000 -0.025926
0 0.012000 0.024074 -0.020000 -0.048148
0 0.005000 0.012963 -0.006000 -0.025926
0 0.005000 0.012963 -0.006000 -0.025926
0 0.005000 0.012963 -0.006000 -0.025926
0 0.012000 0.024074 -0.020000 -0.048148
0 0.013000 0.029630 -0.022000 -0.059259
0 0.009000 0.018519 -0.014000 -0.037037
0 0.009000 0.018519 -0.014000 -0.037037
0 0.013000 0.029630 -0.022000 -0.059259
0 0.013000 0.029630 -0.022000 -0.059259
0 0.005000 0.012963 -0.006000 -0.025926
0 0.013000 0.029630 -0.022000 -0.059259
0 0.012000 0.024074 -0.020000 -0.048148
0 0.005000 0.012963 -0.006000 -0.025926
0 0.009000 0.018519 -0.014000 -0.037037
0 0.013000 0.029630 -0.022000 -0.059259
0 0.013000 0.029630 -0.022000 -0.059259
0 0.005000 0.012963 -0.006000 -0.025926
0 0.009000 0.018519 -0.014000 -0.037037
0 0.012000 0.025926 -0.020000 -0.051852
0 0.012000 0.024074 -0.020000 -0.048148
0 0.012000 0.025926 -0.020000 -0.051852
0 0.013000 0.029630 -0.022000 -0.059259
0 0.009000 0.018519 -0.014000 -0.037037
0 0.009000 0.018519 -0.014000 -0.037037
0 0.013000 0.029630 -0.022000 -0.059259
0 0.012000 0.024074 -0.020000 -0.048148
0 0.009000 0.018519 -0.014000 -0.037037
0 0.013000 0.029630 -0.022000 -0.059259
0 0.012000 0.024074 -0.020000 -0.048148
0 0.009000 0.018519 -0.014000 -0.037037
0 0.013000 0.029630 -0.022000 -0.059259
0 0.009000 0.018519 -0.014000 -0.037037
0 0.013000 0.029630 -0.022000 -0.059259
0 0.013000 0.029630 -0.022000 -0.059259
0 0.012000 0.024074 -0.020000 -0.048148
0 0.012000 0.024074 -0.020000 -0.048148
0 0.012000 0.027778 -0.020000 -0.055556
0 0.013000 0.029630 -0.022000 -0.059259
0 0.012000 0.024074 -0.020000 -0.048148
0 0.013000 0.029630 -0.022000 -0.059259
0 0.012000 0.027778 -0.020000 -0.055556
0 0.012000 0.024074 -0.020000 -0.048148
0 0.009000 0.018519 -0.014000 -0.037037
0 0.013000 0.029630 -0.022000 -0.059259
0 0.013000 0.029630 -0.022000 -0.059259
0 0.013000 0.029630 -0.022000 -0.059259
0 0.013000 0.029630 -0.022000 -0.059259
0 0.013000 0.029630 -0.022000 -0.059259
0 0.012000 0.024074 -0.020000 -0.048148
0 0.009000 0.018519 -0.014000 -0.037037
0 0.012000 0.024074 -0.020000 -0.048148
0 0.009000 0.018519 -0.014000 -0.037037
0 0.009000 0.018519 -0.014000 -0.037037
0 0.012000 0.025926 -0.020000 -0.051852
0 0.013000 0.029630 -0.022000 -0.059259
0 0.013000 0.029630 -0.022000 -0.059259
0 0.013000 0.029630 -0.022000 -0.059259
0 0.013000 0.029630 -0.022000 -0.059259
0 0.013000 0.029630 -0.022000 -0.059259
0 0.013000 0.029630 -0.022000 -0.059259
0 0.009000 0.018519 -0.014000 -0.037037
0 0.005000 0.012963 -0.006000 -0.025926
0 0.012000 0.024074 -0.020000 -0.048148
0 0.005000 0.012963 -0.006000 -0.025926
0 0.009000 0.018519 -0.014000 -0.037037
0 0.012000 0.024074 -0.020000 -0.048148
0 0.005000 0.012963 -0.006000 -0.025926
0 0.013000 0.029630 -0.022000 -0.059259
0 0.009000 0.018519 -0.014000 -0.037037
0 0.013000 0.029630 -0.022000 -0.059259
0 0.009000 0.018519 -0.014000 -0.037037
0 0.005000 0.012963 -0.006000 -0.025926
0 0.013000 0.029630 -0.022000 -0.059259
0 0.005000 0.012963 -0.006000 -0.025926
0 0.009000 0.018519 -0.014000 -0.037037
0 0.005000 0.012963 -0.006000 -0.025926
0 0.013000 0.029630 -0.022000 -0.059259
0 0.012000 0.024074 -0.020000 -0.048148
0 0.009000 0.018519 -0.014000 -0.037037
0 0.012000 0.024074 -0.020000 -0.048148
0 0.009000 0.018519 -0.014000 -0.037037
0 0.012000 0.024074 -0.020000 -0.048148
0 0.012000 0.024074 -0.020000 -0.048148
0 0.012000 0.024074 -0.020000 -0.048148
0 0.012000 0.024074 -0.020000 -0.048148
0 0.012000 0.024074 -0.020000 -0.048148
0 0.012000 0.024074 -0.020000 -0.048148
0 0.012000 0.024074 -0.020000 -0.048148
0 0.012000 0.024074 -0.020000 -0.048148
0 0.012000 0.024074 -0.020000 -0.048148
0 0.012000 0.025926 -0.020000 -0.051852
0 0.009000 0.018519 -0.014000 -0.037037
0 0.012000 0.024074 -0.020000 -0.048148
0 0.013000 0.029630 -0.022000 -0.059259
0 0.005000 0.012963 -0.006000 -0.025926
0 0.009000 0.018519 -0.014000 -0.037037
0 0.009000 0.018519 -0.014000 -0.037037
0 0.013000 0.029630 -0.022000 -0.059259
0 0.012000 0.024074 -0.020000 -0.048148
0 0.012000 0.024074 -0.020000 -0.048148
0 0.009000 0.018519 -0.014000 -0.037037
0 0.005000 0.012963 -0.006000 -0.025926
0 0.013000 0.029630 -0.022000 -0.059259
0 0.009000 0.018519 -0.014000 -0.037037
0 0.013000 0.029630 -0.022000 -0.059259
0 0.009000 0.018519 -0.014000 -0.037037
0 0.012000 0.025926 -0.020000 -0.051852
0 0.005000 0.012963 -0.006000 -0.025926
0 0.009000 0.018519 -0.014000 -0.037037
0 0.009000 0.018519 -0.014000 -0.037037
0 0.009000 0.018519 -0.014000 -0.037037
0 0.012000 0.024074 -0.020000 -0.048148
0 0.012000 0.024074 -0.020000 -0.048148
0 0.012000 0.024074 -0.020000 -0.048148
0 0.005000 0.012963 -0.006000 -0.025926
0 0.013000 0.029630 -0.022000 -0.059259
0 0.009000 0.018519 -0.014000 -0.037037
0 0.005000 0.012963 -0.006000 -0.025926
0 0.009000 0.018519 -0.014000 -0.037037
0 0.005000 0.012963 -0.006000 -0.025926
0 0.009000 0.018519 -0.014000 -0.037037
0 0.009000 0.018519 -0.014000 -0.037037
0 0.005000 0.012963 -0.006000 -0.025926
0 0.012000 0.024074 -0.020000 -0.048148
0 0.005000 0.012963 -0.006000 -0.025926
0 0.005000 0.012963 -0.006000 -0.025926
0 0.009000 0.018519 -0.014000 -0.037037
0 0.013000 0.029630 -0.022000 -0.059259
0 0.012000 0.024074 -0.020000 -0.048148
0 0.012000 0.024074 -0.020000 -0.048148
0 0.013000 0.029630 -0.022000 -0.059259
0 0.009000 0.018519 -0.014000 -0.037037
0 0.009000 0.018519 -0.014000 -0.037037
0 0.009000 0.018519 -0.014000 -0.037037
0 0.013000 0.029630 -0.022000 -0.059259
0 0.009000 0.018519 -0.014000 -0.037037
0 0.009000 0.018519 -0.014000 -0.037037
0 0.009000 0.018519 -0.014000 -0.037037
0 0.005000 0.012963 -0.006000 -0.025926
0 0.012000 0.024074 -0.020000 -0.048148
0 0.013000 0.029630 -0.022000 -0.059259
0 0.012000 0.024074 -0.020000 -0.048148
0 0.009000 0.018519 -0.014000 -0.037037
0 0.012000 0.024074 -0.020000 -0.048148
0 0.009000 0.018519 -0.014000 -0.037037
0 0.005000 0.012963 -0.006000 -0.025926
0 0.005000 0.012963 -0.006000 -0.025926
0 0.009000 0.018519 -0.014000 -0.037037
0 0.005000 0.012963 -0.006000 -0.025926
0 0.013000 0.029630 -0.022000 -0.059259
0 0.009000 0.018519 -0.014000 -0.037037
0 0.009000 0.018519 -0.014000 -0.037037
0 0.012000 0.024074 -0.020000 -0.048148
0 0.009000 0.018519 -0.014000 -0.037037
0 0.005000 0.012963 -0.006000 -0.025926
0 0.005000 0.012963 -0.006000 -0.025926
0 0.009000 0.018519 -0.014000 -0.037037
0 0.009000 0.018519 -0.014000 -0.037037
0 0.009000 0.018519 -0.014000 -0.037037
0 0.009000 0.018519 -0.014000 -0.037037
0 0.012000 0.024074 -0.020000 -0.048148
0 0.012000 0.024074 -0.020000 -0.048148
0 0.005000 0.012963 -0.006000 -0.025926
0 0.013000 0.029630 -0.022000 -0.059259
0 0.009000 0.018519 -0.014000 -0.037037
0 0.009000 0.018519 -0.014000 -0.037037
0 0.012000 0.024074 -0.020000 -0.048148
0 0.009000 0.018519 -0.014000 -0.037037
0 0.005000 0.012963 -0.006000 -0.025926
0 0.013000 0.029630 -0.022000 -0.059259
0 0.013000 0.029630 -0.022000 -0.059259
0 0.009000 0.018519 -0.014000 -0.037037
0 0.009000 0.018519 -0.014000 -0.037037
0 0.013000 0.029630 -0.022000 -0.059259
0 0.012000 0.024074 -0.020000 -0.048148
0 0.005000 0.012963 -0.006000 -0.025926
0 0.009000 0.018519 -0.014000 -0.037037
0 0.012000 0.024074 -0.020000 -0.048148