0 0.004000 0.006961 -0.007000 -0.013921
0 0.003000 0.005800 -0.005000 -0.011601
0 0.004000 0.006961 -0.007000 -0.013921
0 0.003500 0.007347 -0.006000 -0.014695
0 0.008500 0.011988 -0.016000 -0.023975
0 0.001250 0.002320 -0.001500 -0.004640
0 0.008500 0.011988 -0.016000 -0.023975
0 0.004000 0.006961 -0.007000 -0.013921
0 0.007250 0.010441 -0.013500 -0.020882
0 0.003000 0.005800 -0.005000 -0.011601
0 0.008500 0.011988 -0.016000 -0.023975
0 0.004000 0.006961 -0.007000 -0.013921
0 0.008500 0.011988 -0.016000 -0.023975
0 0.003500 0.007347 -0.006000 -0.014695
0 0.003000 0.005800 -0.005000 -0.011601
0 0.003500 0.007347 -0.006000 -0.014695
0 0.008500 0.011988 -0.016000 -0.023975
0 0.003500 0.007347 -0.006000 -0.014695
0 0.003000 0.005800 -0.005000 -0.011601
0 0.003500 0.007347 -0.006000 -0.014695
0 0.001250 0.002320 -0.001500 -0.004640
0 0.004000 0.006961 -0.007000 -0.013921
0 0.004000 0.006961 -0.007000 -0.013921
0 0.008500 0.011988 -0.016000 -0.023975
0 0.003500 0.007347 -0.006000 -0.014695
0 0.004000 0.006961 -0.007000 -0.013921
0 0.008500 0.011988 -0.016000 -0.023975
0 0.003000 0.005800 -0.005000 -0.011601
0 0.003500 0.007347 -0.006000 -0.014695
0 0.004000 0.006961 -0.007000 -0.013921
0 0.004000 0.006961 -0.007000 -0.013921
0 0.003000 0.005800 -0.005000 -0.011601
0 0.003000 0.005800 -0.005000 -0.011601
0 0.004000 0.006961 -0.007000 -0.013921
0 0.003500 0.007347 -0.006000 -0.014695
0 0.003000 0.005800 -0.005000 -0.011601
0 0.003500 0.007347 -0.006000 -0.014695
0 0.004000 0.006961 -0.007000 -0.013921
0 0.003000 0.005800 -0.005000 -0.011601
0 0.003500 0.007347 -0.006000 -0.014695
0 0.004000 0.006961 -0.007000 -0.013921
0 0.008500 0.011988 -0.016000 -0.023975
0 0.008500 0.011988 -0.016000 -0.023975
0 0.003500 0.007347 -0.006000 -0.014695
0 0.003500 0.007347 -0.006000 -0.014695
0 0.008500 0.011988 -0.016000 -0.023975
0 0.003000 0.005800 -0.005000 -0.011601
0 0.003500 0.007347 -0.006000 -0.014695
0 0.004000 0.006961 -0.007000 -0.013921
0 0.008750 0.011988 -0.015500 -0.023975
0 0.004000 0.006961 -0.007000 -0.013921
0 0.003500 0.007347 -0.006000 -0.014695
0 0.003500 0.007347 -0.006000 -0.014695
0 0.003500 0.007347 -0.006000 -0.014695
0 0.003500 0.007347 -0.006000 -0.014695
0 0.004000 0.006961 -0.007000 -0.013921
0 0.003500 0.007347 -0.006000 -0.014695
0 0.004000 0.006961 -0.007000 -0.013921
0 0.003000 0.005800 -0.005000 -0.011601
0 0.005000 0.008121 -0.009000 -0.016241
0 0.004000 0.006961 -0.007000 -0.013921
0 0.006250 0.009281 -0.011500 -0.018561
0 0.008500 0.011988 -0.016000 -0.023975
0 0.003500 0.007347 -0.006000 -0.014695
0 0.004000 0.006961 -0.007000 -0.013921
0 0.008500 0.011988 -0.016000 -0.023975
0 0.003000 0.005800 -0.005000 -0.011601
0 0.004000 0.006961 -0.007000 -0.013921
0 0.008500 0.011988 -0.016000 -0.023975
0 0.004000 0.006961 -0.007000 -0.013921
0 0.003000 0.005800 -0.005000 -0.011601
0 0.004000 0.006961 -0.007000 -0.013921
0 0.003500 0.007347 -0.006000 -0.014695
0 0.003000 0.005800 -0.005000 -0.011601
0 0.008500 0.011988 -0.016000 -0.023975
0 0.004000 0.006961 -0.007000 -0.013921
0 0.004000 0.006961 -0.007000 -0.013921
0 0.001250 0.002320 -0.001500 -0.004640
0 0.003000 0.005800 -0.005000 -0.011601
0 0.003000 0.005800 -0.005000 -0.011601
0 0.003500 0.007347 -0.006000 -0.014695
0 0.004000 0.006961 -0.007000 -0.013921
0 0.003000 0.005800 -0.005000 -0.011601
0 0.004000 0.006961 -0.007000 -0.013921
0 0.003000 0.005800 -0.005000 -0.011601
0 0.003000 0.005800 -0.005000 -0.011601
0 0.003500 0.007347 -0.006000 -0.014695
0 0.003000 0.005800 -0.005000 -0.011601
0 0.003000 0.005800 -0.005000 -0.011601
0 0.003000 0.005800 -0.005000 -0.011601
0 0.003500 0.006961 -0.006000 -0.013921
0 0.003500 0.007347 -0.006000 -0.014695
0 0.003500 0.007347 -0.006000 -0.014695
0 0.003500 0.007347 -0.006000 -0.014695
0 0.004000 0.006961 -0.007000 -0.013921
0 0.003500 0.007347 -0.006000 -0.014695
0 0.008500 0.011988 -0.016000 -0.023975
0 0.008500 0.011988 -0.016000 -0.023975
0 0.003000 0.005800 -0.005000 -0.011601
0 0.008500 0.011988 -0.016000 -0.023975
0 0.003500 0.007347 -0.006000 -0.014695
0 0.003000 0.005800 -0.005000 -0.011601
0 0.003500 0.007347 -0.006000 -0.014695
0 0.003500 0.007347 -0.006000 -0.014695
0 0.004000 0.006961 -0.007000 -0.013921
0 0.003000 0.005800 -0.005000 -0.011601
0 0.008500 0.011988 -0.016000 -0.023975
0 0.003750 0.006961 -0.006500 -0.013921
0 0.003000 0.005800 -0.005000 -0.011601
0 0.001250 0.002320 -0.001500 -0.004640
0 0.003500 0.007347 -0.006000 -0.014695
0 0.003000 0.005800 -0.005000 -0.011601
0 0.003500 0.007347 -0.006000 -0.014695
0 0.003500 0.007347 -0.006000 -0.014695
0 0.003750 0.006961 -0.006500 -0.013921
0 0.004000 0.006961 -0.007000 -0.013921
0 0.003000 0.005800 -0.005000 -0.011601
0 0.003500 0.007347 -0.006000 -0.014695
0 0.004000 0.006961 -0.007000 -0.013921
0 0.003500 0.007347 -0.006000 -0.014695
0 0.001250 0.002320 -0.001500 -0.004640
0 0.003500 0.007347 -0.006000 -0.014695
0 0.003500 0.007347 -0.006000 -0.014695
0 0.004000 0.006961 -0.007000 -0.013921
0 0.006250 0.009281 -0.011500 -0.018561
0 0.003000 0.005800 -0.005000 -0.011601
0 0.003000 0.005800 -0.005000 -0.011601
0 0.003250 0.006961 -0.005500 -0.013921
0 0.003500 0.007347 -0.006000 -0.014695
0 0.003000 0.005800 -0.005000 -0.011601
0 0.003500 0.007347 -0.006000 -0.014695
0 0.008500 0.011988 -0.016000 -0.023975
0 0.003000 0.005800 -0.005000 -0.011601
0 0.003500 0.007347 -0.006000 -0.014695
0 0.004000 0.006961 -0.007000 -0.013921
0 0.004000 0.006961 -0.007000 -0.013921
0 0.004000 0.006961 -0.007000 -0.013921
0 0.004000 0.006961 -0.007000 -0.013921
0 0.003500 0.007347 -0.006000 -0.014695
0 0.003750 0.006961 -0.006500 -0.013921
0 0.004000 0.006961 -0.007000 -0.013921
0 0.003500 0.007347 -0.006000 -0.014695
0 0.003000 0.005800 -0.005000 -0.011601
0 0.003000 0.005800 -0.005000 -0.011601
0 0.004000 0.006961 -0.007000 -0.013921
0 0.003500 0.007347 -0.006000 -0.014695
0 0.003750 0.007347 -0.005500 -0.014695
0 0.003000 0.005800 -0.005000 -0.011601
0 0.003500 0.007347 -0.006000 -0.014695
0 0.003000 0.005800 -0.005000 -0.011601
0 0.003500 0.007347 -0.006000 -0.014695
0 0.003000 0.005800 -0.005000 -0.011601
0 0.001250 0.002320 -0.001500 -0.004640
0 0.004000 0.006961 -0.007000 -0.013921
0 0.001250 0.002320 -0.001500 -0.004640
0 0.003500 0.007347 -0.006000 -0.014695
0 0.008500 0.011988 -0.016000 -0.023975
0 0.003500 0.006961 -0.006000 -0.013921
0 0.004000 0.006961 -0.007000 -0.013921
0 0.003000 0.005800 -0.005000 -0.011601
0 0.003500 0.007347 -0.006000 -0.014695
0 0.008500 0.011988 -0.016000 -0.023975
0 0.003500 0.007347 -0.006000 -0.014695
0 0.003500 0.007347 -0.006000 -0.014695
0 0.004000 0.006961 -0.007000 -0.013921
0 0.004000 0.006961 -0.007000 -0.013921
0 0.003750 0.006961 -0.006500 -0.013921
0 0.007250 0.010441 -0.013500 -0.020882
0 0.003000 0.005800 -0.005000 -0.011601
0 0.003500 0.007347 -0.006000 -0.014695
0 0.003500 0.007347 -0.006000 -0.014695
0 0.004000 0.006961 -0.007000 -0.013921
0 0.004000 0.006961 -0.007000 -0.013921
0 0.003500 0.007347 -0.006000 -0.014695
0 0.001250 0.002320 -0.001500 -0.004640
0 0.001250 0.002320 -0.001500 -0.004640
0 0.004000 0.006961 -0.007000 -0.013921
0 0.003500 0.007347 -0.006000 -0.014695
0 0.004000 0.006961 -0.007000 -0.013921
0 0.003500 0.007347 -0.006000 -0.014695
0 0.004000 0.006961 -0.007000 -0.013921
0 0.005000 0.008121 -0.009000 -0.016241
0 0.003000 0.005800 -0.005000 -0.011601
0 0.008500 0.011988 -0.016000 -0.023975
0 0.008500 0.011988 -0.016000 -0.023975
0 0.003500 0.007347 -0.006000 -0.014695
0 0.003000 0.005800 -0.005000 -0.011601
0 0.008500 0.011988 -0.016000 -0.023975
0 0.008500 0.011988 -0.016000 -0.023975
0 0.003500 0.007347 -0.006000 -0.014695
0 0.008750 0.011988 -0.015500 -0.023975
0 0.003500 0.007347 -0.006000 -0.014695
0 0.004000 0.006961 -0.007000 -0.013921
0 0.003000 0.005800 -0.005000 -0.011601
0 0.003000 0.005800 -0.005000 -0.011601
0 0.003500 0.007347 -0.006000 -0.014695
0 0.003500 0.007347 -0.006000 -0.014695
0 0.003500 0.007347 -0.006000 -0.014695
0 0.004000 0.006961 -0.007000 -0.013921
0 0.001250 0.002320 -0.001500 -0.004640
0 0.004000 0.006961 -0.007000 -0.013921
0 0.001250 0.002320 -0.001500 -0.004640
0 0.003750 0.006961 -0.006500 -0.013921
0 0.003500 0.006961 -0.006000 -0.013921
0 0.003500 0.006961 -0.006000 -0.013921
0 0.003500 0.007347 -0.006000 -0.014695
0 0.004000 0.006961 -0.007000 -0.013921
0 0.004000 0.006961 -0.007000 -0.013921
0 0.008500 0.011988 -0.016000 -0.023975
0 0.003500 0.007347 -0.006000 -0.014695
0 0.004000 0.006961 -0.007000 -0.013921
0 0.001250 0.002320 -0.001500 -0.004640
0 0.003500 0.007347 -0.006000 -0.014695
0 0.008750 0.011988 -0.015500 -0.023975
0 0.003000 0.005800 -0.005000 -0.011601
0 0.003500 0.007347 -0.006000 -0.014695
0 0.003500 0.007347 -0.006000 -0.014695
0 0.003000 0.005800 -0.005000 -0.011601
0 0.008500 0.011988 -0.016000 -0.023975
0 0.004000 0.006961 -0.007000 -0.013921
0 0.004000 0.006961 -0.007000 -0.013921
0 0.008500 0.011988 -0.016000 -0.023975
0 0.004000 0.006961 -0.007000 -0.013921
0 0.004000 0.006961 -0.007000 -0.013921
0 0.001250 0.002320 -0.001500 -0.004640
0 0.003000 0.005800 -0.005000 -0.011601
0 0.004250 0.006961 -0.006500 -0.013921
0 0.003500 0.007347 -0.006000 -0.014695
0 0.003000 0.005800 -0.005000 -0.011601
0 0.004000 0.006961 -0.007000 -0.013921
0 0.004000 0.006961 -0.007000 -0.013921
0 0.004000 0.006961 -0.007000 -0.013921
0 0.003500 0.007347 -0.006000 -0.014695
0 0.004000 0.006961 -0.007000 -0.013921
0 0.001250 0.002320 -0.001500 -0.004640
0 0.008500 0.011988 -0.016000 -0.023975
0 0.003000 0.005800 -0.005000 -0.011601
0 0.004000 0.006961 -0.007000 -0.013921
0 0.008500 0.011988 -0.016000 -0.023975
0 0.004000 0.006961 -0.007000 -0.013921
0 0.003000 0.005800 -0.005000 -0.011601
0 0.008500 0.011988 -0.016000 -0.023975
0 0.004000 0.006961 -0.007000 -0.013921
0 0.003500 0.007347 -0.006000 -0.014695
0 0.004000 0.006961 -0.007000 -0.013921
0 0.004000 0.006961 -0.007000 -0.013921
0 0.004000 0.006961 -0.007000 -0.013921
0 0.004000 0.006961 -0.007000 -0.013921
0 0.003500 0.007347 -0.006000 -0.014695
0 0.003500 0.007347 -0.006000 -0.014695
0 0.004000 0.006961 -0.007000 -0.013921
0 0.003500 0.007347 -0.006000 -0.014695
0 0.003500 0.007347 -0.006000 -0.014695
0 0.003000 0.005800 -0.005000 -0.011601
0 0.003000 0.005800 -0.005000 -0.011601
0 0.003500 0.007347 -0.006000 -0.014695
0 0.003500 0.007347 -0.006000 -0.014695
0 0.001250 0.002320 -0.001500 -0.004640
0 0.003500 0.007347 -0.006000 -0.014695
0 0.004000 0.006961 -0.007000 -0.013921
0 0.008500 0.011988 -0.016000 -0.023975
0 0.003000 0.005800 -0.005000 -0.011601
0 0.003500 0.007347 -0.006000 -0.014695
0 0.003000 0.005800 -0.005000 -0.011601
0 0.004000 0.006961 -0.007000 -0.013921
0 0.004000 0.006961 -0.007000 -0.013921
0 0.003500 0.007347 -0.006000 -0.014695
0 0.008500 0.011988 -0.016000 -0.023975
0 0.008500 0.011988 -0.016000 -0.023975
0 0.003500 0.006961 -0.006000 -0.013921
0 0.001250 0.002320 -0.001500 -0.004640
0 0.006250 0.009281 -0.011500 -0.018561
0 0.008500 0.011988 -0.016000 -0.023975
0 0.003500 0.007347 -0.006000 -0.014695
0 0.003000 0.005800 -0.005000 -0.011601
0 0.004000 0.006961 -0.007000 -0.013921
0 0.008500 0.011988 -0.016000 -0.023975
0 0.008500 0.011988 -0.016000 -0.023975
0 0.003500 0.007347 -0.006000 -0.014695
0 0.003500 0.006961 -0.006000 -0.013921
0 0.003000 0.005800 -0.005000 -0.011601
0 0.003500 0.007347 -0.006000 -0.014695
0 0.003500 0.007347 -0.006000 -0.014695
0 0.003000 0.005800 -0.005000 -0.011601
0 0.003500 0.007347 -0.006000 -0.014695
0 0.003500 0.007347 -0.006000 -0.014695
0 0.001250 0.002320 -0.001500 -0.004640
0 0.003500 0.007347 -0.006000 -0.014695
0 0.008500 0.011988 -0.016000 -0.023975
0 0.003500 0.007347 -0.006000 -0.014695
0 0.008500 0.011988 -0.016000 -0.023975
0 0.003750 0.006961 -0.006500 -0.013921
0 0.004000 0.006961 -0.007000 -0.013921
0 0.003500 0.007347 -0.006000 -0.014695
0 0.008500 0.011988 -0.016000 -0.023975
0 0.003500 0.007347 -0.006000 -0.014695
0 0.004000 0.006961 -0.007000 -0.013921
0 0.003500 0.007347 -0.006000 -0.014695
0 0.008500 0.011988 -0.016000 -0.023975
0 0.004000 0.006961 -0.007000 -0.013921
0 0.003000 0.005800 -0.005000 -0.011601
0 0.003000 0.005800 -0.005000 -0.011601
0 0.007250 0.010441 -0.013500 -0.020882
0 0.003000 0.005800 -0.005000 -0.011601
0 0.004000 0.006961 -0.007000 -0.013921
0 0.004000 0.006961 -0.007000 -0.013921
0 0.003500 0.007347 -0.006000 -0.014695
0 0.003250 0.005800 -0.004500 -0.011601
0 0.003500 0.007347 -0.006000 -0.014695
0 0.003000 0.005800 -0.005000 -0.011601
0 0.001250 0.002320 -0.001500 -0.004640
0 0.004000 0.006961 -0.007000 -0.013921
0 0.003000 0.005800 -0.005000 -0.011601
0 0.008500 0.011988 -0.016000 -0.023975
0 0.004000 0.006961 -0.007000 -0.013921
0 0.004000 0.006961 -0.007000 -0.013921
0 0.003500 0.007347 -0.006000 -0.014695
0 0.004000 0.006961 -0.007000 -0.013921
0 0.008750 0.011988 -0.015500 -0.023975
0 0.008500 0.011988 -0.016000 -0.023975
0 0.003000 0.005800 -0.005000 -0.011601
0 0.003000 0.005800 -0.005000 -0.011601
0 0.003000 0.005800 -0.005000 -0.011601
0 0.003500 0.007347 -0.006000 -0.014695
0 0.004000 0.006961 -0.007000 -0.013921
0 0.004000 0.006961 -0.007000 -0.013921
0 0.008500 0.011988 -0.016000 -0.023975
0 0.001250 0.002320 -0.001500 -0.004640
0 0.008500 0.011988 -0.016000 -0.023975
0 0.003000 0.005800 -0.005000 -0.011601
0 0.001250 0.002320 -0.001500 -0.004640
0 0.003000 0.005800 -0.005000 -0.011601
0 0.003000 0.005800 -0.005000 -0.011601
0 0.004000 0.006961 -0.007000 -0.013921
0 0.008500 0.011988 -0.016000 -0.023975
0 0.004000 0.006961 -0.007000 -0.013921
0 0.003750 0.006961 -0.006500 -0.013921
0 0.003500 0.007347 -0.006000 -0.014695
0 0.003500 0.007347 -0.006000 -0.014695
0 0.006250 0.009281 -0.011500 -0.018561
0 0.003500 0.007347 -0.006000 -0.014695
0 0.004000 0.006961 -0.007000 -0.013921
0 0.004000 0.006961 -0.007000 -0.013921
0 0.004000 0.006961 -0.007000 -0.013921
0 0.003000 0.005800 -0.005000 -0.011601
0 0.008500 0.011988 -0.016000 -0.023975
0 0.008500 0.011988 -0.016000 -0.023975
0 0.008500 0.011988 -0.016000 -0.023975
0 0.004000 0.006961 -0.007000 -0.013921
0 0.003000 0.005800 -0.005000 -0.011601
0 0.003500 0.007347 -0.006000 -0.014695
0 0.008500 0.011988 -0.016000 -0.023975
0 0.003500 0.007347 -0.006000 -0.014695
0 0.004000 0.006961 -0.007000 -0.013921
0 0.003000 0.005800 -0.005000 -0.011601
0 0.004000 0.006961 -0.007000 -0.013921
0 0.004000 0.006961 -0.007000 -0.013921
0 0.005000 0.008121 -0.009000 -0.016241
0 0.001250 0.002320 -0.001500 -0.004640
0 0.003000 0.005800 -0.005000 -0.011601
0 0.008500 0.011988 -0.016000 -0.023975
0 0.003500 0.007347 -0.006000 -0.014695
0 0.003500 0.007347 -0.006000 -0.014695
0 0.004000 0.006961 -0.007000 -0.013921
0 0.008500 0.011988 -0.016000 -0.023975
0 0.008750 0.011988 -0.015500 -0.023975
0 0.004000 0.006961 -0.007000 -0.013921
0 0.004000 0.006961 -0.007000 -0.013921
0 0.004000 0.006961 -0.007000 -0.013921
0 0.008500 0.011988 -0.016000 -0.023975
0 0.008500 0.011988 -0.016000 -0.023975
0 0.003000 0.005800 -0.005000 -0.011601
0 0.003500 0.007347 -0.006000 -0.014695
0 0.003500 0.007347 -0.006000 -0.014695
0 0.001250 0.002320 -0.001500 -0.004640
0 0.008500 0.011988 -0.016000 -0.023975
0 0.008500 0.011988 -0.016000 -0.023975
0 0.003000 0.005800 -0.005000 -0.011601
0 0.003000 0.005800 -0.005000 -0.011601
0 0.003500 0.007347 -0.006000 -0.014695
0 0.001250 0.002320 -0.001500 -0.004640
0 0.004000 0.006961 -0.007000 -0.013921
0 0.008500 0.011988 -0.016000 -0.023975
0 0.003000 0.005800 -0.005000 -0.011601
0 0.001250 0.002320 -0.001500 -0.004640
0 0.004000 0.006961 -0.007000 -0.013921
0 0.008500 0.011988 -0.016000 -0.023975
0 0.003000 0.005800 -0.005000 -0.011601
0 0.004000 0.006961 -0.007000 -0.013921
0 0.003000 0.005800 -0.005000 -0.011601
0 0.003500 0.007347 -0.006000 -0.014695
0 0.003000 0.005800 -0.005000 -0.011601
0 0.008750 0.011988 -0.015500 -0.023975
0 0.008500 0.011988 -0.016000 -0.023975
0 0.003500 0.007347 -0.006000 -0.014695
0 0.003000 0.005800 -0.005000 -0.011601
0 0.003500 0.007347 -0.006000 -0.014695
0 0.004000 0.006961 -0.007000 -0.013921
0 0.008500 0.011988 -0.016000 -0.023975
0 0.001250 0.002320 -0.001500 -0.004640
0 0.008500 0.011988 -0.016000 -0.023975
0 0.003000 0.005800 -0.005000 -0.011601
0 0.001250 0.002320 -0.001500 -0.004640
0 0.003500 0.007347 -0.006000 -0.014695
0 0.004000 0.006961 -0.007000 -0.013921
0 0.001250 0.002320 -0.001500 -0.004640
0 0.004000 0.006961 -0.007000 -0.013921
0 0.003000 0.005800 -0.005000 -0.011601
0 0.003000 0.005800 -0.005000 -0.011601
0 0.008500 0.011988 -0.016000 -0.023975
0 0.004000 0.006961 -0.007000 -0.013921
0 0.004000 0.006961 -0.007000 -0.013921
0 0.008750 0.011988 -0.015500 -0.023975
0 0.003000 0.005800 -0.005000 -0.011601
0 0.006250 0.009281 -0.011500 -0.018561
0 0.003500 0.006961 -0.006000 -0.013921
0 0.008500 0.011988 -0.016000 -0.023975
0 0.004000 0.006961 -0.007000 -0.013921
0 0.008500 0.011988 -0.016000 -0.023975
0 0.004000 0.006961 -0.007000 -0.013921
0 0.001250 0.002320 -0.001500 -0.004640
0 0.008500 0.011988 -0.016000 -0.023975
0 0.004000 0.006961 -0.007000 -0.013921
0 0.003000 0.005800 -0.005000 -0.011601
0 0.003500 0.007347 -0.006000 -0.014695
0 0.003000 0.005800 -0.005000 -0.011601
0 0.003000 0.005800 -0.005000 -0.011601
0 0.004000 0.006961 -0.007000 -0.013921
0 0.003500 0.007347 -0.006000 -0.014695
0 0.003500 0.007347 -0.006000 -0.014695
0 0.003000 0.005800 -0.005000 -0.011601
0 0.003500 0.007347 -0.006000 -0.014695
0 0.003500 0.007347 -0.006000 -0.014695
0 0.008500 0.011988 -0.016000 -0.023975
0 0.003500 0.007347 -0.006000 -0.014695
0 0.004000 0.006961 -0.007000 -0.013921
0 0.004000 0.006961 -0.007000 -0.013921
0 0.004000 0.006961 -0.007000 -0.013921
0 0.003500 0.007347 -0.006000 -0.014695
0 0.003500 0.007347 -0.006000 -0.014695
0 0.003000 0.005800 -0.005000 -0.011601
0 0.008500 0.011988 -0.016000 -0.023975
0 0.008500 0.011988 -0.016000 -0.023975
0 0.001250 0.002320 -0.001500 -0.004640
0 0.003000 0.005800 -0.005000 -0.011601
0 0.003000 0.005800 -0.005000 -0.011601
0 0.003000 0.005800 -0.005000 -0.011601
0 0.003000 0.005800 -0.005000 -0.011601
0 0.003000 0.005800 -0.005000 -0.011601
0 0.004000 0.006961 -0.007000 -0.013921
0 0.004000 0.006961 -0.007000 -0.013921
0 0.004000 0.006961 -0.007000 -0.013921
0 0.004000 0.006961 -0.007000 -0.013921
0 0.004000 0.006961 -0.007000 -0.013921
0 0.003500 0.007347 -0.006000 -0.014695
0 0.008500 0.011988 -0.016000 -0.023975
0 0.004000 0.006961 -0.007000 -0.013921
0 0.003500 0.007347 -0.006000 -0.014695
0 0.003000 0.005800 -0.005000 -0.011601
0 0.003500 0.007347 -0.006000 -0.014695
0 0.004000 0.006961 -0.007000 -0.013921
0 0.003500 0.007347 -0.006000 -0.014695
0 0.003000 0.005800 -0.005000 -0.011601
0 0.008500 0.011988 -0.016000 -0.023975
0 0.003000 0.005800 -0.005000 -0.011601
0 0.003500 0.007347 -0.006000 -0.014695
0 0.004000 0.006961 -0.007000 -0.013921
0 0.003500 0.007347 -0.006000 -0.014695
0 0.008500 0.011988 -0.016000 -0.023975
0 0.003750 0.007347 -0.005500 -0.014695
0 0.003000 0.005800 -0.005000 -0.011601
0 0.004000 0.006961 -0.007000 -0.013921
0 0.004000 0.006961 -0.007000 -0.013921
0 0.004000 0.006961 -0.007000 -0.013921
0 0.003500 0.007347 -0.006000 -0.014695
0 0.004000 0.006961 -0.007000 -0.013921
0 0.003000 0.005800 -0.005000 -0.011601
0 0.004000 0.006961 -0.007000 -0.013921
0 0.008500 0.011988 -0.016000 -0.023975
0 0.003000 0.005800 -0.005000 -0.011601
0 0.003000 0.005800 -0.005000 -0.011601
0 0.003250 0.005800 -0.004500 -0.011601
0 0.003000 0.005800 -0.005000 -0.011601
0 0.004000 0.006961 -0.007000 -0.013921
0 0.004000 0.006961 -0.007000 -0.013921
0 0.008500 0.011988 -0.016000 -0.023975
0 0.008500 0.011988 -0.016000 -0.023975
0 0.004000 0.006961 -0.007000 -0.013921
0 0.004000 0.006961 -0.007000 -0.013921
0 0.004000 0.006961 -0.007000 -0.013921
0 0.008750 0.011988 -0.015500 -0.023975
0 0.003500 0.007347 -0.006000 -0.014695
0 0.008500 0.011988 -0.016000 -0.023975
0 0.003000 0.005800 -0.005000 -0.011601
0 0.004000 0.006961 -0.007000 -0.013921
0 0.003500 0.007347 -0.006000 -0.014695
0 0.003000 0.005800 -0.005000 -0.011601
0 0.005000 0.008121 -0.009000 -0.016241
0 0.008500 0.011988 -0.016000 -0.023975
0 0.003000 0.005800 -0.005000 -0.011601
0 0.004000 0.006961 -0.007000 -0.013921
0 0.003000 0.005800 -0.005000 -0.011601
0 0.001250 0.002320 -0.001500 -0.004640
0 0.008500 0.011988 -0.016000 -0.023975
0 0.004000 0.006961 -0.007000 -0.013921
0 0.001250 0.002320 -0.001500 -0.004640
0 0.004000 0.006961 -0.007000 -0.013921
0 0.001250 0.002320 -0.001500 -0.004640
0 0.004000 0.006961 -0.007000 -0.013921
0 0.001250 0.002320 -0.001500 -0.004640
0 0.008500 0.011988 -0.016000 -0.023975
0 0.004000 0.006961 -0.007000 -0.013921
0 0.003500 0.007347 -0.006000 -0.014695
0 0.004000 0.006961 -0.007000 -0.013921
0 0.004250 0.006961 -0.006500 -0.013921
0 0.004000 0.006961 -0.007000 -0.013921
0 0.003000 0.005800 -0.005000 -0.011601
0 0.004000 0.006961 -0.007000 -0.013921
0 0.004000 0.006961 -0.007000 -0.013921
0 0.008750 0.011988 -0.015500 -0.023975
0 0.003000 0.005800 -0.005000 -0.011601
0 0.003000 0.005800 -0.005000 -0.011601
0 0.003500 0.007347 -0.006000 -0.014695
0 0.003000 0.005800 -0.005000 -0.011601
0 0.004000 0.006961 -0.007000 -0.013921
0 0.008500 0.011988 -0.016000 -0.023975
0 0.004000 0.006961 -0.007000 -0.013921
0 0.003500 0.007347 -0.006000 -0.014695
0 0.004000 0.006961 -0.007000 -0.013921
0 0.004000 0.006961 -0.007000 -0.013921
0 0.004000 0.006961 -0.007000 -0.013921
0 0.008500 0.011988 -0.016000 -0.023975