0 0.006250 0.018454 -0.011500 -0.036909
0 0.006000 0.014418 -0.011000 -0.028835
0 0.006000 0.014418 -0.011000 -0.028835
0 0.006250 0.018454 -0.011500 -0.036909
0 0.004000 0.011534 -0.007000 -0.023068
0 0.007750 0.022491 -0.014500 -0.044983
0 0.004000 0.011534 -0.007000 -0.023068
0 0.006000 0.014418 -0.011000 -0.028835
0 0.006250 0.018454 -0.011500 -0.036909
0 0.004000 0.011534 -0.007000 -0.023068
0 0.004000 0.011534 -0.007000 -0.023068
0 0.006000 0.014418 -0.011000 -0.028835
0 0.007750 0.022491 -0.014500 -0.044983
0 0.007750 0.022491 -0.014500 -0.044983
0 0.007750 0.022491 -0.014500 -0.044983
0 0.006250 0.018454 -0.011500 -0.036909
0 0.006000 0.014418 -0.011000 -0.028835
0 0.006250 0.018454 -0.011500 -0.036909
0 0.006000 0.014418 -0.011000 -0.028835
0 0.006250 0.018454 -0.011500 -0.036909
0 0.004000 0.011534 -0.007000 -0.023068
0 0.004000 0.011534 -0.007000 -0.023068
0 0.004750 0.010957 -0.008500 -0.021915
0 0.003500 0.008074 -0.006000 -0.016148
0 0.006250 0.018454 -0.011500 -0.036909
0 0.006250 0.018454 -0.011500 -0.036909
0 0.006000 0.014418 -0.011000 -0.028835
0 0.006250 0.018454 -0.011500 -0.036909
0 0.006250 0.018454 -0.011500 -0.036909
0 0.004000 0.011534 -0.007000 -0.023068
0 0.006250 0.018454 -0.011500 -0.036909
0 0.007500 0.020761 -0.014000 -0.041522
0 0.006250 0.018454 -0.011500 -0.036909
0 0.006250 0.018454 -0.011500 -0.036909
0 0.006000 0.014418 -0.011000 -0.028835
0 0.006000 0.014418 -0.011000 -0.028835
0 0.006250 0.018454 -0.011500 -0.036909
0 0.004000 0.011534 -0.007000 -0.023068
0 0.006000 0.014418 -0.011000 -0.028835
0 0.004000 0.011534 -0.007000 -0.023068
0 0.006250 0.018454 -0.011500 -0.036909
0 0.006250 0.018454 -0.011500 -0.036909
0 0.004000 0.011534 -0.007000 -0.023068
0 0.006000 0.014418 -0.011000 -0.028835
0 0.006000 0.014418 -0.011000 -0.028835
0 0.007500 0.020761 -0.014000 -0.041522
0 0.007750 0.022491 -0.014500 -0.044983
0 0.006250 0.018454 -0.011500 -0.036909
0 0.006000 0.014418 -0.011000 -0.028835
0 0.006000 0.014418 -0.011000 -0.028835
0 0.006000 0.014418 -0.011000 -0.028835
0 0.006250 0.018454 -0.011500 -0.036909
0 0.007000 0.022491 -0.013000 -0.044983
0 0.006250 0.018454 -0.011500 -0.036909
0 0.006000 0.014418 -0.011000 -0.028835
0 0.004000 0.011534 -0.007000 -0.023068
0 0.004000 0.011534 -0.007000 -0.023068
0 0.006250 0.018454 -0.011500 -0.036909
0 0.007500 0.020761 -0.014000 -0.041522
0 0.004000 0.011534 -0.007000 -0.023068
0 0.006000 0.014418 -0.011000 -0.028835
0 0.004000 0.011534 -0.007000 -0.023068
0 0.004500 0.014994 -0.008000 -0.029988
0 0.006000 0.014418 -0.011000 -0.028835
0 0.004000 0.011534 -0.007000 -0.023068
0 0.007750 0.022491 -0.014500 -0.044983
0 0.006000 0.014418 -0.011000 -0.028835
0 0.007500 0.020761 -0.014000 -0.041522
0 0.006000 0.014418 -0.011000 -0.028835
0 0.006000 0.014418 -0.011000 -0.028835
0 0.006250 0.018454 -0.011500 -0.036909
0 0.006000 0.014418 -0.011000 -0.028835
0 0.006250 0.018454 -0.011500 -0.036909
0 0.006000 0.014418 -0.011000 -0.028835
0 0.004000 0.011534 -0.007000 -0.023068
0 0.007750 0.022491 -0.014500 -0.044983
0 0.004000 0.011534 -0.007000 -0.023068
0 0.007500 0.020761 -0.014000 -0.041522
0 0.006250 0.018454 -0.011500 -0.036909
0 0.007750 0.022491 -0.014500 -0.044983
0 0.007750 0.022491 -0.014500 -0.044983
0 0.004000 0.011534 -0.007000 -0.023068
0 0.004000 0.011534 -0.007000 -0.023068
0 0.004000 0.011534 -0.007000 -0.023068
0 0.004000 0.011534 -0.007000 -0.023068
0 0.006000 0.014418 -0.011000 -0.028835
0 0.006250 0.018454 -0.011500 -0.036909
0 0.006250 0.018454 -0.011500 -0.036909
0 0.006250 0.018454 -0.011500 -0.036909
0 0.006250 0.018454 -0.011500 -0.036909
0 0.006250 0.018454 -0.011500 -0.036909
0 0.006250 0.018454 -0.011500 -0.036909
0 0.007500 0.020761 -0.014000 -0.041522
0 0.006500 0.018454 -0.011000 -0.036909
0 0.007000 0.022491 -0.013000 -0.044983
0 0.004000 0.011534 -0.007000 -0.023068
0 0.007750 0.022491 -0.014500 -0.044983
0 0.007750 0.022491 -0.014500 -0.044983
0 0.007500 0.020761 -0.014000 -0.041522
0 0.006250 0.018454 -0.011500 -0.036909
0 0.007750 0.022491 -0.014500 -0.044983
0 0.007000 0.022491 -0.013000 -0.044983
0 0.007750 0.022491 -0.014500 -0.044983
0 0.007500 0.020761 -0.014000 -0.041522
0 0.007750 0.022491 -0.014500 -0.044983
0 0.007750 0.022491 -0.014500 -0.044983
0 0.006250 0.018454 -0.011500 -0.036909
0 0.006000 0.014418 -0.011000 -0.028835
0 0.007500 0.020761 -0.014000 -0.041522
0 0.004000 0.011534 -0.007000 -0.023068
0 0.006250 0.018454 -0.011500 -0.036909
0 0.006250 0.018454 -0.011500 -0.036909
0 0.006000 0.014418 -0.011000 -0.028835
0 0.007750 0.022491 -0.014500 -0.044983
0 0.007000 0.022491 -0.013000 -0.044983
0 0.006250 0.018454 -0.011500 -0.036909
0 0.007750 0.022491 -0.014500 -0.044983
0 0.004000 0.011534 -0.007000 -0.023068
0 0.006250 0.018454 -0.011500 -0.036909
0 0.006250 0.018454 -0.011500 -0.036909
0 0.007000 0.022491 -0.013000 -0.044983
0 0.006000 0.014418 -0.011000 -0.028835
0 0.007500 0.020761 -0.014000 -0.041522
0 0.006000 0.014418 -0.011000 -0.028835
0 0.007000 0.022491 -0.013000 -0.044983
0 0.004000 0.011534 -0.007000 -0.023068
0 0.006500 0.018454 -0.011000 -0.036909