0 0.008462 0.015000 -0.013846 -0.025000
0 0.008462 0.012500 -0.013846 -0.020000
0 0.010000 0.020000 -0.016923 -0.035000
0 0.008462 0.015000 -0.013846 -0.025000
0 0.008462 0.015000 -0.013846 -0.025000
0 0.006154 0.013750 -0.009231 -0.022500
0 0.008462 0.012500 -0.013846 -0.020000
0 0.008462 0.015000 -0.013846 -0.025000
0 0.008462 0.012500 -0.013846 -0.020000
0 0.008462 0.013750 -0.013846 -0.022500
0 0.008462 0.012500 -0.013846 -0.020000
0 0.010000 0.020000 -0.016923 -0.035000
0 0.008462 0.015000 -0.013846 -0.025000
0 0.008462 0.015000 -0.013846 -0.025000
0 0.008462 0.013750 -0.013846 -0.022500
0 0.009231 0.020000 -0.015385 -0.035000
0 0.006923 0.016250 -0.010769 -0.027500
0 0.008462 0.015000 -0.013846 -0.025000
0 0.009231 0.020000 -0.015385 -0.035000
0 0.008462 0.011250 -0.013846 -0.017500
0 0.008462 0.015000 -0.013846 -0.025000
0 0.008462 0.015000 -0.013846 -0.025000
0 0.008462 0.015000 -0.013846 -0.025000
0 0.008462 0.012500 -0.013846 -0.020000
0 0.008462 0.015000 -0.013846 -0.025000
0 0.006154 0.013750 -0.009231 -0.022500
0 0.008462 0.013750 -0.013846 -0.022500
0 0.006154 0.013750 -0.009231 -0.022500
0 0.008462 0.017500 -0.013846 -0.030000
0 0.008462 0.015000 -0.013846 -0.025000
0 0.008462 0.015000 -0.013846 -0.025000
0 0.010000 0.020000 -0.016923 -0.035000
0 0.008462 0.013750 -0.013846 -0.022500
0 0.008462 0.015000 -0.013846 -0.025000
0 0.008462 0.011250 -0.013846 -0.017500
0 0.008462 0.013750 -0.013846 -0.022500
0 0.008462 0.015000 -0.013846 -0.025000
0 0.008462 0.015000 -0.013846 -0.025000
0 0.008462 0.015000 -0.013846 -0.025000
0 0.006923 0.016250 -0.010769 -0.027500
0 0.008462 0.013750 -0.013846 -0.022500
0 0.008462 0.015000 -0.013846 -0.025000
0 0.008462 0.015000 -0.013846 -0.025000
0 0.008462 0.015000 -0.013846 -0.025000
0 0.008462 0.015000 -0.013846 -0.025000
0 0.008462 0.012500 -0.013846 -0.020000
0 0.006154 0.013750 -0.009231 -0.022500
0 0.009231 0.020000 -0.015385 -0.035000
0 0.008462 0.015000 -0.013846 -0.025000
0 0.008462 0.015000 -0.013846 -0.025000
0 0.006154 0.013750 -0.009231 -0.022500
0 0.008462 0.012500 -0.013846 -0.020000
0 0.008462 0.012500 -0.013846 -0.020000
0 0.006154 0.013750 -0.009231 -0.022500
0 0.008462 0.015000 -0.013846 -0.025000
0 0.006154 0.013750 -0.009231 -0.022500
0 0.006154 0.013750 -0.009231 -0.022500
0 0.008462 0.011250 -0.013846 -0.017500
0 0.008462 0.015000 -0.013846 -0.025000
0 0.008462 0.015000 -0.013846 -0.025000
0 0.006154 0.013750 -0.009231 -0.022500
0 0.010000 0.017500 -0.016923 -0.030000
0 0.008462 0.015000 -0.013846 -0.025000
0 0.008462 0.015000 -0.013846 -0.025000
0 0.008462 0.015000 -0.013846 -0.025000
0 0.009231 0.020000 -0.015385 -0.035000
0 0.009231 0.020000 -0.015385 -0.035000
0 0.008462 0.015000 -0.013846 -0.025000
0 0.008462 0.015000 -0.013846 -0.025000
0 0.006154 0.013750 -0.009231 -0.022500
0 0.009231 0.020000 -0.015385 -0.035000
0 0.009231 0.020000 -0.015385 -0.035000
0 0.008462 0.015000 -0.013846 -0.025000
0 0.008462 0.012500 -0.013846 -0.020000
0 0.008462 0.012500 -0.013846 -0.020000
0 0.008462 0.015000 -0.013846 -0.025000
0 0.008462 0.015000 -0.013846 -0.025000
0 0.008462 0.015000 -0.013846 -0.025000
0 0.008462 0.015000 -0.013846 -0.025000
0 0.008462 0.015000 -0.013846 -0.025000
0 0.006154 0.013750 -0.009231 -0.022500
0 0.008462 0.013750 -0.013846 -0.022500
0 0.006923 0.017500 -0.010769 -0.030000
0 0.009231 0.020000 -0.015385 -0.035000
0 0.008462 0.013750 -0.013846 -0.022500
0 0.008462 0.015000 -0.013846 -0.025000
0 0.008462 0.012500 -0.013846 -0.020000
0 0.008462 0.015000 -0.013846 -0.025000
0 0.008462 0.013750 -0.013846 -0.022500
0 0.006923 0.017500 -0.010769 -0.030000
0 0.008462 0.015000 -0.013846 -0.025000
0 0.008462 0.017500 -0.013846 -0.030000
0 0.006154 0.013750 -0.009231 -0.022500
0 0.008462 0.015000 -0.013846 -0.025000
0 0.008462 0.013750 -0.013846 -0.022500
0 0.008462 0.015000 -0.013846 -0.025000
0 0.008462 0.013750 -0.013846 -0.022500
0 0.008462 0.013750 -0.013846 -0.022500
0 0.008462 0.012500 -0.013846 -0.020000
0 0.008462 0.015000 -0.013846 -0.025000
0 0.008462 0.017500 -0.013846 -0.030000
0 0.010000 0.020000 -0.016923 -0.035000
0 0.008462 0.012500 -0.013846 -0.020000
0 0.008462 0.012500 -0.013846 -0.020000
0 0.008462 0.015000 -0.013846 -0.025000
0 0.006154 0.013750 -0.009231 -0.022500
0 0.008462 0.015000 -0.013846 -0.025000
0 0.008462 0.013750 -0.013846 -0.022500
0 0.008462 0.012500 -0.013846 -0.020000
0 0.006923 0.017500 -0.010769 -0.030000
0 0.009231 0.020000 -0.015385 -0.035000
0 0.008462 0.015000 -0.013846 -0.025000
0 0.008462 0.013750 -0.013846 -0.022500
0 0.008462 0.017500 -0.013846 -0.030000
0 0.008462 0.012500 -0.013846 -0.020000
0 0.008462 0.015000 -0.013846 -0.025000
0 0.008462 0.013750 -0.013846 -0.022500
0 0.008462 0.013750 -0.013846 -0.022500
0 0.009231 0.020000 -0.015385 -0.035000
0 0.008462 0.012500 -0.013846 -0.020000
0 0.008462 0.013750 -0.013846 -0.022500
0 0.009231 0.020000 -0.015385 -0.035000
0 0.009231 0.020000 -0.015385 -0.035000
0 0.008462 0.013750 -0.013846 -0.022500
0 0.008462 0.013750 -0.013846 -0.022500
0 0.009231 0.020000 -0.015385 -0.035000
0 0.008462 0.015000 -0.013846 -0.025000
0 0.008462 0.013750 -0.013846 -0.022500
0 0.010000 0.017500 -0.016923 -0.030000
0 0.008462 0.011250 -0.013846 -0.017500
0 0.008462 0.015000 -0.013846 -0.025000
0 0.008462 0.012500 -0.013846 -0.020000
0 0.008462 0.015000 -0.013846 -0.025000
0 0.009231 0.020000 -0.015385 -0.035000
0 0.008462 0.013750 -0.013846 -0.022500
0 0.008462 0.015000 -0.013846 -0.025000
0 0.008462 0.015000 -0.013846 -0.025000
0 0.008462 0.012500 -0.013846 -0.020000
0 0.009231 0.020000 -0.015385 -0.035000
0 0.009231 0.020000 -0.015385 -0.035000
0 0.008462 0.013750 -0.013846 -0.022500
0 0.008462 0.015000 -0.013846 -0.025000
0 0.006923 0.017500 -0.010769 -0.030000
0 0.008462 0.015000 -0.013846 -0.025000
0 0.008462 0.013750 -0.013846 -0.022500
0 0.009231 0.020000 -0.015385 -0.035000
0 0.008462 0.017500 -0.013846 -0.030000
0 0.008462 0.017500 -0.013846 -0.030000
0 0.008462 0.015000 -0.013846 -0.025000
0 0.009231 0.020000 -0.015385 -0.035000
0 0.006154 0.013750 -0.009231 -0.022500
0 0.006154 0.013750 -0.009231 -0.022500
0 0.009231 0.020000 -0.015385 -0.035000
0 0.008462 0.015000 -0.013846 -0.025000
0 0.009231 0.020000 -0.015385 -0.035000
0 0.008462 0.015000 -0.013846 -0.025000
0 0.008462 0.015000 -0.013846 -0.025000
0 0.008462 0.013750 -0.013846 -0.022500
0 0.008462 0.015000 -0.013846 -0.025000
0 0.008462 0.015000 -0.013846 -0.025000
0 0.008462 0.012500 -0.013846 -0.020000
0 0.008462 0.012500 -0.013846 -0.020000
0 0.006154 0.013750 -0.009231 -0.022500
0 0.006154 0.013750 -0.009231 -0.022500
0 0.006154 0.013750 -0.009231 -0.022500
0 0.006154 0.013750 -0.009231 -0.022500