0 0.029167 0.043750 -0.052778 -0.079167
0 0.029167 0.043750 -0.052778 -0.079167
0 0.043056 0.066667 -0.080556 -0.133333
0 0.026389 0.033333 -0.047222 -0.066667
0 0.029167 0.043750 -0.052778 -0.079167
0 0.033333 0.060417 -0.061111 -0.120833
0 0.041667 0.064583 -0.077778 -0.129167
0 0.030556 0.056250 -0.055556 -0.112500
0 0.029167 0.043750 -0.052778 -0.079167
0 0.027778 0.043750 -0.050000 -0.087500
0 0.033333 0.060417 -0.061111 -0.120833
0 0.027778 0.043750 -0.050000 -0.087500
0 0.026389 0.033333 -0.047222 -0.066667
0 0.034722 0.054167 -0.063889 -0.108333
0 0.027778 0.043750 -0.050000 -0.087500
0 0.036111 0.060417 -0.066667 -0.120833
0 0.029167 0.041667 -0.052778 -0.083333
0 0.034722 0.054167 -0.063889 -0.108333
0 0.033333 0.060417 -0.061111 -0.120833