0 0.008333 0.013652 -0.014444 -0.027304
0 0.006111 0.008532 -0.010000 -0.017065
0 0.006111 0.008532 -0.010000 -0.017065
0 0.006111 0.008532 -0.010000 -0.017065
0 0.007222 0.010239 -0.012222 -0.020478
0 0.007222 0.010239 -0.012222 -0.020478
0 0.006111 0.008532 -0.010000 -0.017065
0 0.007222 0.010239 -0.012222 -0.020478
0 0.006667 0.009386 -0.011111 -0.018771
0 0.007222 0.010239 -0.012222 -0.020478
0 0.006111 0.008532 -0.010000 -0.017065
0 0.006111 0.008532 -0.010000 -0.017065
0 0.006111 0.008532 -0.010000 -0.017065
0 0.006111 0.008532 -0.010000 -0.017065
0 0.008333 0.013652 -0.014444 -0.027304
0 0.006111 0.008532 -0.010000 -0.017065
0 0.006111 0.008532 -0.010000 -0.017065
0 0.006111 0.008532 -0.010000 -0.017065
0 0.008333 0.013652 -0.014444 -0.027304
0 0.006111 0.008532 -0.010000 -0.017065
0 0.006111 0.008532 -0.010000 -0.017065
0 0.008333 0.013652 -0.014444 -0.027304
0 0.006111 0.008532 -0.010000 -0.017065
0 0.008333 0.013652 -0.014444 -0.027304
0 0.006111 0.008532 -0.010000 -0.017065
0 0.007222 0.010239 -0.012222 -0.020478
0 0.008333 0.013652 -0.014444 -0.027304
0 0.006111 0.008532 -0.010000 -0.017065
0 0.006111 0.008532 -0.010000 -0.017065
0 0.007222 0.010239 -0.012222 -0.020478
0 0.007222 0.010239 -0.012222 -0.020478
0 0.006111 0.008532 -0.010000 -0.017065
0 0.007222 0.010239 -0.012222 -0.020478
0 0.006111 0.008532 -0.010000 -0.017065
0 0.006111 0.008532 -0.010000 -0.017065
0 0.008333 0.013652 -0.014444 -0.027304
0 0.006111 0.008532 -0.010000 -0.017065
0 0.008333 0.013652 -0.014444 -0.027304
0 0.007222 0.010239 -0.012222 -0.020478
0 0.006111 0.008532 -0.010000 -0.017065
0 0.008333 0.013652 -0.014444 -0.027304
0 0.007222 0.010239 -0.012222 -0.020478
0 0.007222 0.010239 -0.012222 -0.020478
0 0.006111 0.008532 -0.010000 -0.017065
0 0.008333 0.013652 -0.014444 -0.027304
0 0.007222 0.010239 -0.012222 -0.020478
0 0.007222 0.010239 -0.012222 -0.020478
0 0.007222 0.010239 -0.012222 -0.020478
0 0.006111 0.008532 -0.010000 -0.017065
0 0.008333 0.013652 -0.014444 -0.027304
0 0.006111 0.008532 -0.010000 -0.017065
0 0.008333 0.013652 -0.014444 -0.027304
0 0.008333 0.013652 -0.014444 -0.027304
0 0.007222 0.010239 -0.012222 -0.020478
0 0.006111 0.008532 -0.010000 -0.017065
0 0.006111 0.008532 -0.010000 -0.017065
0 0.006111 0.008532 -0.010000 -0.017065
0 0.008333 0.013652 -0.014444 -0.027304
0 0.007222 0.010239 -0.012222 -0.020478
0 0.008333 0.013652 -0.014444 -0.027304
0 0.006111 0.008532 -0.010000 -0.017065
0 0.008333 0.013652 -0.014444 -0.027304
0 0.007222 0.010239 -0.012222 -0.020478
0 0.006111 0.008532 -0.010000 -0.017065
0 0.006111 0.008532 -0.010000 -0.017065
0 0.008333 0.013652 -0.014444 -0.027304
0 0.008333 0.013652 -0.014444 -0.027304
0 0.008333 0.013652 -0.014444 -0.027304
0 0.006111 0.008532 -0.010000 -0.017065
0 0.006111 0.008532 -0.010000 -0.017065
0 0.006111 0.008532 -0.010000 -0.017065
0 0.006111 0.008532 -0.010000 -0.017065
0 0.007222 0.010239 -0.012222 -0.020478
0 0.007222 0.010239 -0.012222 -0.020478
0 0.008333 0.013652 -0.014444 -0.027304
0 0.006111 0.008532 -0.010000 -0.017065
0 0.006111 0.008532 -0.010000 -0.017065
0 0.007222 0.010239 -0.012222 -0.020478
0 0.008333 0.013652 -0.014444 -0.027304
0 0.008333 0.013652 -0.014444 -0.027304
0 0.006111 0.008532 -0.010000 -0.017065
0 0.007222 0.010239 -0.012222 -0.020478
0 0.008333 0.013652 -0.014444 -0.027304
0 0.007222 0.010239 -0.012222 -0.020478
0 0.006111 0.008532 -0.010000 -0.017065
0 0.006111 0.008532 -0.010000 -0.017065
0 0.008333 0.013652 -0.014444 -0.027304
0 0.008333 0.013652 -0.014444 -0.027304
0 0.006111 0.008532 -0.010000 -0.017065
0 0.008333 0.013652 -0.014444 -0.027304
0 0.008333 0.013652 -0.014444 -0.027304
0 0.007222 0.010239 -0.012222 -0.020478
0 0.006111 0.008532 -0.010000 -0.017065
0 0.006111 0.008532 -0.010000 -0.017065
0 0.008333 0.013652 -0.014444 -0.027304
0 0.008333 0.013652 -0.014444 -0.027304
0 0.006111 0.008532 -0.010000 -0.017065
0 0.008333 0.013652 -0.014444 -0.027304
0 0.008333 0.013652 -0.014444 -0.027304
0 0.008333 0.013652 -0.014444 -0.027304
0 0.007222 0.010239 -0.012222 -0.020478
0 0.006111 0.008532 -0.010000 -0.017065
0 0.007222 0.010239 -0.012222 -0.020478
0 0.008333 0.013652 -0.014444 -0.027304
0 0.006111 0.008532 -0.010000 -0.017065
0 0.007222 0.010239 -0.012222 -0.020478
0 0.007222 0.010239 -0.012222 -0.020478
0 0.007222 0.010239 -0.012222 -0.020478
0 0.006111 0.008532 -0.010000 -0.017065
0 0.006111 0.008532 -0.010000 -0.017065
0 0.008333 0.013652 -0.014444 -0.027304
0 0.006111 0.008532 -0.010000 -0.017065
0 0.006111 0.008532 -0.010000 -0.017065
0 0.006111 0.008532 -0.010000 -0.017065
0 0.008333 0.013652 -0.014444 -0.027304
0 0.006111 0.008532 -0.010000 -0.017065
0 0.007222 0.010239 -0.012222 -0.020478
0 0.008333 0.013652 -0.014444 -0.027304
0 0.006111 0.008532 -0.010000 -0.017065
0 0.006111 0.008532 -0.010000 -0.017065
0 0.008333 0.013652 -0.014444 -0.027304
0 0.006111 0.008532 -0.010000 -0.017065
0 0.006111 0.008532 -0.010000 -0.017065
0 0.008333 0.013652 -0.014444 -0.027304
0 0.007222 0.010239 -0.012222 -0.020478
0 0.008333 0.013652 -0.014444 -0.027304
0 0.006111 0.008532 -0.010000 -0.017065
0 0.006111 0.008532 -0.010000 -0.017065
0 0.006111 0.008532 -0.010000 -0.017065
0 0.006111 0.008532 -0.010000 -0.017065
0 0.008333 0.013652 -0.014444 -0.027304
0 0.007222 0.010239 -0.012222 -0.020478
0 0.008333 0.013652 -0.014444 -0.027304
0 0.008333 0.013652 -0.014444 -0.027304
0 0.007222 0.010239 -0.012222 -0.020478
0 0.006111 0.008532 -0.010000 -0.017065
0 0.008333 0.013652 -0.014444 -0.027304
0 0.007222 0.011092 -0.012222 -0.022184
0 0.006111 0.008532 -0.010000 -0.017065
0 0.007778 0.012799 -0.013333 -0.025597
0 0.007222 0.010239 -0.012222 -0.020478
0 0.008333 0.013652 -0.014444 -0.027304
0 0.006111 0.008532 -0.010000 -0.017065
0 0.006111 0.008532 -0.010000 -0.017065
0 0.008333 0.013652 -0.014444 -0.027304
0 0.006111 0.008532 -0.010000 -0.017065
0 0.006111 0.008532 -0.010000 -0.017065
0 0.007222 0.010239 -0.012222 -0.020478
0 0.007222 0.010239 -0.012222 -0.020478
0 0.006111 0.008532 -0.010000 -0.017065
0 0.007222 0.010239 -0.012222 -0.020478
0 0.006111 0.008532 -0.010000 -0.017065
0 0.007222 0.010239 -0.012222 -0.020478
0 0.007222 0.010239 -0.012222 -0.020478
0 0.008333 0.013652 -0.014444 -0.027304
0 0.007222 0.010239 -0.012222 -0.020478
0 0.006111 0.008532 -0.010000 -0.017065
0 0.006111 0.008532 -0.010000 -0.017065
0 0.006111 0.008532 -0.010000 -0.017065
0 0.007222 0.010239 -0.012222 -0.020478
0 0.007222 0.010239 -0.012222 -0.020478
0 0.006111 0.008532 -0.010000 -0.017065
0 0.006111 0.008532 -0.010000 -0.017065
0 0.006111 0.008532 -0.010000 -0.017065
0 0.008333 0.013652 -0.014444 -0.027304
0 0.007222 0.010239 -0.012222 -0.020478
0 0.006111 0.008532 -0.010000 -0.017065
0 0.006111 0.008532 -0.010000 -0.017065
0 0.008333 0.013652 -0.014444 -0.027304
0 0.006111 0.008532 -0.010000 -0.017065
0 0.008333 0.013652 -0.014444 -0.027304
0 0.006111 0.008532 -0.010000 -0.017065
0 0.006111 0.008532 -0.010000 -0.017065
0 0.007222 0.010239 -0.012222 -0.020478
0 0.006111 0.008532 -0.010000 -0.017065
0 0.007222 0.010239 -0.012222 -0.020478
0 0.007222 0.010239 -0.012222 -0.020478
0 0.007222 0.010239 -0.012222 -0.020478
0 0.007222 0.010239 -0.012222 -0.020478
0 0.006111 0.008532 -0.010000 -0.017065
0 0.008333 0.013652 -0.014444 -0.027304
0 0.008333 0.013652 -0.014444 -0.027304
0 0.006111 0.008532 -0.010000 -0.017065
0 0.007222 0.010239 -0.012222 -0.020478
0 0.008333 0.013652 -0.014444 -0.027304
0 0.008333 0.013652 -0.014444 -0.027304