0 0.013793 0.021250 -0.024138 -0.042500
0 0.010345 0.015000 -0.017241 -0.030000
0 0.013793 0.021250 -0.024138 -0.042500
0 0.013793 0.021250 -0.024138 -0.042500
0 0.013793 0.021250 -0.024138 -0.042500
0 0.010345 0.015000 -0.017241 -0.030000
0 0.010345 0.015000 -0.017241 -0.030000
0 0.007759 0.007500 -0.012069 -0.015000
0 0.010345 0.015000 -0.017241 -0.030000
0 0.010345 0.015000 -0.017241 -0.030000
0 0.011207 0.015000 -0.015517 -0.030000
0 0.010345 0.015000 -0.017241 -0.030000
0 0.010345 0.015000 -0.017241 -0.030000
0 0.007759 0.007500 -0.012069 -0.015000
0 0.013793 0.021250 -0.024138 -0.042500
0 0.007759 0.007500 -0.012069 -0.015000
0 0.014655 0.021250 -0.022414 -0.042500
0 0.010345 0.015000 -0.017241 -0.030000
0 0.010345 0.015000 -0.017241 -0.030000
0 0.013793 0.021250 -0.024138 -0.042500
0 0.007759 0.007500 -0.012069 -0.015000
0 0.013793 0.021250 -0.024138 -0.042500
0 0.007759 0.007500 -0.012069 -0.015000
0 0.010345 0.015000 -0.017241 -0.030000
0 0.013793 0.021250 -0.024138 -0.042500
0 0.013793 0.021250 -0.024138 -0.042500
0 0.011207 0.015000 -0.015517 -0.030000
0 0.013793 0.021250 -0.024138 -0.042500
0 0.007759 0.007500 -0.012069 -0.015000
0 0.007759 0.007500 -0.012069 -0.015000
0 0.010345 0.015000 -0.017241 -0.030000
0 0.007759 0.007500 -0.012069 -0.015000
0 0.010345 0.015000 -0.017241 -0.030000
0 0.010345 0.015000 -0.017241 -0.030000
0 0.010345 0.015000 -0.017241 -0.030000
0 0.013793 0.021250 -0.024138 -0.042500
0 0.013793 0.021250 -0.024138 -0.042500
0 0.011207 0.015000 -0.015517 -0.030000
0 0.007759 0.007500 -0.012069 -0.015000
0 0.013793 0.021250 -0.024138 -0.042500
0 0.010345 0.015000 -0.017241 -0.030000
0 0.007759 0.007500 -0.012069 -0.015000
0 0.007759 0.007500 -0.012069 -0.015000
0 0.010345 0.015000 -0.017241 -0.030000
0 0.010345 0.015000 -0.017241 -0.030000
0 0.010345 0.015000 -0.017241 -0.030000
0 0.010345 0.015000 -0.017241 -0.030000
0 0.010345 0.015000 -0.017241 -0.030000
0 0.013793 0.021250 -0.024138 -0.042500
0 0.013793 0.021250 -0.024138 -0.042500
0 0.010345 0.015000 -0.017241 -0.030000
0 0.013793 0.021250 -0.024138 -0.042500
0 0.010345 0.015000 -0.017241 -0.030000
0 0.010345 0.015000 -0.017241 -0.030000
0 0.011207 0.015000 -0.015517 -0.030000
0 0.013793 0.021250 -0.024138 -0.042500
0 0.007759 0.007500 -0.012069 -0.015000
0 0.011207 0.015000 -0.015517 -0.030000
0 0.007759 0.007500 -0.012069 -0.015000
0 0.010345 0.015000 -0.017241 -0.030000
0 0.007759 0.007500 -0.012069 -0.015000
0 0.010345 0.015000 -0.017241 -0.030000
0 0.010345 0.015000 -0.017241 -0.030000
0 0.007759 0.007500 -0.012069 -0.015000
0 0.010345 0.015000 -0.017241 -0.030000
0 0.013793 0.021250 -0.024138 -0.042500
0 0.010345 0.015000 -0.017241 -0.030000
0 0.010345 0.015000 -0.017241 -0.030000
0 0.013793 0.021250 -0.024138 -0.042500
0 0.013793 0.021250 -0.024138 -0.042500
0 0.013793 0.021250 -0.024138 -0.042500
0 0.011207 0.015000 -0.015517 -0.030000
0 0.010345 0.015000 -0.017241 -0.030000
0 0.010345 0.015000 -0.017241 -0.030000
0 0.010345 0.015000 -0.017241 -0.030000
0 0.007759 0.007500 -0.012069 -0.015000
0 0.013793 0.021250 -0.024138 -0.042500
0 0.010345 0.015000 -0.017241 -0.030000
0 0.013793 0.021250 -0.024138 -0.042500
0 0.007759 0.007500 -0.012069 -0.015000
0 0.010345 0.015000 -0.017241 -0.030000
0 0.010345 0.015000 -0.017241 -0.030000
0 0.007759 0.007500 -0.012069 -0.015000
0 0.007759 0.007500 -0.012069 -0.015000
0 0.010345 0.015000 -0.017241 -0.030000
0 0.013793 0.021250 -0.024138 -0.042500
0 0.013793 0.021250 -0.024138 -0.042500
0 0.013793 0.021250 -0.024138 -0.042500
0 0.007759 0.007500 -0.012069 -0.015000
0 0.011207 0.015000 -0.015517 -0.030000
0 0.013793 0.021250 -0.024138 -0.042500
0 0.013793 0.021250 -0.024138 -0.042500
0 0.011207 0.015000 -0.015517 -0.030000
0 0.007759 0.007500 -0.012069 -0.015000
0 0.013793 0.021250 -0.024138 -0.042500
0 0.013793 0.021250 -0.024138 -0.042500
0 0.013793 0.021250 -0.024138 -0.042500
0 0.013793 0.021250 -0.024138 -0.042500
0 0.007759 0.007500 -0.012069 -0.015000
0 0.013793 0.021250 -0.024138 -0.042500
0 0.013793 0.021250 -0.024138 -0.042500
0 0.013793 0.021250 -0.024138 -0.042500
0 0.011207 0.015000 -0.015517 -0.030000
0 0.013793 0.021250 -0.024138 -0.042500
0 0.010345 0.015000 -0.017241 -0.030000
0 0.013793 0.021250 -0.024138 -0.042500
0 0.013793 0.021250 -0.024138 -0.042500
0 0.013793 0.021250 -0.024138 -0.042500
0 0.011207 0.015000 -0.015517 -0.030000
0 0.011207 0.015000 -0.015517 -0.030000
0 0.010345 0.015000 -0.017241 -0.030000
0 0.013793 0.021250 -0.024138 -0.042500
0 0.013793 0.021250 -0.024138 -0.042500
0 0.013793 0.021250 -0.024138 -0.042500
0 0.007759 0.007500 -0.012069 -0.015000
0 0.010345 0.015000 -0.017241 -0.030000
0 0.013793 0.021250 -0.024138 -0.042500
0 0.013793 0.021250 -0.024138 -0.042500
0 0.013793 0.021250 -0.024138 -0.042500
0 0.013793 0.021250 -0.024138 -0.042500
0 0.010345 0.015000 -0.017241 -0.030000
0 0.010345 0.015000 -0.017241 -0.030000
0 0.013793 0.021250 -0.024138 -0.042500
0 0.013793 0.021250 -0.024138 -0.042500
0 0.007759 0.007500 -0.012069 -0.015000
0 0.013793 0.021250 -0.024138 -0.042500
0 0.007759 0.007500 -0.012069 -0.015000
0 0.010345 0.015000 -0.017241 -0.030000
0 0.013793 0.021250 -0.024138 -0.042500
0 0.013793 0.021250 -0.024138 -0.042500
0 0.010345 0.015000 -0.017241 -0.030000
0 0.010345 0.015000 -0.017241 -0.030000
0 0.007759 0.007500 -0.012069 -0.015000
0 0.007759 0.007500 -0.012069 -0.015000
0 0.013793 0.021250 -0.024138 -0.042500
0 0.013793 0.021250 -0.024138 -0.042500
0 0.007759 0.007500 -0.012069 -0.015000
0 0.013793 0.021250 -0.024138 -0.042500
0 0.013793 0.021250 -0.024138 -0.042500
0 0.013793 0.021250 -0.024138 -0.042500
0 0.013793 0.021250 -0.024138 -0.042500
0 0.010345 0.015000 -0.017241 -0.030000
0 0.013793 0.021250 -0.024138 -0.042500
0 0.013793 0.021250 -0.024138 -0.042500
0 0.013793 0.021250 -0.024138 -0.042500
0 0.010345 0.015000 -0.017241 -0.030000
0 0.010345 0.015000 -0.017241 -0.030000
0 0.010345 0.015000 -0.017241 -0.030000
0 0.013793 0.021250 -0.024138 -0.042500
0 0.013793 0.021250 -0.024138 -0.042500
0 0.013793 0.021250 -0.024138 -0.042500
0 0.010345 0.015000 -0.017241 -0.030000
0 0.013793 0.021250 -0.024138 -0.042500
0 0.010345 0.015000 -0.017241 -0.030000
0 0.013793 0.021250 -0.024138 -0.042500
0 0.010345 0.015000 -0.017241 -0.030000
0 0.007759 0.007500 -0.012069 -0.015000
0 0.013793 0.021250 -0.024138 -0.042500
0 0.013793 0.021250 -0.024138 -0.042500
0 0.007759 0.007500 -0.012069 -0.015000
0 0.010345 0.015000 -0.017241 -0.030000
0 0.007759 0.007500 -0.012069 -0.015000
0 0.010345 0.015000 -0.017241 -0.030000
0 0.007759 0.007500 -0.012069 -0.015000
0 0.007759 0.007500 -0.012069 -0.015000
0 0.013793 0.021250 -0.024138 -0.042500
0 0.007759 0.007500 -0.012069 -0.015000
0 0.007759 0.007500 -0.012069 -0.015000
0 0.010345 0.015000 -0.017241 -0.030000
0 0.010345 0.015000 -0.017241 -0.030000
0 0.010345 0.015000 -0.017241 -0.030000
0 0.010345 0.015000 -0.017241 -0.030000
0 0.010345 0.015000 -0.017241 -0.030000
0 0.010345 0.015000 -0.017241 -0.030000
0 0.011207 0.015000 -0.015517 -0.030000
0 0.007759 0.007500 -0.012069 -0.015000
0 0.013793 0.021250 -0.024138 -0.042500
0 0.014655 0.021250 -0.022414 -0.042500
0 0.007759 0.007500 -0.012069 -0.015000
0 0.010345 0.015000 -0.017241 -0.030000
0 0.007759 0.007500 -0.012069 -0.015000
0 0.012069 0.017500 -0.020690 -0.035000
0 0.007759 0.007500 -0.012069 -0.015000
0 0.010345 0.015000 -0.017241 -0.030000
0 0.007759 0.007500 -0.012069 -0.015000
0 0.010345 0.015000 -0.017241 -0.030000
0 0.010345 0.015000 -0.017241 -0.030000
0 0.007759 0.007500 -0.012069 -0.015000
0 0.013793 0.021250 -0.024138 -0.042500
0 0.013793 0.021250 -0.024138 -0.042500
0 0.010345 0.015000 -0.017241 -0.030000
0 0.010345 0.015000 -0.017241 -0.030000
0 0.007759 0.007500 -0.012069 -0.015000
0 0.007759 0.007500 -0.012069 -0.015000
0 0.010345 0.015000 -0.017241 -0.030000
0 0.013793 0.021250 -0.024138 -0.042500
0 0.010345 0.015000 -0.017241 -0.030000
0 0.007759 0.007500 -0.012069 -0.015000
0 0.013793 0.021250 -0.024138 -0.042500
0 0.010345 0.015000 -0.017241 -0.030000
0 0.010345 0.015000 -0.017241 -0.030000
0 0.010345 0.015000 -0.017241 -0.030000
0 0.010345 0.015000 -0.017241 -0.030000
0 0.010345 0.015000 -0.017241 -0.030000
0 0.010345 0.015000 -0.017241 -0.030000
0 0.007759 0.007500 -0.012069 -0.015000
0 0.013793 0.021250 -0.024138 -0.042500
0 0.007759 0.007500 -0.012069 -0.015000
0 0.010345 0.015000 -0.017241 -0.030000
0 0.010345 0.015000 -0.017241 -0.030000
0 0.007759 0.007500 -0.012069 -0.015000
0 0.007759 0.007500 -0.012069 -0.015000
0 0.007759 0.007500 -0.012069 -0.015000
0 0.007759 0.007500 -0.012069 -0.015000
0 0.013793 0.021250 -0.024138 -0.042500
0 0.007759 0.007500 -0.012069 -0.015000
0 0.010345 0.015000 -0.017241 -0.030000
0 0.011207 0.015000 -0.015517 -0.030000
0 0.010345 0.015000 -0.017241 -0.030000
0 0.010345 0.015000 -0.017241 -0.030000
0 0.010345 0.015000 -0.017241 -0.030000
0 0.007759 0.007500 -0.012069 -0.015000
0 0.007759 0.007500 -0.012069 -0.015000
0 0.007759 0.007500 -0.012069 -0.015000
0 0.007759 0.007500 -0.012069 -0.015000
0 0.013793 0.021250 -0.024138 -0.042500
0 0.011207 0.015000 -0.015517 -0.030000
0 0.013793 0.021250 -0.024138 -0.042500
0 0.013793 0.021250 -0.024138 -0.042500
0 0.013793 0.021250 -0.024138 -0.042500
0 0.013793 0.021250 -0.024138 -0.042500
0 0.010345 0.015000 -0.017241 -0.030000
0 0.013793 0.021250 -0.024138 -0.042500
0 0.009483 0.012500 -0.015517 -0.025000
0 0.010345 0.015000 -0.017241 -0.030000
0 0.007759 0.007500 -0.012069 -0.015000
0 0.011207 0.015000 -0.015517 -0.030000
0 0.010345 0.015000 -0.017241 -0.030000
0 0.013793 0.021250 -0.024138 -0.042500
0 0.011207 0.015000 -0.015517 -0.030000
0 0.013793 0.021250 -0.024138 -0.042500
0 0.007759 0.007500 -0.012069 -0.015000
0 0.013793 0.021250 -0.024138 -0.042500
0 0.013793 0.021250 -0.024138 -0.042500
0 0.013793 0.021250 -0.024138 -0.042500
0 0.007759 0.007500 -0.012069 -0.015000
0 0.010345 0.015000 -0.017241 -0.030000
0 0.010345 0.015000 -0.017241 -0.030000
0 0.010345 0.015000 -0.017241 -0.030000
0 0.010345 0.015000 -0.017241 -0.030000
0 0.013793 0.021250 -0.024138 -0.042500
0 0.013793 0.021250 -0.024138 -0.042500
0 0.013793 0.021250 -0.024138 -0.042500
0 0.010345 0.015000 -0.017241 -0.030000
0 0.011207 0.015000 -0.015517 -0.030000
0 0.007759 0.007500 -0.012069 -0.015000
0 0.013793 0.021250 -0.024138 -0.042500
0 0.013793 0.021250 -0.024138 -0.042500
0 0.013793 0.021250 -0.024138 -0.042500
0 0.012931 0.018750 -0.022414 -0.037500
0 0.010345 0.015000 -0.017241 -0.030000
0 0.010345 0.015000 -0.017241 -0.030000
0 0.010345 0.015000 -0.017241 -0.030000
0 0.010345 0.015000 -0.017241 -0.030000
0 0.010345 0.015000 -0.017241 -0.030000
0 0.007759 0.007500 -0.012069 -0.015000
0 0.013793 0.021250 -0.024138 -0.042500
0 0.007759 0.007500 -0.012069 -0.015000
0 0.010345 0.015000 -0.017241 -0.030000
0 0.013793 0.021250 -0.024138 -0.042500
0 0.007759 0.007500 -0.012069 -0.015000
0 0.007759 0.007500 -0.012069 -0.015000
0 0.013793 0.021250 -0.024138 -0.042500
0 0.007759 0.007500 -0.012069 -0.015000
0 0.010345 0.015000 -0.017241 -0.030000
0 0.007759 0.007500 -0.012069 -0.015000
0 0.011207 0.015000 -0.015517 -0.030000
0 0.011207 0.015000 -0.015517 -0.030000
0 0.007759 0.007500 -0.012069 -0.015000
0 0.013793 0.021250 -0.024138 -0.042500
0 0.010345 0.015000 -0.017241 -0.030000
0 0.013793 0.021250 -0.024138 -0.042500
0 0.013793 0.021250 -0.024138 -0.042500
0 0.013793 0.021250 -0.024138 -0.042500
0 0.011207 0.015000 -0.015517 -0.030000
0 0.010345 0.015000 -0.017241 -0.030000
0 0.007759 0.007500 -0.012069 -0.015000
0 0.013793 0.021250 -0.024138 -0.042500
0 0.011207 0.015000 -0.015517 -0.030000
0 0.013793 0.021250 -0.024138 -0.042500
0 0.013793 0.021250 -0.024138 -0.042500
0 0.007759 0.007500 -0.012069 -0.015000
0 0.013793 0.021250 -0.024138 -0.042500
0 0.013793 0.021250 -0.024138 -0.042500
0 0.013793 0.021250 -0.024138 -0.042500
0 0.010345 0.015000 -0.017241 -0.030000
0 0.007759 0.007500 -0.012069 -0.015000
0 0.013793 0.021250 -0.024138 -0.042500
0 0.010345 0.015000 -0.017241 -0.030000
0 0.010345 0.015000 -0.017241 -0.030000
0 0.010345 0.015000 -0.017241 -0.030000
0 0.013793 0.021250 -0.024138 -0.042500
0 0.013793 0.021250 -0.024138 -0.042500
0 0.013793 0.021250 -0.024138 -0.042500
0 0.013793 0.021250 -0.024138 -0.042500
0 0.013793 0.021250 -0.024138 -0.042500
0 0.010345 0.015000 -0.017241 -0.030000
0 0.013793 0.021250 -0.024138 -0.042500
0 0.010345 0.015000 -0.017241 -0.030000
0 0.013793 0.021250 -0.024138 -0.042500
0 0.007759 0.007500 -0.012069 -0.015000
0 0.010345 0.015000 -0.017241 -0.030000
0 0.007759 0.007500 -0.012069 -0.015000
0 0.013793 0.021250 -0.024138 -0.042500
0 0.010345 0.015000 -0.017241 -0.030000
0 0.007759 0.008750 -0.012069 -0.017500