0 0.002692 0.005464 -0.004038 -0.010929
0 0.011440 0.037341 -0.021534 -0.074681
0 0.011440 0.037341 -0.021534 -0.074681
0 0.005720 0.016393 -0.010094 -0.032787
0 0.008748 0.019126 -0.016151 -0.038251
0 0.005720 0.017304 -0.010094 -0.034608
0 0.015141 0.048270 -0.027591 -0.096539
0 0.015141 0.048270 -0.027591 -0.096539
0 0.008075 0.022769 -0.014805 -0.045537
0 0.005720 0.016393 -0.010094 -0.032787
0 0.009421 0.029144 -0.017497 -0.058288
0 0.006057 0.016393 -0.009421 -0.032787
0 0.006057 0.016393 -0.009421 -0.032787
0 0.009085 0.028233 -0.016824 -0.056466
0 0.021871 0.048270 -0.042396 -0.096539
0 0.009421 0.029144 -0.017497 -0.058288
0 0.004374 0.010018 -0.007402 -0.020036
0 0.005720 0.016393 -0.010094 -0.032787
0 0.008412 0.023679 -0.015478 -0.047359
0 0.004374 0.010018 -0.007402 -0.020036
0 0.006057 0.016393 -0.009421 -0.032787
0 0.008748 0.037341 -0.016151 -0.074681
0 0.005720 0.017304 -0.010094 -0.034608
0 0.005720 0.012750 -0.010094 -0.025501
0 0.014805 0.048270 -0.028264 -0.096539
0 0.004038 0.009107 -0.006729 -0.018215
0 0.005720 0.016393 -0.010094 -0.032787
0 0.009758 0.032787 -0.018170 -0.065574
0 0.008748 0.037341 -0.016151 -0.074681
0 0.004038 0.009107 -0.006729 -0.018215
0 0.006057 0.012750 -0.009421 -0.025501
0 0.009421 0.029144 -0.017497 -0.058288
0 0.004374 0.010018 -0.007402 -0.020036
0 0.005720 0.016393 -0.010094 -0.032787
0 0.021871 0.048270 -0.042396 -0.096539
0 0.006057 0.016393 -0.009421 -0.032787
0 0.011440 0.037341 -0.021534 -0.074681
0 0.005047 0.010018 -0.008748 -0.020036
0 0.004038 0.009107 -0.006729 -0.018215
0 0.019852 0.069217 -0.038358 -0.138434
0 0.005720 0.017304 -0.010094 -0.034608