0 0.008333 0.015625 -0.015000 -0.031250
0 0.022917 0.030625 -0.044167 -0.061250
0 0.044167 0.078750 -0.086667 -0.157500
0 0.007500 0.011875 -0.013333 -0.023750
0 0.034583 0.068750 -0.067500 -0.137500
0 0.022917 0.030625 -0.044167 -0.061250
0 0.013333 0.020625 -0.025000 -0.041250
0 0.037500 0.063750 -0.073333 -0.127500
0 0.043750 0.075625 -0.085833 -0.151250
0 0.040000 0.064375 -0.078333 -0.128750
0 0.029583 0.051250 -0.057500 -0.102500
0 0.037500 0.063750 -0.073333 -0.127500
0 0.013333 0.023125 -0.025000 -0.046250
0 0.020417 0.036250 -0.039167 -0.072500
0 0.031250 0.043750 -0.060833 -0.087500
0 0.035417 0.046875 -0.069167 -0.093750
0 0.008333 0.015625 -0.015000 -0.031250
0 0.013333 0.020625 -0.025000 -0.041250
0 0.040000 0.064375 -0.078333 -0.128750
0 0.012500 0.025625 -0.023333 -0.051250