0 0.004720 0.008057 -0.008789 -0.016113
0 0.004720 0.008057 -0.008789 -0.016113
0 0.013672 0.024414 -0.026693 -0.048828
0 0.004720 0.008057 -0.008789 -0.016113
0 0.004720 0.008057 -0.008789 -0.016113
0 0.004720 0.008057 -0.008789 -0.016113
0 0.004720 0.008057 -0.008789 -0.016113
0 0.004720 0.008057 -0.008789 -0.016113
0 0.004720 0.008057 -0.008789 -0.016113
0 0.009928 0.014160 -0.019206 -0.028320
0 0.013672 0.024414 -0.026693 -0.048828
0 0.004720 0.008057 -0.008789 -0.016113
0 0.004720 0.008057 -0.008789 -0.016113
0 0.016113 0.028809 -0.031576 -0.057617
0 0.004720 0.008057 -0.008789 -0.016113
0 0.009928 0.014160 -0.019206 -0.028320
0 0.004720 0.008057 -0.008789 -0.016113
0 0.004720 0.008057 -0.008789 -0.016113
0 0.004720 0.008057 -0.008789 -0.016113
0 0.016113 0.028809 -0.031576 -0.057617
0 0.004720 0.008057 -0.008789 -0.016113
0 0.013672 0.024414 -0.026693 -0.048828
0 0.004720 0.008057 -0.008789 -0.016113
0 0.004720 0.008057 -0.008789 -0.016113
0 0.009928 0.014160 -0.019206 -0.028320
0 0.009928 0.014160 -0.019206 -0.028320
0 0.004720 0.008057 -0.008789 -0.016113
0 0.004720 0.008057 -0.008789 -0.016113
0 0.004720 0.008057 -0.008789 -0.016113
0 0.004720 0.008057 -0.008789 -0.016113
0 0.013672 0.024414 -0.026693 -0.048828
0 0.013672 0.024414 -0.026693 -0.048828
0 0.013672 0.024414 -0.026693 -0.048828
0 0.013672 0.024414 -0.026693 -0.048828
0 0.009928 0.014160 -0.019206 -0.028320
0 0.004720 0.008057 -0.008789 -0.016113
0 0.013672 0.024414 -0.026693 -0.048828
0 0.013672 0.024414 -0.026693 -0.048828
0 0.009928 0.014160 -0.019206 -0.028320
0 0.014160 0.025391 -0.027669 -0.050781
0 0.009928 0.014160 -0.019206 -0.028320
0 0.004720 0.008057 -0.008789 -0.016113
0 0.009928 0.014160 -0.019206 -0.028320
0 0.013672 0.024414 -0.026693 -0.048828
0 0.009928 0.014160 -0.019206 -0.028320
0 0.004720 0.008057 -0.008789 -0.016113
0 0.013672 0.024414 -0.026693 -0.048828
0 0.009928 0.014160 -0.019206 -0.028320
0 0.004720 0.008057 -0.008789 -0.016113
0 0.004720 0.008057 -0.008789 -0.016113
0 0.004720 0.008057 -0.008789 -0.016113
0 0.004720 0.008057 -0.008789 -0.016113
0 0.009928 0.014160 -0.019206 -0.028320
0 0.016113 0.028809 -0.031576 -0.057617
0 0.013672 0.024414 -0.026693 -0.048828
0 0.004720 0.008057 -0.008789 -0.016113
0 0.004720 0.008057 -0.008789 -0.016113
0 0.004720 0.008057 -0.008789 -0.016113
0 0.004720 0.008057 -0.008789 -0.016113
0 0.009928 0.014160 -0.019206 -0.028320
0 0.004720 0.008057 -0.008789 -0.016113
0 0.009928 0.014160 -0.019206 -0.028320
0 0.013672 0.024414 -0.026693 -0.048828
0 0.004720 0.008057 -0.008789 -0.016113
0 0.004720 0.008057 -0.008789 -0.016113
0 0.013672 0.024414 -0.026693 -0.048828
0 0.004720 0.008057 -0.008789 -0.016113
0 0.009928 0.014160 -0.019206 -0.028320
0 0.013672 0.024414 -0.026693 -0.048828
0 0.013672 0.024414 -0.026693 -0.048828
0 0.009928 0.014160 -0.019206 -0.028320
0 0.009928 0.014160 -0.019206 -0.028320
0 0.004720 0.008057 -0.008789 -0.016113
0 0.004720 0.008057 -0.008789 -0.016113
0 0.004720 0.008057 -0.008789 -0.016113
0 0.009928 0.014160 -0.019206 -0.028320
0 0.009928 0.014160 -0.019206 -0.028320
0 0.009928 0.014160 -0.019206 -0.028320
0 0.004720 0.008057 -0.008789 -0.016113
0 0.004720 0.008057 -0.008789 -0.016113
0 0.009928 0.014160 -0.019206 -0.028320
0 0.013672 0.024414 -0.026693 -0.048828
0 0.009928 0.014160 -0.019206 -0.028320
0 0.004720 0.008057 -0.008789 -0.016113
0 0.004720 0.008057 -0.008789 -0.016113
0 0.009928 0.014160 -0.019206 -0.028320
0 0.004720 0.008057 -0.008789 -0.016113
0 0.004720 0.008057 -0.008789 -0.016113
0 0.004720 0.008057 -0.008789 -0.016113
0 0.009928 0.014160 -0.019206 -0.028320
0 0.013672 0.024414 -0.026693 -0.048828
0 0.009928 0.014160 -0.019206 -0.028320
0 0.009928 0.014160 -0.019206 -0.028320
0 0.009928 0.014160 -0.019206 -0.028320
0 0.016113 0.028809 -0.031576 -0.057617
0 0.009928 0.014160 -0.019206 -0.028320
0 0.009928 0.014160 -0.019206 -0.028320
0 0.016113 0.028809 -0.031576 -0.057617
0 0.013672 0.024414 -0.026693 -0.048828
0 0.004720 0.008057 -0.008789 -0.016113
0 0.009928 0.014160 -0.019206 -0.028320
0 0.009928 0.014160 -0.019206 -0.028320
0 0.013672 0.024414 -0.026693 -0.048828
0 0.013672 0.024414 -0.026693 -0.048828
0 0.013672 0.024414 -0.026693 -0.048828
0 0.013672 0.024414 -0.026693 -0.048828
0 0.013672 0.024414 -0.026693 -0.048828
0 0.004720 0.008057 -0.008789 -0.016113
0 0.004720 0.008057 -0.008789 -0.016113
0 0.009928 0.014160 -0.019206 -0.028320
0 0.014160 0.025391 -0.027669 -0.050781
0 0.013672 0.024414 -0.026693 -0.048828
0 0.004720 0.008057 -0.008789 -0.016113
0 0.004720 0.008057 -0.008789 -0.016113
0 0.004720 0.008057 -0.008789 -0.016113
0 0.004720 0.008057 -0.008789 -0.016113
0 0.007324 0.010986 -0.013997 -0.021973
0 0.013672 0.024414 -0.026693 -0.048828
0 0.009928 0.014160 -0.019206 -0.028320
0 0.009928 0.014160 -0.019206 -0.028320
0 0.004720 0.008057 -0.008789 -0.016113
0 0.013672 0.024414 -0.026693 -0.048828
0 0.004720 0.008057 -0.008789 -0.016113
0 0.009928 0.014160 -0.019206 -0.028320
0 0.004720 0.008057 -0.008789 -0.016113
0 0.009928 0.014160 -0.019206 -0.028320
0 0.009928 0.014160 -0.019206 -0.028320
0 0.004720 0.008057 -0.008789 -0.016113
0 0.004720 0.008057 -0.008789 -0.016113
0 0.012695 0.021729 -0.024740 -0.043457
0 0.009928 0.014160 -0.019206 -0.028320
0 0.009928 0.014160 -0.019206 -0.028320
0 0.009928 0.014160 -0.019206 -0.028320
0 0.010091 0.014160 -0.018880 -0.028320
0 0.004720 0.008057 -0.008789 -0.016113
0 0.004720 0.008057 -0.008789 -0.016113
0 0.013672 0.024414 -0.026693 -0.048828
0 0.004720 0.008057 -0.008789 -0.016113
0 0.004720 0.008057 -0.008789 -0.016113
0 0.004720 0.008057 -0.008789 -0.016113
0 0.009928 0.014160 -0.019206 -0.028320
0 0.009928 0.014160 -0.019206 -0.028320
0 0.009928 0.014160 -0.019206 -0.028320
0 0.009928 0.014160 -0.019206 -0.028320
0 0.013672 0.024414 -0.026693 -0.048828
0 0.004720 0.008057 -0.008789 -0.016113
0 0.004720 0.008057 -0.008789 -0.016113
0 0.004720 0.008057 -0.008789 -0.016113
0 0.013672 0.024414 -0.026693 -0.048828
0 0.009928 0.014160 -0.019206 -0.028320
0 0.004720 0.008057 -0.008789 -0.016113
0 0.004720 0.008057 -0.008789 -0.016113
0 0.013672 0.024414 -0.026693 -0.048828
0 0.004720 0.008057 -0.008789 -0.016113
0 0.009928 0.014160 -0.019206 -0.028320
0 0.013672 0.024414 -0.026693 -0.048828
0 0.004720 0.008057 -0.008789 -0.016113
0 0.009928 0.014160 -0.019206 -0.028320
0 0.009928 0.014160 -0.019206 -0.028320
0 0.004720 0.008057 -0.008789 -0.016113
0 0.004720 0.008057 -0.008789 -0.016113
0 0.009928 0.014160 -0.019206 -0.028320
0 0.009928 0.014160 -0.019206 -0.028320
0 0.013672 0.024414 -0.026693 -0.048828
0 0.004720 0.008057 -0.008789 -0.016113
0 0.004720 0.008057 -0.008789 -0.016113
0 0.010091 0.014160 -0.018880 -0.028320
0 0.013672 0.024414 -0.026693 -0.048828
0 0.004720 0.008057 -0.008789 -0.016113
0 0.009928 0.014160 -0.019206 -0.028320
0 0.012695 0.021729 -0.024740 -0.043457
0 0.013672 0.024414 -0.026693 -0.048828
0 0.013672 0.024414 -0.026693 -0.048828
0 0.004720 0.008057 -0.008789 -0.016113
0 0.009928 0.014160 -0.019206 -0.028320
0 0.009928 0.014160 -0.019206 -0.028320
0 0.009928 0.014160 -0.019206 -0.028320
0 0.004720 0.008057 -0.008789 -0.016113
0 0.004720 0.008057 -0.008789 -0.016113
0 0.004720 0.008057 -0.008789 -0.016113
0 0.013672 0.024414 -0.026693 -0.048828
0 0.004720 0.008057 -0.008789 -0.016113
0 0.016113 0.028809 -0.031576 -0.057617
0 0.009928 0.014160 -0.019206 -0.028320
0 0.013672 0.024414 -0.026693 -0.048828
0 0.004720 0.008057 -0.008789 -0.016113
0 0.004720 0.008057 -0.008789 -0.016113
0 0.009928 0.014160 -0.019206 -0.028320
0 0.004720 0.008057 -0.008789 -0.016113
0 0.009928 0.014160 -0.019206 -0.028320
0 0.004720 0.008057 -0.008789 -0.016113
0 0.009928 0.014160 -0.019206 -0.028320
0 0.013672 0.024414 -0.026693 -0.048828
0 0.009928 0.014160 -0.019206 -0.028320
0 0.004720 0.008057 -0.008789 -0.016113
0 0.013672 0.024414 -0.026693 -0.048828
0 0.013672 0.024414 -0.026693 -0.048828
0 0.009928 0.014160 -0.019206 -0.028320
0 0.004720 0.008057 -0.008789 -0.016113
0 0.004720 0.008057 -0.008789 -0.016113
0 0.004720 0.008057 -0.008789 -0.016113
0 0.013672 0.024414 -0.026693 -0.048828
0 0.004720 0.008057 -0.008789 -0.016113
0 0.004720 0.008057 -0.008789 -0.016113
0 0.004720 0.008057 -0.008789 -0.016113
0 0.004720 0.008057 -0.008789 -0.016113
0 0.004720 0.008057 -0.008789 -0.016113
0 0.009928 0.014160 -0.019206 -0.028320
0 0.009928 0.014160 -0.019206 -0.028320
0 0.016113 0.028809 -0.031576 -0.057617
0 0.009928 0.014160 -0.019206 -0.028320
0 0.004720 0.008057 -0.008789 -0.016113
0 0.004720 0.008057 -0.008789 -0.016113
0 0.004720 0.008057 -0.008789 -0.016113
0 0.004720 0.008057 -0.008789 -0.016113
0 0.009928 0.014160 -0.019206 -0.028320
0 0.013672 0.024414 -0.026693 -0.048828
0 0.004720 0.008057 -0.008789 -0.016113
0 0.004720 0.008057 -0.008789 -0.016113
0 0.004720 0.008057 -0.008789 -0.016113
0 0.013672 0.024414 -0.026693 -0.048828
0 0.004720 0.008057 -0.008789 -0.016113
0 0.009928 0.014160 -0.019206 -0.028320
0 0.004720 0.008057 -0.008789 -0.016113
0 0.004720 0.008057 -0.008789 -0.016113
0 0.013672 0.024414 -0.026693 -0.048828
0 0.016113 0.028809 -0.031576 -0.057617
0 0.009928 0.014160 -0.019206 -0.028320
0 0.013672 0.024414 -0.026693 -0.048828
0 0.009928 0.014160 -0.019206 -0.028320
0 0.004720 0.008057 -0.008789 -0.016113
0 0.013672 0.024414 -0.026693 -0.048828
0 0.009928 0.014160 -0.019206 -0.028320
0 0.010091 0.014160 -0.018880 -0.028320
0 0.004720 0.008057 -0.008789 -0.016113
0 0.016113 0.028809 -0.031576 -0.057617
0 0.009928 0.014160 -0.019206 -0.028320
0 0.004720 0.008057 -0.008789 -0.016113
0 0.009928 0.014160 -0.019206 -0.028320
0 0.013672 0.024414 -0.026693 -0.048828
0 0.009928 0.014160 -0.019206 -0.028320
0 0.004720 0.008057 -0.008789 -0.016113
0 0.004720 0.008057 -0.008789 -0.016113
0 0.004720 0.008057 -0.008789 -0.016113