0 0.008491 0.025084 -0.013208 -0.050167
0 0.015566 0.060201 -0.029245 -0.120401
0 0.007075 0.021739 -0.012264 -0.043478
0 0.008491 0.025084 -0.013208 -0.050167
0 0.008019 0.025084 -0.014151 -0.050167
0 0.012264 0.043478 -0.022642 -0.086957
0 0.015566 0.060201 -0.029245 -0.120401
0 0.015566 0.060201 -0.029245 -0.120401
0 0.008491 0.025084 -0.013208 -0.050167
0 0.008962 0.028428 -0.016038 -0.056856
0 0.008019 0.025084 -0.014151 -0.050167
0 0.008962 0.028428 -0.016038 -0.056856
0 0.011792 0.038462 -0.021698 -0.076923
0 0.016509 0.071906 -0.031132 -0.143813
0 0.012264 0.043478 -0.022642 -0.086957
0 0.015094 0.046823 -0.028302 -0.093645
0 0.012264 0.043478 -0.022642 -0.086957
0 0.008962 0.028428 -0.016038 -0.056856
0 0.008491 0.031773 -0.015094 -0.063545
0 0.007547 0.021739 -0.011321 -0.043478
0 0.007547 0.021739 -0.011321 -0.043478
0 0.008491 0.031773 -0.015094 -0.063545
0 0.007075 0.021739 -0.012264 -0.043478
0 0.011792 0.038462 -0.021698 -0.076923
0 0.007075 0.021739 -0.012264 -0.043478
0 0.012264 0.043478 -0.022642 -0.086957
0 0.015566 0.060201 -0.029245 -0.120401
0 0.008962 0.028428 -0.016038 -0.056856
0 0.008491 0.031773 -0.015094 -0.063545
0 0.007075 0.021739 -0.012264 -0.043478
0 0.016509 0.071906 -0.031132 -0.143813
0 0.012736 0.043478 -0.021698 -0.086957
0 0.007547 0.021739 -0.011321 -0.043478
0 0.009434 0.028428 -0.015094 -0.056856
0 0.007547 0.021739 -0.011321 -0.043478
0 0.008019 0.025084 -0.014151 -0.050167
0 0.008019 0.025084 -0.014151 -0.050167
0 0.012264 0.043478 -0.022642 -0.086957
0 0.007075 0.021739 -0.012264 -0.043478
0 0.008019 0.025084 -0.014151 -0.050167
0 0.008019 0.025084 -0.014151 -0.050167
0 0.012264 0.043478 -0.022642 -0.086957
0 0.012264 0.043478 -0.022642 -0.086957
0 0.016509 0.071906 -0.031132 -0.143813
0 0.016509 0.071906 -0.031132 -0.143813
0 0.007075 0.021739 -0.012264 -0.043478
0 0.007075 0.021739 -0.012264 -0.043478
0 0.015094 0.046823 -0.028302 -0.093645
0 0.008962 0.028428 -0.016038 -0.056856
0 0.008491 0.031773 -0.015094 -0.063545
0 0.008019 0.025084 -0.014151 -0.050167
0 0.008962 0.028428 -0.016038 -0.056856
0 0.008491 0.025084 -0.013208 -0.050167
0 0.007075 0.021739 -0.012264 -0.043478
0 0.007075 0.021739 -0.012264 -0.043478
0 0.007075 0.021739 -0.012264 -0.043478
0 0.007075 0.021739 -0.012264 -0.043478
0 0.012264 0.043478 -0.022642 -0.086957
0 0.008962 0.028428 -0.016038 -0.056856
0 0.007075 0.021739 -0.012264 -0.043478
0 0.008019 0.025084 -0.014151 -0.050167
0 0.008019 0.025084 -0.014151 -0.050167
0 0.012264 0.043478 -0.022642 -0.086957
0 0.013679 0.056856 -0.025472 -0.113712
0 0.016509 0.071906 -0.031132 -0.143813
0 0.009434 0.028428 -0.015094 -0.056856
0 0.008019 0.025084 -0.014151 -0.050167
0 0.008491 0.031773 -0.015094 -0.063545
0 0.012264 0.043478 -0.022642 -0.086957
0 0.008962 0.028428 -0.016038 -0.056856
0 0.007547 0.021739 -0.011321 -0.043478
0 0.015094 0.046823 -0.028302 -0.093645
0 0.007075 0.021739 -0.012264 -0.043478
0 0.008491 0.031773 -0.015094 -0.063545
0 0.012264 0.043478 -0.022642 -0.086957
0 0.015566 0.060201 -0.029245 -0.120401
0 0.007075 0.021739 -0.012264 -0.043478
0 0.007075 0.021739 -0.012264 -0.043478
0 0.012264 0.043478 -0.022642 -0.086957
0 0.008019 0.025084 -0.014151 -0.050167
0 0.008962 0.028428 -0.016038 -0.056856
0 0.008491 0.031773 -0.015094 -0.063545
0 0.007075 0.021739 -0.012264 -0.043478
0 0.012264 0.043478 -0.022642 -0.086957
0 0.008019 0.026756 -0.014151 -0.053512
0 0.008962 0.028428 -0.016038 -0.056856
0 0.008019 0.025084 -0.014151 -0.050167
0 0.008962 0.028428 -0.016038 -0.056856
0 0.007547 0.021739 -0.011321 -0.043478
0 0.007075 0.021739 -0.012264 -0.043478
0 0.008491 0.031773 -0.015094 -0.063545
0 0.008019 0.025084 -0.014151 -0.050167
0 0.015566 0.060201 -0.029245 -0.120401
0 0.007075 0.021739 -0.012264 -0.043478
0 0.012264 0.043478 -0.022642 -0.086957
0 0.008491 0.025084 -0.013208 -0.050167
0 0.008962 0.028428 -0.016038 -0.056856
0 0.008019 0.025084 -0.014151 -0.050167
0 0.008019 0.025084 -0.014151 -0.050167
0 0.008019 0.025084 -0.014151 -0.050167
0 0.008019 0.023411 -0.012264 -0.046823
0 0.015566 0.060201 -0.029245 -0.120401
0 0.008962 0.028428 -0.016038 -0.056856
0 0.008491 0.025084 -0.013208 -0.050167
0 0.008019 0.025084 -0.014151 -0.050167
0 0.015094 0.046823 -0.028302 -0.093645
0 0.016509 0.071906 -0.031132 -0.143813
0 0.013679 0.056856 -0.025472 -0.113712
0 0.008962 0.028428 -0.016038 -0.056856
0 0.011792 0.038462 -0.021698 -0.076923
0 0.012264 0.043478 -0.022642 -0.086957
0 0.008962 0.028428 -0.016038 -0.056856
0 0.008962 0.028428 -0.016038 -0.056856
0 0.012264 0.043478 -0.022642 -0.086957
0 0.007075 0.021739 -0.012264 -0.043478
0 0.007075 0.021739 -0.012264 -0.043478
0 0.007547 0.021739 -0.011321 -0.043478
0 0.015094 0.046823 -0.028302 -0.093645
0 0.015566 0.046823 -0.027358 -0.093645
0 0.007075 0.021739 -0.012264 -0.043478
0 0.008962 0.028428 -0.016038 -0.056856
0 0.007075 0.021739 -0.012264 -0.043478
0 0.007075 0.021739 -0.012264 -0.043478
0 0.015566 0.060201 -0.029245 -0.120401
0 0.007547 0.021739 -0.011321 -0.043478
0 0.011792 0.038462 -0.021698 -0.076923
0 0.007547 0.021739 -0.011321 -0.043478
0 0.008962 0.028428 -0.016038 -0.056856
0 0.007547 0.021739 -0.011321 -0.043478
0 0.015566 0.060201 -0.029245 -0.120401
0 0.008491 0.025084 -0.013208 -0.050167
0 0.008491 0.025084 -0.013208 -0.050167
0 0.008491 0.028428 -0.015094 -0.056856
0 0.015094 0.046823 -0.028302 -0.093645
0 0.014151 0.056856 -0.024528 -0.113712
0 0.008491 0.025084 -0.013208 -0.050167
0 0.007547 0.021739 -0.011321 -0.043478
0 0.007547 0.021739 -0.011321 -0.043478
0 0.008962 0.028428 -0.016038 -0.056856
0 0.011792 0.038462 -0.021698 -0.076923
0 0.007075 0.021739 -0.012264 -0.043478
0 0.007075 0.021739 -0.012264 -0.043478
0 0.008962 0.028428 -0.016038 -0.056856
0 0.008019 0.025084 -0.014151 -0.050167
0 0.007075 0.021739 -0.012264 -0.043478
0 0.012736 0.043478 -0.021698 -0.086957
0 0.007547 0.021739 -0.011321 -0.043478
0 0.007075 0.021739 -0.012264 -0.043478
0 0.008962 0.028428 -0.016038 -0.056856
0 0.015094 0.046823 -0.028302 -0.093645
0 0.007075 0.021739 -0.012264 -0.043478
0 0.007547 0.021739 -0.011321 -0.043478
0 0.008019 0.025084 -0.014151 -0.050167
0 0.015094 0.046823 -0.028302 -0.093645
0 0.008019 0.025084 -0.014151 -0.050167
0 0.015566 0.060201 -0.029245 -0.120401
0 0.016509 0.071906 -0.031132 -0.143813
0 0.008491 0.031773 -0.015094 -0.063545
0 0.016509 0.071906 -0.031132 -0.143813
0 0.012264 0.043478 -0.022642 -0.086957
0 0.007075 0.021739 -0.012264 -0.043478
0 0.008019 0.025084 -0.014151 -0.050167
0 0.007075 0.021739 -0.012264 -0.043478
0 0.007075 0.021739 -0.012264 -0.043478
0 0.008962 0.028428 -0.016038 -0.056856
0 0.007547 0.021739 -0.011321 -0.043478
0 0.007547 0.021739 -0.011321 -0.043478
0 0.007075 0.021739 -0.012264 -0.043478
0 0.007547 0.021739 -0.011321 -0.043478
0 0.015566 0.060201 -0.029245 -0.120401
0 0.008962 0.028428 -0.016038 -0.056856
0 0.016509 0.071906 -0.031132 -0.143813
0 0.007547 0.021739 -0.011321 -0.043478
0 0.007547 0.021739 -0.011321 -0.043478
0 0.008962 0.028428 -0.016038 -0.056856
0 0.007075 0.021739 -0.012264 -0.043478
0 0.008019 0.025084 -0.014151 -0.050167
0 0.008019 0.025084 -0.014151 -0.050167
0 0.007547 0.021739 -0.011321 -0.043478
0 0.008019 0.025084 -0.014151 -0.050167
0 0.008491 0.025084 -0.013208 -0.050167
0 0.008019 0.025084 -0.014151 -0.050167
0 0.015094 0.046823 -0.028302 -0.093645
0 0.015566 0.046823 -0.027358 -0.093645
0 0.012264 0.043478 -0.022642 -0.086957
0 0.007075 0.021739 -0.012264 -0.043478
0 0.008491 0.025084 -0.013208 -0.050167
0 0.008962 0.028428 -0.016038 -0.056856
0 0.008491 0.025084 -0.013208 -0.050167
0 0.008962 0.028428 -0.016038 -0.056856
0 0.008962 0.028428 -0.016038 -0.056856
0 0.007075 0.021739 -0.012264 -0.043478
0 0.007075 0.021739 -0.012264 -0.043478
0 0.008019 0.025084 -0.014151 -0.050167
0 0.012264 0.043478 -0.022642 -0.086957
0 0.015566 0.046823 -0.027358 -0.093645
0 0.008491 0.025084 -0.013208 -0.050167
0 0.007075 0.021739 -0.012264 -0.043478
0 0.008019 0.025084 -0.014151 -0.050167
0 0.008019 0.025084 -0.014151 -0.050167
0 0.013679 0.056856 -0.025472 -0.113712
0 0.007075 0.021739 -0.012264 -0.043478
0 0.007547 0.021739 -0.011321 -0.043478
0 0.011792 0.038462 -0.021698 -0.076923
0 0.007075 0.021739 -0.012264 -0.043478
0 0.008962 0.028428 -0.016038 -0.056856
0 0.008491 0.025084 -0.013208 -0.050167
0 0.007547 0.021739 -0.011321 -0.043478
0 0.008962 0.028428 -0.016038 -0.056856
0 0.007547 0.021739 -0.011321 -0.043478
0 0.008019 0.025084 -0.014151 -0.050167
0 0.008491 0.025084 -0.013208 -0.050167
0 0.007075 0.021739 -0.012264 -0.043478
0 0.012264 0.043478 -0.022642 -0.086957
0 0.012264 0.043478 -0.022642 -0.086957
0 0.007075 0.021739 -0.012264 -0.043478
0 0.015566 0.060201 -0.029245 -0.120401
0 0.012736 0.043478 -0.021698 -0.086957
0 0.007075 0.021739 -0.012264 -0.043478
0 0.015566 0.060201 -0.029245 -0.120401
0 0.007547 0.021739 -0.011321 -0.043478
0 0.007547 0.021739 -0.011321 -0.043478
0 0.007075 0.021739 -0.012264 -0.043478
0 0.008962 0.028428 -0.016038 -0.056856
0 0.015566 0.046823 -0.027358 -0.093645
0 0.008491 0.031773 -0.015094 -0.063545
0 0.008019 0.025084 -0.014151 -0.050167
0 0.008962 0.028428 -0.016038 -0.056856
0 0.007075 0.021739 -0.012264 -0.043478
0 0.007547 0.021739 -0.011321 -0.043478
0 0.007547 0.021739 -0.011321 -0.043478
0 0.008019 0.025084 -0.014151 -0.050167
0 0.008019 0.025084 -0.014151 -0.050167
0 0.012264 0.043478 -0.022642 -0.086957
0 0.008019 0.025084 -0.014151 -0.050167
0 0.008491 0.031773 -0.015094 -0.063545
0 0.008491 0.025084 -0.013208 -0.050167
0 0.008962 0.028428 -0.016038 -0.056856
0 0.008019 0.025084 -0.014151 -0.050167
0 0.008019 0.025084 -0.014151 -0.050167
0 0.007075 0.021739 -0.012264 -0.043478
0 0.011792 0.038462 -0.021698 -0.076923
0 0.007075 0.021739 -0.012264 -0.043478
0 0.007075 0.021739 -0.012264 -0.043478
0 0.007075 0.021739 -0.012264 -0.043478
0 0.015566 0.060201 -0.029245 -0.120401
0 0.008491 0.025084 -0.013208 -0.050167
0 0.014151 0.056856 -0.024528 -0.113712
0 0.011792 0.038462 -0.021698 -0.076923
0 0.015566 0.060201 -0.029245 -0.120401
0 0.007075 0.021739 -0.012264 -0.043478
0 0.007075 0.021739 -0.012264 -0.043478
0 0.008962 0.028428 -0.016038 -0.056856
0 0.008019 0.025084 -0.014151 -0.050167
0 0.008491 0.025084 -0.013208 -0.050167
0 0.008019 0.025084 -0.014151 -0.050167
0 0.012264 0.043478 -0.022642 -0.086957
0 0.008962 0.028428 -0.016038 -0.056856
0 0.007075 0.021739 -0.012264 -0.043478
0 0.015566 0.060201 -0.029245 -0.120401
0 0.007075 0.021739 -0.012264 -0.043478
0 0.007075 0.021739 -0.012264 -0.043478
0 0.008019 0.025084 -0.014151 -0.050167
0 0.007075 0.021739 -0.012264 -0.043478
0 0.012264 0.043478 -0.022642 -0.086957
0 0.008962 0.028428 -0.016038 -0.056856
0 0.008962 0.026756 -0.014151 -0.053512
0 0.016509 0.071906 -0.031132 -0.143813
0 0.007075 0.021739 -0.012264 -0.043478
0 0.007075 0.021739 -0.012264 -0.043478
0 0.008491 0.025084 -0.013208 -0.050167
0 0.009434 0.028428 -0.015094 -0.056856
0 0.007547 0.021739 -0.011321 -0.043478
0 0.015566 0.046823 -0.027358 -0.093645
0 0.008962 0.028428 -0.016038 -0.056856
0 0.008019 0.025084 -0.014151 -0.050167
0 0.011792 0.038462 -0.021698 -0.076923
0 0.012264 0.043478 -0.022642 -0.086957
0 0.008019 0.025084 -0.014151 -0.050167
0 0.007547 0.021739 -0.011321 -0.043478
0 0.008491 0.031773 -0.015094 -0.063545
0 0.007075 0.021739 -0.012264 -0.043478
0 0.008491 0.031773 -0.015094 -0.063545
0 0.007075 0.021739 -0.012264 -0.043478
0 0.012264 0.043478 -0.022642 -0.086957
0 0.012736 0.043478 -0.021698 -0.086957
0 0.007075 0.021739 -0.012264 -0.043478
0 0.008962 0.028428 -0.016038 -0.056856
0 0.008019 0.025084 -0.014151 -0.050167
0 0.008962 0.028428 -0.016038 -0.056856
0 0.007075 0.021739 -0.012264 -0.043478
0 0.008019 0.025084 -0.014151 -0.050167
0 0.015566 0.060201 -0.029245 -0.120401
0 0.011792 0.038462 -0.021698 -0.076923
0 0.007547 0.021739 -0.011321 -0.043478
0 0.007075 0.021739 -0.012264 -0.043478
0 0.012264 0.043478 -0.022642 -0.086957
0 0.007547 0.021739 -0.011321 -0.043478
0 0.008962 0.028428 -0.016038 -0.056856
0 0.008962 0.031773 -0.014151 -0.063545
0 0.016509 0.071906 -0.031132 -0.143813
0 0.012264 0.043478 -0.022642 -0.086957
0 0.009434 0.028428 -0.015094 -0.056856
0 0.008019 0.025084 -0.014151 -0.050167
0 0.008491 0.025084 -0.013208 -0.050167
0 0.007075 0.021739 -0.012264 -0.043478
0 0.007075 0.021739 -0.012264 -0.043478
0 0.007075 0.021739 -0.012264 -0.043478
0 0.008491 0.025084 -0.013208 -0.050167
0 0.007547 0.021739 -0.011321 -0.043478
0 0.007075 0.021739 -0.012264 -0.043478
0 0.007547 0.021739 -0.011321 -0.043478
0 0.008491 0.025084 -0.013208 -0.050167
0 0.007075 0.021739 -0.012264 -0.043478
0 0.015094 0.046823 -0.028302 -0.093645
0 0.008962 0.028428 -0.016038 -0.056856
0 0.008962 0.028428 -0.016038 -0.056856