0 0.001823 0.004167 -0.002604 -0.008333
0 0.002083 0.002778 -0.003125 -0.005556
0 0.001302 0.003241 -0.001563 -0.006481
0 0.001302 0.003241 -0.001563 -0.006481
0 0.001302 0.003241 -0.001563 -0.006481
0 0.002083 0.004167 -0.003125 -0.008333
0 0.002083 0.002778 -0.003125 -0.005556
0 0.004167 0.009259 -0.007292 -0.018519
0 0.002083 0.002778 -0.003125 -0.005556
0 0.002083 0.004167 -0.003125 -0.008333
0 0.001302 0.003241 -0.001563 -0.006481
0 0.002083 0.004167 -0.003125 -0.008333
0 0.002083 0.004167 -0.003125 -0.008333
0 0.001823 0.004167 -0.002604 -0.008333
0 0.002083 0.004167 -0.003125 -0.008333
0 0.001302 0.003241 -0.001563 -0.006481
0 0.001302 0.001852 -0.001563 -0.003704
0 0.007292 0.012037 -0.013542 -0.024074
0 0.002083 0.004167 -0.003125 -0.008333
0 0.002083 0.004167 -0.003125 -0.008333
0 0.001823 0.004167 -0.002604 -0.008333
0 0.006250 0.010185 -0.011458 -0.020370
0 0.002083 0.004167 -0.003125 -0.008333
0 0.001823 0.004167 -0.002604 -0.008333
0 0.007292 0.012037 -0.013542 -0.024074
0 0.002083 0.004167 -0.003125 -0.008333
0 0.001302 0.003241 -0.001563 -0.006481
0 0.007292 0.012037 -0.013542 -0.024074
0 0.004167 0.009259 -0.007292 -0.018519
0 0.002083 0.004167 -0.003125 -0.008333
0 0.001823 0.004167 -0.002604 -0.008333
0 0.003125 0.003704 -0.005208 -0.007407
0 0.001823 0.004167 -0.002604 -0.008333
0 0.002083 0.004167 -0.003125 -0.008333
0 0.002083 0.004167 -0.003125 -0.008333
0 0.002083 0.004167 -0.003125 -0.008333
0 0.001823 0.004167 -0.002604 -0.008333
0 0.001302 0.003241 -0.001563 -0.006481
0 0.002083 0.004167 -0.003125 -0.008333
0 0.002083 0.004167 -0.003125 -0.008333
0 0.001823 0.004167 -0.002604 -0.008333
0 0.001302 0.003241 -0.001563 -0.006481
0 0.001823 0.004167 -0.002604 -0.008333
0 0.001823 0.004167 -0.002604 -0.008333
0 0.001302 0.003241 -0.001563 -0.006481
0 0.001302 0.003241 -0.001563 -0.006481
0 0.002083 0.004167 -0.003125 -0.008333
0 0.004167 0.009259 -0.007292 -0.018519
0 0.000781 0.000926 -0.000521 -0.001852
0 0.002083 0.004167 -0.003125 -0.008333
0 0.002083 0.004167 -0.003125 -0.008333
0 0.001823 0.004167 -0.002604 -0.008333
0 0.002083 0.004167 -0.003125 -0.008333
0 0.002083 0.004167 -0.003125 -0.008333
0 0.002083 0.004167 -0.003125 -0.008333
0 0.004167 0.009259 -0.007292 -0.018519
0 0.001302 0.003241 -0.001563 -0.006481
0 0.001302 0.003241 -0.001563 -0.006481
0 0.001823 0.004167 -0.002604 -0.008333
0 0.002083 0.004167 -0.003125 -0.008333
0 0.003646 0.005556 -0.006250 -0.011111
0 0.001302 0.003241 -0.001563 -0.006481
0 0.002083 0.004167 -0.003125 -0.008333
0 0.001302 0.001852 -0.001563 -0.003704
0 0.001302 0.003241 -0.001563 -0.006481
0 0.002083 0.004167 -0.003125 -0.008333
0 0.001823 0.004167 -0.002604 -0.008333
0 0.001302 0.002315 -0.001563 -0.004630
0 0.002083 0.004167 -0.003125 -0.008333
0 0.001823 0.004167 -0.002604 -0.008333
0 0.001302 0.003241 -0.001563 -0.006481
0 0.001823 0.004167 -0.002604 -0.008333
0 0.001302 0.003241 -0.001563 -0.006481
0 0.001302 0.003241 -0.001563 -0.006481
0 0.001042 0.000926 -0.001042 -0.001852
0 0.001823 0.004167 -0.002604 -0.008333
0 0.001302 0.003241 -0.001563 -0.006481
0 0.002083 0.004167 -0.003125 -0.008333
0 0.001302 0.003241 -0.001563 -0.006481
0 0.001823 0.004167 -0.002604 -0.008333
0 0.002083 0.004167 -0.003125 -0.008333
0 0.002083 0.004167 -0.003125 -0.008333
0 0.001302 0.003241 -0.001563 -0.006481
0 0.001823 0.004167 -0.002604 -0.008333
0 0.001042 0.000926 -0.001042 -0.001852
0 0.002083 0.004167 -0.003125 -0.008333
0 0.004167 0.009259 -0.007292 -0.018519
0 0.005208 0.012037 -0.009375 -0.024074
0 0.001823 0.004167 -0.002604 -0.008333
0 0.002083 0.004167 -0.003125 -0.008333
0 0.001302 0.003241 -0.001563 -0.006481
0 0.001042 0.000926 -0.001042 -0.001852
0 0.002083 0.002778 -0.003125 -0.005556
0 0.006250 0.010185 -0.011458 -0.020370
0 0.001302 0.002315 -0.001563 -0.004630
0 0.001302 0.003241 -0.001563 -0.006481
0 0.001302 0.003241 -0.001563 -0.006481
0 0.001823 0.004167 -0.002604 -0.008333
0 0.001302 0.003241 -0.001563 -0.006481
0 0.001823 0.004167 -0.002604 -0.008333
0 0.001302 0.003241 -0.001563 -0.006481
0 0.002083 0.002778 -0.003125 -0.005556
0 0.002083 0.004167 -0.003125 -0.008333
0 0.002083 0.002778 -0.003125 -0.005556
0 0.001302 0.002315 -0.001563 -0.004630
0 0.001823 0.004167 -0.002604 -0.008333
0 0.002083 0.004167 -0.003125 -0.008333
0 0.001823 0.004167 -0.002604 -0.008333
0 0.005208 0.012037 -0.009375 -0.024074
0 0.002083 0.004167 -0.003125 -0.008333
0 0.002083 0.004167 -0.003125 -0.008333
0 0.001302 0.001852 -0.001563 -0.003704
0 0.001823 0.004167 -0.002604 -0.008333
0 0.001823 0.004167 -0.002604 -0.008333
0 0.001302 0.001852 -0.001563 -0.003704
0 0.001823 0.004167 -0.002604 -0.008333
0 0.002083 0.004167 -0.003125 -0.008333
0 0.000781 0.000926 -0.000521 -0.001852
0 0.001823 0.004167 -0.002604 -0.008333
0 0.006250 0.010185 -0.011458 -0.020370
0 0.003125 0.003704 -0.005208 -0.007407
0 0.001823 0.004167 -0.002604 -0.008333
0 0.002083 0.002778 -0.003125 -0.005556
0 0.001302 0.003241 -0.001563 -0.006481
0 0.003646 0.005556 -0.006250 -0.011111
0 0.001302 0.003241 -0.001563 -0.006481
0 0.002083 0.004167 -0.003125 -0.008333
0 0.001302 0.003241 -0.001563 -0.006481
0 0.001823 0.004167 -0.002604 -0.008333
0 0.002083 0.004167 -0.003125 -0.008333
0 0.002083 0.004167 -0.003125 -0.008333
0 0.002083 0.004167 -0.003125 -0.008333
0 0.004167 0.009259 -0.007292 -0.018519
0 0.001302 0.003241 -0.001563 -0.006481
0 0.005208 0.012037 -0.009375 -0.024074
0 0.001302 0.003241 -0.001563 -0.006481
0 0.001823 0.004167 -0.002604 -0.008333
0 0.001302 0.003241 -0.001563 -0.006481
0 0.001302 0.003241 -0.001563 -0.006481
0 0.003646 0.005556 -0.006250 -0.011111
0 0.001302 0.003241 -0.001563 -0.006481
0 0.001823 0.004167 -0.002604 -0.008333
0 0.001302 0.003241 -0.001563 -0.006481
0 0.002083 0.002778 -0.003125 -0.005556