0 0.001244 0.004655 0.000000 -0.005587
0 0.012438 0.026071 -0.022388 -0.052142
0 0.001866 0.002793 -0.001244 -0.001862
0 0.001244 0.004655 0.000000 -0.005587
0 0.012438 0.026071 -0.022388 -0.052142
0 0.012438 0.026071 -0.022388 -0.052142
0 0.012438 0.026071 -0.022388 -0.052142
0 0.001866 0.002793 -0.001244 -0.001862
0 0.001866 0.002793 -0.001244 -0.001862
0 0.001244 0.002793 0.000000 -0.001862
0 0.008085 0.015829 -0.013682 -0.031657
0 0.001244 0.004655 0.000000 -0.005587
0 0.001244 0.004655 0.000000 -0.005587
0 0.000622 0.001862 0.001244 0.000000
0 0.012438 0.026071 -0.022388 -0.052142