0 0.010000 0.021429 -0.018333 -0.042857
0 0.017500 0.040476 -0.033333 -0.080952
0 0.012083 0.030159 -0.022500 -0.060317
0 0.008333 0.015079 -0.015000 -0.030159
0 0.008750 0.017460 -0.015833 -0.034921
0 0.007917 0.020635 -0.014167 -0.041270
0 0.012083 0.030159 -0.022500 -0.060317
0 0.012083 0.030159 -0.022500 -0.060317
0 0.008333 0.015079 -0.015000 -0.030159
0 0.008333 0.015079 -0.015000 -0.030159
0 0.008750 0.017460 -0.015833 -0.034921
0 0.008750 0.017460 -0.015833 -0.034921
0 0.010000 0.021429 -0.018333 -0.042857
0 0.010417 0.023016 -0.019167 -0.046032
0 0.008333 0.015079 -0.015000 -0.030159
0 0.006667 0.013492 -0.011667 -0.026984
0 0.011250 0.030159 -0.020833 -0.060317
0 0.008333 0.015079 -0.015000 -0.030159
0 0.012083 0.030159 -0.022500 -0.060317
0 0.011250 0.030159 -0.020833 -0.060317
0 0.010417 0.023016 -0.019167 -0.046032
0 0.010417 0.023016 -0.019167 -0.046032
0 0.008333 0.015079 -0.015000 -0.030159
0 0.007917 0.020635 -0.014167 -0.041270
0 0.007917 0.020635 -0.014167 -0.041270
0 0.006667 0.013492 -0.011667 -0.026984
0 0.017500 0.040476 -0.033333 -0.080952
0 0.008333 0.015079 -0.015000 -0.030159
0 0.011250 0.030159 -0.020833 -0.060317
0 0.008333 0.015079 -0.015000 -0.030159
0 0.010000 0.021429 -0.018333 -0.042857
0 0.008333 0.015079 -0.015000 -0.030159
0 0.006667 0.013492 -0.011667 -0.026984
0 0.010000 0.021429 -0.018333 -0.042857
0 0.012083 0.030159 -0.022500 -0.060317
0 0.008750 0.017460 -0.015833 -0.034921
0 0.008333 0.015079 -0.015000 -0.030159
0 0.008750 0.017460 -0.015833 -0.034921
0 0.011250 0.030159 -0.020833 -0.060317
0 0.008750 0.017460 -0.015833 -0.034921
0 0.007917 0.020635 -0.014167 -0.041270
0 0.011250 0.030159 -0.020833 -0.060317