0 0.020769 0.038684 -0.040000 -0.077367
0 0.033077 0.069861 -0.064615 -0.139723
0 0.012692 0.021363 -0.023846 -0.042725
0 0.023077 0.036952 -0.044615 -0.073903
0 0.011538 0.023095 -0.021538 -0.046189
0 0.021154 0.053695 -0.040769 -0.107390
0 0.012692 0.021363 -0.023846 -0.042725
0 0.033077 0.069861 -0.064615 -0.139723
0 0.028846 0.046189 -0.056154 -0.092379
0 0.014615 0.023672 -0.027692 -0.047344
0 0.006154 0.009815 -0.010769 -0.019630
0 0.003077 0.008083 -0.004615 -0.016166
0 0.020769 0.045612 -0.040000 -0.091224
0 0.015385 0.036374 -0.029231 -0.072748
0 0.012692 0.031755 -0.023846 -0.063510
0 0.014615 0.030600 -0.027692 -0.061201
0 0.018846 0.052540 -0.036154 -0.105081
0 0.007308 0.013857 -0.013077 -0.027714
0 0.016923 0.035219 -0.032308 -0.070439
0 0.014615 0.030600 -0.027692 -0.061201
0 0.020000 0.035219 -0.038462 -0.070439
0 0.030769 0.053695 -0.060000 -0.107390
0 0.029231 0.056005 -0.056923 -0.112009
0 0.003077 0.008083 -0.004615 -0.016166
0 0.014615 0.030600 -0.027692 -0.061201
0 0.013462 0.017898 -0.025385 -0.035797
0 0.033077 0.069861 -0.064615 -0.139723
0 0.011538 0.027714 -0.021538 -0.055427
0 0.025769 0.039261 -0.050000 -0.078522
0 0.025769 0.042725 -0.050000 -0.085450
0 0.006923 0.010393 -0.012308 -0.020785
0 0.011538 0.023095 -0.021538 -0.046189
0 0.007308 0.013857 -0.013077 -0.027714
0 0.033077 0.069861 -0.064615 -0.139723
0 0.020769 0.047921 -0.040000 -0.095843
0 0.032308 0.064088 -0.063077 -0.128176
0 0.008462 0.026559 -0.015385 -0.053118
0 0.018077 0.015012 -0.034615 -0.030023