0 0.010937 0.025781 -0.019792 -0.051562
0 0.010937 0.025781 -0.019792 -0.051562
0 0.010937 0.025781 -0.019792 -0.051562
0 0.010937 0.025781 -0.019792 -0.051562
0 0.013542 0.034375 -0.025000 -0.068750
0 0.010937 0.025781 -0.019792 -0.051562
0 0.010937 0.025781 -0.019792 -0.051562
0 0.010937 0.025781 -0.019792 -0.051562
0 0.010937 0.025781 -0.019792 -0.051562
0 0.010937 0.025781 -0.019792 -0.051562
0 0.013542 0.034375 -0.025000 -0.068750
0 0.009375 0.017969 -0.016667 -0.035937
0 0.010937 0.025781 -0.019792 -0.051562
0 0.009375 0.017969 -0.016667 -0.035937
0 0.013542 0.034375 -0.025000 -0.068750
0 0.010937 0.025781 -0.019792 -0.051562
0 0.010937 0.025781 -0.019792 -0.051562
0 0.010937 0.025781 -0.019792 -0.051562
0 0.010937 0.025781 -0.019792 -0.051562
0 0.009375 0.017969 -0.016667 -0.035937
0 0.010937 0.025781 -0.019792 -0.051562
0 0.010937 0.025781 -0.019792 -0.051562
0 0.010937 0.025781 -0.019792 -0.051562
0 0.010937 0.025781 -0.019792 -0.051562
0 0.010937 0.025781 -0.019792 -0.051562
0 0.011458 0.044531 -0.020833 -0.089063
0 0.013542 0.035156 -0.025000 -0.067187
0 0.010937 0.025781 -0.019792 -0.051562
0 0.010937 0.025781 -0.019792 -0.051562
0 0.013542 0.028906 -0.025000 -0.057813
0 0.013542 0.034375 -0.025000 -0.068750
0 0.010937 0.025781 -0.019792 -0.051562
0 0.013542 0.028906 -0.025000 -0.057813
0 0.013542 0.034375 -0.025000 -0.068750
0 0.013542 0.034375 -0.025000 -0.068750
0 0.010937 0.025781 -0.019792 -0.051562
0 0.013542 0.034375 -0.025000 -0.068750
0 0.013542 0.034375 -0.025000 -0.068750
0 0.010937 0.025781 -0.019792 -0.051562
0 0.009375 0.017969 -0.016667 -0.035937
0 0.009375 0.017969 -0.016667 -0.035937
0 0.010937 0.025781 -0.019792 -0.051562
0 0.010937 0.025781 -0.019792 -0.051562
0 0.013542 0.028906 -0.025000 -0.057813
0 0.013542 0.028906 -0.025000 -0.057813
0 0.010937 0.025781 -0.019792 -0.051562
0 0.013542 0.034375 -0.025000 -0.068750
0 0.013542 0.034375 -0.025000 -0.068750
0 0.010937 0.025781 -0.019792 -0.051562
0 0.010937 0.025781 -0.019792 -0.051562
0 0.010937 0.025781 -0.019792 -0.051562
0 0.013542 0.034375 -0.025000 -0.068750
0 0.010937 0.025781 -0.019792 -0.051562
0 0.010937 0.025781 -0.019792 -0.051562
0 0.013542 0.034375 -0.025000 -0.068750
0 0.013542 0.034375 -0.025000 -0.068750
0 0.010937 0.025781 -0.019792 -0.051562
0 0.010937 0.025781 -0.019792 -0.051562
0 0.013542 0.034375 -0.025000 -0.068750
0 0.010937 0.025781 -0.019792 -0.051562
0 0.010937 0.025781 -0.019792 -0.051562
0 0.010937 0.025781 -0.019792 -0.051562
0 0.010937 0.025781 -0.019792 -0.051562
0 0.010937 0.025781 -0.019792 -0.051562
0 0.013542 0.034375 -0.025000 -0.068750
0 0.010937 0.025781 -0.019792 -0.051562
0 0.013542 0.035156 -0.025000 -0.067187
0 0.013542 0.034375 -0.025000 -0.068750
0 0.013542 0.034375 -0.025000 -0.068750
0 0.010937 0.025781 -0.019792 -0.051562
0 0.013542 0.028906 -0.025000 -0.057813
0 0.010937 0.025781 -0.019792 -0.051562
0 0.010937 0.025781 -0.019792 -0.051562
0 0.010937 0.025781 -0.019792 -0.051562
0 0.010937 0.025781 -0.019792 -0.051562
0 0.009375 0.017969 -0.016667 -0.035937
0 0.010937 0.025781 -0.019792 -0.051562
0 0.013542 0.034375 -0.025000 -0.068750
0 0.010937 0.025781 -0.019792 -0.051562
0 0.010937 0.025781 -0.019792 -0.051562
0 0.010937 0.025781 -0.019792 -0.051562
0 0.013542 0.034375 -0.025000 -0.068750
0 0.009375 0.017969 -0.016667 -0.035937
0 0.013542 0.034375 -0.025000 -0.068750
0 0.013542 0.034375 -0.025000 -0.068750
0 0.010937 0.025781 -0.019792 -0.051562
0 0.013542 0.034375 -0.025000 -0.068750
0 0.010937 0.025781 -0.019792 -0.051562
0 0.010937 0.025781 -0.019792 -0.051562
0 0.010937 0.025781 -0.019792 -0.051562
0 0.010937 0.025781 -0.019792 -0.051562
0 0.013542 0.034375 -0.025000 -0.068750
0 0.013542 0.034375 -0.025000 -0.068750
0 0.011458 0.024219 -0.020833 -0.048438
0 0.010937 0.025781 -0.019792 -0.051562
0 0.010937 0.025781 -0.019792 -0.051562
0 0.010937 0.025781 -0.019792 -0.051562
0 0.013542 0.034375 -0.025000 -0.068750
0 0.010937 0.025781 -0.019792 -0.051562
0 0.013542 0.034375 -0.025000 -0.068750
0 0.010937 0.025781 -0.019792 -0.051562
0 0.010937 0.025781 -0.019792 -0.051562
0 0.009375 0.021094 -0.016667 -0.042188
0 0.013542 0.035156 -0.025000 -0.067187
0 0.013542 0.035156 -0.025000 -0.067187
0 0.010937 0.025781 -0.019792 -0.051562
0 0.010937 0.025781 -0.019792 -0.051562
0 0.010937 0.025781 -0.019792 -0.051562
0 0.010937 0.025781 -0.019792 -0.051562
0 0.013542 0.034375 -0.025000 -0.068750
0 0.010937 0.025781 -0.019792 -0.051562
0 0.009375 0.017969 -0.016667 -0.035937
0 0.010937 0.025781 -0.019792 -0.051562
0 0.013542 0.035156 -0.025000 -0.067187
0 0.009375 0.017969 -0.016667 -0.035937
0 0.010937 0.025781 -0.019792 -0.051562
0 0.013542 0.035156 -0.025000 -0.067187
0 0.010937 0.025781 -0.019792 -0.051562
0 0.010937 0.025781 -0.019792 -0.051562
0 0.010937 0.025781 -0.019792 -0.051562
0 0.010937 0.025781 -0.019792 -0.051562
0 0.010937 0.025781 -0.019792 -0.051562
0 0.010937 0.025781 -0.019792 -0.051562
0 0.010937 0.025781 -0.019792 -0.051562
0 0.013542 0.034375 -0.025000 -0.068750
0 0.010937 0.025781 -0.019792 -0.051562
0 0.010937 0.025781 -0.019792 -0.051562
0 0.010937 0.025781 -0.019792 -0.051562
0 0.010937 0.025781 -0.019792 -0.051562
0 0.010937 0.025781 -0.019792 -0.051562
0 0.010937 0.025781 -0.019792 -0.051562
0 0.010937 0.025781 -0.019792 -0.051562
0 0.010937 0.025781 -0.019792 -0.051562
0 0.013542 0.034375 -0.025000 -0.068750
0 0.010937 0.025781 -0.019792 -0.051562
0 0.010937 0.025781 -0.019792 -0.051562
0 0.013542 0.034375 -0.025000 -0.068750
0 0.010937 0.025781 -0.019792 -0.051562
0 0.010937 0.025781 -0.019792 -0.051562
0 0.010937 0.025781 -0.019792 -0.051562
0 0.013542 0.034375 -0.025000 -0.068750
0 0.013542 0.034375 -0.025000 -0.068750
0 0.010937 0.025781 -0.019792 -0.051562
0 0.010937 0.025781 -0.019792 -0.051562
0 0.010937 0.025781 -0.019792 -0.051562
0 0.010937 0.025781 -0.019792 -0.051562
0 0.010937 0.025781 -0.019792 -0.051562
0 0.009375 0.017969 -0.016667 -0.035937
0 0.013542 0.034375 -0.025000 -0.068750
0 0.010937 0.025781 -0.019792 -0.051562
0 0.013542 0.034375 -0.025000 -0.068750
0 0.010937 0.025781 -0.019792 -0.051562
0 0.009375 0.021094 -0.016667 -0.042188
0 0.009375 0.017969 -0.016667 -0.035937
0 0.010937 0.025781 -0.019792 -0.051562
0 0.013542 0.034375 -0.025000 -0.068750
0 0.010937 0.025781 -0.019792 -0.051562
0 0.010937 0.025781 -0.019792 -0.051562
0 0.010937 0.025781 -0.019792 -0.051562
0 0.011458 0.024219 -0.020833 -0.048438
0 0.010937 0.025781 -0.019792 -0.051562
0 0.009375 0.021094 -0.016667 -0.042188
0 0.013542 0.035156 -0.025000 -0.067187
0 0.013542 0.034375 -0.025000 -0.068750
0 0.010937 0.025781 -0.019792 -0.051562
0 0.010937 0.025781 -0.019792 -0.051562
0 0.010937 0.025781 -0.019792 -0.051562
0 0.010937 0.025781 -0.019792 -0.051562
0 0.010937 0.025781 -0.019792 -0.051562
0 0.013542 0.034375 -0.025000 -0.068750
0 0.010937 0.025781 -0.019792 -0.051562
0 0.010937 0.025781 -0.019792 -0.051562
0 0.013542 0.034375 -0.025000 -0.068750
0 0.013542 0.034375 -0.025000 -0.068750
0 0.010937 0.025781 -0.019792 -0.051562