0 0.014323 0.020833 -0.027604 -0.041667
0 0.014323 0.025000 -0.027604 -0.050000
0 0.014323 0.025000 -0.027604 -0.050000
0 0.014323 0.025000 -0.027604 -0.050000
0 0.014323 0.025000 -0.027604 -0.050000
0 0.014323 0.025000 -0.027604 -0.050000
0 0.014323 0.025000 -0.027604 -0.050000
0 0.014323 0.025000 -0.027604 -0.050000
0 0.014323 0.025000 -0.027604 -0.050000
0 0.014323 0.025000 -0.027604 -0.050000
0 0.014323 0.025000 -0.027604 -0.050000
0 0.014323 0.025000 -0.027604 -0.050000
0 0.014323 0.025000 -0.027604 -0.050000
0 0.014323 0.025000 -0.027604 -0.050000
0 0.014323 0.025000 -0.027604 -0.050000
0 0.014323 0.025000 -0.027604 -0.050000
0 0.014323 0.025000 -0.027604 -0.050000
0 0.014323 0.025000 -0.027604 -0.050000
0 0.014323 0.025000 -0.027604 -0.050000
0 0.014844 0.025000 -0.026562 -0.050000
0 0.014323 0.025000 -0.027604 -0.050000
0 0.014323 0.025000 -0.027604 -0.050000
0 0.014844 0.025000 -0.026562 -0.050000
0 0.014323 0.025000 -0.027604 -0.050000
0 0.014323 0.025000 -0.027604 -0.050000
0 0.014844 0.025000 -0.026562 -0.050000
0 0.014323 0.025000 -0.027604 -0.050000
0 0.014323 0.025000 -0.027604 -0.050000
0 0.014844 0.025000 -0.026562 -0.050000
0 0.014323 0.025000 -0.027604 -0.050000
0 0.014323 0.025000 -0.027604 -0.050000
0 0.014323 0.025000 -0.027604 -0.050000
0 0.014323 0.025000 -0.027604 -0.050000
0 0.014323 0.025000 -0.027604 -0.050000
0 0.014323 0.025000 -0.027604 -0.050000
0 0.014323 0.025000 -0.027604 -0.050000
0 0.014323 0.025000 -0.027604 -0.050000
0 0.014323 0.025000 -0.027604 -0.050000
0 0.014323 0.025000 -0.027604 -0.050000
0 0.014323 0.025000 -0.027604 -0.050000
0 0.014323 0.025000 -0.027604 -0.050000
0 0.014323 0.025000 -0.027604 -0.050000
0 0.014323 0.025000 -0.027604 -0.050000
0 0.014323 0.025000 -0.027604 -0.050000
0 0.014323 0.025000 -0.027604 -0.050000
0 0.014844 0.025000 -0.026562 -0.050000
0 0.014323 0.025000 -0.027604 -0.050000
0 0.014323 0.025000 -0.027604 -0.050000
0 0.014323 0.025000 -0.027604 -0.050000
0 0.014844 0.025000 -0.026562 -0.050000
0 0.014323 0.025000 -0.027604 -0.050000