0 0.006597 0.011849 -0.012847 -0.023698
0 0.010156 0.017578 -0.019965 -0.035156
0 0.004687 0.007943 -0.009028 -0.015885
0 0.004253 0.006250 -0.008160 -0.012500
0 0.006597 0.011849 -0.012847 -0.023698
0 0.004774 0.008203 -0.009201 -0.016406
0 0.004253 0.006250 -0.008160 -0.012500
0 0.004687 0.007943 -0.009028 -0.015885
0 0.004687 0.007943 -0.009028 -0.015885
0 0.005816 0.010156 -0.011285 -0.020313
0 0.009201 0.013932 -0.018056 -0.027865
0 0.006597 0.011849 -0.012847 -0.023698
0 0.001736 0.003125 -0.003125 -0.006250
0 0.003472 0.005469 -0.006597 -0.010937
0 0.008073 0.014063 -0.015799 -0.028125
0 0.007899 0.011589 -0.015451 -0.023177
0 0.006597 0.011849 -0.012847 -0.023698
0 0.004687 0.007943 -0.009028 -0.015885
0 0.004253 0.006250 -0.008160 -0.012500
0 0.006597 0.011849 -0.012847 -0.023698
0 0.006076 0.010677 -0.011806 -0.021354
0 0.004687 0.007943 -0.009028 -0.015885
0 0.009201 0.013932 -0.018056 -0.027865
0 0.002951 0.004557 -0.005556 -0.009115
0 0.004253 0.006250 -0.008160 -0.012500
0 0.006597 0.011849 -0.012847 -0.023698
0 0.004253 0.006250 -0.008160 -0.012500
0 0.002951 0.004557 -0.005556 -0.009115
0 0.006597 0.011849 -0.012847 -0.023698
0 0.004253 0.006250 -0.008160 -0.012500
0 0.004861 0.007943 -0.008681 -0.015885
0 0.007899 0.011589 -0.015451 -0.023177
0 0.004687 0.007943 -0.009028 -0.015885
0 0.002951 0.004557 -0.005556 -0.009115
0 0.002951 0.004557 -0.005556 -0.009115
0 0.010156 0.013672 -0.019965 -0.027344
0 0.006597 0.011849 -0.012847 -0.023698
0 0.010156 0.017578 -0.019965 -0.035156
0 0.009722 0.017578 -0.019097 -0.035156
0 0.005816 0.010156 -0.011285 -0.020313
0 0.004253 0.006250 -0.008160 -0.012500
0 0.006076 0.010677 -0.011806 -0.021354
0 0.002951 0.004557 -0.005556 -0.009115
0 0.006597 0.011849 -0.012847 -0.023698
0 0.006597 0.011849 -0.012847 -0.023698
0 0.004687 0.007943 -0.009028 -0.015885
0 0.006597 0.011849 -0.012847 -0.023698
0 0.001389 0.002604 -0.002431 -0.005208
0 0.004253 0.006250 -0.008160 -0.012500
0 0.004253 0.006250 -0.008160 -0.012500
0 0.006597 0.011849 -0.012847 -0.023698
0 0.006076 0.010807 -0.011806 -0.021615
0 0.005816 0.010156 -0.011285 -0.020313
0 0.010156 0.013672 -0.019965 -0.027344
0 0.006597 0.011849 -0.012847 -0.023698
0 0.010156 0.013672 -0.019965 -0.027344
0 0.004687 0.007943 -0.009028 -0.015885
0 0.004687 0.007943 -0.009028 -0.015885
0 0.001736 0.003125 -0.003125 -0.006250
0 0.006597 0.011849 -0.012847 -0.023698
0 0.007639 0.012109 -0.014931 -0.024219
0 0.010156 0.013672 -0.019965 -0.027344
0 0.006597 0.011849 -0.012847 -0.023698
0 0.009201 0.013151 -0.018056 -0.026302
0 0.006597 0.011849 -0.012847 -0.023698