0 0.011570 0.018610 -0.019835 -0.032258
0 0.066942 0.095533 -0.130579 -0.186104
0 0.066942 0.095533 -0.130579 -0.186104
0 0.011570 0.018610 -0.019835 -0.032258
0 0.023967 0.037221 -0.044628 -0.069479
0 0.066942 0.095533 -0.130579 -0.186104
0 0.023967 0.037221 -0.044628 -0.069479
0 0.011570 0.018610 -0.019835 -0.032258
0 0.023967 0.037221 -0.044628 -0.069479
0 0.011570 0.018610 -0.019835 -0.032258
0 0.023967 0.037221 -0.044628 -0.069479
0 0.011570 0.018610 -0.019835 -0.032258
0 0.066942 0.095533 -0.130579 -0.186104
0 0.023967 0.037221 -0.044628 -0.069479
0 0.011570 0.018610 -0.019835 -0.032258
0 0.023967 0.037221 -0.044628 -0.069479
0 0.024793 0.037221 -0.042975 -0.069479
0 0.011570 0.018610 -0.019835 -0.032258
0 0.023967 0.037221 -0.044628 -0.069479
0 0.011570 0.018610 -0.019835 -0.032258
0 0.023967 0.037221 -0.044628 -0.069479
0 0.011570 0.018610 -0.019835 -0.032258
0 0.011570 0.018610 -0.019835 -0.032258
0 0.024793 0.037221 -0.042975 -0.069479
0 0.012397 0.018610 -0.018182 -0.032258
0 0.011570 0.018610 -0.019835 -0.032258
0 0.011570 0.018610 -0.019835 -0.032258
0 0.011570 0.018610 -0.019835 -0.032258
0 0.011570 0.018610 -0.019835 -0.032258
0 0.023967 0.037221 -0.044628 -0.069479
0 0.011570 0.018610 -0.019835 -0.032258
0 0.023967 0.037221 -0.044628 -0.069479
0 0.011570 0.018610 -0.019835 -0.032258
0 0.011570 0.018610 -0.019835 -0.032258
0 0.011570 0.018610 -0.019835 -0.032258
0 0.011570 0.018610 -0.019835 -0.032258
0 0.023967 0.037221 -0.044628 -0.069479
0 0.023967 0.037221 -0.044628 -0.069479
0 0.023967 0.037221 -0.044628 -0.069479
0 0.011570 0.018610 -0.019835 -0.032258
0 0.011570 0.018610 -0.019835 -0.032258
0 0.011570 0.018610 -0.019835 -0.032258
0 0.011570 0.018610 -0.019835 -0.032258
0 0.011570 0.018610 -0.019835 -0.032258
0 0.023967 0.037221 -0.044628 -0.069479
0 0.011570 0.018610 -0.019835 -0.032258
0 0.011570 0.018610 -0.019835 -0.032258
0 0.066942 0.095533 -0.130579 -0.186104
0 0.024793 0.037221 -0.042975 -0.069479
0 0.011570 0.018610 -0.019835 -0.032258
0 0.066942 0.095533 -0.130579 -0.186104
0 0.023967 0.037221 -0.044628 -0.069479
0 0.023967 0.037221 -0.044628 -0.069479
0 0.023967 0.037221 -0.044628 -0.069479
0 0.023967 0.037221 -0.044628 -0.069479
0 0.066942 0.095533 -0.130579 -0.186104
0 0.012397 0.018610 -0.018182 -0.032258
0 0.024793 0.037221 -0.042975 -0.069479
0 0.011570 0.018610 -0.019835 -0.032258
0 0.011570 0.018610 -0.019835 -0.032258
0 0.011570 0.018610 -0.019835 -0.032258
0 0.023967 0.037221 -0.044628 -0.069479
0 0.023967 0.037221 -0.044628 -0.069479
0 0.011570 0.018610 -0.019835 -0.032258
0 0.011570 0.018610 -0.019835 -0.032258
0 0.023967 0.037221 -0.044628 -0.069479
0 0.066942 0.095533 -0.130579 -0.186104
0 0.011570 0.018610 -0.019835 -0.032258
0 0.023967 0.037221 -0.044628 -0.069479
0 0.023967 0.037221 -0.044628 -0.069479
0 0.023967 0.037221 -0.044628 -0.069479
0 0.023967 0.037221 -0.044628 -0.069479
0 0.011570 0.018610 -0.019835 -0.032258
0 0.066942 0.095533 -0.130579 -0.186104
0 0.011570 0.018610 -0.019835 -0.032258