0 0.001442 0.001709 -0.000962 0.000000
0 0.004327 0.009402 -0.006731 -0.015385
0 0.004327 0.009402 -0.006731 -0.015385
0 0.001442 0.001709 -0.000962 0.000000
0 0.003846 0.008547 -0.005769 -0.013675
0 0.015385 0.028205 -0.028846 -0.056410
0 0.004327 0.009402 -0.006731 -0.015385
0 0.015385 0.028205 -0.028846 -0.056410
0 0.015385 0.028205 -0.028846 -0.056410
0 0.009135 0.019658 -0.016346 -0.035897
0 0.009135 0.019658 -0.016346 -0.035897
0 0.003846 0.008547 -0.005769 -0.013675
0 0.001442 0.001709 -0.000962 0.000000
0 0.015385 0.028205 -0.028846 -0.056410
0 0.004327 0.006838 -0.006731 -0.010256
0 0.009135 0.019658 -0.016346 -0.035897
0 0.001442 0.001709 -0.000962 0.000000
0 0.001442 0.001709 -0.000962 0.000000
0 0.010577 0.022222 -0.019231 -0.041026
0 0.003846 0.008547 -0.005769 -0.013675
0 0.004327 0.009402 -0.006731 -0.015385
0 0.012500 0.025641 -0.023077 -0.051282
0 0.003846 0.008547 -0.005769 -0.013675
0 0.003846 0.008547 -0.005769 -0.013675
0 0.012981 0.026496 -0.022115 -0.049573
0 0.001442 0.001709 -0.000962 0.000000
0 0.001442 0.001709 -0.000962 0.000000
0 0.012500 0.025641 -0.023077 -0.051282
0 0.003846 0.008547 -0.005769 -0.013675
0 0.003846 0.008547 -0.005769 -0.013675
0 0.001442 0.001709 -0.000962 0.000000
0 0.003846 0.008547 -0.005769 -0.013675
0 0.012500 0.025641 -0.023077 -0.051282
0 0.003846 0.008547 -0.005769 -0.013675
0 0.001442 0.001709 -0.000962 0.000000
0 0.001442 0.001709 -0.000962 0.000000
0 0.004327 0.009402 -0.006731 -0.015385
0 0.009135 0.019658 -0.016346 -0.035897
0 0.009135 0.019658 -0.016346 -0.035897
0 0.001442 0.001709 -0.000962 0.000000
0 0.012500 0.025641 -0.023077 -0.051282
0 0.015385 0.028205 -0.028846 -0.056410
0 0.001442 0.001709 -0.000962 0.000000
0 0.015385 0.028205 -0.028846 -0.056410
0 0.009135 0.019658 -0.016346 -0.035897
0 0.009135 0.019658 -0.016346 -0.035897
0 0.007692 0.017094 -0.013462 -0.030769
0 0.012981 0.025641 -0.022115 -0.051282
0 0.009135 0.019658 -0.016346 -0.035897
0 0.009135 0.019658 -0.016346 -0.035897
0 0.012981 0.023932 -0.024038 -0.047863
0 0.012500 0.025641 -0.023077 -0.051282
0 0.001442 0.001709 -0.000962 0.000000
0 0.015385 0.028205 -0.028846 -0.056410
0 0.010577 0.021368 -0.019231 -0.042735
0 0.012500 0.025641 -0.023077 -0.051282
0 0.012500 0.025641 -0.023077 -0.051282
0 0.001442 0.001709 -0.000962 0.000000
0 0.012981 0.023932 -0.024038 -0.047863
0 0.007692 0.017094 -0.013462 -0.030769
0 0.001442 0.001709 -0.000962 0.000000
0 0.001442 0.001709 -0.000962 0.000000
0 0.009135 0.019658 -0.016346 -0.035897
0 0.015385 0.028205 -0.028846 -0.056410
0 0.004327 0.009402 -0.006731 -0.015385
0 0.015385 0.028205 -0.028846 -0.056410
0 0.008173 0.017094 -0.012500 -0.030769
0 0.001442 0.001709 -0.000962 0.000000
0 0.009135 0.019658 -0.016346 -0.035897
0 0.004327 0.006838 -0.006731 -0.010256
0 0.001442 0.001709 -0.000962 0.000000
0 0.015385 0.028205 -0.028846 -0.056410
0 0.007692 0.017094 -0.013462 -0.030769
0 0.009135 0.019658 -0.016346 -0.035897
0 0.003846 0.008547 -0.005769 -0.013675
0 0.001442 0.001709 -0.000962 0.000000
0 0.012981 0.023932 -0.024038 -0.047863
0 0.015385 0.028205 -0.028846 -0.056410
0 0.003846 0.008547 -0.005769 -0.013675
0 0.009135 0.019658 -0.016346 -0.035897
0 0.001442 0.001709 -0.000962 0.000000
0 0.009135 0.019658 -0.016346 -0.035897
0 0.001442 0.001709 -0.000962 0.000000
0 0.001442 0.001709 -0.000962 0.000000
0 0.004327 0.009402 -0.006731 -0.015385
0 0.015385 0.028205 -0.028846 -0.056410
0 0.012500 0.026496 -0.023077 -0.049573
0 0.001442 0.001709 -0.000962 0.000000
0 0.007692 0.017094 -0.013462 -0.030769
0 0.009135 0.019658 -0.016346 -0.035897
0 0.009135 0.018803 -0.016346 -0.037607
0 0.012500 0.025641 -0.023077 -0.051282
0 0.009135 0.019658 -0.016346 -0.035897
0 0.001442 0.001709 -0.000962 0.000000
0 0.001442 0.001709 -0.000962 0.000000
0 0.001442 0.001709 -0.000962 0.000000
0 0.001442 0.001709 -0.000962 0.000000
0 0.003846 0.008547 -0.005769 -0.013675
0 0.001442 0.001709 -0.000962 0.000000
0 0.001442 0.001709 -0.000962 0.000000
0 0.012500 0.025641 -0.023077 -0.051282
0 0.009135 0.019658 -0.016346 -0.035897
0 0.009135 0.019658 -0.016346 -0.035897
0 0.004327 0.009402 -0.006731 -0.015385
0 0.001442 0.001709 -0.000962 0.000000
0 0.003846 0.008547 -0.005769 -0.013675
0 0.009135 0.019658 -0.016346 -0.035897
0 0.015385 0.028205 -0.028846 -0.056410
0 0.009135 0.019658 -0.016346 -0.035897
0 0.001442 0.001709 -0.000962 0.000000
0 0.001442 0.001709 -0.000962 0.000000
0 0.003846 0.008547 -0.005769 -0.013675
0 0.009135 0.019658 -0.016346 -0.035897
0 0.001442 0.001709 -0.000962 0.000000
0 0.001442 0.001709 -0.000962 0.000000
0 0.001442 0.001709 -0.000962 0.000000
0 0.003846 0.008547 -0.005769 -0.013675
0 0.001442 0.001709 -0.000962 0.000000
0 0.015385 0.028205 -0.028846 -0.056410
0 0.004327 0.009402 -0.006731 -0.015385
0 0.001442 0.001709 -0.000962 0.000000
0 0.001442 0.001709 -0.000962 0.000000
0 0.012981 0.023932 -0.024038 -0.047863
0 0.009135 0.019658 -0.016346 -0.035897
0 0.001442 0.001709 -0.000962 0.000000
0 0.001442 0.001709 -0.000962 0.000000
0 0.001442 0.001709 -0.000962 0.000000
0 0.001442 0.001709 -0.000962 0.000000
0 0.001442 0.001709 -0.000962 0.000000
0 0.009135 0.019658 -0.016346 -0.035897
0 0.009135 0.019658 -0.016346 -0.035897
0 0.009135 0.019658 -0.016346 -0.035897
0 0.001442 0.001709 -0.000962 0.000000
0 0.003846 0.008547 -0.005769 -0.013675
0 0.001442 0.001709 -0.000962 0.000000
0 0.004327 0.009402 -0.006731 -0.015385
0 0.001442 0.001709 -0.000962 0.000000
0 0.001442 0.001709 -0.000962 0.000000
0 0.015385 0.028205 -0.028846 -0.056410
0 0.001442 0.001709 -0.000962 0.000000
0 0.001442 0.001709 -0.000962 0.000000
0 0.015385 0.028205 -0.028846 -0.056410
0 0.001442 0.001709 -0.000962 0.000000
0 0.015385 0.028205 -0.028846 -0.056410
0 0.001442 0.001709 -0.000962 0.000000
0 0.004327 0.009402 -0.006731 -0.015385
0 0.001442 0.001709 -0.000962 0.000000
0 0.003846 0.008547 -0.005769 -0.013675
0 0.001442 0.001709 -0.000962 0.000000
0 0.015385 0.028205 -0.028846 -0.056410
0 0.001442 0.001709 -0.000962 0.000000
0 0.012981 0.023932 -0.024038 -0.047863
0 0.009135 0.019658 -0.016346 -0.035897
0 0.009135 0.019658 -0.016346 -0.035897
0 0.001442 0.001709 -0.000962 0.000000
0 0.001442 0.001709 -0.000962 0.000000
0 0.009135 0.019658 -0.016346 -0.035897
0 0.009135 0.019658 -0.016346 -0.035897
0 0.009135 0.018803 -0.016346 -0.037607
0 0.003846 0.008547 -0.005769 -0.013675
0 0.003846 0.008547 -0.005769 -0.013675
0 0.001442 0.001709 -0.000962 0.000000
0 0.009135 0.019658 -0.016346 -0.035897
0 0.012500 0.025641 -0.023077 -0.051282
0 0.015385 0.028205 -0.028846 -0.056410
0 0.004327 0.006838 -0.006731 -0.010256
0 0.001442 0.001709 -0.000962 0.000000
0 0.003846 0.008547 -0.005769 -0.013675
0 0.003846 0.008547 -0.005769 -0.013675
0 0.009135 0.019658 -0.016346 -0.035897
0 0.001442 0.001709 -0.000962 0.000000
0 0.015865 0.028205 -0.027885 -0.056410
0 0.009615 0.018803 -0.015385 -0.037607
0 0.009135 0.019658 -0.016346 -0.035897
0 0.004327 0.009402 -0.006731 -0.015385
0 0.009135 0.019658 -0.016346 -0.035897
0 0.001442 0.001709 -0.000962 0.000000
0 0.009135 0.019658 -0.016346 -0.035897
0 0.001442 0.001709 -0.000962 0.000000
0 0.012500 0.025641 -0.023077 -0.051282
0 0.004327 0.009402 -0.006731 -0.015385
0 0.015385 0.028205 -0.028846 -0.056410
0 0.012500 0.025641 -0.023077 -0.051282
0 0.004327 0.009402 -0.006731 -0.015385
0 0.001442 0.001709 -0.000962 0.000000
0 0.004327 0.009402 -0.006731 -0.015385
0 0.001442 0.001709 -0.000962 0.000000
0 0.001442 0.001709 -0.000962 0.000000
0 0.015385 0.028205 -0.028846 -0.056410
0 0.009135 0.019658 -0.016346 -0.035897
0 0.015385 0.028205 -0.028846 -0.056410
0 0.015385 0.028205 -0.028846 -0.056410
0 0.003846 0.008547 -0.005769 -0.013675
0 0.012500 0.025641 -0.023077 -0.051282
0 0.003846 0.008547 -0.005769 -0.013675
0 0.004327 0.009402 -0.006731 -0.015385
0 0.007692 0.017094 -0.013462 -0.030769
0 0.003846 0.008547 -0.005769 -0.013675
0 0.004327 0.009402 -0.006731 -0.015385
0 0.004327 0.009402 -0.006731 -0.015385
0 0.009135 0.019658 -0.016346 -0.035897
0 0.009135 0.019658 -0.016346 -0.035897
0 0.001442 0.001709 -0.000962 0.000000
0 0.009135 0.019658 -0.016346 -0.035897
0 0.015385 0.028205 -0.028846 -0.056410
0 0.004327 0.009402 -0.006731 -0.015385
0 0.003846 0.008547 -0.005769 -0.013675
0 0.009135 0.018803 -0.016346 -0.037607
0 0.001442 0.001709 -0.000962 0.000000
0 0.001442 0.001709 -0.000962 0.000000
0 0.015385 0.028205 -0.028846 -0.056410
0 0.012500 0.025641 -0.023077 -0.051282
0 0.015385 0.028205 -0.028846 -0.056410
0 0.009135 0.019658 -0.016346 -0.035897
0 0.009135 0.018803 -0.016346 -0.037607
0 0.001442 0.001709 -0.000962 0.000000
0 0.009135 0.019658 -0.016346 -0.035897
0 0.008173 0.017094 -0.012500 -0.030769
0 0.001442 0.001709 -0.000962 0.000000
0 0.009135 0.019658 -0.016346 -0.035897
0 0.001442 0.001709 -0.000962 0.000000
0 0.001442 0.001709 -0.000962 0.000000
0 0.015385 0.028205 -0.028846 -0.056410
0 0.009135 0.019658 -0.016346 -0.035897
0 0.004327 0.009402 -0.006731 -0.015385
0 0.009135 0.019658 -0.016346 -0.035897
0 0.003846 0.008547 -0.005769 -0.013675
0 0.004327 0.009402 -0.006731 -0.015385
0 0.003846 0.008547 -0.005769 -0.013675
0 0.009135 0.019658 -0.016346 -0.035897
0 0.001442 0.001709 -0.000962 0.000000
0 0.009135 0.019658 -0.016346 -0.035897
0 0.004327 0.009402 -0.006731 -0.015385
0 0.015385 0.028205 -0.028846 -0.056410
0 0.001442 0.001709 -0.000962 0.000000
0 0.001442 0.001709 -0.000962 0.000000
0 0.009135 0.019658 -0.016346 -0.035897
0 0.004327 0.009402 -0.006731 -0.015385
0 0.003846 0.008547 -0.005769 -0.013675
0 0.009135 0.019658 -0.016346 -0.035897
0 0.004327 0.009402 -0.006731 -0.015385
0 0.048077 0.094872 -0.094231 -0.189744
0 0.004327 0.009402 -0.006731 -0.015385
0 0.001442 0.005983 -0.000962 -0.008547
0 0.009135 0.019658 -0.016346 -0.035897
0 0.015385 0.028205 -0.028846 -0.056410
0 0.003846 0.008547 -0.005769 -0.013675
0 0.003846 0.008547 -0.005769 -0.013675
0 0.004327 0.009402 -0.006731 -0.015385
0 0.001442 0.001709 -0.000962 0.000000
0 0.001442 0.001709 -0.000962 0.000000
0 0.001442 0.001709 -0.000962 0.000000
0 0.001442 0.001709 -0.000962 0.000000
0 0.001442 0.001709 -0.000962 0.000000
0 0.012981 0.023932 -0.024038 -0.047863
0 0.009135 0.019658 -0.016346 -0.035897
0 0.001442 0.001709 -0.000962 0.000000
0 0.001442 0.001709 -0.000962 0.000000
0 0.001442 0.001709 -0.000962 0.000000
0 0.004327 0.009402 -0.006731 -0.015385
0 0.003846 0.008547 -0.005769 -0.013675
0 0.001442 0.001709 -0.000962 0.000000
0 0.004327 0.009402 -0.006731 -0.015385
0 0.009135 0.019658 -0.016346 -0.035897
0 0.001442 0.001709 -0.000962 0.000000
0 0.001442 0.001709 -0.000962 0.000000
0 0.009135 0.018803 -0.016346 -0.037607
0 0.015385 0.028205 -0.028846 -0.056410
0 0.003846 0.008547 -0.005769 -0.013675
0 0.001442 0.001709 -0.000962 0.000000
0 0.004327 0.009402 -0.006731 -0.015385
0 0.001442 0.001709 -0.000962 0.000000
0 0.001442 0.001709 -0.000962 0.000000
0 0.001442 0.001709 -0.000962 0.000000
0 0.015385 0.028205 -0.028846 -0.056410
0 0.015385 0.028205 -0.028846 -0.056410
0 0.001442 0.001709 -0.000962 0.000000
0 0.015865 0.028205 -0.027885 -0.056410
0 0.012500 0.025641 -0.023077 -0.051282
0 0.009135 0.019658 -0.016346 -0.035897
0 0.003846 0.008547 -0.005769 -0.013675
0 0.004327 0.009402 -0.006731 -0.015385
0 0.001442 0.001709 -0.000962 0.000000
0 0.003846 0.008547 -0.005769 -0.013675
0 0.001442 0.001709 -0.000962 0.000000
0 0.001442 0.001709 -0.000962 0.000000
0 0.009135 0.019658 -0.016346 -0.035897
0 0.001442 0.005983 -0.000962 -0.008547
0 0.001442 0.001709 -0.000962 0.000000
0 0.009135 0.019658 -0.016346 -0.035897
0 0.001442 0.001709 -0.000962 0.000000
0 0.001442 0.001709 -0.000962 0.000000
0 0.012500 0.025641 -0.023077 -0.051282
0 0.001442 0.001709 -0.000962 0.000000
0 0.009135 0.019658 -0.016346 -0.035897
0 0.001442 0.001709 -0.000962 0.000000
0 0.015385 0.028205 -0.028846 -0.056410
0 0.009135 0.019658 -0.016346 -0.035897