0 0.006510 0.016204 -0.011979 -0.030556
0 0.007292 0.012963 -0.013542 -0.024074
0 0.016146 0.029167 -0.031250 -0.058333
0 0.008594 0.017593 -0.016146 -0.033333
0 0.007292 0.012963 -0.013542 -0.024074
0 0.006510 0.015741 -0.011979 -0.031481
0 0.007292 0.012963 -0.013542 -0.024074
0 0.009896 0.018519 -0.018750 -0.037037
0 0.005729 0.012500 -0.010417 -0.023148
0 0.005469 0.013426 -0.009896 -0.025000
0 0.010156 0.020833 -0.019271 -0.039815
0 0.006510 0.016204 -0.011979 -0.030556
0 0.005469 0.014815 -0.009896 -0.029630
0 0.013281 0.012963 -0.025521 -0.024074
0 0.006771 0.014815 -0.012500 -0.027778
0 0.016146 0.029167 -0.031250 -0.058333
0 0.006771 0.014815 -0.012500 -0.027778
0 0.006510 0.016204 -0.011979 -0.030556
0 0.005469 0.015278 -0.009896 -0.028704
0 0.006510 0.016204 -0.011979 -0.030556
0 0.005469 0.014815 -0.009896 -0.029630
0 0.016146 0.029167 -0.031250 -0.058333
0 0.013021 0.020370 -0.025000 -0.038889
0 0.005469 0.013426 -0.009896 -0.025000
0 0.005469 0.013426 -0.009896 -0.025000
0 0.005469 0.014815 -0.009896 -0.029630
0 0.007292 0.012963 -0.013542 -0.024074
0 0.007292 0.012963 -0.013542 -0.024074
0 0.007292 0.012963 -0.013542 -0.024074
0 0.006771 0.014815 -0.012500 -0.027778
0 0.005469 0.014815 -0.009896 -0.029630
0 0.006771 0.014815 -0.012500 -0.027778
0 0.007292 0.012963 -0.013542 -0.024074
0 0.022396 0.050926 -0.043750 -0.101852
0 0.006510 0.016204 -0.011979 -0.030556
0 0.009896 0.018519 -0.018750 -0.037037
0 0.009896 0.018981 -0.018750 -0.036111
0 0.013281 0.012963 -0.025521 -0.024074
0 0.005469 0.013426 -0.009896 -0.025000
0 0.006771 0.014352 -0.012500 -0.028704
0 0.007292 0.012963 -0.013542 -0.024074
0 0.016146 0.029167 -0.031250 -0.058333
0 0.009896 0.018981 -0.018750 -0.036111
0 0.010156 0.020833 -0.019271 -0.039815
0 0.016146 0.029167 -0.031250 -0.058333
0 0.005469 0.013426 -0.009896 -0.025000
0 0.010156 0.020833 -0.019271 -0.039815
0 0.007292 0.012963 -0.013542 -0.024074
0 0.016146 0.029167 -0.031250 -0.058333
0 0.005469 0.015278 -0.009896 -0.028704
0 0.006771 0.014815 -0.012500 -0.027778
0 0.010156 0.020833 -0.019271 -0.039815
0 0.009896 0.018519 -0.018750 -0.037037
0 0.006771 0.014352 -0.012500 -0.028704
0 0.009896 0.018981 -0.018750 -0.036111
0 0.006771 0.014815 -0.012500 -0.027778
0 0.007292 0.012963 -0.013542 -0.024074
0 0.016146 0.029167 -0.031250 -0.058333
0 0.009896 0.018981 -0.018750 -0.036111
0 0.006771 0.014815 -0.012500 -0.027778
0 0.009896 0.018519 -0.018750 -0.037037
0 0.006771 0.014815 -0.012500 -0.027778
0 0.005469 0.013426 -0.009896 -0.025000
0 0.016146 0.029167 -0.031250 -0.058333
0 0.016146 0.029167 -0.031250 -0.058333
0 0.006510 0.016204 -0.011979 -0.030556
0 0.006771 0.014815 -0.012500 -0.027778
0 0.009896 0.018519 -0.018750 -0.037037
0 0.009896 0.018981 -0.018750 -0.036111
0 0.006510 0.016204 -0.011979 -0.030556
0 0.006510 0.016204 -0.011979 -0.030556
0 0.002344 0.000463 -0.003646 0.000926
0 0.005469 0.013426 -0.009896 -0.025000
0 0.005469 0.012963 -0.009896 -0.025926
0 0.016146 0.029167 -0.031250 -0.058333
0 0.007292 0.012963 -0.013542 -0.024074
0 0.016146 0.029167 -0.031250 -0.058333
0 0.005469 0.013426 -0.009896 -0.025000
0 0.013021 0.020370 -0.025000 -0.038889
0 0.009896 0.018981 -0.018750 -0.036111
0 0.008594 0.017593 -0.016146 -0.033333
0 0.010156 0.020833 -0.019271 -0.039815
0 0.005469 0.014815 -0.009896 -0.029630
0 0.006771 0.014815 -0.012500 -0.027778
0 0.005469 0.013426 -0.009896 -0.025000
0 0.006510 0.016204 -0.011979 -0.030556