0 0.022337 0.034510 -0.043692 -0.069020
0 0.010555 0.027451 -0.020128 -0.054902
0 0.009573 0.019216 -0.018164 -0.038431
0 0.011782 0.030980 -0.022582 -0.061961
0 0.010555 0.027451 -0.020128 -0.054902
0 0.010555 0.027451 -0.020128 -0.054902
0 0.022337 0.034510 -0.043692 -0.069020
0 0.004909 0.014510 -0.008837 -0.029020
0 0.010555 0.027451 -0.020128 -0.054902
0 0.011782 0.030980 -0.022582 -0.061961
0 0.011782 0.030980 -0.022582 -0.061961
0 0.010555 0.027451 -0.020128 -0.054902
0 0.010555 0.027451 -0.020128 -0.054902
0 0.011782 0.030980 -0.022582 -0.061961
0 0.022337 0.034510 -0.043692 -0.069020
0 0.022337 0.034510 -0.043692 -0.069020
0 0.025282 0.041176 -0.049583 -0.082353
0 0.004909 0.014510 -0.008837 -0.029020
0 0.010800 0.028235 -0.020619 -0.056471
0 0.025282 0.041176 -0.049583 -0.082353
0 0.004909 0.014510 -0.008837 -0.029020
0 0.010555 0.027451 -0.020128 -0.054902
0 0.011782 0.030980 -0.022582 -0.061961
0 0.022337 0.034510 -0.043692 -0.069020
0 0.010555 0.027451 -0.020128 -0.054902
0 0.022337 0.034510 -0.043692 -0.069020
0 0.022337 0.034510 -0.043692 -0.069020
0 0.011782 0.030980 -0.022582 -0.061961
0 0.022337 0.034510 -0.043692 -0.069020
0 0.010555 0.027451 -0.020128 -0.054902
0 0.010555 0.027451 -0.020128 -0.054902
0 0.025282 0.041176 -0.049583 -0.082353
0 0.011782 0.030980 -0.022582 -0.061961
0 0.025282 0.041176 -0.049583 -0.082353
0 0.010555 0.027451 -0.020128 -0.054902
0 0.010555 0.027451 -0.020128 -0.054902
0 0.010555 0.027451 -0.020128 -0.054902
0 0.025282 0.041176 -0.049583 -0.082353
0 0.011782 0.030980 -0.022582 -0.061961
0 0.022337 0.034510 -0.043692 -0.069020
0 0.010555 0.027451 -0.020128 -0.054902
0 0.022337 0.034510 -0.043692 -0.069020
0 0.025282 0.041176 -0.049583 -0.082353
0 0.011782 0.030980 -0.022582 -0.061961
0 0.010555 0.027451 -0.020128 -0.054902
0 0.010555 0.027451 -0.020128 -0.054902
0 0.017919 0.038824 -0.034855 -0.077647
0 0.010555 0.027451 -0.020128 -0.054902
0 0.010555 0.027451 -0.020128 -0.054902
0 0.010555 0.027451 -0.020128 -0.054902
0 0.025282 0.041176 -0.049583 -0.082353
0 0.004909 0.014510 -0.008837 -0.029020
0 0.011782 0.030980 -0.022582 -0.061961
0 0.011782 0.030980 -0.022582 -0.061961
0 0.025282 0.041176 -0.049583 -0.082353
0 0.010555 0.027451 -0.020128 -0.054902
0 0.011782 0.030980 -0.022582 -0.061961