0 0.002010 0.004913 -0.003518 -0.009826
0 0.002010 0.004913 -0.003518 -0.009826
0 0.002010 0.004913 -0.003518 -0.009826
0 0.003141 0.006476 -0.005779 -0.012952
0 0.002010 0.004913 -0.003518 -0.009826
0 0.002010 0.004913 -0.003518 -0.009826
0 0.003141 0.006476 -0.005779 -0.012952
0 0.003392 0.006476 -0.006281 -0.012952
0 0.002010 0.004913 -0.003518 -0.009826
0 0.001884 0.003350 -0.003266 -0.006699
0 0.002764 0.006253 -0.005025 -0.012506
0 0.002010 0.004913 -0.003518 -0.009826
0 0.002010 0.004913 -0.003518 -0.009826
0 0.005528 0.012729 -0.010553 -0.025458
0 0.002010 0.004913 -0.003518 -0.009826
0 0.003643 0.008709 -0.006784 -0.017418
0 0.002010 0.004913 -0.003518 -0.009826
0 0.002010 0.004913 -0.003518 -0.009826
0 0.003392 0.006476 -0.006281 -0.012952
0 0.002010 0.004913 -0.003518 -0.009826
0 0.002010 0.004913 -0.003518 -0.009826
0 0.003141 0.006476 -0.005779 -0.012952
0 0.002010 0.004913 -0.003518 -0.009826
0 0.003141 0.006476 -0.005779 -0.012952
0 0.001884 0.004466 -0.003266 -0.008933
0 0.001884 0.003350 -0.003266 -0.006699
0 0.002010 0.004913 -0.003518 -0.009826
0 0.003392 0.006476 -0.006281 -0.012952
0 0.005528 0.012729 -0.010553 -0.025458
0 0.002010 0.004913 -0.003518 -0.009826
0 0.003141 0.006476 -0.005779 -0.012952
0 0.005528 0.012729 -0.010553 -0.025458
0 0.005528 0.012729 -0.010553 -0.025458
0 0.003141 0.006476 -0.005779 -0.012952
0 0.003141 0.006476 -0.005779 -0.012952
0 0.002010 0.004913 -0.003518 -0.009826
0 0.002010 0.004913 -0.003518 -0.009826
0 0.002010 0.004913 -0.003518 -0.009826
0 0.002010 0.004913 -0.003518 -0.009826
0 0.004146 0.008933 -0.007789 -0.017865
0 0.002010 0.004913 -0.003518 -0.009826
0 0.002010 0.004913 -0.003518 -0.009826
0 0.003141 0.006476 -0.005779 -0.012952
0 0.002010 0.004913 -0.003518 -0.009826
0 0.001884 0.003350 -0.003266 -0.006699
0 0.004146 0.008933 -0.007789 -0.017865
0 0.001884 0.004020 -0.003266 -0.008039
0 0.002010 0.004913 -0.003518 -0.009826
0 0.002010 0.004913 -0.003518 -0.009826
0 0.002136 0.004913 -0.003266 -0.009826
0 0.002764 0.006253 -0.005025 -0.012506
0 0.003643 0.008709 -0.006784 -0.017418
0 0.003141 0.006476 -0.005779 -0.012952
0 0.003141 0.006476 -0.005779 -0.012952
0 0.003141 0.006476 -0.005779 -0.012952
0 0.001884 0.003350 -0.003266 -0.006699
0 0.002010 0.004913 -0.003518 -0.009826
0 0.003141 0.006476 -0.005779 -0.012952
0 0.003392 0.006476 -0.006281 -0.012952
0 0.004146 0.008933 -0.007789 -0.017865
0 0.002010 0.004913 -0.003518 -0.009826
0 0.003141 0.006476 -0.005779 -0.012952
0 0.005528 0.012729 -0.010553 -0.025458
0 0.002010 0.004913 -0.003518 -0.009826
0 0.002010 0.004913 -0.003518 -0.009826
0 0.002010 0.004913 -0.003518 -0.009826
0 0.003141 0.006476 -0.005779 -0.012952
0 0.002010 0.004913 -0.003518 -0.009826
0 0.002764 0.006253 -0.005025 -0.012506
0 0.002764 0.006253 -0.005025 -0.012506
0 0.002010 0.004913 -0.003518 -0.009826
0 0.002010 0.004913 -0.003518 -0.009826
0 0.003141 0.006476 -0.005779 -0.012952
0 0.002010 0.004913 -0.003518 -0.009826
0 0.002010 0.004913 -0.003518 -0.009826
0 0.002010 0.004913 -0.003518 -0.009826
0 0.002010 0.004913 -0.003518 -0.009826
0 0.002010 0.004913 -0.003518 -0.009826
0 0.002010 0.004913 -0.003518 -0.009826
0 0.003392 0.006476 -0.006281 -0.012952
0 0.003643 0.008709 -0.006784 -0.017418
0 0.001884 0.004466 -0.003266 -0.008933
0 0.002010 0.004913 -0.003518 -0.009826
0 0.002889 0.006029 -0.005276 -0.012059
0 0.003141 0.006476 -0.005779 -0.012952
0 0.002010 0.004913 -0.003518 -0.009826
0 0.002764 0.006253 -0.005025 -0.012506
0 0.002010 0.004913 -0.003518 -0.009826
0 0.005528 0.012729 -0.010553 -0.025458
0 0.003643 0.008709 -0.006784 -0.017418
0 0.002010 0.004913 -0.003518 -0.009826
0 0.002010 0.004913 -0.003518 -0.009826
0 0.002764 0.006253 -0.005025 -0.012506
0 0.002764 0.006253 -0.005025 -0.012506
0 0.003141 0.006476 -0.005779 -0.012952
0 0.002764 0.006253 -0.005025 -0.012506
0 0.002010 0.004913 -0.003518 -0.009826
0 0.002010 0.004913 -0.003518 -0.009826
0 0.002764 0.006253 -0.005025 -0.012506
0 0.002010 0.004913 -0.003518 -0.009826
0 0.003643 0.008709 -0.006784 -0.017418
0 0.001884 0.003573 -0.003266 -0.007146
0 0.001884 0.003350 -0.003266 -0.006699
0 0.005653 0.012729 -0.010302 -0.025458
0 0.001884 0.003350 -0.003266 -0.006699
0 0.002764 0.006253 -0.005025 -0.012506
0 0.002889 0.006253 -0.004774 -0.012506
0 0.002010 0.004913 -0.003518 -0.009826
0 0.004146 0.008933 -0.007789 -0.017865
0 0.003643 0.008709 -0.006784 -0.017418
0 0.002010 0.004913 -0.003518 -0.009826
0 0.003141 0.006476 -0.005779 -0.012952
0 0.002764 0.006253 -0.005025 -0.012506
0 0.002010 0.004913 -0.003518 -0.009826
0 0.002764 0.006253 -0.005025 -0.012506
0 0.002387 0.005806 -0.004271 -0.011612
0 0.002764 0.006253 -0.005025 -0.012506
0 0.002764 0.006253 -0.005025 -0.012506
0 0.004146 0.008933 -0.007789 -0.017865
0 0.003141 0.006476 -0.005779 -0.012952
0 0.004146 0.008933 -0.007789 -0.017865
0 0.002010 0.004913 -0.003518 -0.009826
0 0.004146 0.008933 -0.007789 -0.017865
0 0.002010 0.004913 -0.003518 -0.009826
0 0.002010 0.004913 -0.003518 -0.009826
0 0.005528 0.012729 -0.010553 -0.025458
0 0.004146 0.008933 -0.007789 -0.017865
0 0.002764 0.006253 -0.005025 -0.012506
0 0.002010 0.004913 -0.003518 -0.009826
0 0.002010 0.004913 -0.003518 -0.009826
0 0.003141 0.006476 -0.005779 -0.012952
0 0.002010 0.004913 -0.003518 -0.009826
0 0.002136 0.004913 -0.003266 -0.009826
0 0.002764 0.006253 -0.005025 -0.012506
0 0.002010 0.004913 -0.003518 -0.009826
0 0.003141 0.006476 -0.005779 -0.012952
0 0.003141 0.006476 -0.005779 -0.012952
0 0.003141 0.006476 -0.005779 -0.012952
0 0.004146 0.008933 -0.007789 -0.017865
0 0.002010 0.004913 -0.003518 -0.009826
0 0.002764 0.006253 -0.005025 -0.012506
0 0.003141 0.006476 -0.005779 -0.012952
0 0.002010 0.004913 -0.003518 -0.009826
0 0.002010 0.004913 -0.003518 -0.009826
0 0.005528 0.012729 -0.010553 -0.025458
0 0.002010 0.004913 -0.003518 -0.009826
0 0.003141 0.006476 -0.005779 -0.012952
0 0.002010 0.004913 -0.003518 -0.009826
0 0.003141 0.006476 -0.005779 -0.012952
0 0.003141 0.006476 -0.005779 -0.012952
0 0.002010 0.004913 -0.003518 -0.009826
0 0.002010 0.004913 -0.003518 -0.009826
0 0.004146 0.008933 -0.007789 -0.017865
0 0.003141 0.006476 -0.005779 -0.012952
0 0.003141 0.006476 -0.005779 -0.012952
0 0.003141 0.006476 -0.005779 -0.012952
0 0.003141 0.006476 -0.005779 -0.012952
0 0.002010 0.004913 -0.003518 -0.009826
0 0.001884 0.003350 -0.003266 -0.006699
0 0.002010 0.004913 -0.003518 -0.009826
0 0.001884 0.003573 -0.003266 -0.007146
0 0.002010 0.004913 -0.003518 -0.009826
0 0.002010 0.004913 -0.003518 -0.009826
0 0.002010 0.004913 -0.003518 -0.009826
0 0.002010 0.004913 -0.003518 -0.009826
0 0.001884 0.003350 -0.003266 -0.006699
0 0.002010 0.004913 -0.003518 -0.009826
0 0.004146 0.008933 -0.007789 -0.017865
0 0.001884 0.003350 -0.003266 -0.006699
0 0.002010 0.004913 -0.003518 -0.009826
0 0.003141 0.006476 -0.005779 -0.012952
0 0.002010 0.004913 -0.003518 -0.009826
0 0.002010 0.004913 -0.003518 -0.009826
0 0.003141 0.006476 -0.005779 -0.012952
0 0.002010 0.004913 -0.003518 -0.009826
0 0.002010 0.004913 -0.003518 -0.009826
0 0.003392 0.006476 -0.006281 -0.012952
0 0.002010 0.004913 -0.003518 -0.009826
0 0.003141 0.006476 -0.005779 -0.012952
0 0.002010 0.004913 -0.003518 -0.009826
0 0.001884 0.003350 -0.003266 -0.006699
0 0.002010 0.004913 -0.003518 -0.009826
0 0.002764 0.006253 -0.005025 -0.012506
0 0.002010 0.004913 -0.003518 -0.009826
0 0.003141 0.006476 -0.005779 -0.012952
0 0.003141 0.006476 -0.005779 -0.012952
0 0.002010 0.004913 -0.003518 -0.009826
0 0.002010 0.004913 -0.003518 -0.009826
0 0.003141 0.006476 -0.005779 -0.012952
0 0.004146 0.008933 -0.007789 -0.017865
0 0.001884 0.003350 -0.003266 -0.006699
0 0.005653 0.012729 -0.010302 -0.025458
0 0.004146 0.008933 -0.007789 -0.017865
0 0.003392 0.006476 -0.006281 -0.012952
0 0.002010 0.004913 -0.003518 -0.009826
0 0.003392 0.006476 -0.006281 -0.012952
0 0.004146 0.008933 -0.007789 -0.017865
0 0.002387 0.005806 -0.004271 -0.011612
0 0.002010 0.004913 -0.003518 -0.009826
0 0.001884 0.003350 -0.003266 -0.006699
0 0.003141 0.006476 -0.005779 -0.012952
0 0.001884 0.003350 -0.003266 -0.006699
0 0.003141 0.006476 -0.005779 -0.012952
0 0.002010 0.004913 -0.003518 -0.009826
0 0.005528 0.012729 -0.010553 -0.025458
0 0.002387 0.005806 -0.004271 -0.011612
0 0.002010 0.004913 -0.003518 -0.009826
0 0.002010 0.004913 -0.003518 -0.009826
0 0.003392 0.006476 -0.006281 -0.012952
0 0.002010 0.004913 -0.003518 -0.009826
0 0.001884 0.003350 -0.003266 -0.006699
0 0.002010 0.004913 -0.003518 -0.009826
0 0.005528 0.012729 -0.010553 -0.025458
0 0.002764 0.006253 -0.005025 -0.012506
0 0.003392 0.006476 -0.006281 -0.012952
0 0.001884 0.003350 -0.003266 -0.006699
0 0.002764 0.006253 -0.005025 -0.012506
0 0.004899 0.011166 -0.009296 -0.022331
0 0.003392 0.006476 -0.006281 -0.012952
0 0.002010 0.004913 -0.003518 -0.009826
0 0.002010 0.004913 -0.003518 -0.009826
0 0.002010 0.004913 -0.003518 -0.009826
0 0.003392 0.006476 -0.006281 -0.012952
0 0.003643 0.008709 -0.006784 -0.017418
0 0.002010 0.004913 -0.003518 -0.009826
0 0.004146 0.008933 -0.007789 -0.017865
0 0.002010 0.004913 -0.003518 -0.009826
0 0.003141 0.006476 -0.005779 -0.012952
0 0.002010 0.004913 -0.003518 -0.009826
0 0.004146 0.008933 -0.007789 -0.017865
0 0.002010 0.004913 -0.003518 -0.009826
0 0.002010 0.004913 -0.003518 -0.009826
0 0.002010 0.004913 -0.003518 -0.009826
0 0.003141 0.006476 -0.005779 -0.012952
0 0.004146 0.008933 -0.007789 -0.017865
0 0.001884 0.003350 -0.003266 -0.006699
0 0.004146 0.008933 -0.007789 -0.017865
0 0.002010 0.004913 -0.003518 -0.009826
0 0.002010 0.004913 -0.003518 -0.009826
0 0.003392 0.006476 -0.006281 -0.012952
0 0.002010 0.004913 -0.003518 -0.009826
0 0.002010 0.004913 -0.003518 -0.009826
0 0.001884 0.003350 -0.003266 -0.006699
0 0.005528 0.012729 -0.010553 -0.025458
0 0.001884 0.003350 -0.003266 -0.006699
0 0.002010 0.004913 -0.003518 -0.009826
0 0.003392 0.006476 -0.006281 -0.012952
0 0.002010 0.004913 -0.003518 -0.009826
0 0.003141 0.006476 -0.005779 -0.012952
0 0.004146 0.008933 -0.007789 -0.017865
0 0.002889 0.006253 -0.004774 -0.012506
0 0.003392 0.006476 -0.006281 -0.012952
0 0.003141 0.006476 -0.005779 -0.012952
0 0.002136 0.004913 -0.003266 -0.009826
0 0.004146 0.008933 -0.007789 -0.017865
0 0.002010 0.004913 -0.003518 -0.009826
0 0.003141 0.006476 -0.005779 -0.012952
0 0.002010 0.004913 -0.003518 -0.009826
0 0.003141 0.006476 -0.005779 -0.012952
0 0.003141 0.006476 -0.005779 -0.012952
0 0.002010 0.004913 -0.003518 -0.009826
0 0.003141 0.006476 -0.005779 -0.012952
0 0.002764 0.006253 -0.005025 -0.012506
0 0.002010 0.004913 -0.003518 -0.009826
0 0.004146 0.008933 -0.007789 -0.017865
0 0.002387 0.005806 -0.004271 -0.011612
0 0.003392 0.006476 -0.006281 -0.012952
0 0.004146 0.008933 -0.007789 -0.017865
0 0.002010 0.004913 -0.003518 -0.009826
0 0.002010 0.004913 -0.003518 -0.009826
0 0.003643 0.008709 -0.006784 -0.017418
0 0.003141 0.006476 -0.005779 -0.012952
0 0.001884 0.003350 -0.003266 -0.006699
0 0.002010 0.004913 -0.003518 -0.009826
0 0.002136 0.004913 -0.003266 -0.009826
0 0.005528 0.012729 -0.010553 -0.025458
0 0.005528 0.012729 -0.010553 -0.025458
0 0.002010 0.004913 -0.003518 -0.009826
0 0.002010 0.004913 -0.003518 -0.009826
0 0.001884 0.003350 -0.003266 -0.006699
0 0.004146 0.008933 -0.007789 -0.017865
0 0.004146 0.008933 -0.007789 -0.017865
0 0.002010 0.004913 -0.003518 -0.009826
0 0.002010 0.004913 -0.003518 -0.009826
0 0.003141 0.006476 -0.005779 -0.012952
0 0.003643 0.008709 -0.006784 -0.017418
0 0.003643 0.008709 -0.006784 -0.017418
0 0.002010 0.004913 -0.003518 -0.009826
0 0.001884 0.003350 -0.003266 -0.006699
0 0.003141 0.006476 -0.005779 -0.012952
0 0.003643 0.008709 -0.006784 -0.017418
0 0.004271 0.009603 -0.008040 -0.019205
0 0.003643 0.008709 -0.006784 -0.017418
0 0.001884 0.003350 -0.003266 -0.006699
0 0.003392 0.006476 -0.006281 -0.012952
0 0.002010 0.004913 -0.003518 -0.009826
0 0.002010 0.004913 -0.003518 -0.009826
0 0.004146 0.008933 -0.007789 -0.017865
0 0.002010 0.004913 -0.003518 -0.009826
0 0.005528 0.012729 -0.010553 -0.025458
0 0.002010 0.004913 -0.003518 -0.009826
0 0.002010 0.004913 -0.003518 -0.009826
0 0.005528 0.012729 -0.010553 -0.025458
0 0.003643 0.008709 -0.006784 -0.017418
0 0.002764 0.006253 -0.005025 -0.012506
0 0.003141 0.006476 -0.005779 -0.012952
0 0.002764 0.006699 -0.005025 -0.013399
0 0.005528 0.012729 -0.010553 -0.025458
0 0.002010 0.004913 -0.003518 -0.009826
0 0.002010 0.004913 -0.003518 -0.009826
0 0.002764 0.006253 -0.005025 -0.012506
0 0.002010 0.004913 -0.003518 -0.009826
0 0.002764 0.006253 -0.005025 -0.012506
0 0.002010 0.004913 -0.003518 -0.009826
0 0.002010 0.004913 -0.003518 -0.009826
0 0.002010 0.004913 -0.003518 -0.009826
0 0.002010 0.004913 -0.003518 -0.009826
0 0.002010 0.004913 -0.003518 -0.009826
0 0.002010 0.004913 -0.003518 -0.009826
0 0.002010 0.004913 -0.003518 -0.009826
0 0.003141 0.006476 -0.005779 -0.012952
0 0.002764 0.006699 -0.005025 -0.013399
0 0.003392 0.006476 -0.006281 -0.012952
0 0.002010 0.004913 -0.003518 -0.009826
0 0.003141 0.006476 -0.005779 -0.012952
0 0.002010 0.004913 -0.003518 -0.009826
0 0.002010 0.004913 -0.003518 -0.009826
0 0.002010 0.004913 -0.003518 -0.009826
0 0.002764 0.006253 -0.005025 -0.012506
0 0.003141 0.006476 -0.005779 -0.012952
0 0.003643 0.008709 -0.006784 -0.017418
0 0.002010 0.004913 -0.003518 -0.009826
0 0.003643 0.008039 -0.006784 -0.016079
0 0.002010 0.004913 -0.003518 -0.009826
0 0.002010 0.004913 -0.003518 -0.009826
0 0.002010 0.004913 -0.003518 -0.009826
0 0.002010 0.004913 -0.003518 -0.009826
0 0.003141 0.006476 -0.005779 -0.012952
0 0.003643 0.008709 -0.006784 -0.017418
0 0.003392 0.006476 -0.006281 -0.012952
0 0.002010 0.004913 -0.003518 -0.009826
0 0.003141 0.006476 -0.005779 -0.012952
0 0.003141 0.006476 -0.005779 -0.012952
0 0.005528 0.012729 -0.010553 -0.025458
0 0.003392 0.006476 -0.006281 -0.012952
0 0.005528 0.012729 -0.010553 -0.025458
0 0.002010 0.004913 -0.003518 -0.009826
0 0.002010 0.004913 -0.003518 -0.009826
0 0.003141 0.006476 -0.005779 -0.012952
0 0.002764 0.006253 -0.005025 -0.012506
0 0.003392 0.006476 -0.006281 -0.012952
0 0.002010 0.004913 -0.003518 -0.009826
0 0.002010 0.004913 -0.003518 -0.009826
0 0.002010 0.004913 -0.003518 -0.009826
0 0.002010 0.004913 -0.003518 -0.009826
0 0.002010 0.004913 -0.003518 -0.009826
0 0.003643 0.008709 -0.006784 -0.017418
0 0.002010 0.004913 -0.003518 -0.009826
0 0.001884 0.003350 -0.003266 -0.006699
0 0.002764 0.006253 -0.005025 -0.012506
0 0.001884 0.003350 -0.003266 -0.006699
0 0.002010 0.004913 -0.003518 -0.009826
0 0.002010 0.004913 -0.003518 -0.009826
0 0.003392 0.006476 -0.006281 -0.012952
0 0.002010 0.004913 -0.003518 -0.009826
0 0.004146 0.008933 -0.007789 -0.017865
0 0.002764 0.006253 -0.005025 -0.012506
0 0.002010 0.004913 -0.003518 -0.009826
0 0.003141 0.006476 -0.005779 -0.012952
0 0.003643 0.008709 -0.006784 -0.017418
0 0.004146 0.008933 -0.007789 -0.017865
0 0.001884 0.003350 -0.003266 -0.006699
0 0.004146 0.008933 -0.007789 -0.017865
0 0.002010 0.004913 -0.003518 -0.009826
0 0.002010 0.004913 -0.003518 -0.009826
0 0.002010 0.004913 -0.003518 -0.009826
0 0.003392 0.006476 -0.006281 -0.012952
0 0.002010 0.004913 -0.003518 -0.009826
0 0.005528 0.012729 -0.010553 -0.025458
0 0.003643 0.008709 -0.006784 -0.017418
0 0.002010 0.004913 -0.003518 -0.009826
0 0.002010 0.004913 -0.003518 -0.009826
0 0.002010 0.004913 -0.003518 -0.009826
0 0.003141 0.006476 -0.005779 -0.012952
0 0.002010 0.004913 -0.003518 -0.009826
0 0.001884 0.003350 -0.003266 -0.006699
0 0.002010 0.004913 -0.003518 -0.009826
0 0.002010 0.004913 -0.003518 -0.009826
0 0.002010 0.004913 -0.003518 -0.009826
0 0.002764 0.006253 -0.005025 -0.012506
0 0.002010 0.004913 -0.003518 -0.009826
0 0.003141 0.006476 -0.005779 -0.012952
0 0.003643 0.008709 -0.006784 -0.017418
0 0.001884 0.003350 -0.003266 -0.006699
0 0.003141 0.006476 -0.005779 -0.012952
0 0.003141 0.006476 -0.005779 -0.012952
0 0.002010 0.004913 -0.003518 -0.009826
0 0.003392 0.006476 -0.006281 -0.012952
0 0.002010 0.004913 -0.003518 -0.009826
0 0.003392 0.006476 -0.006281 -0.012952
0 0.001884 0.003350 -0.003266 -0.006699
0 0.004146 0.008933 -0.007789 -0.017865
0 0.002010 0.004913 -0.003518 -0.009826
0 0.003141 0.006476 -0.005779 -0.012952
0 0.003141 0.006476 -0.005779 -0.012952
0 0.005528 0.012729 -0.010553 -0.025458
0 0.002010 0.004913 -0.003518 -0.009826
0 0.004146 0.008933 -0.007789 -0.017865
0 0.005528 0.012729 -0.010553 -0.025458
0 0.002010 0.004913 -0.003518 -0.009826
0 0.002010 0.004913 -0.003518 -0.009826
0 0.002010 0.004913 -0.003518 -0.009826
0 0.003141 0.006476 -0.005779 -0.012952
0 0.002764 0.006253 -0.005025 -0.012506
0 0.001884 0.003350 -0.003266 -0.006699
0 0.003643 0.008709 -0.006784 -0.017418
0 0.002010 0.004913 -0.003518 -0.009826
0 0.002010 0.004913 -0.003518 -0.009826
0 0.003141 0.006476 -0.005779 -0.012952
0 0.005528 0.012729 -0.010553 -0.025458
0 0.002010 0.004913 -0.003518 -0.009826
0 0.004146 0.008933 -0.007789 -0.017865
0 0.004146 0.008933 -0.007789 -0.017865
0 0.002010 0.004913 -0.003518 -0.009826
0 0.005528 0.012729 -0.010553 -0.025458
0 0.002010 0.004913 -0.003518 -0.009826
0 0.002010 0.004913 -0.003518 -0.009826
0 0.004146 0.008933 -0.007789 -0.017865
0 0.005528 0.012729 -0.010553 -0.025458
0 0.003643 0.008709 -0.006784 -0.017418
0 0.002010 0.004913 -0.003518 -0.009826
0 0.002010 0.004913 -0.003518 -0.009826
0 0.002010 0.004913 -0.003518 -0.009826
0 0.005528 0.012729 -0.010553 -0.025458
0 0.002764 0.006253 -0.005025 -0.012506
0 0.003392 0.006476 -0.006281 -0.012952
0 0.003392 0.006476 -0.006281 -0.012952
0 0.002010 0.004913 -0.003518 -0.009826
0 0.002010 0.004913 -0.003518 -0.009826
0 0.004146 0.008933 -0.007789 -0.017865
0 0.003392 0.006476 -0.006281 -0.012952
0 0.002010 0.004913 -0.003518 -0.009826
0 0.001884 0.003350 -0.003266 -0.006699
0 0.003141 0.006476 -0.005779 -0.012952
0 0.003141 0.006476 -0.005779 -0.012952
0 0.003141 0.006476 -0.005779 -0.012952
0 0.004146 0.008933 -0.007789 -0.017865
0 0.002010 0.004913 -0.003518 -0.009826
0 0.003141 0.006476 -0.005779 -0.012952
0 0.002010 0.004913 -0.003518 -0.009826
0 0.002010 0.004913 -0.003518 -0.009826
0 0.002010 0.004913 -0.003518 -0.009826
0 0.003392 0.006476 -0.006281 -0.012952
0 0.002764 0.006253 -0.005025 -0.012506
0 0.002010 0.004913 -0.003518 -0.009826
0 0.002010 0.004913 -0.003518 -0.009826
0 0.005528 0.012729 -0.010553 -0.025458
0 0.002010 0.004913 -0.003518 -0.009826
0 0.002010 0.004913 -0.003518 -0.009826
0 0.002764 0.006253 -0.005025 -0.012506
0 0.003643 0.008709 -0.006784 -0.017418
0 0.001884 0.003573 -0.003266 -0.007146
0 0.004146 0.008933 -0.007789 -0.017865
0 0.003141 0.006476 -0.005779 -0.012952
0 0.003141 0.006476 -0.005779 -0.012952
0 0.002010 0.004913 -0.003518 -0.009826
0 0.003643 0.008709 -0.006784 -0.017418
0 0.002010 0.004913 -0.003518 -0.009826
0 0.003392 0.006476 -0.006281 -0.012952
0 0.004146 0.008933 -0.007789 -0.017865
0 0.003643 0.008709 -0.006784 -0.017418
0 0.002010 0.004913 -0.003518 -0.009826
0 0.002010 0.004913 -0.003518 -0.009826
0 0.002764 0.006253 -0.005025 -0.012506
0 0.002010 0.004913 -0.003518 -0.009826
0 0.002010 0.004913 -0.003518 -0.009826
0 0.002010 0.004913 -0.003518 -0.009826
0 0.002010 0.004913 -0.003518 -0.009826
0 0.002010 0.004913 -0.003518 -0.009826
0 0.003141 0.006476 -0.005779 -0.012952
0 0.003643 0.008709 -0.006784 -0.017418
0 0.003141 0.006476 -0.005779 -0.012952
0 0.002638 0.005583 -0.004774 -0.011166
0 0.005528 0.012729 -0.010553 -0.025458
0 0.003392 0.006476 -0.006281 -0.012952
0 0.001884 0.003350 -0.003266 -0.006699
0 0.003643 0.008709 -0.006784 -0.017418
0 0.004146 0.008933 -0.007789 -0.017865
0 0.002010 0.004913 -0.003518 -0.009826
0 0.003141 0.006476 -0.005779 -0.012952
0 0.002764 0.006253 -0.005025 -0.012506
0 0.002010 0.004913 -0.003518 -0.009826
0 0.002010 0.004913 -0.003518 -0.009826
0 0.002010 0.004913 -0.003518 -0.009826
0 0.003141 0.006476 -0.005779 -0.012952
0 0.002010 0.004913 -0.003518 -0.009826
0 0.004146 0.008933 -0.007789 -0.017865
0 0.004146 0.008933 -0.007789 -0.017865
0 0.001884 0.003350 -0.003266 -0.006699
0 0.002764 0.006253 -0.005025 -0.012506
0 0.002764 0.006253 -0.005025 -0.012506
0 0.002010 0.004913 -0.003518 -0.009826
0 0.002010 0.004913 -0.003518 -0.009826
0 0.002010 0.004913 -0.003518 -0.009826
0 0.001884 0.003350 -0.003266 -0.006699
0 0.002010 0.004913 -0.003518 -0.009826
0 0.003141 0.006476 -0.005779 -0.012952
0 0.002010 0.004913 -0.003518 -0.009826
0 0.002010 0.004913 -0.003518 -0.009826
0 0.002010 0.004913 -0.003518 -0.009826
0 0.002010 0.004913 -0.003518 -0.009826
0 0.002010 0.004913 -0.003518 -0.009826
0 0.003392 0.006476 -0.006281 -0.012952
0 0.002010 0.004913 -0.003518 -0.009826
0 0.002010 0.004913 -0.003518 -0.009826
0 0.002764 0.006253 -0.005025 -0.012506
0 0.002010 0.004913 -0.003518 -0.009826
0 0.003141 0.006476 -0.005779 -0.012952
0 0.002010 0.004913 -0.003518 -0.009826
0 0.002010 0.004913 -0.003518 -0.009826
0 0.002010 0.004913 -0.003518 -0.009826
0 0.001884 0.003350 -0.003266 -0.006699
0 0.002387 0.005806 -0.004271 -0.011612
0 0.002010 0.004913 -0.003518 -0.009826
0 0.004146 0.008933 -0.007789 -0.017865
0 0.002010 0.004913 -0.003518 -0.009826
0 0.002010 0.004913 -0.003518 -0.009826
0 0.003643 0.008709 -0.006784 -0.017418
0 0.002764 0.006253 -0.005025 -0.012506
0 0.003141 0.006476 -0.005779 -0.012952
0 0.002010 0.004913 -0.003518 -0.009826
0 0.002010 0.004913 -0.003518 -0.009826
0 0.005653 0.012729 -0.010302 -0.025458
0 0.002010 0.004913 -0.003518 -0.009826
0 0.002010 0.004913 -0.003518 -0.009826
0 0.002010 0.004913 -0.003518 -0.009826
0 0.002010 0.004913 -0.003518 -0.009826
0 0.005528 0.012729 -0.010553 -0.025458
0 0.002010 0.004913 -0.003518 -0.009826
0 0.002764 0.006699 -0.005025 -0.013399
0 0.003141 0.006476 -0.005779 -0.012952
0 0.003643 0.008709 -0.006784 -0.017418
0 0.002010 0.004913 -0.003518 -0.009826
0 0.002010 0.004913 -0.003518 -0.009826
0 0.002010 0.004913 -0.003518 -0.009826
0 0.003643 0.008709 -0.006784 -0.017418
0 0.002010 0.004913 -0.003518 -0.009826
0 0.002010 0.004913 -0.003518 -0.009826
0 0.003643 0.008709 -0.006784 -0.017418
0 0.002764 0.006253 -0.005025 -0.012506
0 0.003392 0.006476 -0.006281 -0.012952
0 0.004146 0.008933 -0.007789 -0.017865
0 0.002010 0.004913 -0.003518 -0.009826
0 0.005528 0.012729 -0.010553 -0.025458
0 0.003392 0.006476 -0.006281 -0.012952
0 0.002010 0.004913 -0.003518 -0.009826
0 0.003141 0.006476 -0.005779 -0.012952
0 0.004146 0.008933 -0.007789 -0.017865
0 0.002764 0.006253 -0.005025 -0.012506
0 0.003643 0.008709 -0.006784 -0.017418
0 0.004146 0.008933 -0.007789 -0.017865
0 0.005653 0.012729 -0.010302 -0.025458
0 0.002010 0.004913 -0.003518 -0.009826
0 0.003643 0.008709 -0.006784 -0.017418
0 0.002010 0.004913 -0.003518 -0.009826
0 0.001884 0.003350 -0.003266 -0.006699
0 0.001884 0.003350 -0.003266 -0.006699
0 0.005528 0.012729 -0.010553 -0.025458
0 0.004146 0.008933 -0.007789 -0.017865
0 0.002010 0.004913 -0.003518 -0.009826
0 0.002010 0.004913 -0.003518 -0.009826
0 0.003141 0.006476 -0.005779 -0.012952
0 0.002010 0.004913 -0.003518 -0.009826
0 0.002010 0.004913 -0.003518 -0.009826
0 0.003141 0.006476 -0.005779 -0.012952
0 0.002010 0.004913 -0.003518 -0.009826
0 0.002010 0.004913 -0.003518 -0.009826
0 0.002010 0.004913 -0.003518 -0.009826
0 0.002764 0.006253 -0.005025 -0.012506
0 0.002010 0.004913 -0.003518 -0.009826
0 0.002010 0.004913 -0.003518 -0.009826
0 0.003141 0.006476 -0.005779 -0.012952
0 0.002010 0.004913 -0.003518 -0.009826
0 0.004146 0.008933 -0.007789 -0.017865
0 0.002010 0.004913 -0.003518 -0.009826
0 0.002010 0.004913 -0.003518 -0.009826
0 0.005528 0.012729 -0.010553 -0.025458
0 0.002010 0.004913 -0.003518 -0.009826
0 0.002010 0.004913 -0.003518 -0.009826