0 0.002620 0.005435 -0.003743 -0.010870
0 0.007111 0.010326 -0.012725 -0.020652
0 0.002620 0.004348 -0.003743 -0.008696
0 0.002994 0.004891 -0.004491 -0.009783
0 0.002620 0.005435 -0.003743 -0.010870
0 0.002620 0.005435 -0.003743 -0.010870
0 0.002620 0.005435 -0.003743 -0.010870
0 0.002994 0.004891 -0.004491 -0.009783
0 0.002620 0.004348 -0.003743 -0.008696
0 0.002620 0.004348 -0.003743 -0.008696
0 0.002246 0.003804 -0.002994 -0.007609
0 0.002246 0.003804 -0.002994 -0.007609
0 0.002620 0.005435 -0.003743 -0.010870
0 0.000749 0.001087 0.000000 -0.002174
0 0.003368 0.005435 -0.005240 -0.010870
0 0.002994 0.004891 -0.004491 -0.009783
0 0.002994 0.004891 -0.004491 -0.009783
0 0.002246 0.003804 -0.002994 -0.007609
0 0.005988 0.008696 -0.010479 -0.017391
0 0.005988 0.008696 -0.010479 -0.017391
0 0.004491 0.007065 -0.007485 -0.014130
0 0.002246 0.003804 -0.002994 -0.007609
0 0.002246 0.004348 -0.002994 -0.008696
0 0.002246 0.003804 -0.002994 -0.007609
0 0.005988 0.008696 -0.010479 -0.017391
0 0.002620 0.004348 -0.003743 -0.008696
0 0.002994 0.004891 -0.004491 -0.009783
0 0.002994 0.004891 -0.004491 -0.009783
0 0.002620 0.005435 -0.003743 -0.010870
0 0.003368 0.005978 -0.005240 -0.011957
0 0.002994 0.004891 -0.004491 -0.009783
0 0.002620 0.004348 -0.003743 -0.008696
0 0.003368 0.005435 -0.005240 -0.010870
0 0.002246 0.003804 -0.002994 -0.007609
0 0.005988 0.008696 -0.010479 -0.017391
0 0.002620 0.005435 -0.003743 -0.010870
0 0.002994 0.004891 -0.004491 -0.009783
0 0.004491 0.007065 -0.007485 -0.014130
0 0.002620 0.005435 -0.003743 -0.010870
0 0.002246 0.003804 -0.002994 -0.007609
0 0.002994 0.004348 -0.004491 -0.008696
0 0.003368 0.005978 -0.005240 -0.011957
0 0.005988 0.008696 -0.010479 -0.017391
0 0.002620 0.005435 -0.003743 -0.010870
0 0.002246 0.003804 -0.002994 -0.007609
0 0.002246 0.004348 -0.002994 -0.008696
0 0.002994 0.004348 -0.004491 -0.008696
0 0.002620 0.004348 -0.003743 -0.008696
0 0.002620 0.005435 -0.003743 -0.010870
0 0.006362 0.008696 -0.009731 -0.017391
0 0.002246 0.003804 -0.002994 -0.007609
0 0.002246 0.003804 -0.002994 -0.007609
0 0.002246 0.003804 -0.002994 -0.007609
0 0.002246 0.003804 -0.002994 -0.007609
0 0.002994 0.004891 -0.004491 -0.009783
0 0.002994 0.004891 -0.004491 -0.009783
0 0.002994 0.004891 -0.004491 -0.009783
0 0.002246 0.003804 -0.002994 -0.007609
0 0.002620 0.004348 -0.003743 -0.008696
0 0.002994 0.004891 -0.004491 -0.009783
0 0.002246 0.003804 -0.002994 -0.007609
0 0.002620 0.005435 -0.003743 -0.010870
0 0.005988 0.008696 -0.010479 -0.017391
0 0.002994 0.004891 -0.004491 -0.009783
0 0.002246 0.003804 -0.002994 -0.007609
0 0.002994 0.004891 -0.004491 -0.009783
0 0.002994 0.004891 -0.004491 -0.009783
0 0.002994 0.004891 -0.004491 -0.009783
0 0.002620 0.004348 -0.003743 -0.008696
0 0.003368 0.005435 -0.005240 -0.010870
0 0.002246 0.004348 -0.002994 -0.008696
0 0.007111 0.010326 -0.012725 -0.020652
0 0.003368 0.005978 -0.005240 -0.011957
0 0.002620 0.005435 -0.003743 -0.010870
0 0.002246 0.003804 -0.002994 -0.007609
0 0.007485 0.011957 -0.013473 -0.023913
0 0.002246 0.003804 -0.002994 -0.007609
0 0.003368 0.005435 -0.005240 -0.010870
0 0.003368 0.005978 -0.005240 -0.011957
0 0.002620 0.004348 -0.003743 -0.008696
0 0.002994 0.004891 -0.004491 -0.009783
0 0.002246 0.003804 -0.002994 -0.007609
0 0.002994 0.004891 -0.004491 -0.009783
0 0.004491 0.007065 -0.007485 -0.014130
0 0.002246 0.003804 -0.002994 -0.007609
0 0.003368 0.005435 -0.005240 -0.010870
0 0.002994 0.004891 -0.004491 -0.009783
0 0.002620 0.005435 -0.003743 -0.010870
0 0.002994 0.004891 -0.004491 -0.009783
0 0.002620 0.004348 -0.003743 -0.008696
0 0.002994 0.004891 -0.004491 -0.009783
0 0.004491 0.007065 -0.007485 -0.014130
0 0.002620 0.005435 -0.003743 -0.010870
0 0.002994 0.004891 -0.004491 -0.009783
0 0.002994 0.004891 -0.004491 -0.009783
0 0.004491 0.007065 -0.007485 -0.014130
0 0.005988 0.008696 -0.010479 -0.017391
0 0.002246 0.003804 -0.002994 -0.007609
0 0.002620 0.005435 -0.003743 -0.010870
0 0.007485 0.011957 -0.013473 -0.023913
0 0.002994 0.004348 -0.004491 -0.008696
0 0.004491 0.007065 -0.007485 -0.014130
0 0.002620 0.004348 -0.003743 -0.008696
0 0.002246 0.003804 -0.002994 -0.007609
0 0.002994 0.004891 -0.004491 -0.009783
0 0.007111 0.010326 -0.012725 -0.020652
0 0.003368 0.005978 -0.005240 -0.011957
0 0.002994 0.004891 -0.004491 -0.009783
0 0.002246 0.003804 -0.002994 -0.007609
0 0.002620 0.005435 -0.003743 -0.010870
0 0.002994 0.004891 -0.004491 -0.009783
0 0.002246 0.003804 -0.002994 -0.007609
0 0.005988 0.008696 -0.010479 -0.017391
0 0.002994 0.005435 -0.004491 -0.010870
0 0.007485 0.011957 -0.013473 -0.023913
0 0.002246 0.003804 -0.002994 -0.007609
0 0.002994 0.004891 -0.004491 -0.009783
0 0.002246 0.003804 -0.002994 -0.007609
0 0.002246 0.004348 -0.002994 -0.008696
0 0.003368 0.005435 -0.005240 -0.010870
0 0.002246 0.004348 -0.002994 -0.008696
0 0.002994 0.005435 -0.004491 -0.010870
0 0.005988 0.008696 -0.010479 -0.017391
0 0.002620 0.005435 -0.003743 -0.010870
0 0.002994 0.004348 -0.004491 -0.008696
0 0.002246 0.003804 -0.002994 -0.007609
0 0.002246 0.003804 -0.002994 -0.007609
0 0.002620 0.004348 -0.003743 -0.008696
0 0.002620 0.005435 -0.003743 -0.010870
0 0.002620 0.005435 -0.003743 -0.010870
0 0.002994 0.004348 -0.004491 -0.008696
0 0.002994 0.004348 -0.004491 -0.008696
0 0.002246 0.003804 -0.002994 -0.007609
0 0.008608 0.017391 -0.015719 -0.034783
0 0.002246 0.004348 -0.002994 -0.008696
0 0.002620 0.005435 -0.003743 -0.010870
0 0.002620 0.004348 -0.003743 -0.008696
0 0.002994 0.004891 -0.004491 -0.009783
0 0.003368 0.005435 -0.005240 -0.010870
0 0.005988 0.008696 -0.010479 -0.017391
0 0.002246 0.003804 -0.002994 -0.007609
0 0.003368 0.005435 -0.005240 -0.010870
0 0.003368 0.005978 -0.005240 -0.011957
0 0.002994 0.004348 -0.004491 -0.008696
0 0.002620 0.004348 -0.003743 -0.008696
0 0.002994 0.004891 -0.004491 -0.009783
0 0.003368 0.005978 -0.005240 -0.011957
0 0.002246 0.003804 -0.002994 -0.007609
0 0.002620 0.004348 -0.003743 -0.008696
0 0.006362 0.008696 -0.009731 -0.017391
0 0.002994 0.004891 -0.004491 -0.009783
0 0.002620 0.005435 -0.003743 -0.010870
0 0.002620 0.004348 -0.003743 -0.008696
0 0.002246 0.003804 -0.002994 -0.007609
0 0.002620 0.005435 -0.003743 -0.010870
0 0.002620 0.005435 -0.003743 -0.010870
0 0.002620 0.004348 -0.003743 -0.008696
0 0.002994 0.004348 -0.004491 -0.008696
0 0.002620 0.004348 -0.003743 -0.008696
0 0.002620 0.005435 -0.003743 -0.010870
0 0.002246 0.003804 -0.002994 -0.007609
0 0.007485 0.011957 -0.013473 -0.023913
0 0.002994 0.004891 -0.004491 -0.009783
0 0.002994 0.004891 -0.004491 -0.009783
0 0.002246 0.003804 -0.002994 -0.007609
0 0.002620 0.004348 -0.003743 -0.008696
0 0.002246 0.003804 -0.002994 -0.007609
0 0.002620 0.005435 -0.003743 -0.010870
0 0.002620 0.004348 -0.003743 -0.008696
0 0.002246 0.003804 -0.002994 -0.007609
0 0.002246 0.004348 -0.002994 -0.008696
0 0.002620 0.004348 -0.003743 -0.008696
0 0.002246 0.003804 -0.002994 -0.007609
0 0.002994 0.004891 -0.004491 -0.009783
0 0.002246 0.003804 -0.002994 -0.007609
0 0.002994 0.004891 -0.004491 -0.009783
0 0.002620 0.004348 -0.003743 -0.008696
0 0.002620 0.004348 -0.003743 -0.008696
0 0.002246 0.003804 -0.002994 -0.007609
0 0.002246 0.003804 -0.002994 -0.007609
0 0.003368 0.005435 -0.005240 -0.010870
0 0.002246 0.003804 -0.002994 -0.007609
0 0.002620 0.004348 -0.003743 -0.008696
0 0.002620 0.004348 -0.003743 -0.008696
0 0.003368 0.005435 -0.005240 -0.010870
0 0.002620 0.004348 -0.003743 -0.008696
0 0.002994 0.004891 -0.004491 -0.009783
0 0.002994 0.004891 -0.004491 -0.009783
0 0.002620 0.004348 -0.003743 -0.008696
0 0.002620 0.004348 -0.003743 -0.008696
0 0.002620 0.004348 -0.003743 -0.008696
0 0.002246 0.004348 -0.002994 -0.008696
0 0.005988 0.008696 -0.010479 -0.017391
0 0.002994 0.004891 -0.004491 -0.009783
0 0.002620 0.004348 -0.003743 -0.008696
0 0.002620 0.004348 -0.003743 -0.008696
0 0.002246 0.003804 -0.002994 -0.007609
0 0.002620 0.005435 -0.003743 -0.010870
0 0.002620 0.004348 -0.003743 -0.008696
0 0.004491 0.006522 -0.007485 -0.013043
0 0.002620 0.004348 -0.003743 -0.008696
0 0.002620 0.005435 -0.003743 -0.010870
0 0.007485 0.011957 -0.013473 -0.023913
0 0.002994 0.004891 -0.004491 -0.009783
0 0.002246 0.003804 -0.002994 -0.007609
0 0.003368 0.005978 -0.005240 -0.011957
0 0.005988 0.008696 -0.010479 -0.017391
0 0.002994 0.004891 -0.004491 -0.009783
0 0.002620 0.004348 -0.003743 -0.008696
0 0.002246 0.003804 -0.002994 -0.007609
0 0.002246 0.003804 -0.002994 -0.007609
0 0.002620 0.005435 -0.003743 -0.010870
0 0.002246 0.003804 -0.002994 -0.007609
0 0.000749 0.001087 0.000000 -0.002174
0 0.002620 0.004348 -0.003743 -0.008696
0 0.003368 0.005978 -0.005240 -0.011957
0 0.002246 0.003804 -0.002994 -0.007609
0 0.002994 0.004891 -0.004491 -0.009783
0 0.003368 0.005978 -0.005240 -0.011957
0 0.002620 0.004348 -0.003743 -0.008696
0 0.002620 0.005435 -0.003743 -0.010870
0 0.002620 0.005435 -0.003743 -0.010870
0 0.002246 0.003804 -0.002994 -0.007609
0 0.002620 0.004348 -0.003743 -0.008696
0 0.002620 0.004348 -0.003743 -0.008696
0 0.002620 0.005435 -0.003743 -0.010870
0 0.002620 0.005435 -0.003743 -0.010870
0 0.002246 0.003804 -0.002994 -0.007609
0 0.005988 0.008696 -0.010479 -0.017391
0 0.004491 0.007065 -0.007485 -0.014130
0 0.002246 0.003804 -0.002994 -0.007609
0 0.002620 0.005435 -0.003743 -0.010870
0 0.002246 0.003804 -0.002994 -0.007609
0 0.002246 0.003804 -0.002994 -0.007609
0 0.002246 0.003804 -0.002994 -0.007609
0 0.003368 0.005435 -0.005240 -0.010870
0 0.002246 0.003804 -0.002994 -0.007609
0 0.002246 0.003804 -0.002994 -0.007609
0 0.006362 0.008696 -0.009731 -0.017391
0 0.002994 0.004348 -0.004491 -0.008696
0 0.005988 0.008696 -0.010479 -0.017391
0 0.002246 0.003804 -0.002994 -0.007609
0 0.002246 0.003804 -0.002994 -0.007609
0 0.002620 0.005435 -0.003743 -0.010870
0 0.002994 0.004891 -0.004491 -0.009783
0 0.007485 0.011957 -0.013473 -0.023913
0 0.002246 0.003804 -0.002994 -0.007609
0 0.003368 0.005978 -0.005240 -0.011957
0 0.003368 0.005978 -0.005240 -0.011957
0 0.002994 0.004891 -0.004491 -0.009783
0 0.005988 0.008696 -0.010479 -0.017391
0 0.002620 0.005435 -0.003743 -0.010870
0 0.002994 0.004348 -0.004491 -0.008696
0 0.002246 0.003804 -0.002994 -0.007609
0 0.005988 0.008696 -0.010479 -0.017391
0 0.005988 0.008696 -0.010479 -0.017391
0 0.006362 0.008696 -0.009731 -0.017391
0 0.003368 0.005435 -0.005240 -0.010870
0 0.002994 0.004891 -0.004491 -0.009783
0 0.002246 0.003804 -0.002994 -0.007609
0 0.002994 0.004891 -0.004491 -0.009783
0 0.002620 0.004348 -0.003743 -0.008696
0 0.002620 0.004348 -0.003743 -0.008696
0 0.002620 0.004348 -0.003743 -0.008696
0 0.002246 0.004348 -0.002994 -0.008696
0 0.002620 0.004348 -0.003743 -0.008696
0 0.002994 0.004891 -0.004491 -0.009783
0 0.006362 0.008696 -0.009731 -0.017391
0 0.002994 0.004891 -0.004491 -0.009783
0 0.002994 0.004891 -0.004491 -0.009783
0 0.007485 0.011957 -0.013473 -0.023913
0 0.002994 0.004891 -0.004491 -0.009783
0 0.002246 0.003804 -0.002994 -0.007609
0 0.002620 0.005435 -0.003743 -0.010870
0 0.003368 0.005978 -0.005240 -0.011957
0 0.002620 0.004348 -0.003743 -0.008696
0 0.002246 0.003804 -0.002994 -0.007609
0 0.005988 0.008696 -0.010479 -0.017391
0 0.002246 0.003804 -0.002994 -0.007609
0 0.002620 0.005435 -0.003743 -0.010870
0 0.003368 0.005978 -0.005240 -0.011957
0 0.002246 0.004348 -0.002994 -0.008696
0 0.003368 0.005435 -0.005240 -0.010870
0 0.002620 0.004348 -0.003743 -0.008696
0 0.002994 0.004891 -0.004491 -0.009783
0 0.002246 0.003804 -0.002994 -0.007609
0 0.002620 0.005435 -0.003743 -0.010870
0 0.002246 0.003804 -0.002994 -0.007609
0 0.003368 0.005978 -0.005240 -0.011957
0 0.003368 0.005978 -0.005240 -0.011957
0 0.002994 0.004348 -0.004491 -0.008696
0 0.002246 0.003804 -0.002994 -0.007609
0 0.002246 0.004348 -0.002994 -0.008696
0 0.002246 0.003804 -0.002994 -0.007609
0 0.002620 0.004348 -0.003743 -0.008696
0 0.005988 0.008696 -0.010479 -0.017391
0 0.002620 0.004348 -0.003743 -0.008696
0 0.002246 0.003804 -0.002994 -0.007609
0 0.004491 0.007065 -0.007485 -0.014130
0 0.002246 0.003804 -0.002994 -0.007609
0 0.002620 0.004348 -0.003743 -0.008696
0 0.002620 0.004348 -0.003743 -0.008696
0 0.002620 0.005435 -0.003743 -0.010870
0 0.002246 0.003804 -0.002994 -0.007609
0 0.002620 0.004348 -0.003743 -0.008696
0 0.002994 0.004891 -0.004491 -0.009783
0 0.002246 0.003804 -0.002994 -0.007609
0 0.002994 0.004891 -0.004491 -0.009783
0 0.002994 0.004891 -0.004491 -0.009783
0 0.002994 0.004891 -0.004491 -0.009783
0 0.002246 0.003804 -0.002994 -0.007609
0 0.002620 0.004348 -0.003743 -0.008696
0 0.002246 0.003804 -0.002994 -0.007609
0 0.004491 0.007065 -0.007485 -0.014130
0 0.002620 0.005435 -0.003743 -0.010870
0 0.002994 0.004891 -0.004491 -0.009783
0 0.002620 0.005435 -0.003743 -0.010870
0 0.002620 0.004348 -0.003743 -0.008696
0 0.002246 0.003804 -0.002994 -0.007609
0 0.003368 0.005978 -0.005240 -0.011957
0 0.002994 0.004348 -0.004491 -0.008696
0 0.002246 0.003804 -0.002994 -0.007609
0 0.002246 0.004348 -0.002994 -0.008696
0 0.002994 0.004348 -0.004491 -0.008696
0 0.002620 0.004348 -0.003743 -0.008696
0 0.002620 0.004348 -0.003743 -0.008696
0 0.005988 0.008696 -0.010479 -0.017391
0 0.002246 0.003804 -0.002994 -0.007609
0 0.002246 0.004348 -0.002994 -0.008696
0 0.002994 0.004891 -0.004491 -0.009783
0 0.002620 0.004348 -0.003743 -0.008696
0 0.002620 0.005435 -0.003743 -0.010870
0 0.002246 0.003804 -0.002994 -0.007609
0 0.002994 0.004891 -0.004491 -0.009783
0 0.002620 0.005435 -0.003743 -0.010870
0 0.002620 0.004348 -0.003743 -0.008696
0 0.003368 0.005435 -0.005240 -0.010870
0 0.002994 0.004348 -0.004491 -0.008696
0 0.002246 0.003804 -0.002994 -0.007609
0 0.003368 0.005978 -0.005240 -0.011957
0 0.007485 0.011957 -0.013473 -0.023913
0 0.002994 0.004891 -0.004491 -0.009783
0 0.003368 0.005978 -0.005240 -0.011957
0 0.007485 0.011957 -0.013473 -0.023913
0 0.002994 0.004891 -0.004491 -0.009783
0 0.002246 0.003804 -0.002994 -0.007609
0 0.002246 0.003804 -0.002994 -0.007609
0 0.002246 0.003804 -0.002994 -0.007609
0 0.002246 0.003804 -0.002994 -0.007609
0 0.002246 0.003804 -0.002994 -0.007609
0 0.007485 0.011957 -0.013473 -0.023913
0 0.002620 0.005435 -0.003743 -0.010870
0 0.006362 0.008696 -0.009731 -0.017391
0 0.002994 0.004348 -0.004491 -0.008696
0 0.002620 0.005435 -0.003743 -0.010870
0 0.002620 0.004348 -0.003743 -0.008696
0 0.002620 0.004348 -0.003743 -0.008696
0 0.002994 0.004891 -0.004491 -0.009783
0 0.002246 0.003804 -0.002994 -0.007609
0 0.003368 0.005978 -0.005240 -0.011957
0 0.002994 0.004891 -0.004491 -0.009783
0 0.002246 0.004348 -0.002994 -0.008696
0 0.002620 0.005435 -0.003743 -0.010870
0 0.002994 0.004348 -0.004491 -0.008696
0 0.002994 0.004348 -0.004491 -0.008696
0 0.002246 0.003804 -0.002994 -0.007609
0 0.002994 0.004891 -0.004491 -0.009783
0 0.002994 0.004348 -0.004491 -0.008696
0 0.002620 0.004348 -0.003743 -0.008696
0 0.002246 0.003804 -0.002994 -0.007609
0 0.002620 0.004348 -0.003743 -0.008696
0 0.002246 0.003804 -0.002994 -0.007609
0 0.007485 0.011957 -0.013473 -0.023913
0 0.002246 0.004348 -0.002994 -0.008696
0 0.002246 0.003804 -0.002994 -0.007609
0 0.002994 0.004891 -0.004491 -0.009783
0 0.002620 0.005435 -0.003743 -0.010870
0 0.005988 0.008696 -0.010479 -0.017391
0 0.003368 0.005978 -0.005240 -0.011957
0 0.002246 0.003804 -0.002994 -0.007609
0 0.007485 0.011957 -0.013473 -0.023913
0 0.002620 0.005435 -0.003743 -0.010870
0 0.002246 0.003804 -0.002994 -0.007609
0 0.002246 0.003804 -0.002994 -0.007609
0 0.006362 0.008696 -0.009731 -0.017391
0 0.002246 0.003804 -0.002994 -0.007609
0 0.002620 0.004348 -0.003743 -0.008696
0 0.002246 0.003804 -0.002994 -0.007609
0 0.002620 0.004348 -0.003743 -0.008696
0 0.002620 0.005435 -0.003743 -0.010870
0 0.002994 0.004891 -0.004491 -0.009783
0 0.002620 0.005435 -0.003743 -0.010870
0 0.002246 0.003804 -0.002994 -0.007609
0 0.003743 0.005435 -0.005988 -0.010870
0 0.003368 0.005435 -0.005240 -0.010870
0 0.005988 0.008696 -0.010479 -0.017391
0 0.002620 0.004348 -0.003743 -0.008696
0 0.002620 0.005435 -0.003743 -0.010870
0 0.002620 0.005435 -0.003743 -0.010870
0 0.002994 0.004891 -0.004491 -0.009783
0 0.002620 0.005435 -0.003743 -0.010870
0 0.007485 0.011957 -0.013473 -0.023913
0 0.003368 0.005978 -0.005240 -0.011957
0 0.002246 0.003804 -0.002994 -0.007609
0 0.002994 0.004891 -0.004491 -0.009783
0 0.002620 0.004348 -0.003743 -0.008696
0 0.002246 0.003804 -0.002994 -0.007609
0 0.003368 0.005435 -0.005240 -0.010870
0 0.002246 0.003804 -0.002994 -0.007609
0 0.002246 0.003804 -0.002994 -0.007609
0 0.002246 0.004348 -0.002994 -0.008696
0 0.002994 0.004348 -0.004491 -0.008696
0 0.003368 0.005978 -0.005240 -0.011957
0 0.002994 0.004891 -0.004491 -0.009783
0 0.005988 0.008696 -0.010479 -0.017391
0 0.002246 0.003804 -0.002994 -0.007609
0 0.002994 0.004348 -0.004491 -0.008696
0 0.002246 0.003804 -0.002994 -0.007609
0 0.002246 0.004348 -0.002994 -0.008696
0 0.002994 0.004348 -0.004491 -0.008696
0 0.003368 0.005978 -0.005240 -0.011957
0 0.002620 0.004348 -0.003743 -0.008696
0 0.002620 0.005435 -0.003743 -0.010870
0 0.002246 0.003804 -0.002994 -0.007609
0 0.003368 0.005978 -0.005240 -0.011957
0 0.005988 0.008696 -0.010479 -0.017391
0 0.002994 0.004891 -0.004491 -0.009783
0 0.005988 0.008696 -0.010479 -0.017391
0 0.002246 0.003804 -0.002994 -0.007609
0 0.002246 0.003804 -0.002994 -0.007609
0 0.002246 0.003804 -0.002994 -0.007609
0 0.002994 0.004348 -0.004491 -0.008696
0 0.003368 0.005435 -0.005240 -0.010870
0 0.007111 0.010326 -0.012725 -0.020652
0 0.002246 0.003804 -0.002994 -0.007609
0 0.004491 0.007065 -0.007485 -0.014130
0 0.003368 0.005978 -0.005240 -0.011957
0 0.002994 0.004891 -0.004491 -0.009783
0 0.002620 0.005435 -0.003743 -0.010870
0 0.002620 0.005435 -0.003743 -0.010870
0 0.002246 0.003804 -0.002994 -0.007609
0 0.003368 0.005435 -0.005240 -0.010870
0 0.004491 0.007065 -0.007485 -0.014130
0 0.002620 0.004348 -0.003743 -0.008696
0 0.002620 0.004348 -0.003743 -0.008696
0 0.005988 0.008696 -0.010479 -0.017391
0 0.002620 0.005435 -0.003743 -0.010870
0 0.002246 0.003804 -0.002994 -0.007609
0 0.002620 0.004348 -0.003743 -0.008696
0 0.005988 0.008696 -0.010479 -0.017391
0 0.002246 0.003804 -0.002994 -0.007609
0 0.002620 0.004348 -0.003743 -0.008696
0 0.002994 0.004891 -0.004491 -0.009783
0 0.003368 0.005978 -0.005240 -0.011957
0 0.002620 0.004348 -0.003743 -0.008696
0 0.002994 0.004348 -0.004491 -0.008696
0 0.002620 0.004348 -0.003743 -0.008696
0 0.002620 0.005435 -0.003743 -0.010870
0 0.002994 0.004891 -0.004491 -0.009783
0 0.002994 0.004348 -0.004491 -0.008696
0 0.002620 0.004348 -0.003743 -0.008696
0 0.002246 0.003804 -0.002994 -0.007609
0 0.002246 0.003804 -0.002994 -0.007609
0 0.003368 0.005435 -0.005240 -0.010870
0 0.002620 0.004348 -0.003743 -0.008696
0 0.002620 0.005435 -0.003743 -0.010870
0 0.002620 0.005435 -0.003743 -0.010870
0 0.002246 0.003804 -0.002994 -0.007609
0 0.002620 0.005435 -0.003743 -0.010870
0 0.002994 0.004348 -0.004491 -0.008696
0 0.002246 0.003804 -0.002994 -0.007609
0 0.003368 0.005435 -0.005240 -0.010870
0 0.002246 0.003804 -0.002994 -0.007609
0 0.003368 0.005435 -0.005240 -0.010870
0 0.007485 0.011957 -0.013473 -0.023913
0 0.002620 0.004348 -0.003743 -0.008696
0 0.002994 0.004891 -0.004491 -0.009783
0 0.007111 0.010326 -0.012725 -0.020652
0 0.002246 0.003804 -0.002994 -0.007609
0 0.007485 0.011957 -0.013473 -0.023913
0 0.002620 0.005435 -0.003743 -0.010870
0 0.002620 0.005435 -0.003743 -0.010870
0 0.002246 0.003804 -0.002994 -0.007609
0 0.002994 0.004348 -0.004491 -0.008696
0 0.002994 0.004891 -0.004491 -0.009783
0 0.002994 0.004891 -0.004491 -0.009783
0 0.002994 0.004891 -0.004491 -0.009783
0 0.002994 0.004891 -0.004491 -0.009783
0 0.002246 0.003804 -0.002994 -0.007609
0 0.002994 0.004891 -0.004491 -0.009783
0 0.002620 0.005435 -0.003743 -0.010870
0 0.002620 0.004348 -0.003743 -0.008696
0 0.002246 0.003804 -0.002994 -0.007609
0 0.002246 0.003804 -0.002994 -0.007609
0 0.003368 0.005978 -0.005240 -0.011957
0 0.002620 0.005435 -0.003743 -0.010870
0 0.002620 0.004348 -0.003743 -0.008696
0 0.002994 0.004891 -0.004491 -0.009783
0 0.002994 0.004891 -0.004491 -0.009783
0 0.003368 0.005435 -0.005240 -0.010870
0 0.002246 0.003804 -0.002994 -0.007609
0 0.002620 0.005435 -0.003743 -0.010870
0 0.002246 0.003804 -0.002994 -0.007609
0 0.002994 0.004891 -0.004491 -0.009783
0 0.002620 0.005435 -0.003743 -0.010870
0 0.002620 0.005435 -0.003743 -0.010870
0 0.002620 0.004348 -0.003743 -0.008696
0 0.007485 0.011957 -0.013473 -0.023913
0 0.002620 0.005435 -0.003743 -0.010870
0 0.002994 0.004891 -0.004491 -0.009783
0 0.002246 0.003804 -0.002994 -0.007609
0 0.003368 0.005435 -0.005240 -0.010870
0 0.002994 0.004348 -0.004491 -0.008696
0 0.002994 0.004348 -0.004491 -0.008696
0 0.005988 0.008696 -0.010479 -0.017391
0 0.002994 0.004891 -0.004491 -0.009783
0 0.002620 0.004348 -0.003743 -0.008696
0 0.007111 0.010326 -0.012725 -0.020652
0 0.002620 0.004348 -0.003743 -0.008696
0 0.007485 0.011957 -0.013473 -0.023913
0 0.003368 0.005435 -0.005240 -0.010870
0 0.002994 0.004348 -0.004491 -0.008696
0 0.002994 0.004891 -0.004491 -0.009783
0 0.005988 0.008696 -0.010479 -0.017391
0 0.004491 0.007065 -0.007485 -0.014130
0 0.007111 0.010326 -0.012725 -0.020652
0 0.002246 0.004348 -0.002994 -0.008696
0 0.003368 0.005978 -0.005240 -0.011957
0 0.003368 0.005978 -0.005240 -0.011957
0 0.002994 0.004891 -0.004491 -0.009783
0 0.002994 0.004891 -0.004491 -0.009783
0 0.002994 0.004891 -0.004491 -0.009783
0 0.007485 0.011957 -0.013473 -0.023913
0 0.002620 0.004348 -0.003743 -0.008696
0 0.002620 0.004891 -0.003743 -0.009783
0 0.006362 0.008696 -0.009731 -0.017391
0 0.005988 0.008696 -0.010479 -0.017391
0 0.002994 0.004348 -0.004491 -0.008696
0 0.002620 0.004348 -0.003743 -0.008696
0 0.002620 0.004348 -0.003743 -0.008696
0 0.002620 0.004348 -0.003743 -0.008696
0 0.003368 0.005978 -0.005240 -0.011957
0 0.002620 0.005435 -0.003743 -0.010870
0 0.002246 0.003804 -0.002994 -0.007609
0 0.002994 0.004348 -0.004491 -0.008696
0 0.007111 0.010326 -0.012725 -0.020652
0 0.002620 0.004348 -0.003743 -0.008696
0 0.002246 0.003804 -0.002994 -0.007609
0 0.002620 0.004348 -0.003743 -0.008696
0 0.002620 0.004348 -0.003743 -0.008696
0 0.002620 0.005435 -0.003743 -0.010870
0 0.004491 0.007065 -0.007485 -0.014130
0 0.007485 0.011957 -0.013473 -0.023913
0 0.002620 0.005435 -0.003743 -0.010870
0 0.002620 0.005435 -0.003743 -0.010870
0 0.002620 0.004348 -0.003743 -0.008696
0 0.006362 0.010870 -0.011228 -0.021739
0 0.002246 0.003804 -0.002994 -0.007609
0 0.002994 0.004348 -0.004491 -0.008696
0 0.002620 0.004348 -0.003743 -0.008696
0 0.002620 0.004348 -0.003743 -0.008696
0 0.002994 0.004348 -0.004491 -0.008696
0 0.002246 0.003804 -0.002994 -0.007609
0 0.002994 0.004891 -0.004491 -0.009783
0 0.002246 0.004348 -0.002994 -0.008696
0 0.002246 0.003804 -0.002994 -0.007609
0 0.005988 0.008696 -0.010479 -0.017391
0 0.002246 0.003804 -0.002994 -0.007609
0 0.004491 0.007065 -0.007485 -0.014130
0 0.002246 0.003804 -0.002994 -0.007609
0 0.003368 0.005435 -0.005240 -0.010870
0 0.002994 0.004348 -0.004491 -0.008696
0 0.007485 0.011957 -0.013473 -0.023913
0 0.002620 0.005435 -0.003743 -0.010870
0 0.002246 0.004348 -0.002994 -0.008696
0 0.002620 0.005435 -0.003743 -0.010870
0 0.005988 0.008696 -0.010479 -0.017391
0 0.002994 0.004891 -0.004491 -0.009783
0 0.002620 0.004348 -0.003743 -0.008696
0 0.002246 0.003804 -0.002994 -0.007609
0 0.002620 0.005435 -0.003743 -0.010870
0 0.002246 0.003804 -0.002994 -0.007609
0 0.003368 0.005435 -0.005240 -0.010870
0 0.002246 0.003804 -0.002994 -0.007609
0 0.002620 0.004348 -0.003743 -0.008696
0 0.007485 0.011957 -0.013473 -0.023913
0 0.002246 0.003804 -0.002994 -0.007609
0 0.002246 0.003804 -0.002994 -0.007609
0 0.007485 0.011957 -0.013473 -0.023913
0 0.002620 0.005435 -0.003743 -0.010870
0 0.007111 0.010326 -0.012725 -0.020652
0 0.002994 0.004891 -0.004491 -0.009783
0 0.002246 0.003804 -0.002994 -0.007609
0 0.002620 0.004348 -0.003743 -0.008696
0 0.002620 0.005435 -0.003743 -0.010870
0 0.002620 0.004348 -0.003743 -0.008696
0 0.002246 0.003804 -0.002994 -0.007609
0 0.002620 0.005435 -0.003743 -0.010870
0 0.005988 0.008696 -0.010479 -0.017391
0 0.002246 0.003804 -0.002994 -0.007609
0 0.002246 0.003804 -0.002994 -0.007609
0 0.002246 0.003804 -0.002994 -0.007609
0 0.005988 0.008696 -0.010479 -0.017391
0 0.002620 0.004348 -0.003743 -0.008696
0 0.002620 0.004348 -0.003743 -0.008696
0 0.002246 0.003804 -0.002994 -0.007609
0 0.002620 0.004348 -0.003743 -0.008696
0 0.002994 0.004891 -0.004491 -0.009783
0 0.002620 0.005435 -0.003743 -0.010870
0 0.006362 0.008696 -0.009731 -0.017391
0 0.003368 0.005978 -0.005240 -0.011957
0 0.002994 0.004891 -0.004491 -0.009783
0 0.002994 0.004891 -0.004491 -0.009783
0 0.002620 0.004348 -0.003743 -0.008696
0 0.007111 0.010326 -0.012725 -0.020652
0 0.003368 0.005978 -0.005240 -0.011957
0 0.007485 0.011957 -0.013473 -0.023913
0 0.002246 0.003804 -0.002994 -0.007609
0 0.002620 0.005435 -0.003743 -0.010870
0 0.002994 0.004891 -0.004491 -0.009783
0 0.002246 0.003804 -0.002994 -0.007609
0 0.002246 0.004348 -0.002994 -0.008696
0 0.002994 0.004891 -0.004491 -0.009783
0 0.002620 0.004348 -0.003743 -0.008696
0 0.002620 0.005435 -0.003743 -0.010870
0 0.002620 0.005435 -0.003743 -0.010870
0 0.002620 0.005435 -0.003743 -0.010870
0 0.002994 0.004348 -0.004491 -0.008696
0 0.002994 0.004891 -0.004491 -0.009783
0 0.003368 0.005435 -0.005240 -0.010870
0 0.002246 0.003804 -0.002994 -0.007609
0 0.003368 0.005978 -0.005240 -0.011957
0 0.005988 0.008696 -0.010479 -0.017391
0 0.002620 0.005435 -0.003743 -0.010870
0 0.002994 0.004348 -0.004491 -0.008696
0 0.002620 0.005435 -0.003743 -0.010870
0 0.002246 0.003804 -0.002994 -0.007609
0 0.002246 0.003804 -0.002994 -0.007609
0 0.002620 0.005435 -0.003743 -0.010870
0 0.002994 0.004891 -0.004491 -0.009783
0 0.002246 0.003804 -0.002994 -0.007609
0 0.005988 0.008696 -0.010479 -0.017391
0 0.002994 0.004891 -0.004491 -0.009783
0 0.002620 0.004348 -0.003743 -0.008696
0 0.002246 0.003804 -0.002994 -0.007609
0 0.002620 0.004348 -0.003743 -0.008696
0 0.002246 0.003804 -0.002994 -0.007609
0 0.002994 0.004348 -0.004491 -0.008696
0 0.002994 0.004891 -0.004491 -0.009783
0 0.002246 0.003804 -0.002994 -0.007609
0 0.005988 0.008696 -0.010479 -0.017391
0 0.002246 0.004348 -0.002994 -0.008696
0 0.002994 0.004348 -0.004491 -0.008696
0 0.002246 0.003804 -0.002994 -0.007609
0 0.002994 0.004348 -0.004491 -0.008696
0 0.005988 0.008696 -0.010479 -0.017391
0 0.002994 0.004891 -0.004491 -0.009783
0 0.002246 0.004348 -0.002994 -0.008696
0 0.003368 0.005978 -0.005240 -0.011957
0 0.002994 0.004891 -0.004491 -0.009783
0 0.002620 0.005435 -0.003743 -0.010870
0 0.005988 0.008696 -0.010479 -0.017391
0 0.002620 0.004348 -0.003743 -0.008696
0 0.002620 0.004348 -0.003743 -0.008696
0 0.002994 0.004891 -0.004491 -0.009783
0 0.007111 0.010326 -0.012725 -0.020652
0 0.003368 0.005978 -0.005240 -0.011957
0 0.006362 0.008696 -0.009731 -0.017391
0 0.003368 0.005435 -0.005240 -0.010870
0 0.002620 0.005435 -0.003743 -0.010870
0 0.002246 0.003804 -0.002994 -0.007609
0 0.002620 0.004348 -0.003743 -0.008696
0 0.003368 0.005978 -0.005240 -0.011957
0 0.002620 0.004348 -0.003743 -0.008696
0 0.000749 0.001087 0.000000 -0.002174
0 0.002620 0.004348 -0.003743 -0.008696
0 0.002620 0.004348 -0.003743 -0.008696
0 0.002994 0.004891 -0.004491 -0.009783
0 0.003368 0.005435 -0.005240 -0.010870
0 0.002620 0.004348 -0.003743 -0.008696
0 0.003368 0.005978 -0.005240 -0.011957
0 0.004491 0.007065 -0.007485 -0.014130
0 0.002246 0.003804 -0.002994 -0.007609
0 0.002994 0.004891 -0.004491 -0.009783
0 0.002620 0.005435 -0.003743 -0.010870
0 0.002246 0.003804 -0.002994 -0.007609
0 0.002620 0.005435 -0.003743 -0.010870
0 0.002994 0.004348 -0.004491 -0.008696
0 0.002620 0.005435 -0.003743 -0.010870
0 0.002620 0.005435 -0.003743 -0.010870
0 0.002246 0.003804 -0.002994 -0.007609
0 0.002620 0.004348 -0.003743 -0.008696
0 0.002994 0.004891 -0.004491 -0.009783
0 0.002994 0.004891 -0.004491 -0.009783
0 0.002994 0.004891 -0.004491 -0.009783
0 0.002620 0.004348 -0.003743 -0.008696
0 0.002620 0.005435 -0.003743 -0.010870
0 0.002246 0.003804 -0.002994 -0.007609
0 0.003368 0.005435 -0.005240 -0.010870
0 0.002620 0.005435 -0.003743 -0.010870
0 0.002994 0.004891 -0.004491 -0.009783
0 0.002246 0.003804 -0.002994 -0.007609
0 0.000749 0.001087 0.000000 -0.002174
0 0.003368 0.005978 -0.005240 -0.011957
0 0.002994 0.004891 -0.004491 -0.009783
0 0.002246 0.003804 -0.002994 -0.007609
0 0.002246 0.003804 -0.002994 -0.007609
0 0.002620 0.004348 -0.003743 -0.008696
0 0.002620 0.005435 -0.003743 -0.010870
0 0.002994 0.004891 -0.004491 -0.009783
0 0.001497 0.003261 -0.001497 -0.006522
0 0.002620 0.004348 -0.003743 -0.008696
0 0.002620 0.004348 -0.003743 -0.008696
0 0.002246 0.003804 -0.002994 -0.007609
0 0.002246 0.003804 -0.002994 -0.007609
0 0.006362 0.008696 -0.009731 -0.017391
0 0.005988 0.008696 -0.010479 -0.017391
0 0.002994 0.004891 -0.004491 -0.009783
0 0.002246 0.003804 -0.002994 -0.007609
0 0.003368 0.005435 -0.005240 -0.010870
0 0.002246 0.003804 -0.002994 -0.007609
0 0.002620 0.004348 -0.003743 -0.008696
0 0.003368 0.005435 -0.005240 -0.010870
0 0.002246 0.003804 -0.002994 -0.007609
0 0.002994 0.004348 -0.004491 -0.008696
0 0.002246 0.003804 -0.002994 -0.007609
0 0.002994 0.004348 -0.004491 -0.008696
0 0.002620 0.004348 -0.003743 -0.008696
0 0.002246 0.003804 -0.002994 -0.007609
0 0.002246 0.003804 -0.002994 -0.007609
0 0.002246 0.003804 -0.002994 -0.007609
0 0.007111 0.010326 -0.012725 -0.020652
0 0.002994 0.004348 -0.004491 -0.008696
0 0.003368 0.005978 -0.005240 -0.011957
0 0.005988 0.008696 -0.010479 -0.017391
0 0.002994 0.004891 -0.004491 -0.009783
0 0.002994 0.004891 -0.004491 -0.009783
0 0.002246 0.004348 -0.002994 -0.008696
0 0.002246 0.003804 -0.002994 -0.007609
0 0.002994 0.004348 -0.004491 -0.008696
0 0.002620 0.005435 -0.003743 -0.010870
0 0.002994 0.004891 -0.004491 -0.009783
0 0.002620 0.005435 -0.003743 -0.010870
0 0.002620 0.005435 -0.003743 -0.010870
0 0.002620 0.004348 -0.003743 -0.008696
0 0.003368 0.005978 -0.005240 -0.011957
0 0.002620 0.004348 -0.003743 -0.008696
0 0.002246 0.003804 -0.002994 -0.007609
0 0.005988 0.008696 -0.010479 -0.017391
0 0.004491 0.007065 -0.007485 -0.014130
0 0.002620 0.004348 -0.003743 -0.008696
0 0.002620 0.005435 -0.003743 -0.010870
0 0.003368 0.005978 -0.005240 -0.011957
0 0.002246 0.003804 -0.002994 -0.007609
0 0.002246 0.003804 -0.002994 -0.007609
0 0.002994 0.004891 -0.004491 -0.009783
0 0.003368 0.005435 -0.005240 -0.010870
0 0.003368 0.005435 -0.005240 -0.010870
0 0.002620 0.005435 -0.003743 -0.010870
0 0.002620 0.004348 -0.003743 -0.008696
0 0.002620 0.004348 -0.003743 -0.008696
0 0.002994 0.004891 -0.004491 -0.009783
0 0.003368 0.005978 -0.005240 -0.011957
0 0.007485 0.011957 -0.013473 -0.023913
0 0.002994 0.004348 -0.004491 -0.008696
0 0.003368 0.005435 -0.005240 -0.010870
0 0.002620 0.005435 -0.003743 -0.010870
0 0.002246 0.003804 -0.002994 -0.007609
0 0.002246 0.003804 -0.002994 -0.007609
0 0.003368 0.005435 -0.005240 -0.010870
0 0.003368 0.005435 -0.005240 -0.010870
0 0.002994 0.004891 -0.004491 -0.009783
0 0.001871 0.004348 -0.002246 -0.008696
0 0.002620 0.005435 -0.003743 -0.010870
0 0.002246 0.003804 -0.002994 -0.007609
0 0.002994 0.004348 -0.004491 -0.008696
0 0.002620 0.005435 -0.003743 -0.010870
0 0.002994 0.004348 -0.004491 -0.008696
0 0.003368 0.005435 -0.005240 -0.010870
0 0.002620 0.004348 -0.003743 -0.008696
0 0.003368 0.005435 -0.005240 -0.010870
0 0.005988 0.008696 -0.010479 -0.017391
0 0.002246 0.003804 -0.002994 -0.007609
0 0.002620 0.005435 -0.003743 -0.010870
0 0.002620 0.004348 -0.003743 -0.008696
0 0.002994 0.004891 -0.004491 -0.009783
0 0.002246 0.003804 -0.002994 -0.007609
0 0.002246 0.003804 -0.002994 -0.007609
0 0.002620 0.004348 -0.003743 -0.008696
0 0.002246 0.003804 -0.002994 -0.007609
0 0.003368 0.005435 -0.005240 -0.010870
0 0.002246 0.003804 -0.002994 -0.007609
0 0.002620 0.005435 -0.003743 -0.010870
0 0.002246 0.003804 -0.002994 -0.007609
0 0.002246 0.003804 -0.002994 -0.007609
0 0.002994 0.004891 -0.004491 -0.009783
0 0.002246 0.003804 -0.002994 -0.007609
0 0.002620 0.005435 -0.003743 -0.010870
0 0.002994 0.004348 -0.004491 -0.008696
0 0.002246 0.003804 -0.002994 -0.007609
0 0.002620 0.004348 -0.003743 -0.008696
0 0.006362 0.008696 -0.009731 -0.017391
0 0.002994 0.004891 -0.004491 -0.009783
0 0.002620 0.004348 -0.003743 -0.008696
0 0.002994 0.004348 -0.004491 -0.008696
0 0.002620 0.004348 -0.003743 -0.008696
0 0.003368 0.005978 -0.005240 -0.011957
0 0.002620 0.005435 -0.003743 -0.010870
0 0.002994 0.004348 -0.004491 -0.008696
0 0.002994 0.004891 -0.004491 -0.009783
0 0.002246 0.004348 -0.002994 -0.008696
0 0.002994 0.004891 -0.004491 -0.009783
0 0.003368 0.005978 -0.005240 -0.011957
0 0.004491 0.006522 -0.007485 -0.013043
0 0.002620 0.004348 -0.003743 -0.008696
0 0.002620 0.005435 -0.003743 -0.010870
0 0.002994 0.004891 -0.004491 -0.009783
0 0.002620 0.005435 -0.003743 -0.010870
0 0.002246 0.003804 -0.002994 -0.007609
0 0.005988 0.008696 -0.010479 -0.017391
0 0.002246 0.004348 -0.002994 -0.008696
0 0.007485 0.011957 -0.013473 -0.023913
0 0.002246 0.003804 -0.002994 -0.007609
0 0.002246 0.003804 -0.002994 -0.007609
0 0.002620 0.005435 -0.003743 -0.010870
0 0.002246 0.003804 -0.002994 -0.007609
0 0.003368 0.005435 -0.005240 -0.010870
0 0.002620 0.005435 -0.003743 -0.010870
0 0.002246 0.003804 -0.002994 -0.007609
0 0.003368 0.005978 -0.005240 -0.011957
0 0.002994 0.004891 -0.004491 -0.009783
0 0.002620 0.004348 -0.003743 -0.008696
0 0.002620 0.004348 -0.003743 -0.008696
0 0.002246 0.003804 -0.002994 -0.007609
0 0.003368 0.005978 -0.005240 -0.011957
0 0.003368 0.005435 -0.005240 -0.010870
0 0.002994 0.004348 -0.004491 -0.008696
0 0.002620 0.005435 -0.003743 -0.010870
0 0.004491 0.007065 -0.007485 -0.014130
0 0.002246 0.003804 -0.002994 -0.007609
0 0.002994 0.004348 -0.004491 -0.008696
0 0.002994 0.004348 -0.004491 -0.008696
0 0.002994 0.004348 -0.004491 -0.008696
0 0.002620 0.004348 -0.003743 -0.008696
0 0.002246 0.003804 -0.002994 -0.007609
0 0.002620 0.005435 -0.003743 -0.010870
0 0.002994 0.004891 -0.004491 -0.009783
0 0.002620 0.005435 -0.003743 -0.010870
0 0.003368 0.005435 -0.005240 -0.010870
0 0.003368 0.005978 -0.005240 -0.011957
0 0.002994 0.004348 -0.004491 -0.008696
0 0.002246 0.003804 -0.002994 -0.007609
0 0.002994 0.004348 -0.004491 -0.008696
0 0.002246 0.003804 -0.002994 -0.007609
0 0.002246 0.003804 -0.002994 -0.007609
0 0.002246 0.003804 -0.002994 -0.007609
0 0.004491 0.007065 -0.007485 -0.014130
0 0.002246 0.004348 -0.002994 -0.008696
0 0.002246 0.003804 -0.002994 -0.007609
0 0.002620 0.004348 -0.003743 -0.008696
0 0.002994 0.004891 -0.004491 -0.009783
0 0.002994 0.004348 -0.004491 -0.008696
0 0.002994 0.004891 -0.004491 -0.009783
0 0.002246 0.003804 -0.002994 -0.007609
0 0.007485 0.011957 -0.013473 -0.023913
0 0.002620 0.004348 -0.003743 -0.008696
0 0.002620 0.005435 -0.003743 -0.010870
0 0.006362 0.008696 -0.009731 -0.017391
0 0.002994 0.004891 -0.004491 -0.009783
0 0.002620 0.005435 -0.003743 -0.010870
0 0.002620 0.004348 -0.003743 -0.008696
0 0.002994 0.004348 -0.004491 -0.008696
0 0.002620 0.005435 -0.003743 -0.010870
0 0.002620 0.005435 -0.003743 -0.010870
0 0.002246 0.003804 -0.002994 -0.007609
0 0.002994 0.004891 -0.004491 -0.009783
0 0.002246 0.003804 -0.002994 -0.007609
0 0.002620 0.004348 -0.003743 -0.008696
0 0.002620 0.005435 -0.003743 -0.010870
0 0.000749 0.001087 0.000000 -0.002174
0 0.003368 0.005978 -0.005240 -0.011957
0 0.002246 0.003804 -0.002994 -0.007609
0 0.002620 0.005435 -0.003743 -0.010870
0 0.002246 0.004348 -0.002994 -0.008696
0 0.003368 0.005435 -0.005240 -0.010870
0 0.002994 0.004891 -0.004491 -0.009783
0 0.002620 0.004348 -0.003743 -0.008696
0 0.002246 0.003804 -0.002994 -0.007609
0 0.002994 0.004891 -0.004491 -0.009783
0 0.002994 0.004348 -0.004491 -0.008696
0 0.002620 0.004348 -0.003743 -0.008696
0 0.002246 0.003804 -0.002994 -0.007609
0 0.002246 0.003804 -0.002994 -0.007609
0 0.002994 0.004891 -0.004491 -0.009783
0 0.002246 0.003804 -0.002994 -0.007609
0 0.002994 0.004348 -0.004491 -0.008696
0 0.002994 0.004891 -0.004491 -0.009783
0 0.002246 0.003804 -0.002994 -0.007609
0 0.002620 0.005435 -0.003743 -0.010870
0 0.003368 0.005435 -0.005240 -0.010870
0 0.002994 0.004891 -0.004491 -0.009783
0 0.002246 0.003804 -0.002994 -0.007609
0 0.002246 0.004348 -0.002994 -0.008696
0 0.002246 0.003804 -0.002994 -0.007609
0 0.002620 0.005435 -0.003743 -0.010870
0 0.002994 0.004891 -0.004491 -0.009783
0 0.003368 0.005978 -0.005240 -0.011957
0 0.004491 0.007065 -0.007485 -0.014130
0 0.003368 0.005978 -0.005240 -0.011957
0 0.002994 0.004891 -0.004491 -0.009783
0 0.002246 0.003804 -0.002994 -0.007609
0 0.002994 0.004891 -0.004491 -0.009783
0 0.002620 0.005435 -0.003743 -0.010870
0 0.005988 0.008696 -0.010479 -0.017391
0 0.002620 0.004348 -0.003743 -0.008696
0 0.002246 0.003804 -0.002994 -0.007609
0 0.002994 0.004891 -0.004491 -0.009783
0 0.002620 0.004348 -0.003743 -0.008696
0 0.002994 0.004348 -0.004491 -0.008696
0 0.007485 0.011957 -0.013473 -0.023913
0 0.002620 0.005435 -0.003743 -0.010870
0 0.002246 0.003804 -0.002994 -0.007609
0 0.002994 0.004891 -0.004491 -0.009783
0 0.002246 0.003804 -0.002994 -0.007609
0 0.004491 0.007065 -0.007485 -0.014130
0 0.002994 0.004891 -0.004491 -0.009783
0 0.002246 0.003804 -0.002994 -0.007609
0 0.002994 0.004891 -0.004491 -0.009783
0 0.002620 0.004348 -0.003743 -0.008696
0 0.003368 0.005435 -0.005240 -0.010870
0 0.002994 0.004891 -0.004491 -0.009783
0 0.003368 0.005435 -0.005240 -0.010870
0 0.000749 0.001087 0.000000 -0.002174
0 0.002620 0.004348 -0.003743 -0.008696
0 0.003368 0.005435 -0.005240 -0.010870
0 0.003368 0.005435 -0.005240 -0.010870
0 0.002620 0.005435 -0.003743 -0.010870
0 0.002994 0.004348 -0.004491 -0.008696
0 0.002994 0.004891 -0.004491 -0.009783
0 0.002620 0.004348 -0.003743 -0.008696
0 0.002620 0.004348 -0.003743 -0.008696
0 0.000749 0.001087 0.000000 -0.002174
0 0.002620 0.005435 -0.003743 -0.010870
0 0.002620 0.004348 -0.003743 -0.008696
0 0.002246 0.003804 -0.002994 -0.007609
0 0.005988 0.008696 -0.010479 -0.017391
0 0.002620 0.005435 -0.003743 -0.010870
0 0.003368 0.005978 -0.005240 -0.011957
0 0.003368 0.005978 -0.005240 -0.011957
0 0.006362 0.008696 -0.009731 -0.017391
0 0.002620 0.004348 -0.003743 -0.008696
0 0.002994 0.004891 -0.004491 -0.009783
0 0.002620 0.004348 -0.003743 -0.008696
0 0.002620 0.004348 -0.003743 -0.008696
0 0.002620 0.004348 -0.003743 -0.008696
0 0.002620 0.005435 -0.003743 -0.010870
0 0.003368 0.005435 -0.005240 -0.010870
0 0.002246 0.003804 -0.002994 -0.007609
0 0.003368 0.005978 -0.005240 -0.011957
0 0.002620 0.004348 -0.003743 -0.008696
0 0.007111 0.010326 -0.012725 -0.020652
0 0.002620 0.004348 -0.003743 -0.008696
0 0.002246 0.003804 -0.002994 -0.007609
0 0.002620 0.005435 -0.003743 -0.010870
0 0.002246 0.003804 -0.002994 -0.007609
0 0.002620 0.005435 -0.003743 -0.010870
0 0.002620 0.004348 -0.003743 -0.008696
0 0.007111 0.010326 -0.012725 -0.020652
0 0.002620 0.004348 -0.003743 -0.008696
0 0.002620 0.005435 -0.003743 -0.010870
0 0.002620 0.005435 -0.003743 -0.010870
0 0.002620 0.005435 -0.003743 -0.010870
0 0.002620 0.005435 -0.003743 -0.010870
0 0.004491 0.007065 -0.007485 -0.014130
0 0.002620 0.005435 -0.003743 -0.010870
0 0.002620 0.005435 -0.003743 -0.010870
0 0.007485 0.011957 -0.013473 -0.023913
0 0.002620 0.005435 -0.003743 -0.010870
0 0.002994 0.004348 -0.004491 -0.008696
0 0.002246 0.003804 -0.002994 -0.007609
0 0.002246 0.003804 -0.002994 -0.007609
0 0.002620 0.004348 -0.003743 -0.008696
0 0.002994 0.004891 -0.004491 -0.009783
0 0.002246 0.003804 -0.002994 -0.007609
0 0.005988 0.008696 -0.010479 -0.017391
0 0.002620 0.005435 -0.003743 -0.010870
0 0.002620 0.004348 -0.003743 -0.008696
0 0.002620 0.005435 -0.003743 -0.010870
0 0.005988 0.008696 -0.010479 -0.017391
0 0.002994 0.004891 -0.004491 -0.009783
0 0.002620 0.004348 -0.003743 -0.008696
0 0.002246 0.003804 -0.002994 -0.007609
0 0.002246 0.003804 -0.002994 -0.007609
0 0.002246 0.003804 -0.002994 -0.007609
0 0.004865 0.007609 -0.008234 -0.015217
0 0.002994 0.004891 -0.004491 -0.009783
0 0.002620 0.004348 -0.003743 -0.008696
0 0.002994 0.004891 -0.004491 -0.009783
0 0.002620 0.004348 -0.003743 -0.008696
0 0.002246 0.003804 -0.002994 -0.007609
0 0.002620 0.005435 -0.003743 -0.010870
0 0.003368 0.005435 -0.005240 -0.010870
0 0.002620 0.004348 -0.003743 -0.008696
0 0.002620 0.005435 -0.003743 -0.010870
0 0.002994 0.004891 -0.004491 -0.009783
0 0.002620 0.005435 -0.003743 -0.010870
0 0.003368 0.005978 -0.005240 -0.011957
0 0.002620 0.004348 -0.003743 -0.008696
0 0.002620 0.005435 -0.003743 -0.010870
0 0.002994 0.004891 -0.004491 -0.009783
0 0.002246 0.003804 -0.002994 -0.007609
0 0.000749 0.001087 0.000000 -0.002174
0 0.002246 0.003804 -0.002994 -0.007609
0 0.004491 0.007065 -0.007485 -0.014130
0 0.002620 0.004348 -0.003743 -0.008696
0 0.002246 0.003804 -0.002994 -0.007609
0 0.002246 0.003804 -0.002994 -0.007609
0 0.002994 0.004891 -0.004491 -0.009783
0 0.002246 0.003804 -0.002994 -0.007609
0 0.002246 0.003804 -0.002994 -0.007609
0 0.003368 0.005978 -0.005240 -0.011957
0 0.002620 0.004348 -0.003743 -0.008696
0 0.002620 0.005435 -0.003743 -0.010870
0 0.002246 0.003804 -0.002994 -0.007609
0 0.002620 0.005435 -0.003743 -0.010870
0 0.002994 0.004891 -0.004491 -0.009783
0 0.002246 0.003804 -0.002994 -0.007609
0 0.002246 0.003804 -0.002994 -0.007609
0 0.002246 0.003804 -0.002994 -0.007609
0 0.002246 0.003804 -0.002994 -0.007609
0 0.005988 0.008696 -0.010479 -0.017391
0 0.007111 0.010326 -0.012725 -0.020652
0 0.003368 0.005435 -0.005240 -0.010870
0 0.002994 0.004891 -0.004491 -0.009783
0 0.002620 0.004348 -0.003743 -0.008696
0 0.002620 0.004348 -0.003743 -0.008696
0 0.002246 0.003804 -0.002994 -0.007609
0 0.002620 0.005435 -0.003743 -0.010870
0 0.002620 0.005435 -0.003743 -0.010870
0 0.002994 0.004891 -0.004491 -0.009783
0 0.002994 0.004891 -0.004491 -0.009783
0 0.003368 0.005435 -0.005240 -0.010870
0 0.005988 0.008696 -0.010479 -0.017391
0 0.002246 0.003804 -0.002994 -0.007609
0 0.002620 0.004348 -0.003743 -0.008696
0 0.002994 0.004891 -0.004491 -0.009783
0 0.002620 0.005435 -0.003743 -0.010870
0 0.002620 0.005435 -0.003743 -0.010870
0 0.002994 0.004891 -0.004491 -0.009783
0 0.002246 0.003804 -0.002994 -0.007609
0 0.002246 0.003804 -0.002994 -0.007609
0 0.002620 0.005435 -0.003743 -0.010870
0 0.002246 0.003804 -0.002994 -0.007609
0 0.002620 0.005435 -0.003743 -0.010870
0 0.002246 0.003804 -0.002994 -0.007609
0 0.002994 0.004348 -0.004491 -0.008696
0 0.002246 0.003804 -0.002994 -0.007609
0 0.002246 0.004348 -0.002994 -0.008696
0 0.003368 0.005435 -0.005240 -0.010870
0 0.002620 0.005435 -0.003743 -0.010870
0 0.002994 0.004891 -0.004491 -0.009783
0 0.003368 0.005435 -0.005240 -0.010870
0 0.002620 0.005435 -0.003743 -0.010870
0 0.002246 0.004348 -0.002994 -0.008696
0 0.007111 0.010326 -0.012725 -0.020652
0 0.002620 0.004348 -0.003743 -0.008696
0 0.002246 0.003804 -0.002994 -0.007609
0 0.002994 0.004891 -0.004491 -0.009783
0 0.002620 0.004348 -0.003743 -0.008696
0 0.002994 0.004348 -0.004491 -0.008696
0 0.002994 0.004891 -0.004491 -0.009783
0 0.002246 0.003804 -0.002994 -0.007609
0 0.005988 0.008696 -0.010479 -0.017391
0 0.003368 0.005978 -0.005240 -0.011957
0 0.002994 0.004891 -0.004491 -0.009783
0 0.002246 0.003804 -0.002994 -0.007609
0 0.002246 0.003804 -0.002994 -0.007609
0 0.002994 0.004348 -0.004491 -0.008696
0 0.002994 0.004891 -0.004491 -0.009783
0 0.002994 0.004891 -0.004491 -0.009783
0 0.002246 0.003804 -0.002994 -0.007609
0 0.003368 0.005978 -0.005240 -0.011957
0 0.002620 0.004348 -0.003743 -0.008696
0 0.002246 0.003804 -0.002994 -0.007609
0 0.002994 0.004891 -0.004491 -0.009783
0 0.007111 0.010326 -0.012725 -0.020652
0 0.002246 0.004348 -0.002994 -0.008696