0 0.017578 0.029297 -0.032552 -0.058594
0 0.016927 0.022461 -0.031250 -0.044922
0 0.016927 0.022461 -0.031250 -0.044922
0 0.006510 0.009766 -0.010417 -0.015625
0 0.017578 0.029297 -0.032552 -0.058594
0 0.014974 0.032227 -0.027344 -0.064453
0 0.011068 0.014648 -0.019531 -0.029297
0 0.011068 0.014648 -0.019531 -0.029297
0 0.011068 0.015625 -0.019531 -0.027344
0 0.008464 0.012695 -0.014323 -0.021484
0 0.017578 0.029297 -0.032552 -0.058594
0 0.014974 0.032227 -0.027344 -0.064453
0 0.014974 0.032227 -0.027344 -0.064453
0 0.017578 0.029297 -0.032552 -0.058594
0 0.016927 0.022461 -0.031250 -0.044922
0 0.026693 0.042969 -0.050781 -0.085938
0 0.016927 0.022461 -0.031250 -0.044922
0 0.006510 0.009766 -0.010417 -0.015625
0 0.017578 0.029297 -0.032552 -0.058594
0 0.017578 0.022461 -0.029948 -0.044922
0 0.006510 0.009766 -0.010417 -0.015625
0 0.016927 0.022461 -0.031250 -0.044922
0 0.006510 0.009766 -0.010417 -0.015625
0 0.006510 0.009766 -0.010417 -0.015625
0 0.016927 0.022461 -0.031250 -0.044922
0 0.011068 0.015625 -0.019531 -0.027344
0 0.015625 0.032227 -0.026042 -0.064453
0 0.016927 0.022461 -0.031250 -0.044922
0 0.006510 0.009766 -0.010417 -0.015625
0 0.006510 0.009766 -0.010417 -0.015625
0 0.016927 0.022461 -0.031250 -0.044922
0 0.016927 0.022461 -0.031250 -0.044922
0 0.014974 0.032227 -0.027344 -0.064453
0 0.016927 0.022461 -0.031250 -0.044922
0 0.016927 0.022461 -0.031250 -0.044922
0 0.006510 0.009766 -0.010417 -0.015625
0 0.016927 0.022461 -0.031250 -0.044922
0 0.026693 0.042969 -0.050781 -0.085938
0 0.016927 0.022461 -0.031250 -0.044922
0 0.011068 0.014648 -0.019531 -0.029297
0 0.016927 0.022461 -0.031250 -0.044922
0 0.017578 0.029297 -0.032552 -0.058594
0 0.006510 0.009766 -0.010417 -0.015625
0 0.015625 0.032227 -0.026042 -0.064453
0 0.014974 0.032227 -0.027344 -0.064453
0 0.014974 0.032227 -0.027344 -0.064453
0 0.006510 0.009766 -0.010417 -0.015625
0 0.011068 0.014648 -0.019531 -0.029297
0 0.011068 0.014648 -0.019531 -0.029297
0 0.016927 0.022461 -0.031250 -0.044922
0 0.017578 0.029297 -0.032552 -0.058594
0 0.016927 0.022461 -0.031250 -0.044922
0 0.016927 0.022461 -0.031250 -0.044922
0 0.016927 0.022461 -0.031250 -0.044922
0 0.017578 0.029297 -0.032552 -0.058594
0 0.014974 0.032227 -0.027344 -0.064453
0 0.011068 0.014648 -0.019531 -0.029297
0 0.017578 0.022461 -0.029948 -0.044922
0 0.017578 0.029297 -0.032552 -0.058594
0 0.016927 0.022461 -0.031250 -0.044922
0 0.016927 0.022461 -0.031250 -0.044922
0 0.011068 0.014648 -0.019531 -0.029297
0 0.011068 0.015625 -0.019531 -0.027344
0 0.006510 0.009766 -0.010417 -0.015625
0 0.016927 0.022461 -0.031250 -0.044922
0 0.016927 0.022461 -0.031250 -0.044922
0 0.006510 0.009766 -0.010417 -0.015625
0 0.016927 0.022461 -0.031250 -0.044922
0 0.014323 0.018555 -0.023438 -0.037109
0 0.017578 0.029297 -0.032552 -0.058594
0 0.016927 0.022461 -0.031250 -0.044922
0 0.014974 0.032227 -0.027344 -0.064453
0 0.016927 0.022461 -0.031250 -0.044922
0 0.011068 0.015625 -0.019531 -0.027344
0 0.016927 0.022461 -0.031250 -0.044922
0 0.006510 0.009766 -0.010417 -0.015625
0 0.017578 0.029297 -0.032552 -0.058594
0 0.011068 0.015625 -0.019531 -0.027344
0 0.011068 0.015625 -0.019531 -0.027344
0 0.016927 0.022461 -0.031250 -0.044922
0 0.014974 0.032227 -0.027344 -0.064453
0 0.014974 0.032227 -0.027344 -0.064453
0 0.016927 0.022461 -0.031250 -0.044922
0 0.014974 0.032227 -0.027344 -0.064453
0 0.011068 0.014648 -0.019531 -0.029297
0 0.006510 0.009766 -0.010417 -0.015625
0 0.016927 0.022461 -0.031250 -0.044922
0 0.011068 0.014648 -0.019531 -0.029297
0 0.016927 0.022461 -0.031250 -0.044922
0 0.011068 0.014648 -0.019531 -0.029297
0 0.016927 0.022461 -0.031250 -0.044922
0 0.011068 0.015625 -0.019531 -0.027344
0 0.016927 0.022461 -0.031250 -0.044922
0 0.016927 0.022461 -0.031250 -0.044922
0 0.011068 0.014648 -0.019531 -0.029297
0 0.016927 0.022461 -0.031250 -0.044922
0 0.017578 0.022461 -0.029948 -0.044922
0 0.014974 0.032227 -0.027344 -0.064453
0 0.011068 0.014648 -0.019531 -0.029297
0 0.006510 0.009766 -0.010417 -0.015625
0 0.011068 0.014648 -0.019531 -0.029297
0 0.017578 0.029297 -0.032552 -0.058594
0 0.017578 0.022461 -0.029948 -0.044922
0 0.006510 0.009766 -0.010417 -0.015625
0 0.014974 0.032227 -0.027344 -0.064453
0 0.016927 0.022461 -0.031250 -0.044922
0 0.014974 0.032227 -0.027344 -0.064453
0 0.013672 0.018555 -0.024740 -0.037109
0 0.016927 0.022461 -0.031250 -0.044922
0 0.014974 0.032227 -0.027344 -0.064453
0 0.026693 0.042969 -0.050781 -0.085938
0 0.017578 0.029297 -0.032552 -0.058594
0 0.017578 0.029297 -0.032552 -0.058594
0 0.016927 0.022461 -0.031250 -0.044922
0 0.017578 0.029297 -0.032552 -0.058594
0 0.006510 0.009766 -0.010417 -0.015625
0 0.016927 0.022461 -0.031250 -0.044922
0 0.011068 0.015625 -0.019531 -0.027344
0 0.017578 0.029297 -0.032552 -0.058594
0 0.016927 0.022461 -0.031250 -0.044922
0 0.026693 0.042969 -0.050781 -0.085938
0 0.017578 0.029297 -0.032552 -0.058594