0 0.001838 0.002451 -0.003064 -0.004902
0 0.001838 0.002451 -0.003064 -0.004902
0 0.002298 0.003268 -0.003983 -0.006536
0 0.001838 0.002451 -0.003064 -0.004902
0 0.002298 0.003268 -0.003983 -0.006536
0 0.001838 0.002451 -0.003064 -0.004902
0 0.001838 0.002451 -0.003064 -0.004902
0 0.001838 0.002451 -0.003064 -0.004902
0 0.003523 0.006740 -0.006434 -0.013480
0 0.001838 0.002451 -0.003064 -0.004902
0 0.002298 0.003268 -0.003983 -0.006536
0 0.003523 0.006740 -0.006434 -0.013480
0 0.001838 0.002451 -0.003064 -0.004902
0 0.001838 0.002451 -0.003064 -0.004902
0 0.001838 0.002451 -0.003064 -0.004902
0 0.001838 0.002451 -0.003064 -0.004902
0 0.001838 0.002451 -0.003064 -0.004902
0 0.002298 0.003268 -0.003983 -0.006536
0 0.001838 0.002451 -0.003064 -0.004902
0 0.003523 0.006740 -0.006434 -0.013480
0 0.003523 0.006740 -0.006434 -0.013480
0 0.001838 0.002451 -0.003064 -0.004902
0 0.002298 0.003268 -0.003983 -0.006536
0 0.002298 0.003268 -0.003983 -0.006536
0 0.003523 0.006740 -0.006434 -0.013480
0 0.002298 0.003268 -0.003983 -0.006536
0 0.003523 0.006740 -0.006434 -0.013480
0 0.002298 0.003268 -0.003983 -0.006536
0 0.001838 0.002451 -0.003064 -0.004902
0 0.001838 0.002451 -0.003064 -0.004902
0 0.003523 0.006740 -0.006434 -0.013480
0 0.001838 0.002451 -0.003064 -0.004902
0 0.001838 0.002451 -0.003064 -0.004902
0 0.002298 0.003268 -0.003983 -0.006536
0 0.001838 0.002451 -0.003064 -0.004902
0 0.001838 0.002451 -0.003064 -0.004902
0 0.001838 0.002451 -0.003064 -0.004902
0 0.001838 0.002451 -0.003064 -0.004902
0 0.006434 0.011029 -0.012255 -0.022059
0 0.003523 0.006740 -0.006434 -0.013480
0 0.001838 0.002451 -0.003064 -0.004902
0 0.002298 0.003268 -0.003983 -0.006536
0 0.002298 0.003268 -0.003983 -0.006536
0 0.002298 0.003268 -0.003983 -0.006536
0 0.003523 0.006740 -0.006434 -0.013480
0 0.003523 0.006740 -0.006434 -0.013480
0 0.005055 0.009600 -0.009498 -0.019199
0 0.003523 0.006740 -0.006434 -0.013480
0 0.002298 0.003268 -0.003983 -0.006536
0 0.003523 0.006740 -0.006434 -0.013480
0 0.002298 0.003268 -0.003983 -0.006536
0 0.005055 0.009600 -0.009498 -0.019199
0 0.002298 0.003268 -0.003983 -0.006536
0 0.002298 0.003268 -0.003983 -0.006536
0 0.001838 0.002451 -0.003064 -0.004902
0 0.001838 0.002451 -0.003064 -0.004902
0 0.001838 0.002451 -0.003064 -0.004902
0 0.002911 0.004902 -0.005208 -0.009804
0 0.001838 0.002451 -0.003064 -0.004902
0 0.002911 0.004902 -0.005208 -0.009804
0 0.003523 0.006740 -0.006434 -0.013480
0 0.001838 0.002451 -0.003064 -0.004902
0 0.002298 0.003268 -0.003983 -0.006536
0 0.002298 0.003268 -0.003983 -0.006536
0 0.001838 0.002451 -0.003064 -0.004902
0 0.002298 0.003268 -0.003983 -0.006536
0 0.001838 0.002451 -0.003064 -0.004902
0 0.002298 0.003268 -0.003983 -0.006536
0 0.002298 0.003268 -0.003983 -0.006536
0 0.001838 0.002451 -0.003064 -0.004902
0 0.006434 0.011029 -0.012255 -0.022059
0 0.001838 0.002451 -0.003064 -0.004902
0 0.002298 0.003268 -0.003983 -0.006536
0 0.001838 0.002451 -0.003064 -0.004902
0 0.001838 0.002451 -0.003064 -0.004902
0 0.001838 0.002451 -0.003064 -0.004902
0 0.003523 0.006740 -0.006434 -0.013480
0 0.001838 0.002451 -0.003064 -0.004902
0 0.006434 0.011029 -0.012255 -0.022059
0 0.003523 0.006740 -0.006434 -0.013480
0 0.003523 0.006740 -0.006434 -0.013480
0 0.002298 0.003268 -0.003983 -0.006536
0 0.002298 0.003268 -0.003983 -0.006536
0 0.003523 0.006740 -0.006434 -0.013480
0 0.002911 0.004902 -0.005208 -0.009804
0 0.001838 0.002451 -0.003064 -0.004902
0 0.001838 0.002451 -0.003064 -0.004902
0 0.002298 0.003268 -0.003983 -0.006536
0 0.002298 0.003268 -0.003983 -0.006536
0 0.001838 0.002451 -0.003064 -0.004902
0 0.001838 0.002451 -0.003064 -0.004902
0 0.002298 0.003268 -0.003983 -0.006536
0 0.001838 0.002451 -0.003064 -0.004902
0 0.001838 0.002451 -0.003064 -0.004902
0 0.001838 0.002451 -0.003064 -0.004902
0 0.001838 0.002451 -0.003064 -0.004902
0 0.005055 0.009600 -0.009498 -0.019199
0 0.003523 0.006740 -0.006434 -0.013480
0 0.001838 0.002451 -0.003064 -0.004902
0 0.001838 0.002451 -0.003064 -0.004902
0 0.001838 0.002451 -0.003064 -0.004902
0 0.002298 0.003268 -0.003983 -0.006536
0 0.005055 0.009600 -0.009498 -0.019199
0 0.003523 0.006740 -0.006434 -0.013480
0 0.003523 0.006740 -0.006434 -0.013480
0 0.001838 0.002451 -0.003064 -0.004902
0 0.001838 0.002451 -0.003064 -0.004902
0 0.002298 0.003268 -0.003983 -0.006536
0 0.001838 0.002451 -0.003064 -0.004902
0 0.001838 0.002451 -0.003064 -0.004902
0 0.003523 0.006740 -0.006434 -0.013480
0 0.002298 0.003268 -0.003983 -0.006536
0 0.001838 0.002451 -0.003064 -0.004902
0 0.002298 0.003268 -0.003983 -0.006536
0 0.001838 0.002451 -0.003064 -0.004902
0 0.001838 0.002451 -0.003064 -0.004902
0 0.002298 0.003268 -0.003983 -0.006536
0 0.002298 0.003268 -0.003983 -0.006536
0 0.001838 0.002451 -0.003064 -0.004902
0 0.001838 0.002451 -0.003064 -0.004902
0 0.005055 0.009600 -0.009498 -0.019199
0 0.002298 0.003268 -0.003983 -0.006536
0 0.002298 0.003268 -0.003983 -0.006536
0 0.003523 0.006740 -0.006434 -0.013480
0 0.002298 0.003268 -0.003983 -0.006536
0 0.001838 0.002451 -0.003064 -0.004902
0 0.002298 0.003268 -0.003983 -0.006536
0 0.002298 0.003268 -0.003983 -0.006536
0 0.001838 0.002451 -0.003064 -0.004902
0 0.002298 0.003268 -0.003983 -0.006536
0 0.001838 0.002451 -0.003064 -0.004902
0 0.001838 0.002451 -0.003064 -0.004902
0 0.001838 0.002451 -0.003064 -0.004902
0 0.001838 0.002451 -0.003064 -0.004902
0 0.001838 0.002451 -0.003064 -0.004902
0 0.001838 0.002451 -0.003064 -0.004902
0 0.001838 0.002451 -0.003064 -0.004902
0 0.005055 0.009600 -0.009498 -0.019199
0 0.001838 0.002451 -0.003064 -0.004902
0 0.002298 0.003268 -0.003983 -0.006536
0 0.002911 0.004902 -0.005208 -0.009804
0 0.002298 0.003268 -0.003983 -0.006536
0 0.003523 0.006536 -0.006434 -0.013072
0 0.005668 0.010212 -0.010723 -0.020425
0 0.003523 0.006740 -0.006434 -0.013480
0 0.002298 0.003268 -0.003983 -0.006536
0 0.003523 0.006740 -0.006434 -0.013480
0 0.001838 0.002451 -0.003064 -0.004902
0 0.006434 0.011029 -0.012255 -0.022059
0 0.001838 0.002451 -0.003064 -0.004902
0 0.001838 0.002451 -0.003064 -0.004902
0 0.005055 0.009600 -0.009498 -0.019199
0 0.003217 0.005719 -0.005821 -0.011438
0 0.001838 0.002451 -0.003064 -0.004902
0 0.001838 0.002451 -0.003064 -0.004902
0 0.001838 0.002451 -0.003064 -0.004902
0 0.002298 0.003268 -0.003983 -0.006536
0 0.002298 0.003268 -0.003983 -0.006536
0 0.002298 0.003268 -0.003983 -0.006536
0 0.003830 0.007353 -0.007047 -0.014706
0 0.002298 0.003268 -0.003983 -0.006536
0 0.005055 0.009600 -0.009498 -0.019199
0 0.002298 0.003268 -0.003983 -0.006536
0 0.001838 0.002451 -0.003064 -0.004902
0 0.002298 0.003268 -0.003983 -0.006536
0 0.003523 0.006740 -0.006434 -0.013480
0 0.001838 0.002451 -0.003064 -0.004902
0 0.003523 0.006740 -0.006434 -0.013480
0 0.003523 0.006740 -0.006434 -0.013480
0 0.002145 0.003064 -0.003676 -0.006127
0 0.003523 0.006740 -0.006434 -0.013480
0 0.001838 0.002451 -0.003064 -0.004902
0 0.001838 0.002451 -0.003064 -0.004902
0 0.002298 0.003268 -0.003983 -0.006536
0 0.003523 0.006740 -0.006434 -0.013480
0 0.002298 0.003268 -0.003983 -0.006536
0 0.001838 0.002451 -0.003064 -0.004902
0 0.001838 0.002451 -0.003064 -0.004902
0 0.003523 0.006740 -0.006434 -0.013480
0 0.002298 0.003268 -0.003983 -0.006536
0 0.002298 0.003268 -0.003983 -0.006536
0 0.003217 0.005719 -0.005821 -0.011438
0 0.001838 0.002451 -0.003064 -0.004902
0 0.002298 0.003268 -0.003983 -0.006536
0 0.001838 0.002451 -0.003064 -0.004902
0 0.002298 0.003268 -0.003983 -0.006536
0 0.006434 0.011029 -0.012255 -0.022059
0 0.002298 0.003268 -0.003983 -0.006536
0 0.002298 0.003268 -0.003983 -0.006536
0 0.001838 0.002451 -0.003064 -0.004902
0 0.006434 0.011029 -0.012255 -0.022059
0 0.001838 0.002451 -0.003064 -0.004902
0 0.006434 0.011029 -0.012255 -0.022059
0 0.002298 0.003268 -0.003983 -0.006536
0 0.002298 0.003268 -0.003983 -0.006536
0 0.003217 0.005719 -0.005821 -0.011438
0 0.002298 0.003268 -0.003983 -0.006536
0 0.001838 0.002451 -0.003064 -0.004902
0 0.002298 0.003268 -0.003983 -0.006536
0 0.002298 0.003268 -0.003983 -0.006536
0 0.001838 0.002451 -0.003064 -0.004902
0 0.002298 0.003268 -0.003983 -0.006536
0 0.001838 0.002451 -0.003064 -0.004902
0 0.002298 0.003268 -0.003983 -0.006536
0 0.002298 0.003268 -0.003983 -0.006536
0 0.002298 0.003268 -0.003983 -0.006536
0 0.003523 0.006740 -0.006434 -0.013480
0 0.003523 0.006740 -0.006434 -0.013480
0 0.005055 0.009600 -0.009498 -0.019199
0 0.001838 0.002451 -0.003064 -0.004902
0 0.003523 0.006740 -0.006434 -0.013480
0 0.005055 0.009600 -0.009498 -0.019199
0 0.001838 0.002451 -0.003064 -0.004902
0 0.001838 0.002451 -0.003064 -0.004902
0 0.003523 0.006740 -0.006434 -0.013480
0 0.003523 0.006536 -0.006434 -0.013072
0 0.001838 0.002451 -0.003064 -0.004902
0 0.001838 0.002451 -0.003064 -0.004902
0 0.003523 0.006536 -0.006434 -0.013072
0 0.003523 0.006740 -0.006434 -0.013480
0 0.001838 0.002451 -0.003064 -0.004902
0 0.002298 0.003268 -0.003983 -0.006536
0 0.002298 0.003268 -0.003983 -0.006536
0 0.005055 0.009600 -0.009498 -0.019199
0 0.002298 0.003268 -0.003983 -0.006536
0 0.002298 0.003268 -0.003983 -0.006536
0 0.001838 0.002451 -0.003064 -0.004902
0 0.001838 0.002451 -0.003064 -0.004902
0 0.002298 0.003268 -0.003983 -0.006536
0 0.001838 0.002451 -0.003064 -0.004902
0 0.001838 0.002451 -0.003064 -0.004902
0 0.002298 0.003268 -0.003983 -0.006536
0 0.001838 0.002451 -0.003064 -0.004902
0 0.001838 0.002451 -0.003064 -0.004902
0 0.001838 0.002451 -0.003064 -0.004902
0 0.001838 0.002451 -0.003064 -0.004902
0 0.002298 0.003268 -0.003983 -0.006536
0 0.003523 0.006740 -0.006434 -0.013480
0 0.003523 0.006740 -0.006434 -0.013480
0 0.002298 0.003268 -0.003983 -0.006536
0 0.005668 0.010212 -0.010723 -0.020425
0 0.003523 0.006740 -0.006434 -0.013480
0 0.001838 0.002451 -0.003064 -0.004902
0 0.002298 0.003268 -0.003983 -0.006536
0 0.001838 0.002451 -0.003064 -0.004902
0 0.002298 0.003268 -0.003983 -0.006536
0 0.003217 0.005719 -0.005821 -0.011438
0 0.001838 0.002451 -0.003064 -0.004902
0 0.003523 0.006740 -0.006434 -0.013480
0 0.001838 0.002451 -0.003064 -0.004902
0 0.002298 0.003268 -0.003983 -0.006536
0 0.002298 0.003268 -0.003983 -0.006536
0 0.001838 0.002451 -0.003064 -0.004902
0 0.002298 0.003268 -0.003983 -0.006536
0 0.002298 0.003268 -0.003983 -0.006536
0 0.003523 0.006740 -0.006434 -0.013480
0 0.002145 0.003064 -0.003676 -0.006127
0 0.002298 0.003268 -0.003983 -0.006536
0 0.002298 0.003268 -0.003983 -0.006536
0 0.001838 0.002451 -0.003064 -0.004902
0 0.003523 0.006740 -0.006434 -0.013480
0 0.001838 0.002451 -0.003064 -0.004902
0 0.001838 0.002451 -0.003064 -0.004902
0 0.002298 0.003268 -0.003983 -0.006536
0 0.001838 0.002451 -0.003064 -0.004902
0 0.002298 0.003268 -0.003983 -0.006536
0 0.001838 0.002451 -0.003064 -0.004902
0 0.001838 0.002451 -0.003064 -0.004902