0 0.003667 0.004990 -0.006000 -0.009980
0 0.013667 0.019960 -0.026000 -0.039920
0 0.006000 0.008982 -0.010667 -0.017964
0 0.003667 0.004990 -0.006000 -0.009980
0 0.003000 0.004491 -0.004667 -0.008982
0 0.005000 0.008982 -0.008667 -0.017964
0 0.003000 0.004990 -0.004667 -0.009980
0 0.001333 0.002495 -0.001333 -0.004990
0 0.005667 0.009980 -0.010000 -0.019960
0 0.004000 0.005988 -0.006667 -0.011976
0 0.004000 0.005988 -0.006667 -0.011976
0 0.007667 0.014471 -0.014000 -0.028942
0 0.004000 0.005988 -0.006667 -0.011976
0 0.003000 0.004990 -0.004667 -0.009980
0 0.006000 0.008982 -0.010667 -0.017964
0 0.006667 0.011477 -0.012000 -0.022954
0 0.005000 0.008982 -0.008667 -0.017964
0 0.003667 0.004990 -0.006000 -0.009980
0 0.005000 0.008982 -0.008667 -0.017964
0 0.001333 0.002495 -0.001333 -0.004990
0 0.004000 0.005988 -0.006667 -0.011976
0 0.005000 0.008982 -0.008667 -0.017964
0 0.001333 0.002495 -0.001333 -0.004990
0 0.006667 0.011477 -0.012000 -0.022954
0 0.003667 0.004990 -0.006000 -0.009980
0 0.004000 0.005988 -0.006667 -0.011976
0 0.004000 0.005988 -0.006667 -0.011976
0 0.004000 0.005988 -0.006667 -0.011976
0 0.003667 0.004990 -0.006000 -0.009980
0 0.004333 0.008982 -0.007333 -0.017964
0 0.003667 0.004990 -0.006000 -0.009980
0 0.005000 0.008982 -0.008667 -0.017964
0 0.001333 0.002495 -0.001333 -0.004990
0 0.001333 0.002495 -0.001333 -0.004990
0 0.004000 0.005988 -0.006667 -0.011976
0 0.006000 0.008982 -0.010667 -0.017964
0 0.006000 0.008982 -0.010667 -0.017964
0 0.005000 0.008982 -0.008667 -0.017964
0 0.004000 0.005988 -0.006667 -0.011976
0 0.005000 0.008982 -0.008667 -0.017964
0 0.004667 0.007485 -0.008000 -0.014970
0 0.005000 0.008483 -0.008667 -0.016966
0 0.001333 0.002495 -0.001333 -0.004990
0 0.004000 0.005988 -0.006667 -0.011976
0 0.002333 0.004491 -0.003333 -0.008982
0 0.003667 0.004990 -0.006000 -0.009980
0 0.004000 0.005988 -0.006667 -0.011976
0 0.005000 0.008982 -0.008667 -0.017964
0 0.007000 0.017465 -0.012667 -0.034930
0 0.004000 0.005988 -0.006667 -0.011976
0 0.002333 0.003493 -0.003333 -0.006986
0 0.005667 0.009980 -0.010000 -0.019960
0 0.003667 0.004990 -0.006000 -0.009980
0 0.004000 0.005988 -0.006667 -0.011976
0 0.008000 0.017465 -0.014667 -0.034930
0 0.003000 0.004990 -0.004667 -0.009980
0 0.003667 0.004990 -0.006000 -0.009980
0 0.001333 0.002495 -0.001333 -0.004990
0 0.007000 0.017465 -0.012667 -0.034930
0 0.005000 0.008982 -0.008667 -0.017964
0 0.004333 0.007984 -0.007333 -0.015968
0 0.007333 0.013473 -0.013333 -0.026946
0 0.003667 0.004990 -0.006000 -0.009980
0 0.007000 0.017465 -0.012667 -0.034930
0 0.006000 0.008982 -0.010667 -0.017964
0 0.007333 0.013473 -0.013333 -0.026946
0 0.001333 0.002495 -0.001333 -0.004990
0 0.003667 0.004990 -0.006000 -0.009980
0 0.003000 0.004491 -0.004667 -0.008982
0 0.010667 0.021956 -0.020000 -0.043912
0 0.007667 0.014471 -0.014000 -0.028942
0 0.007333 0.013473 -0.013333 -0.026946
0 0.003667 0.004990 -0.006000 -0.009980
0 0.003667 0.004990 -0.006000 -0.009980
0 0.002333 0.004491 -0.003333 -0.008982
0 0.006000 0.008982 -0.010667 -0.017964
0 0.010667 0.021956 -0.020000 -0.043912
0 0.004000 0.005988 -0.006667 -0.011976
0 0.004000 0.005988 -0.006667 -0.011976
0 0.005000 0.008982 -0.008667 -0.017964
0 0.004333 0.007984 -0.007333 -0.015968
0 0.006667 0.013473 -0.012000 -0.026946
0 0.005000 0.008982 -0.008667 -0.017964
0 0.010667 0.021956 -0.020000 -0.043912
0 0.004000 0.005988 -0.006667 -0.011976
0 0.006000 0.008982 -0.010667 -0.017964
0 0.001333 0.002495 -0.001333 -0.004990
0 0.002333 0.003493 -0.003333 -0.006986
0 0.004000 0.005988 -0.006667 -0.011976
0 0.030000 0.041417 -0.058667 -0.082834
0 0.004000 0.005988 -0.006667 -0.011976
0 0.003333 0.005489 -0.005333 -0.010978
0 0.003000 0.004491 -0.004667 -0.008982
0 0.001333 0.002495 -0.001333 -0.004990
0 0.007667 0.014471 -0.014000 -0.028942
0 0.006000 0.008982 -0.010667 -0.017964
0 0.008333 0.014471 -0.015333 -0.028942
0 0.007000 0.017465 -0.012667 -0.034930
0 0.005000 0.008982 -0.008667 -0.017964
0 0.004000 0.005988 -0.006667 -0.011976
0 0.003667 0.004990 -0.006000 -0.009980
0 0.003667 0.004990 -0.006000 -0.009980
0 0.008000 0.017465 -0.014667 -0.034930
0 0.003667 0.004990 -0.006000 -0.009980
0 0.004000 0.005988 -0.006667 -0.011976
0 0.003667 0.004990 -0.006000 -0.009980
0 0.004000 0.005988 -0.006667 -0.011976
0 0.003333 0.005489 -0.005333 -0.010978
0 0.003667 0.004990 -0.006000 -0.009980
0 0.001333 0.002495 -0.001333 -0.004990
0 0.006000 0.008982 -0.010667 -0.017964
0 0.004000 0.005988 -0.006667 -0.011976
0 0.005000 0.008982 -0.008667 -0.017964
0 0.008000 0.017465 -0.014667 -0.034930
0 0.007667 0.015469 -0.014000 -0.030938
0 0.004667 0.007485 -0.008000 -0.014970
0 0.003000 0.004491 -0.004667 -0.008982
0 0.003667 0.004990 -0.006000 -0.009980
0 0.001333 0.002495 -0.001333 -0.004990
0 0.001333 0.002495 -0.001333 -0.004990
0 0.004333 0.007984 -0.007333 -0.015968
0 0.006000 0.008982 -0.010667 -0.017964
0 0.005000 0.008982 -0.008667 -0.017964
0 0.006000 0.008982 -0.010667 -0.017964
0 0.006000 0.008982 -0.010667 -0.017964
0 0.006667 0.011477 -0.012000 -0.022954
0 0.003667 0.004990 -0.006000 -0.009980
0 0.006000 0.008982 -0.010667 -0.017964
0 0.005000 0.008982 -0.008667 -0.017964
0 0.007333 0.013473 -0.013333 -0.026946
0 0.004000 0.005988 -0.006667 -0.011976
0 0.003667 0.004990 -0.006000 -0.009980
0 0.007000 0.017465 -0.012667 -0.034930
0 0.003667 0.004990 -0.006000 -0.009980
0 0.007000 0.017465 -0.012667 -0.034930
0 0.006000 0.008982 -0.010667 -0.017964
0 0.004000 0.005988 -0.006667 -0.011976
0 0.007667 0.014471 -0.014000 -0.028942
0 0.003667 0.005489 -0.006000 -0.010978
0 0.003667 0.004990 -0.006000 -0.009980
0 0.004667 0.007485 -0.008000 -0.014970
0 0.007667 0.014471 -0.014000 -0.028942
0 0.004000 0.005988 -0.006667 -0.011976
0 0.005000 0.008982 -0.008667 -0.017964
0 0.007667 0.015469 -0.014000 -0.030938
0 0.003333 0.005489 -0.005333 -0.010978
0 0.004333 0.007984 -0.007333 -0.015968
0 0.003667 0.004990 -0.006000 -0.009980
0 0.010667 0.021956 -0.020000 -0.043912
0 0.005000 0.008982 -0.008667 -0.017964
0 0.003000 0.004491 -0.004667 -0.008982
0 0.003333 0.005489 -0.005333 -0.010978
0 0.007000 0.017465 -0.012667 -0.034930
0 0.007667 0.015469 -0.014000 -0.030938
0 0.006667 0.011477 -0.012000 -0.022954
0 0.005000 0.008982 -0.008667 -0.017964
0 0.004000 0.005988 -0.006667 -0.011976
0 0.006667 0.011477 -0.012000 -0.022954
0 0.006000 0.008982 -0.010667 -0.017964
0 0.006000 0.008982 -0.010667 -0.017964
0 0.005000 0.010978 -0.008667 -0.021956
0 0.007667 0.014471 -0.014000 -0.028942
0 0.001333 0.002495 -0.001333 -0.004990
0 0.003667 0.004990 -0.006000 -0.009980
0 0.007000 0.013473 -0.012667 -0.026946
0 0.004000 0.005988 -0.006667 -0.011976
0 0.008333 0.014471 -0.015333 -0.028942
0 0.006667 0.011477 -0.012000 -0.022954
0 0.004000 0.005988 -0.006667 -0.011976
0 0.005000 0.008982 -0.008667 -0.017964
0 0.004000 0.005988 -0.006667 -0.011976
0 0.007667 0.014471 -0.014000 -0.028942
0 0.007333 0.013473 -0.013333 -0.026946
0 0.006000 0.008982 -0.010667 -0.017964
0 0.005000 0.008982 -0.008667 -0.017964
0 0.007667 0.014471 -0.014000 -0.028942
0 0.003667 0.004990 -0.006000 -0.009980
0 0.005333 0.009980 -0.009333 -0.019960
0 0.003000 0.004990 -0.004667 -0.009980
0 0.001333 0.002495 -0.001333 -0.004990
0 0.003667 0.004990 -0.006000 -0.009980
0 0.008000 0.017465 -0.014667 -0.034930
0 0.006000 0.008982 -0.010667 -0.017964
0 0.004333 0.007984 -0.007333 -0.015968
0 0.013667 0.019960 -0.026000 -0.039920
0 0.003667 0.004990 -0.006000 -0.009980
0 0.003000 0.004491 -0.004667 -0.008982
0 0.005000 0.008982 -0.008667 -0.017964
0 0.006667 0.011477 -0.012000 -0.022954
0 0.007667 0.015469 -0.014000 -0.030938
0 0.006667 0.011477 -0.012000 -0.022954
0 0.007000 0.017465 -0.012667 -0.034930
0 0.006000 0.008982 -0.010667 -0.017964
0 0.003000 0.004491 -0.004667 -0.008982
0 0.003667 0.004990 -0.006000 -0.009980
0 0.005000 0.008982 -0.008667 -0.017964
0 0.003000 0.004491 -0.004667 -0.008982
0 0.008000 0.017465 -0.014667 -0.034930
0 0.004000 0.005988 -0.006667 -0.011976
0 0.004333 0.007984 -0.007333 -0.015968
0 0.008333 0.014471 -0.015333 -0.028942
0 0.004000 0.005988 -0.006667 -0.011976
0 0.005000 0.008982 -0.008667 -0.017964
0 0.003000 0.004491 -0.004667 -0.008982
0 0.006000 0.008982 -0.010667 -0.017964
0 0.001333 0.002495 -0.001333 -0.004990
0 0.007000 0.017465 -0.012667 -0.034930
0 0.001333 0.002495 -0.001333 -0.004990
0 0.004667 0.007485 -0.008000 -0.014970
0 0.004333 0.007984 -0.007333 -0.015968