0 0.017521 0.034954 -0.033333 -0.069909
0 0.017949 0.044833 -0.034188 -0.089666
0 0.017949 0.044833 -0.034188 -0.089666
0 0.017949 0.044833 -0.034188 -0.089666
0 0.020513 0.048632 -0.039316 -0.097264
0 0.017949 0.044833 -0.034188 -0.089666
0 0.017949 0.044833 -0.034188 -0.089666
0 0.020513 0.048632 -0.039316 -0.097264
0 0.020513 0.048632 -0.039316 -0.097264
0 0.017949 0.044833 -0.034188 -0.089666
0 0.020513 0.048632 -0.039316 -0.097264
0 0.017949 0.044833 -0.034188 -0.089666
0 0.017949 0.044833 -0.034188 -0.089666
0 0.017521 0.034954 -0.033333 -0.069909
0 0.017949 0.044833 -0.034188 -0.089666
0 0.017949 0.044833 -0.034188 -0.089666
0 0.017521 0.034954 -0.033333 -0.069909
0 0.017521 0.034954 -0.033333 -0.069909
0 0.020513 0.048632 -0.039316 -0.097264
0 0.020513 0.048632 -0.039316 -0.097264
0 0.020513 0.048632 -0.039316 -0.097264
0 0.020513 0.048632 -0.039316 -0.097264
0 0.297436 0.006079 -0.593162 -0.012158
0 0.020513 0.048632 -0.039316 -0.097264
0 0.020513 0.048632 -0.039316 -0.097264
0 0.017949 0.044833 -0.034188 -0.089666
0 0.017949 0.044833 -0.034188 -0.089666
0 0.017521 0.034954 -0.033333 -0.069909
0 0.020513 0.048632 -0.039316 -0.097264
0 0.020513 0.048632 -0.039316 -0.097264
0 0.020513 0.048632 -0.039316 -0.097264
0 0.017521 0.034954 -0.033333 -0.069909
0 0.017521 0.034954 -0.033333 -0.069909
0 0.020513 0.048632 -0.039316 -0.097264
0 0.017949 0.044833 -0.034188 -0.089666
0 0.017521 0.034954 -0.033333 -0.069909
0 0.017949 0.044833 -0.034188 -0.089666
0 0.020513 0.048632 -0.039316 -0.097264
0 0.017949 0.044833 -0.034188 -0.089666
0 0.017949 0.044833 -0.034188 -0.089666
0 0.017949 0.044833 -0.034188 -0.089666
0 0.020513 0.048632 -0.039316 -0.097264
0 0.017949 0.044833 -0.034188 -0.089666
0 0.017949 0.044833 -0.034188 -0.089666
0 0.020513 0.048632 -0.039316 -0.097264
0 0.020513 0.048632 -0.039316 -0.097264
0 0.020513 0.048632 -0.039316 -0.097264
0 0.297436 0.006079 -0.593162 -0.012158
0 0.020513 0.048632 -0.039316 -0.097264
0 0.020513 0.048632 -0.039316 -0.097264
0 0.020513 0.048632 -0.039316 -0.097264
0 0.020513 0.048632 -0.039316 -0.097264
0 0.017949 0.044833 -0.034188 -0.089666
0 0.020513 0.048632 -0.039316 -0.097264
0 0.017521 0.034954 -0.033333 -0.069909
0 0.017949 0.044833 -0.034188 -0.089666
0 0.017521 0.034954 -0.033333 -0.069909
0 0.017949 0.044833 -0.034188 -0.089666
0 0.020513 0.048632 -0.039316 -0.097264
0 0.020513 0.048632 -0.039316 -0.097264
0 0.017949 0.044833 -0.034188 -0.089666
0 0.017949 0.044833 -0.034188 -0.089666
0 0.017949 0.044833 -0.034188 -0.089666
0 0.020513 0.048632 -0.039316 -0.097264
0 0.017521 0.034954 -0.033333 -0.069909
0 0.011111 0.038754 -0.020513 -0.077508
0 0.017949 0.044833 -0.034188 -0.089666
0 0.020513 0.048632 -0.039316 -0.097264
0 0.020513 0.048632 -0.039316 -0.097264
0 0.017949 0.044833 -0.034188 -0.089666
0 0.017949 0.044833 -0.034188 -0.089666
0 0.020513 0.048632 -0.039316 -0.097264
0 0.020513 0.048632 -0.039316 -0.097264
0 0.020513 0.048632 -0.039316 -0.097264
0 0.020513 0.048632 -0.039316 -0.097264
0 0.020513 0.048632 -0.039316 -0.097264
0 0.017949 0.044833 -0.034188 -0.089666
0 0.020513 0.048632 -0.039316 -0.097264
0 0.017949 0.044833 -0.034188 -0.089666
0 0.020513 0.048632 -0.039316 -0.097264
0 0.017521 0.034954 -0.033333 -0.069909
0 0.017949 0.044833 -0.034188 -0.089666
0 0.017949 0.044833 -0.034188 -0.089666
0 0.017521 0.034954 -0.033333 -0.069909
0 0.017521 0.034954 -0.033333 -0.069909
0 0.297436 0.006079 -0.593162 -0.012158
0 0.297436 0.006079 -0.593162 -0.012158
0 0.017949 0.044833 -0.034188 -0.089666
0 0.017521 0.034954 -0.033333 -0.069909
0 0.017949 0.044833 -0.034188 -0.089666
0 0.017949 0.044833 -0.034188 -0.089666
0 0.020513 0.048632 -0.039316 -0.097264
0 0.017949 0.044833 -0.034188 -0.089666
0 0.017949 0.044833 -0.034188 -0.089666
0 0.017949 0.044833 -0.034188 -0.089666
0 0.017949 0.044833 -0.034188 -0.089666
0 0.020513 0.048632 -0.039316 -0.097264
0 0.017949 0.044833 -0.034188 -0.089666
0 0.017521 0.034954 -0.033333 -0.069909