0 0.008333 0.013889 -0.014583 -0.027778
0 0.008333 0.013889 -0.014583 -0.027778
0 0.013542 0.024074 -0.025000 -0.048148
0 0.013542 0.024074 -0.025000 -0.048148
0 0.013542 0.024074 -0.025000 -0.048148
0 0.013542 0.024074 -0.025000 -0.048148
0 0.008333 0.013889 -0.014583 -0.027778
0 0.022917 0.040741 -0.043750 -0.081481
0 0.008333 0.013889 -0.014583 -0.027778
0 0.008333 0.013889 -0.014583 -0.027778
0 0.014583 0.024074 -0.022917 -0.048148
0 0.008333 0.013889 -0.014583 -0.027778
0 0.008333 0.013889 -0.014583 -0.027778
0 0.013542 0.024074 -0.025000 -0.048148
0 0.011458 0.018519 -0.020833 -0.037037
0 0.011458 0.018519 -0.020833 -0.037037
0 0.008333 0.013889 -0.014583 -0.027778
0 0.013542 0.024074 -0.025000 -0.048148
0 0.022917 0.040741 -0.043750 -0.081481
0 0.011458 0.018519 -0.020833 -0.037037
0 0.022917 0.040741 -0.043750 -0.081481
0 0.008333 0.013889 -0.014583 -0.027778
0 0.011458 0.018519 -0.020833 -0.037037
0 0.011458 0.018519 -0.020833 -0.037037
0 0.011458 0.018519 -0.020833 -0.037037
0 0.011458 0.018519 -0.020833 -0.037037
0 0.014583 0.024074 -0.022917 -0.048148
0 0.008333 0.013889 -0.014583 -0.027778
0 0.011458 0.018519 -0.020833 -0.037037
0 0.008333 0.013889 -0.014583 -0.027778
0 0.008333 0.013889 -0.014583 -0.027778
0 0.008333 0.013889 -0.014583 -0.027778
0 0.013542 0.024074 -0.025000 -0.048148
0 0.008333 0.013889 -0.014583 -0.027778
0 0.011458 0.018519 -0.020833 -0.037037
0 0.012500 0.018519 -0.018750 -0.037037
0 0.008333 0.013889 -0.014583 -0.027778
0 0.008333 0.013889 -0.014583 -0.027778
0 0.008333 0.013889 -0.014583 -0.027778
0 0.022917 0.040741 -0.043750 -0.081481
0 0.005729 0.011111 -0.009375 -0.018519
0 0.011458 0.018519 -0.020833 -0.037037
0 0.022917 0.040741 -0.043750 -0.081481
0 0.011458 0.018519 -0.020833 -0.037037
0 0.008333 0.013889 -0.014583 -0.027778
0 0.008333 0.013889 -0.014583 -0.027778
0 0.012500 0.018519 -0.018750 -0.037037
0 0.011458 0.018519 -0.020833 -0.037037
0 0.014583 0.024074 -0.022917 -0.048148
0 0.008333 0.013889 -0.014583 -0.027778
0 0.008333 0.013889 -0.014583 -0.027778
0 0.011458 0.018519 -0.020833 -0.037037
0 0.022917 0.040741 -0.043750 -0.081481
0 0.009375 0.013889 -0.012500 -0.027778
0 0.012500 0.018519 -0.018750 -0.037037
0 0.008333 0.013889 -0.014583 -0.027778
0 0.012500 0.018519 -0.018750 -0.037037
0 0.013542 0.024074 -0.025000 -0.048148
0 0.008333 0.013889 -0.014583 -0.027778
0 0.009375 0.013889 -0.012500 -0.027778
0 0.011458 0.018519 -0.020833 -0.037037
0 0.022917 0.040741 -0.043750 -0.081481
0 0.008333 0.013889 -0.014583 -0.027778
0 0.013542 0.024074 -0.025000 -0.048148
0 0.011458 0.018519 -0.020833 -0.037037
0 0.013542 0.024074 -0.025000 -0.048148
0 0.004167 0.007407 -0.006250 -0.014815
0 0.004167 0.007407 -0.006250 -0.014815
0 0.013542 0.024074 -0.025000 -0.048148
0 0.012500 0.018519 -0.018750 -0.037037
0 0.011458 0.018519 -0.020833 -0.037037
0 0.011458 0.018519 -0.020833 -0.037037
0 0.013542 0.024074 -0.025000 -0.048148
0 0.013542 0.024074 -0.025000 -0.048148
0 0.005729 0.011111 -0.009375 -0.018519
0 0.011458 0.018519 -0.020833 -0.037037
0 0.008333 0.013889 -0.014583 -0.027778
0 0.011458 0.018519 -0.020833 -0.037037
0 0.012500 0.018519 -0.018750 -0.037037
0 0.013542 0.024074 -0.025000 -0.048148
0 0.013542 0.024074 -0.025000 -0.048148
0 0.011458 0.018519 -0.020833 -0.037037
0 0.005729 0.011111 -0.009375 -0.018519
0 0.008333 0.013889 -0.014583 -0.027778
0 0.011458 0.018519 -0.020833 -0.037037
0 0.008333 0.013889 -0.014583 -0.027778
0 0.015625 0.027778 -0.029167 -0.055556
0 0.013542 0.024074 -0.025000 -0.048148
0 0.012500 0.018519 -0.018750 -0.037037
0 0.011458 0.018519 -0.020833 -0.037037
0 0.011458 0.018519 -0.020833 -0.037037
0 0.012500 0.018519 -0.018750 -0.037037
0 0.013542 0.024074 -0.025000 -0.048148
0 0.012500 0.018519 -0.018750 -0.037037
0 0.013542 0.024074 -0.025000 -0.048148
0 0.013542 0.024074 -0.025000 -0.048148
0 0.009375 0.013889 -0.012500 -0.027778
0 0.009375 0.013889 -0.012500 -0.027778
0 0.011458 0.018519 -0.020833 -0.037037
0 0.013542 0.024074 -0.025000 -0.048148
0 0.011458 0.018519 -0.020833 -0.037037
0 0.013542 0.024074 -0.025000 -0.048148
0 0.008333 0.013889 -0.014583 -0.027778
0 0.013542 0.024074 -0.025000 -0.048148
0 0.011458 0.018519 -0.020833 -0.037037
0 0.011458 0.018519 -0.020833 -0.037037
0 0.012500 0.018519 -0.018750 -0.037037
0 0.008333 0.013889 -0.014583 -0.027778
0 0.008854 0.014815 -0.015625 -0.029630
0 0.011458 0.018519 -0.020833 -0.037037
0 0.023958 0.040741 -0.041667 -0.081481
0 0.008333 0.013889 -0.014583 -0.027778
0 0.008333 0.013889 -0.014583 -0.027778
0 0.022917 0.040741 -0.043750 -0.081481
0 0.008333 0.013889 -0.014583 -0.027778
0 0.011458 0.018519 -0.020833 -0.037037
0 0.011458 0.018519 -0.020833 -0.037037
0 0.008333 0.013889 -0.014583 -0.027778
0 0.008333 0.013889 -0.014583 -0.027778
0 0.004167 0.007407 -0.006250 -0.014815
0 0.013542 0.024074 -0.025000 -0.048148
0 0.011458 0.018519 -0.020833 -0.037037
0 0.011458 0.018519 -0.020833 -0.037037
0 0.004167 0.007407 -0.006250 -0.014815
0 0.013542 0.024074 -0.025000 -0.048148
0 0.009375 0.013889 -0.012500 -0.027778
0 0.009896 0.015741 -0.017708 -0.031481
0 0.022917 0.040741 -0.043750 -0.081481
0 0.013542 0.024074 -0.025000 -0.048148
0 0.022917 0.040741 -0.043750 -0.081481
0 0.012500 0.018519 -0.018750 -0.037037
0 0.005729 0.011111 -0.009375 -0.018519
0 0.011458 0.018519 -0.020833 -0.037037
0 0.012500 0.018519 -0.018750 -0.037037
0 0.013542 0.024074 -0.025000 -0.048148
0 0.012500 0.018519 -0.018750 -0.037037
0 0.013542 0.024074 -0.025000 -0.048148
0 0.008333 0.013889 -0.014583 -0.027778
0 0.012500 0.018519 -0.018750 -0.037037
0 0.012500 0.018519 -0.018750 -0.037037
0 0.004167 0.007407 -0.006250 -0.014815
0 0.011458 0.018519 -0.020833 -0.037037
0 0.011458 0.018519 -0.020833 -0.037037
0 0.011458 0.018519 -0.020833 -0.037037
0 0.008333 0.013889 -0.014583 -0.027778
0 0.013542 0.024074 -0.025000 -0.048148
0 0.022917 0.040741 -0.043750 -0.081481
0 0.013542 0.024074 -0.025000 -0.048148
0 0.008333 0.013889 -0.014583 -0.027778
0 0.008333 0.013889 -0.014583 -0.027778
0 0.022917 0.040741 -0.043750 -0.081481
0 0.012500 0.018519 -0.018750 -0.037037
0 0.022917 0.040741 -0.043750 -0.081481
0 0.022917 0.040741 -0.043750 -0.081481
0 0.011458 0.018519 -0.020833 -0.037037
0 0.023958 0.040741 -0.041667 -0.081481
0 0.013542 0.024074 -0.025000 -0.048148
0 0.008333 0.013889 -0.014583 -0.027778
0 0.011458 0.018519 -0.020833 -0.037037
0 0.009375 0.013889 -0.012500 -0.027778
0 0.014583 0.024074 -0.022917 -0.048148
0 0.013542 0.024074 -0.025000 -0.048148
0 0.013542 0.024074 -0.025000 -0.048148
0 0.011458 0.018519 -0.020833 -0.037037
0 0.011458 0.018519 -0.020833 -0.037037
0 0.013542 0.024074 -0.025000 -0.048148
0 0.011458 0.018519 -0.020833 -0.037037
0 0.012500 0.018519 -0.018750 -0.037037
0 0.022917 0.040741 -0.043750 -0.081481
0 0.011458 0.018519 -0.020833 -0.037037
0 0.012500 0.018519 -0.018750 -0.037037
0 0.008333 0.013889 -0.014583 -0.027778
0 0.008333 0.013889 -0.014583 -0.027778
0 0.011458 0.018519 -0.020833 -0.037037
0 0.004167 0.007407 -0.006250 -0.014815
0 0.005729 0.011111 -0.009375 -0.018519
0 0.008333 0.013889 -0.014583 -0.027778
0 0.008333 0.013889 -0.014583 -0.027778
0 0.013542 0.024074 -0.025000 -0.048148
0 0.009375 0.013889 -0.012500 -0.027778
0 0.008333 0.013889 -0.014583 -0.027778
0 0.013542 0.024074 -0.025000 -0.048148
0 0.005729 0.011111 -0.009375 -0.018519
0 0.008333 0.013889 -0.014583 -0.027778
0 0.012500 0.018519 -0.018750 -0.037037
0 0.011458 0.018519 -0.020833 -0.037037
0 0.008333 0.013889 -0.014583 -0.027778
0 0.011458 0.018519 -0.020833 -0.037037
0 0.012500 0.018519 -0.018750 -0.037037
0 0.008333 0.013889 -0.014583 -0.027778
0 0.013542 0.024074 -0.025000 -0.048148
0 0.013542 0.024074 -0.025000 -0.048148
0 0.011458 0.018519 -0.020833 -0.037037
0 0.011458 0.018519 -0.020833 -0.037037
0 0.005729 0.011111 -0.009375 -0.018519
0 0.013542 0.024074 -0.025000 -0.048148
0 0.013542 0.024074 -0.025000 -0.048148
0 0.013542 0.024074 -0.025000 -0.048148
0 0.013542 0.024074 -0.025000 -0.048148
0 0.012500 0.018519 -0.018750 -0.037037
0 0.022917 0.040741 -0.043750 -0.081481
0 0.013542 0.024074 -0.025000 -0.048148
0 0.011458 0.018519 -0.020833 -0.037037
0 0.004167 0.007407 -0.006250 -0.014815
0 0.013542 0.024074 -0.025000 -0.048148
0 0.011458 0.018519 -0.020833 -0.037037
0 0.012500 0.018519 -0.018750 -0.037037
0 0.008333 0.013889 -0.014583 -0.027778
0 0.008333 0.013889 -0.014583 -0.027778
0 0.013542 0.024074 -0.025000 -0.048148
0 0.022917 0.040741 -0.043750 -0.081481
0 0.022917 0.040741 -0.043750 -0.081481
0 0.011458 0.018519 -0.020833 -0.037037
0 0.009375 0.013889 -0.012500 -0.027778
0 0.011458 0.018519 -0.020833 -0.037037
0 0.008333 0.013889 -0.014583 -0.027778
0 0.011458 0.018519 -0.020833 -0.037037
0 0.009375 0.013889 -0.012500 -0.027778
0 0.008333 0.013889 -0.014583 -0.027778
0 0.012500 0.018519 -0.018750 -0.037037
0 0.008333 0.013889 -0.014583 -0.027778
0 0.009375 0.013889 -0.012500 -0.027778
0 0.022917 0.040741 -0.043750 -0.081481
0 0.009375 0.013889 -0.012500 -0.027778
0 0.011458 0.018519 -0.020833 -0.037037
0 0.022917 0.040741 -0.043750 -0.081481
0 0.009375 0.013889 -0.012500 -0.027778
0 0.011458 0.018519 -0.020833 -0.037037
0 0.013542 0.024074 -0.025000 -0.048148
0 0.011458 0.018519 -0.020833 -0.037037
0 0.008333 0.013889 -0.014583 -0.027778
0 0.008333 0.013889 -0.014583 -0.027778
0 0.008333 0.013889 -0.014583 -0.027778
0 0.013542 0.024074 -0.025000 -0.048148
0 0.011458 0.018519 -0.020833 -0.037037
0 0.012500 0.018519 -0.018750 -0.037037
0 0.008333 0.013889 -0.014583 -0.027778
0 0.022917 0.040741 -0.043750 -0.081481
0 0.011458 0.018519 -0.020833 -0.037037
0 0.009375 0.013889 -0.012500 -0.027778
0 0.008333 0.013889 -0.014583 -0.027778
0 0.023958 0.040741 -0.041667 -0.081481
0 0.022917 0.040741 -0.043750 -0.081481
0 0.014583 0.024074 -0.022917 -0.048148
0 0.014583 0.024074 -0.022917 -0.048148
0 0.022917 0.040741 -0.043750 -0.081481
0 0.008333 0.013889 -0.014583 -0.027778
0 0.011458 0.018519 -0.020833 -0.037037
0 0.014583 0.024074 -0.022917 -0.048148
0 0.008333 0.013889 -0.014583 -0.027778
0 0.005729 0.011111 -0.009375 -0.018519
0 0.008333 0.013889 -0.014583 -0.027778
0 0.014583 0.024074 -0.022917 -0.048148
0 0.014583 0.024074 -0.022917 -0.048148
0 0.013542 0.024074 -0.025000 -0.048148
0 0.023958 0.040741 -0.041667 -0.081481
0 0.008333 0.013889 -0.014583 -0.027778
0 0.009375 0.013889 -0.012500 -0.027778
0 0.013542 0.024074 -0.025000 -0.048148
0 0.022917 0.040741 -0.043750 -0.081481
0 0.008333 0.013889 -0.014583 -0.027778
0 0.011458 0.018519 -0.020833 -0.037037
0 0.012500 0.018519 -0.018750 -0.037037
0 0.008333 0.013889 -0.014583 -0.027778
0 0.022917 0.040741 -0.043750 -0.081481
0 0.022917 0.040741 -0.043750 -0.081481
0 0.011458 0.018519 -0.020833 -0.037037
0 0.013542 0.024074 -0.025000 -0.048148