0 0.005800 0.012074 -0.010800 -0.022727
0 0.004600 0.008168 -0.008400 -0.014915
0 0.004000 0.005682 -0.007200 -0.009943
0 0.029800 0.083097 -0.058000 -0.166193
0 0.005800 0.012074 -0.010800 -0.022727
0 0.004600 0.008168 -0.008400 -0.014915
0 0.004600 0.008168 -0.008400 -0.014915
0 0.004000 0.005682 -0.007200 -0.009943
0 0.029800 0.083097 -0.058000 -0.166193
0 0.004200 0.007812 -0.007600 -0.014205
0 0.005800 0.012074 -0.010800 -0.022727
0 0.004400 0.013494 -0.008000 -0.026989
0 0.005000 0.009233 -0.009200 -0.017045
0 0.005000 0.009233 -0.009200 -0.017045
0 0.005800 0.012074 -0.010800 -0.022727
0 0.004600 0.008168 -0.008400 -0.014915
0 0.004600 0.008168 -0.008400 -0.014915
0 0.004600 0.008168 -0.008400 -0.014915
0 0.006800 0.015980 -0.012800 -0.030540
0 0.005000 0.009233 -0.009200 -0.017045
0 0.004600 0.008168 -0.008400 -0.014915
0 0.005200 0.012429 -0.009600 -0.023438
0 0.004600 0.008168 -0.008400 -0.014915
0 0.005800 0.012074 -0.010800 -0.022727
0 0.005800 0.012074 -0.010800 -0.022727
0 0.005800 0.012074 -0.010800 -0.022727
0 0.008200 0.019176 -0.015600 -0.036932
0 0.005000 0.009233 -0.009200 -0.017045
0 0.004800 0.008168 -0.008000 -0.014915
0 0.004600 0.008168 -0.008400 -0.014915
0 0.005800 0.012074 -0.010800 -0.022727
0 0.004600 0.008168 -0.008400 -0.014915
0 0.004600 0.008168 -0.008400 -0.014915
0 0.004600 0.008168 -0.008400 -0.014915
0 0.004600 0.008168 -0.008400 -0.014915
0 0.005000 0.009233 -0.009200 -0.017045
0 0.005800 0.012074 -0.010800 -0.022727
0 0.005800 0.012074 -0.010800 -0.022727
0 0.004600 0.008168 -0.008400 -0.014915
0 0.005800 0.012074 -0.010800 -0.022727
0 0.004600 0.006747 -0.008400 -0.012074
0 0.005800 0.012074 -0.010800 -0.022727
0 0.004000 0.005682 -0.007200 -0.009943
0 0.005000 0.009233 -0.009200 -0.017045
0 0.005800 0.012074 -0.010800 -0.022727
0 0.029600 0.083097 -0.058400 -0.166193
0 0.005000 0.009233 -0.009200 -0.017045
0 0.004600 0.008168 -0.008400 -0.014915
0 0.004000 0.005682 -0.007200 -0.009943
0 0.005800 0.012074 -0.010800 -0.022727
0 0.005800 0.012074 -0.010800 -0.022727
0 0.004600 0.008168 -0.008400 -0.014915
0 0.002200 0.002131 -0.003600 -0.002841
0 0.005000 0.009233 -0.009200 -0.017045
0 0.005000 0.009233 -0.009200 -0.017045
0 0.004600 0.008168 -0.008400 -0.014915
0 0.004600 0.008168 -0.008400 -0.014915
0 0.005800 0.012074 -0.010800 -0.022727
0 0.005000 0.009233 -0.009200 -0.017045
0 0.005800 0.013494 -0.010800 -0.025568
0 0.004600 0.008168 -0.008400 -0.014915
0 0.029600 0.083097 -0.058400 -0.166193
0 0.005800 0.012074 -0.010800 -0.022727
0 0.004600 0.008168 -0.008400 -0.014915
0 0.013000 0.032315 -0.025200 -0.063210
0 0.008200 0.019176 -0.015600 -0.036932
0 0.010000 0.021307 -0.019200 -0.041193
0 0.005800 0.012074 -0.010800 -0.022727
0 0.004600 0.008168 -0.008400 -0.014915
0 0.005800 0.012074 -0.010800 -0.022727
0 0.004000 0.005682 -0.007200 -0.009943
0 0.004400 0.013494 -0.008000 -0.026989
0 0.004600 0.008168 -0.008400 -0.014915
0 0.004600 0.008168 -0.008400 -0.014915
0 0.005000 0.009233 -0.009200 -0.017045
0 0.005800 0.012074 -0.010800 -0.022727
0 0.004600 0.008168 -0.008400 -0.014915
0 0.029600 0.083097 -0.058400 -0.166193
0 0.005800 0.012074 -0.010800 -0.022727
0 0.005800 0.013494 -0.010800 -0.025568
0 0.004600 0.008168 -0.008400 -0.014915
0 0.004600 0.008168 -0.008400 -0.014915
0 0.005000 0.009233 -0.009200 -0.017045
0 0.008200 0.019176 -0.015600 -0.036932
0 0.005000 0.009233 -0.009200 -0.017045
0 0.003000 0.008523 -0.005200 -0.015625
0 0.005800 0.012074 -0.010800 -0.022727
0 0.004600 0.008168 -0.008400 -0.014915
0 0.029800 0.083097 -0.058000 -0.166193
0 0.005800 0.012074 -0.010800 -0.022727
0 0.004600 0.008168 -0.008400 -0.014915
0 0.004600 0.008168 -0.008400 -0.014915
0 0.004600 0.008168 -0.008400 -0.014915
0 0.005800 0.012074 -0.010800 -0.022727
0 0.004000 0.005682 -0.007200 -0.009943
0 0.005000 0.009233 -0.009200 -0.017045
0 0.005800 0.012074 -0.010800 -0.022727
0 0.005000 0.009233 -0.009200 -0.017045
0 0.004600 0.008168 -0.008400 -0.014915
0 0.005800 0.012074 -0.010800 -0.022727
0 0.005000 0.009233 -0.009200 -0.017045
0 0.004000 0.005682 -0.007200 -0.009943
0 0.004600 0.008168 -0.008400 -0.014915
0 0.008200 0.019176 -0.015600 -0.036932
0 0.004600 0.008168 -0.008400 -0.014915
0 0.005800 0.012074 -0.010800 -0.022727
0 0.004600 0.008168 -0.008400 -0.014915
0 0.004000 0.006747 -0.007200 -0.012074
0 0.035400 0.099432 -0.070000 -0.198864
0 0.005800 0.012074 -0.010800 -0.022727
0 0.005800 0.012074 -0.010800 -0.022727
0 0.004600 0.008168 -0.008400 -0.014915
0 0.005000 0.009233 -0.009200 -0.017045
0 0.005800 0.012074 -0.010800 -0.022727
0 0.005800 0.012074 -0.010800 -0.022727
0 0.004600 0.008168 -0.008400 -0.014915
0 0.004800 0.008168 -0.008000 -0.014915
0 0.005800 0.012074 -0.010800 -0.022727
0 0.005000 0.009233 -0.009200 -0.017045
0 0.004600 0.008168 -0.008400 -0.014915
0 0.005800 0.012074 -0.010800 -0.022727
0 0.005800 0.012074 -0.010800 -0.022727
0 0.005000 0.009233 -0.009200 -0.017045
0 0.008200 0.019176 -0.015600 -0.036932
0 0.005800 0.012074 -0.010800 -0.022727
0 0.004600 0.008168 -0.008400 -0.014915
0 0.008200 0.019176 -0.015600 -0.036932
0 0.004600 0.008168 -0.008400 -0.014915
0 0.005000 0.009233 -0.009200 -0.017045
0 0.004600 0.008168 -0.008400 -0.014915
0 0.005800 0.012074 -0.010800 -0.022727
0 0.005800 0.012074 -0.010800 -0.022727
0 0.005800 0.012074 -0.010800 -0.022727
0 0.005000 0.009233 -0.009200 -0.017045
0 0.005000 0.009233 -0.009200 -0.017045
0 0.005800 0.012074 -0.010800 -0.022727
0 0.005800 0.012074 -0.010800 -0.022727
0 0.004600 0.008168 -0.008400 -0.014915
0 0.005000 0.009233 -0.009200 -0.017045