0 0.007305 0.009709 -0.011364 -0.019417
0 0.007305 0.009709 -0.011364 -0.019417
0 0.007305 0.009709 -0.011364 -0.019417
0 0.007305 0.009709 -0.011364 -0.019417
0 0.007305 0.009709 -0.011364 -0.019417
0 0.007305 0.009709 -0.011364 -0.019417
0 0.007305 0.009709 -0.011364 -0.019417
0 0.007305 0.009709 -0.011364 -0.019417
0 0.007305 0.009709 -0.011364 -0.019417
0 0.007305 0.009709 -0.011364 -0.019417
0 0.007305 0.009709 -0.011364 -0.019417
0 0.007305 0.009709 -0.011364 -0.019417
0 0.007305 0.009709 -0.011364 -0.019417
0 0.007305 0.009709 -0.011364 -0.019417
0 0.007305 0.009709 -0.011364 -0.019417
0 0.007305 0.009709 -0.011364 -0.019417
0 0.007305 0.009709 -0.011364 -0.019417
0 0.007305 0.009709 -0.011364 -0.019417
0 0.007305 0.009709 -0.011364 -0.019417
0 0.007305 0.009709 -0.011364 -0.019417
0 0.007305 0.009709 -0.011364 -0.019417
0 0.007305 0.009709 -0.011364 -0.019417
0 0.007305 0.009709 -0.011364 -0.019417
0 0.007305 0.009709 -0.011364 -0.019417
0 0.007305 0.009709 -0.011364 -0.019417
0 0.007305 0.009709 -0.011364 -0.019417
0 0.007305 0.009709 -0.011364 -0.019417
0 0.007305 0.009709 -0.011364 -0.019417
0 0.007305 0.009709 -0.011364 -0.019417
0 0.007305 0.009709 -0.011364 -0.019417
0 0.007305 0.009709 -0.011364 -0.019417
0 0.007305 0.009709 -0.011364 -0.019417
0 0.007305 0.009709 -0.011364 -0.019417
0 0.007305 0.009709 -0.011364 -0.019417
0 0.007305 0.009709 -0.011364 -0.019417
0 0.007305 0.009709 -0.011364 -0.019417
0 0.007305 0.009709 -0.011364 -0.019417
0 0.007305 0.009709 -0.011364 -0.019417
0 0.007305 0.009709 -0.011364 -0.019417
0 0.007305 0.009709 -0.011364 -0.019417
0 0.007305 0.009709 -0.011364 -0.019417
0 0.007305 0.009709 -0.011364 -0.019417
0 0.007305 0.009709 -0.011364 -0.019417
0 0.007305 0.009709 -0.011364 -0.019417