0 0.020062 0.042593 -0.038889 -0.083333
0 0.011111 0.020833 -0.020988 -0.039815
0 0.011111 0.020833 -0.020988 -0.039815
0 0.009568 0.014352 -0.017901 -0.026852
0 0.011111 0.020833 -0.020988 -0.039815
0 0.011111 0.020833 -0.020988 -0.039815
0 0.009877 0.015741 -0.018519 -0.029630
0 0.004630 0.009259 -0.008025 -0.016667
0 0.041049 0.082870 -0.080864 -0.163889
0 0.004630 0.008796 -0.008025 -0.017593
0 0.041049 0.082870 -0.080864 -0.163889
0 0.011111 0.020833 -0.020988 -0.039815
0 0.020062 0.042593 -0.038889 -0.083333
0 0.011111 0.020833 -0.020988 -0.039815
0 0.011111 0.020833 -0.020988 -0.039815
0 0.034259 0.045370 -0.067284 -0.088889
0 0.004630 0.009259 -0.008025 -0.016667
0 0.009568 0.014352 -0.017901 -0.026852
0 0.009568 0.014352 -0.017901 -0.026852
0 0.011111 0.020833 -0.020988 -0.039815
0 0.008951 0.016204 -0.016667 -0.030556
0 0.008951 0.016204 -0.016667 -0.030556
0 0.009568 0.014352 -0.017901 -0.026852
0 0.034259 0.044907 -0.067284 -0.089815
0 0.011111 0.020833 -0.020988 -0.039815
0 0.009568 0.014352 -0.017901 -0.026852
0 0.009568 0.014352 -0.017901 -0.026852
0 0.011111 0.020833 -0.020988 -0.039815
0 0.012037 0.027315 -0.022840 -0.052778
0 0.011111 0.020833 -0.020988 -0.039815
0 0.011111 0.020833 -0.020988 -0.039815
0 0.020062 0.042593 -0.038889 -0.083333
0 0.004630 0.009259 -0.008025 -0.016667
0 0.020062 0.042593 -0.038889 -0.083333
0 0.011111 0.020833 -0.020988 -0.039815
0 0.008951 0.016204 -0.016667 -0.030556
0 0.011111 0.020833 -0.020988 -0.039815
0 0.009568 0.014352 -0.017901 -0.026852
0 0.009568 0.014352 -0.017901 -0.026852
0 0.011111 0.020833 -0.020988 -0.039815
0 0.008951 0.016204 -0.016667 -0.030556
0 0.009568 0.014352 -0.017901 -0.026852
0 0.009568 0.014352 -0.017901 -0.026852
0 0.011111 0.020833 -0.020988 -0.039815
0 0.020062 0.042593 -0.038889 -0.083333
0 0.009568 0.014352 -0.017901 -0.026852
0 0.020062 0.042593 -0.038889 -0.083333
0 0.009568 0.014352 -0.017901 -0.026852
0 0.013889 0.023611 -0.026543 -0.045370
0 0.004630 0.009259 -0.008025 -0.016667
0 0.011111 0.020833 -0.020988 -0.039815
0 0.020062 0.042593 -0.038889 -0.083333
0 0.009568 0.014352 -0.017901 -0.026852
0 0.008951 0.016204 -0.016667 -0.030556
0 0.009568 0.014352 -0.017901 -0.026852
0 0.009568 0.014352 -0.017901 -0.026852
0 0.020062 0.042593 -0.038889 -0.083333
0 0.009568 0.014352 -0.017901 -0.026852
0 0.009568 0.014352 -0.017901 -0.026852
0 0.013889 0.023611 -0.026543 -0.045370
0 0.020062 0.042593 -0.038889 -0.083333
0 0.020062 0.042593 -0.038889 -0.083333
0 0.020062 0.042593 -0.038889 -0.083333
0 0.009568 0.014352 -0.017901 -0.026852
0 0.123148 0.154630 -0.245062 -0.309259
0 0.020062 0.042593 -0.038889 -0.083333
0 0.011111 0.020833 -0.020988 -0.039815