0 0.011000 0.017606 -0.018000 -0.035211
0 0.011000 0.017606 -0.018000 -0.035211
0 0.011000 0.017606 -0.018000 -0.035211
0 0.017000 0.036972 -0.030000 -0.073944
0 0.012000 0.028169 -0.020000 -0.056338
0 0.012000 0.028169 -0.020000 -0.056338
0 0.017000 0.036972 -0.030000 -0.073944
0 0.011000 0.017606 -0.018000 -0.035211
0 0.011000 0.017606 -0.018000 -0.035211
0 0.011000 0.017606 -0.018000 -0.035211
0 0.017000 0.036972 -0.030000 -0.073944
0 0.012000 0.028169 -0.020000 -0.056338
0 0.011000 0.017606 -0.018000 -0.035211
0 0.011000 0.017606 -0.018000 -0.035211
0 0.017000 0.036972 -0.030000 -0.073944
0 0.012000 0.028169 -0.020000 -0.056338
0 0.011000 0.017606 -0.018000 -0.035211
0 0.012000 0.028169 -0.020000 -0.056338
0 0.011000 0.017606 -0.018000 -0.035211
0 0.012000 0.028169 -0.020000 -0.056338
0 0.012000 0.028169 -0.020000 -0.056338
0 0.011000 0.017606 -0.018000 -0.035211
0 0.011000 0.017606 -0.018000 -0.035211
0 0.012000 0.028169 -0.020000 -0.056338
0 0.017000 0.036972 -0.030000 -0.073944
0 0.012000 0.028169 -0.020000 -0.056338
0 0.012000 0.028169 -0.020000 -0.056338
0 0.012000 0.028169 -0.020000 -0.056338
0 0.017000 0.036972 -0.030000 -0.073944
0 0.017000 0.036972 -0.030000 -0.073944
0 0.017000 0.036972 -0.030000 -0.073944
0 0.011000 0.017606 -0.018000 -0.035211
0 0.017000 0.036972 -0.030000 -0.073944
0 0.017000 0.036972 -0.030000 -0.073944
0 0.012000 0.028169 -0.020000 -0.056338
0 0.012000 0.028169 -0.020000 -0.056338
0 0.011000 0.017606 -0.018000 -0.035211
0 0.017000 0.036972 -0.030000 -0.073944
0 0.033000 0.073944 -0.062000 -0.147887
0 0.011000 0.017606 -0.018000 -0.035211
0 0.011000 0.017606 -0.018000 -0.035211
0 0.011000 0.017606 -0.018000 -0.035211
0 0.012000 0.028169 -0.020000 -0.056338
0 0.017000 0.036972 -0.030000 -0.073944
0 0.011000 0.017606 -0.018000 -0.035211
0 0.017000 0.036972 -0.030000 -0.073944
0 0.011000 0.017606 -0.018000 -0.035211
0 0.011000 0.017606 -0.018000 -0.035211
0 0.012000 0.028169 -0.020000 -0.056338
0 0.017000 0.036972 -0.030000 -0.073944
0 0.011000 0.017606 -0.018000 -0.035211
0 0.012000 0.028169 -0.020000 -0.056338
0 0.011000 0.017606 -0.018000 -0.035211
0 0.011000 0.017606 -0.018000 -0.035211
0 0.017000 0.036972 -0.030000 -0.073944
0 0.011000 0.017606 -0.018000 -0.035211
0 0.012000 0.028169 -0.020000 -0.056338
0 0.012000 0.028169 -0.020000 -0.056338
0 0.012000 0.028169 -0.020000 -0.056338
0 0.033000 0.073944 -0.062000 -0.147887
0 0.017000 0.036972 -0.030000 -0.073944
0 0.011000 0.017606 -0.018000 -0.035211
0 0.017000 0.036972 -0.030000 -0.073944
0 0.033000 0.073944 -0.062000 -0.147887
0 0.011000 0.017606 -0.018000 -0.035211
0 0.011000 0.017606 -0.018000 -0.035211
0 0.011000 0.017606 -0.018000 -0.035211
0 0.048000 0.123239 -0.092000 -0.246479
0 0.011000 0.017606 -0.018000 -0.035211
0 0.011000 0.017606 -0.018000 -0.035211
0 0.033000 0.073944 -0.062000 -0.147887
0 0.017000 0.036972 -0.030000 -0.073944
0 0.011000 0.017606 -0.018000 -0.035211
0 0.017000 0.036972 -0.030000 -0.073944
0 0.017000 0.036972 -0.030000 -0.073944
0 0.012000 0.028169 -0.020000 -0.056338
0 0.017000 0.036972 -0.030000 -0.073944
0 0.017000 0.036972 -0.030000 -0.073944
0 0.017000 0.036972 -0.030000 -0.073944
0 0.017000 0.036972 -0.030000 -0.073944
0 0.012000 0.028169 -0.020000 -0.056338
0 0.017000 0.036972 -0.030000 -0.073944
0 0.011000 0.017606 -0.018000 -0.035211
0 0.011000 0.017606 -0.018000 -0.035211
0 0.017000 0.036972 -0.030000 -0.073944
0 0.011000 0.017606 -0.018000 -0.035211
0 0.017000 0.036972 -0.030000 -0.073944
0 0.011000 0.017606 -0.018000 -0.035211
0 0.011000 0.017606 -0.018000 -0.035211
0 0.012000 0.028169 -0.020000 -0.056338
0 0.011000 0.017606 -0.018000 -0.035211
0 0.033000 0.073944 -0.062000 -0.147887
0 0.012000 0.028169 -0.020000 -0.056338
0 0.012000 0.028169 -0.020000 -0.056338
0 0.011000 0.017606 -0.018000 -0.035211
0 0.011000 0.017606 -0.018000 -0.035211
0 0.017000 0.036972 -0.030000 -0.073944
0 0.017000 0.036972 -0.030000 -0.073944
0 0.011000 0.017606 -0.018000 -0.035211
0 0.011000 0.017606 -0.018000 -0.035211
0 0.033000 0.073944 -0.062000 -0.147887
0 0.011000 0.017606 -0.018000 -0.035211
0 0.017000 0.036972 -0.030000 -0.073944
0 0.021000 0.045775 -0.038000 -0.091549
0 0.017000 0.036972 -0.030000 -0.073944
0 0.023000 0.049296 -0.042000 -0.098592
0 0.017000 0.036972 -0.030000 -0.073944
0 0.011000 0.017606 -0.018000 -0.035211
0 0.017000 0.036972 -0.030000 -0.073944
0 0.012000 0.028169 -0.020000 -0.056338
0 0.011000 0.017606 -0.018000 -0.035211
0 0.017000 0.036972 -0.030000 -0.073944
0 0.012000 0.028169 -0.020000 -0.056338
0 0.011000 0.017606 -0.018000 -0.035211
0 0.012000 0.028169 -0.020000 -0.056338