0 0.003162 0.005921 -0.005580 -0.011842
0 0.003162 0.005921 -0.005580 -0.011842
0 0.003162 0.005921 -0.005580 -0.011842
0 0.002790 0.005921 -0.004836 -0.011842
0 0.002790 0.005921 -0.004836 -0.011842
0 0.003162 0.005921 -0.005580 -0.011842
0 0.009115 0.015132 -0.017485 -0.030263
0 0.002046 0.003289 -0.003348 -0.006579
0 0.002790 0.005921 -0.004836 -0.011842
0 0.003162 0.005921 -0.005580 -0.011842
0 0.003162 0.005921 -0.005580 -0.011842
0 0.003162 0.005921 -0.005580 -0.011842
0 0.003162 0.005921 -0.005580 -0.011842
0 0.002046 0.003289 -0.003348 -0.006579
0 0.002790 0.005921 -0.004836 -0.011842
0 0.009115 0.015132 -0.017485 -0.030263
0 0.002790 0.005921 -0.004836 -0.011842
0 0.003162 0.005921 -0.005580 -0.011842
0 0.002046 0.003289 -0.003348 -0.006579
0 0.002046 0.003289 -0.003348 -0.006579
0 0.003162 0.005921 -0.005580 -0.011842
0 0.003162 0.005921 -0.005580 -0.011842
0 0.002976 0.005921 -0.005208 -0.011842
0 0.009115 0.015132 -0.017485 -0.030263
0 0.002232 0.003947 -0.003720 -0.007895
0 0.003162 0.005921 -0.005580 -0.011842
0 0.009859 0.019737 -0.018973 -0.039474
0 0.004278 0.008224 -0.007812 -0.016447
0 0.003162 0.005921 -0.005580 -0.011842
0 0.003162 0.005921 -0.005580 -0.011842
0 0.002046 0.003289 -0.003348 -0.006579
0 0.002976 0.005921 -0.005208 -0.011842
0 0.002046 0.003289 -0.003348 -0.006579
0 0.003162 0.005921 -0.005580 -0.011842
0 0.003162 0.005921 -0.005580 -0.011842
0 0.002604 0.004605 -0.004464 -0.009211
0 0.002790 0.005921 -0.004836 -0.011842
0 0.003162 0.005921 -0.005580 -0.011842
0 0.003162 0.005921 -0.005580 -0.011842
0 0.003162 0.005921 -0.005580 -0.011842
0 0.002046 0.003289 -0.003348 -0.006579
0 0.002790 0.005921 -0.004836 -0.011842
0 0.003162 0.005921 -0.005580 -0.011842
0 0.009115 0.015132 -0.017485 -0.030263
0 0.003162 0.005921 -0.005580 -0.011842
0 0.002790 0.005921 -0.004836 -0.011842
0 0.004278 0.008224 -0.007812 -0.016447
0 0.002046 0.003289 -0.003348 -0.006579
0 0.002046 0.003289 -0.003348 -0.006579
0 0.003162 0.005921 -0.005580 -0.011842
0 0.002790 0.005921 -0.004836 -0.011842
0 0.002790 0.005921 -0.004836 -0.011842
0 0.003162 0.005921 -0.005580 -0.011842
0 0.002232 0.003947 -0.003720 -0.007895
0 0.002790 0.005921 -0.004836 -0.011842
0 0.002790 0.005921 -0.004836 -0.011842
0 0.002790 0.005921 -0.004836 -0.011842
0 0.003162 0.005921 -0.005580 -0.011842
0 0.002604 0.004605 -0.004464 -0.009211
0 0.003162 0.005921 -0.005580 -0.011842
0 0.003162 0.005921 -0.005580 -0.011842
0 0.003162 0.005921 -0.005580 -0.011842
0 0.002046 0.003289 -0.003348 -0.006579
0 0.009115 0.015132 -0.017485 -0.030263
0 0.002790 0.005263 -0.004836 -0.010526
0 0.002046 0.003289 -0.003348 -0.006579
0 0.003162 0.005921 -0.005580 -0.011842
0 0.003162 0.005921 -0.005580 -0.011842
0 0.002046 0.003289 -0.003348 -0.006579
0 0.002790 0.005921 -0.004836 -0.011842
0 0.002046 0.003289 -0.003348 -0.006579
0 0.003162 0.005921 -0.005580 -0.011842
0 0.003162 0.005921 -0.005580 -0.011842
0 0.003162 0.005921 -0.005580 -0.011842
0 0.002790 0.005921 -0.004836 -0.011842
0 0.003162 0.005921 -0.005580 -0.011842
0 0.003162 0.005921 -0.005580 -0.011842
0 0.002790 0.005921 -0.004836 -0.011842
0 0.003162 0.005921 -0.005580 -0.011842
0 0.003162 0.005921 -0.005580 -0.011842
0 0.002046 0.003289 -0.003348 -0.006579
0 0.003162 0.005921 -0.005580 -0.011842
0 0.003162 0.005921 -0.005580 -0.011842
0 0.002046 0.003289 -0.003348 -0.006579
0 0.003162 0.005921 -0.005580 -0.011842
0 0.009115 0.015132 -0.017485 -0.030263
0 0.003162 0.005921 -0.005580 -0.011842
0 0.003162 0.005921 -0.005580 -0.011842
0 0.002790 0.005921 -0.004836 -0.011842
0 0.002790 0.005921 -0.004836 -0.011842
0 0.003162 0.005921 -0.005580 -0.011842
0 0.002790 0.005921 -0.004836 -0.011842
0 0.003162 0.005921 -0.005580 -0.011842
0 0.009115 0.015132 -0.017485 -0.030263
0 0.002046 0.003289 -0.003348 -0.006579
0 0.002790 0.005263 -0.004836 -0.010526
0 0.002232 0.003947 -0.003720 -0.007895
0 0.002046 0.003289 -0.003348 -0.006579
0 0.002046 0.003289 -0.003348 -0.006579
0 0.002046 0.003289 -0.003348 -0.006579
0 0.003162 0.005921 -0.005580 -0.011842
0 0.009115 0.015132 -0.017485 -0.030263
0 0.003162 0.005921 -0.005580 -0.011842
0 0.002046 0.003289 -0.003348 -0.006579
0 0.003162 0.005921 -0.005580 -0.011842
0 0.002046 0.003289 -0.003348 -0.006579
0 0.009115 0.015132 -0.017485 -0.030263
0 0.002790 0.005921 -0.004836 -0.011842
0 0.003162 0.005921 -0.005580 -0.011842
0 0.002790 0.005921 -0.004836 -0.011842
0 0.003162 0.005921 -0.005580 -0.011842
0 0.002046 0.003289 -0.003348 -0.006579
0 0.004278 0.008224 -0.007812 -0.016447
0 0.002976 0.005921 -0.005208 -0.011842
0 0.003162 0.005921 -0.005580 -0.011842
0 0.002046 0.003289 -0.003348 -0.006579
0 0.003162 0.005921 -0.005580 -0.011842
0 0.003162 0.005921 -0.005580 -0.011842
0 0.002790 0.005921 -0.004836 -0.011842
0 0.003162 0.005921 -0.005580 -0.011842
0 0.003162 0.005921 -0.005580 -0.011842
0 0.009115 0.015132 -0.017485 -0.030263
0 0.009115 0.015132 -0.017485 -0.030263
0 0.003162 0.005921 -0.005580 -0.011842
0 0.009115 0.015132 -0.017485 -0.030263
0 0.003162 0.005921 -0.005580 -0.011842
0 0.003162 0.005921 -0.005580 -0.011842
0 0.003162 0.005921 -0.005580 -0.011842
0 0.009115 0.015132 -0.017485 -0.030263
0 0.009115 0.015132 -0.017485 -0.030263
0 0.009115 0.015132 -0.017485 -0.030263
0 0.002046 0.003289 -0.003348 -0.006579
0 0.003162 0.005921 -0.005580 -0.011842
0 0.003162 0.005921 -0.005580 -0.011842
0 0.003162 0.005921 -0.005580 -0.011842
0 0.003162 0.005921 -0.005580 -0.011842
0 0.002790 0.005921 -0.004836 -0.011842
0 0.003162 0.005921 -0.005580 -0.011842
0 0.009115 0.015132 -0.017485 -0.030263
0 0.002790 0.005921 -0.004836 -0.011842
0 0.003162 0.005921 -0.005580 -0.011842
0 0.002046 0.003289 -0.003348 -0.006579
0 0.002046 0.003289 -0.003348 -0.006579
0 0.002790 0.005921 -0.004836 -0.011842
0 0.003162 0.005921 -0.005580 -0.011842
0 0.004278 0.008224 -0.007812 -0.016447
0 0.009115 0.015132 -0.017485 -0.030263
0 0.009115 0.015132 -0.017485 -0.030263
0 0.009115 0.015132 -0.017485 -0.030263
0 0.009115 0.015132 -0.017485 -0.030263
0 0.002046 0.003289 -0.003348 -0.006579
0 0.003162 0.005921 -0.005580 -0.011842
0 0.003162 0.005921 -0.005580 -0.011842
0 0.002046 0.003289 -0.003348 -0.006579
0 0.002976 0.005921 -0.005208 -0.011842
0 0.002790 0.005921 -0.004836 -0.011842
0 0.002790 0.005921 -0.004836 -0.011842
0 0.002790 0.005263 -0.004836 -0.010526
0 0.002046 0.003289 -0.003348 -0.006579
0 0.002790 0.005921 -0.004836 -0.011842
0 0.009115 0.015132 -0.017485 -0.030263
0 0.003162 0.005921 -0.005580 -0.011842
0 0.009115 0.015132 -0.017485 -0.030263
0 0.004278 0.008224 -0.007812 -0.016447
0 0.003162 0.005921 -0.005580 -0.011842
0 0.003162 0.005921 -0.005580 -0.011842
0 0.003162 0.005921 -0.005580 -0.011842
0 0.002790 0.005921 -0.004836 -0.011842
0 0.002046 0.003289 -0.003348 -0.006579
0 0.002976 0.005921 -0.005208 -0.011842
0 0.002604 0.004605 -0.004464 -0.009211
0 0.003162 0.005921 -0.005580 -0.011842
0 0.002790 0.005921 -0.004836 -0.011842
0 0.002604 0.004605 -0.004464 -0.009211
0 0.002046 0.003289 -0.003348 -0.006579
0 0.009115 0.015132 -0.017485 -0.030263
0 0.003162 0.005921 -0.005580 -0.011842
0 0.002046 0.003289 -0.003348 -0.006579
0 0.002232 0.003947 -0.003720 -0.007895
0 0.002046 0.003289 -0.003348 -0.006579
0 0.003162 0.005921 -0.005580 -0.011842
0 0.003162 0.005921 -0.005580 -0.011842
0 0.002046 0.003289 -0.003348 -0.006579
0 0.009859 0.019737 -0.018973 -0.039474
0 0.002790 0.005921 -0.004836 -0.011842
0 0.003162 0.005921 -0.005580 -0.011842
0 0.009115 0.015132 -0.017485 -0.030263
0 0.003162 0.005921 -0.005580 -0.011842
0 0.003162 0.005921 -0.005580 -0.011842
0 0.002046 0.003289 -0.003348 -0.006579
0 0.002790 0.005921 -0.004836 -0.011842
0 0.003162 0.005921 -0.005580 -0.011842
0 0.009115 0.015132 -0.017485 -0.030263
0 0.003162 0.005921 -0.005580 -0.011842
0 0.003162 0.005921 -0.005580 -0.011842
0 0.003162 0.005921 -0.005580 -0.011842
0 0.003162 0.005921 -0.005580 -0.011842
0 0.002046 0.003289 -0.003348 -0.006579
0 0.002790 0.005921 -0.004836 -0.011842
0 0.002790 0.005921 -0.004836 -0.011842
0 0.002790 0.005921 -0.004836 -0.011842
0 0.002790 0.005921 -0.004836 -0.011842
0 0.009859 0.019737 -0.018973 -0.039474
0 0.003162 0.005921 -0.005580 -0.011842
0 0.009115 0.015132 -0.017485 -0.030263
0 0.003162 0.005921 -0.005580 -0.011842
0 0.002790 0.005921 -0.004836 -0.011842
0 0.003162 0.005921 -0.005580 -0.011842
0 0.003162 0.005921 -0.005580 -0.011842
0 0.003162 0.005921 -0.005580 -0.011842
0 0.003162 0.005921 -0.005580 -0.011842
0 0.002046 0.003289 -0.003348 -0.006579
0 0.003162 0.005921 -0.005580 -0.011842
0 0.003162 0.005921 -0.005580 -0.011842
0 0.002046 0.003289 -0.003348 -0.006579
0 0.003162 0.005921 -0.005580 -0.011842
0 0.002790 0.005921 -0.004836 -0.011842
0 0.002790 0.005921 -0.004836 -0.011842
0 0.003162 0.005921 -0.005580 -0.011842
0 0.003162 0.005921 -0.005580 -0.011842
0 0.009115 0.015132 -0.017485 -0.030263
0 0.002046 0.003289 -0.003348 -0.006579
0 0.003162 0.005921 -0.005580 -0.011842
0 0.002790 0.005921 -0.004836 -0.011842
0 0.003162 0.005921 -0.005580 -0.011842
0 0.002046 0.003289 -0.003348 -0.006579
0 0.003162 0.005921 -0.005580 -0.011842
0 0.002046 0.003289 -0.003348 -0.006579
0 0.003162 0.005921 -0.005580 -0.011842
0 0.002790 0.005921 -0.004836 -0.011842
0 0.002790 0.005921 -0.004836 -0.011842
0 0.002790 0.005921 -0.004836 -0.011842
0 0.003162 0.005921 -0.005580 -0.011842
0 0.003162 0.005921 -0.005580 -0.011842
0 0.003162 0.005921 -0.005580 -0.011842
0 0.002790 0.005921 -0.004836 -0.011842
0 0.002046 0.003289 -0.003348 -0.006579
0 0.009115 0.015132 -0.017485 -0.030263
0 0.009115 0.015132 -0.017485 -0.030263
0 0.002790 0.005921 -0.004836 -0.011842
0 0.003162 0.005921 -0.005580 -0.011842
0 0.002790 0.005921 -0.004836 -0.011842
0 0.002046 0.003289 -0.003348 -0.006579
0 0.003162 0.005921 -0.005580 -0.011842
0 0.002790 0.005921 -0.004836 -0.011842
0 0.002790 0.005921 -0.004836 -0.011842
0 0.002046 0.003289 -0.003348 -0.006579
0 0.002232 0.003947 -0.003720 -0.007895
0 0.003162 0.005921 -0.005580 -0.011842
0 0.003162 0.005921 -0.005580 -0.011842
0 0.002790 0.005921 -0.004836 -0.011842
0 0.003162 0.005921 -0.005580 -0.011842
0 0.003162 0.005921 -0.005580 -0.011842
0 0.003162 0.005921 -0.005580 -0.011842
0 0.002046 0.003289 -0.003348 -0.006579
0 0.002790 0.005921 -0.004836 -0.011842
0 0.003162 0.005921 -0.005580 -0.011842
0 0.009115 0.015132 -0.017485 -0.030263
0 0.002046 0.003289 -0.003348 -0.006579
0 0.009859 0.019737 -0.018973 -0.039474
0 0.002790 0.005921 -0.004836 -0.011842
0 0.003162 0.005921 -0.005580 -0.011842
0 0.009115 0.015132 -0.017485 -0.030263
0 0.002046 0.003289 -0.003348 -0.006579
0 0.002790 0.005921 -0.004836 -0.011842
0 0.002046 0.003289 -0.003348 -0.006579
0 0.003162 0.005921 -0.005580 -0.011842
0 0.003162 0.005921 -0.005580 -0.011842
0 0.003162 0.005921 -0.005580 -0.011842
0 0.002790 0.005921 -0.004836 -0.011842
0 0.002046 0.003289 -0.003348 -0.006579
0 0.002232 0.003947 -0.003720 -0.007895
0 0.009115 0.015132 -0.017485 -0.030263
0 0.002046 0.003289 -0.003348 -0.006579
0 0.003162 0.005921 -0.005580 -0.011842
0 0.002046 0.003289 -0.003348 -0.006579
0 0.002046 0.003289 -0.003348 -0.006579
0 0.009859 0.019737 -0.018973 -0.039474
0 0.003162 0.005921 -0.005580 -0.011842
0 0.003162 0.005921 -0.005580 -0.011842
0 0.003162 0.005921 -0.005580 -0.011842
0 0.002790 0.005921 -0.004836 -0.011842
0 0.009115 0.015132 -0.017485 -0.030263
0 0.009115 0.015132 -0.017485 -0.030263
0 0.003162 0.005921 -0.005580 -0.011842
0 0.002790 0.005921 -0.004836 -0.011842
0 0.003162 0.005921 -0.005580 -0.011842
0 0.003162 0.005921 -0.005580 -0.011842
0 0.002790 0.005263 -0.004836 -0.010526
0 0.002790 0.005921 -0.004836 -0.011842
0 0.002790 0.005263 -0.004836 -0.010526
0 0.003162 0.005921 -0.005580 -0.011842
0 0.002790 0.005921 -0.004836 -0.011842
0 0.002790 0.005921 -0.004836 -0.011842
0 0.009115 0.015132 -0.017485 -0.030263
0 0.003162 0.005921 -0.005580 -0.011842
0 0.003162 0.005921 -0.005580 -0.011842
0 0.002046 0.003289 -0.003348 -0.006579
0 0.002046 0.003289 -0.003348 -0.006579
0 0.002790 0.005921 -0.004836 -0.011842
0 0.003162 0.005921 -0.005580 -0.011842
0 0.003162 0.005921 -0.005580 -0.011842
0 0.003162 0.005921 -0.005580 -0.011842
0 0.002790 0.005921 -0.004836 -0.011842
0 0.002790 0.005921 -0.004836 -0.011842
0 0.002790 0.005921 -0.004836 -0.011842
0 0.002046 0.003289 -0.003348 -0.006579
0 0.002046 0.003289 -0.003348 -0.006579
0 0.002790 0.005921 -0.004836 -0.011842
0 0.009115 0.015132 -0.017485 -0.030263
0 0.003162 0.005921 -0.005580 -0.011842
0 0.002046 0.003289 -0.003348 -0.006579
0 0.002046 0.003289 -0.003348 -0.006579
0 0.002046 0.003289 -0.003348 -0.006579
0 0.002790 0.005921 -0.004836 -0.011842
0 0.003162 0.005921 -0.005580 -0.011842
0 0.003162 0.005921 -0.005580 -0.011842
0 0.002046 0.003289 -0.003348 -0.006579
0 0.002790 0.005921 -0.004836 -0.011842
0 0.003162 0.005921 -0.005580 -0.011842
0 0.002790 0.005921 -0.004836 -0.011842
0 0.002790 0.005921 -0.004836 -0.011842
0 0.002046 0.003289 -0.003348 -0.006579
0 0.003162 0.005921 -0.005580 -0.011842
0 0.002790 0.005921 -0.004836 -0.011842
0 0.002790 0.005921 -0.004836 -0.011842
0 0.003162 0.005921 -0.005580 -0.011842
0 0.003162 0.005921 -0.005580 -0.011842
0 0.003162 0.005921 -0.005580 -0.011842
0 0.003162 0.005921 -0.005580 -0.011842
0 0.003162 0.005921 -0.005580 -0.011842
0 0.002790 0.005921 -0.004836 -0.011842
0 0.003162 0.005921 -0.005580 -0.011842
0 0.002604 0.004605 -0.004464 -0.009211
0 0.002232 0.003947 -0.003720 -0.007895
0 0.003162 0.005921 -0.005580 -0.011842
0 0.002790 0.005263 -0.004836 -0.010526
0 0.003162 0.005921 -0.005580 -0.011842
0 0.002790 0.005921 -0.004836 -0.011842
0 0.003162 0.005921 -0.005580 -0.011842
0 0.002790 0.005263 -0.004836 -0.010526
0 0.003162 0.005921 -0.005580 -0.011842
0 0.002046 0.003289 -0.003348 -0.006579
0 0.003162 0.005921 -0.005580 -0.011842
0 0.003162 0.005921 -0.005580 -0.011842
0 0.004278 0.008224 -0.007812 -0.016447
0 0.003162 0.005921 -0.005580 -0.011842
0 0.002790 0.005921 -0.004836 -0.011842
0 0.003162 0.005921 -0.005580 -0.011842
0 0.003162 0.005921 -0.005580 -0.011842
0 0.002790 0.005921 -0.004836 -0.011842
0 0.003162 0.005921 -0.005580 -0.011842
0 0.002790 0.005921 -0.004836 -0.011842
0 0.002046 0.003289 -0.003348 -0.006579
0 0.002976 0.005921 -0.005208 -0.011842
0 0.009115 0.015132 -0.017485 -0.030263
0 0.002046 0.003289 -0.003348 -0.006579
0 0.003162 0.005921 -0.005580 -0.011842
0 0.002790 0.005921 -0.004836 -0.011842
0 0.003162 0.005921 -0.005580 -0.011842
0 0.002790 0.005921 -0.004836 -0.011842
0 0.003162 0.005921 -0.005580 -0.011842