0 0.009233 0.018478 -0.015625 -0.036957
0 0.006392 0.009783 -0.009943 -0.019565
0 0.006392 0.009783 -0.009943 -0.019565
0 0.006392 0.009783 -0.009943 -0.019565
0 0.009233 0.018478 -0.015625 -0.036957
0 0.009233 0.018478 -0.015625 -0.036957
0 0.014205 0.023913 -0.025568 -0.047826
0 0.006392 0.009783 -0.009943 -0.019565
0 0.006392 0.009783 -0.009943 -0.019565
0 0.014205 0.023913 -0.025568 -0.047826
0 0.006392 0.009783 -0.009943 -0.019565
0 0.009233 0.018478 -0.015625 -0.036957
0 0.009233 0.018478 -0.015625 -0.036957
0 0.006392 0.009783 -0.009943 -0.019565
0 0.009233 0.018478 -0.015625 -0.036957
0 0.009233 0.018478 -0.015625 -0.036957
0 0.006392 0.009783 -0.009943 -0.019565
0 0.009233 0.018478 -0.015625 -0.036957
0 0.009233 0.018478 -0.015625 -0.036957
0 0.006392 0.009783 -0.009943 -0.019565
0 0.006392 0.009783 -0.009943 -0.019565
0 0.014205 0.023913 -0.025568 -0.047826
0 0.006392 0.009783 -0.009943 -0.019565
0 0.014205 0.023913 -0.025568 -0.047826
0 0.009233 0.018478 -0.015625 -0.036957
0 0.006392 0.009783 -0.009943 -0.019565
0 0.009233 0.018478 -0.015625 -0.036957
0 0.009233 0.018478 -0.015625 -0.036957
0 0.006392 0.009783 -0.009943 -0.019565
0 0.006392 0.009783 -0.009943 -0.019565
0 0.009233 0.018478 -0.015625 -0.036957
0 0.014205 0.023913 -0.025568 -0.047826
0 0.006392 0.009783 -0.009943 -0.019565
0 0.014205 0.023913 -0.025568 -0.047826
0 0.007102 0.009783 -0.008523 -0.019565
0 0.014205 0.023913 -0.025568 -0.047826
0 0.006392 0.009783 -0.009943 -0.019565
0 0.009943 0.018478 -0.014205 -0.036957
0 0.006392 0.009783 -0.009943 -0.019565
0 0.006392 0.009783 -0.009943 -0.019565
0 0.006392 0.009783 -0.009943 -0.019565
0 0.006392 0.009783 -0.009943 -0.019565
0 0.014205 0.023913 -0.025568 -0.047826
0 0.009943 0.018478 -0.014205 -0.036957
0 0.006392 0.009783 -0.009943 -0.019565
0 0.014205 0.023913 -0.025568 -0.047826
0 0.014205 0.023913 -0.025568 -0.047826
0 0.006392 0.009783 -0.009943 -0.019565
0 0.006392 0.009783 -0.009943 -0.019565
0 0.006392 0.009783 -0.009943 -0.019565
0 0.006392 0.009783 -0.009943 -0.019565
0 0.009233 0.018478 -0.015625 -0.036957
0 0.009233 0.018478 -0.015625 -0.036957
0 0.006392 0.009783 -0.009943 -0.019565
0 0.006392 0.009783 -0.009943 -0.019565
0 0.007102 0.009783 -0.008523 -0.019565
0 0.006392 0.009783 -0.009943 -0.019565
0 0.006392 0.009783 -0.009943 -0.019565
0 0.006392 0.009783 -0.009943 -0.019565
0 0.014205 0.023913 -0.025568 -0.047826
0 0.009233 0.018478 -0.015625 -0.036957
0 0.006392 0.009783 -0.009943 -0.019565
0 0.009233 0.018478 -0.015625 -0.036957
0 0.014205 0.023913 -0.025568 -0.047826
0 0.006392 0.009783 -0.009943 -0.019565
0 0.006392 0.009783 -0.009943 -0.019565
0 0.006392 0.009783 -0.009943 -0.019565
0 0.009233 0.018478 -0.015625 -0.036957
0 0.009233 0.018478 -0.015625 -0.036957
0 0.006392 0.009783 -0.009943 -0.019565
0 0.009233 0.018478 -0.015625 -0.036957
0 0.014205 0.023913 -0.025568 -0.047826
0 0.014205 0.023913 -0.025568 -0.047826
0 0.006392 0.009783 -0.009943 -0.019565
0 0.009233 0.018478 -0.015625 -0.036957
0 0.009943 0.018478 -0.014205 -0.036957
0 0.014205 0.023913 -0.025568 -0.047826
0 0.009233 0.018478 -0.015625 -0.036957
0 0.009233 0.018478 -0.015625 -0.036957
0 0.006392 0.009783 -0.009943 -0.019565
0 0.009233 0.018478 -0.015625 -0.036957
0 0.009233 0.018478 -0.015625 -0.036957
0 0.009233 0.018478 -0.015625 -0.036957
0 0.006392 0.009783 -0.009943 -0.019565
0 0.006392 0.009783 -0.009943 -0.019565
0 0.006392 0.009783 -0.009943 -0.019565
0 0.009233 0.018478 -0.015625 -0.036957
0 0.014205 0.023913 -0.025568 -0.047826
0 0.006392 0.009783 -0.009943 -0.019565
0 0.014205 0.023913 -0.025568 -0.047826
0 0.009233 0.018478 -0.015625 -0.036957
0 0.006392 0.009783 -0.009943 -0.019565
0 0.006392 0.009783 -0.009943 -0.019565
0 0.014205 0.023913 -0.025568 -0.047826
0 0.007102 0.009783 -0.008523 -0.019565
0 0.014205 0.023913 -0.025568 -0.047826
0 0.006392 0.009783 -0.009943 -0.019565
0 0.009233 0.018478 -0.015625 -0.036957
0 0.009233 0.018478 -0.015625 -0.036957
0 0.009233 0.018478 -0.015625 -0.036957
0 0.006392 0.009783 -0.009943 -0.019565
0 0.006392 0.009783 -0.009943 -0.019565
0 0.009233 0.018478 -0.015625 -0.036957
0 0.014205 0.023913 -0.025568 -0.047826
0 0.006392 0.009783 -0.009943 -0.019565
0 0.014205 0.023913 -0.025568 -0.047826
0 0.014205 0.023913 -0.025568 -0.047826
0 0.006392 0.009783 -0.009943 -0.019565
0 0.014205 0.023913 -0.025568 -0.047826
0 0.006392 0.009783 -0.009943 -0.019565
0 0.014205 0.023913 -0.025568 -0.047826
0 0.006392 0.009783 -0.009943 -0.019565
0 0.006392 0.009783 -0.009943 -0.019565
0 0.009233 0.018478 -0.015625 -0.036957
0 0.006392 0.009783 -0.009943 -0.019565
0 0.006392 0.009783 -0.009943 -0.019565
0 0.006392 0.009783 -0.009943 -0.019565
0 0.007102 0.009783 -0.008523 -0.019565
0 0.014205 0.023913 -0.025568 -0.047826
0 0.006392 0.009783 -0.009943 -0.019565
0 0.006392 0.009783 -0.009943 -0.019565
0 0.006392 0.009783 -0.009943 -0.019565
0 0.006392 0.009783 -0.009943 -0.019565
0 0.014205 0.023913 -0.025568 -0.047826
0 0.014205 0.023913 -0.025568 -0.047826
0 0.014205 0.023913 -0.025568 -0.047826
0 0.009233 0.018478 -0.015625 -0.036957
0 0.009233 0.018478 -0.015625 -0.036957
0 0.006392 0.009783 -0.009943 -0.019565
0 0.014205 0.023913 -0.025568 -0.047826
0 0.006392 0.009783 -0.009943 -0.019565
0 0.009233 0.018478 -0.015625 -0.036957
0 0.009233 0.018478 -0.015625 -0.036957
0 0.014205 0.023913 -0.025568 -0.047826
0 0.006392 0.009783 -0.009943 -0.019565
0 0.009233 0.018478 -0.015625 -0.036957
0 0.006392 0.009783 -0.009943 -0.019565
0 0.006392 0.009783 -0.009943 -0.019565
0 0.006392 0.009783 -0.009943 -0.019565
0 0.009233 0.018478 -0.015625 -0.036957
0 0.006392 0.009783 -0.009943 -0.019565
0 0.006392 0.009783 -0.009943 -0.019565
0 0.009233 0.018478 -0.015625 -0.036957
0 0.006392 0.009783 -0.009943 -0.019565
0 0.006392 0.009783 -0.009943 -0.019565
0 0.006392 0.009783 -0.009943 -0.019565
0 0.014205 0.023913 -0.025568 -0.047826
0 0.006392 0.009783 -0.009943 -0.019565
0 0.009233 0.018478 -0.015625 -0.036957
0 0.009233 0.018478 -0.015625 -0.036957
0 0.006392 0.009783 -0.009943 -0.019565
0 0.006392 0.009783 -0.009943 -0.019565
0 0.006392 0.009783 -0.009943 -0.019565
0 0.009233 0.018478 -0.015625 -0.036957
0 0.006392 0.009783 -0.009943 -0.019565
0 0.006392 0.009783 -0.009943 -0.019565
0 0.014205 0.023913 -0.025568 -0.047826
0 0.009233 0.018478 -0.015625 -0.036957
0 0.014205 0.023913 -0.025568 -0.047826
0 0.014205 0.023913 -0.025568 -0.047826
0 0.014915 0.023913 -0.024148 -0.047826
0 0.006392 0.009783 -0.009943 -0.019565
0 0.014205 0.023913 -0.025568 -0.047826
0 0.014205 0.023913 -0.025568 -0.047826
0 0.006392 0.009783 -0.009943 -0.019565
0 0.006392 0.009783 -0.009943 -0.019565
0 0.006392 0.009783 -0.009943 -0.019565
0 0.006392 0.009783 -0.009943 -0.019565
0 0.006392 0.009783 -0.009943 -0.019565
0 0.006392 0.009783 -0.009943 -0.019565
0 0.014205 0.023913 -0.025568 -0.047826
0 0.006392 0.009783 -0.009943 -0.019565
0 0.006392 0.009783 -0.009943 -0.019565
0 0.011364 0.020652 -0.019886 -0.041304
0 0.014205 0.023913 -0.025568 -0.047826
0 0.009233 0.018478 -0.015625 -0.036957
0 0.006392 0.009783 -0.009943 -0.019565
0 0.009233 0.018478 -0.015625 -0.036957
0 0.009233 0.018478 -0.015625 -0.036957
0 0.006392 0.009783 -0.009943 -0.019565
0 0.006392 0.009783 -0.009943 -0.019565
0 0.009233 0.018478 -0.015625 -0.036957
0 0.006392 0.009783 -0.009943 -0.019565
0 0.009233 0.018478 -0.015625 -0.036957
0 0.006392 0.009783 -0.009943 -0.019565
0 0.006392 0.009783 -0.009943 -0.019565
0 0.006392 0.009783 -0.009943 -0.019565
0 0.014205 0.023913 -0.025568 -0.047826
0 0.006392 0.009783 -0.009943 -0.019565
0 0.009233 0.018478 -0.015625 -0.036957
0 0.009233 0.018478 -0.015625 -0.036957
0 0.009233 0.018478 -0.015625 -0.036957
0 0.009233 0.018478 -0.015625 -0.036957
0 0.006392 0.009783 -0.009943 -0.019565
0 0.006392 0.009783 -0.009943 -0.019565
0 0.009233 0.018478 -0.015625 -0.036957
0 0.006392 0.009783 -0.009943 -0.019565
0 0.009233 0.018478 -0.015625 -0.036957
0 0.006392 0.009783 -0.009943 -0.019565
0 0.009233 0.018478 -0.015625 -0.036957
0 0.006392 0.009783 -0.009943 -0.019565
0 0.006392 0.009783 -0.009943 -0.019565
0 0.006392 0.009783 -0.009943 -0.019565
0 0.006392 0.009783 -0.009943 -0.019565
0 0.006392 0.009783 -0.009943 -0.019565
0 0.006392 0.009783 -0.009943 -0.019565
0 0.009233 0.018478 -0.015625 -0.036957
0 0.006392 0.009783 -0.009943 -0.019565
0 0.014205 0.023913 -0.025568 -0.047826
0 0.014205 0.023913 -0.025568 -0.047826
0 0.009233 0.018478 -0.015625 -0.036957
0 0.014205 0.023913 -0.025568 -0.047826
0 0.014205 0.023913 -0.025568 -0.047826
0 0.006392 0.009783 -0.009943 -0.019565
0 0.014205 0.023913 -0.025568 -0.047826
0 0.014205 0.023913 -0.025568 -0.047826
0 0.014205 0.023913 -0.025568 -0.047826
0 0.009233 0.018478 -0.015625 -0.036957
0 0.014205 0.023913 -0.025568 -0.047826
0 0.006392 0.009783 -0.009943 -0.019565
0 0.009233 0.018478 -0.015625 -0.036957
0 0.006392 0.009783 -0.009943 -0.019565
0 0.009233 0.018478 -0.015625 -0.036957
0 0.006392 0.009783 -0.009943 -0.019565
0 0.009233 0.018478 -0.015625 -0.036957
0 0.009233 0.018478 -0.015625 -0.036957
0 0.014915 0.023913 -0.024148 -0.047826
0 0.006392 0.009783 -0.009943 -0.019565
0 0.006392 0.009783 -0.009943 -0.019565
0 0.014205 0.023913 -0.025568 -0.047826
0 0.006392 0.009783 -0.009943 -0.019565
0 0.014205 0.023913 -0.025568 -0.047826
0 0.006392 0.009783 -0.009943 -0.019565
0 0.006392 0.009783 -0.009943 -0.019565
0 0.006392 0.009783 -0.009943 -0.019565
0 0.006392 0.009783 -0.009943 -0.019565
0 0.014205 0.023913 -0.025568 -0.047826
0 0.009233 0.018478 -0.015625 -0.036957
0 0.006392 0.009783 -0.009943 -0.019565
0 0.006392 0.009783 -0.009943 -0.019565
0 0.006392 0.009783 -0.009943 -0.019565
0 0.009233 0.018478 -0.015625 -0.036957
0 0.006392 0.009783 -0.009943 -0.019565
0 0.014205 0.023913 -0.025568 -0.047826
0 0.006392 0.009783 -0.009943 -0.019565
0 0.006392 0.009783 -0.009943 -0.019565
0 0.009233 0.018478 -0.015625 -0.036957
0 0.006392 0.009783 -0.009943 -0.019565
0 0.014205 0.023913 -0.025568 -0.047826
0 0.006392 0.009783 -0.009943 -0.019565
0 0.009233 0.018478 -0.015625 -0.036957
0 0.006392 0.009783 -0.009943 -0.019565
0 0.006392 0.009783 -0.009943 -0.019565
0 0.006392 0.009783 -0.009943 -0.019565
0 0.006392 0.009783 -0.009943 -0.019565
0 0.014205 0.023913 -0.025568 -0.047826
0 0.009233 0.018478 -0.015625 -0.036957
0 0.006392 0.009783 -0.009943 -0.019565
0 0.009233 0.018478 -0.015625 -0.036957
0 0.014205 0.023913 -0.025568 -0.047826
0 0.006392 0.009783 -0.009943 -0.019565
0 0.006392 0.009783 -0.009943 -0.019565
0 0.009233 0.018478 -0.015625 -0.036957
0 0.006392 0.009783 -0.009943 -0.019565
0 0.009233 0.018478 -0.015625 -0.036957
0 0.009233 0.018478 -0.015625 -0.036957
0 0.006392 0.009783 -0.009943 -0.019565
0 0.009233 0.018478 -0.015625 -0.036957
0 0.014205 0.023913 -0.025568 -0.047826
0 0.009233 0.018478 -0.015625 -0.036957
0 0.006392 0.009783 -0.009943 -0.019565
0 0.014205 0.023913 -0.025568 -0.047826
0 0.014205 0.023913 -0.025568 -0.047826
0 0.006392 0.009783 -0.009943 -0.019565
0 0.006392 0.009783 -0.009943 -0.019565
0 0.006392 0.009783 -0.009943 -0.019565
0 0.014205 0.023913 -0.025568 -0.047826
0 0.006392 0.009783 -0.009943 -0.019565
0 0.014205 0.023913 -0.025568 -0.047826
0 0.014205 0.023913 -0.025568 -0.047826
0 0.009233 0.018478 -0.015625 -0.036957
0 0.006392 0.009783 -0.009943 -0.019565
0 0.006392 0.009783 -0.009943 -0.019565
0 0.009233 0.018478 -0.015625 -0.036957
0 0.014205 0.023913 -0.025568 -0.047826
0 0.006392 0.009783 -0.009943 -0.019565
0 0.006392 0.009783 -0.009943 -0.019565
0 0.009233 0.018478 -0.015625 -0.036957
0 0.006392 0.009783 -0.009943 -0.019565
0 0.011364 0.020652 -0.019886 -0.041304
0 0.006392 0.009783 -0.009943 -0.019565
0 0.006392 0.009783 -0.009943 -0.019565
0 0.006392 0.009783 -0.009943 -0.019565
0 0.006392 0.009783 -0.009943 -0.019565
0 0.006392 0.009783 -0.009943 -0.019565
0 0.006392 0.009783 -0.009943 -0.019565
0 0.006392 0.009783 -0.009943 -0.019565
0 0.009233 0.018478 -0.015625 -0.036957
0 0.009943 0.018478 -0.014205 -0.036957
0 0.006392 0.009783 -0.009943 -0.019565
0 0.006392 0.009783 -0.009943 -0.019565