0 0.003906 0.005848 -0.005859 -0.011696
0 0.003906 0.005848 -0.005859 -0.011696
0 0.003906 0.005848 -0.005859 -0.011696
0 0.003906 0.005848 -0.005859 -0.011696
0 0.003906 0.005848 -0.005859 -0.011696
0 0.006348 0.009503 -0.010742 -0.019006
0 0.006348 0.009503 -0.010742 -0.019006
0 0.003906 0.005848 -0.005859 -0.011696
0 0.003906 0.005848 -0.005859 -0.011696
0 0.003906 0.005848 -0.005859 -0.011696
0 0.004883 0.007310 -0.007812 -0.014620
0 0.003906 0.005848 -0.005859 -0.011696
0 0.003906 0.005848 -0.005859 -0.011696
0 0.003906 0.005848 -0.005859 -0.011696
0 0.003906 0.005848 -0.005859 -0.011696
0 0.003906 0.005848 -0.005859 -0.011696
0 0.004883 0.007310 -0.007812 -0.014620
0 0.003906 0.005848 -0.005859 -0.011696
0 0.003906 0.005848 -0.005859 -0.011696
0 0.006348 0.009503 -0.010742 -0.019006
0 0.003906 0.005848 -0.005859 -0.011696
0 0.006348 0.009503 -0.010742 -0.019006
0 0.006348 0.009503 -0.010742 -0.019006
0 0.003906 0.005848 -0.005859 -0.011696
0 0.003906 0.005848 -0.005859 -0.011696
0 0.003906 0.005848 -0.005859 -0.011696
0 0.003906 0.005848 -0.005859 -0.011696
0 0.006348 0.009503 -0.010742 -0.019006
0 0.003906 0.005848 -0.005859 -0.011696
0 0.006836 0.009503 -0.009766 -0.019006
0 0.003906 0.005848 -0.005859 -0.011696
0 0.003906 0.005848 -0.005859 -0.011696
0 0.003906 0.005848 -0.005859 -0.011696
0 0.006348 0.009503 -0.010742 -0.019006
0 0.003906 0.005848 -0.005859 -0.011696
0 0.003906 0.005848 -0.005859 -0.011696
0 0.003906 0.005848 -0.005859 -0.011696
0 0.003906 0.005848 -0.005859 -0.011696
0 0.003906 0.005848 -0.005859 -0.011696
0 0.003906 0.005848 -0.005859 -0.011696
0 0.003906 0.005848 -0.005859 -0.011696
0 0.003906 0.005848 -0.005859 -0.011696
0 0.006348 0.009503 -0.010742 -0.019006
0 0.003906 0.005848 -0.005859 -0.011696
0 0.006348 0.009503 -0.010742 -0.019006
0 0.003906 0.005848 -0.005859 -0.011696
0 0.003906 0.005848 -0.005859 -0.011696
0 0.003906 0.005848 -0.005859 -0.011696
0 0.006348 0.009503 -0.010742 -0.019006
0 0.003906 0.005848 -0.005859 -0.011696
0 0.006348 0.009503 -0.010742 -0.019006
0 0.006348 0.009503 -0.010742 -0.019006
0 0.006348 0.009503 -0.010742 -0.019006
0 0.006348 0.009503 -0.010742 -0.019006
0 0.003906 0.005848 -0.005859 -0.011696
0 0.003906 0.005848 -0.005859 -0.011696
0 0.003906 0.005848 -0.005859 -0.011696
0 0.006348 0.009503 -0.010742 -0.019006
0 0.003906 0.005848 -0.005859 -0.011696
0 0.005371 0.008041 -0.008789 -0.016082
0 0.005371 0.008041 -0.008789 -0.016082
0 0.003906 0.005848 -0.005859 -0.011696
0 0.006348 0.009503 -0.010742 -0.019006
0 0.006348 0.009503 -0.010742 -0.019006
0 0.003906 0.005848 -0.005859 -0.011696
0 0.004883 0.007310 -0.007812 -0.014620
0 0.006836 0.009503 -0.009766 -0.019006
0 0.006348 0.009503 -0.010742 -0.019006
0 0.003906 0.005848 -0.005859 -0.011696
0 0.003906 0.005848 -0.005859 -0.011696
0 0.003906 0.005848 -0.005859 -0.011696
0 0.003906 0.005848 -0.005859 -0.011696
0 0.003906 0.005848 -0.005859 -0.011696
0 0.003906 0.005848 -0.005859 -0.011696
0 0.005371 0.008041 -0.008789 -0.016082