0 0.024000 0.054830 -0.045333 -0.109661
0 0.018667 0.036554 -0.034667 -0.073107
0 0.036000 0.083551 -0.069333 -0.167102
0 0.053333 0.118799 -0.104000 -0.237598
0 0.012667 0.027415 -0.022667 -0.054830
0 0.026667 0.077023 -0.050667 -0.154047
0 0.014000 0.028721 -0.025333 -0.057441
0 0.018000 0.040470 -0.033333 -0.080940
0 0.014667 0.030026 -0.026667 -0.060052
0 0.012667 0.027415 -0.022667 -0.054830
0 0.018667 0.036554 -0.034667 -0.073107
0 0.030000 0.065274 -0.057333 -0.130548
0 0.026667 0.077023 -0.050667 -0.154047
0 0.012667 0.027415 -0.022667 -0.054830
0 0.018000 0.040470 -0.033333 -0.080940
0 0.036000 0.083551 -0.069333 -0.167102
0 0.018667 0.036554 -0.034667 -0.073107
0 0.030000 0.065274 -0.057333 -0.130548
0 0.018000 0.040470 -0.033333 -0.080940
0 0.024000 0.054830 -0.045333 -0.109661
0 0.026667 0.077023 -0.050667 -0.154047
0 0.012667 0.027415 -0.022667 -0.054830
0 0.024000 0.054830 -0.045333 -0.109661