0 0.031510 0.068056 -0.061979 -0.136111
0 0.031510 0.068056 -0.061979 -0.136111
0 0.031510 0.068056 -0.061979 -0.136111
0 0.024219 0.048611 -0.047396 -0.097222
0 0.017188 0.030093 -0.033333 -0.060185
0 0.017188 0.030093 -0.033333 -0.060185
0 0.017188 0.030093 -0.033333 -0.060185
0 0.031510 0.068056 -0.061979 -0.136111
0 0.024219 0.048611 -0.047396 -0.097222
0 0.017188 0.030093 -0.033333 -0.060185
0 0.017188 0.030093 -0.033333 -0.060185
0 0.030729 0.014352 -0.060417 -0.028704
0 0.024219 0.048611 -0.047396 -0.097222
0 0.024219 0.048611 -0.047396 -0.097222
0 0.024219 0.048611 -0.047396 -0.097222
0 0.016667 0.037963 -0.032292 -0.075926
0 0.017188 0.030093 -0.033333 -0.060185
0 0.017188 0.030093 -0.033333 -0.060185
0 0.017188 0.030093 -0.033333 -0.060185
0 0.031510 0.068056 -0.061979 -0.136111
0 0.024219 0.048611 -0.047396 -0.097222
0 0.017188 0.030093 -0.033333 -0.060185
0 0.016667 0.037963 -0.032292 -0.075926
0 0.023958 0.051389 -0.046875 -0.102778
0 0.031510 0.068056 -0.061979 -0.136111
0 0.024219 0.048611 -0.047396 -0.097222
0 0.015365 0.033333 -0.029687 -0.066667
0 0.024219 0.048611 -0.047396 -0.097222
0 0.031510 0.068056 -0.061979 -0.136111
0 0.032031 0.054630 -0.063021 -0.109259
0 0.024219 0.048611 -0.047396 -0.097222
0 0.025260 0.069444 -0.049479 -0.138889
0 0.017188 0.030093 -0.033333 -0.060185
0 0.023958 0.051389 -0.046875 -0.102778
0 0.024219 0.048611 -0.047396 -0.097222
0 0.031510 0.068056 -0.061979 -0.136111
0 0.017188 0.030093 -0.033333 -0.060185
0 0.023958 0.051389 -0.046875 -0.102778
0 0.017188 0.030093 -0.033333 -0.060185
0 0.017188 0.030093 -0.033333 -0.060185
0 0.007031 0.006481 -0.013021 -0.012963
0 0.023958 0.051389 -0.046875 -0.102778
0 0.017188 0.030093 -0.033333 -0.060185