0 0.007979 0.019277 -0.013830 -0.038554
0 0.012234 0.031325 -0.022340 -0.062651
0 0.007979 0.019277 -0.013830 -0.038554
0 0.006383 0.019277 -0.010638 -0.038554
0 0.006383 0.019277 -0.010638 -0.038554
0 0.012234 0.031325 -0.022340 -0.062651
0 0.007979 0.019277 -0.013830 -0.038554
0 0.007979 0.019277 -0.013830 -0.038554
0 0.009043 0.021687 -0.015957 -0.043373
0 0.006383 0.019277 -0.010638 -0.038554
0 0.007979 0.019277 -0.013830 -0.038554
0 0.006383 0.019277 -0.010638 -0.038554
0 0.016489 0.033735 -0.030851 -0.067470
0 0.007979 0.019277 -0.013830 -0.038554
0 0.007979 0.019277 -0.013830 -0.038554
0 0.016489 0.033735 -0.030851 -0.067470
0 0.012234 0.031325 -0.022340 -0.062651
0 0.007979 0.019277 -0.013830 -0.038554
0 0.016489 0.033735 -0.030851 -0.067470
0 0.007979 0.019277 -0.013830 -0.038554
0 0.007979 0.019277 -0.013830 -0.038554
0 0.012234 0.031325 -0.022340 -0.062651
0 0.006915 0.019277 -0.009574 -0.038554
0 0.006383 0.019277 -0.010638 -0.038554
0 0.016489 0.033735 -0.030851 -0.067470
0 0.007979 0.019277 -0.013830 -0.038554
0 0.006383 0.019277 -0.010638 -0.038554
0 0.007979 0.019277 -0.013830 -0.038554
0 0.016489 0.033735 -0.030851 -0.067470
0 0.007979 0.019277 -0.013830 -0.038554
0 0.007979 0.019277 -0.013830 -0.038554
0 0.007979 0.019277 -0.013830 -0.038554
0 0.007979 0.019277 -0.013830 -0.038554
0 0.012234 0.031325 -0.022340 -0.062651
0 0.006383 0.019277 -0.010638 -0.038554
0 0.006383 0.019277 -0.010638 -0.038554
0 0.007979 0.019277 -0.013830 -0.038554
0 0.007979 0.019277 -0.013830 -0.038554
0 0.006383 0.019277 -0.010638 -0.038554
0 0.007979 0.019277 -0.013830 -0.038554
0 0.006383 0.019277 -0.010638 -0.038554
0 0.012234 0.031325 -0.022340 -0.062651
0 0.007979 0.019277 -0.013830 -0.038554
0 0.006383 0.019277 -0.010638 -0.038554
0 0.007979 0.019277 -0.013830 -0.038554
0 0.012234 0.031325 -0.022340 -0.062651
0 0.007979 0.019277 -0.013830 -0.038554
0 0.007979 0.019277 -0.013830 -0.038554
0 0.012234 0.031325 -0.022340 -0.062651
0 0.007979 0.019277 -0.013830 -0.038554
0 0.007979 0.019277 -0.013830 -0.038554
0 0.007979 0.019277 -0.013830 -0.038554
0 0.012234 0.031325 -0.022340 -0.062651
0 0.007979 0.019277 -0.013830 -0.038554
0 0.006383 0.019277 -0.010638 -0.038554
0 0.007979 0.019277 -0.013830 -0.038554
0 0.007979 0.019277 -0.013830 -0.038554
0 0.012234 0.031325 -0.022340 -0.062651
0 0.007979 0.019277 -0.013830 -0.038554
0 0.007979 0.019277 -0.013830 -0.038554
0 0.007979 0.019277 -0.013830 -0.038554
0 0.007979 0.019277 -0.013830 -0.038554
0 0.007979 0.019277 -0.013830 -0.038554
0 0.007979 0.019277 -0.013830 -0.038554
0 0.007979 0.019277 -0.013830 -0.038554
0 0.012234 0.031325 -0.022340 -0.062651
0 0.012234 0.031325 -0.022340 -0.062651
0 0.006383 0.019277 -0.010638 -0.038554
0 0.016489 0.033735 -0.030851 -0.067470
0 0.012234 0.031325 -0.022340 -0.062651
0 0.007979 0.019277 -0.013830 -0.038554
0 0.012234 0.031325 -0.022340 -0.062651
0 0.016489 0.033735 -0.030851 -0.067470
0 0.012234 0.031325 -0.022340 -0.062651
0 0.012234 0.031325 -0.022340 -0.062651
0 0.007979 0.019277 -0.013830 -0.038554
0 0.012234 0.031325 -0.022340 -0.062651
0 0.012234 0.031325 -0.022340 -0.062651
0 0.012234 0.031325 -0.022340 -0.062651
0 0.012234 0.031325 -0.022340 -0.062651
0 0.012234 0.031325 -0.022340 -0.062651
0 0.007979 0.019277 -0.013830 -0.038554
0 0.012234 0.031325 -0.022340 -0.062651
0 0.012234 0.031325 -0.022340 -0.062651
0 0.007979 0.019277 -0.013830 -0.038554
0 0.007979 0.019277 -0.013830 -0.038554
0 0.016489 0.033735 -0.030851 -0.067470
0 0.012234 0.031325 -0.022340 -0.062651
0 0.016489 0.033735 -0.030851 -0.067470
0 0.016489 0.033735 -0.030851 -0.067470
0 0.012234 0.031325 -0.022340 -0.062651
0 0.006383 0.019277 -0.010638 -0.038554
0 0.016489 0.033735 -0.030851 -0.067470
0 0.007979 0.019277 -0.013830 -0.038554
0 0.007979 0.019277 -0.013830 -0.038554
0 0.016489 0.033735 -0.030851 -0.067470
0 0.007979 0.019277 -0.013830 -0.038554
0 0.007979 0.019277 -0.013830 -0.038554
0 0.006383 0.019277 -0.010638 -0.038554
0 0.007979 0.019277 -0.013830 -0.038554
0 0.012234 0.031325 -0.022340 -0.062651
0 0.016489 0.033735 -0.030851 -0.067470
0 0.007979 0.019277 -0.013830 -0.038554
0 0.007979 0.019277 -0.013830 -0.038554
0 0.006915 0.019277 -0.009574 -0.038554
0 0.006383 0.019277 -0.010638 -0.038554
0 0.006383 0.019277 -0.010638 -0.038554
0 0.007979 0.019277 -0.013830 -0.038554
0 0.012234 0.031325 -0.022340 -0.062651
0 0.007979 0.019277 -0.013830 -0.038554