0 0.000117 0.000000 0.000234 0.000000
0 0.002107 0.001931 -0.003745 -0.003862
0 0.002107 0.003687 -0.003745 -0.007374
0 0.003511 0.006320 -0.006554 -0.012640
0 0.000117 0.000000 0.000234 0.000000
0 0.000117 0.000000 0.000234 0.000000
0 0.002107 0.001931 -0.003745 -0.003862
0 0.001053 0.001931 -0.001639 -0.003862
0 0.000117 0.000000 0.000234 0.000000
0 0.003745 0.006145 -0.007022 -0.012289
0 0.000117 0.000000 0.000234 0.000000
0 0.000117 0.000000 0.000234 0.000000
0 0.000117 0.000000 0.000234 0.000000
0 0.002692 0.003160 -0.004916 -0.006320
0 0.001756 0.002458 -0.003043 -0.004916
0 0.000117 0.000000 0.000234 0.000000
0 0.000117 0.000000 0.000234 0.000000
0 0.000117 0.000000 0.000234 0.000000
0 0.002809 0.005618 -0.005150 -0.011236
0 0.000117 0.000000 0.000234 0.000000
0 0.000117 0.000000 0.000234 0.000000
0 0.000117 0.000000 0.000234 0.000000
0 0.000117 0.000000 0.000234 0.000000
0 0.000117 0.000000 0.000234 0.000000
0 0.001053 0.001931 -0.001639 -0.003862
0 0.000117 0.000000 0.000234 0.000000
0 0.000117 0.000000 0.000234 0.000000
0 0.000117 0.000000 0.000234 0.000000
0 0.005150 0.008251 -0.009831 -0.016503
0 0.001053 0.001931 -0.001639 -0.003862
0 0.000117 0.000000 0.000234 0.000000
0 0.000117 0.000000 0.000234 0.000000
0 0.000117 0.000000 0.000234 0.000000
0 0.002458 0.001756 -0.004448 -0.003511
0 0.002809 0.004389 -0.005150 -0.008778
0 0.001170 0.001756 -0.001873 -0.003511
0 0.000117 0.000000 0.000234 0.000000
0 0.000117 0.000000 0.000234 0.000000
0 0.000117 0.000000 0.000234 0.000000
0 0.000117 0.000000 0.000234 0.000000
0 0.000117 0.000000 0.000234 0.000000
0 0.000117 0.000000 0.000234 0.000000
0 0.000117 0.000000 0.000234 0.000000
0 0.000117 0.000000 0.000234 0.000000
0 0.000117 0.000000 0.000234 0.000000
0 0.000117 0.000000 0.000234 0.000000
0 0.000117 0.000000 0.000234 0.000000
0 0.000117 0.000000 0.000234 0.000000
0 0.000117 0.000000 0.000234 0.000000
0 0.000117 0.000000 0.000234 0.000000
0 0.000117 0.000000 0.000234 0.000000
0 0.000117 0.000000 0.000234 0.000000
0 0.000117 0.000000 0.000234 0.000000
0 0.001756 0.003160 -0.003043 -0.006320
0 0.000117 0.000000 0.000234 0.000000
0 0.000117 0.000000 0.000234 0.000000
0 0.000117 0.000000 0.000234 0.000000
0 0.004096 0.008076 -0.007725 -0.016152
0 0.000117 0.000000 0.000234 0.000000
0 0.000117 0.000000 0.000234 0.000000
0 0.000117 0.000000 0.000234 0.000000
0 0.000117 0.000000 0.000234 0.000000
0 0.000117 0.000000 0.000234 0.000000
0 0.003160 0.009305 -0.005852 -0.018610
0 0.000117 0.000000 0.000234 0.000000
0 0.000117 0.000000 0.000234 0.000000
0 0.007842 0.009480 -0.015215 -0.018961
0 0.000117 0.000000 0.000234 0.000000
0 0.000117 0.000000 0.000234 0.000000
0 0.000117 0.000000 0.000234 0.000000
0 0.003160 0.003687 -0.005852 -0.007374
0 0.000117 0.000702 0.000234 -0.001404
0 0.003160 0.004389 -0.005852 -0.008778
0 0.000117 0.000000 0.000234 0.000000
0 0.000117 0.000000 0.000234 0.000000
0 0.000117 0.000000 0.000234 0.000000
0 0.000117 0.000000 0.000234 0.000000
0 0.002107 0.007549 -0.003745 -0.015098
0 0.001053 0.001931 -0.001639 -0.003862
0 0.000117 0.000000 0.000234 0.000000
0 0.000117 0.000000 0.000234 0.000000
0 0.000117 0.000000 0.000234 0.000000
0 0.000117 0.000000 0.000234 0.000000
0 0.000117 0.000000 0.000234 0.000000
0 0.000117 0.000000 0.000234 0.000000
0 0.000117 0.000000 0.000234 0.000000
0 0.002107 0.003160 -0.003745 -0.006320
0 0.000117 0.000000 0.000234 0.000000
0 0.000117 0.000000 0.000234 0.000000
0 0.003745 0.012465 -0.007022 -0.024930
0 0.001756 0.003160 -0.003043 -0.006320
0 0.000117 0.000000 0.000234 0.000000
0 0.000117 0.000000 0.000234 0.000000
0 0.000117 0.000000 0.000234 0.000000
0 0.000117 0.000000 0.000234 0.000000
0 0.000117 0.000000 0.000234 0.000000
0 0.000117 0.000000 0.000234 0.000000
0 0.000117 0.000000 0.000234 0.000000
0 0.000117 0.000000 0.000234 0.000000
0 0.005150 0.006320 -0.009831 -0.012640
0 0.003511 0.008778 -0.006554 -0.017556
0 0.000117 0.000000 0.000234 0.000000
0 0.000117 0.000000 0.000234 0.000000
0 0.000117 0.000000 0.000234 0.000000
0 0.000117 0.000000 0.000234 0.000000
0 0.000117 0.000000 0.000234 0.000000
0 0.000117 0.000000 0.000234 0.000000
0 0.000117 0.000000 0.000234 0.000000
0 0.001404 0.002458 -0.002341 -0.004916
0 0.001756 0.003160 -0.003043 -0.006320
0 0.000117 0.000000 0.000234 0.000000
0 0.000117 0.000000 0.000234 0.000000
0 0.000117 0.000000 0.000234 0.000000
0 0.000117 0.000000 0.000234 0.000000
0 0.000117 0.000000 0.000234 0.000000
0 0.000117 0.000000 0.000234 0.000000
0 0.000117 0.000000 0.000234 0.000000
0 0.000117 0.000000 0.000234 0.000000
0 0.000117 0.000000 0.000234 0.000000
0 0.000117 0.000000 0.000234 0.000000
0 0.000117 0.000000 0.000234 0.000000
0 0.000117 0.000000 0.000234 0.000000
0 0.000117 0.000000 0.000234 0.000000
0 0.000117 0.000000 0.000234 0.000000
0 0.003160 0.003687 -0.005852 -0.007374
0 0.001053 0.001931 -0.001639 -0.003862
0 0.000117 0.000000 0.000234 0.000000
0 0.021770 0.034410 -0.043071 -0.068820
0 0.000117 0.000000 0.000234 0.000000
0 0.000117 0.000000 0.000234 0.000000
0 0.002458 0.003862 -0.004448 -0.007725
0 0.000117 0.000000 0.000234 0.000000
0 0.000117 0.000000 0.000234 0.000000
0 0.000117 0.000000 0.000234 0.000000
0 0.000117 0.000000 0.000234 0.000000
0 0.000117 0.000000 0.000234 0.000000
0 0.001756 0.003160 -0.003043 -0.006320
0 0.000117 0.000000 0.000234 0.000000
0 0.000117 0.000000 0.000234 0.000000
0 0.000117 0.000000 0.000234 0.000000
0 0.000117 0.000000 0.000234 0.000000
0 0.000117 0.000000 0.000234 0.000000
0 0.002809 0.003687 -0.005150 -0.007374
0 0.000117 0.000000 0.000234 0.000000
0 0.000117 0.000000 0.000234 0.000000
0 0.001756 0.003160 -0.003043 -0.006320
0 0.000117 0.000000 0.000234 0.000000
0 0.000117 0.000000 0.000234 0.000000
0 0.000117 0.000000 0.000234 0.000000
0 0.000117 0.000000 0.000234 0.000000
0 0.002107 0.001931 -0.003745 -0.003862
0 0.005384 0.011763 -0.010300 -0.023525
0 0.000117 0.000000 0.000234 0.000000
0 0.000117 0.000000 0.000234 0.000000
0 0.000117 0.000000 0.000234 0.000000
0 0.000117 0.000000 0.000234 0.000000
0 0.000117 0.000000 0.000234 0.000000
0 0.000117 0.000000 0.000234 0.000000
0 0.000117 0.000000 0.000234 0.000000
0 0.001756 0.003160 -0.003043 -0.006320
0 0.000117 0.000000 0.000234 0.000000
0 0.000117 0.000702 0.000234 -0.001404
0 0.000117 0.000000 0.000234 0.000000
0 0.000117 0.000000 0.000234 0.000000
0 0.000117 0.000000 0.000234 0.000000
0 0.001404 0.001229 -0.002341 -0.002458
0 0.000117 0.000000 0.000234 0.000000
0 0.000117 0.000000 0.000234 0.000000
0 0.000117 0.000000 0.000234 0.000000
0 0.001053 0.001756 -0.001639 -0.003511
0 0.000117 0.000000 0.000234 0.000000
0 0.000117 0.000000 0.000234 0.000000
0 0.001170 0.001931 -0.001873 -0.003862
0 0.002458 0.006320 -0.004448 -0.012640
0 0.001053 0.001931 -0.001639 -0.003862
0 0.000117 0.000000 0.000234 0.000000
0 0.000117 0.000000 0.000234 0.000000
0 0.000117 0.000000 0.000234 0.000000
0 0.001873 0.003160 -0.003277 -0.006320
0 0.000117 0.000000 0.000234 0.000000
0 0.000117 0.000000 0.000234 0.000000
0 0.000117 0.000000 0.000234 0.000000
0 0.000117 0.000000 0.000234 0.000000
0 0.000117 0.000000 0.000234 0.000000
0 0.000117 0.000000 0.000234 0.000000
0 0.000117 0.000000 0.000234 0.000000
0 0.000117 0.000000 0.000234 0.000000
0 0.000702 0.002458 -0.000936 -0.004916
0 0.001756 0.002985 -0.003043 -0.005969
0 0.000117 0.000000 0.000234 0.000000
0 0.000117 0.000000 0.000234 0.000000
0 0.002107 0.001931 -0.003745 -0.003862
0 0.000702 0.002458 -0.000936 -0.004916
0 0.000117 0.000000 0.000234 0.000000
0 0.002458 0.006847 -0.004448 -0.013694
0 0.000117 0.000000 0.000234 0.000000
0 0.000117 0.000000 0.000234 0.000000
0 0.000117 0.000000 0.000234 0.000000
0 0.000117 0.000000 0.000234 0.000000
0 0.000117 0.000000 0.000234 0.000000
0 0.000117 0.000000 0.000234 0.000000
0 0.000117 0.000000 0.000234 0.000000
0 0.000117 0.000000 0.000234 0.000000
0 0.000117 0.000000 0.000234 0.000000