0 0.013069 0.023008 -0.024645 -0.043771
0 0.010829 0.023008 -0.020164 -0.043771
0 0.010829 0.022447 -0.020164 -0.044893
0 0.010829 0.023008 -0.020164 -0.043771
0 0.013069 0.022447 -0.024645 -0.044893
0 0.013816 0.025814 -0.026139 -0.049383
0 0.013816 0.025814 -0.026139 -0.049383
0 0.019044 0.039282 -0.036594 -0.078563
0 0.016057 0.033109 -0.030620 -0.066218
0 0.016057 0.033109 -0.030620 -0.066218
0 0.013069 0.022447 -0.024645 -0.044893
0 0.016057 0.033109 -0.030620 -0.066218
0 0.016057 0.033109 -0.030620 -0.066218
0 0.010829 0.022447 -0.020164 -0.044893
0 0.013816 0.025814 -0.026139 -0.049383
0 0.016057 0.033109 -0.030620 -0.066218
0 0.013069 0.022447 -0.024645 -0.044893
0 0.016057 0.033109 -0.030620 -0.066218
0 0.016057 0.033109 -0.030620 -0.066218
0 0.016057 0.033109 -0.030620 -0.066218
0 0.010829 0.023008 -0.020164 -0.043771
0 0.010829 0.022447 -0.020164 -0.044893
0 0.013816 0.025814 -0.026139 -0.049383
0 0.013816 0.025814 -0.026139 -0.049383
0 0.016057 0.033109 -0.030620 -0.066218
0 0.010829 0.022447 -0.020164 -0.044893
0 0.010829 0.022447 -0.020164 -0.044893
0 0.015683 0.023008 -0.029873 -0.043771
0 0.013816 0.025814 -0.026139 -0.049383
0 0.013816 0.025814 -0.026139 -0.049383
0 0.013816 0.025814 -0.026139 -0.049383
0 0.010829 0.023008 -0.020164 -0.043771
0 0.013816 0.025814 -0.026139 -0.049383
0 0.010829 0.023008 -0.020164 -0.043771
0 0.013816 0.025814 -0.026139 -0.049383
0 0.016057 0.033109 -0.030620 -0.066218
0 0.010829 0.022447 -0.020164 -0.044893
0 0.013816 0.025814 -0.026139 -0.049383
0 0.010829 0.022447 -0.020164 -0.044893
0 0.015683 0.023008 -0.029873 -0.043771
0 0.015683 0.023008 -0.029873 -0.043771
0 0.013816 0.025814 -0.026139 -0.049383
0 0.013816 0.025814 -0.026139 -0.049383
0 0.013069 0.022447 -0.024645 -0.044893
0 0.013816 0.025814 -0.026139 -0.049383
0 0.013816 0.025814 -0.026139 -0.049383
0 0.013069 0.022447 -0.024645 -0.044893
0 0.013816 0.025814 -0.026139 -0.049383
0 0.016057 0.033109 -0.030620 -0.066218
0 0.016057 0.033109 -0.030620 -0.066218
0 0.013816 0.025814 -0.026139 -0.049383
0 0.010829 0.022447 -0.020164 -0.044893
0 0.010829 0.023008 -0.020164 -0.043771
0 0.013069 0.022447 -0.024645 -0.044893
0 0.016057 0.033109 -0.030620 -0.066218
0 0.013816 0.025814 -0.026139 -0.049383
0 0.007468 0.016274 -0.013443 -0.030303
0 0.010829 0.023008 -0.020164 -0.043771
0 0.016057 0.033109 -0.030620 -0.066218
0 0.013816 0.025814 -0.026139 -0.049383
0 0.016057 0.033109 -0.030620 -0.066218
0 0.013816 0.025814 -0.026139 -0.049383
0 0.013069 0.022447 -0.024645 -0.044893
0 0.010829 0.023008 -0.020164 -0.043771
0 0.013816 0.025814 -0.026139 -0.049383
0 0.013816 0.025814 -0.026139 -0.049383
0 0.016057 0.033109 -0.030620 -0.066218
0 0.019044 0.039282 -0.036594 -0.078563
0 0.016057 0.033109 -0.030620 -0.066218
0 0.016057 0.033109 -0.030620 -0.066218
0 0.013816 0.025814 -0.026139 -0.049383
0 0.016057 0.033109 -0.030620 -0.066218
0 0.010829 0.022447 -0.020164 -0.044893
0 0.010829 0.022447 -0.020164 -0.044893
0 0.013816 0.025814 -0.026139 -0.049383
0 0.013816 0.025814 -0.026139 -0.049383
0 0.013816 0.025814 -0.026139 -0.049383
0 0.013816 0.025814 -0.026139 -0.049383
0 0.010829 0.022447 -0.020164 -0.044893
0 0.010829 0.023008 -0.020164 -0.043771
0 0.013816 0.025814 -0.026139 -0.049383
0 0.010829 0.022447 -0.020164 -0.044893
0 0.010829 0.022447 -0.020164 -0.044893
0 0.016057 0.033109 -0.030620 -0.066218
0 0.019044 0.039282 -0.036594 -0.078563
0 0.013069 0.022447 -0.024645 -0.044893
0 0.013816 0.025814 -0.026139 -0.049383
0 0.010829 0.023008 -0.020164 -0.043771
0 0.010829 0.023008 -0.020164 -0.043771
0 0.010829 0.022447 -0.020164 -0.044893
0 0.013816 0.025814 -0.026139 -0.049383
0 0.010829 0.023008 -0.020164 -0.043771
0 0.013069 0.022447 -0.024645 -0.044893
0 0.016057 0.033109 -0.030620 -0.066218
0 0.010829 0.023008 -0.020164 -0.043771
0 0.013816 0.025814 -0.026139 -0.049383
0 0.013816 0.025814 -0.026139 -0.049383
0 0.016057 0.033109 -0.030620 -0.066218
0 0.010829 0.023008 -0.020164 -0.043771
0 0.010829 0.022447 -0.020164 -0.044893
0 0.013816 0.025814 -0.026139 -0.049383
0 0.010829 0.022447 -0.020164 -0.044893
0 0.013816 0.025814 -0.026139 -0.049383
0 0.016057 0.033109 -0.030620 -0.066218
0 0.013816 0.025814 -0.026139 -0.049383
0 0.010829 0.023008 -0.020164 -0.043771
0 0.016057 0.033109 -0.030620 -0.066218
0 0.010829 0.022447 -0.020164 -0.044893
0 0.013816 0.025814 -0.026139 -0.049383
0 0.016057 0.033109 -0.030620 -0.066218
0 0.013816 0.025814 -0.026139 -0.049383
0 0.013069 0.022447 -0.024645 -0.044893
0 0.013816 0.025814 -0.026139 -0.049383
0 0.016057 0.033109 -0.030620 -0.066218
0 0.013816 0.025814 -0.026139 -0.049383
0 0.010829 0.022447 -0.020164 -0.044893
0 0.015683 0.023008 -0.029873 -0.043771
0 0.013816 0.025814 -0.026139 -0.049383
0 0.016057 0.033109 -0.030620 -0.066218
0 0.010829 0.022447 -0.020164 -0.044893
0 0.013443 0.033109 -0.025392 -0.066218
0 0.010829 0.023008 -0.020164 -0.043771
0 0.013816 0.025814 -0.026139 -0.049383
0 0.019044 0.039282 -0.036594 -0.078563
0 0.019044 0.039282 -0.036594 -0.078563
0 0.010829 0.023008 -0.020164 -0.043771
0 0.016057 0.033109 -0.030620 -0.066218
0 0.013816 0.025814 -0.026139 -0.049383
0 0.010829 0.022447 -0.020164 -0.044893
0 0.010829 0.022447 -0.020164 -0.044893
0 0.010829 0.022447 -0.020164 -0.044893
0 0.010829 0.022447 -0.020164 -0.044893
0 0.015683 0.023008 -0.029873 -0.043771
0 0.010829 0.023008 -0.020164 -0.043771
0 0.013816 0.025814 -0.026139 -0.049383
0 0.010829 0.023008 -0.020164 -0.043771
0 0.010829 0.023008 -0.020164 -0.043771
0 0.013069 0.022447 -0.024645 -0.044893
0 0.010829 0.022447 -0.020164 -0.044893
0 0.015683 0.023008 -0.029873 -0.043771
0 0.013816 0.025814 -0.026139 -0.049383
0 0.010829 0.022447 -0.020164 -0.044893
0 0.016057 0.033109 -0.030620 -0.066218
0 0.013816 0.025814 -0.026139 -0.049383
0 0.013816 0.025814 -0.026139 -0.049383
0 0.013069 0.023008 -0.024645 -0.043771
0 0.013069 0.022447 -0.024645 -0.044893
0 0.010829 0.022447 -0.020164 -0.044893
0 0.010829 0.022447 -0.020164 -0.044893
0 0.013816 0.025814 -0.026139 -0.049383
0 0.013816 0.025814 -0.026139 -0.049383
0 0.013816 0.025814 -0.026139 -0.049383
0 0.010829 0.023008 -0.020164 -0.043771
0 0.013816 0.025814 -0.026139 -0.049383
0 0.010829 0.022447 -0.020164 -0.044893
0 0.010829 0.023008 -0.020164 -0.043771
0 0.013069 0.022447 -0.024645 -0.044893
0 0.016057 0.033109 -0.030620 -0.066218
0 0.016057 0.033109 -0.030620 -0.066218
0 0.010829 0.022447 -0.020164 -0.044893
0 0.013069 0.022447 -0.024645 -0.044893
0 0.013816 0.025814 -0.026139 -0.049383
0 0.013816 0.025814 -0.026139 -0.049383
0 0.013816 0.025814 -0.026139 -0.049383
0 0.010829 0.022447 -0.020164 -0.044893
0 0.013816 0.025814 -0.026139 -0.049383
0 0.016057 0.033109 -0.030620 -0.066218
0 0.013816 0.025814 -0.026139 -0.049383
0 0.015683 0.023008 -0.029873 -0.043771
0 0.010829 0.022447 -0.020164 -0.044893
0 0.016057 0.033109 -0.030620 -0.066218
0 0.013816 0.025814 -0.026139 -0.049383
0 0.016057 0.033109 -0.030620 -0.066218
0 0.010829 0.022447 -0.020164 -0.044893
0 0.013816 0.025814 -0.026139 -0.049383
0 0.015683 0.023008 -0.029873 -0.043771
0 0.010829 0.023008 -0.020164 -0.043771
0 0.010829 0.022447 -0.020164 -0.044893
0 0.013816 0.025814 -0.026139 -0.049383
0 0.010829 0.022447 -0.020164 -0.044893
0 0.013816 0.025814 -0.026139 -0.049383
0 0.013816 0.025814 -0.026139 -0.049383
0 0.010829 0.022447 -0.020164 -0.044893
0 0.010829 0.022447 -0.020164 -0.044893
0 0.010829 0.022447 -0.020164 -0.044893
0 0.010829 0.022447 -0.020164 -0.044893
0 0.010829 0.023008 -0.020164 -0.043771
0 0.013069 0.022447 -0.024645 -0.044893
0 0.013069 0.022447 -0.024645 -0.044893
0 0.016057 0.033109 -0.030620 -0.066218
0 0.016057 0.033109 -0.030620 -0.066218
0 0.013816 0.025814 -0.026139 -0.049383
0 0.016057 0.033109 -0.030620 -0.066218
0 0.013816 0.025814 -0.026139 -0.049383
0 0.019044 0.039282 -0.036594 -0.078563
0 0.016057 0.033109 -0.030620 -0.066218
0 0.013816 0.025814 -0.026139 -0.049383
0 0.016057 0.033109 -0.030620 -0.066218
0 0.016057 0.033109 -0.030620 -0.066218
0 0.010829 0.022447 -0.020164 -0.044893
0 0.013816 0.025814 -0.026139 -0.049383
0 0.013816 0.025814 -0.026139 -0.049383
0 0.013816 0.025814 -0.026139 -0.049383
0 0.013816 0.025814 -0.026139 -0.049383
0 0.016057 0.033109 -0.030620 -0.066218
0 0.016057 0.033109 -0.030620 -0.066218
0 0.010829 0.022447 -0.020164 -0.044893
0 0.010829 0.023008 -0.020164 -0.043771
0 0.010829 0.022447 -0.020164 -0.044893
0 0.013816 0.025814 -0.026139 -0.049383
0 0.013816 0.025814 -0.026139 -0.049383
0 0.016057 0.033109 -0.030620 -0.066218
0 0.013816 0.025814 -0.026139 -0.049383
0 0.013816 0.025814 -0.026139 -0.049383
0 0.010829 0.023008 -0.020164 -0.043771
0 0.016057 0.033109 -0.030620 -0.066218
0 0.016057 0.033109 -0.030620 -0.066218
0 0.013816 0.025814 -0.026139 -0.049383
0 0.016057 0.033109 -0.030620 -0.066218
0 0.016057 0.033109 -0.030620 -0.066218
0 0.016057 0.033109 -0.030620 -0.066218
0 0.010829 0.023008 -0.020164 -0.043771
0 0.016057 0.033109 -0.030620 -0.066218
0 0.016057 0.033109 -0.030620 -0.066218
0 0.013816 0.025814 -0.026139 -0.049383
0 0.010829 0.023008 -0.020164 -0.043771
0 0.013069 0.022447 -0.024645 -0.044893
0 0.013816 0.025814 -0.026139 -0.049383
0 0.016057 0.033109 -0.030620 -0.066218
0 0.013816 0.025814 -0.026139 -0.049383
0 0.013816 0.025814 -0.026139 -0.049383
0 0.013069 0.022447 -0.024645 -0.044893
0 0.013816 0.025814 -0.026139 -0.049383
0 0.016057 0.033109 -0.030620 -0.066218
0 0.013816 0.025814 -0.026139 -0.049383
0 0.010829 0.023008 -0.020164 -0.043771
0 0.016057 0.033109 -0.030620 -0.066218
0 0.010829 0.022447 -0.020164 -0.044893
0 0.010829 0.022447 -0.020164 -0.044893
0 0.015683 0.023008 -0.029873 -0.043771
0 0.013816 0.025814 -0.026139 -0.049383
0 0.010829 0.023008 -0.020164 -0.043771
0 0.016057 0.033109 -0.030620 -0.066218
0 0.010829 0.023008 -0.020164 -0.043771
0 0.013816 0.025814 -0.026139 -0.049383
0 0.013816 0.025814 -0.026139 -0.049383
0 0.010829 0.023008 -0.020164 -0.043771
0 0.010829 0.022447 -0.020164 -0.044893
0 0.013816 0.025814 -0.026139 -0.049383
0 0.010829 0.023008 -0.020164 -0.043771
0 0.016057 0.033109 -0.030620 -0.066218
0 0.013069 0.022447 -0.024645 -0.044893
0 0.013816 0.025814 -0.026139 -0.049383
0 0.010829 0.023008 -0.020164 -0.043771
0 0.010829 0.022447 -0.020164 -0.044893
0 0.013816 0.025814 -0.026139 -0.049383
0 0.016057 0.033109 -0.030620 -0.066218
0 0.015683 0.023008 -0.029873 -0.043771
0 0.010829 0.023008 -0.020164 -0.043771
0 0.010829 0.022447 -0.020164 -0.044893
0 0.013816 0.025814 -0.026139 -0.049383
0 0.013443 0.033109 -0.025392 -0.066218
0 0.010829 0.022447 -0.020164 -0.044893
0 0.013816 0.025814 -0.026139 -0.049383
0 0.010829 0.022447 -0.020164 -0.044893
0 0.010829 0.022447 -0.020164 -0.044893