0 0.005089 0.012205 -0.009656 -0.024409
0 0.001696 0.003346 -0.002871 -0.005906
0 0.003392 0.007480 -0.006263 -0.014961
0 0.003392 0.007480 -0.006263 -0.014961
0 0.009003 0.018898 -0.017484 -0.037795
0 0.005089 0.009843 -0.009656 -0.019685
0 0.005741 0.010827 -0.010960 -0.021654
0 0.002088 0.003150 -0.003653 -0.006299
0 0.011091 0.021850 -0.021660 -0.043701
0 0.002088 0.003150 -0.003653 -0.005512
0 0.001696 0.003150 -0.002871 -0.005512
0 0.001696 0.002953 -0.002871 -0.005906
0 0.001696 0.002953 -0.002871 -0.005906
0 0.015397 0.027953 -0.030271 -0.055906
0 0.007959 0.018110 -0.014353 -0.036220
0 0.009134 0.015551 -0.017745 -0.031102
0 0.082333 0.115945 -0.164144 -0.231890
0 0.002740 0.004331 -0.004958 -0.007874
0 0.006263 0.011811 -0.012004 -0.023622
0 0.011743 0.029528 -0.022965 -0.059055
0 0.001696 0.003346 -0.002871 -0.005906
0 0.005089 0.012205 -0.009656 -0.024409
0 0.001696 0.003346 -0.002871 -0.005906
0 0.003392 0.007480 -0.006263 -0.014961
0 0.001435 0.002362 -0.002349 -0.003937
0 0.009134 0.016142 -0.017745 -0.032283
0 0.004045 0.010630 -0.007568 -0.021260
0 0.010438 0.024606 -0.020355 -0.049213
0 0.007698 0.016339 -0.014875 -0.032677
0 0.002088 0.004528 -0.003653 -0.008268
0 0.009134 0.016142 -0.017745 -0.032283
0 0.002088 0.003346 -0.003653 -0.005906
0 0.015919 0.026969 -0.031315 -0.053937
0 0.006133 0.013189 -0.011743 -0.026378
0 0.006524 0.015551 -0.012526 -0.031102
0 0.006394 0.014567 -0.012265 -0.029134
0 0.002610 0.004921 -0.004697 -0.009055
0 0.004045 0.010630 -0.007568 -0.021260
0 0.001435 0.002362 -0.002349 -0.003937
0 0.001696 0.002953 -0.002871 -0.005906
0 0.013570 0.028150 -0.025574 -0.056299
0 0.001696 0.003150 -0.002871 -0.005512
0 0.006263 0.011811 -0.012004 -0.023622
0 0.001696 0.003346 -0.002871 -0.005906
0 0.006524 0.015551 -0.012526 -0.031102
0 0.015919 0.026969 -0.031315 -0.053937
0 0.007959 0.015354 -0.015397 -0.030709
0 0.003784 0.006496 -0.007046 -0.012992
0 0.003001 0.004331 -0.004436 -0.007874
0 0.003001 0.004331 -0.004436 -0.007874
0 0.002088 0.003150 -0.003653 -0.005512
0 0.002088 0.004528 -0.003653 -0.008268
0 0.007959 0.015354 -0.015397 -0.030709
0 0.001696 0.003150 -0.002871 -0.005512
0 0.004045 0.006496 -0.006524 -0.012992
0 0.004436 0.010039 -0.008351 -0.020079
0 0.001696 0.003150 -0.002871 -0.006299
0 0.013178 0.025591 -0.025835 -0.051181
0 0.002740 0.004331 -0.004958 -0.007874
0 0.001696 0.003150 -0.002871 -0.005512
0 0.001435 0.002362 -0.002349 -0.003937
0 0.002740 0.004331 -0.004958 -0.007874
0 0.015919 0.026969 -0.031315 -0.053937
0 0.002740 0.004134 -0.004958 -0.008268
0 0.001696 0.003150 -0.002871 -0.005512
0 0.002610 0.004921 -0.004697 -0.009055
0 0.004958 0.009843 -0.009395 -0.019685
0 0.001435 0.002362 -0.002349 -0.003937
0 0.002740 0.004331 -0.004958 -0.007874
0 0.003392 0.006102 -0.006263 -0.012205
0 0.002610 0.004921 -0.004697 -0.009055
0 0.001435 0.002362 -0.002349 -0.003937
0 0.002088 0.003346 -0.003653 -0.005906
0 0.001696 0.003150 -0.002871 -0.005512
0 0.006263 0.012008 -0.012004 -0.023228
0 0.005741 0.011024 -0.010960 -0.021260
0 0.001435 0.002165 -0.002349 -0.004331
0 0.001696 0.003346 -0.002871 -0.005906
0 0.003001 0.007283 -0.005480 -0.014567
0 0.040971 0.078150 -0.081420 -0.156299
0 0.007698 0.016339 -0.014875 -0.032677
0 0.006524 0.012402 -0.012526 -0.024803
0 0.055193 0.039961 -0.109864 -0.079921
0 0.002088 0.003150 -0.003653 -0.005512
0 0.010569 0.025000 -0.020616 -0.050000
0 0.001435 0.002362 -0.002349 -0.003937
0 0.001435 0.002362 -0.002349 -0.003937
0 0.001435 0.002362 -0.002349 -0.003937
0 0.012396 0.021260 -0.024269 -0.042520
0 0.003784 0.007480 -0.007046 -0.014961
0 0.002088 0.004528 -0.003653 -0.008268
0 0.033142 0.050197 -0.065762 -0.100394
0 0.035882 0.052953 -0.071242 -0.105906
0 0.006263 0.011811 -0.012004 -0.023622
0 0.005089 0.012205 -0.009656 -0.024409
0 0.003914 0.007087 -0.007307 -0.013386
0 0.008873 0.014764 -0.016180 -0.029528
0 0.002088 0.003150 -0.003653 -0.005512
0 0.002740 0.004331 -0.004958 -0.007874
0 0.013439 0.024409 -0.026357 -0.048819
0 0.013178 0.025591 -0.025835 -0.051181
0 0.002740 0.004331 -0.004958 -0.007874
0 0.003784 0.007480 -0.007046 -0.014961
0 0.002088 0.004331 -0.003653 -0.008661
0 0.005741 0.010827 -0.010960 -0.021654
0 0.002088 0.004528 -0.003653 -0.008268
0 0.006524 0.012402 -0.012526 -0.024803
0 0.001696 0.003150 -0.002871 -0.005512
0 0.003784 0.006496 -0.007046 -0.012992
0 0.001696 0.002953 -0.002871 -0.005906
0 0.001435 0.002362 -0.002349 -0.003937
0 0.008873 0.014764 -0.016180 -0.029528
0 0.002088 0.004528 -0.003653 -0.008268
0 0.008742 0.017913 -0.016962 -0.035827
0 0.002088 0.003346 -0.003653 -0.005906
0 0.001696 0.003150 -0.002871 -0.005512
0 0.003784 0.007480 -0.007046 -0.014961
0 0.006524 0.015551 -0.012526 -0.031102
0 0.003784 0.006496 -0.007046 -0.012992
0 0.002088 0.003150 -0.003653 -0.005512
0 0.002088 0.002953 -0.003653 -0.005906
0 0.001696 0.002953 -0.002871 -0.005906
0 0.003784 0.006496 -0.007046 -0.012992
0 0.007829 0.014370 -0.015136 -0.028740
0 0.006263 0.011811 -0.012004 -0.023622
0 0.001696 0.003150 -0.002871 -0.005512
0 0.002610 0.004921 -0.004697 -0.009055
0 0.008612 0.014961 -0.016701 -0.029921
0 0.003784 0.007480 -0.007046 -0.014961
0 0.002088 0.003150 -0.003653 -0.006299
0 0.016571 0.031102 -0.032620 -0.062205
0 0.003392 0.006102 -0.006263 -0.012205
0 0.008612 0.015748 -0.016701 -0.031496
0 0.011743 0.029528 -0.022965 -0.059055
0 0.001696 0.003150 -0.002871 -0.005512
0 0.007829 0.014370 -0.015136 -0.028740
0 0.002088 0.003346 -0.003653 -0.005906
0 0.001435 0.002362 -0.002349 -0.003937
0 0.033142 0.050197 -0.065762 -0.100394
0 0.005089 0.009843 -0.009656 -0.019685
0 0.003784 0.007480 -0.007046 -0.014961
0 0.001696 0.003150 -0.002871 -0.005512
0 0.002610 0.004921 -0.004697 -0.009055
0 0.008481 0.017520 -0.016441 -0.035039
0 0.004045 0.010630 -0.007568 -0.021260
0 0.011091 0.021850 -0.021660 -0.043701
0 0.008612 0.015748 -0.016701 -0.031496
0 0.007829 0.014370 -0.015136 -0.028740
0 0.002610 0.004724 -0.004697 -0.009449
0 0.003392 0.007480 -0.006263 -0.014961
0 0.003392 0.007480 -0.006263 -0.014961
0 0.001435 0.002362 -0.002349 -0.003937
0 0.002088 0.004528 -0.003653 -0.008268
0 0.003653 0.007480 -0.005741 -0.014961
0 0.003392 0.007480 -0.006263 -0.014961
0 0.003784 0.007480 -0.007046 -0.014961
0 0.006263 0.011811 -0.012004 -0.023622
0 0.015527 0.030709 -0.030532 -0.061417
0 0.008742 0.017913 -0.016962 -0.035827
0 0.001435 0.002362 -0.002349 -0.003937
0 0.008220 0.018701 -0.015919 -0.036614
0 0.004045 0.006496 -0.006524 -0.012992
0 0.001435 0.002362 -0.002349 -0.003937
0 0.006524 0.015551 -0.012526 -0.031102
0 0.002740 0.004331 -0.004958 -0.007874
0 0.001435 0.002362 -0.002349 -0.003937
0 0.004958 0.009843 -0.009395 -0.019685
0 0.002088 0.003150 -0.003653 -0.006299
0 0.007829 0.014370 -0.015136 -0.028740
0 0.001696 0.002953 -0.002871 -0.005906
0 0.002740 0.004134 -0.004958 -0.008268
0 0.006524 0.012402 -0.012526 -0.024803
0 0.003784 0.006496 -0.007046 -0.012992
0 0.002088 0.003150 -0.003653 -0.005512
0 0.002740 0.004331 -0.004958 -0.007874
0 0.003784 0.007480 -0.007046 -0.014961
0 0.006524 0.012402 -0.012526 -0.024803
0 0.002088 0.003150 -0.003653 -0.005512
0 0.002740 0.004331 -0.004958 -0.007874
0 0.007959 0.015354 -0.015397 -0.030709
0 0.002610 0.004724 -0.004697 -0.009449
0 0.003784 0.007480 -0.007046 -0.014961
0 0.003653 0.007480 -0.005741 -0.014961
0 0.015919 0.026969 -0.031315 -0.053937
0 0.001696 0.003150 -0.002871 -0.005512
0 0.012918 0.023819 -0.025313 -0.047638
0 0.001696 0.003346 -0.002871 -0.005906
0 0.002610 0.004921 -0.004697 -0.009055
0 0.001435 0.002362 -0.002349 -0.003937
0 0.008220 0.018504 -0.015919 -0.037008
0 0.002740 0.004331 -0.004958 -0.007874
0 0.002088 0.003150 -0.003653 -0.005512
0 0.003784 0.006496 -0.007046 -0.012992
0 0.002871 0.006693 -0.005219 -0.013386
0 0.002088 0.003150 -0.003653 -0.005512
0 0.009134 0.015551 -0.017745 -0.031102
0 0.003784 0.006496 -0.007046 -0.012992
0 0.013309 0.028150 -0.026096 -0.056299