0 0.010526 0.017787 -0.015789 -0.027668
0 0.021053 0.041502 -0.036842 -0.075099
0 0.021053 0.041502 -0.036842 -0.075099
0 0.021053 0.041502 -0.036842 -0.075099
0 0.017105 0.025692 -0.028947 -0.043478
0 0.019737 0.037549 -0.034211 -0.067194
0 0.019737 0.037549 -0.034211 -0.067194
0 0.018421 0.025692 -0.026316 -0.043478
0 0.032895 0.045455 -0.060526 -0.083004
0 0.010526 0.017787 -0.015789 -0.027668
0 0.021053 0.041502 -0.036842 -0.075099
0 0.010526 0.017787 -0.015789 -0.027668
0 0.019737 0.037549 -0.034211 -0.067194
0 0.021053 0.041502 -0.036842 -0.075099
0 0.010526 0.017787 -0.015789 -0.027668
0 0.017105 0.025692 -0.028947 -0.043478
0 0.021053 0.037549 -0.031579 -0.067194
0 0.019737 0.037549 -0.034211 -0.067194
0 0.021053 0.041502 -0.036842 -0.075099
0 0.010526 0.017787 -0.015789 -0.027668
0 0.018421 0.025692 -0.026316 -0.043478
0 0.017105 0.025692 -0.028947 -0.043478
0 0.021053 0.041502 -0.036842 -0.075099
0 0.021053 0.041502 -0.036842 -0.075099
0 0.019737 0.037549 -0.034211 -0.067194
0 0.010526 0.017787 -0.015789 -0.027668
0 0.010526 0.017787 -0.015789 -0.027668
0 0.021053 0.041502 -0.036842 -0.075099
0 0.019737 0.037549 -0.034211 -0.067194
0 0.021053 0.041502 -0.036842 -0.075099
0 0.021053 0.041502 -0.036842 -0.075099
0 0.022368 0.041502 -0.034211 -0.075099
0 0.021053 0.041502 -0.036842 -0.075099
0 0.021053 0.041502 -0.036842 -0.075099
0 0.021053 0.041502 -0.036842 -0.075099
0 0.032895 0.045455 -0.060526 -0.083004
0 0.042105 0.096838 -0.078947 -0.185771
0 0.017105 0.025692 -0.028947 -0.043478
0 0.010526 0.017787 -0.015789 -0.027668
0 0.017105 0.025692 -0.028947 -0.043478
0 0.010526 0.017787 -0.015789 -0.027668
0 0.010526 0.017787 -0.015789 -0.027668
0 0.010526 0.017787 -0.015789 -0.027668
0 0.010526 0.017787 -0.015789 -0.027668
0 0.026316 0.055336 -0.047368 -0.102767
0 0.018421 0.025692 -0.026316 -0.043478
0 0.017105 0.025692 -0.028947 -0.043478
0 0.018421 0.025692 -0.026316 -0.043478
0 0.017105 0.025692 -0.028947 -0.043478
0 0.018421 0.025692 -0.026316 -0.043478
0 0.078947 0.098814 -0.152632 -0.189723
0 0.017105 0.025692 -0.028947 -0.043478
0 0.019737 0.037549 -0.034211 -0.067194
0 0.010526 0.017787 -0.015789 -0.027668
0 0.018421 0.025692 -0.026316 -0.043478
0 0.010526 0.017787 -0.015789 -0.027668
0 0.042105 0.096838 -0.078947 -0.185771
0 0.017105 0.025692 -0.028947 -0.043478
0 0.018421 0.025692 -0.026316 -0.043478
0 0.017105 0.025692 -0.028947 -0.043478
0 0.021053 0.041502 -0.036842 -0.075099
0 0.021053 0.041502 -0.036842 -0.075099
0 0.010526 0.017787 -0.015789 -0.027668
0 0.010526 0.017787 -0.015789 -0.027668
0 0.010526 0.017787 -0.015789 -0.027668
0 0.010526 0.017787 -0.015789 -0.027668
0 0.021053 0.041502 -0.036842 -0.075099
0 0.022368 0.041502 -0.034211 -0.075099
0 0.021053 0.041502 -0.036842 -0.075099
0 0.019737 0.037549 -0.034211 -0.067194
0 0.022368 0.041502 -0.034211 -0.075099
0 0.010526 0.017787 -0.015789 -0.027668
0 0.019737 0.037549 -0.034211 -0.067194
0 0.010526 0.017787 -0.015789 -0.027668
0 0.019737 0.037549 -0.034211 -0.067194
0 0.032895 0.045455 -0.060526 -0.083004
0 0.018421 0.025692 -0.026316 -0.043478
0 0.021053 0.041502 -0.036842 -0.075099
0 0.017105 0.025692 -0.028947 -0.043478
0 0.010526 0.017787 -0.015789 -0.027668
0 0.010526 0.017787 -0.015789 -0.027668
0 0.021053 0.041502 -0.036842 -0.075099