0 0.010833 0.017037 -0.020000 -0.034074
0 0.017083 0.026667 -0.032500 -0.053333
0 0.010833 0.017037 -0.020000 -0.034074
0 0.017083 0.026667 -0.032500 -0.053333
0 0.012917 0.017778 -0.024167 -0.035556
0 0.010833 0.017037 -0.020000 -0.034074
0 0.010833 0.017037 -0.020000 -0.034074
0 0.010833 0.017037 -0.020000 -0.034074
0 0.010833 0.017037 -0.020000 -0.034074
0 0.010833 0.017037 -0.020000 -0.034074
0 0.010833 0.017037 -0.020000 -0.034074
0 0.010833 0.017037 -0.020000 -0.034074
0 0.010833 0.017037 -0.020000 -0.034074
0 0.010833 0.017037 -0.020000 -0.034074
0 0.010833 0.017037 -0.020000 -0.034074
0 0.010833 0.017037 -0.020000 -0.034074
0 0.010833 0.017037 -0.020000 -0.034074
0 0.010833 0.017037 -0.020000 -0.034074
0 0.017083 0.026667 -0.032500 -0.053333
0 0.010833 0.017037 -0.020000 -0.034074
0 0.010833 0.017037 -0.020000 -0.034074
0 0.012917 0.017778 -0.024167 -0.035556
0 0.010833 0.017037 -0.020000 -0.034074
0 0.010833 0.017037 -0.020000 -0.034074
0 0.010833 0.017037 -0.020000 -0.034074
0 0.010833 0.017037 -0.020000 -0.034074
0 0.010833 0.017037 -0.020000 -0.034074
0 0.017083 0.026667 -0.032500 -0.053333
0 0.012917 0.017778 -0.024167 -0.035556
0 0.012917 0.017778 -0.024167 -0.035556
0 0.019583 0.032593 -0.037500 -0.065185
0 0.010833 0.017037 -0.020000 -0.034074
0 0.010833 0.017037 -0.020000 -0.034074
0 0.017083 0.026667 -0.032500 -0.053333
0 0.010833 0.017037 -0.020000 -0.034074
0 0.012917 0.017778 -0.024167 -0.035556
0 0.012917 0.017778 -0.024167 -0.035556
0 0.012917 0.017778 -0.024167 -0.035556
0 0.010833 0.017037 -0.020000 -0.034074
0 0.010000 0.030370 -0.018333 -0.060741
0 0.019583 0.032593 -0.037500 -0.065185
0 0.010833 0.017037 -0.020000 -0.034074
0 0.010833 0.017037 -0.020000 -0.034074
0 0.019583 0.032593 -0.037500 -0.065185
0 0.010833 0.017037 -0.020000 -0.034074
0 0.010833 0.017037 -0.020000 -0.034074
0 0.010833 0.017037 -0.020000 -0.034074
0 0.010833 0.017037 -0.020000 -0.034074
0 0.019583 0.032593 -0.037500 -0.065185
0 0.010833 0.017037 -0.020000 -0.034074
0 0.017083 0.026667 -0.032500 -0.053333
0 0.010833 0.017037 -0.020000 -0.034074
0 0.010000 0.015556 -0.018333 -0.031111
0 0.010833 0.017037 -0.020000 -0.034074
0 0.012917 0.017778 -0.024167 -0.035556
0 0.012917 0.017778 -0.024167 -0.035556
0 0.012917 0.017778 -0.024167 -0.035556
0 0.017083 0.026667 -0.032500 -0.053333
0 0.010833 0.017037 -0.020000 -0.034074
0 0.010833 0.017037 -0.020000 -0.034074
0 0.012917 0.017778 -0.024167 -0.035556
0 0.010833 0.017037 -0.020000 -0.034074
0 0.010833 0.017037 -0.020000 -0.034074
0 0.017083 0.026667 -0.032500 -0.053333
0 0.017083 0.026667 -0.032500 -0.053333
0 0.010833 0.017037 -0.020000 -0.034074
0 0.017083 0.026667 -0.032500 -0.053333
0 0.010833 0.017037 -0.020000 -0.034074
0 0.012917 0.017778 -0.024167 -0.035556
0 0.010833 0.017037 -0.020000 -0.034074
0 0.012917 0.017778 -0.024167 -0.035556
0 0.012917 0.017778 -0.024167 -0.035556
0 0.010833 0.017037 -0.020000 -0.034074
0 0.010833 0.017037 -0.020000 -0.034074
0 0.010833 0.017037 -0.020000 -0.034074
0 0.012917 0.017778 -0.024167 -0.035556
0 0.012917 0.017778 -0.024167 -0.035556
0 0.010833 0.017037 -0.020000 -0.034074
0 0.010833 0.017037 -0.020000 -0.034074
0 0.010833 0.017037 -0.020000 -0.034074
0 0.010833 0.017037 -0.020000 -0.034074
0 0.019583 0.032593 -0.037500 -0.065185
0 0.010833 0.017037 -0.020000 -0.034074
0 0.010833 0.017037 -0.020000 -0.034074
0 0.017083 0.026667 -0.032500 -0.053333
0 0.012917 0.017778 -0.024167 -0.035556
0 0.012917 0.017778 -0.024167 -0.035556
0 0.012917 0.017778 -0.024167 -0.035556
0 0.019583 0.032593 -0.037500 -0.065185
0 0.017083 0.026667 -0.032500 -0.053333
0 0.010833 0.017037 -0.020000 -0.034074
0 0.010833 0.017037 -0.020000 -0.034074
0 0.019583 0.032593 -0.037500 -0.065185
0 0.010833 0.017037 -0.020000 -0.034074
0 0.010833 0.017037 -0.020000 -0.034074
0 0.010833 0.017037 -0.020000 -0.034074
0 0.012917 0.017778 -0.024167 -0.035556
0 0.010833 0.017037 -0.020000 -0.034074
0 0.010833 0.017037 -0.020000 -0.034074
0 0.010833 0.017037 -0.020000 -0.034074
0 0.010833 0.017037 -0.020000 -0.034074
0 0.017083 0.026667 -0.032500 -0.053333
0 0.010833 0.017037 -0.020000 -0.034074
0 0.010833 0.017037 -0.020000 -0.034074
0 0.012917 0.017778 -0.024167 -0.035556
0 0.010833 0.017037 -0.020000 -0.034074
0 0.010833 0.017037 -0.020000 -0.034074
0 0.010833 0.017037 -0.020000 -0.034074
0 0.019583 0.032593 -0.037500 -0.065185
0 0.010833 0.017037 -0.020000 -0.034074
0 0.010833 0.017037 -0.020000 -0.034074
0 0.019583 0.032593 -0.037500 -0.065185
0 0.012917 0.017778 -0.024167 -0.035556
0 0.010833 0.017037 -0.020000 -0.034074
0 0.010833 0.017037 -0.020000 -0.034074
0 0.010833 0.017037 -0.020000 -0.034074
0 0.010833 0.017037 -0.020000 -0.034074
0 0.010833 0.017037 -0.020000 -0.034074
0 0.010833 0.017037 -0.020000 -0.034074
0 0.010833 0.017037 -0.020000 -0.034074
0 0.017083 0.026667 -0.032500 -0.053333
0 0.012917 0.017778 -0.024167 -0.035556
0 0.010833 0.017037 -0.020000 -0.034074
0 0.012917 0.017778 -0.024167 -0.035556
0 0.010833 0.017037 -0.020000 -0.034074
0 0.010833 0.017037 -0.020000 -0.034074
0 0.010833 0.017037 -0.020000 -0.034074
0 0.010833 0.017037 -0.020000 -0.034074
0 0.012917 0.017778 -0.024167 -0.035556
0 0.010833 0.017037 -0.020000 -0.034074
0 0.012917 0.017778 -0.024167 -0.035556
0 0.010833 0.017037 -0.020000 -0.034074
0 0.012917 0.017778 -0.024167 -0.035556
0 0.017083 0.026667 -0.032500 -0.053333
0 0.010833 0.017037 -0.020000 -0.034074
0 0.010833 0.017037 -0.020000 -0.034074
0 0.010833 0.017037 -0.020000 -0.034074
0 0.012917 0.017778 -0.024167 -0.035556
0 0.010833 0.017037 -0.020000 -0.034074
0 0.017083 0.026667 -0.032500 -0.053333
0 0.019583 0.032593 -0.037500 -0.065185
0 0.010833 0.017037 -0.020000 -0.034074
0 0.017083 0.026667 -0.032500 -0.053333
0 0.010833 0.017037 -0.020000 -0.034074
0 0.019583 0.032593 -0.037500 -0.065185
0 0.017083 0.026667 -0.032500 -0.053333
0 0.010833 0.017037 -0.020000 -0.034074
0 0.010833 0.017037 -0.020000 -0.034074
0 0.017083 0.026667 -0.032500 -0.053333
0 0.019583 0.032593 -0.037500 -0.065185
0 0.010833 0.017037 -0.020000 -0.034074