0 0.003167 0.005258 -0.005667 -0.010516
0 0.003167 0.005258 -0.005667 -0.010516
0 0.002667 0.004507 -0.004667 -0.009014
0 0.007833 0.011517 -0.015000 -0.023035
0 0.003667 0.007011 -0.006667 -0.014021
0 0.001000 0.000751 -0.001333 -0.001502
0 0.003167 0.005258 -0.005667 -0.010516
0 0.003167 0.005258 -0.005667 -0.010516
0 0.001000 0.000751 -0.001333 -0.001502
0 0.001000 0.000751 -0.001333 -0.001502
0 0.001000 0.000751 -0.001333 -0.001502
0 0.004167 0.006259 -0.007667 -0.012519
0 0.003667 0.007011 -0.006667 -0.014021
0 0.003167 0.005258 -0.005667 -0.010516
0 0.006500 0.007011 -0.012333 -0.014021
0 0.003167 0.005258 -0.005667 -0.010516
0 0.001000 0.000751 -0.001333 -0.001502
0 0.004167 0.006259 -0.007667 -0.012519
0 0.001000 0.000751 -0.001333 -0.001502
0 0.002667 0.004507 -0.004667 -0.009014
0 0.003167 0.005258 -0.005667 -0.010516
0 0.001000 0.000751 -0.001333 -0.001502
0 0.001000 0.000751 -0.001333 -0.001502
0 0.002833 0.004507 -0.004333 -0.009014
0 0.003167 0.005258 -0.005667 -0.010516
0 0.007833 0.011517 -0.015000 -0.023035
0 0.003167 0.005258 -0.005667 -0.010516
0 0.001000 0.000751 -0.001333 -0.001502
0 0.003167 0.005258 -0.005667 -0.010516
0 0.003667 0.007011 -0.006667 -0.014021
0 0.003167 0.005258 -0.005667 -0.010516
0 0.006833 0.008012 -0.013000 -0.016024
0 0.009500 0.017526 -0.018333 -0.035053
0 0.002667 0.004507 -0.004667 -0.009014
0 0.002667 0.004507 -0.004667 -0.009014
0 0.007833 0.011517 -0.015000 -0.023035
0 0.002667 0.004507 -0.004667 -0.009014
0 0.002667 0.004507 -0.004667 -0.009014
0 0.001833 0.002504 -0.003000 -0.005008
0 0.001000 0.000751 -0.001333 -0.001502
0 0.002667 0.004507 -0.004667 -0.009014
0 0.001000 0.000751 -0.001333 -0.001502
0 0.003000 0.005008 -0.005333 -0.010015
0 0.004167 0.006259 -0.007667 -0.012519
0 0.003167 0.005258 -0.005667 -0.010516
0 0.006500 0.007011 -0.012333 -0.014021
0 0.002667 0.004507 -0.004667 -0.009014
0 0.001000 0.000751 -0.001333 -0.001502
0 0.002667 0.004507 -0.004667 -0.009014
0 0.003167 0.005258 -0.005667 -0.010516
0 0.001000 0.000751 -0.001333 -0.001502
0 0.002667 0.004507 -0.004667 -0.009014
0 0.014833 0.024286 -0.029000 -0.048573
0 0.003667 0.007011 -0.006667 -0.014021
0 0.004167 0.006259 -0.007667 -0.012519
0 0.002667 0.004507 -0.004667 -0.009014
0 0.009500 0.017526 -0.018333 -0.035053
0 0.008667 0.016024 -0.016667 -0.032048
0 0.003167 0.005258 -0.005667 -0.010516
0 0.002833 0.004507 -0.004333 -0.009014
0 0.002833 0.004507 -0.004333 -0.009014
0 0.006500 0.007011 -0.012333 -0.014021
0 0.003167 0.005258 -0.005667 -0.010516
0 0.003167 0.005258 -0.005667 -0.010516
0 0.001000 0.000751 -0.001333 -0.001502
0 0.002667 0.004507 -0.004667 -0.009014
0 0.002667 0.004507 -0.004667 -0.009014
0 0.002667 0.004507 -0.004667 -0.009014
0 0.002667 0.004507 -0.004667 -0.009014
0 0.004167 0.006259 -0.007667 -0.012519
0 0.006667 0.007011 -0.012000 -0.014021
0 0.007833 0.011517 -0.015000 -0.023035
0 0.003333 0.005258 -0.005333 -0.010516
0 0.003667 0.007011 -0.006667 -0.014021
0 0.014833 0.024286 -0.029000 -0.048573
0 0.003667 0.007011 -0.006667 -0.014021
0 0.006500 0.007011 -0.012333 -0.014021
0 0.003667 0.007011 -0.006667 -0.014021
0 0.009500 0.017526 -0.018333 -0.035053
0 0.003167 0.005258 -0.005667 -0.010516
0 0.001000 0.000751 -0.001333 -0.001502
0 0.004167 0.006259 -0.007667 -0.012519
0 0.003667 0.007011 -0.006667 -0.014021
0 0.001000 0.000751 -0.001333 -0.001502
0 0.009500 0.017526 -0.018333 -0.035053
0 0.002833 0.004757 -0.005000 -0.009514
0 0.006500 0.007011 -0.012333 -0.014021
0 0.001000 0.000751 -0.001333 -0.001502
0 0.007833 0.011517 -0.015000 -0.023035
0 0.001333 0.001502 -0.002000 -0.003005
0 0.013500 0.022534 -0.026333 -0.045068
0 0.002667 0.004507 -0.004667 -0.009014
0 0.001000 0.000751 -0.001333 -0.001502
0 0.003167 0.005258 -0.005667 -0.010516
0 0.003167 0.005258 -0.005667 -0.010516
0 0.005167 0.009014 -0.009667 -0.018027
0 0.001000 0.000751 -0.001333 -0.001502
0 0.003167 0.005258 -0.005667 -0.010516
0 0.001000 0.000751 -0.001333 -0.001502
0 0.002833 0.004757 -0.005000 -0.009514
0 0.002667 0.004507 -0.004667 -0.009014
0 0.003167 0.005258 -0.005667 -0.010516
0 0.003167 0.005258 -0.005667 -0.010516
0 0.001000 0.000751 -0.001333 -0.001502
0 0.003167 0.005258 -0.005667 -0.010516
0 0.002667 0.004507 -0.004667 -0.009014
0 0.006500 0.007011 -0.012333 -0.014021
0 0.006333 0.012018 -0.012000 -0.024036
0 0.001000 0.000751 -0.001333 -0.001502
0 0.001000 0.000751 -0.001333 -0.001502
0 0.003333 0.005258 -0.005333 -0.010516
0 0.001000 0.000751 -0.001333 -0.001502
0 0.007833 0.011517 -0.015000 -0.023035
0 0.003333 0.005258 -0.005333 -0.010516
0 0.003167 0.005258 -0.005667 -0.010516
0 0.002833 0.004507 -0.004333 -0.009014
0 0.002667 0.004507 -0.004667 -0.009014
0 0.002333 0.003255 -0.004000 -0.006510
0 0.001000 0.000751 -0.001333 -0.001502
0 0.002833 0.004757 -0.005000 -0.009514
0 0.014833 0.024286 -0.029000 -0.048573
0 0.003667 0.007011 -0.006667 -0.014021
0 0.003667 0.007011 -0.006667 -0.014021
0 0.001000 0.000751 -0.001333 -0.001502
0 0.003167 0.005258 -0.005667 -0.010516
0 0.001000 0.000751 -0.001333 -0.001502
0 0.009500 0.017526 -0.018333 -0.035053
0 0.009500 0.017526 -0.018333 -0.035053
0 0.002833 0.004507 -0.004333 -0.009014
0 0.003167 0.005258 -0.005667 -0.010516
0 0.002667 0.004507 -0.004667 -0.009014
0 0.014833 0.024286 -0.029000 -0.048573
0 0.009500 0.017526 -0.018333 -0.035053
0 0.006500 0.007011 -0.012333 -0.014021
0 0.003000 0.005008 -0.005333 -0.010015
0 0.002833 0.004507 -0.004333 -0.009014
0 0.002667 0.004507 -0.004667 -0.009014
0 0.003667 0.007011 -0.006667 -0.014021
0 0.002667 0.004507 -0.004667 -0.009014
0 0.006500 0.007011 -0.012333 -0.014021
0 0.002667 0.004507 -0.004667 -0.009014
0 0.001833 0.002504 -0.003000 -0.005008
0 0.002833 0.004507 -0.004333 -0.009014
0 0.003167 0.005258 -0.005667 -0.010516
0 0.002667 0.004507 -0.004667 -0.009014
0 0.003833 0.006510 -0.007000 -0.013020
0 0.002667 0.004507 -0.004667 -0.009014
0 0.003167 0.005258 -0.005667 -0.010516
0 0.003167 0.005258 -0.005667 -0.010516
0 0.001000 0.000751 -0.001333 -0.001502
0 0.002667 0.004507 -0.004667 -0.009014
0 0.014833 0.024286 -0.029000 -0.048573
0 0.004167 0.006259 -0.007667 -0.012519
0 0.003167 0.005258 -0.005667 -0.010516
0 0.009500 0.017526 -0.018333 -0.035053
0 0.001000 0.000751 -0.001333 -0.001502
0 0.006500 0.007011 -0.012333 -0.014021
0 0.006333 0.012018 -0.012000 -0.024036
0 0.003167 0.005258 -0.005667 -0.010516
0 0.001000 0.000751 -0.001333 -0.001502
0 0.009500 0.017526 -0.018333 -0.035053
0 0.006500 0.007011 -0.012333 -0.014021
0 0.003167 0.005258 -0.005667 -0.010516
0 0.002667 0.004507 -0.004667 -0.009014
0 0.003167 0.005258 -0.005667 -0.010516
0 0.003167 0.005258 -0.005667 -0.010516
0 0.002667 0.004507 -0.004667 -0.009014
0 0.002667 0.004507 -0.004667 -0.009014
0 0.003167 0.005258 -0.005667 -0.010516
0 0.006500 0.007011 -0.012333 -0.014021
0 0.004167 0.006259 -0.007667 -0.012519
0 0.001000 0.000751 -0.001333 -0.001502
0 0.001000 0.000751 -0.001333 -0.001502
0 0.003167 0.005258 -0.005667 -0.010516
0 0.004167 0.006259 -0.007667 -0.012519
0 0.002333 0.003255 -0.004000 -0.006510
0 0.002333 0.003255 -0.004000 -0.006510
0 0.004167 0.006259 -0.007667 -0.012519
0 0.002667 0.004507 -0.004667 -0.009014
0 0.004167 0.006259 -0.007667 -0.012519
0 0.001000 0.000751 -0.001333 -0.001502
0 0.002667 0.004507 -0.004667 -0.009014
0 0.003667 0.007011 -0.006667 -0.014021
0 0.004167 0.006259 -0.007667 -0.012519
0 0.003333 0.005258 -0.005333 -0.010516
0 0.002667 0.004507 -0.004667 -0.009014
0 0.007000 0.013270 -0.013333 -0.026540
0 0.002667 0.004507 -0.004667 -0.009014
0 0.001000 0.000751 -0.001333 -0.001502
0 0.003167 0.005258 -0.005667 -0.010516
0 0.006500 0.007011 -0.012333 -0.014021
0 0.002667 0.004507 -0.004667 -0.009014
0 0.003167 0.005258 -0.005667 -0.010516
0 0.006333 0.012018 -0.012000 -0.024036
0 0.006500 0.007011 -0.012333 -0.014021
0 0.003167 0.005258 -0.005667 -0.010516
0 0.002667 0.004507 -0.004667 -0.009014
0 0.003000 0.005008 -0.005333 -0.010015
0 0.007833 0.011517 -0.015000 -0.023035
0 0.001000 0.000751 -0.001333 -0.001502
0 0.001000 0.000751 -0.001333 -0.001502
0 0.001000 0.000751 -0.001333 -0.001502
0 0.003167 0.005258 -0.005667 -0.010516
0 0.004167 0.006259 -0.007667 -0.012519
0 0.003167 0.005258 -0.005667 -0.010516
0 0.006500 0.007011 -0.012333 -0.014021
0 0.003167 0.005258 -0.005667 -0.010516
0 0.002333 0.003255 -0.004000 -0.006510
0 0.002833 0.004507 -0.004333 -0.009014
0 0.007833 0.011517 -0.015000 -0.023035
0 0.007833 0.011517 -0.015000 -0.023035
0 0.004167 0.006259 -0.007667 -0.012519
0 0.001000 0.000751 -0.001333 -0.001502
0 0.001000 0.000751 -0.001333 -0.001502
0 0.001000 0.000751 -0.001333 -0.001502
0 0.003167 0.005258 -0.005667 -0.010516
0 0.003167 0.005258 -0.005667 -0.010516
0 0.006500 0.007011 -0.012333 -0.014021
0 0.001000 0.000751 -0.001333 -0.001502
0 0.002833 0.004507 -0.004333 -0.009014
0 0.001000 0.000751 -0.001333 -0.001502
0 0.003167 0.005258 -0.005667 -0.010516
0 0.003167 0.005258 -0.005667 -0.010516
0 0.002667 0.004507 -0.004667 -0.009014
0 0.006500 0.007011 -0.012333 -0.014021
0 0.003167 0.005258 -0.005667 -0.010516
0 0.003167 0.005258 -0.005667 -0.010516
0 0.001000 0.000751 -0.001333 -0.001502
0 0.004167 0.006259 -0.007667 -0.012519
0 0.001000 0.000751 -0.001333 -0.001502
0 0.003167 0.005258 -0.005667 -0.010516
0 0.006500 0.007011 -0.012333 -0.014021
0 0.006500 0.007011 -0.012333 -0.014021
0 0.001000 0.000751 -0.001333 -0.001502
0 0.004167 0.006259 -0.007667 -0.012519
0 0.004167 0.006259 -0.007667 -0.012519
0 0.003167 0.005258 -0.005667 -0.010516
0 0.002833 0.004507 -0.004333 -0.009014
0 0.001000 0.000751 -0.001333 -0.001502
0 0.002667 0.004507 -0.004667 -0.009014
0 0.003167 0.005258 -0.005667 -0.010516
0 0.007833 0.011517 -0.015000 -0.023035
0 0.004167 0.006259 -0.007667 -0.012519
0 0.002667 0.004507 -0.004667 -0.009014
0 0.001000 0.000751 -0.001333 -0.001502
0 0.003167 0.005258 -0.005667 -0.010516
0 0.001000 0.000751 -0.001333 -0.001502
0 0.002833 0.004507 -0.004333 -0.009014
0 0.003667 0.007011 -0.006667 -0.014021
0 0.004167 0.006259 -0.007667 -0.012519
0 0.006500 0.007011 -0.012333 -0.014021
0 0.014833 0.024286 -0.029000 -0.048573
0 0.004167 0.006259 -0.007667 -0.012519
0 0.001833 0.002504 -0.003000 -0.005008
0 0.006500 0.007011 -0.012333 -0.014021
0 0.006333 0.012018 -0.012000 -0.024036
0 0.003167 0.005258 -0.005667 -0.010516
0 0.006500 0.007011 -0.012333 -0.014021
0 0.002667 0.004507 -0.004667 -0.009014
0 0.014833 0.024286 -0.029000 -0.048573
0 0.002833 0.004507 -0.004333 -0.009014
0 0.007833 0.011517 -0.015000 -0.023035
0 0.001000 0.000751 -0.001333 -0.001502
0 0.004167 0.006259 -0.007667 -0.012519
0 0.003167 0.005258 -0.005667 -0.010516
0 0.002667 0.004507 -0.004667 -0.009014
0 0.002667 0.004507 -0.004667 -0.009014
0 0.002833 0.004507 -0.004333 -0.009014
0 0.009500 0.017526 -0.018333 -0.035053
0 0.003167 0.005258 -0.005667 -0.010516
0 0.014833 0.024286 -0.029000 -0.048573
0 0.009500 0.017526 -0.018333 -0.035053
0 0.001000 0.000751 -0.001333 -0.001502
0 0.001000 0.000751 -0.001333 -0.001502
0 0.001000 0.000751 -0.001333 -0.001502
0 0.003167 0.005258 -0.005667 -0.010516
0 0.014833 0.024286 -0.029000 -0.048573
0 0.003667 0.007011 -0.006667 -0.014021
0 0.003167 0.005258 -0.005667 -0.010516
0 0.001833 0.002504 -0.003000 -0.005008
0 0.009500 0.017526 -0.018333 -0.035053
0 0.002667 0.004507 -0.004667 -0.009014
0 0.001000 0.000751 -0.001333 -0.001502
0 0.006500 0.007011 -0.012333 -0.014021
0 0.002667 0.004507 -0.004667 -0.009014
0 0.007833 0.011517 -0.015000 -0.023035
0 0.002667 0.004507 -0.004667 -0.009014
0 0.001000 0.000751 -0.001333 -0.001502
0 0.002833 0.004507 -0.004333 -0.009014
0 0.002667 0.004507 -0.004667 -0.009014
0 0.001000 0.000751 -0.001333 -0.001502
0 0.002667 0.004507 -0.004667 -0.009014
0 0.003333 0.005258 -0.005333 -0.010516
0 0.001000 0.000751 -0.001333 -0.001502
0 0.003667 0.007011 -0.006667 -0.014021
0 0.002667 0.004507 -0.004667 -0.009014
0 0.003167 0.005258 -0.005667 -0.010516
0 0.006333 0.012018 -0.012000 -0.024036
0 0.002667 0.004507 -0.004667 -0.009014
0 0.006500 0.007011 -0.012333 -0.014021
0 0.004167 0.006259 -0.007667 -0.012519
0 0.006500 0.007011 -0.012333 -0.014021
0 0.002333 0.003255 -0.004000 -0.006510
0 0.002667 0.004507 -0.004667 -0.009014
0 0.003167 0.005258 -0.005667 -0.010516
0 0.006500 0.007011 -0.012333 -0.014021
0 0.002333 0.003255 -0.004000 -0.006510
0 0.002667 0.004507 -0.004667 -0.009014
0 0.003167 0.005258 -0.005667 -0.010516
0 0.009500 0.017526 -0.018333 -0.035053
0 0.001000 0.000751 -0.001333 -0.001502
0 0.002833 0.004507 -0.004333 -0.009014
0 0.002833 0.004507 -0.004333 -0.009014
0 0.006500 0.007011 -0.012333 -0.014021
0 0.007833 0.011517 -0.015000 -0.023035
0 0.002667 0.004507 -0.004667 -0.009014
0 0.001000 0.000751 -0.001333 -0.001502
0 0.002667 0.004507 -0.004667 -0.009014
0 0.001000 0.000751 -0.001333 -0.001502
0 0.003167 0.005258 -0.005667 -0.010516
0 0.003167 0.005258 -0.005667 -0.010516
0 0.001000 0.000751 -0.001333 -0.001502
0 0.002667 0.004507 -0.004667 -0.009014
0 0.003167 0.005258 -0.005667 -0.010516
0 0.006500 0.007011 -0.012333 -0.014021
0 0.003167 0.005258 -0.005667 -0.010516
0 0.002833 0.004507 -0.004333 -0.009014
0 0.014833 0.024286 -0.029000 -0.048573
0 0.002667 0.004507 -0.004667 -0.009014
0 0.001000 0.000751 -0.001333 -0.001502
0 0.001000 0.000751 -0.001333 -0.001502
0 0.001000 0.000751 -0.001333 -0.001502
0 0.001000 0.000751 -0.001333 -0.001502
0 0.003167 0.005258 -0.005667 -0.010516
0 0.003167 0.005258 -0.005667 -0.010516
0 0.002667 0.004507 -0.004667 -0.009014
0 0.004167 0.006259 -0.007667 -0.012519
0 0.009500 0.017526 -0.018333 -0.035053
0 0.003167 0.005258 -0.005667 -0.010516
0 0.004167 0.006259 -0.007667 -0.012519
0 0.006500 0.007011 -0.012333 -0.014021
0 0.002333 0.003255 -0.004000 -0.006510
0 0.003167 0.005258 -0.005667 -0.010516
0 0.002667 0.004507 -0.004667 -0.009014
0 0.002667 0.004507 -0.004667 -0.009014
0 0.003167 0.005258 -0.005667 -0.010516
0 0.002833 0.004507 -0.004333 -0.009014
0 0.002333 0.003255 -0.004000 -0.006510
0 0.003167 0.005258 -0.005667 -0.010516
0 0.002667 0.004507 -0.004667 -0.009014
0 0.004167 0.006259 -0.007667 -0.012519
0 0.002667 0.004507 -0.004667 -0.009014
0 0.001000 0.000751 -0.001333 -0.001502
0 0.001000 0.000751 -0.001333 -0.001502
0 0.004167 0.006259 -0.007667 -0.012519
0 0.009500 0.017526 -0.018333 -0.035053
0 0.002000 0.003255 -0.003333 -0.006510
0 0.002667 0.004507 -0.004667 -0.009014
0 0.003167 0.005258 -0.005667 -0.010516
0 0.006500 0.007011 -0.012333 -0.014021
0 0.003167 0.005258 -0.005667 -0.010516
0 0.003167 0.005258 -0.005667 -0.010516
0 0.004167 0.006259 -0.007667 -0.012519
0 0.002667 0.004507 -0.004667 -0.009014
0 0.003667 0.007011 -0.006667 -0.014021
0 0.002167 0.003505 -0.003667 -0.007011
0 0.003167 0.005258 -0.005667 -0.010516
0 0.003167 0.005258 -0.005667 -0.010516
0 0.006500 0.007011 -0.012333 -0.014021
0 0.002667 0.004507 -0.004667 -0.009014
0 0.004167 0.006259 -0.007667 -0.012519
0 0.001000 0.000751 -0.001333 -0.001502
0 0.004167 0.006259 -0.007667 -0.012519
0 0.003167 0.005258 -0.005667 -0.010516
0 0.003167 0.005258 -0.005667 -0.010516
0 0.002667 0.004507 -0.004667 -0.009014
0 0.003167 0.005258 -0.005667 -0.010516
0 0.003167 0.005258 -0.005667 -0.010516
0 0.002667 0.004507 -0.004667 -0.009014
0 0.002667 0.004507 -0.004667 -0.009014
0 0.002667 0.004507 -0.004667 -0.009014
0 0.002833 0.004507 -0.004333 -0.009014
0 0.003167 0.005258 -0.005667 -0.010516
0 0.002833 0.004507 -0.004333 -0.009014
0 0.003167 0.005258 -0.005667 -0.010516
0 0.003667 0.007011 -0.006667 -0.014021
0 0.004167 0.006259 -0.007667 -0.012519
0 0.001000 0.000751 -0.001333 -0.001502
0 0.002667 0.004507 -0.004667 -0.009014
0 0.009500 0.017526 -0.018333 -0.035053
0 0.003167 0.005258 -0.005667 -0.010516
0 0.014833 0.024286 -0.029000 -0.048573
0 0.006500 0.007011 -0.012333 -0.014021
0 0.003167 0.005258 -0.005667 -0.010516
0 0.002833 0.004507 -0.004333 -0.009014
0 0.001000 0.000751 -0.001333 -0.001502
0 0.002667 0.004507 -0.004667 -0.009014
0 0.004167 0.006259 -0.007667 -0.012519
0 0.002667 0.004507 -0.004667 -0.009014
0 0.002667 0.004507 -0.004667 -0.009014
0 0.003167 0.005258 -0.005667 -0.010516
0 0.002833 0.004507 -0.004333 -0.009014
0 0.001000 0.000751 -0.001333 -0.001502
0 0.002667 0.004507 -0.004667 -0.009014
0 0.002667 0.004507 -0.004667 -0.009014
0 0.003333 0.005258 -0.005333 -0.010516
0 0.001000 0.000751 -0.001333 -0.001502
0 0.006500 0.007011 -0.012333 -0.014021
0 0.006500 0.007011 -0.012333 -0.014021
0 0.010833 0.019029 -0.021000 -0.038057
0 0.006333 0.012018 -0.012000 -0.024036
0 0.003667 0.007011 -0.006667 -0.014021
0 0.006333 0.012018 -0.012000 -0.024036
0 0.002333 0.003255 -0.004000 -0.006510
0 0.001000 0.000751 -0.001333 -0.001502
0 0.002833 0.004507 -0.004333 -0.009014
0 0.003667 0.007011 -0.006667 -0.014021
0 0.009500 0.017526 -0.018333 -0.035053
0 0.001000 0.000751 -0.001333 -0.001502
0 0.001000 0.000751 -0.001333 -0.001502
0 0.009500 0.017526 -0.018333 -0.035053
0 0.002667 0.004507 -0.004667 -0.009014
0 0.001833 0.002504 -0.003000 -0.005008
0 0.004167 0.006259 -0.007667 -0.012519
0 0.003167 0.005258 -0.005667 -0.010516
0 0.004000 0.006510 -0.006667 -0.013020
0 0.002667 0.004507 -0.004667 -0.009014
0 0.002667 0.004507 -0.004667 -0.009014
0 0.004167 0.006259 -0.007667 -0.012519
0 0.001000 0.000751 -0.001333 -0.001502
0 0.002667 0.004507 -0.004667 -0.009014
0 0.004167 0.006259 -0.007667 -0.012519
0 0.007833 0.011517 -0.015000 -0.023035
0 0.002667 0.004507 -0.004667 -0.009014
0 0.003167 0.005258 -0.005667 -0.010516
0 0.001000 0.000751 -0.001333 -0.001502
0 0.002833 0.004757 -0.005000 -0.009514
0 0.003167 0.005258 -0.005667 -0.010516
0 0.006500 0.007011 -0.012333 -0.014021
0 0.002667 0.004507 -0.004667 -0.009014
0 0.001000 0.000751 -0.001333 -0.001502
0 0.003167 0.005258 -0.005667 -0.010516
0 0.001000 0.000751 -0.001333 -0.001502
0 0.003167 0.005258 -0.005667 -0.010516
0 0.003167 0.005258 -0.005667 -0.010516
0 0.003167 0.005258 -0.005667 -0.010516
0 0.003000 0.005008 -0.005333 -0.010015
0 0.002667 0.004507 -0.004667 -0.009014
0 0.007833 0.011517 -0.015000 -0.023035
0 0.007833 0.011517 -0.015000 -0.023035
0 0.014833 0.024286 -0.029000 -0.048573
0 0.003167 0.005258 -0.005667 -0.010516
0 0.003167 0.005258 -0.005667 -0.010516
0 0.002667 0.004507 -0.004667 -0.009014
0 0.003167 0.005258 -0.005667 -0.010516
0 0.006500 0.007011 -0.012333 -0.014021
0 0.001000 0.000751 -0.001333 -0.001502
0 0.002667 0.004507 -0.004667 -0.009014
0 0.003167 0.005258 -0.005667 -0.010516
0 0.003167 0.005258 -0.005667 -0.010516
0 0.002333 0.003255 -0.004000 -0.006510
0 0.001000 0.000751 -0.001333 -0.001502
0 0.003167 0.005258 -0.005667 -0.010516
0 0.009500 0.017526 -0.018333 -0.035053
0 0.007833 0.011517 -0.015000 -0.023035
0 0.006500 0.007011 -0.012333 -0.014021
0 0.003167 0.005258 -0.005667 -0.010516
0 0.003667 0.007011 -0.006667 -0.014021
0 0.002667 0.004507 -0.004667 -0.009014
0 0.001833 0.002504 -0.003000 -0.005008
0 0.006333 0.012018 -0.012000 -0.024036
0 0.002667 0.004507 -0.004667 -0.009014
0 0.002667 0.004507 -0.004667 -0.009014
0 0.003167 0.005258 -0.005667 -0.010516
0 0.001000 0.000751 -0.001333 -0.001502
0 0.002667 0.004507 -0.004667 -0.009014
0 0.002667 0.004507 -0.004667 -0.009014
0 0.001000 0.000751 -0.001333 -0.001502
0 0.003167 0.005258 -0.005667 -0.010516
0 0.003167 0.005258 -0.005667 -0.010516
0 0.001000 0.000751 -0.001333 -0.001502
0 0.001833 0.002504 -0.003000 -0.005008
0 0.002333 0.003255 -0.004000 -0.006510
0 0.003667 0.007011 -0.006667 -0.014021
0 0.009500 0.017526 -0.018333 -0.035053
0 0.006500 0.007011 -0.012333 -0.014021
0 0.002333 0.003255 -0.004000 -0.006510
0 0.002333 0.003255 -0.004000 -0.006510
0 0.002667 0.004507 -0.004667 -0.009014
0 0.002667 0.004507 -0.004667 -0.009014
0 0.001000 0.000751 -0.001333 -0.001502
0 0.009500 0.017526 -0.018333 -0.035053
0 0.003333 0.005258 -0.005333 -0.010516
0 0.001000 0.000751 -0.001333 -0.001502
0 0.003167 0.005258 -0.005667 -0.010516
0 0.001000 0.000751 -0.001333 -0.001502
0 0.002333 0.003255 -0.004000 -0.006510
0 0.004167 0.006259 -0.007667 -0.012519
0 0.014833 0.024286 -0.029000 -0.048573
0 0.003167 0.005258 -0.005667 -0.010516
0 0.002667 0.004507 -0.004667 -0.009014
0 0.002667 0.004507 -0.004667 -0.009014
0 0.003167 0.005258 -0.005667 -0.010516
0 0.014833 0.024286 -0.029000 -0.048573
0 0.002667 0.004507 -0.004667 -0.009014
0 0.002833 0.004507 -0.004333 -0.009014
0 0.003667 0.007011 -0.006667 -0.014021
0 0.001000 0.000751 -0.001333 -0.001502
0 0.001000 0.000751 -0.001333 -0.001502
0 0.003167 0.005258 -0.005667 -0.010516
0 0.002667 0.004507 -0.004667 -0.009014
0 0.002333 0.003255 -0.004000 -0.006510
0 0.001000 0.000751 -0.001333 -0.001502
0 0.006500 0.007011 -0.012333 -0.014021
0 0.001000 0.000751 -0.001333 -0.001502
0 0.002667 0.004507 -0.004667 -0.009014
0 0.004167 0.006259 -0.007667 -0.012519
0 0.001000 0.000751 -0.001333 -0.001502
0 0.007833 0.011517 -0.015000 -0.023035
0 0.006333 0.012018 -0.012000 -0.024036
0 0.003167 0.005258 -0.005667 -0.010516
0 0.003167 0.005258 -0.005667 -0.010516
0 0.009500 0.017526 -0.018333 -0.035053
0 0.003333 0.005258 -0.005333 -0.010516
0 0.002833 0.004507 -0.004333 -0.009014
0 0.001000 0.000751 -0.001333 -0.001502
0 0.002667 0.004507 -0.004667 -0.009014
0 0.002667 0.004507 -0.004667 -0.009014
0 0.006333 0.012018 -0.012000 -0.024036
0 0.009500 0.017526 -0.018333 -0.035053
0 0.001000 0.000751 -0.001333 -0.001502
0 0.003167 0.005258 -0.005667 -0.010516
0 0.003167 0.005258 -0.005667 -0.010516
0 0.001000 0.000751 -0.001333 -0.001502
0 0.002833 0.004507 -0.004333 -0.009014
0 0.002333 0.003255 -0.004000 -0.006510
0 0.003167 0.005258 -0.005667 -0.010516
0 0.002667 0.004507 -0.004667 -0.009014
0 0.009500 0.017526 -0.018333 -0.035053
0 0.006333 0.012018 -0.012000 -0.024036
0 0.001000 0.000751 -0.001333 -0.001502
0 0.002833 0.004507 -0.004333 -0.009014
0 0.007833 0.014772 -0.015000 -0.029544
0 0.007833 0.011517 -0.015000 -0.023035
0 0.002667 0.004507 -0.004667 -0.009014
0 0.014833 0.024286 -0.029000 -0.048573
0 0.002667 0.004507 -0.004667 -0.009014
0 0.001000 0.000751 -0.001333 -0.001502
0 0.006500 0.007011 -0.012333 -0.014021
0 0.009500 0.017526 -0.018333 -0.035053
0 0.002333 0.003255 -0.004000 -0.006510
0 0.004167 0.006259 -0.007667 -0.012519
0 0.003167 0.005258 -0.005667 -0.010516
0 0.010833 0.019029 -0.021000 -0.038057
0 0.009500 0.017526 -0.018333 -0.035053
0 0.004167 0.006259 -0.007667 -0.012519
0 0.001000 0.000751 -0.001333 -0.001502
0 0.003167 0.005258 -0.005667 -0.010516
0 0.004167 0.006259 -0.007667 -0.012519
0 0.014833 0.024286 -0.029000 -0.048573
0 0.009500 0.017526 -0.018333 -0.035053
0 0.004167 0.006259 -0.007667 -0.012519
0 0.003667 0.006760 -0.006667 -0.013520
0 0.009500 0.017526 -0.018333 -0.035053
0 0.006500 0.007011 -0.012333 -0.014021
0 0.001833 0.002504 -0.003000 -0.005008
0 0.003167 0.005258 -0.005667 -0.010516
0 0.003167 0.005258 -0.005667 -0.010516
0 0.002667 0.004507 -0.004667 -0.009014
0 0.006500 0.007011 -0.012333 -0.014021
0 0.009500 0.017526 -0.018333 -0.035053
0 0.003167 0.005258 -0.005667 -0.010516
0 0.003167 0.005258 -0.005667 -0.010516
0 0.003667 0.007011 -0.006667 -0.014021
0 0.007833 0.011517 -0.015000 -0.023035
0 0.002667 0.004507 -0.004667 -0.009014
0 0.006500 0.007011 -0.012333 -0.014021
0 0.009500 0.017526 -0.018333 -0.035053
0 0.002667 0.004507 -0.004667 -0.009014
0 0.003167 0.005258 -0.005667 -0.010516
0 0.002667 0.004507 -0.004667 -0.009014
0 0.002667 0.004507 -0.004667 -0.009014
0 0.007833 0.011517 -0.015000 -0.023035
0 0.003833 0.007011 -0.006333 -0.014021
0 0.002667 0.004507 -0.004667 -0.009014
0 0.002667 0.004507 -0.004667 -0.009014
0 0.007833 0.011517 -0.015000 -0.023035
0 0.002667 0.004507 -0.004667 -0.009014
0 0.003167 0.005258 -0.005667 -0.010516
0 0.003167 0.005258 -0.005667 -0.010516
0 0.003333 0.005258 -0.005333 -0.010516
0 0.003167 0.005258 -0.005667 -0.010516
0 0.002667 0.004507 -0.004667 -0.009014
0 0.003167 0.005258 -0.005667 -0.010516
0 0.001000 0.000751 -0.001333 -0.001502
0 0.006333 0.012018 -0.012000 -0.024036
0 0.002667 0.004507 -0.004667 -0.009014
0 0.002667 0.004507 -0.004667 -0.009014
0 0.009500 0.017526 -0.018333 -0.035053
0 0.001000 0.000751 -0.001333 -0.001502
0 0.004167 0.006259 -0.007667 -0.012519
0 0.003167 0.005258 -0.005667 -0.010516
0 0.001000 0.000751 -0.001333 -0.001502
0 0.006333 0.012018 -0.012000 -0.024036
0 0.006500 0.007011 -0.012333 -0.014021
0 0.003167 0.005258 -0.005667 -0.010516
0 0.006500 0.007011 -0.012333 -0.014021
0 0.001000 0.000751 -0.001333 -0.001502
0 0.004167 0.006259 -0.007667 -0.012519
0 0.009500 0.017526 -0.018333 -0.035053
0 0.002667 0.004507 -0.004667 -0.009014
0 0.006667 0.007011 -0.012000 -0.014021
0 0.002667 0.004507 -0.004667 -0.009014
0 0.004167 0.006259 -0.007667 -0.012519
0 0.002667 0.004507 -0.004667 -0.009014
0 0.006500 0.007011 -0.012333 -0.014021
0 0.003167 0.005258 -0.005667 -0.010516
0 0.003667 0.007011 -0.006667 -0.014021
0 0.001000 0.000751 -0.001333 -0.001502
0 0.003167 0.005258 -0.005667 -0.010516
0 0.009500 0.017526 -0.018333 -0.035053
0 0.003667 0.007011 -0.006667 -0.014021
0 0.002833 0.004507 -0.004333 -0.009014
0 0.006333 0.012018 -0.012000 -0.024036
0 0.014833 0.024286 -0.029000 -0.048573
0 0.003167 0.005258 -0.005667 -0.010516
0 0.002667 0.004507 -0.004667 -0.009014
0 0.006333 0.012018 -0.012000 -0.024036
0 0.002833 0.004507 -0.004333 -0.009014
0 0.002667 0.004507 -0.004667 -0.009014
0 0.002000 0.003255 -0.003333 -0.006510
0 0.003167 0.005258 -0.005667 -0.010516
0 0.009500 0.017526 -0.018333 -0.035053
0 0.002667 0.004507 -0.004667 -0.009014
0 0.003167 0.005258 -0.005667 -0.010516
0 0.003167 0.005258 -0.005667 -0.010516
0 0.002667 0.004507 -0.004667 -0.009014
0 0.003167 0.005258 -0.005667 -0.010516
0 0.001000 0.000751 -0.001333 -0.001502
0 0.003167 0.005258 -0.005667 -0.010516
0 0.002667 0.004507 -0.004667 -0.009014
0 0.006333 0.012018 -0.012000 -0.024036
0 0.009500 0.017526 -0.018333 -0.035053
0 0.003167 0.005258 -0.005667 -0.010516
0 0.004167 0.006259 -0.007667 -0.012519
0 0.006333 0.012018 -0.012000 -0.024036
0 0.001000 0.000751 -0.001333 -0.001502
0 0.001833 0.002504 -0.003000 -0.005008
0 0.001000 0.000751 -0.001333 -0.001502
0 0.001000 0.000751 -0.001333 -0.001502
0 0.001000 0.000751 -0.001333 -0.001502
0 0.001000 0.000751 -0.001333 -0.001502
0 0.001000 0.000751 -0.001333 -0.001502
0 0.002667 0.004507 -0.004667 -0.009014
0 0.002833 0.004507 -0.004333 -0.009014
0 0.009500 0.017526 -0.018333 -0.035053
0 0.002667 0.004507 -0.004667 -0.009014
0 0.002667 0.004507 -0.004667 -0.009014
0 0.002667 0.004507 -0.004667 -0.009014
0 0.002667 0.004507 -0.004667 -0.009014
0 0.003167 0.005258 -0.005667 -0.010516
0 0.006500 0.007011 -0.012333 -0.014021
0 0.002667 0.004507 -0.004667 -0.009014
0 0.014833 0.024286 -0.029000 -0.048573
0 0.003167 0.005258 -0.005667 -0.010516
0 0.002667 0.004507 -0.004667 -0.009014
0 0.001000 0.000751 -0.001333 -0.001502
0 0.003167 0.005258 -0.005667 -0.010516
0 0.001000 0.000751 -0.001333 -0.001502
0 0.003167 0.005258 -0.005667 -0.010516
0 0.002667 0.004507 -0.004667 -0.009014
0 0.006500 0.007011 -0.012333 -0.014021
0 0.002833 0.004507 -0.004333 -0.009014
0 0.009500 0.017526 -0.018333 -0.035053
0 0.002667 0.004507 -0.004667 -0.009014
0 0.007833 0.011517 -0.015000 -0.023035
0 0.004167 0.006259 -0.007667 -0.012519
0 0.001833 0.002504 -0.003000 -0.005008
0 0.001000 0.000751 -0.001333 -0.001502
0 0.002333 0.003255 -0.004000 -0.006510
0 0.004000 0.005508 -0.007333 -0.011017
0 0.004167 0.006259 -0.007667 -0.012519
0 0.002667 0.004507 -0.004667 -0.009014
0 0.002667 0.004507 -0.004667 -0.009014
0 0.004167 0.006259 -0.007667 -0.012519
0 0.009500 0.017526 -0.018333 -0.035053
0 0.006667 0.007011 -0.012000 -0.014021
0 0.002833 0.004507 -0.004333 -0.009014
0 0.004167 0.006259 -0.007667 -0.012519
0 0.003167 0.005258 -0.005667 -0.010516
0 0.003167 0.005258 -0.005667 -0.010516
0 0.003167 0.005258 -0.005667 -0.010516
0 0.006500 0.007011 -0.012333 -0.014021
0 0.002333 0.003255 -0.004000 -0.006510
0 0.002667 0.004507 -0.004667 -0.009014
0 0.006500 0.007011 -0.012333 -0.014021
0 0.001000 0.000751 -0.001333 -0.001502
0 0.014833 0.024286 -0.029000 -0.048573
0 0.003667 0.007011 -0.006667 -0.014021
0 0.001833 0.002504 -0.003000 -0.005008
0 0.001000 0.000751 -0.001333 -0.001502
0 0.002667 0.004507 -0.004667 -0.009014
0 0.001000 0.000751 -0.001333 -0.001502
0 0.002667 0.004507 -0.004667 -0.009014
0 0.002667 0.004507 -0.004667 -0.009014
0 0.003167 0.005258 -0.005667 -0.010516
0 0.004167 0.006259 -0.007667 -0.012519
0 0.001000 0.000751 -0.001333 -0.001502
0 0.004167 0.006259 -0.007667 -0.012519
0 0.004167 0.006259 -0.007667 -0.012519
0 0.003667 0.007011 -0.006667 -0.014021
0 0.003167 0.005258 -0.005667 -0.010516
0 0.006500 0.007011 -0.012333 -0.014021
0 0.002833 0.004507 -0.004333 -0.009014
0 0.003167 0.005258 -0.005667 -0.010516
0 0.002667 0.004507 -0.004667 -0.009014
0 0.003167 0.005258 -0.005667 -0.010516
0 0.003167 0.005258 -0.005667 -0.010516
0 0.003167 0.005258 -0.005667 -0.010516
0 0.003167 0.005258 -0.005667 -0.010516
0 0.009500 0.017526 -0.018333 -0.035053
0 0.003167 0.005258 -0.005667 -0.010516
0 0.002667 0.004507 -0.004667 -0.009014
0 0.003167 0.005258 -0.005667 -0.010516
0 0.001000 0.000751 -0.001333 -0.001502
0 0.003333 0.005258 -0.005333 -0.010516
0 0.002667 0.004507 -0.004667 -0.009014
0 0.014833 0.024286 -0.029000 -0.048573
0 0.003167 0.005258 -0.005667 -0.010516
0 0.009500 0.017526 -0.018333 -0.035053
0 0.006333 0.012018 -0.012000 -0.024036
0 0.007833 0.011517 -0.015000 -0.023035
0 0.002833 0.004507 -0.004333 -0.009014
0 0.003167 0.005258 -0.005667 -0.010516
0 0.002667 0.004507 -0.004667 -0.009014
0 0.003167 0.005258 -0.005667 -0.010516
0 0.004167 0.006259 -0.007667 -0.012519
0 0.009500 0.017526 -0.018333 -0.035053
0 0.006333 0.012018 -0.012000 -0.024036
0 0.002667 0.004507 -0.004667 -0.009014
0 0.006500 0.007011 -0.012333 -0.014021
0 0.003667 0.007011 -0.006667 -0.014021
0 0.002667 0.004507 -0.004667 -0.009014
0 0.004167 0.006259 -0.007667 -0.012519
0 0.002833 0.004757 -0.005000 -0.009514
0 0.003167 0.005258 -0.005667 -0.010516
0 0.006500 0.007011 -0.012333 -0.014021
0 0.001000 0.000751 -0.001333 -0.001502
0 0.009500 0.017526 -0.018333 -0.035053
0 0.009500 0.017526 -0.018333 -0.035053
0 0.006500 0.007011 -0.012333 -0.014021
0 0.003167 0.005258 -0.005667 -0.010516
0 0.003167 0.005258 -0.005667 -0.010516
0 0.003167 0.005258 -0.005667 -0.010516
0 0.001000 0.000751 -0.001333 -0.001502
0 0.003333 0.005258 -0.005333 -0.010516
0 0.001000 0.000751 -0.001333 -0.001502
0 0.006500 0.007011 -0.012333 -0.014021
0 0.003167 0.005258 -0.005667 -0.010516
0 0.001000 0.000751 -0.001333 -0.001502
0 0.014833 0.024286 -0.029000 -0.048573
0 0.001000 0.000751 -0.001333 -0.001502
0 0.003167 0.005258 -0.005667 -0.010516
0 0.001000 0.000751 -0.001333 -0.001502
0 0.002667 0.004507 -0.004667 -0.009014
0 0.003667 0.007011 -0.006667 -0.014021
0 0.003167 0.005258 -0.005667 -0.010516
0 0.002833 0.004507 -0.004333 -0.009014
0 0.001000 0.000751 -0.001333 -0.001502
0 0.001000 0.000751 -0.001333 -0.001502
0 0.007833 0.011517 -0.015000 -0.023035
0 0.001000 0.000751 -0.001333 -0.001502
0 0.009500 0.017526 -0.018333 -0.035053
0 0.003167 0.005258 -0.005667 -0.010516
0 0.002667 0.004507 -0.004667 -0.009014
0 0.002667 0.004507 -0.004667 -0.009014
0 0.002667 0.004507 -0.004667 -0.009014
0 0.013500 0.022534 -0.026333 -0.045068
0 0.009500 0.017526 -0.018333 -0.035053
0 0.007833 0.011517 -0.015000 -0.023035
0 0.001000 0.000751 -0.001333 -0.001502
0 0.003167 0.005258 -0.005667 -0.010516
0 0.004167 0.006259 -0.007667 -0.012519
0 0.001000 0.000751 -0.001333 -0.001502
0 0.007833 0.011517 -0.015000 -0.023035
0 0.001000 0.000751 -0.001333 -0.001502
0 0.002667 0.004507 -0.004667 -0.009014
0 0.003167 0.005258 -0.005667 -0.010516
0 0.003667 0.007011 -0.006667 -0.014021
0 0.006500 0.007011 -0.012333 -0.014021
0 0.002833 0.004507 -0.004333 -0.009014
0 0.001000 0.000751 -0.001333 -0.001502
0 0.001000 0.000751 -0.001333 -0.001502
0 0.004167 0.006259 -0.007667 -0.012519
0 0.003167 0.005258 -0.005667 -0.010516
0 0.001000 0.000751 -0.001333 -0.001502
0 0.003333 0.005258 -0.005333 -0.010516
0 0.004167 0.006259 -0.007667 -0.012519
0 0.002500 0.003255 -0.003667 -0.006510
0 0.004667 0.007511 -0.008667 -0.015023
0 0.007833 0.011517 -0.015000 -0.023035
0 0.009500 0.017526 -0.018333 -0.035053
0 0.006333 0.012018 -0.012000 -0.024036
0 0.001000 0.000751 -0.001333 -0.001502
0 0.002833 0.004507 -0.004333 -0.009014
0 0.014833 0.024286 -0.029000 -0.048573
0 0.007833 0.011517 -0.015000 -0.023035
0 0.014833 0.024286 -0.029000 -0.048573
0 0.004167 0.006259 -0.007667 -0.012519
0 0.006333 0.012018 -0.012000 -0.024036
0 0.007833 0.011517 -0.015000 -0.023035
0 0.007833 0.011517 -0.015000 -0.023035
0 0.001000 0.000751 -0.001333 -0.001502
0 0.001000 0.000751 -0.001333 -0.001502
0 0.003167 0.005258 -0.005667 -0.010516
0 0.004833 0.006009 -0.009000 -0.012018
0 0.003667 0.007011 -0.006667 -0.014021
0 0.009500 0.017526 -0.018333 -0.035053
0 0.004167 0.006259 -0.007667 -0.012519
0 0.009500 0.017526 -0.018333 -0.035053
0 0.014833 0.024286 -0.029000 -0.048573
0 0.004167 0.006259 -0.007667 -0.012519
0 0.002333 0.003255 -0.004000 -0.006510
0 0.002667 0.004507 -0.004667 -0.009014
0 0.002833 0.004507 -0.004333 -0.009014
0 0.006500 0.007011 -0.012333 -0.014021
0 0.002667 0.004507 -0.004667 -0.009014
0 0.009500 0.017526 -0.018333 -0.035053
0 0.002667 0.004507 -0.004667 -0.009014
0 0.004667 0.007511 -0.008667 -0.015023
0 0.003167 0.005258 -0.005667 -0.010516
0 0.002667 0.004507 -0.004667 -0.009014
0 0.001000 0.000751 -0.001333 -0.001502
0 0.006500 0.007011 -0.012333 -0.014021
0 0.001000 0.000751 -0.001333 -0.001502
0 0.003167 0.005258 -0.005667 -0.010516
0 0.004167 0.006259 -0.007667 -0.012519
0 0.003333 0.005258 -0.005333 -0.010516
0 0.003333 0.005258 -0.005333 -0.010516
0 0.002833 0.004507 -0.004333 -0.009014
0 0.003667 0.007011 -0.006667 -0.014021
0 0.002333 0.003255 -0.004000 -0.006510
0 0.004167 0.006259 -0.007667 -0.012519
0 0.004833 0.006009 -0.009000 -0.012018
0 0.009500 0.017526 -0.018333 -0.035053
0 0.001000 0.000751 -0.001333 -0.001502
0 0.003167 0.005258 -0.005667 -0.010516
0 0.006333 0.012018 -0.012000 -0.024036
0 0.001000 0.000751 -0.001333 -0.001502
0 0.004167 0.006259 -0.007667 -0.012519
0 0.003167 0.005258 -0.005667 -0.010516
0 0.009500 0.017526 -0.018333 -0.035053
0 0.003167 0.005258 -0.005667 -0.010516
0 0.007833 0.011517 -0.015000 -0.023035
0 0.002833 0.004507 -0.004333 -0.009014
0 0.014833 0.024286 -0.029000 -0.048573
0 0.001000 0.000751 -0.001333 -0.001502
0 0.003167 0.005258 -0.005667 -0.010516
0 0.014833 0.024286 -0.029000 -0.048573
0 0.003333 0.005258 -0.005333 -0.010516
0 0.003167 0.005258 -0.005667 -0.010516
0 0.003167 0.005258 -0.005667 -0.010516
0 0.003167 0.005258 -0.005667 -0.010516
0 0.001000 0.000751 -0.001333 -0.001502
0 0.002333 0.003255 -0.004000 -0.006510
0 0.004833 0.006009 -0.009000 -0.012018
0 0.003167 0.005258 -0.005667 -0.010516
0 0.001000 0.000751 -0.001333 -0.001502
0 0.004167 0.006259 -0.007667 -0.012519
0 0.001000 0.000751 -0.001333 -0.001502
0 0.006667 0.007011 -0.012000 -0.014021
0 0.003833 0.007011 -0.006333 -0.014021
0 0.001000 0.000751 -0.001333 -0.001502
0 0.009500 0.017526 -0.018333 -0.035053
0 0.002833 0.004507 -0.004333 -0.009014
0 0.003167 0.005258 -0.005667 -0.010516
0 0.002667 0.004507 -0.004667 -0.009014
0 0.001000 0.000751 -0.001333 -0.001502
0 0.002667 0.004507 -0.004667 -0.009014
0 0.001000 0.000751 -0.001333 -0.001502
0 0.006333 0.012018 -0.012000 -0.024036
0 0.002833 0.004507 -0.004333 -0.009014
0 0.004167 0.006259 -0.007667 -0.012519
0 0.002667 0.004507 -0.004667 -0.009014
0 0.002833 0.004507 -0.004333 -0.009014
0 0.003167 0.005258 -0.005667 -0.010516
0 0.006500 0.007011 -0.012333 -0.014021
0 0.006667 0.007011 -0.012000 -0.014021
0 0.009500 0.017526 -0.018333 -0.035053
0 0.002667 0.004507 -0.004667 -0.009014
0 0.002667 0.004507 -0.004667 -0.009014
0 0.002833 0.004507 -0.004333 -0.009014
0 0.002333 0.003255 -0.004000 -0.006510
0 0.001000 0.000751 -0.001333 -0.001502
0 0.001000 0.000751 -0.001333 -0.001502
0 0.007833 0.011517 -0.015000 -0.023035
0 0.006500 0.007011 -0.012333 -0.014021
0 0.002667 0.004507 -0.004667 -0.009014
0 0.002333 0.003255 -0.004000 -0.006510
0 0.001000 0.000751 -0.001333 -0.001502
0 0.002667 0.004507 -0.004667 -0.009014
0 0.002833 0.004507 -0.004333 -0.009014
0 0.002833 0.004507 -0.004333 -0.009014
0 0.003333 0.005258 -0.005333 -0.010516
0 0.001000 0.000751 -0.001333 -0.001502
0 0.002667 0.004507 -0.004667 -0.009014
0 0.014833 0.024286 -0.029000 -0.048573
0 0.007833 0.011517 -0.015000 -0.023035
0 0.003667 0.007011 -0.006667 -0.014021
0 0.009500 0.017526 -0.018333 -0.035053
0 0.002667 0.004507 -0.004667 -0.009014
0 0.001000 0.000751 -0.001333 -0.001502
0 0.004167 0.006259 -0.007667 -0.012519
0 0.001000 0.000751 -0.001333 -0.001502
0 0.002167 0.003505 -0.003667 -0.007011
0 0.002667 0.004507 -0.004667 -0.009014
0 0.009500 0.017526 -0.018333 -0.035053
0 0.003667 0.007011 -0.006667 -0.014021
0 0.004167 0.006259 -0.007667 -0.012519
0 0.006500 0.007011 -0.012333 -0.014021
0 0.006500 0.007011 -0.012333 -0.014021
0 0.004167 0.006259 -0.007667 -0.012519
0 0.003667 0.007011 -0.006667 -0.014021
0 0.014833 0.024286 -0.029000 -0.048573
0 0.009500 0.017526 -0.018333 -0.035053
0 0.014833 0.024286 -0.029000 -0.048573
0 0.004167 0.006259 -0.007667 -0.012519
0 0.003167 0.005258 -0.005667 -0.010516
0 0.003667 0.007011 -0.006667 -0.014021
0 0.001000 0.000751 -0.001333 -0.001502
0 0.002667 0.004507 -0.004667 -0.009014
0 0.009500 0.017526 -0.018333 -0.035053
0 0.002833 0.004507 -0.004333 -0.009014
0 0.001000 0.000751 -0.001333 -0.001502
0 0.003333 0.005258 -0.005333 -0.010516
0 0.003333 0.005258 -0.005333 -0.010516
0 0.001000 0.000751 -0.001333 -0.001502
0 0.002667 0.004507 -0.004667 -0.009014
0 0.003167 0.005258 -0.005667 -0.010516
0 0.003167 0.005258 -0.005667 -0.010516
0 0.002833 0.004507 -0.004333 -0.009014
0 0.002667 0.004507 -0.004667 -0.009014
0 0.009500 0.017526 -0.018333 -0.035053
0 0.006500 0.007011 -0.012333 -0.014021
0 0.006500 0.007011 -0.012333 -0.014021
0 0.002667 0.004507 -0.004667 -0.009014
0 0.004167 0.006259 -0.007667 -0.012519
0 0.001000 0.000751 -0.001333 -0.001502
0 0.003167 0.005258 -0.005667 -0.010516
0 0.001000 0.000751 -0.001333 -0.001502
0 0.002667 0.004507 -0.004667 -0.009014
0 0.002667 0.004507 -0.004667 -0.009014
0 0.003167 0.005258 -0.005667 -0.010516
0 0.002667 0.004507 -0.004667 -0.009014
0 0.007833 0.011517 -0.015000 -0.023035
0 0.003167 0.005258 -0.005667 -0.010516
0 0.002833 0.004507 -0.004333 -0.009014
0 0.003333 0.005258 -0.005333 -0.010516
0 0.002333 0.003255 -0.004000 -0.006510
0 0.002667 0.004507 -0.004667 -0.009014
0 0.003167 0.005258 -0.005667 -0.010516
0 0.006500 0.007011 -0.012333 -0.014021
0 0.001000 0.000751 -0.001333 -0.001502
0 0.001000 0.000751 -0.001333 -0.001502
0 0.004167 0.006259 -0.007667 -0.012519
0 0.003333 0.005258 -0.005333 -0.010516
0 0.002833 0.004507 -0.004333 -0.009014
0 0.006500 0.007011 -0.012333 -0.014021
0 0.002833 0.004507 -0.004333 -0.009014
0 0.006833 0.008012 -0.013000 -0.016024
0 0.003167 0.005258 -0.005667 -0.010516
0 0.003667 0.007011 -0.006667 -0.014021
0 0.004167 0.006259 -0.007667 -0.012519
0 0.002667 0.004507 -0.004667 -0.009014
0 0.006333 0.012018 -0.012000 -0.024036
0 0.004167 0.006259 -0.007667 -0.012519
0 0.002667 0.004507 -0.004667 -0.009014
0 0.003167 0.005258 -0.005667 -0.010516
0 0.001000 0.000751 -0.001333 -0.001502
0 0.006500 0.007011 -0.012333 -0.014021
0 0.002667 0.004507 -0.004667 -0.009014
0 0.003167 0.005258 -0.005667 -0.010516
0 0.003000 0.005008 -0.005333 -0.010015
0 0.002667 0.004507 -0.004667 -0.009014
0 0.002667 0.004507 -0.004667 -0.009014
0 0.006500 0.007011 -0.012333 -0.014021
0 0.002667 0.004507 -0.004667 -0.009014
0 0.002667 0.004507 -0.004667 -0.009014
0 0.003667 0.007011 -0.006667 -0.014021
0 0.007833 0.011517 -0.015000 -0.023035
0 0.007833 0.011517 -0.015000 -0.023035
0 0.002333 0.003255 -0.004000 -0.006510
0 0.006500 0.007011 -0.012333 -0.014021
0 0.003333 0.005258 -0.005333 -0.010516
0 0.006333 0.012018 -0.012000 -0.024036
0 0.002333 0.003255 -0.004000 -0.006510
0 0.002833 0.004507 -0.004333 -0.009014
0 0.002333 0.003255 -0.004000 -0.006510
0 0.004167 0.006259 -0.007667 -0.012519
0 0.002833 0.004507 -0.004333 -0.009014
0 0.003167 0.005258 -0.005667 -0.010516
0 0.006500 0.007011 -0.012333 -0.014021
0 0.002667 0.004507 -0.004667 -0.009014
0 0.009500 0.017526 -0.018333 -0.035053
0 0.003667 0.007011 -0.006667 -0.014021
0 0.002333 0.003255 -0.004000 -0.006510
0 0.006500 0.007011 -0.012333 -0.014021
0 0.007833 0.011517 -0.015000 -0.023035
0 0.001000 0.000751 -0.001333 -0.001502
0 0.004167 0.006259 -0.007667 -0.012519
0 0.002667 0.004507 -0.004667 -0.009014
0 0.014833 0.024286 -0.029000 -0.048573
0 0.001000 0.000751 -0.001333 -0.001502
0 0.003167 0.005258 -0.005667 -0.010516
0 0.002833 0.004507 -0.004333 -0.009014
0 0.007833 0.011517 -0.015000 -0.023035
0 0.006333 0.012018 -0.012000 -0.024036
0 0.001000 0.000751 -0.001333 -0.001502
0 0.003167 0.005258 -0.005667 -0.010516
0 0.007833 0.011517 -0.015000 -0.023035
0 0.003167 0.005258 -0.005667 -0.010516
0 0.004167 0.006259 -0.007667 -0.012519
0 0.003167 0.005258 -0.005667 -0.010516
0 0.007833 0.011517 -0.015000 -0.023035
0 0.002833 0.004507 -0.004333 -0.009014
0 0.006667 0.007011 -0.012000 -0.014021
0 0.004167 0.006259 -0.007667 -0.012519
0 0.007833 0.011517 -0.015000 -0.023035
0 0.003167 0.005258 -0.005667 -0.010516
0 0.001000 0.000751 -0.001333 -0.001502
0 0.002333 0.003255 -0.004000 -0.006510
0 0.003167 0.005258 -0.005667 -0.010516
0 0.001000 0.000751 -0.001333 -0.001502
0 0.001000 0.000751 -0.001333 -0.001502
0 0.003167 0.005258 -0.005667 -0.010516
0 0.003167 0.005258 -0.005667 -0.010516
0 0.010833 0.019029 -0.021000 -0.038057
0 0.007833 0.011517 -0.015000 -0.023035
0 0.002667 0.004507 -0.004667 -0.009014
0 0.009500 0.017526 -0.018333 -0.035053
0 0.006500 0.007011 -0.012333 -0.014021
0 0.003167 0.005258 -0.005667 -0.010516
0 0.002333 0.003255 -0.004000 -0.006510
0 0.003667 0.007011 -0.006667 -0.014021
0 0.003667 0.007011 -0.006667 -0.014021
0 0.009500 0.017526 -0.018333 -0.035053
0 0.003167 0.005258 -0.005667 -0.010516
0 0.001000 0.000751 -0.001333 -0.001502
0 0.001000 0.000751 -0.001333 -0.001502
0 0.014833 0.024286 -0.029000 -0.048573
0 0.002667 0.004507 -0.004667 -0.009014
0 0.006500 0.007011 -0.012333 -0.014021
0 0.006500 0.007011 -0.012333 -0.014021
0 0.002667 0.004507 -0.004667 -0.009014
0 0.002333 0.003255 -0.004000 -0.006510
0 0.002667 0.004507 -0.004667 -0.009014
0 0.003167 0.005258 -0.005667 -0.010516
0 0.001000 0.000751 -0.001333 -0.001502
0 0.014833 0.024286 -0.029000 -0.048573
0 0.003167 0.005258 -0.005667 -0.010516
0 0.001000 0.000751 -0.001333 -0.001502
0 0.006333 0.012018 -0.012000 -0.024036
0 0.001000 0.000751 -0.001333 -0.001502
0 0.001000 0.000751 -0.001333 -0.001502
0 0.003667 0.007011 -0.006667 -0.014021
0 0.003167 0.005258 -0.005667 -0.010516
0 0.003167 0.005258 -0.005667 -0.010516
0 0.003167 0.005258 -0.005667 -0.010516
0 0.002667 0.004507 -0.004667 -0.009014
0 0.002833 0.004507 -0.004333 -0.009014
0 0.014833 0.024286 -0.029000 -0.048573
0 0.006500 0.007011 -0.012333 -0.014021
0 0.003667 0.007011 -0.006667 -0.014021
0 0.001000 0.000751 -0.001333 -0.001502
0 0.003167 0.005258 -0.005667 -0.010516
0 0.002667 0.004507 -0.004667 -0.009014
0 0.001000 0.000751 -0.001333 -0.001502
0 0.003167 0.005258 -0.005667 -0.010516
0 0.001000 0.000751 -0.001333 -0.001502
0 0.002833 0.004507 -0.004333 -0.009014
0 0.003167 0.005258 -0.005667 -0.010516
0 0.009500 0.017526 -0.018333 -0.035053
0 0.003167 0.005258 -0.005667 -0.010516
0 0.003167 0.005258 -0.005667 -0.010516
0 0.003167 0.005258 -0.005667 -0.010516
0 0.003333 0.005258 -0.005333 -0.010516
0 0.006500 0.007011 -0.012333 -0.014021
0 0.003667 0.007011 -0.006667 -0.014021
0 0.007833 0.011517 -0.015000 -0.023035
0 0.002667 0.004507 -0.004667 -0.009014
0 0.004167 0.006259 -0.007667 -0.012519
0 0.003167 0.005258 -0.005667 -0.010516
0 0.002667 0.004507 -0.004667 -0.009014
0 0.002667 0.004507 -0.004667 -0.009014
0 0.002333 0.003255 -0.004000 -0.006510
0 0.002667 0.004507 -0.004667 -0.009014
0 0.004167 0.006259 -0.007667 -0.012519
0 0.001000 0.000751 -0.001333 -0.001502
0 0.001000 0.000751 -0.001333 -0.001502
0 0.001000 0.000751 -0.001333 -0.001502
0 0.002667 0.004507 -0.004667 -0.009014
0 0.003167 0.005258 -0.005667 -0.010516
0 0.002667 0.004507 -0.004667 -0.009014
0 0.003167 0.005258 -0.005667 -0.010516
0 0.003167 0.005258 -0.005667 -0.010516
0 0.002667 0.004507 -0.004667 -0.009014
0 0.003167 0.005258 -0.005667 -0.010516
0 0.009500 0.017526 -0.018333 -0.035053
0 0.003167 0.005258 -0.005667 -0.010516
0 0.006333 0.012018 -0.012000 -0.024036
0 0.004000 0.006259 -0.007333 -0.012519
0 0.002667 0.004507 -0.004667 -0.009014
0 0.001000 0.000751 -0.001333 -0.001502
0 0.002833 0.004507 -0.004333 -0.009014
0 0.002667 0.004507 -0.004667 -0.009014
0 0.004167 0.006259 -0.007667 -0.012519
0 0.003167 0.005258 -0.005667 -0.010516
0 0.009500 0.017526 -0.018333 -0.035053
0 0.007833 0.011517 -0.015000 -0.023035
0 0.004000 0.005508 -0.007333 -0.011017
0 0.002833 0.004507 -0.004333 -0.009014
0 0.006333 0.012018 -0.012000 -0.024036
0 0.009500 0.017526 -0.018333 -0.035053
0 0.006333 0.012018 -0.012000 -0.024036
0 0.001000 0.000751 -0.001333 -0.001502
0 0.006500 0.007011 -0.012333 -0.014021
0 0.003167 0.005258 -0.005667 -0.010516
0 0.004167 0.006259 -0.007667 -0.012519
0 0.003167 0.005258 -0.005667 -0.010516
0 0.006333 0.012018 -0.012000 -0.024036
0 0.003667 0.007011 -0.006667 -0.014021
0 0.004167 0.006259 -0.007667 -0.012519
0 0.003333 0.005258 -0.005333 -0.010516
0 0.002833 0.004507 -0.004333 -0.009014
0 0.006500 0.007011 -0.012333 -0.014021
0 0.002667 0.004507 -0.004667 -0.009014
0 0.001000 0.000751 -0.001333 -0.001502
0 0.003167 0.005258 -0.005667 -0.010516
0 0.006500 0.007011 -0.012333 -0.014021
0 0.009500 0.017526 -0.018333 -0.035053
0 0.006500 0.007011 -0.012333 -0.014021
0 0.006500 0.007011 -0.012333 -0.014021
0 0.003167 0.005258 -0.005667 -0.010516
0 0.001000 0.000751 -0.001333 -0.001502
0 0.002833 0.004507 -0.004333 -0.009014
0 0.003167 0.005258 -0.005667 -0.010516
0 0.002667 0.004507 -0.004667 -0.009014
0 0.001000 0.000751 -0.001333 -0.001502
0 0.014833 0.024286 -0.029000 -0.048573
0 0.003167 0.005258 -0.005667 -0.010516
0 0.002667 0.004507 -0.004667 -0.009014
0 0.003667 0.007011 -0.006667 -0.014021
0 0.001000 0.000751 -0.001333 -0.001502
0 0.001000 0.000751 -0.001333 -0.001502
0 0.003167 0.005258 -0.005667 -0.010516
0 0.001000 0.000751 -0.001333 -0.001502
0 0.009500 0.017526 -0.018333 -0.035053
0 0.006500 0.007011 -0.012333 -0.014021
0 0.002667 0.004507 -0.004667 -0.009014
0 0.002667 0.004507 -0.004667 -0.009014
0 0.001000 0.000751 -0.001333 -0.001502
0 0.002667 0.004507 -0.004667 -0.009014
0 0.014833 0.024286 -0.029000 -0.048573
0 0.007833 0.011517 -0.015000 -0.023035
0 0.003167 0.005258 -0.005667 -0.010516
0 0.004167 0.006259 -0.007667 -0.012519
0 0.002667 0.004507 -0.004667 -0.009014
0 0.003333 0.005258 -0.005333 -0.010516
0 0.003667 0.007011 -0.006667 -0.014021
0 0.001000 0.000751 -0.001333 -0.001502
0 0.003167 0.005258 -0.005667 -0.010516
0 0.003167 0.005258 -0.005667 -0.010516
0 0.002667 0.004507 -0.004667 -0.009014
0 0.003167 0.005258 -0.005667 -0.010516
0 0.006333 0.012018 -0.012000 -0.024036
0 0.002667 0.004507 -0.004667 -0.009014
0 0.002667 0.004507 -0.004667 -0.009014
0 0.003167 0.005258 -0.005667 -0.010516
0 0.004167 0.006259 -0.007667 -0.012519
0 0.002667 0.004507 -0.004667 -0.009014
0 0.003167 0.005258 -0.005667 -0.010516
0 0.003167 0.005258 -0.005667 -0.010516
0 0.003167 0.005258 -0.005667 -0.010516
0 0.003167 0.005258 -0.005667 -0.010516
0 0.002667 0.004507 -0.004667 -0.009014
0 0.003667 0.007011 -0.006667 -0.014021
0 0.004167 0.006259 -0.007667 -0.012519
0 0.001000 0.000751 -0.001333 -0.001502
0 0.002667 0.004507 -0.004667 -0.009014
0 0.001000 0.000751 -0.001333 -0.001502
0 0.006667 0.007011 -0.012000 -0.014021
0 0.001000 0.000751 -0.001333 -0.001502
0 0.002667 0.004507 -0.004667 -0.009014
0 0.009500 0.017526 -0.018333 -0.035053
0 0.004167 0.006259 -0.007667 -0.012519
0 0.006333 0.012018 -0.012000 -0.024036
0 0.001000 0.000751 -0.001333 -0.001502
0 0.004167 0.006259 -0.007667 -0.012519
0 0.006500 0.007011 -0.012333 -0.014021
0 0.002833 0.004507 -0.004333 -0.009014
0 0.009500 0.017526 -0.018333 -0.035053
0 0.003167 0.005258 -0.005667 -0.010516
0 0.006500 0.007011 -0.012333 -0.014021
0 0.002667 0.004507 -0.004667 -0.009014
0 0.001000 0.000751 -0.001333 -0.001502
0 0.001000 0.000751 -0.001333 -0.001502
0 0.003167 0.005258 -0.005667 -0.010516
0 0.002333 0.003255 -0.004000 -0.006510
0 0.006500 0.007011 -0.012333 -0.014021
0 0.001000 0.000751 -0.001333 -0.001502
0 0.006333 0.012018 -0.012000 -0.024036
0 0.001000 0.000751 -0.001333 -0.001502
0 0.002667 0.004507 -0.004667 -0.009014
0 0.001833 0.002504 -0.003000 -0.005008
0 0.001000 0.000751 -0.001333 -0.001502
0 0.001000 0.000751 -0.001333 -0.001502
0 0.001000 0.000751 -0.001333 -0.001502
0 0.007833 0.011517 -0.015000 -0.023035
0 0.006333 0.012018 -0.012000 -0.024036
0 0.009500 0.017526 -0.018333 -0.035053
0 0.006500 0.007011 -0.012333 -0.014021
0 0.006333 0.012018 -0.012000 -0.024036
0 0.003667 0.007011 -0.006667 -0.014021
0 0.003167 0.005258 -0.005667 -0.010516
0 0.004167 0.006259 -0.007667 -0.012519
0 0.006500 0.007011 -0.012333 -0.014021
0 0.002833 0.004507 -0.004333 -0.009014
0 0.003167 0.005258 -0.005667 -0.010516
0 0.004167 0.006259 -0.007667 -0.012519
0 0.001000 0.000751 -0.001333 -0.001502
0 0.003167 0.005258 -0.005667 -0.010516
0 0.002667 0.004507 -0.004667 -0.009014
0 0.003167 0.005258 -0.005667 -0.010516
0 0.002333 0.003255 -0.004000 -0.006510
0 0.006667 0.007011 -0.012000 -0.014021
0 0.003667 0.007011 -0.006667 -0.014021
0 0.003333 0.005258 -0.005333 -0.010516
0 0.003167 0.005258 -0.005667 -0.010516
0 0.001000 0.000751 -0.001333 -0.001502
0 0.003667 0.007011 -0.006667 -0.014021
0 0.003167 0.005258 -0.005667 -0.010516
0 0.001000 0.000751 -0.001333 -0.001502
0 0.006500 0.007011 -0.012333 -0.014021
0 0.003167 0.005258 -0.005667 -0.010516
0 0.009500 0.017526 -0.018333 -0.035053
0 0.002833 0.004507 -0.004333 -0.009014
0 0.004167 0.006259 -0.007667 -0.012519
0 0.002333 0.003255 -0.004000 -0.006510
0 0.003167 0.005258 -0.005667 -0.010516
0 0.006500 0.007011 -0.012333 -0.014021
0 0.003167 0.005008 -0.005000 -0.010015
0 0.001000 0.000751 -0.001333 -0.001502
0 0.006500 0.007011 -0.012333 -0.014021
0 0.004167 0.006259 -0.007667 -0.012519
0 0.003167 0.005258 -0.005667 -0.010516
0 0.002667 0.004507 -0.004667 -0.009014
0 0.006333 0.012018 -0.012000 -0.024036
0 0.001000 0.000751 -0.001333 -0.001502
0 0.002667 0.004507 -0.004667 -0.009014
0 0.002833 0.004507 -0.004333 -0.009014
0 0.003167 0.005258 -0.005667 -0.010516
0 0.001000 0.000751 -0.001333 -0.001502
0 0.001000 0.000751 -0.001333 -0.001502
0 0.006500 0.007011 -0.012333 -0.014021
0 0.001000 0.000751 -0.001333 -0.001502
0 0.002833 0.004507 -0.004333 -0.009014
0 0.009500 0.017526 -0.018333 -0.035053
0 0.003167 0.005258 -0.005667 -0.010516
0 0.001000 0.000751 -0.001333 -0.001502
0 0.001000 0.000751 -0.001333 -0.001502
0 0.002833 0.004507 -0.004333 -0.009014
0 0.002833 0.004507 -0.004333 -0.009014
0 0.004000 0.006259 -0.007333 -0.012519
0 0.006500 0.007011 -0.012333 -0.014021
0 0.002333 0.003255 -0.004000 -0.006510
0 0.006333 0.012018 -0.012000 -0.024036
0 0.002667 0.004507 -0.004667 -0.009014
0 0.002667 0.004507 -0.004667 -0.009014
0 0.001000 0.000751 -0.001333 -0.001502
0 0.003667 0.007011 -0.006667 -0.014021
0 0.006333 0.012018 -0.012000 -0.024036
0 0.002333 0.003255 -0.004000 -0.006510
0 0.003167 0.005258 -0.005667 -0.010516
0 0.002667 0.004507 -0.004667 -0.009014
0 0.002833 0.004507 -0.004333 -0.009014
0 0.008167 0.013020 -0.015667 -0.026039
0 0.006333 0.012018 -0.012000 -0.024036
0 0.002667 0.004507 -0.004667 -0.009014
0 0.003167 0.005258 -0.005667 -0.010516
0 0.002333 0.003255 -0.004000 -0.006510
0 0.003333 0.005258 -0.005333 -0.010516
0 0.006500 0.007011 -0.012333 -0.014021
0 0.003667 0.007011 -0.006667 -0.014021
0 0.003167 0.005258 -0.005667 -0.010516
0 0.014833 0.024286 -0.029000 -0.048573
0 0.002667 0.004507 -0.004667 -0.009014
0 0.002667 0.004507 -0.004667 -0.009014
0 0.002667 0.004507 -0.004667 -0.009014
0 0.003167 0.005258 -0.005667 -0.010516
0 0.004167 0.006259 -0.007667 -0.012519
0 0.007833 0.011517 -0.015000 -0.023035
0 0.002333 0.003255 -0.004000 -0.006510
0 0.002667 0.004507 -0.004667 -0.009014
0 0.002833 0.004507 -0.004333 -0.009014
0 0.006500 0.007011 -0.012333 -0.014021
0 0.004167 0.006259 -0.007667 -0.012519
0 0.002667 0.004507 -0.004667 -0.009014
0 0.014833 0.024286 -0.029000 -0.048573
0 0.002333 0.003255 -0.004000 -0.006510
0 0.001000 0.000751 -0.001333 -0.001502
0 0.006500 0.007011 -0.012333 -0.014021
0 0.006500 0.007011 -0.012333 -0.014021
0 0.009500 0.017526 -0.018333 -0.035053
0 0.002833 0.004757 -0.005000 -0.009514
0 0.004167 0.006259 -0.007667 -0.012519
0 0.003167 0.005258 -0.005667 -0.010516
0 0.001000 0.000751 -0.001333 -0.001502
0 0.003167 0.005258 -0.005667 -0.010516
0 0.001000 0.000751 -0.001333 -0.001502
0 0.003667 0.007011 -0.006667 -0.014021
0 0.004167 0.006259 -0.007667 -0.012519
0 0.002667 0.004507 -0.004667 -0.009014
0 0.004667 0.007511 -0.008667 -0.015023
0 0.001000 0.000751 -0.001333 -0.001502
0 0.002667 0.004507 -0.004667 -0.009014
0 0.001000 0.000751 -0.001333 -0.001502
0 0.001000 0.000751 -0.001333 -0.001502
0 0.009500 0.017526 -0.018333 -0.035053
0 0.002667 0.004507 -0.004667 -0.009014
0 0.003167 0.005258 -0.005667 -0.010516
0 0.001333 0.001502 -0.002000 -0.003005
0 0.003167 0.005258 -0.005667 -0.010516
0 0.014833 0.024286 -0.029000 -0.048573
0 0.014833 0.024286 -0.029000 -0.048573
0 0.002667 0.004507 -0.004667 -0.009014
0 0.002667 0.004507 -0.004667 -0.009014
0 0.003167 0.005258 -0.005667 -0.010516
0 0.003333 0.006009 -0.006000 -0.012018
0 0.002000 0.003255 -0.003333 -0.006510
0 0.002667 0.004507 -0.004667 -0.009014
0 0.004000 0.006510 -0.006667 -0.013020
0 0.002333 0.003255 -0.004000 -0.006510
0 0.003167 0.005258 -0.005667 -0.010516
0 0.003167 0.005258 -0.005667 -0.010516
0 0.001000 0.000751 -0.001333 -0.001502
0 0.003167 0.005258 -0.005667 -0.010516
0 0.002333 0.003255 -0.004000 -0.006510
0 0.014833 0.024286 -0.029000 -0.048573
0 0.002833 0.004507 -0.004333 -0.009014
0 0.002333 0.003255 -0.004000 -0.006510
0 0.004167 0.006259 -0.007667 -0.012519
0 0.001000 0.000751 -0.001333 -0.001502
0 0.006500 0.007011 -0.012333 -0.014021
0 0.002667 0.004507 -0.004667 -0.009014
0 0.006500 0.007011 -0.012333 -0.014021
0 0.002333 0.003255 -0.004000 -0.006510
0 0.001000 0.000751 -0.001333 -0.001502
0 0.002667 0.004507 -0.004667 -0.009014
0 0.014833 0.024286 -0.029000 -0.048573
0 0.001000 0.000751 -0.001333 -0.001502
0 0.003667 0.007011 -0.006667 -0.014021
0 0.001833 0.002504 -0.003000 -0.005008
0 0.014833 0.024286 -0.029000 -0.048573
0 0.002833 0.004507 -0.004333 -0.009014
0 0.002833 0.004507 -0.004333 -0.009014
0 0.009500 0.017526 -0.018333 -0.035053
0 0.002667 0.004507 -0.004667 -0.009014
0 0.014833 0.024286 -0.029000 -0.048573
0 0.001000 0.000751 -0.001333 -0.001502
0 0.006500 0.007011 -0.012333 -0.014021
0 0.002833 0.004507 -0.004333 -0.009014
0 0.001000 0.000751 -0.001333 -0.001502
0 0.001000 0.000751 -0.001333 -0.001502
0 0.002667 0.004507 -0.004667 -0.009014
0 0.002667 0.004507 -0.004667 -0.009014
0 0.002833 0.004507 -0.004333 -0.009014
0 0.002333 0.003255 -0.004000 -0.006510
0 0.002333 0.003255 -0.004000 -0.006510
0 0.002667 0.004507 -0.004667 -0.009014
0 0.002500 0.003255 -0.003667 -0.006510
0 0.003167 0.005258 -0.005667 -0.010516
0 0.003667 0.007011 -0.006667 -0.014021
0 0.004167 0.006259 -0.007667 -0.012519
0 0.009500 0.017526 -0.018333 -0.035053
0 0.002833 0.004757 -0.005000 -0.009514
0 0.002667 0.004507 -0.004667 -0.009014
0 0.006500 0.007011 -0.012333 -0.014021
0 0.002833 0.004507 -0.004333 -0.009014
0 0.007833 0.011517 -0.015000 -0.023035
0 0.003167 0.005258 -0.005667 -0.010516
0 0.001000 0.000751 -0.001333 -0.001502
0 0.003000 0.005008 -0.005333 -0.010015
0 0.003167 0.005258 -0.005667 -0.010516
0 0.001000 0.000751 -0.001333 -0.001502
0 0.007833 0.011517 -0.015000 -0.023035
0 0.003167 0.005258 -0.005667 -0.010516
0 0.001000 0.000751 -0.001333 -0.001502
0 0.014833 0.024286 -0.029000 -0.048573
0 0.003667 0.007011 -0.006667 -0.014021
0 0.009500 0.017526 -0.018333 -0.035053
0 0.002333 0.003255 -0.004000 -0.006510
0 0.002667 0.004507 -0.004667 -0.009014
0 0.001833 0.002504 -0.003000 -0.005008
0 0.001000 0.000751 -0.001333 -0.001502
0 0.006500 0.007011 -0.012333 -0.014021
0 0.002167 0.003505 -0.003667 -0.007011
0 0.003167 0.005258 -0.005667 -0.010516
0 0.003167 0.005258 -0.005667 -0.010516
0 0.002833 0.004507 -0.004333 -0.009014
0 0.002667 0.004507 -0.004667 -0.009014
0 0.004167 0.006259 -0.007667 -0.012519
0 0.002667 0.004507 -0.004667 -0.009014
0 0.003167 0.005258 -0.005667 -0.010516
0 0.003167 0.005258 -0.005667 -0.010516
0 0.007833 0.011517 -0.015000 -0.023035
0 0.002667 0.004507 -0.004667 -0.009014
0 0.002833 0.004507 -0.004333 -0.009014
0 0.014833 0.024286 -0.029000 -0.048573
0 0.001000 0.000751 -0.001333 -0.001502
0 0.003167 0.005258 -0.005667 -0.010516
0 0.009500 0.017526 -0.018333 -0.035053
0 0.006333 0.012018 -0.012000 -0.024036
0 0.003167 0.005258 -0.005667 -0.010516
0 0.003167 0.005258 -0.005667 -0.010516
0 0.002667 0.004507 -0.004667 -0.009014
0 0.001000 0.000751 -0.001333 -0.001502
0 0.003167 0.005258 -0.005667 -0.010516
0 0.006500 0.007011 -0.012333 -0.014021
0 0.003167 0.005258 -0.005667 -0.010516
0 0.003167 0.005258 -0.005667 -0.010516
0 0.001000 0.000751 -0.001333 -0.001502
0 0.001333 0.001502 -0.002000 -0.003005
0 0.003667 0.007011 -0.006667 -0.014021
0 0.007833 0.011517 -0.015000 -0.023035
0 0.006833 0.008012 -0.013000 -0.016024
0 0.002833 0.004507 -0.004333 -0.009014
0 0.006333 0.012018 -0.012000 -0.024036
0 0.007833 0.011517 -0.015000 -0.023035
0 0.006500 0.007011 -0.012333 -0.014021
0 0.002667 0.004507 -0.004667 -0.009014
0 0.003167 0.005258 -0.005667 -0.010516
0 0.003167 0.005258 -0.005667 -0.010516
0 0.002667 0.004507 -0.004667 -0.009014
0 0.009500 0.017526 -0.018333 -0.035053
0 0.002667 0.004507 -0.004667 -0.009014
0 0.001000 0.000751 -0.001333 -0.001502
0 0.002667 0.004507 -0.004667 -0.009014
0 0.002667 0.004507 -0.004667 -0.009014
0 0.002667 0.004507 -0.004667 -0.009014
0 0.002333 0.003255 -0.004000 -0.006510
0 0.002833 0.004507 -0.004333 -0.009014
0 0.003167 0.005258 -0.005667 -0.010516
0 0.006500 0.007011 -0.012333 -0.014021
0 0.002667 0.004507 -0.004667 -0.009014
0 0.003167 0.005258 -0.005667 -0.010516
0 0.003167 0.005258 -0.005667 -0.010516