0 0.010417 0.020833 -0.016667 -0.041667
0 0.009375 0.015278 -0.014583 -0.030556
0 0.010417 0.020833 -0.016667 -0.041667
0 0.009375 0.015278 -0.014583 -0.030556
0 0.041667 0.058333 -0.079167 -0.116667
0 0.016667 0.026389 -0.029167 -0.052778
0 0.009375 0.015278 -0.014583 -0.030556
0 0.023958 0.041667 -0.043750 -0.083333
0 0.023958 0.041667 -0.043750 -0.083333
0 0.041667 0.058333 -0.079167 -0.116667
0 0.016667 0.026389 -0.029167 -0.052778
0 0.023958 0.041667 -0.043750 -0.083333
0 0.009375 0.015278 -0.014583 -0.030556
0 0.041667 0.058333 -0.079167 -0.116667
0 0.009375 0.015278 -0.014583 -0.030556
0 0.010417 0.020833 -0.016667 -0.041667
0 0.016667 0.026389 -0.029167 -0.052778
0 0.010417 0.020833 -0.016667 -0.041667
0 0.010417 0.020833 -0.016667 -0.041667
0 0.009375 0.015278 -0.014583 -0.030556
0 0.016667 0.026389 -0.029167 -0.052778
0 0.010417 0.020833 -0.016667 -0.041667
0 0.016667 0.026389 -0.029167 -0.052778
0 0.016667 0.026389 -0.029167 -0.052778
0 0.023958 0.041667 -0.043750 -0.083333
0 0.016667 0.026389 -0.029167 -0.052778
0 0.023958 0.041667 -0.043750 -0.083333
0 0.023958 0.041667 -0.043750 -0.083333
0 0.009375 0.015278 -0.014583 -0.030556
0 0.016667 0.026389 -0.029167 -0.052778
0 0.009375 0.015278 -0.014583 -0.030556
0 0.009375 0.015278 -0.014583 -0.030556
0 0.016667 0.026389 -0.029167 -0.052778
0 0.041667 0.058333 -0.079167 -0.116667
0 0.041667 0.058333 -0.079167 -0.116667
0 0.010417 0.020833 -0.016667 -0.041667
0 0.023958 0.041667 -0.043750 -0.083333
0 0.010417 0.020833 -0.016667 -0.041667
0 0.023958 0.041667 -0.043750 -0.083333
0 0.041667 0.058333 -0.079167 -0.116667
0 0.010417 0.020833 -0.016667 -0.041667
0 0.023958 0.041667 -0.043750 -0.083333
0 0.009375 0.015278 -0.014583 -0.030556
0 0.009375 0.015278 -0.014583 -0.030556
0 0.009375 0.015278 -0.014583 -0.030556
0 0.010417 0.020833 -0.016667 -0.041667
0 0.010417 0.020833 -0.016667 -0.041667
0 0.023958 0.041667 -0.043750 -0.083333
0 0.016667 0.026389 -0.029167 -0.052778
0 0.023958 0.041667 -0.043750 -0.083333
0 0.016667 0.026389 -0.029167 -0.052778
0 0.010417 0.020833 -0.016667 -0.041667
0 0.010417 0.020833 -0.016667 -0.041667
0 0.009375 0.015278 -0.014583 -0.030556
0 0.010417 0.020833 -0.016667 -0.041667
0 0.023958 0.041667 -0.043750 -0.083333
0 0.023958 0.041667 -0.043750 -0.083333
0 0.041667 0.058333 -0.079167 -0.116667
0 0.009375 0.015278 -0.014583 -0.030556
0 0.009375 0.015278 -0.014583 -0.030556
0 0.010417 0.020833 -0.016667 -0.041667
0 0.016667 0.026389 -0.029167 -0.052778
0 0.010417 0.020833 -0.016667 -0.041667
0 0.009375 0.015278 -0.014583 -0.030556
0 0.009375 0.015278 -0.014583 -0.030556
0 0.010417 0.020833 -0.016667 -0.041667
0 0.009375 0.015278 -0.014583 -0.030556
0 0.009375 0.015278 -0.014583 -0.030556
0 0.010417 0.020833 -0.016667 -0.041667
0 0.016667 0.026389 -0.029167 -0.052778
0 0.016667 0.026389 -0.029167 -0.052778
0 0.009375 0.015278 -0.014583 -0.030556
0 0.016667 0.026389 -0.029167 -0.052778
0 0.023958 0.041667 -0.043750 -0.083333
0 0.016667 0.026389 -0.029167 -0.052778
0 0.016667 0.026389 -0.029167 -0.052778
0 0.010417 0.020833 -0.016667 -0.041667
0 0.016667 0.026389 -0.029167 -0.052778
0 0.041667 0.058333 -0.079167 -0.116667
0 0.023958 0.041667 -0.043750 -0.083333
0 0.016667 0.026389 -0.029167 -0.052778
0 0.009375 0.015278 -0.014583 -0.030556
0 0.010417 0.020833 -0.016667 -0.041667
0 0.009375 0.015278 -0.014583 -0.030556
0 0.010417 0.020833 -0.016667 -0.041667
0 0.009375 0.015278 -0.014583 -0.030556
0 0.016667 0.026389 -0.029167 -0.052778
0 0.041667 0.058333 -0.079167 -0.116667
0 0.009375 0.015278 -0.014583 -0.030556
0 0.010417 0.020833 -0.016667 -0.041667
0 0.009375 0.015278 -0.014583 -0.030556
0 0.016667 0.026389 -0.029167 -0.052778
0 0.023958 0.041667 -0.043750 -0.083333
0 0.009375 0.015278 -0.014583 -0.030556
0 0.009375 0.015278 -0.014583 -0.030556
0 0.016667 0.026389 -0.029167 -0.052778
0 0.016667 0.026389 -0.029167 -0.052778
0 0.041667 0.058333 -0.079167 -0.116667
0 0.010417 0.020833 -0.016667 -0.041667
0 0.041667 0.058333 -0.079167 -0.116667
0 0.010417 0.020833 -0.016667 -0.041667
0 0.010417 0.020833 -0.016667 -0.041667
0 0.041667 0.058333 -0.079167 -0.116667
0 0.041667 0.058333 -0.079167 -0.116667
0 0.010417 0.020833 -0.016667 -0.041667
0 0.041667 0.058333 -0.079167 -0.116667
0 0.016667 0.026389 -0.029167 -0.052778
0 0.010417 0.020833 -0.016667 -0.041667
0 0.009375 0.015278 -0.014583 -0.030556
0 0.010417 0.020833 -0.016667 -0.041667
0 0.041667 0.058333 -0.079167 -0.116667
0 0.010417 0.020833 -0.016667 -0.041667
0 0.041667 0.058333 -0.079167 -0.116667
0 0.016667 0.026389 -0.029167 -0.052778
0 0.016667 0.026389 -0.029167 -0.052778
0 0.041667 0.058333 -0.079167 -0.116667
0 0.023958 0.041667 -0.043750 -0.083333
0 0.016667 0.026389 -0.029167 -0.052778
0 0.016667 0.026389 -0.029167 -0.052778
0 0.016667 0.026389 -0.029167 -0.052778
0 0.016667 0.026389 -0.029167 -0.052778
0 0.009375 0.015278 -0.014583 -0.030556
0 0.009375 0.015278 -0.014583 -0.030556
0 0.009375 0.015278 -0.014583 -0.030556
0 0.041667 0.058333 -0.079167 -0.116667
0 0.023958 0.041667 -0.043750 -0.083333
0 0.010417 0.020833 -0.016667 -0.041667
0 0.010417 0.020833 -0.016667 -0.041667
0 0.010417 0.020833 -0.016667 -0.041667
0 0.009375 0.015278 -0.014583 -0.030556
0 0.009375 0.015278 -0.014583 -0.030556
0 0.023958 0.041667 -0.043750 -0.083333
0 0.009375 0.015278 -0.014583 -0.030556
0 0.010417 0.020833 -0.016667 -0.041667
0 0.009375 0.015278 -0.014583 -0.030556
0 0.023958 0.041667 -0.043750 -0.083333
0 0.009375 0.015278 -0.014583 -0.030556
0 0.009375 0.015278 -0.014583 -0.030556
0 0.010417 0.020833 -0.016667 -0.041667
0 0.023958 0.041667 -0.043750 -0.083333
0 0.017708 0.026389 -0.027083 -0.052778
0 0.041667 0.058333 -0.079167 -0.116667
0 0.010417 0.020833 -0.016667 -0.041667
0 0.010417 0.020833 -0.016667 -0.041667
0 0.016667 0.026389 -0.029167 -0.052778
0 0.023958 0.041667 -0.043750 -0.083333
0 0.010417 0.020833 -0.016667 -0.041667
0 0.009375 0.015278 -0.014583 -0.030556
0 0.016667 0.026389 -0.029167 -0.052778
0 0.009375 0.015278 -0.014583 -0.030556
0 0.010417 0.020833 -0.016667 -0.041667
0 0.023958 0.041667 -0.043750 -0.083333
0 0.023958 0.041667 -0.043750 -0.083333
0 0.017708 0.026389 -0.027083 -0.052778
0 0.041667 0.058333 -0.079167 -0.116667
0 0.016667 0.026389 -0.029167 -0.052778
0 0.016667 0.026389 -0.029167 -0.052778
0 0.010417 0.020833 -0.016667 -0.041667
0 0.009375 0.015278 -0.014583 -0.030556
0 0.009375 0.015278 -0.014583 -0.030556
0 0.016667 0.026389 -0.029167 -0.052778
0 0.041667 0.058333 -0.079167 -0.116667
0 0.010417 0.020833 -0.016667 -0.041667
0 0.023958 0.041667 -0.043750 -0.083333
0 0.025000 0.041667 -0.041667 -0.083333
0 0.023958 0.041667 -0.043750 -0.083333
0 0.041667 0.058333 -0.079167 -0.116667
0 0.010417 0.020833 -0.016667 -0.041667
0 0.023958 0.041667 -0.043750 -0.083333
0 0.023958 0.041667 -0.043750 -0.083333
0 0.016667 0.026389 -0.029167 -0.052778
0 0.009375 0.015278 -0.014583 -0.030556
0 0.010417 0.020833 -0.016667 -0.041667
0 0.009375 0.015278 -0.014583 -0.030556
0 0.010417 0.020833 -0.016667 -0.041667
0 0.023958 0.041667 -0.043750 -0.083333
0 0.023958 0.041667 -0.043750 -0.083333
0 0.023958 0.041667 -0.043750 -0.083333
0 0.023958 0.041667 -0.043750 -0.083333
0 0.025000 0.041667 -0.041667 -0.083333
0 0.010417 0.020833 -0.016667 -0.041667
0 0.016667 0.026389 -0.029167 -0.052778