0 0.006000 0.010676 -0.009333 -0.017794
0 0.006000 0.010676 -0.009333 -0.017794
0 0.012667 0.018683 -0.022667 -0.037367
0 0.002667 0.003559 -0.002667 -0.003559
0 0.006000 0.010676 -0.009333 -0.017794
0 0.006000 0.010676 -0.009333 -0.017794
0 0.006000 0.010676 -0.009333 -0.017794
0 0.002667 0.003559 -0.002667 -0.003559
0 0.005333 0.011566 -0.008000 -0.023132
0 0.012667 0.018683 -0.022667 -0.037367
0 0.002667 0.003559 -0.002667 -0.003559
0 0.002667 0.004448 -0.002667 -0.005338
0 0.005333 0.011566 -0.008000 -0.023132
0 0.006000 0.010676 -0.009333 -0.017794
0 0.011333 0.013345 -0.020000 -0.026690
0 0.006000 0.010676 -0.009333 -0.017794
0 0.002667 0.003559 -0.002667 -0.003559
0 0.006000 0.010676 -0.009333 -0.017794
0 0.005333 0.011566 -0.008000 -0.023132
0 0.005333 0.011566 -0.008000 -0.023132
0 0.011333 0.013345 -0.020000 -0.026690
0 0.005333 0.012456 -0.008000 -0.021352
0 0.012667 0.018683 -0.022667 -0.037367
0 0.005333 0.011566 -0.008000 -0.023132
0 0.013333 0.018683 -0.021333 -0.037367
0 0.005333 0.011566 -0.008000 -0.023132
0 0.002667 0.003559 -0.002667 -0.003559
0 0.006000 0.010676 -0.009333 -0.017794
0 0.005333 0.012456 -0.008000 -0.021352
0 0.006000 0.010676 -0.009333 -0.017794
0 0.006000 0.010676 -0.009333 -0.017794
0 0.006000 0.010676 -0.009333 -0.017794
0 0.002667 0.003559 -0.002667 -0.003559
0 0.006000 0.010676 -0.009333 -0.017794
0 0.006000 0.010676 -0.009333 -0.017794
0 0.005333 0.011566 -0.008000 -0.023132
0 0.012667 0.018683 -0.022667 -0.037367
0 0.002667 0.003559 -0.002667 -0.003559
0 0.002667 0.004448 -0.002667 -0.005338
0 0.006667 0.010676 -0.008000 -0.017794
0 0.012667 0.018683 -0.022667 -0.037367
0 0.012667 0.018683 -0.022667 -0.037367
0 0.002667 0.004448 -0.002667 -0.005338
0 0.002667 0.004448 -0.002667 -0.005338
0 0.002667 0.004448 -0.002667 -0.005338
0 0.012667 0.018683 -0.022667 -0.037367
0 0.011333 0.013345 -0.020000 -0.026690
0 0.005333 0.011566 -0.008000 -0.023132
0 0.002667 0.003559 -0.002667 -0.003559
0 0.012667 0.018683 -0.022667 -0.037367
0 0.006000 0.010676 -0.009333 -0.017794
0 0.002667 0.003559 -0.002667 -0.003559
0 0.012667 0.018683 -0.022667 -0.037367
0 0.012667 0.018683 -0.022667 -0.037367
0 0.005333 0.011566 -0.008000 -0.023132
0 0.005333 0.011566 -0.008000 -0.023132
0 0.005333 0.012456 -0.008000 -0.021352
0 0.005333 0.011566 -0.008000 -0.023132
0 0.012000 0.013345 -0.018667 -0.026690
0 0.002667 0.003559 -0.002667 -0.003559
0 0.012667 0.018683 -0.022667 -0.037367
0 0.012667 0.018683 -0.022667 -0.037367
0 0.005333 0.011566 -0.008000 -0.023132
0 0.012667 0.018683 -0.022667 -0.037367
0 0.006667 0.010676 -0.010667 -0.017794
0 0.011333 0.013345 -0.020000 -0.026690
0 0.002667 0.003559 -0.002667 -0.003559
0 0.005333 0.011566 -0.008000 -0.023132
0 0.006000 0.010676 -0.009333 -0.017794
0 0.006000 0.010676 -0.009333 -0.017794
0 0.012667 0.018683 -0.022667 -0.037367
0 0.005333 0.011566 -0.008000 -0.023132
0 0.005333 0.012456 -0.008000 -0.021352
0 0.006000 0.010676 -0.009333 -0.017794
0 0.006000 0.010676 -0.009333 -0.017794
0 0.005333 0.011566 -0.008000 -0.023132
0 0.012667 0.018683 -0.022667 -0.037367
0 0.013333 0.018683 -0.021333 -0.037367
0 0.005333 0.012456 -0.008000 -0.021352
0 0.006000 0.010676 -0.009333 -0.017794
0 0.003333 0.005338 -0.004000 -0.007117
0 0.005333 0.011566 -0.008000 -0.023132
0 0.006000 0.010676 -0.009333 -0.017794
0 0.012667 0.018683 -0.022667 -0.037367
0 0.006000 0.010676 -0.009333 -0.017794
0 0.005333 0.011566 -0.008000 -0.023132
0 0.005333 0.011566 -0.008000 -0.023132
0 0.006000 0.010676 -0.009333 -0.017794
0 0.002667 0.003559 -0.002667 -0.003559
0 0.005333 0.011566 -0.008000 -0.023132
0 0.005333 0.012456 -0.008000 -0.021352
0 0.006000 0.010676 -0.009333 -0.017794
0 0.005333 0.012456 -0.008000 -0.021352
0 0.013333 0.018683 -0.021333 -0.037367
0 0.012667 0.018683 -0.022667 -0.037367
0 0.005333 0.012456 -0.008000 -0.021352
0 0.012667 0.018683 -0.022667 -0.037367
0 0.005333 0.011566 -0.008000 -0.023132
0 0.002667 0.003559 -0.002667 -0.003559
0 0.005333 0.011566 -0.008000 -0.023132
0 0.002667 0.003559 -0.002667 -0.003559
0 0.005333 0.011566 -0.008000 -0.023132
0 0.005333 0.011566 -0.008000 -0.023132
0 0.012667 0.018683 -0.022667 -0.037367
0 0.005333 0.011566 -0.008000 -0.023132
0 0.005333 0.011566 -0.008000 -0.023132
0 0.005333 0.011566 -0.008000 -0.023132
0 0.005333 0.011566 -0.008000 -0.023132
0 0.006000 0.010676 -0.009333 -0.017794
0 0.002667 0.004448 -0.002667 -0.005338
0 0.005333 0.012456 -0.008000 -0.021352
0 0.005333 0.011566 -0.008000 -0.023132
0 0.005333 0.011566 -0.008000 -0.023132
0 0.005333 0.012456 -0.008000 -0.021352
0 0.013333 0.018683 -0.021333 -0.037367
0 0.002667 0.003559 -0.002667 -0.003559
0 0.005333 0.012456 -0.008000 -0.021352
0 0.005333 0.012456 -0.008000 -0.021352
0 0.006000 0.010676 -0.009333 -0.017794
0 0.002667 0.003559 -0.002667 -0.003559
0 0.005333 0.012456 -0.008000 -0.021352
0 0.005333 0.011566 -0.008000 -0.023132
0 0.005333 0.011566 -0.008000 -0.023132
0 0.005333 0.012456 -0.008000 -0.021352
0 0.006000 0.010676 -0.009333 -0.017794
0 0.006000 0.010676 -0.009333 -0.017794
0 0.006000 0.010676 -0.009333 -0.017794
0 0.006000 0.010676 -0.009333 -0.017794
0 0.006000 0.010676 -0.009333 -0.017794
0 0.005333 0.012456 -0.008000 -0.021352
0 0.005333 0.011566 -0.008000 -0.023132
0 0.005333 0.012456 -0.008000 -0.021352
0 0.006667 0.010676 -0.010667 -0.017794
0 0.012667 0.018683 -0.022667 -0.037367
0 0.002667 0.003559 -0.002667 -0.003559
0 0.005333 0.012456 -0.008000 -0.021352
0 0.005333 0.012456 -0.008000 -0.021352
0 0.006000 0.010676 -0.009333 -0.017794
0 0.011333 0.013345 -0.020000 -0.026690
0 0.002667 0.003559 -0.002667 -0.003559
0 0.006667 0.010676 -0.010667 -0.017794
0 0.011333 0.013345 -0.020000 -0.026690
0 0.005333 0.012456 -0.008000 -0.021352
0 0.006000 0.010676 -0.009333 -0.017794
0 0.006000 0.010676 -0.009333 -0.017794
0 0.005333 0.011566 -0.008000 -0.023132
0 0.011333 0.013345 -0.020000 -0.026690
0 0.002667 0.003559 -0.002667 -0.003559
0 0.005333 0.011566 -0.008000 -0.023132
0 0.005333 0.011566 -0.008000 -0.023132
0 0.005333 0.012456 -0.008000 -0.021352
0 0.006667 0.010676 -0.010667 -0.017794
0 0.005333 0.011566 -0.008000 -0.023132
0 0.005333 0.011566 -0.008000 -0.023132
0 0.006667 0.010676 -0.010667 -0.017794
0 0.002667 0.003559 -0.002667 -0.003559
0 0.005333 0.011566 -0.008000 -0.023132
0 0.005333 0.011566 -0.008000 -0.023132
0 0.006000 0.010676 -0.009333 -0.017794
0 0.005333 0.012456 -0.008000 -0.021352
0 0.002667 0.004448 -0.002667 -0.005338
0 0.005333 0.012456 -0.008000 -0.021352
0 0.012667 0.018683 -0.022667 -0.037367
0 0.002667 0.003559 -0.002667 -0.003559
0 0.005333 0.011566 -0.008000 -0.023132
0 0.005333 0.011566 -0.008000 -0.023132
0 0.002667 0.003559 -0.002667 -0.003559
0 0.002667 0.003559 -0.002667 -0.003559
0 0.005333 0.012456 -0.008000 -0.021352
0 0.005333 0.012456 -0.008000 -0.021352
0 0.002667 0.004448 -0.002667 -0.005338
0 0.002667 0.003559 -0.002667 -0.003559
0 0.012667 0.018683 -0.022667 -0.037367
0 0.002667 0.003559 -0.002667 -0.003559
0 0.005333 0.011566 -0.008000 -0.023132
0 0.012667 0.018683 -0.022667 -0.037367
0 0.006000 0.010676 -0.009333 -0.017794
0 0.006000 0.010676 -0.009333 -0.017794
0 0.006000 0.010676 -0.009333 -0.017794
0 0.005333 0.011566 -0.008000 -0.023132
0 0.005333 0.011566 -0.008000 -0.023132
0 0.005333 0.011566 -0.008000 -0.023132
0 0.006667 0.010676 -0.010667 -0.017794
0 0.005333 0.011566 -0.008000 -0.023132
0 0.005333 0.011566 -0.008000 -0.023132
0 0.012667 0.018683 -0.022667 -0.037367
0 0.012667 0.018683 -0.022667 -0.037367
0 0.012000 0.013345 -0.018667 -0.026690
0 0.006000 0.010676 -0.009333 -0.017794
0 0.005333 0.011566 -0.008000 -0.023132
0 0.005333 0.012456 -0.008000 -0.021352
0 0.006000 0.010676 -0.009333 -0.017794
0 0.006000 0.010676 -0.009333 -0.017794
0 0.011333 0.013345 -0.020000 -0.026690
0 0.005333 0.011566 -0.008000 -0.023132
0 0.012667 0.018683 -0.022667 -0.037367
0 0.012000 0.013345 -0.018667 -0.026690
0 0.002667 0.004448 -0.002667 -0.005338
0 0.005333 0.012456 -0.008000 -0.021352
0 0.006000 0.010676 -0.009333 -0.017794
0 0.005333 0.012456 -0.008000 -0.021352
0 0.005333 0.012456 -0.008000 -0.021352
0 0.006000 0.010676 -0.009333 -0.017794
0 0.012667 0.018683 -0.022667 -0.037367
0 0.005333 0.012456 -0.008000 -0.021352
0 0.005333 0.012456 -0.008000 -0.021352
0 0.012667 0.018683 -0.022667 -0.037367
0 0.006000 0.010676 -0.009333 -0.017794
0 0.005333 0.012456 -0.008000 -0.021352
0 0.006000 0.010676 -0.009333 -0.017794
0 0.005333 0.012456 -0.008000 -0.021352
0 0.006000 0.010676 -0.009333 -0.017794
0 0.005333 0.011566 -0.008000 -0.023132
0 0.011333 0.013345 -0.020000 -0.026690
0 0.012667 0.018683 -0.022667 -0.037367
0 0.005333 0.012456 -0.008000 -0.021352
0 0.005333 0.011566 -0.008000 -0.023132
0 0.005333 0.012456 -0.008000 -0.021352
0 0.013333 0.018683 -0.021333 -0.037367
0 0.005333 0.012456 -0.008000 -0.021352
0 0.005333 0.011566 -0.008000 -0.023132
0 0.012667 0.018683 -0.022667 -0.037367
0 0.006000 0.010676 -0.009333 -0.017794
0 0.012667 0.018683 -0.022667 -0.037367
0 0.002667 0.003559 -0.002667 -0.003559
0 0.005333 0.011566 -0.008000 -0.023132
0 0.005333 0.011566 -0.008000 -0.023132
0 0.006000 0.010676 -0.009333 -0.017794
0 0.012667 0.018683 -0.022667 -0.037367
0 0.006000 0.010676 -0.009333 -0.017794
0 0.006000 0.010676 -0.009333 -0.017794
0 0.006000 0.010676 -0.009333 -0.017794
0 0.006667 0.010676 -0.010667 -0.017794
0 0.006667 0.010676 -0.010667 -0.017794
0 0.006000 0.010676 -0.009333 -0.017794
0 0.002667 0.003559 -0.002667 -0.003559
0 0.005333 0.012456 -0.008000 -0.021352
0 0.012667 0.018683 -0.022667 -0.037367
0 0.005333 0.011566 -0.008000 -0.023132
0 0.006667 0.010676 -0.010667 -0.017794
0 0.005333 0.011566 -0.008000 -0.023132
0 0.002667 0.003559 -0.002667 -0.003559
0 0.002667 0.003559 -0.002667 -0.003559
0 0.012667 0.018683 -0.022667 -0.037367
0 0.005333 0.011566 -0.008000 -0.023132
0 0.012667 0.018683 -0.022667 -0.037367
0 0.005333 0.011566 -0.008000 -0.023132
0 0.002667 0.003559 -0.002667 -0.003559
0 0.005333 0.012456 -0.008000 -0.021352
0 0.012667 0.018683 -0.022667 -0.037367
0 0.012667 0.018683 -0.022667 -0.037367
0 0.012667 0.018683 -0.022667 -0.037367
0 0.005333 0.012456 -0.008000 -0.021352
0 0.006000 0.010676 -0.009333 -0.017794
0 0.005333 0.011566 -0.008000 -0.023132
0 0.006000 0.010676 -0.009333 -0.017794
0 0.013333 0.018683 -0.021333 -0.037367
0 0.012000 0.013345 -0.018667 -0.026690
0 0.005333 0.012456 -0.008000 -0.021352
0 0.005333 0.012456 -0.008000 -0.021352
0 0.005333 0.011566 -0.008000 -0.023132
0 0.005333 0.011566 -0.008000 -0.023132
0 0.002667 0.003559 -0.002667 -0.003559
0 0.005333 0.012456 -0.008000 -0.021352
0 0.012667 0.018683 -0.022667 -0.037367
0 0.005333 0.011566 -0.008000 -0.023132
0 0.005333 0.011566 -0.008000 -0.023132
0 0.006000 0.010676 -0.009333 -0.017794
0 0.005333 0.012456 -0.008000 -0.021352
0 0.005333 0.011566 -0.008000 -0.023132
0 0.005333 0.011566 -0.008000 -0.023132
0 0.006000 0.010676 -0.009333 -0.017794
0 0.004000 0.007117 -0.005333 -0.010676
0 0.006000 0.010676 -0.009333 -0.017794
0 0.012667 0.018683 -0.022667 -0.037367
0 0.006000 0.010676 -0.009333 -0.017794
0 0.006000 0.010676 -0.009333 -0.017794
0 0.005333 0.011566 -0.008000 -0.023132
0 0.012667 0.018683 -0.022667 -0.037367
0 0.011333 0.013345 -0.020000 -0.026690
0 0.011333 0.013345 -0.020000 -0.026690
0 0.005333 0.012456 -0.008000 -0.021352
0 0.012667 0.018683 -0.022667 -0.037367
0 0.012667 0.018683 -0.022667 -0.037367
0 0.005333 0.011566 -0.008000 -0.023132
0 0.006667 0.010676 -0.010667 -0.017794
0 0.006000 0.010676 -0.009333 -0.017794
0 0.005333 0.011566 -0.008000 -0.023132
0 0.006667 0.010676 -0.010667 -0.017794
0 0.005333 0.011566 -0.008000 -0.023132
0 0.006667 0.010676 -0.010667 -0.017794
0 0.002667 0.004448 -0.002667 -0.005338
0 0.002667 0.003559 -0.002667 -0.003559
0 0.006000 0.010676 -0.009333 -0.017794
0 0.012667 0.018683 -0.022667 -0.037367
0 0.005333 0.011566 -0.008000 -0.023132
0 0.002667 0.003559 -0.002667 -0.003559
0 0.002667 0.003559 -0.002667 -0.003559
0 0.005333 0.011566 -0.008000 -0.023132
0 0.005333 0.011566 -0.008000 -0.023132
0 0.002667 0.003559 -0.002667 -0.003559
0 0.005333 0.011566 -0.008000 -0.023132
0 0.005333 0.011566 -0.008000 -0.023132
0 0.006000 0.010676 -0.009333 -0.017794
0 0.006000 0.010676 -0.009333 -0.017794
0 0.012667 0.018683 -0.022667 -0.037367
0 0.005333 0.011566 -0.008000 -0.023132
0 0.012667 0.018683 -0.022667 -0.037367
0 0.005333 0.011566 -0.008000 -0.023132
0 0.005333 0.012456 -0.008000 -0.021352
0 0.005333 0.011566 -0.008000 -0.023132
0 0.005333 0.011566 -0.008000 -0.023132
0 0.005333 0.011566 -0.008000 -0.023132
0 0.006000 0.010676 -0.009333 -0.017794
0 0.005333 0.011566 -0.008000 -0.023132
0 0.012667 0.018683 -0.022667 -0.037367
0 0.005333 0.012456 -0.008000 -0.021352
0 0.002667 0.003559 -0.002667 -0.003559
0 0.002667 0.003559 -0.002667 -0.003559
0 0.002667 0.003559 -0.002667 -0.003559
0 0.002667 0.004448 -0.002667 -0.005338
0 0.006000 0.010676 -0.009333 -0.017794
0 0.006000 0.010676 -0.009333 -0.017794
0 0.006000 0.010676 -0.009333 -0.017794
0 0.006000 0.010676 -0.009333 -0.017794
0 0.002667 0.003559 -0.002667 -0.003559
0 0.005333 0.011566 -0.008000 -0.023132
0 0.005333 0.011566 -0.008000 -0.023132
0 0.005333 0.011566 -0.008000 -0.023132
0 0.005333 0.012456 -0.008000 -0.021352
0 0.005333 0.011566 -0.008000 -0.023132
0 0.005333 0.011566 -0.008000 -0.023132
0 0.006000 0.010676 -0.009333 -0.017794
0 0.006000 0.010676 -0.009333 -0.017794
0 0.002667 0.003559 -0.002667 -0.003559
0 0.006000 0.010676 -0.009333 -0.017794
0 0.006000 0.010676 -0.009333 -0.017794
0 0.005333 0.011566 -0.008000 -0.023132
0 0.006000 0.010676 -0.009333 -0.017794
0 0.012000 0.013345 -0.018667 -0.026690
0 0.005333 0.011566 -0.008000 -0.023132
0 0.006000 0.010676 -0.009333 -0.017794
0 0.005333 0.012456 -0.008000 -0.021352
0 0.005333 0.012456 -0.008000 -0.021352
0 0.006667 0.010676 -0.010667 -0.017794
0 0.005333 0.012456 -0.008000 -0.021352
0 0.006000 0.010676 -0.009333 -0.017794
0 0.005333 0.012456 -0.008000 -0.021352
0 0.012667 0.018683 -0.022667 -0.037367
0 0.005333 0.012456 -0.008000 -0.021352
0 0.002667 0.003559 -0.002667 -0.003559
0 0.005333 0.011566 -0.008000 -0.023132
0 0.005333 0.012456 -0.008000 -0.021352
0 0.002667 0.003559 -0.002667 -0.003559
0 0.006000 0.010676 -0.009333 -0.017794
0 0.002667 0.003559 -0.002667 -0.003559
0 0.006000 0.010676 -0.009333 -0.017794
0 0.006000 0.010676 -0.009333 -0.017794
0 0.006667 0.010676 -0.010667 -0.017794
0 0.005333 0.011566 -0.008000 -0.023132
0 0.012667 0.018683 -0.022667 -0.037367
0 0.006667 0.010676 -0.010667 -0.017794
0 0.012667 0.018683 -0.022667 -0.037367
0 0.005333 0.011566 -0.008000 -0.023132
0 0.012667 0.018683 -0.022667 -0.037367
0 0.005333 0.011566 -0.008000 -0.023132
0 0.006000 0.010676 -0.009333 -0.017794
0 0.006667 0.010676 -0.010667 -0.017794
0 0.006000 0.010676 -0.009333 -0.017794
0 0.012667 0.018683 -0.022667 -0.037367
0 0.006000 0.010676 -0.009333 -0.017794
0 0.005333 0.011566 -0.008000 -0.023132
0 0.006000 0.010676 -0.009333 -0.017794
0 0.012667 0.018683 -0.022667 -0.037367
0 0.013333 0.018683 -0.021333 -0.037367
0 0.012667 0.018683 -0.022667 -0.037367
0 0.005333 0.012456 -0.008000 -0.021352
0 0.005333 0.012456 -0.008000 -0.021352
0 0.012667 0.018683 -0.022667 -0.037367
0 0.006000 0.010676 -0.009333 -0.017794
0 0.005333 0.011566 -0.008000 -0.023132
0 0.005333 0.011566 -0.008000 -0.023132
0 0.005333 0.012456 -0.008000 -0.021352
0 0.002667 0.003559 -0.002667 -0.003559
0 0.012667 0.018683 -0.022667 -0.037367
0 0.005333 0.011566 -0.008000 -0.023132
0 0.006000 0.010676 -0.009333 -0.017794
0 0.005333 0.011566 -0.008000 -0.023132
0 0.012667 0.018683 -0.022667 -0.037367
0 0.006000 0.010676 -0.009333 -0.017794
0 0.012667 0.018683 -0.022667 -0.037367
0 0.006000 0.010676 -0.009333 -0.017794
0 0.002667 0.003559 -0.002667 -0.003559
0 0.002667 0.003559 -0.002667 -0.003559
0 0.005333 0.011566 -0.008000 -0.023132
0 0.012667 0.018683 -0.022667 -0.037367
0 0.006667 0.010676 -0.008000 -0.017794
0 0.005333 0.011566 -0.008000 -0.023132
0 0.006000 0.010676 -0.009333 -0.017794
0 0.011333 0.013345 -0.020000 -0.026690
0 0.006667 0.010676 -0.010667 -0.017794
0 0.006000 0.010676 -0.009333 -0.017794
0 0.006667 0.010676 -0.010667 -0.017794
0 0.006667 0.010676 -0.010667 -0.017794
0 0.005333 0.011566 -0.008000 -0.023132
0 0.008667 0.015125 -0.014667 -0.030249
0 0.006000 0.010676 -0.009333 -0.017794
0 0.005333 0.011566 -0.008000 -0.023132
0 0.005333 0.012456 -0.008000 -0.021352
0 0.012667 0.018683 -0.022667 -0.037367
0 0.005333 0.011566 -0.008000 -0.023132
0 0.005333 0.011566 -0.008000 -0.023132
0 0.006667 0.010676 -0.010667 -0.017794
0 0.006000 0.010676 -0.009333 -0.017794
0 0.005333 0.012456 -0.008000 -0.021352
0 0.005333 0.012456 -0.008000 -0.021352
0 0.006000 0.010676 -0.009333 -0.017794
0 0.005333 0.012456 -0.008000 -0.021352
0 0.013333 0.018683 -0.021333 -0.037367
0 0.012667 0.018683 -0.022667 -0.037367
0 0.002667 0.003559 -0.002667 -0.003559
0 0.011333 0.013345 -0.020000 -0.026690
0 0.006000 0.010676 -0.009333 -0.017794
0 0.005333 0.012456 -0.008000 -0.021352
0 0.006667 0.010676 -0.010667 -0.017794
0 0.012667 0.018683 -0.022667 -0.037367
0 0.006000 0.010676 -0.009333 -0.017794
0 0.006667 0.010676 -0.010667 -0.017794
0 0.006000 0.010676 -0.009333 -0.017794
0 0.005333 0.012456 -0.008000 -0.021352
0 0.005333 0.012456 -0.008000 -0.021352
0 0.006667 0.010676 -0.010667 -0.017794
0 0.012667 0.018683 -0.022667 -0.037367
0 0.011333 0.013345 -0.020000 -0.026690
0 0.005333 0.012456 -0.008000 -0.021352
0 0.011333 0.013345 -0.020000 -0.026690
0 0.012667 0.018683 -0.022667 -0.037367
0 0.002667 0.003559 -0.002667 -0.003559
0 0.002667 0.003559 -0.002667 -0.003559
0 0.005333 0.011566 -0.008000 -0.023132
0 0.005333 0.012456 -0.008000 -0.021352
0 0.005333 0.011566 -0.008000 -0.023132
0 0.012667 0.018683 -0.022667 -0.037367
0 0.006000 0.010676 -0.009333 -0.017794
0 0.005333 0.011566 -0.008000 -0.023132
0 0.002667 0.003559 -0.002667 -0.003559
0 0.012667 0.018683 -0.022667 -0.037367
0 0.005333 0.011566 -0.008000 -0.023132
0 0.005333 0.012456 -0.008000 -0.021352
0 0.006000 0.010676 -0.009333 -0.017794
0 0.006000 0.010676 -0.009333 -0.017794
0 0.005333 0.011566 -0.008000 -0.023132
0 0.005333 0.011566 -0.008000 -0.023132
0 0.012667 0.018683 -0.022667 -0.037367
0 0.006000 0.010676 -0.009333 -0.017794
0 0.012667 0.018683 -0.022667 -0.037367
0 0.006000 0.010676 -0.009333 -0.017794
0 0.005333 0.011566 -0.008000 -0.023132
0 0.011333 0.013345 -0.020000 -0.026690
0 0.006000 0.010676 -0.009333 -0.017794
0 0.005333 0.011566 -0.008000 -0.023132
0 0.012667 0.018683 -0.022667 -0.037367
0 0.012667 0.018683 -0.022667 -0.037367
0 0.006667 0.010676 -0.010667 -0.017794
0 0.006000 0.010676 -0.009333 -0.017794
0 0.005333 0.012456 -0.008000 -0.021352
0 0.006000 0.010676 -0.009333 -0.017794
0 0.011333 0.013345 -0.020000 -0.026690
0 0.005333 0.011566 -0.008000 -0.023132
0 0.005333 0.012456 -0.008000 -0.021352
0 0.006000 0.010676 -0.009333 -0.017794
0 0.005333 0.012456 -0.008000 -0.021352
0 0.005333 0.011566 -0.008000 -0.023132
0 0.005333 0.011566 -0.008000 -0.023132
0 0.012667 0.018683 -0.022667 -0.037367
0 0.012667 0.018683 -0.022667 -0.037367
0 0.005333 0.011566 -0.008000 -0.023132
0 0.005333 0.012456 -0.008000 -0.021352
0 0.002667 0.003559 -0.002667 -0.003559
0 0.005333 0.012456 -0.008000 -0.021352
0 0.002667 0.003559 -0.002667 -0.003559
0 0.005333 0.011566 -0.008000 -0.023132
0 0.003333 0.005338 -0.004000 -0.007117
0 0.006000 0.010676 -0.009333 -0.017794
0 0.006000 0.010676 -0.009333 -0.017794
0 0.005333 0.012456 -0.008000 -0.021352
0 0.005333 0.012456 -0.008000 -0.021352
0 0.003333 0.005338 -0.004000 -0.007117
0 0.005333 0.011566 -0.008000 -0.023132
0 0.002667 0.003559 -0.002667 -0.003559
0 0.005333 0.011566 -0.008000 -0.023132
0 0.012667 0.018683 -0.022667 -0.037367
0 0.005333 0.012456 -0.008000 -0.021352
0 0.005333 0.011566 -0.008000 -0.023132
0 0.005333 0.011566 -0.008000 -0.023132
0 0.002667 0.003559 -0.002667 -0.003559
0 0.002667 0.003559 -0.002667 -0.003559
0 0.013333 0.018683 -0.021333 -0.037367
0 0.005333 0.012456 -0.008000 -0.021352
0 0.002667 0.003559 -0.002667 -0.003559
0 0.005333 0.012456 -0.008000 -0.021352
0 0.006000 0.010676 -0.009333 -0.017794
0 0.006000 0.010676 -0.009333 -0.017794
0 0.002667 0.003559 -0.002667 -0.003559
0 0.006000 0.010676 -0.009333 -0.017794
0 0.002667 0.003559 -0.002667 -0.003559
0 0.012000 0.013345 -0.018667 -0.026690
0 0.006667 0.010676 -0.010667 -0.017794
0 0.005333 0.008897 -0.008000 -0.014235
0 0.006667 0.010676 -0.010667 -0.017794
0 0.006000 0.010676 -0.009333 -0.017794
0 0.005333 0.011566 -0.008000 -0.023132
0 0.005333 0.012456 -0.008000 -0.021352
0 0.006000 0.010676 -0.009333 -0.017794
0 0.012667 0.018683 -0.022667 -0.037367
0 0.011333 0.013345 -0.020000 -0.026690
0 0.005333 0.012456 -0.008000 -0.021352