0 0.035995 0.056130 -0.071448 -0.112259
0 0.036130 0.056130 -0.071177 -0.112259
0 0.035995 0.056130 -0.071448 -0.112259
0 0.035995 0.056130 -0.071448 -0.112259
0 0.035995 0.056130 -0.071448 -0.112259
0 0.035995 0.056130 -0.071448 -0.112259
0 0.036130 0.056130 -0.071177 -0.112259
0 0.035995 0.056130 -0.071448 -0.112259
0 0.035995 0.056130 -0.071448 -0.112259
0 0.035995 0.056130 -0.071448 -0.112259
0 0.035995 0.056130 -0.071448 -0.112259
0 0.035995 0.056130 -0.071448 -0.112259
0 0.035995 0.056130 -0.071448 -0.112259
0 0.035995 0.056130 -0.071448 -0.112259