0 0.024961 0.025333 -0.046802 -0.050667
0 0.027301 0.025333 -0.051482 -0.050667
0 0.026521 0.024000 -0.049922 -0.048000
0 0.023401 0.026667 -0.043682 -0.053333
0 0.026521 0.024000 -0.049922 -0.048000
0 0.027301 0.025333 -0.051482 -0.050667
0 0.024961 0.025333 -0.046802 -0.050667
0 0.026521 0.024000 -0.049922 -0.048000
0 0.026521 0.024000 -0.049922 -0.048000
0 0.027301 0.025333 -0.051482 -0.050667
0 0.024961 0.025333 -0.046802 -0.050667
0 0.026521 0.024000 -0.049922 -0.048000
0 0.024961 0.025333 -0.046802 -0.050667
0 0.023401 0.026667 -0.043682 -0.053333
0 0.023401 0.026667 -0.043682 -0.053333
0 0.026521 0.024000 -0.049922 -0.048000
0 0.026521 0.024000 -0.049922 -0.048000
0 0.024961 0.025333 -0.046802 -0.050667
0 0.024961 0.025333 -0.046802 -0.050667
0 0.026521 0.024000 -0.049922 -0.048000
0 0.026521 0.024000 -0.049922 -0.048000
0 0.024181 0.026000 -0.045242 -0.052000
0 0.025741 0.024000 -0.048362 -0.048000
0 0.027301 0.025333 -0.051482 -0.050667
0 0.023401 0.026667 -0.043682 -0.053333
0 0.023401 0.026667 -0.043682 -0.053333
0 0.024961 0.025333 -0.046802 -0.050667
0 0.026521 0.024000 -0.049922 -0.048000
0 0.024961 0.025333 -0.046802 -0.050667
0 0.024961 0.025333 -0.046802 -0.050667
0 0.024961 0.025333 -0.046802 -0.050667
0 0.024181 0.026000 -0.045242 -0.052000
0 0.024961 0.025333 -0.046802 -0.050667
0 0.024961 0.025333 -0.046802 -0.050667
0 0.027301 0.025333 -0.051482 -0.050667
0 0.023401 0.026667 -0.043682 -0.053333
0 0.027301 0.025333 -0.051482 -0.050667
0 0.024961 0.025333 -0.046802 -0.050667
0 0.024961 0.025333 -0.046802 -0.050667
0 0.023401 0.026667 -0.043682 -0.053333