0 0.013214 0.022644 -0.025000 -0.045288
0 0.010357 0.023868 -0.019286 -0.047736
0 0.010357 0.023868 -0.019286 -0.047736
0 0.010357 0.023868 -0.019286 -0.047736
0 0.013571 0.029376 -0.025714 -0.058752
0 0.011786 0.022032 -0.022143 -0.044064
0 0.010357 0.023868 -0.019286 -0.047736
0 0.012857 0.026316 -0.024286 -0.052632
0 0.010357 0.023868 -0.019286 -0.047736
0 0.010357 0.023868 -0.019286 -0.047736
0 0.011786 0.022032 -0.022143 -0.044064
0 0.010357 0.023868 -0.019286 -0.047736
0 0.012857 0.026316 -0.024286 -0.052632
0 0.012143 0.021420 -0.022857 -0.042840
0 0.012143 0.018360 -0.022857 -0.036720
0 0.011786 0.022032 -0.022143 -0.044064
0 0.013214 0.022644 -0.025000 -0.045288
0 0.010357 0.023868 -0.019286 -0.047736
0 0.012143 0.018360 -0.022857 -0.036720
0 0.012857 0.026316 -0.024286 -0.052632
0 0.011786 0.022032 -0.022143 -0.044064
0 0.010357 0.023868 -0.019286 -0.047736
0 0.012143 0.025704 -0.022857 -0.051408
0 0.013214 0.029988 -0.025000 -0.059976
0 0.012500 0.025704 -0.023571 -0.051408
0 0.013214 0.029988 -0.025000 -0.059976
0 0.012857 0.026316 -0.024286 -0.052632
0 0.012857 0.026316 -0.024286 -0.052632
0 0.010357 0.023868 -0.019286 -0.047736
0 0.010357 0.023868 -0.019286 -0.047736
0 0.011786 0.022032 -0.022143 -0.044064
0 0.013571 0.029376 -0.025714 -0.058752
0 0.010357 0.023868 -0.019286 -0.047736
0 0.012857 0.026316 -0.024286 -0.052632
0 0.012857 0.026316 -0.024286 -0.052632
0 0.010357 0.023868 -0.019286 -0.047736
0 0.013214 0.022644 -0.025000 -0.045288
0 0.013214 0.022644 -0.025000 -0.045288
0 0.013571 0.029376 -0.025714 -0.058752
0 0.012143 0.026316 -0.022857 -0.052632
0 0.011786 0.022032 -0.022143 -0.044064
0 0.012143 0.021420 -0.022857 -0.042840
0 0.013571 0.029376 -0.025714 -0.058752
0 0.013214 0.029988 -0.025000 -0.059976
0 0.010357 0.023868 -0.019286 -0.047736
0 0.010357 0.023868 -0.019286 -0.047736
0 0.013214 0.029988 -0.025000 -0.059976
0 0.013571 0.029376 -0.025714 -0.058752
0 0.013214 0.029988 -0.025000 -0.059976
0 0.011786 0.022032 -0.022143 -0.044064
0 0.010357 0.023868 -0.019286 -0.047736
0 0.013571 0.029376 -0.025714 -0.058752
0 0.010357 0.023868 -0.019286 -0.047736
0 0.013214 0.022644 -0.025000 -0.045288
0 0.011786 0.022032 -0.022143 -0.044064
0 0.011786 0.022032 -0.022143 -0.044064
0 0.010357 0.023868 -0.019286 -0.047736
0 0.013571 0.029376 -0.025714 -0.058752
0 0.012143 0.021420 -0.022857 -0.042840
0 0.013214 0.029988 -0.025000 -0.059976
0 0.012143 0.021420 -0.022857 -0.042840
0 0.010357 0.023868 -0.019286 -0.047736
0 0.010357 0.023868 -0.019286 -0.047736
0 0.012857 0.028764 -0.024286 -0.057528
0 0.012143 0.018360 -0.022857 -0.036720
0 0.010357 0.023868 -0.019286 -0.047736
0 0.012857 0.026316 -0.024286 -0.052632
0 0.012143 0.021420 -0.022857 -0.042840
0 0.013214 0.029988 -0.025000 -0.059976
0 0.012143 0.021420 -0.022857 -0.042840
0 0.012857 0.026316 -0.024286 -0.052632
0 0.013214 0.022644 -0.025000 -0.045288
0 0.012143 0.018360 -0.022857 -0.036720
0 0.013214 0.022644 -0.025000 -0.045288
0 0.012143 0.018360 -0.022857 -0.036720
0 0.013214 0.029988 -0.025000 -0.059976
0 0.013214 0.029988 -0.025000 -0.059976
0 0.013571 0.029376 -0.025714 -0.058752
0 0.011786 0.022032 -0.022143 -0.044064
0 0.010357 0.023868 -0.019286 -0.047736
0 0.013214 0.029988 -0.025000 -0.059976
0 0.013571 0.029376 -0.025714 -0.058752
0 0.011786 0.022032 -0.022143 -0.044064
0 0.012143 0.021420 -0.022857 -0.042840
0 0.013214 0.022644 -0.025000 -0.045288
0 0.012500 0.022032 -0.023571 -0.044064
0 0.012857 0.026316 -0.024286 -0.052632
0 0.010357 0.023868 -0.019286 -0.047736
0 0.012857 0.026316 -0.024286 -0.052632
0 0.013214 0.029988 -0.025000 -0.059976
0 0.013214 0.029988 -0.025000 -0.059976
0 0.013214 0.029988 -0.025000 -0.059976
0 0.011786 0.022032 -0.022143 -0.044064
0 0.013214 0.022644 -0.025000 -0.045288
0 0.013214 0.022644 -0.025000 -0.045288
0 0.013214 0.029988 -0.025000 -0.059976
0 0.013214 0.029988 -0.025000 -0.059976
0 0.012857 0.026316 -0.024286 -0.052632
0 0.012143 0.021420 -0.022857 -0.042840
0 0.012143 0.018360 -0.022857 -0.036720
0 0.010357 0.023868 -0.019286 -0.047736
0 0.010357 0.023868 -0.019286 -0.047736
0 0.013571 0.029376 -0.025714 -0.058752
0 0.010357 0.023868 -0.019286 -0.047736
0 0.013571 0.029376 -0.025714 -0.058752
0 0.013214 0.029988 -0.025000 -0.059976
0 0.012143 0.018360 -0.022857 -0.036720
0 0.010357 0.023868 -0.019286 -0.047736
0 0.013214 0.022644 -0.025000 -0.045288
0 0.013571 0.029376 -0.025714 -0.058752
0 0.013571 0.029376 -0.025714 -0.058752
0 0.011786 0.022032 -0.022143 -0.044064
0 0.012143 0.021420 -0.022857 -0.042840
0 0.012143 0.022032 -0.022857 -0.044064
0 0.012143 0.021420 -0.022857 -0.042840
0 0.013214 0.029988 -0.025000 -0.059976
0 0.012857 0.026316 -0.024286 -0.052632
0 0.012857 0.026316 -0.024286 -0.052632
0 0.013214 0.029988 -0.025000 -0.059976
0 0.010357 0.023868 -0.019286 -0.047736
0 0.012857 0.026316 -0.024286 -0.052632
0 0.012143 0.018360 -0.022857 -0.036720
0 0.011786 0.022032 -0.022143 -0.044064
0 0.011786 0.022032 -0.022143 -0.044064
0 0.012857 0.026316 -0.024286 -0.052632
0 0.013214 0.029988 -0.025000 -0.059976
0 0.013214 0.022644 -0.025000 -0.045288
0 0.012857 0.026316 -0.024286 -0.052632
0 0.011786 0.022032 -0.022143 -0.044064
0 0.011429 0.022032 -0.021429 -0.044064
0 0.013214 0.029988 -0.025000 -0.059976
0 0.010357 0.023868 -0.019286 -0.047736
0 0.010357 0.023868 -0.019286 -0.047736
0 0.013214 0.029988 -0.025000 -0.059976
0 0.013214 0.022644 -0.025000 -0.045288
0 0.010357 0.023868 -0.019286 -0.047736
0 0.010357 0.023868 -0.019286 -0.047736
0 0.012143 0.021420 -0.022857 -0.042840
0 0.012857 0.026316 -0.024286 -0.052632
0 0.013214 0.022644 -0.025000 -0.045288
0 0.012857 0.026316 -0.024286 -0.052632
0 0.012857 0.026316 -0.024286 -0.052632
0 0.012857 0.026316 -0.024286 -0.052632
0 0.012143 0.021420 -0.022857 -0.042840
0 0.012143 0.018360 -0.022857 -0.036720
0 0.012143 0.027540 -0.022857 -0.055080
0 0.010357 0.023868 -0.019286 -0.047736
0 0.010357 0.023868 -0.019286 -0.047736
0 0.013214 0.022644 -0.025000 -0.045288
0 0.013571 0.029376 -0.025714 -0.058752
0 0.013214 0.022644 -0.025000 -0.045288
0 0.011786 0.022032 -0.022143 -0.044064
0 0.012857 0.026316 -0.024286 -0.052632
0 0.012143 0.022032 -0.022857 -0.044064
0 0.012857 0.026316 -0.024286 -0.052632
0 0.012143 0.018360 -0.022857 -0.036720
0 0.013214 0.022644 -0.025000 -0.045288
0 0.013571 0.029376 -0.025714 -0.058752
0 0.012143 0.018360 -0.022857 -0.036720
0 0.011786 0.022032 -0.022143 -0.044064