0 0.008091 0.004084 -0.012945 -0.005834
0 0.010518 0.008751 -0.017799 -0.015169
0 0.009709 0.006418 -0.016181 -0.010502
0 0.008900 0.007585 -0.014563 -0.012835
0 0.010518 0.007585 -0.017799 -0.012835
0 0.008900 0.007585 -0.014563 -0.012835
0 0.008091 0.004084 -0.012945 -0.005834
0 0.009709 0.006418 -0.016181 -0.010502
0 0.008900 0.007585 -0.014563 -0.012835
0 0.008900 0.007585 -0.014563 -0.012835
0 0.008091 0.004084 -0.012945 -0.005834
0 0.009709 0.006418 -0.016181 -0.010502
0 0.010518 0.007585 -0.017799 -0.012835
0 0.008900 0.007585 -0.014563 -0.012835
0 0.009709 0.006418 -0.016181 -0.010502
0 0.008900 0.007585 -0.014563 -0.012835
0 0.008900 0.007585 -0.014563 -0.012835
0 0.008900 0.007585 -0.014563 -0.012835
0 0.008900 0.007585 -0.014563 -0.012835
0 0.008091 0.004084 -0.012945 -0.005834
0 0.009709 0.006418 -0.016181 -0.010502
0 0.008091 0.004084 -0.012945 -0.005834
0 0.008900 0.007585 -0.014563 -0.012835
0 0.010518 0.008751 -0.017799 -0.015169
0 0.010518 0.007585 -0.017799 -0.012835
0 0.009709 0.006418 -0.016181 -0.010502
0 0.009709 0.006418 -0.016181 -0.010502
0 0.008900 0.007585 -0.014563 -0.012835
0 0.008900 0.007585 -0.014563 -0.012835
0 0.010518 0.007585 -0.017799 -0.012835
0 0.008900 0.007585 -0.014563 -0.012835
0 0.009709 0.006418 -0.016181 -0.010502
0 0.008900 0.007585 -0.014563 -0.012835
0 0.009709 0.006418 -0.016181 -0.010502
0 0.010518 0.007585 -0.017799 -0.012835
0 0.010518 0.007585 -0.017799 -0.012835
0 0.008900 0.007585 -0.014563 -0.012835
0 0.008900 0.007585 -0.014563 -0.012835
0 0.010518 0.007585 -0.017799 -0.012835
0 0.008900 0.007585 -0.014563 -0.012835
0 0.009709 0.006418 -0.016181 -0.010502
0 0.008900 0.007585 -0.014563 -0.012835
0 0.008900 0.007585 -0.014563 -0.012835
0 0.008091 0.004084 -0.012945 -0.005834
0 0.008900 0.007585 -0.014563 -0.012835
0 0.009709 0.006418 -0.016181 -0.010502
0 0.008091 0.004084 -0.012945 -0.005834
0 0.008091 0.004084 -0.012945 -0.005834
0 0.008900 0.007585 -0.014563 -0.012835
0 0.009709 0.006418 -0.016181 -0.010502
0 0.008900 0.007585 -0.014563 -0.012835
0 0.010518 0.007585 -0.017799 -0.012835
0 0.008900 0.007001 -0.014563 -0.011669
0 0.008900 0.007585 -0.014563 -0.012835
0 0.008900 0.007001 -0.014563 -0.011669
0 0.008900 0.007585 -0.014563 -0.012835
0 0.008900 0.007001 -0.014563 -0.011669
0 0.008900 0.007585 -0.014563 -0.012835
0 0.008091 0.004084 -0.012945 -0.005834
0 0.009709 0.006418 -0.016181 -0.010502
0 0.010518 0.007585 -0.017799 -0.012835
0 0.010518 0.007585 -0.017799 -0.012835
0 0.009709 0.006418 -0.016181 -0.010502
0 0.010518 0.007585 -0.017799 -0.012835
0 0.008900 0.007585 -0.014563 -0.012835
0 0.008900 0.007585 -0.014563 -0.012835
0 0.008900 0.007585 -0.014563 -0.012835
0 0.009709 0.006418 -0.016181 -0.010502
0 0.008900 0.007585 -0.014563 -0.012835
0 0.008900 0.007585 -0.014563 -0.012835
0 0.009709 0.006418 -0.016181 -0.010502
0 0.008900 0.007585 -0.014563 -0.012835
0 0.008900 0.007585 -0.014563 -0.012835
0 0.010518 0.007585 -0.017799 -0.012835
0 0.008900 0.007585 -0.014563 -0.012835
0 0.009709 0.006418 -0.016181 -0.010502
0 0.008900 0.007585 -0.014563 -0.012835
0 0.009709 0.006418 -0.016181 -0.010502
0 0.009709 0.006418 -0.016181 -0.010502
0 0.010518 0.007585 -0.017799 -0.012835
0 0.009709 0.006418 -0.016181 -0.010502
0 0.009709 0.006418 -0.016181 -0.010502
0 0.009709 0.006418 -0.016181 -0.010502
0 0.010518 0.007585 -0.017799 -0.012835
0 0.010518 0.007585 -0.017799 -0.012835
0 0.008900 0.007585 -0.014563 -0.012835
0 0.008900 0.007585 -0.014563 -0.012835
0 0.008900 0.007585 -0.014563 -0.012835
0 0.008900 0.007585 -0.014563 -0.012835
0 0.009709 0.006418 -0.016181 -0.010502
0 0.008091 0.004084 -0.012945 -0.005834
0 0.009709 0.006418 -0.016181 -0.010502
0 0.008900 0.006418 -0.014563 -0.010502
0 0.008900 0.007585 -0.014563 -0.012835
0 0.009709 0.006418 -0.016181 -0.010502
0 0.010518 0.007585 -0.017799 -0.012835
0 0.010518 0.007585 -0.017799 -0.012835
0 0.008091 0.004084 -0.012945 -0.005834
0 0.010518 0.007585 -0.017799 -0.012835
0 0.009709 0.006418 -0.016181 -0.010502
0 0.008900 0.007585 -0.014563 -0.012835
0 0.009709 0.006418 -0.016181 -0.010502
0 0.009709 0.007585 -0.016181 -0.012835
0 0.009709 0.006418 -0.016181 -0.010502
0 0.008900 0.007585 -0.014563 -0.012835
0 0.008091 0.004084 -0.012945 -0.005834
0 0.008900 0.007585 -0.014563 -0.012835
0 0.008091 0.004084 -0.012945 -0.005834
0 0.008900 0.007585 -0.014563 -0.012835
0 0.008900 0.007585 -0.014563 -0.012835
0 0.008900 0.006418 -0.014563 -0.010502
0 0.008900 0.007585 -0.014563 -0.012835
0 0.010518 0.007585 -0.017799 -0.012835
0 0.008900 0.007585 -0.014563 -0.012835
0 0.008091 0.004084 -0.012945 -0.005834
0 0.009709 0.006418 -0.016181 -0.010502
0 0.010518 0.007585 -0.017799 -0.012835
0 0.008091 0.004084 -0.012945 -0.005834
0 0.010518 0.008751 -0.017799 -0.015169
0 0.008900 0.007585 -0.014563 -0.012835
0 0.008900 0.007585 -0.014563 -0.012835
0 0.008900 0.006418 -0.014563 -0.010502
0 0.008900 0.007585 -0.014563 -0.012835
0 0.008900 0.007585 -0.014563 -0.012835
0 0.010518 0.007585 -0.017799 -0.012835
0 0.008091 0.004084 -0.012945 -0.005834
0 0.010518 0.007585 -0.017799 -0.012835
0 0.008900 0.007585 -0.014563 -0.012835
0 0.010518 0.008751 -0.017799 -0.015169
0 0.008900 0.007585 -0.014563 -0.012835
0 0.008091 0.004084 -0.012945 -0.005834
0 0.008900 0.007585 -0.014563 -0.012835
0 0.008900 0.007585 -0.014563 -0.012835
0 0.010518 0.008751 -0.017799 -0.015169
0 0.008900 0.007585 -0.014563 -0.012835
0 0.009709 0.006418 -0.016181 -0.010502
0 0.008900 0.007585 -0.014563 -0.012835
0 0.008900 0.007001 -0.014563 -0.011669
0 0.008091 0.004084 -0.012945 -0.005834