0 0.008125 0.015947 -0.013750 -0.031895
0 0.010000 0.019700 -0.017500 -0.039400
0 0.009375 0.014071 -0.016250 -0.028143
0 0.008750 0.016886 -0.015000 -0.033771
0 0.010000 0.019700 -0.017500 -0.039400
0 0.010000 0.019700 -0.017500 -0.039400
0 0.010000 0.019700 -0.017500 -0.039400
0 0.009375 0.014071 -0.016250 -0.028143
0 0.010000 0.019700 -0.017500 -0.039400
0 0.010000 0.019700 -0.017500 -0.039400
0 0.015625 0.023452 -0.028750 -0.046904
0 0.008750 0.016886 -0.015000 -0.033771
0 0.010000 0.019700 -0.017500 -0.039400
0 0.010000 0.019700 -0.017500 -0.039400
0 0.011250 0.016886 -0.020000 -0.033771
0 0.010000 0.019700 -0.017500 -0.039400
0 0.010000 0.019700 -0.017500 -0.039400
0 0.008750 0.016886 -0.015000 -0.033771
0 0.020000 0.030957 -0.037500 -0.061914
0 0.008750 0.016886 -0.015000 -0.033771
0 0.011250 0.016886 -0.020000 -0.033771
0 0.013125 0.019700 -0.023750 -0.039400
0 0.011250 0.016886 -0.020000 -0.033771
0 0.006875 0.013133 -0.011250 -0.026266
0 0.009375 0.014071 -0.016250 -0.028143
0 0.008750 0.016886 -0.015000 -0.033771
0 0.009375 0.014071 -0.016250 -0.028143
0 0.010000 0.019700 -0.017500 -0.039400
0 0.010000 0.019700 -0.017500 -0.039400
0 0.006875 0.013133 -0.011250 -0.026266
0 0.008125 0.015947 -0.013750 -0.031895
0 0.008125 0.015947 -0.013750 -0.031895