0 0.017083 0.026250 -0.032500 -0.052500
0 0.012500 0.019375 -0.023333 -0.038750
0 0.009583 0.017500 -0.017500 -0.035000
0 0.005833 0.008125 -0.010000 -0.016250
0 0.009583 0.017500 -0.017500 -0.035000
0 0.009583 0.017500 -0.017500 -0.035000
0 0.005833 0.008125 -0.010000 -0.016250
0 0.006250 0.009375 -0.010833 -0.018750
0 0.005833 0.008125 -0.010000 -0.016250
0 0.006250 0.009375 -0.010833 -0.018750
0 0.038333 0.061250 -0.075000 -0.122500
0 0.006250 0.009375 -0.010833 -0.018750
0 0.038333 0.061250 -0.075000 -0.122500
0 0.006250 0.009375 -0.010833 -0.018750
0 0.005833 0.008125 -0.010000 -0.016250
0 0.017083 0.026250 -0.032500 -0.052500
0 0.005833 0.008125 -0.010000 -0.016250
0 0.017083 0.026250 -0.032500 -0.052500
0 0.007917 0.013125 -0.014167 -0.026250
0 0.009583 0.017500 -0.017500 -0.035000
0 0.005833 0.008125 -0.010000 -0.016250
0 0.006250 0.009375 -0.010833 -0.018750
0 0.006250 0.009375 -0.010833 -0.018750
0 0.006250 0.009375 -0.010833 -0.018750
0 0.006250 0.009375 -0.010833 -0.018750
0 0.006250 0.009375 -0.010833 -0.018750
0 0.017083 0.026250 -0.032500 -0.052500
0 0.026250 0.044375 -0.050833 -0.088750
0 0.005833 0.008125 -0.010000 -0.016250
0 0.009583 0.017500 -0.017500 -0.035000
0 0.009583 0.017500 -0.017500 -0.035000
0 0.017083 0.026250 -0.032500 -0.052500
0 0.005833 0.008125 -0.010000 -0.016250
0 0.006250 0.009375 -0.010833 -0.018750
0 0.017083 0.026250 -0.032500 -0.052500
0 0.006250 0.009375 -0.010833 -0.018750
0 0.006250 0.009375 -0.010833 -0.018750
0 0.026250 0.044375 -0.050833 -0.088750
0 0.009583 0.017500 -0.017500 -0.035000
0 0.009583 0.017500 -0.017500 -0.035000
0 0.006250 0.009375 -0.010833 -0.018750
0 0.006250 0.009375 -0.010833 -0.018750
0 0.009583 0.017500 -0.017500 -0.035000
0 0.007917 0.013125 -0.014167 -0.026250
0 0.006250 0.009375 -0.010833 -0.018750
0 0.005833 0.008125 -0.010000 -0.016250
0 0.005833 0.008125 -0.010000 -0.016250
0 0.005833 0.008125 -0.010000 -0.016250
0 0.003750 0.004375 -0.005833 -0.008750
0 0.006250 0.009375 -0.010833 -0.018750
0 0.006250 0.009375 -0.010833 -0.018750
0 0.007083 0.011250 -0.012500 -0.022500
0 0.006250 0.009375 -0.010833 -0.018750
0 0.026250 0.044375 -0.050833 -0.088750
0 0.017083 0.026250 -0.032500 -0.052500
0 0.009583 0.017500 -0.017500 -0.035000
0 0.005833 0.008125 -0.010000 -0.016250
0 0.006250 0.009375 -0.010833 -0.018750
0 0.006250 0.009375 -0.010833 -0.018750
0 0.026250 0.044375 -0.050833 -0.088750
0 0.005833 0.008125 -0.010000 -0.016250
0 0.006250 0.009375 -0.010833 -0.018750
0 0.017083 0.026250 -0.032500 -0.052500
0 0.009583 0.017500 -0.017500 -0.035000
0 0.006250 0.009375 -0.010833 -0.018750
0 0.026250 0.044375 -0.050833 -0.088750
0 0.009583 0.017500 -0.017500 -0.035000
0 0.005833 0.008125 -0.010000 -0.016250
0 0.009583 0.017500 -0.017500 -0.035000
0 0.006250 0.009375 -0.010833 -0.018750
0 0.009583 0.017500 -0.017500 -0.035000
0 0.006250 0.009375 -0.010833 -0.018750
0 0.003750 0.004375 -0.005833 -0.008750
0 0.009583 0.017500 -0.017500 -0.035000
0 0.006250 0.009375 -0.010833 -0.018750
0 0.009583 0.017500 -0.017500 -0.035000
0 0.017083 0.026250 -0.032500 -0.052500
0 0.006250 0.009375 -0.010833 -0.018750
0 0.006250 0.009375 -0.010833 -0.018750
0 0.006250 0.009375 -0.010833 -0.018750
0 0.017083 0.026250 -0.032500 -0.052500
0 0.017083 0.026250 -0.032500 -0.052500
0 0.003750 0.004375 -0.005833 -0.008750
0 0.026250 0.044375 -0.050833 -0.088750
0 0.005833 0.008125 -0.010000 -0.016250
0 0.026250 0.044375 -0.050833 -0.088750
0 0.009583 0.017500 -0.017500 -0.035000
0 0.006250 0.009375 -0.010833 -0.018750
0 0.006250 0.009375 -0.010833 -0.018750
0 0.005833 0.008125 -0.010000 -0.016250
0 0.006250 0.009375 -0.010833 -0.018750
0 0.009583 0.017500 -0.017500 -0.035000
0 0.006250 0.009375 -0.010833 -0.018750
0 0.009583 0.017500 -0.017500 -0.035000
0 0.017500 0.028125 -0.033333 -0.056250
0 0.005833 0.008125 -0.010000 -0.016250
0 0.006250 0.009375 -0.010833 -0.018750
0 0.006250 0.009375 -0.010833 -0.018750
0 0.007917 0.013125 -0.014167 -0.026250
0 0.009583 0.017500 -0.017500 -0.035000
0 0.005833 0.008125 -0.010000 -0.016250
0 0.006250 0.009375 -0.010833 -0.018750
0 0.017083 0.026250 -0.032500 -0.052500
0 0.006250 0.009375 -0.010833 -0.018750
0 0.003750 0.004375 -0.005833 -0.008750
0 0.006250 0.009375 -0.010833 -0.018750
0 0.017083 0.026250 -0.032500 -0.052500
0 0.009583 0.017500 -0.017500 -0.035000
0 0.005833 0.008125 -0.010000 -0.016250
0 0.017083 0.026250 -0.032500 -0.052500
0 0.005833 0.008125 -0.010000 -0.016250
0 0.006250 0.009375 -0.010833 -0.018750
0 0.009583 0.017500 -0.017500 -0.035000
0 0.006250 0.009375 -0.010833 -0.018750
0 0.006250 0.009375 -0.010833 -0.018750
0 0.006250 0.009375 -0.010833 -0.018750
0 0.006250 0.009375 -0.010833 -0.018750
0 0.006250 0.009375 -0.010833 -0.018750
0 0.038333 0.061250 -0.075000 -0.122500
0 0.009583 0.017500 -0.017500 -0.035000
0 0.005833 0.008125 -0.010000 -0.016250
0 0.005833 0.008125 -0.010000 -0.016250
0 0.006250 0.009375 -0.010833 -0.018750
0 0.005833 0.008125 -0.010000 -0.016250
0 0.006250 0.009375 -0.010833 -0.018750
0 0.006250 0.009375 -0.010833 -0.018750
0 0.006250 0.009375 -0.010833 -0.018750
0 0.006250 0.009375 -0.010833 -0.018750
0 0.006250 0.009375 -0.010833 -0.018750
0 0.006250 0.009375 -0.010833 -0.018750
0 0.006250 0.009375 -0.010833 -0.018750
0 0.006250 0.009375 -0.010833 -0.018750
0 0.006250 0.009375 -0.010833 -0.018750
0 0.006250 0.009375 -0.010833 -0.018750
0 0.009583 0.017500 -0.017500 -0.035000
0 0.006250 0.009375 -0.010833 -0.018750
0 0.007917 0.013125 -0.014167 -0.026250
0 0.017083 0.026250 -0.032500 -0.052500
0 0.026250 0.044375 -0.050833 -0.088750
0 0.017083 0.026250 -0.032500 -0.052500
0 0.017083 0.026250 -0.032500 -0.052500
0 0.006250 0.009375 -0.010833 -0.018750
0 0.006250 0.009375 -0.010833 -0.018750
0 0.005833 0.008125 -0.010000 -0.016250
0 0.017083 0.026250 -0.032500 -0.052500
0 0.026250 0.044375 -0.050833 -0.088750
0 0.005833 0.008125 -0.010000 -0.016250
0 0.017083 0.026250 -0.032500 -0.052500
0 0.006250 0.009375 -0.010833 -0.018750
0 0.009583 0.017500 -0.017500 -0.035000
0 0.009583 0.017500 -0.017500 -0.035000
0 0.006250 0.009375 -0.010833 -0.018750
0 0.006250 0.009375 -0.010833 -0.018750
0 0.006250 0.009375 -0.010833 -0.018750
0 0.009583 0.017500 -0.017500 -0.035000
0 0.006250 0.009375 -0.010833 -0.018750
0 0.009583 0.017500 -0.017500 -0.035000
0 0.005833 0.008125 -0.010000 -0.016250
0 0.009583 0.017500 -0.017500 -0.035000
0 0.003750 0.004375 -0.005833 -0.008750
0 0.006250 0.009375 -0.010833 -0.018750
0 0.006250 0.009375 -0.010833 -0.018750
0 0.038333 0.061250 -0.075000 -0.122500
0 0.005833 0.008125 -0.010000 -0.016250
0 0.006250 0.009375 -0.010833 -0.018750
0 0.009583 0.017500 -0.017500 -0.035000
0 0.006250 0.009375 -0.010833 -0.018750
0 0.006250 0.009375 -0.010833 -0.018750
0 0.007917 0.013125 -0.014167 -0.026250
0 0.017083 0.026250 -0.032500 -0.052500
0 0.006250 0.009375 -0.010833 -0.018750
0 0.005833 0.008125 -0.010000 -0.016250
0 0.006250 0.009375 -0.010833 -0.018750
0 0.009583 0.017500 -0.017500 -0.035000
0 0.006250 0.009375 -0.010833 -0.018750
0 0.006250 0.009375 -0.010833 -0.018750
0 0.009583 0.017500 -0.017500 -0.035000
0 0.006250 0.009375 -0.010833 -0.018750
0 0.009583 0.017500 -0.017500 -0.035000
0 0.017083 0.026250 -0.032500 -0.052500
0 0.009583 0.017500 -0.017500 -0.035000
0 0.017083 0.026250 -0.032500 -0.052500
0 0.009583 0.017500 -0.017500 -0.035000
0 0.009583 0.017500 -0.017500 -0.035000
0 0.009583 0.017500 -0.017500 -0.035000
0 0.017083 0.026250 -0.032500 -0.052500
0 0.005833 0.008125 -0.010000 -0.016250
0 0.005833 0.008125 -0.010000 -0.016250
0 0.005833 0.008125 -0.010000 -0.016250
0 0.006250 0.009375 -0.010833 -0.018750
0 0.006250 0.009375 -0.010833 -0.018750
0 0.005833 0.008125 -0.010000 -0.016250
0 0.017083 0.026250 -0.032500 -0.052500
0 0.006250 0.009375 -0.010833 -0.018750
0 0.006250 0.009375 -0.010833 -0.018750
0 0.006250 0.009375 -0.010833 -0.018750
0 0.017083 0.026250 -0.032500 -0.052500