0 0.003226 0.006053 -0.004839 -0.009685
0 0.003226 0.006053 -0.004839 -0.009685
0 0.004839 0.009685 -0.008065 -0.019370
0 0.012500 0.019370 -0.023387 -0.038741
0 0.010081 0.017554 -0.018548 -0.035109
0 0.004839 0.010291 -0.008065 -0.018160
0 0.008065 0.015738 -0.014516 -0.031477
0 0.003226 0.006053 -0.004839 -0.009685
0 0.006048 0.009080 -0.010484 -0.018160
0 0.003226 0.006053 -0.004839 -0.009685
0 0.008065 0.016344 -0.014516 -0.030266
0 0.008065 0.015738 -0.014516 -0.031477
0 0.010887 0.018765 -0.020161 -0.037530
0 0.008871 0.014528 -0.016129 -0.029056
0 0.008065 0.015738 -0.014516 -0.031477
0 0.003226 0.006053 -0.004839 -0.009685
0 0.003226 0.006053 -0.004839 -0.009685
0 0.008871 0.014528 -0.016129 -0.029056
0 0.004839 0.009685 -0.008065 -0.019370
0 0.003226 0.006053 -0.004839 -0.009685
0 0.003226 0.006053 -0.004839 -0.009685
0 0.003226 0.006053 -0.004839 -0.009685
0 0.008065 0.015738 -0.014516 -0.031477
0 0.008871 0.014528 -0.016129 -0.029056
0 0.010887 0.018765 -0.020161 -0.037530
0 0.003226 0.006053 -0.004839 -0.009685
0 0.008065 0.015738 -0.014516 -0.031477
0 0.008065 0.015738 -0.014516 -0.031477
0 0.004839 0.010291 -0.008065 -0.018160
0 0.005242 0.010291 -0.008871 -0.018160
0 0.004839 0.009080 -0.008065 -0.015738
0 0.003226 0.006053 -0.004839 -0.009685
0 0.010887 0.018765 -0.020161 -0.037530
0 0.004839 0.010291 -0.008065 -0.018160
0 0.012500 0.019370 -0.023387 -0.038741
0 0.008065 0.015738 -0.014516 -0.031477
0 0.004839 0.010291 -0.008065 -0.018160
0 0.004839 0.010291 -0.008065 -0.018160
0 0.003226 0.006053 -0.004839 -0.009685
0 0.003226 0.006053 -0.004839 -0.009685
0 0.003226 0.006053 -0.004839 -0.009685
0 0.004839 0.009685 -0.008065 -0.016949
0 0.008871 0.014528 -0.016129 -0.029056
0 0.010887 0.018765 -0.020161 -0.037530
0 0.004032 0.007869 -0.006452 -0.013317
0 0.008871 0.014528 -0.016129 -0.029056
0 0.010887 0.018765 -0.020161 -0.037530
0 0.010887 0.018765 -0.020161 -0.037530
0 0.008065 0.015738 -0.014516 -0.031477
0 0.005242 0.010291 -0.007258 -0.018160
0 0.012500 0.019370 -0.023387 -0.038741
0 0.006048 0.009080 -0.010484 -0.018160
0 0.008871 0.014528 -0.016129 -0.029056
0 0.006048 0.009080 -0.010484 -0.018160
0 0.003226 0.006053 -0.004839 -0.009685
0 0.003226 0.006053 -0.004839 -0.009685
0 0.006048 0.009080 -0.010484 -0.018160
0 0.012500 0.019370 -0.023387 -0.038741
0 0.003226 0.006053 -0.004839 -0.009685
0 0.008065 0.015738 -0.014516 -0.031477
0 0.004032 0.007869 -0.006452 -0.013317
0 0.003226 0.006053 -0.004839 -0.009685
0 0.006048 0.009080 -0.010484 -0.018160
0 0.004839 0.009685 -0.008065 -0.019370
0 0.003226 0.006053 -0.004839 -0.009685
0 0.020161 0.039346 -0.038710 -0.078692
0 0.004839 0.010291 -0.008065 -0.018160
0 0.008065 0.015738 -0.014516 -0.031477
0 0.010887 0.018765 -0.020161 -0.037530
0 0.005242 0.010291 -0.007258 -0.018160
0 0.006048 0.009080 -0.010484 -0.018160