0 0.033758 0.080006 -0.067130 -0.160012
0 0.014082 0.035735 -0.027778 -0.070891
0 0.011960 0.010706 -0.022762 -0.020833
0 0.008777 0.025752 -0.017168 -0.050926
0 0.008777 0.025752 -0.017168 -0.050926
0 0.011092 0.016782 -0.021798 -0.033565
0 0.021412 0.019965 -0.042438 -0.039931
0 0.027103 0.062500 -0.053819 -0.125000
0 0.016107 0.019531 -0.031829 -0.038484
0 0.021412 0.019965 -0.042438 -0.039931
0 0.021412 0.020110 -0.042438 -0.039641
0 0.016107 0.019531 -0.031829 -0.038484
0 0.014082 0.021991 -0.027778 -0.043403
0 0.006366 0.011285 -0.012346 -0.022569
0 0.021412 0.047598 -0.042438 -0.094618
0 0.047454 0.101273 -0.094522 -0.202546
0 0.013021 0.030671 -0.025656 -0.060764
0 0.011960 0.010706 -0.022762 -0.020833
0 0.016107 0.019531 -0.031829 -0.038484
0 0.013117 0.029514 -0.025849 -0.058449
0 0.014082 0.035735 -0.027778 -0.070891
0 0.009356 0.014902 -0.018326 -0.029803
0 0.013021 0.030671 -0.025656 -0.060764
0 0.013117 0.039352 -0.025849 -0.078704
0 0.013117 0.029514 -0.025849 -0.058449
0 0.033758 0.080006 -0.067130 -0.160012
0 0.043789 0.088108 -0.087191 -0.176215
0 0.017458 0.048177 -0.034529 -0.096354
0 0.030189 0.100694 -0.059992 -0.201389
0 0.008777 0.025752 -0.017168 -0.050926
0 0.033758 0.080006 -0.067130 -0.160012
0 0.017458 0.030671 -0.034529 -0.061343
0 0.021412 0.020110 -0.042438 -0.039641
0 0.004823 0.010127 -0.009259 -0.019676
0 0.008777 0.025752 -0.017168 -0.050926
0 0.010706 0.021412 -0.021026 -0.042245
0 0.011767 0.010706 -0.023148 -0.020833
0 0.014371 0.022569 -0.028356 -0.044560
0 0.000482 0.017650 -0.000579 -0.034722
0 0.011960 0.010706 -0.022762 -0.020833
0 0.009838 0.016927 -0.019290 -0.033275
0 0.047454 0.101273 -0.094522 -0.202546
0 0.012153 0.016348 -0.023920 -0.032118
0 0.027103 0.062500 -0.053819 -0.125000
0 0.010899 0.021412 -0.020640 -0.042245
0 0.014082 0.035735 -0.027778 -0.070891
0 0.015914 0.031684 -0.031443 -0.063368
0 0.013021 0.044994 -0.025656 -0.089988
0 0.010706 0.021412 -0.021026 -0.042245
0 0.020737 0.046875 -0.041088 -0.093750
0 0.043789 0.088108 -0.087191 -0.176215
0 0.016107 0.019531 -0.031829 -0.038484
0 0.016107 0.019531 -0.031829 -0.038484
0 0.009838 0.016927 -0.019290 -0.033275
0 0.047454 0.101273 -0.094522 -0.202546
0 0.011767 0.010706 -0.023148 -0.020833
0 0.016107 0.019387 -0.031829 -0.038773
0 0.011960 0.010706 -0.022762 -0.020833
0 0.008777 0.025608 -0.017168 -0.051215