0 0.034783 0.061594 -0.065217 -0.123188
0 0.015217 0.028986 -0.026087 -0.057971
0 0.019565 0.048913 -0.034783 -0.097826
0 0.019565 0.048913 -0.034783 -0.097826
0 0.019565 0.048913 -0.034783 -0.097826
0 0.026087 0.050725 -0.047826 -0.101449
0 0.019565 0.048913 -0.034783 -0.097826
0 0.026087 0.050725 -0.047826 -0.101449
0 0.034783 0.061594 -0.065217 -0.123188
0 0.034783 0.061594 -0.065217 -0.123188
0 0.034783 0.061594 -0.065217 -0.123188
0 0.015217 0.028986 -0.026087 -0.057971
0 0.015217 0.028986 -0.026087 -0.057971
0 0.019565 0.048913 -0.034783 -0.097826
0 0.034783 0.061594 -0.065217 -0.123188
0 0.015217 0.028986 -0.026087 -0.057971
0 0.026087 0.050725 -0.047826 -0.101449
0 0.015217 0.028986 -0.026087 -0.057971
0 0.019565 0.048913 -0.034783 -0.097826
0 0.026087 0.050725 -0.047826 -0.101449
0 0.019565 0.048913 -0.034783 -0.097826
0 0.034783 0.061594 -0.065217 -0.123188
0 0.036957 0.061594 -0.060870 -0.123188
0 0.015217 0.028986 -0.026087 -0.057971
0 0.019565 0.048913 -0.034783 -0.097826
0 0.015217 0.028986 -0.026087 -0.057971
0 0.034783 0.061594 -0.065217 -0.123188
0 0.017391 0.038043 -0.030435 -0.076087
0 0.019565 0.048913 -0.034783 -0.097826
0 0.032609 0.057971 -0.060870 -0.115942
0 0.015217 0.028986 -0.026087 -0.057971
0 0.034783 0.061594 -0.065217 -0.123188
0 0.026087 0.050725 -0.047826 -0.101449
0 0.026087 0.050725 -0.047826 -0.101449
0 0.026087 0.050725 -0.047826 -0.101449
0 0.018478 0.045290 -0.032609 -0.090580
0 0.026087 0.050725 -0.047826 -0.101449
0 0.019565 0.048913 -0.034783 -0.097826
0 0.026087 0.050725 -0.047826 -0.101449
0 0.030435 0.056159 -0.056522 -0.112319
0 0.026087 0.050725 -0.047826 -0.101449
0 0.019565 0.048913 -0.034783 -0.097826
0 0.019565 0.048913 -0.034783 -0.097826
0 0.026087 0.050725 -0.047826 -0.101449
0 0.026087 0.050725 -0.047826 -0.101449
0 0.015217 0.028986 -0.026087 -0.057971
0 0.019565 0.048913 -0.034783 -0.097826
0 0.034783 0.061594 -0.065217 -0.123188
0 0.026087 0.050725 -0.047826 -0.101449
0 0.026087 0.050725 -0.047826 -0.101449
0 0.019565 0.048913 -0.034783 -0.097826
0 0.015217 0.028986 -0.026087 -0.057971
0 0.019565 0.048913 -0.034783 -0.097826
0 0.034783 0.061594 -0.065217 -0.123188
0 0.034783 0.061594 -0.065217 -0.123188
0 0.015217 0.028986 -0.026087 -0.057971
0 0.026087 0.050725 -0.047826 -0.101449
0 0.034783 0.061594 -0.065217 -0.123188
0 0.026087 0.050725 -0.047826 -0.101449
0 0.034783 0.061594 -0.065217 -0.123188
0 0.026087 0.050725 -0.047826 -0.101449
0 0.026087 0.050725 -0.047826 -0.101449
0 0.034783 0.061594 -0.065217 -0.123188
0 0.019565 0.048913 -0.034783 -0.097826
0 0.034783 0.061594 -0.065217 -0.123188
0 0.019565 0.048913 -0.034783 -0.097826
0 0.026087 0.050725 -0.047826 -0.101449
0 0.019565 0.048913 -0.034783 -0.097826
0 0.034783 0.061594 -0.065217 -0.123188
0 0.019565 0.048913 -0.034783 -0.097826
0 0.034783 0.061594 -0.065217 -0.123188
0 0.034783 0.061594 -0.065217 -0.123188
0 0.034783 0.061594 -0.065217 -0.123188
0 0.026087 0.050725 -0.047826 -0.101449
0 0.015217 0.028986 -0.026087 -0.057971
0 0.026087 0.050725 -0.047826 -0.101449
0 0.015217 0.028986 -0.026087 -0.057971
0 0.026087 0.050725 -0.047826 -0.101449
0 0.015217 0.028986 -0.026087 -0.057971
0 0.034783 0.061594 -0.065217 -0.123188
0 0.026087 0.050725 -0.047826 -0.101449
0 0.015217 0.028986 -0.026087 -0.057971