0 0.010526 0.018817 -0.019298 -0.034946
0 0.014912 0.023522 -0.028070 -0.047043
0 0.011404 0.021505 -0.021053 -0.040323
0 0.011404 0.020833 -0.021053 -0.038978
0 0.004386 0.011425 -0.007018 -0.020161
0 0.011404 0.020833 -0.021053 -0.038978
0 0.010526 0.018817 -0.019298 -0.034946
0 0.010526 0.018817 -0.019298 -0.034946
0 0.006140 0.010753 -0.010526 -0.018817
0 0.004386 0.011425 -0.007018 -0.020161
0 0.006140 0.010753 -0.010526 -0.018817
0 0.018860 0.030242 -0.035965 -0.060484
0 0.006579 0.012769 -0.011404 -0.022849
0 0.006579 0.012769 -0.011404 -0.022849
0 0.011404 0.020833 -0.021053 -0.041667
0 0.007895 0.016129 -0.014035 -0.029570
0 0.004386 0.011425 -0.007018 -0.020161
0 0.011404 0.020833 -0.021053 -0.041667
0 0.006140 0.010753 -0.010526 -0.018817
0 0.004386 0.011425 -0.007018 -0.020161
0 0.007895 0.016129 -0.014035 -0.029570
0 0.019298 0.032258 -0.036842 -0.064516
0 0.011404 0.020833 -0.021053 -0.041667
0 0.042544 0.069892 -0.083333 -0.137097
0 0.011404 0.020833 -0.021053 -0.041667
0 0.010526 0.018817 -0.019298 -0.034946
0 0.010526 0.018817 -0.019298 -0.034946
0 0.028947 0.049059 -0.056140 -0.098118
0 0.011404 0.021505 -0.021053 -0.040323
0 0.006579 0.012769 -0.011404 -0.022849
0 0.011404 0.020833 -0.021053 -0.038978
0 0.028947 0.049059 -0.056140 -0.098118
0 0.011404 0.020833 -0.021053 -0.041667
0 0.042544 0.069892 -0.083333 -0.137097
0 0.004386 0.011425 -0.007018 -0.020161
0 0.006140 0.010753 -0.010526 -0.018817
0 0.011404 0.020833 -0.021053 -0.038978
0 0.018860 0.030242 -0.035965 -0.060484
0 0.007895 0.016129 -0.014035 -0.029570
0 0.011404 0.020833 -0.021053 -0.041667
0 0.011404 0.021505 -0.021053 -0.040323
0 0.011404 0.020833 -0.021053 -0.038978
0 0.011404 0.020833 -0.021053 -0.041667
0 0.014912 0.023522 -0.028070 -0.047043
0 0.011404 0.021505 -0.021053 -0.040323
0 0.028947 0.049731 -0.056140 -0.096774
0 0.014912 0.023522 -0.028070 -0.047043
0 0.006140 0.010753 -0.010526 -0.018817
0 0.014912 0.023522 -0.028070 -0.047043
0 0.010526 0.018817 -0.019298 -0.034946
0 0.004386 0.011425 -0.007018 -0.020161
0 0.011404 0.020833 -0.021053 -0.038978
0 0.006579 0.012769 -0.011404 -0.022849
0 0.011404 0.020833 -0.021053 -0.041667
0 0.006579 0.012769 -0.011404 -0.022849
0 0.011404 0.020161 -0.021053 -0.040323
0 0.011404 0.020833 -0.021053 -0.038978
0 0.004386 0.011425 -0.007018 -0.020161
0 0.018860 0.030242 -0.035965 -0.060484
0 0.028947 0.049059 -0.056140 -0.098118
0 0.011404 0.020833 -0.021053 -0.041667
0 0.007895 0.016129 -0.014035 -0.029570
0 0.011404 0.020833 -0.021053 -0.041667
0 0.010526 0.018817 -0.019298 -0.034946
0 0.010526 0.018817 -0.019298 -0.034946
0 0.004386 0.011425 -0.007018 -0.020161
0 0.006579 0.012769 -0.011404 -0.022849
0 0.006579 0.012769 -0.011404 -0.022849
0 0.006140 0.010753 -0.010526 -0.018817
0 0.007895 0.016129 -0.014035 -0.029570
0 0.004386 0.011425 -0.007018 -0.020161
0 0.011404 0.020161 -0.021053 -0.040323
0 0.007895 0.016129 -0.014035 -0.029570
0 0.006140 0.010753 -0.010526 -0.018817
0 0.007895 0.016129 -0.014035 -0.029570
0 0.011404 0.020833 -0.021053 -0.041667
0 0.011404 0.020833 -0.021053 -0.041667
0 0.007895 0.016129 -0.014035 -0.029570
0 0.007895 0.016129 -0.014035 -0.029570
0 0.004386 0.011425 -0.007018 -0.020161
0 0.007895 0.016129 -0.014035 -0.029570
0 0.007895 0.016129 -0.014035 -0.029570
0 0.011404 0.020833 -0.021053 -0.041667
0 0.042544 0.069892 -0.083333 -0.137097
0 0.006579 0.012769 -0.011404 -0.022849
0 0.010526 0.018817 -0.019298 -0.034946
0 0.006579 0.012769 -0.011404 -0.022849
0 0.028947 0.049059 -0.056140 -0.098118
0 0.018860 0.030242 -0.035965 -0.060484
0 0.004386 0.011425 -0.007018 -0.020161
0 0.011404 0.020161 -0.021053 -0.040323
0 0.011404 0.020161 -0.021053 -0.040323
0 0.010526 0.018817 -0.019298 -0.034946
0 0.010526 0.018817 -0.019298 -0.034946
0 0.014912 0.023522 -0.028070 -0.047043
0 0.011404 0.020833 -0.021053 -0.038978
0 0.004386 0.011425 -0.007018 -0.020161
0 0.011404 0.020833 -0.021053 -0.041667
0 0.011404 0.020833 -0.021053 -0.038978
0 0.010526 0.018817 -0.019298 -0.034946
0 0.011404 0.021505 -0.021053 -0.040323
0 0.018860 0.030242 -0.035965 -0.060484
0 0.011404 0.020161 -0.021053 -0.040323
0 0.010526 0.018817 -0.019298 -0.034946
0 0.042544 0.069892 -0.083333 -0.137097
0 0.014912 0.023522 -0.028070 -0.047043
0 0.007895 0.016129 -0.014035 -0.029570
0 0.011404 0.021505 -0.021053 -0.040323
0 0.004386 0.011425 -0.007018 -0.020161
0 0.014912 0.023522 -0.028070 -0.047043
0 0.010526 0.018817 -0.019298 -0.034946
0 0.011404 0.020833 -0.021053 -0.038978
0 0.010526 0.018817 -0.019298 -0.034946
0 0.004386 0.011425 -0.007018 -0.020161
0 0.006579 0.012769 -0.011404 -0.022849
0 0.014912 0.023522 -0.028070 -0.047043
0 0.004386 0.011425 -0.007018 -0.020161
0 0.010526 0.018817 -0.019298 -0.034946
0 0.006140 0.010753 -0.010526 -0.018817
0 0.010526 0.018817 -0.019298 -0.034946
0 0.004386 0.011425 -0.007018 -0.020161
0 0.028947 0.049731 -0.056140 -0.096774
0 0.006140 0.010753 -0.010526 -0.018817
0 0.006140 0.010753 -0.010526 -0.018817
0 0.007895 0.016129 -0.014035 -0.029570
0 0.010526 0.018817 -0.019298 -0.034946
0 0.019298 0.032930 -0.036842 -0.063172
0 0.010526 0.018817 -0.019298 -0.034946
0 0.010526 0.018817 -0.019298 -0.034946
0 0.010526 0.018817 -0.019298 -0.034946
0 0.011404 0.020833 -0.021053 -0.041667