0 0.014333 0.029382 -0.027333 -0.058765
0 0.014000 0.025896 -0.026667 -0.051793
0 0.014000 0.025896 -0.026667 -0.051793
0 0.019667 0.034861 -0.038000 -0.069721
0 0.014333 0.029382 -0.027333 -0.058765
0 0.014333 0.029382 -0.027333 -0.058765
0 0.014333 0.029382 -0.027333 -0.058765
0 0.014000 0.025896 -0.026667 -0.051793
0 0.014000 0.025896 -0.026667 -0.051793
0 0.019667 0.034861 -0.038000 -0.069721
0 0.015667 0.028884 -0.030000 -0.057769
0 0.014000 0.025896 -0.026667 -0.051793
0 0.014333 0.029382 -0.027333 -0.058765
0 0.014333 0.029382 -0.027333 -0.058765
0 0.017000 0.032869 -0.032667 -0.065737
0 0.015667 0.028884 -0.030000 -0.057769
0 0.019667 0.034861 -0.038000 -0.069721
0 0.014000 0.025896 -0.026667 -0.051793
0 0.015667 0.028884 -0.030000 -0.057769
0 0.015667 0.028884 -0.030000 -0.057769
0 0.015667 0.028884 -0.030000 -0.057769
0 0.014333 0.029382 -0.027333 -0.058765
0 0.015667 0.028884 -0.030000 -0.057769
0 0.019667 0.034861 -0.038000 -0.069721
0 0.015667 0.028884 -0.030000 -0.057769
0 0.019667 0.034861 -0.038000 -0.069721
0 0.014333 0.029382 -0.027333 -0.058765
0 0.015667 0.028884 -0.030000 -0.057769
0 0.014333 0.029382 -0.027333 -0.058765
0 0.015667 0.028884 -0.030000 -0.057769
0 0.019667 0.034861 -0.038000 -0.069721
0 0.019667 0.034861 -0.038000 -0.069721
0 0.015667 0.028884 -0.030000 -0.057769
0 0.017000 0.032869 -0.032667 -0.065737
0 0.015667 0.028884 -0.030000 -0.057769
0 0.014000 0.025896 -0.026667 -0.051793
0 0.019667 0.034861 -0.038000 -0.069721
0 0.015667 0.028884 -0.030000 -0.057769
0 0.019667 0.034861 -0.038000 -0.069721
0 0.019667 0.034861 -0.038000 -0.069721
0 0.017000 0.032869 -0.032667 -0.065737
0 0.017000 0.032869 -0.032667 -0.065737
0 0.015667 0.028884 -0.030000 -0.057769
0 0.014000 0.025896 -0.026667 -0.051793
0 0.015667 0.028884 -0.030000 -0.057769
0 0.014333 0.029382 -0.027333 -0.058765
0 0.014333 0.029382 -0.027333 -0.058765
0 0.014000 0.025896 -0.026667 -0.051793
0 0.014333 0.029382 -0.027333 -0.058765
0 0.015667 0.028884 -0.030000 -0.057769
0 0.014333 0.029382 -0.027333 -0.058765
0 0.014000 0.025896 -0.026667 -0.051793
0 0.014000 0.025896 -0.026667 -0.051793
0 0.015667 0.028884 -0.030000 -0.057769
0 0.014333 0.029382 -0.027333 -0.058765
0 0.015667 0.028884 -0.030000 -0.057769
0 0.014333 0.029382 -0.027333 -0.058765
0 0.014000 0.025896 -0.026667 -0.051793
0 0.014000 0.025896 -0.026667 -0.051793
0 0.014333 0.029382 -0.027333 -0.058765
0 0.017000 0.032869 -0.032667 -0.065737
0 0.015667 0.028884 -0.030000 -0.057769
0 0.014000 0.025896 -0.026667 -0.051793