0 0.005859 0.010703 -0.007812 -0.015291
0 0.005859 0.010703 -0.007812 -0.015291
0 0.010742 0.013761 -0.017578 -0.021407
0 0.008789 0.025994 -0.013672 -0.045872
0 0.003906 0.009174 -0.003906 -0.012232
0 0.005859 0.010703 -0.007812 -0.015291
0 0.005859 0.010703 -0.007812 -0.015291
0 0.014648 0.016820 -0.025391 -0.027523
0 0.014648 0.016820 -0.025391 -0.027523
0 0.005859 0.010703 -0.007812 -0.015291
0 0.005859 0.010703 -0.007812 -0.015291
0 0.016602 0.013761 -0.029297 -0.021407
0 0.005859 0.010703 -0.007812 -0.015291
0 0.008789 0.025994 -0.013672 -0.045872
0 0.006836 0.013761 -0.009766 -0.021407
0 0.014648 0.022936 -0.025391 -0.039755
0 0.006836 0.013761 -0.009766 -0.021407
0 0.006836 0.013761 -0.009766 -0.021407
0 0.005859 0.010703 -0.007812 -0.015291
0 0.006836 0.013761 -0.009766 -0.021407
0 0.005859 0.010703 -0.007812 -0.015291
0 0.004883 0.007645 -0.005859 -0.009174
0 0.005859 0.010703 -0.007812 -0.015291
0 0.016602 0.013761 -0.029297 -0.021407
0 0.014648 0.016820 -0.025391 -0.027523
0 0.010742 0.025994 -0.017578 -0.045872
0 0.006836 0.013761 -0.009766 -0.021407
0 0.016602 0.013761 -0.029297 -0.021407
0 0.006836 0.013761 -0.009766 -0.021407
0 0.010742 0.025994 -0.017578 -0.045872
0 0.016602 0.013761 -0.029297 -0.021407
0 0.005859 0.010703 -0.007812 -0.015291
0 0.010742 0.025994 -0.017578 -0.045872
0 0.010742 0.025994 -0.017578 -0.045872
0 0.014648 0.016820 -0.025391 -0.027523
0 0.005859 0.010703 -0.007812 -0.015291
0 0.016602 0.013761 -0.029297 -0.021407
0 0.014648 0.016820 -0.025391 -0.027523
0 0.006836 0.013761 -0.009766 -0.021407
0 0.006836 0.013761 -0.009766 -0.021407
0 0.005859 0.010703 -0.007812 -0.015291
0 0.005859 0.010703 -0.007812 -0.015291
0 0.012695 0.022936 -0.021484 -0.039755
0 0.005859 0.013761 -0.007812 -0.021407
0 0.014648 0.016820 -0.025391 -0.027523
0 0.005859 0.010703 -0.007812 -0.015291
0 0.006836 0.013761 -0.009766 -0.021407
0 0.006836 0.016820 -0.009766 -0.027523
0 0.006836 0.013761 -0.009766 -0.021407
0 0.006836 0.016820 -0.009766 -0.027523
0 0.005859 0.010703 -0.007812 -0.015291
0 0.014648 0.022936 -0.025391 -0.039755
0 0.005859 0.010703 -0.007812 -0.015291
0 0.008789 0.025994 -0.013672 -0.045872
0 0.016602 0.013761 -0.029297 -0.021407
0 0.005859 0.010703 -0.007812 -0.015291
0 0.010742 0.025994 -0.017578 -0.045872
0 0.005859 0.010703 -0.007812 -0.015291
0 0.005859 0.010703 -0.007812 -0.015291
0 0.005859 0.010703 -0.007812 -0.015291
0 0.006836 0.013761 -0.009766 -0.021407
0 0.005859 0.010703 -0.007812 -0.015291
0 0.010742 0.025994 -0.017578 -0.045872
0 0.005859 0.010703 -0.007812 -0.015291
0 0.005859 0.010703 -0.007812 -0.015291
0 0.005859 0.010703 -0.007812 -0.015291
0 0.010742 0.025994 -0.017578 -0.045872
0 0.005859 0.010703 -0.007812 -0.015291
0 0.005859 0.010703 -0.007812 -0.015291
0 0.005859 0.010703 -0.007812 -0.015291
0 0.005859 0.010703 -0.007812 -0.015291
0 0.005859 0.010703 -0.007812 -0.015291
0 0.006836 0.016820 -0.009766 -0.027523
0 0.005859 0.010703 -0.007812 -0.015291
0 0.005859 0.010703 -0.007812 -0.015291
0 0.016602 0.013761 -0.029297 -0.021407
0 0.014648 0.022936 -0.025391 -0.039755
0 0.005859 0.010703 -0.007812 -0.015291
0 0.005859 0.010703 -0.007812 -0.015291
0 0.010742 0.025994 -0.017578 -0.045872
0 0.005859 0.010703 -0.007812 -0.015291
0 0.005859 0.010703 -0.007812 -0.015291
0 0.005859 0.010703 -0.007812 -0.015291
0 0.005859 0.010703 -0.007812 -0.015291
0 0.008789 0.025994 -0.013672 -0.045872
0 0.005859 0.010703 -0.007812 -0.015291
0 0.016602 0.029052 -0.029297 -0.051988
0 0.014648 0.022936 -0.025391 -0.039755
0 0.014648 0.022936 -0.025391 -0.039755
0 0.014648 0.022936 -0.025391 -0.039755
0 0.012695 0.022936 -0.021484 -0.039755
0 0.010742 0.025994 -0.017578 -0.045872
0 0.012695 0.022936 -0.021484 -0.039755
0 0.005859 0.010703 -0.007812 -0.015291
0 0.005859 0.010703 -0.007812 -0.015291
0 0.010742 0.025994 -0.017578 -0.045872
0 0.006836 0.013761 -0.009766 -0.021407
0 0.005859 0.010703 -0.007812 -0.015291
0 0.012695 0.022936 -0.021484 -0.039755
0 0.006836 0.013761 -0.009766 -0.021407
0 0.005859 0.010703 -0.007812 -0.015291
0 0.010742 0.025994 -0.017578 -0.045872
0 0.005859 0.010703 -0.007812 -0.015291
0 0.005859 0.010703 -0.007812 -0.015291
0 0.005859 0.010703 -0.007812 -0.015291
0 0.005859 0.010703 -0.007812 -0.015291
0 0.005859 0.010703 -0.007812 -0.015291
0 0.014648 0.016820 -0.025391 -0.027523
0 0.005859 0.010703 -0.007812 -0.015291
0 0.005859 0.010703 -0.007812 -0.015291
0 0.005859 0.010703 -0.007812 -0.015291
0 0.005859 0.010703 -0.007812 -0.015291
0 0.012695 0.022936 -0.021484 -0.039755
0 0.005859 0.010703 -0.007812 -0.015291
0 0.008789 0.025994 -0.013672 -0.045872
0 0.016602 0.029052 -0.029297 -0.051988
0 0.016602 0.013761 -0.029297 -0.021407
0 0.016602 0.013761 -0.029297 -0.021407
0 0.014648 0.022936 -0.025391 -0.039755
0 0.006836 0.013761 -0.009766 -0.021407
0 0.010742 0.025994 -0.017578 -0.045872
0 0.006836 0.016820 -0.009766 -0.027523
0 0.014648 0.016820 -0.025391 -0.027523
0 0.010742 0.025994 -0.017578 -0.045872
0 0.005859 0.010703 -0.007812 -0.015291
0 0.008789 0.025994 -0.013672 -0.045872
0 0.005859 0.010703 -0.007812 -0.015291
0 0.016602 0.013761 -0.029297 -0.021407
0 0.005859 0.010703 -0.007812 -0.015291
0 0.005859 0.013761 -0.007812 -0.021407
0 0.005859 0.010703 -0.007812 -0.015291
0 0.014648 0.022936 -0.025391 -0.039755
0 0.005859 0.010703 -0.007812 -0.015291
0 0.005859 0.010703 -0.007812 -0.015291
0 0.005859 0.010703 -0.007812 -0.015291
0 0.014648 0.022936 -0.025391 -0.039755
0 0.010742 0.025994 -0.017578 -0.045872
0 0.005859 0.010703 -0.007812 -0.015291
0 0.016602 0.013761 -0.029297 -0.021407
0 0.005859 0.010703 -0.007812 -0.015291
0 0.005859 0.010703 -0.007812 -0.015291
0 0.005859 0.010703 -0.007812 -0.015291
0 0.006836 0.013761 -0.009766 -0.021407
0 0.005859 0.010703 -0.007812 -0.015291
0 0.010742 0.025994 -0.017578 -0.045872
0 0.005859 0.010703 -0.007812 -0.015291
0 0.003906 0.009174 -0.003906 -0.012232
0 0.005859 0.010703 -0.007812 -0.015291
0 0.006836 0.013761 -0.009766 -0.021407
0 0.005859 0.010703 -0.007812 -0.015291
0 0.016602 0.013761 -0.029297 -0.021407
0 0.006836 0.013761 -0.009766 -0.021407
0 0.006836 0.013761 -0.009766 -0.021407
0 0.006836 0.016820 -0.009766 -0.027523
0 0.003906 0.010703 -0.003906 -0.015291
0 0.006836 0.013761 -0.009766 -0.021407
0 0.016602 0.013761 -0.029297 -0.021407
0 0.005859 0.010703 -0.007812 -0.015291
0 0.005859 0.010703 -0.007812 -0.015291
0 0.014648 0.022936 -0.025391 -0.039755
0 0.016602 0.029052 -0.029297 -0.051988
0 0.014648 0.022936 -0.025391 -0.039755
0 0.016602 0.013761 -0.029297 -0.021407
0 0.006836 0.013761 -0.009766 -0.021407
0 0.012695 0.022936 -0.021484 -0.039755
0 0.010742 0.013761 -0.017578 -0.021407
0 0.006836 0.013761 -0.009766 -0.021407
0 0.005859 0.010703 -0.007812 -0.015291
0 0.010742 0.025994 -0.017578 -0.045872
0 0.012695 0.022936 -0.021484 -0.039755
0 0.010742 0.025994 -0.017578 -0.045872
0 0.010742 0.025994 -0.017578 -0.045872
0 0.010742 0.025994 -0.017578 -0.045872
0 0.005859 0.010703 -0.007812 -0.015291
0 0.006836 0.013761 -0.009766 -0.021407
0 0.008789 0.025994 -0.013672 -0.045872
0 0.008789 0.025994 -0.013672 -0.045872
0 0.005859 0.010703 -0.007812 -0.015291
0 0.005859 0.010703 -0.007812 -0.015291
0 0.005859 0.010703 -0.007812 -0.015291
0 0.005859 0.010703 -0.007812 -0.015291
0 0.006836 0.013761 -0.009766 -0.021407
0 0.005859 0.010703 -0.007812 -0.015291