0 0.008347 0.014365 -0.016027 -0.028729
0 0.007346 0.011050 -0.013356 -0.022099
0 0.006678 0.009945 -0.012688 -0.019890
0 0.009015 0.019613 -0.017362 -0.039227
0 0.006678 0.011602 -0.012688 -0.023204
0 0.015025 0.029558 -0.029382 -0.059116
0 0.005676 0.010773 -0.010684 -0.021547
0 0.009516 0.015746 -0.018364 -0.031492
0 0.009683 0.018785 -0.018030 -0.037569
0 0.010351 0.023204 -0.020033 -0.046409
0 0.003673 0.007735 -0.006678 -0.015470
0 0.007346 0.011050 -0.013356 -0.022099
0 0.008180 0.015470 -0.015693 -0.030939
0 0.006678 0.011602 -0.012688 -0.023204
0 0.011352 0.024586 -0.022037 -0.049171
0 0.015526 0.031492 -0.030384 -0.062983
0 0.010184 0.020718 -0.019699 -0.041436
0 0.010184 0.021823 -0.019699 -0.043646
0 0.007513 0.014365 -0.014357 -0.028729
0 0.007513 0.016022 -0.014357 -0.032044
0 0.007513 0.014365 -0.014357 -0.028729
0 0.009850 0.016851 -0.019032 -0.033702
0 0.009182 0.014917 -0.017028 -0.029834
0 0.015526 0.027901 -0.029716 -0.055801
0 0.009182 0.014917 -0.017696 -0.029834
0 0.009182 0.025691 -0.017696 -0.051381
0 0.011018 0.019890 -0.021369 -0.039779
0 0.016361 0.028177 -0.032053 -0.056354
0 0.009683 0.018785 -0.018030 -0.037569
0 0.009182 0.014917 -0.017028 -0.029834
0 0.005676 0.011050 -0.010684 -0.022099
0 0.008347 0.016575 -0.016027 -0.033149
0 0.006344 0.011602 -0.012020 -0.023204
0 0.015526 0.027901 -0.029716 -0.055801
0 0.009182 0.014917 -0.017028 -0.029834
0 0.018531 0.030110 -0.036394 -0.060221
0 0.006678 0.011602 -0.012688 -0.023204
0 0.006344 0.011050 -0.012020 -0.022099
0 0.010518 0.018785 -0.020367 -0.037569
0 0.006344 0.011050 -0.012020 -0.022099
0 0.016694 0.031492 -0.032721 -0.062983
0 0.007179 0.012155 -0.013689 -0.024309
0 0.009850 0.016851 -0.019032 -0.033702
0 0.007346 0.011050 -0.013356 -0.022099
0 0.005843 0.009116 -0.011018 -0.018232
0 0.007179 0.012155 -0.013689 -0.024309
0 0.009516 0.015746 -0.018364 -0.031492
0 0.020033 0.030663 -0.039399 -0.061326
0 0.009182 0.014917 -0.017696 -0.029834
0 0.007179 0.013536 -0.013689 -0.027072
0 0.007513 0.016022 -0.014357 -0.032044
0 0.018197 0.028177 -0.035726 -0.056354