0 0.005729 0.017500 -0.009375 -0.030000
0 0.003125 0.005000 -0.004167 -0.005000
0 0.005729 0.018750 -0.009375 -0.032500
0 0.003125 0.005000 -0.004167 -0.005000
0 0.005729 0.017500 -0.009375 -0.035000
0 0.006250 0.016250 -0.010417 -0.027500
0 0.003125 0.005000 -0.004167 -0.005000
0 0.006250 0.016250 -0.010417 -0.027500
0 0.006250 0.016250 -0.010417 -0.027500
0 0.006250 0.015000 -0.010417 -0.030000
0 0.003125 0.005000 -0.004167 -0.005000
0 0.005729 0.016250 -0.009375 -0.032500
0 0.003125 0.005000 -0.004167 -0.005000
0 0.005729 0.016250 -0.009375 -0.027500
0 0.005729 0.016250 -0.009375 -0.027500
0 0.003125 0.005000 -0.004167 -0.005000
0 0.010417 0.028750 -0.018750 -0.057500
0 0.005729 0.017500 -0.009375 -0.035000
0 0.003125 0.005000 -0.004167 -0.005000
0 0.018229 0.042500 -0.034375 -0.085000
0 0.004687 0.013750 -0.007292 -0.022500
0 0.005729 0.016250 -0.009375 -0.027500
0 0.018229 0.042500 -0.034375 -0.085000
0 0.005729 0.016250 -0.009375 -0.032500
0 0.003125 0.005000 -0.004167 -0.005000
0 0.016146 0.041250 -0.030208 -0.082500
0 0.005729 0.018750 -0.009375 -0.032500
0 0.005729 0.016250 -0.009375 -0.027500
0 0.005729 0.016250 -0.009375 -0.027500
0 0.006250 0.016250 -0.010417 -0.027500
0 0.005729 0.016250 -0.009375 -0.027500
0 0.008854 0.027500 -0.015625 -0.055000
0 0.006250 0.016250 -0.010417 -0.027500
0 0.003125 0.005000 -0.004167 -0.005000
0 0.009896 0.023750 -0.017708 -0.047500
0 0.006250 0.016250 -0.010417 -0.027500
0 0.005729 0.018750 -0.009375 -0.032500
0 0.005729 0.016250 -0.009375 -0.027500
0 0.009375 0.022500 -0.016667 -0.045000
0 0.003125 0.005000 -0.004167 -0.005000
0 0.006250 0.016250 -0.010417 -0.027500
0 0.005729 0.015000 -0.009375 -0.030000
0 0.003125 0.005000 -0.004167 -0.005000
0 0.006250 0.016250 -0.010417 -0.027500
0 0.009896 0.023750 -0.017708 -0.047500
0 0.005729 0.016250 -0.009375 -0.027500
0 0.003125 0.005000 -0.004167 -0.005000
0 0.003125 0.005000 -0.004167 -0.005000
0 0.015104 0.038750 -0.028125 -0.077500
0 0.003125 0.005000 -0.004167 -0.005000
0 0.003125 0.005000 -0.004167 -0.005000
0 0.003125 0.005000 -0.004167 -0.005000
0 0.003125 0.005000 -0.004167 -0.005000
0 0.003125 0.005000 -0.004167 -0.005000
0 0.005729 0.016250 -0.009375 -0.027500
0 0.005729 0.016250 -0.009375 -0.027500
0 0.003125 0.005000 -0.004167 -0.005000
0 0.005729 0.018750 -0.009375 -0.032500
0 0.005729 0.016250 -0.009375 -0.027500
0 0.006250 0.016250 -0.010417 -0.027500
0 0.005729 0.016250 -0.009375 -0.027500
0 0.005729 0.016250 -0.009375 -0.027500
0 0.005729 0.017500 -0.009375 -0.035000
0 0.009896 0.023750 -0.017708 -0.047500
0 0.003125 0.005000 -0.004167 -0.005000
0 0.005729 0.016250 -0.009375 -0.027500
0 0.008854 0.022500 -0.015625 -0.045000
0 0.003125 0.005000 -0.004167 -0.005000
0 0.005729 0.017500 -0.009375 -0.035000
0 0.003125 0.005000 -0.004167 -0.005000
0 0.003125 0.005000 -0.004167 -0.005000
0 0.005729 0.016250 -0.009375 -0.027500
0 0.005729 0.016250 -0.009375 -0.027500
0 0.006250 0.016250 -0.010417 -0.027500
0 0.005729 0.016250 -0.009375 -0.027500
0 0.005729 0.016250 -0.009375 -0.027500
0 0.005729 0.016250 -0.009375 -0.027500
0 0.008854 0.022500 -0.015625 -0.045000
0 0.003125 0.005000 -0.004167 -0.005000
0 0.003125 0.005000 -0.004167 -0.005000
0 0.018229 0.042500 -0.034375 -0.085000
0 0.009896 0.023750 -0.017708 -0.047500
0 0.006250 0.016250 -0.010417 -0.027500
0 0.006250 0.016250 -0.010417 -0.027500
0 0.006771 0.017500 -0.011458 -0.035000
0 0.006250 0.016250 -0.010417 -0.027500
0 0.003125 0.005000 -0.004167 -0.005000
0 0.005729 0.016250 -0.009375 -0.027500
0 0.003125 0.005000 -0.004167 -0.005000
0 0.003125 0.005000 -0.004167 -0.005000