0 0.015000 0.024444 -0.028333 -0.048889
0 0.015000 0.024444 -0.028333 -0.048889
0 0.015000 0.024444 -0.028333 -0.048889
0 0.009583 0.014444 -0.017500 -0.028889
0 0.011667 0.020000 -0.021667 -0.040000
0 0.009583 0.014444 -0.017500 -0.028889
0 0.009583 0.014444 -0.017500 -0.028889
0 0.015000 0.024444 -0.028333 -0.048889
0 0.010417 0.017222 -0.019167 -0.034444
0 0.011667 0.020000 -0.021667 -0.040000
0 0.015000 0.024444 -0.028333 -0.048889
0 0.015000 0.024444 -0.028333 -0.048889
0 0.009583 0.014444 -0.017500 -0.028889
0 0.015000 0.024444 -0.028333 -0.048889
0 0.015000 0.024444 -0.028333 -0.048889
0 0.011667 0.020000 -0.021667 -0.040000
0 0.009583 0.014444 -0.017500 -0.028889
0 0.015000 0.024444 -0.028333 -0.048889
0 0.015000 0.024444 -0.028333 -0.048889
0 0.011667 0.020000 -0.021667 -0.040000
0 0.009583 0.014444 -0.017500 -0.028889
0 0.011667 0.020000 -0.021667 -0.040000
0 0.009583 0.014444 -0.017500 -0.028889
0 0.011667 0.020000 -0.021667 -0.040000
0 0.015000 0.024444 -0.028333 -0.048889
0 0.009583 0.014444 -0.017500 -0.028889
0 0.015000 0.024444 -0.028333 -0.048889
0 0.009583 0.014444 -0.017500 -0.028889
0 0.015000 0.024444 -0.028333 -0.048889
0 0.015000 0.024444 -0.028333 -0.048889
0 0.009583 0.014444 -0.017500 -0.028889
0 0.009583 0.014444 -0.017500 -0.028889
0 0.011667 0.020000 -0.021667 -0.040000
0 0.009583 0.014444 -0.017500 -0.028889
0 0.009583 0.014444 -0.017500 -0.028889
0 0.015000 0.024444 -0.028333 -0.048889
0 0.009583 0.014444 -0.017500 -0.028889
0 0.015000 0.024444 -0.028333 -0.048889
0 0.015000 0.024444 -0.028333 -0.048889
0 0.009583 0.014444 -0.017500 -0.028889
0 0.015000 0.024444 -0.028333 -0.048889
0 0.015000 0.024444 -0.028333 -0.048889
0 0.009583 0.014444 -0.017500 -0.028889
0 0.015000 0.024444 -0.028333 -0.048889
0 0.015000 0.024444 -0.028333 -0.048889
0 0.011667 0.020000 -0.021667 -0.040000
0 0.011667 0.020000 -0.021667 -0.040000
0 0.009583 0.014444 -0.017500 -0.028889
0 0.011667 0.020000 -0.021667 -0.040000
0 0.009583 0.014444 -0.017500 -0.028889
0 0.015000 0.024444 -0.028333 -0.048889
0 0.015000 0.024444 -0.028333 -0.048889
0 0.015000 0.024444 -0.028333 -0.048889
0 0.015000 0.024444 -0.028333 -0.048889
0 0.010833 0.018333 -0.020000 -0.036667
0 0.015000 0.024444 -0.028333 -0.048889
0 0.011667 0.020000 -0.021667 -0.040000
0 0.015000 0.024444 -0.028333 -0.048889
0 0.009583 0.014444 -0.017500 -0.028889
0 0.011667 0.020000 -0.021667 -0.040000
0 0.015000 0.024444 -0.028333 -0.048889
0 0.015000 0.024444 -0.028333 -0.048889
0 0.011667 0.020000 -0.021667 -0.040000
0 0.009583 0.014444 -0.017500 -0.028889
0 0.009583 0.014444 -0.017500 -0.028889
0 0.009583 0.014444 -0.017500 -0.028889
0 0.015000 0.024444 -0.028333 -0.048889
0 0.009583 0.014444 -0.017500 -0.028889
0 0.011667 0.020000 -0.021667 -0.040000
0 0.015000 0.024444 -0.028333 -0.048889
0 0.015000 0.024444 -0.028333 -0.048889
0 0.015000 0.024444 -0.028333 -0.048889
0 0.011667 0.020000 -0.021667 -0.040000
0 0.015000 0.024444 -0.028333 -0.048889
0 0.011667 0.020000 -0.021667 -0.040000
0 0.011667 0.020000 -0.021667 -0.040000
0 0.011667 0.020000 -0.021667 -0.040000
0 0.015000 0.024444 -0.028333 -0.048889
0 0.015000 0.024444 -0.028333 -0.048889
0 0.011667 0.020000 -0.021667 -0.040000
0 0.009583 0.014444 -0.017500 -0.028889
0 0.009583 0.014444 -0.017500 -0.028889
0 0.015000 0.024444 -0.028333 -0.048889
0 0.009583 0.014444 -0.017500 -0.028889
0 0.015000 0.024444 -0.028333 -0.048889
0 0.009583 0.014444 -0.017500 -0.028889
0 0.015000 0.024444 -0.028333 -0.048889
0 0.015000 0.024444 -0.028333 -0.048889
0 0.009583 0.014444 -0.017500 -0.028889
0 0.009583 0.014444 -0.017500 -0.028889
0 0.009583 0.014444 -0.017500 -0.028889
0 0.015000 0.024444 -0.028333 -0.048889
0 0.011667 0.020000 -0.021667 -0.040000
0 0.015000 0.024444 -0.028333 -0.048889
0 0.011667 0.020000 -0.021667 -0.040000
0 0.011667 0.020000 -0.021667 -0.040000
0 0.009583 0.014444 -0.017500 -0.028889
0 0.011667 0.020000 -0.021667 -0.040000
0 0.015000 0.024444 -0.028333 -0.048889
0 0.015000 0.024444 -0.028333 -0.048889
0 0.009583 0.014444 -0.017500 -0.028889
0 0.009583 0.014444 -0.017500 -0.028889
0 0.015000 0.024444 -0.028333 -0.048889
0 0.009583 0.014444 -0.017500 -0.028889
0 0.011667 0.020000 -0.021667 -0.040000
0 0.009583 0.014444 -0.017500 -0.028889
0 0.011667 0.020000 -0.021667 -0.040000
0 0.009583 0.014444 -0.017500 -0.028889
0 0.011667 0.020000 -0.021667 -0.040000
0 0.009583 0.014444 -0.017500 -0.028889
0 0.009583 0.014444 -0.017500 -0.028889
0 0.009583 0.014444 -0.017500 -0.028889
0 0.015000 0.024444 -0.028333 -0.048889
0 0.015000 0.024444 -0.028333 -0.048889
0 0.009583 0.014444 -0.017500 -0.028889
0 0.009583 0.014444 -0.017500 -0.028889
0 0.009583 0.014444 -0.017500 -0.028889
0 0.011667 0.020000 -0.021667 -0.040000
0 0.009583 0.014444 -0.017500 -0.028889
0 0.009583 0.014444 -0.017500 -0.028889
0 0.009583 0.014444 -0.017500 -0.028889
0 0.009583 0.014444 -0.017500 -0.028889
0 0.015000 0.024444 -0.028333 -0.048889
0 0.011667 0.020000 -0.021667 -0.040000
0 0.015000 0.024444 -0.028333 -0.048889
0 0.009583 0.014444 -0.017500 -0.028889
0 0.015000 0.024444 -0.028333 -0.048889
0 0.015000 0.024444 -0.028333 -0.048889
0 0.009583 0.014444 -0.017500 -0.028889
0 0.015000 0.024444 -0.028333 -0.048889
0 0.011667 0.020000 -0.021667 -0.040000
0 0.009583 0.014444 -0.017500 -0.028889
0 0.015000 0.024444 -0.028333 -0.048889
0 0.015000 0.024444 -0.028333 -0.048889
0 0.015000 0.024444 -0.028333 -0.048889
0 0.015000 0.024444 -0.028333 -0.048889
0 0.015000 0.024444 -0.028333 -0.048889
0 0.015000 0.024444 -0.028333 -0.048889
0 0.009583 0.014444 -0.017500 -0.028889
0 0.009583 0.014444 -0.017500 -0.028889
0 0.015000 0.024444 -0.028333 -0.048889
0 0.009583 0.014444 -0.017500 -0.028889
0 0.009583 0.014444 -0.017500 -0.028889
0 0.015000 0.024444 -0.028333 -0.048889
0 0.009583 0.014444 -0.017500 -0.028889
0 0.009583 0.014444 -0.017500 -0.028889
0 0.011667 0.020000 -0.021667 -0.040000
0 0.011667 0.020000 -0.021667 -0.040000
0 0.015000 0.024444 -0.028333 -0.048889
0 0.011667 0.020000 -0.021667 -0.040000
0 0.011667 0.020000 -0.021667 -0.040000
0 0.015000 0.024444 -0.028333 -0.048889
0 0.009583 0.014444 -0.017500 -0.028889
0 0.009583 0.014444 -0.017500 -0.028889
0 0.009583 0.014444 -0.017500 -0.028889
0 0.009583 0.014444 -0.017500 -0.028889
0 0.015000 0.024444 -0.028333 -0.048889
0 0.015000 0.024444 -0.028333 -0.048889
0 0.009583 0.014444 -0.017500 -0.028889
0 0.015000 0.024444 -0.028333 -0.048889
0 0.009583 0.014444 -0.017500 -0.028889
0 0.015000 0.024444 -0.028333 -0.048889
0 0.015000 0.024444 -0.028333 -0.048889
0 0.015000 0.024444 -0.028333 -0.048889
0 0.011667 0.020000 -0.021667 -0.040000
0 0.015000 0.024444 -0.028333 -0.048889
0 0.015000 0.024444 -0.028333 -0.048889
0 0.015000 0.024444 -0.028333 -0.048889
0 0.011667 0.020000 -0.021667 -0.040000
0 0.011667 0.020000 -0.021667 -0.040000
0 0.011667 0.020000 -0.021667 -0.040000
0 0.015000 0.024444 -0.028333 -0.048889
0 0.009583 0.014444 -0.017500 -0.028889