0 0.027885 0.055043 -0.055000 -0.110086
0 0.017308 0.046974 -0.033846 -0.093948
0 0.015192 0.029683 -0.029615 -0.058213
0 0.017115 0.033141 -0.033462 -0.066282
0 0.017115 0.033141 -0.033462 -0.066282
0 0.030769 0.061383 -0.060769 -0.122767
0 0.024423 0.045533 -0.048077 -0.091066
0 0.019231 0.040634 -0.037692 -0.081268
0 0.024423 0.047550 -0.048077 -0.095101
0 0.024423 0.045533 -0.048077 -0.091066
0 0.033846 0.065706 -0.066923 -0.131412
0 0.013077 0.026225 -0.025385 -0.052450
0 0.007692 0.018732 -0.014615 -0.037464
0 0.005577 0.011816 -0.010385 -0.023631
0 0.017308 0.046974 -0.033846 -0.093948
0 0.027885 0.055043 -0.055000 -0.110086
0 0.017308 0.047262 -0.033846 -0.093372
0 0.005577 0.011816 -0.010385 -0.023631
0 0.017885 0.036023 -0.035000 -0.072046
0 0.028846 0.052738 -0.056923 -0.105476
0 0.017308 0.046974 -0.033846 -0.093948
0 0.014423 0.036311 -0.028077 -0.072622
0 0.029231 0.057637 -0.057692 -0.115274
0 0.017308 0.046974 -0.033846 -0.093948
0 0.017115 0.043804 -0.033462 -0.087608
0 0.020962 0.052450 -0.041154 -0.104899
0 0.012885 0.028818 -0.025000 -0.057637
0 0.024423 0.045533 -0.048077 -0.091066
0 0.027885 0.055043 -0.055000 -0.110086
0 0.027885 0.055043 -0.055000 -0.110086
0 0.024423 0.045533 -0.048077 -0.091066
0 0.024423 0.045533 -0.048077 -0.091066
0 0.024423 0.045533 -0.048077 -0.091066
0 0.017308 0.047262 -0.033846 -0.093372
0 0.017115 0.033141 -0.033462 -0.066282
0 0.015000 0.029107 -0.029231 -0.058213
0 0.024423 0.045533 -0.048077 -0.091066
0 0.013462 0.042363 -0.026154 -0.084726
0 0.021731 0.053602 -0.042692 -0.107205
0 0.030769 0.061383 -0.060769 -0.122767
0 0.024423 0.045533 -0.048077 -0.091066