0 0.011364 0.014433 -0.019697 -0.028866
0 0.009848 0.013402 -0.016667 -0.026804
0 0.012121 0.014433 -0.018182 -0.028866
0 0.011364 0.014433 -0.019697 -0.028866
0 0.009848 0.013402 -0.016667 -0.026804
0 0.019697 0.030928 -0.036364 -0.061856
0 0.011364 0.014433 -0.019697 -0.028866
0 0.009848 0.013402 -0.016667 -0.026804
0 0.010606 0.015464 -0.018182 -0.030928
0 0.008333 0.012371 -0.013636 -0.024742
0 0.040152 0.069072 -0.077273 -0.138144
0 0.010606 0.015464 -0.018182 -0.030928
0 0.009848 0.013402 -0.016667 -0.026804
0 0.009848 0.013402 -0.016667 -0.026804
0 0.012879 0.020619 -0.022727 -0.041237
0 0.006818 0.011340 -0.010606 -0.022680
0 0.021970 0.032990 -0.040909 -0.065979
0 0.012879 0.020619 -0.022727 -0.041237
0 0.011364 0.014433 -0.019697 -0.028866
0 0.012879 0.020619 -0.022727 -0.041237
0 0.021970 0.032990 -0.040909 -0.065979
0 0.009848 0.014433 -0.016667 -0.028866
0 0.013636 0.021649 -0.024242 -0.043299
0 0.011364 0.014433 -0.019697 -0.028866
0 0.021970 0.032990 -0.040909 -0.065979
0 0.010606 0.015464 -0.018182 -0.030928
0 0.010606 0.015464 -0.018182 -0.030928
0 0.006061 0.011340 -0.009091 -0.022680
0 0.015909 0.025773 -0.028788 -0.051546
0 0.011364 0.014433 -0.019697 -0.028866
0 0.011364 0.014433 -0.019697 -0.028866
0 0.010606 0.015464 -0.018182 -0.030928
0 0.009848 0.013402 -0.016667 -0.026804
0 0.009848 0.013402 -0.016667 -0.026804
0 0.010606 0.015464 -0.018182 -0.030928
0 0.021970 0.032990 -0.040909 -0.065979
0 0.012879 0.020619 -0.022727 -0.041237
0 0.011364 0.014433 -0.019697 -0.028866
0 0.018939 0.030928 -0.034848 -0.061856
0 0.011364 0.014433 -0.019697 -0.028866
0 0.009848 0.013402 -0.016667 -0.026804
0 0.009848 0.013402 -0.016667 -0.026804
0 0.013636 0.020619 -0.021212 -0.041237
0 0.010606 0.015464 -0.018182 -0.030928
0 0.013636 0.020619 -0.021212 -0.041237
0 0.021970 0.032990 -0.040909 -0.065979
0 0.040152 0.069072 -0.077273 -0.138144
0 0.009848 0.013402 -0.016667 -0.026804
0 0.021970 0.032990 -0.040909 -0.065979
0 0.009848 0.013402 -0.016667 -0.026804
0 0.018939 0.030928 -0.034848 -0.061856
0 0.010606 0.015464 -0.018182 -0.030928
0 0.016667 0.025773 -0.027273 -0.051546
0 0.011364 0.014433 -0.019697 -0.028866
0 0.012121 0.014433 -0.018182 -0.028866
0 0.013636 0.020619 -0.021212 -0.041237
0 0.009848 0.013402 -0.016667 -0.026804
0 0.017424 0.026804 -0.031818 -0.053608
0 0.011364 0.014433 -0.019697 -0.028866