0 0.006875 0.010811 -0.011250 -0.018018
0 0.006250 0.010811 -0.010000 -0.018018
0 0.006250 0.010811 -0.010000 -0.018018
0 0.006250 0.010811 -0.010000 -0.018018
0 0.006250 0.010811 -0.010000 -0.018018
0 0.006250 0.010811 -0.010000 -0.018018
0 0.025625 0.052252 -0.048750 -0.104505
0 0.006875 0.010811 -0.011250 -0.018018
0 0.006250 0.010811 -0.010000 -0.018018
0 0.026250 0.037838 -0.050000 -0.075676
0 0.006250 0.010811 -0.010000 -0.018018
0 0.018125 0.033333 -0.033750 -0.066667
0 0.006250 0.010811 -0.010000 -0.018018
0 0.006250 0.010811 -0.010000 -0.018018
0 0.006250 0.010811 -0.010000 -0.018018
0 0.025625 0.052252 -0.048750 -0.104505
0 0.006875 0.010811 -0.011250 -0.018018
0 0.021250 0.032432 -0.040000 -0.064865
0 0.006250 0.010811 -0.010000 -0.018018
0 0.006250 0.010811 -0.010000 -0.018018
0 0.006250 0.010811 -0.010000 -0.018018
0 0.006250 0.010811 -0.010000 -0.018018
0 0.025625 0.052252 -0.048750 -0.104505
0 0.026250 0.037838 -0.050000 -0.075676
0 0.024375 0.036937 -0.046250 -0.073874
0 0.006875 0.010811 -0.011250 -0.018018
0 0.006250 0.010811 -0.010000 -0.018018
0 0.006250 0.010811 -0.010000 -0.018018
0 0.006250 0.010811 -0.010000 -0.018018
0 0.006250 0.010811 -0.010000 -0.018018
0 0.006250 0.010811 -0.010000 -0.018018
0 0.006250 0.010811 -0.010000 -0.018018
0 0.006250 0.010811 -0.010000 -0.018018
0 0.006875 0.011712 -0.011250 -0.019820
0 0.006250 0.010811 -0.010000 -0.018018
0 0.006250 0.010811 -0.010000 -0.018018
0 0.006875 0.010811 -0.011250 -0.018018
0 0.006875 0.010811 -0.011250 -0.018018
0 0.006250 0.010811 -0.010000 -0.018018
0 0.006250 0.010811 -0.010000 -0.018018
0 0.006250 0.010811 -0.010000 -0.018018
0 0.006250 0.010811 -0.010000 -0.018018
0 0.006250 0.010811 -0.010000 -0.018018
0 0.011875 0.021622 -0.021250 -0.043243
0 0.006250 0.010811 -0.010000 -0.018018
0 0.006875 0.010811 -0.011250 -0.018018
0 0.006875 0.010811 -0.011250 -0.018018
0 0.006250 0.010811 -0.010000 -0.018018
0 0.006250 0.010811 -0.010000 -0.018018
0 0.026250 0.037838 -0.050000 -0.075676
0 0.006875 0.010811 -0.011250 -0.018018
0 0.006250 0.010811 -0.010000 -0.018018
0 0.006250 0.010811 -0.010000 -0.018018
0 0.006250 0.010811 -0.010000 -0.018018
0 0.025625 0.052252 -0.048750 -0.104505
0 0.026250 0.037838 -0.050000 -0.075676
0 0.006875 0.010811 -0.011250 -0.018018
0 0.006250 0.010811 -0.010000 -0.018018
0 0.006250 0.010811 -0.010000 -0.018018
0 0.025625 0.052252 -0.048750 -0.104505
0 0.006250 0.010811 -0.010000 -0.018018
0 0.006250 0.010811 -0.010000 -0.018018
0 0.006250 0.010811 -0.010000 -0.018018
0 0.006250 0.010811 -0.010000 -0.018018
0 0.006250 0.010811 -0.010000 -0.018018
0 0.006875 0.010811 -0.011250 -0.018018
0 0.006250 0.010811 -0.010000 -0.018018
0 0.006875 0.010811 -0.011250 -0.018018
0 0.006250 0.010811 -0.010000 -0.018018
0 0.006250 0.010811 -0.010000 -0.018018
0 0.006250 0.010811 -0.010000 -0.018018
0 0.006250 0.010811 -0.010000 -0.018018
0 0.006250 0.010811 -0.010000 -0.018018
0 0.006250 0.010811 -0.010000 -0.018018
0 0.023125 0.045045 -0.043750 -0.090090
0 0.006250 0.010811 -0.010000 -0.018018
0 0.006250 0.010811 -0.010000 -0.018018
0 0.006875 0.010811 -0.011250 -0.018018
0 0.006250 0.010811 -0.010000 -0.018018
0 0.006875 0.010811 -0.011250 -0.018018
0 0.006875 0.010811 -0.011250 -0.018018
0 0.024375 0.036937 -0.046250 -0.073874
0 0.006250 0.010811 -0.010000 -0.018018
0 0.006250 0.010811 -0.010000 -0.018018
0 0.018125 0.033333 -0.033750 -0.066667
0 0.006250 0.010811 -0.010000 -0.018018
0 0.026250 0.037838 -0.050000 -0.075676
0 0.006875 0.010811 -0.011250 -0.018018
0 0.006250 0.010811 -0.010000 -0.018018
0 0.006875 0.010811 -0.011250 -0.018018
0 0.006250 0.010811 -0.010000 -0.018018
0 0.006250 0.010811 -0.010000 -0.018018
0 0.006875 0.010811 -0.011250 -0.018018
0 0.006250 0.010811 -0.010000 -0.018018
0 0.006250 0.010811 -0.010000 -0.018018
0 0.006250 0.010811 -0.010000 -0.018018
0 0.006250 0.010811 -0.010000 -0.018018
0 0.006250 0.010811 -0.010000 -0.018018
0 0.006250 0.010811 -0.010000 -0.018018
0 0.006250 0.010811 -0.010000 -0.018018
0 0.006875 0.010811 -0.011250 -0.018018
0 0.006250 0.009910 -0.010000 -0.019820
0 0.021250 0.032432 -0.040000 -0.064865
0 0.006250 0.010811 -0.010000 -0.018018
0 0.006250 0.010811 -0.010000 -0.018018
0 0.006875 0.010811 -0.011250 -0.018018
0 0.006875 0.010811 -0.011250 -0.018018
0 0.006250 0.010811 -0.010000 -0.018018
0 0.006250 0.010811 -0.010000 -0.018018
0 0.006250 0.010811 -0.010000 -0.018018
0 0.013750 0.025225 -0.025000 -0.050450
0 0.006250 0.010811 -0.010000 -0.018018
0 0.006250 0.010811 -0.010000 -0.018018
0 0.006250 0.010811 -0.010000 -0.018018
0 0.006250 0.010811 -0.010000 -0.018018
0 0.006250 0.010811 -0.010000 -0.018018
0 0.006250 0.010811 -0.010000 -0.018018
0 0.006250 0.010811 -0.010000 -0.018018
0 0.006250 0.010811 -0.010000 -0.018018
0 0.006250 0.010811 -0.010000 -0.018018
0 0.006250 0.010811 -0.010000 -0.018018
0 0.006250 0.010811 -0.010000 -0.018018
0 0.006250 0.010811 -0.010000 -0.018018
0 0.006875 0.010811 -0.011250 -0.018018
0 0.021250 0.032432 -0.040000 -0.064865
0 0.006250 0.010811 -0.010000 -0.018018
0 0.006250 0.010811 -0.010000 -0.018018
0 0.021875 0.032432 -0.038750 -0.064865
0 0.006250 0.010811 -0.010000 -0.018018
0 0.026250 0.037838 -0.050000 -0.075676
0 0.006250 0.010811 -0.010000 -0.018018
0 0.006250 0.010811 -0.010000 -0.018018
0 0.006250 0.010811 -0.010000 -0.018018
0 0.006250 0.010811 -0.010000 -0.018018
0 0.026250 0.037838 -0.050000 -0.075676
0 0.021250 0.032432 -0.040000 -0.064865
0 0.006875 0.010811 -0.011250 -0.018018
0 0.006875 0.010811 -0.011250 -0.018018
0 0.025625 0.052252 -0.048750 -0.104505
0 0.006250 0.010811 -0.010000 -0.018018
0 0.006875 0.010811 -0.011250 -0.018018
0 0.006250 0.010811 -0.010000 -0.018018
0 0.006250 0.010811 -0.010000 -0.018018
0 0.006250 0.010811 -0.010000 -0.018018
0 0.025625 0.052252 -0.048750 -0.104505
0 0.006250 0.010811 -0.010000 -0.018018
0 0.006250 0.010811 -0.010000 -0.018018
0 0.006250 0.010811 -0.010000 -0.018018
0 0.006250 0.010811 -0.010000 -0.018018
0 0.021250 0.040541 -0.040000 -0.081081
0 0.006250 0.010811 -0.010000 -0.018018
0 0.006875 0.010811 -0.011250 -0.018018
0 0.006875 0.010811 -0.011250 -0.018018
0 0.021875 0.032432 -0.038750 -0.064865
0 0.025625 0.052252 -0.048750 -0.104505
0 0.006250 0.010811 -0.010000 -0.018018
0 0.006250 0.010811 -0.010000 -0.018018