0 0.004494 0.004278 -0.006742 -0.008555
0 0.004494 0.003802 -0.006742 -0.007605
0 0.006742 0.007129 -0.011236 -0.014259
0 0.013483 0.010456 -0.024719 -0.020913
0 0.013483 0.010456 -0.024719 -0.020913
0 0.007303 0.007129 -0.012360 -0.014259
0 0.004494 0.003802 -0.006742 -0.007605
0 0.004494 0.004278 -0.006742 -0.008555
0 0.007303 0.007129 -0.012360 -0.014259
0 0.007303 0.007605 -0.012360 -0.015209
0 0.007303 0.007129 -0.012360 -0.014259
0 0.006742 0.007129 -0.011236 -0.014259
0 0.007303 0.007129 -0.012360 -0.014259
0 0.004494 0.003802 -0.006742 -0.007605
0 0.008427 0.008080 -0.014607 -0.016160
0 0.006742 0.007129 -0.011236 -0.014259
0 0.006742 0.007129 -0.011236 -0.014259
0 0.004494 0.003802 -0.006742 -0.007605
0 0.004494 0.003802 -0.006742 -0.007605
0 0.008427 0.008080 -0.014607 -0.016160
0 0.013483 0.010456 -0.024719 -0.020913
0 0.004494 0.003802 -0.006742 -0.007605
0 0.004494 0.004278 -0.006742 -0.008555
0 0.004494 0.003802 -0.006742 -0.007605
0 0.007865 0.007129 -0.011236 -0.014259
0 0.007303 0.007129 -0.012360 -0.014259
0 0.008427 0.008080 -0.014607 -0.016160
0 0.004494 0.003802 -0.006742 -0.007605
0 0.004494 0.003802 -0.006742 -0.007605
0 0.006742 0.007129 -0.011236 -0.014259
0 0.004494 0.003802 -0.006742 -0.007605
0 0.006742 0.007129 -0.011236 -0.014259
0 0.007303 0.007129 -0.012360 -0.014259
0 0.006742 0.007129 -0.011236 -0.014259
0 0.004494 0.003802 -0.006742 -0.007605
0 0.006742 0.007129 -0.011236 -0.014259
0 0.006742 0.007129 -0.011236 -0.014259
0 0.004494 0.004278 -0.006742 -0.008555
0 0.007303 0.007129 -0.012360 -0.014259
0 0.006742 0.007129 -0.011236 -0.014259
0 0.004494 0.003802 -0.006742 -0.007605
0 0.013483 0.010456 -0.024719 -0.020913
0 0.007303 0.007129 -0.012360 -0.014259
0 0.010112 0.008555 -0.017978 -0.017110
0 0.007303 0.007129 -0.012360 -0.014259
0 0.004494 0.003802 -0.006742 -0.007605
0 0.006742 0.007129 -0.011236 -0.014259
0 0.004494 0.003802 -0.006742 -0.007605
0 0.007303 0.007129 -0.012360 -0.014259
0 0.004494 0.004278 -0.006742 -0.008555
0 0.006742 0.007129 -0.011236 -0.014259
0 0.006742 0.007129 -0.011236 -0.014259
0 0.004494 0.004278 -0.006742 -0.008555
0 0.006742 0.007129 -0.011236 -0.014259
0 0.008427 0.008080 -0.014607 -0.016160
0 0.006742 0.007129 -0.011236 -0.014259
0 0.004494 0.004278 -0.006742 -0.008555
0 0.007865 0.007129 -0.011236 -0.014259
0 0.008427 0.008080 -0.014607 -0.016160
0 0.004494 0.003802 -0.006742 -0.007605
0 0.013483 0.010456 -0.024719 -0.020913
0 0.006742 0.007129 -0.011236 -0.014259
0 0.004494 0.004278 -0.006742 -0.008555
0 0.004494 0.003802 -0.006742 -0.007605
0 0.007303 0.007129 -0.012360 -0.014259
0 0.006742 0.007129 -0.011236 -0.014259
0 0.004494 0.004278 -0.006742 -0.008555
0 0.006742 0.007129 -0.011236 -0.014259
0 0.004494 0.003802 -0.006742 -0.007605
0 0.007303 0.007129 -0.012360 -0.014259
0 0.006742 0.007129 -0.011236 -0.014259
0 0.022472 0.018061 -0.042697 -0.036122
0 0.007303 0.007129 -0.012360 -0.014259
0 0.007303 0.007129 -0.012360 -0.014259
0 0.004494 0.003802 -0.006742 -0.007605
0 0.004494 0.003802 -0.006742 -0.007605
0 0.006742 0.007129 -0.011236 -0.014259
0 0.004494 0.003802 -0.006742 -0.007605
0 0.013483 0.010456 -0.024719 -0.020913
0 0.006742 0.007129 -0.011236 -0.014259
0 0.006742 0.007129 -0.011236 -0.014259
0 0.004494 0.004278 -0.006742 -0.008555
0 0.004494 0.003802 -0.006742 -0.007605
0 0.007865 0.007129 -0.011236 -0.014259
0 0.004494 0.004278 -0.006742 -0.008555
0 0.013483 0.010456 -0.024719 -0.020913
0 0.007303 0.007129 -0.012360 -0.014259
0 0.007303 0.007129 -0.012360 -0.014259
0 0.004494 0.003802 -0.006742 -0.007605
0 0.004494 0.003802 -0.006742 -0.007605
0 0.006742 0.007129 -0.011236 -0.014259
0 0.006742 0.007129 -0.011236 -0.014259
0 0.008427 0.008080 -0.014607 -0.016160
0 0.004494 0.003802 -0.006742 -0.007605
0 0.004494 0.003802 -0.006742 -0.007605
0 0.006742 0.007129 -0.011236 -0.014259
0 0.004494 0.003802 -0.006742 -0.007605
0 0.006742 0.007129 -0.011236 -0.014259
0 0.006742 0.007129 -0.011236 -0.014259
0 0.049438 0.041825 -0.096629 -0.083650
0 0.007303 0.007129 -0.012360 -0.014259
0 0.004494 0.003802 -0.006742 -0.007605
0 0.004494 0.004278 -0.006742 -0.008555
0 0.006742 0.007129 -0.011236 -0.014259
0 0.012360 0.009506 -0.022472 -0.019011
0 0.006742 0.007129 -0.011236 -0.014259
0 0.007303 0.007129 -0.012360 -0.014259
0 0.007303 0.007129 -0.012360 -0.014259
0 0.004494 0.004278 -0.006742 -0.008555
0 0.006742 0.007129 -0.011236 -0.014259
0 0.004494 0.003802 -0.006742 -0.007605
0 0.008427 0.008080 -0.014607 -0.016160
0 0.014045 0.010456 -0.025843 -0.020913
0 0.008427 0.008080 -0.014607 -0.016160
0 0.006742 0.007129 -0.011236 -0.014259
0 0.007303 0.007129 -0.012360 -0.014259
0 0.006742 0.007129 -0.011236 -0.014259
0 0.006742 0.007129 -0.011236 -0.014259
0 0.007303 0.007129 -0.012360 -0.014259
0 0.006742 0.007129 -0.011236 -0.014259
0 0.004494 0.003802 -0.006742 -0.007605
0 0.007303 0.007129 -0.012360 -0.014259
0 0.007303 0.007129 -0.012360 -0.014259
0 0.004494 0.003802 -0.006742 -0.007605
0 0.007303 0.007129 -0.012360 -0.014259
0 0.007303 0.007129 -0.012360 -0.014259
0 0.004494 0.003802 -0.006742 -0.007605
0 0.006742 0.007129 -0.011236 -0.014259
0 0.008427 0.008080 -0.014607 -0.016160
0 0.007303 0.007129 -0.012360 -0.014259
0 0.008427 0.008080 -0.014607 -0.016160
0 0.007303 0.007129 -0.012360 -0.014259
0 0.007303 0.007605 -0.012360 -0.015209
0 0.004494 0.003802 -0.006742 -0.007605
0 0.007303 0.007129 -0.012360 -0.014259
0 0.008427 0.008080 -0.014607 -0.016160
0 0.004494 0.003802 -0.006742 -0.007605
0 0.049438 0.041825 -0.096629 -0.083650
0 0.008427 0.008080 -0.014607 -0.016160
0 0.004494 0.004278 -0.006742 -0.008555
0 0.004494 0.003802 -0.006742 -0.007605
0 0.004494 0.003802 -0.006742 -0.007605
0 0.004494 0.003802 -0.006742 -0.007605
0 0.004494 0.003802 -0.006742 -0.007605
0 0.004494 0.003802 -0.006742 -0.007605
0 0.004494 0.003802 -0.006742 -0.007605
0 0.007303 0.007129 -0.012360 -0.014259
0 0.004494 0.003802 -0.006742 -0.007605
0 0.007303 0.007129 -0.012360 -0.014259
0 0.007303 0.007129 -0.012360 -0.014259
0 0.007303 0.007129 -0.012360 -0.014259
0 0.008427 0.008080 -0.014607 -0.016160
0 0.004494 0.003802 -0.006742 -0.007605
0 0.007303 0.007129 -0.012360 -0.014259
0 0.006742 0.007129 -0.011236 -0.014259
0 0.004494 0.003802 -0.006742 -0.007605
0 0.004494 0.003802 -0.006742 -0.007605
0 0.008427 0.008080 -0.014607 -0.016160
0 0.004494 0.003802 -0.006742 -0.007605
0 0.004494 0.004278 -0.006742 -0.008555
0 0.004494 0.003802 -0.006742 -0.007605
0 0.007303 0.007129 -0.012360 -0.014259
0 0.007303 0.007129 -0.012360 -0.014259
0 0.004494 0.003802 -0.006742 -0.007605
0 0.004494 0.004278 -0.006742 -0.008555
0 0.007303 0.007129 -0.012360 -0.014259
0 0.004494 0.003802 -0.006742 -0.007605
0 0.004494 0.003802 -0.006742 -0.007605
0 0.004494 0.003802 -0.006742 -0.007605
0 0.007303 0.007129 -0.012360 -0.014259
0 0.006742 0.007129 -0.011236 -0.014259
0 0.004494 0.003802 -0.006742 -0.007605
0 0.006742 0.007129 -0.011236 -0.014259
0 0.013483 0.010456 -0.024719 -0.020913
0 0.004494 0.004278 -0.006742 -0.008555
0 0.004494 0.003802 -0.006742 -0.007605
0 0.007303 0.007129 -0.012360 -0.014259
0 0.004494 0.003802 -0.006742 -0.007605
0 0.007303 0.007129 -0.012360 -0.014259
0 0.006742 0.007129 -0.011236 -0.014259
0 0.004494 0.003802 -0.006742 -0.007605
0 0.013483 0.010456 -0.024719 -0.020913
0 0.007865 0.007129 -0.011236 -0.014259
0 0.006742 0.007129 -0.011236 -0.014259
0 0.006742 0.007129 -0.011236 -0.014259
0 0.004494 0.003802 -0.006742 -0.007605
0 0.004494 0.003802 -0.006742 -0.007605
0 0.004494 0.003802 -0.006742 -0.007605
0 0.006742 0.007129 -0.011236 -0.014259
0 0.008427 0.008080 -0.014607 -0.016160
0 0.006742 0.007129 -0.011236 -0.014259
0 0.007303 0.007129 -0.012360 -0.014259
0 0.004494 0.003802 -0.006742 -0.007605
0 0.004494 0.003802 -0.006742 -0.007605
0 0.006742 0.007129 -0.011236 -0.014259
0 0.007303 0.007129 -0.012360 -0.014259
0 0.004494 0.004278 -0.006742 -0.008555
0 0.004494 0.004278 -0.006742 -0.008555
0 0.004494 0.003802 -0.006742 -0.007605
0 0.006742 0.007129 -0.011236 -0.014259
0 0.004494 0.004278 -0.006742 -0.008555
0 0.007303 0.007129 -0.012360 -0.014259
0 0.006742 0.007129 -0.011236 -0.014259
0 0.004494 0.004278 -0.006742 -0.008555
0 0.004494 0.003802 -0.006742 -0.007605
0 0.006742 0.007129 -0.011236 -0.014259
0 0.004494 0.003802 -0.006742 -0.007605
0 0.007303 0.007129 -0.012360 -0.014259
0 0.017416 0.015684 -0.032584 -0.031369
0 0.008427 0.008080 -0.014607 -0.016160
0 0.004494 0.003802 -0.006742 -0.007605
0 0.007303 0.007129 -0.012360 -0.014259
0 0.004494 0.004278 -0.006742 -0.008555
0 0.006742 0.007129 -0.011236 -0.014259
0 0.007303 0.007129 -0.012360 -0.014259
0 0.006742 0.007129 -0.011236 -0.014259
0 0.004494 0.004278 -0.006742 -0.008555
0 0.011798 0.009506 -0.021348 -0.019011
0 0.008427 0.008080 -0.014607 -0.016160
0 0.004494 0.004278 -0.006742 -0.008555
0 0.004494 0.003802 -0.006742 -0.007605
0 0.004494 0.004278 -0.006742 -0.008555
0 0.007303 0.007129 -0.012360 -0.014259
0 0.008427 0.008080 -0.014607 -0.016160
0 0.008427 0.008080 -0.014607 -0.016160
0 0.007303 0.007129 -0.012360 -0.014259
0 0.006742 0.007129 -0.011236 -0.014259
0 0.013483 0.010456 -0.024719 -0.020913
0 0.004494 0.003802 -0.006742 -0.007605
0 0.004494 0.004278 -0.006742 -0.008555
0 0.008427 0.008080 -0.014607 -0.016160
0 0.007303 0.007129 -0.012360 -0.014259
0 0.004494 0.003802 -0.006742 -0.007605
0 0.004494 0.003802 -0.006742 -0.007605
0 0.006742 0.007129 -0.011236 -0.014259
0 0.007303 0.007129 -0.012360 -0.014259
0 0.007303 0.007129 -0.012360 -0.014259
0 0.006742 0.007129 -0.011236 -0.014259
0 0.004494 0.004278 -0.006742 -0.008555
0 0.006742 0.007129 -0.011236 -0.014259
0 0.013483 0.010456 -0.024719 -0.020913
0 0.004494 0.003802 -0.006742 -0.007605
0 0.007303 0.007129 -0.012360 -0.014259
0 0.006742 0.007129 -0.011236 -0.014259
0 0.004494 0.003802 -0.006742 -0.007605
0 0.004494 0.004278 -0.006742 -0.008555
0 0.004494 0.004278 -0.006742 -0.008555
0 0.007303 0.007129 -0.012360 -0.014259
0 0.008427 0.008080 -0.014607 -0.016160
0 0.007303 0.007129 -0.012360 -0.014259
0 0.006742 0.007129 -0.011236 -0.014259
0 0.004494 0.004278 -0.006742 -0.008555
0 0.006742 0.007129 -0.011236 -0.014259
0 0.010112 0.008555 -0.017978 -0.017110
0 0.014607 0.010456 -0.024719 -0.020913
0 0.008427 0.008080 -0.014607 -0.016160
0 0.006742 0.007129 -0.011236 -0.014259
0 0.004494 0.003802 -0.006742 -0.007605
0 0.004494 0.003802 -0.006742 -0.007605
0 0.004494 0.004278 -0.006742 -0.008555
0 0.004494 0.003802 -0.006742 -0.007605
0 0.006742 0.007129 -0.011236 -0.014259
0 0.004494 0.003802 -0.006742 -0.007605
0 0.007303 0.007129 -0.012360 -0.014259
0 0.004494 0.003802 -0.006742 -0.007605
0 0.013483 0.010456 -0.024719 -0.020913
0 0.008427 0.008080 -0.014607 -0.016160
0 0.004494 0.003802 -0.006742 -0.007605
0 0.006742 0.007129 -0.011236 -0.014259
0 0.004494 0.003802 -0.006742 -0.007605
0 0.004494 0.004278 -0.006742 -0.008555
0 0.006742 0.007129 -0.011236 -0.014259
0 0.007303 0.007129 -0.012360 -0.014259
0 0.004494 0.003802 -0.006742 -0.007605
0 0.004494 0.004278 -0.006742 -0.008555
0 0.004494 0.004278 -0.006742 -0.008555
0 0.004494 0.004278 -0.006742 -0.008555
0 0.004494 0.004278 -0.006742 -0.008555
0 0.007303 0.007129 -0.012360 -0.014259
0 0.006742 0.007129 -0.011236 -0.014259
0 0.009551 0.008555 -0.016854 -0.017110
0 0.004494 0.004278 -0.006742 -0.008555
0 0.004494 0.003802 -0.006742 -0.007605
0 0.030899 0.032795 -0.057303 -0.065589
0 0.006742 0.007129 -0.011236 -0.014259
0 0.004494 0.004278 -0.006742 -0.008555
0 0.006742 0.007129 -0.011236 -0.014259
0 0.008427 0.008080 -0.014607 -0.016160
0 0.004494 0.003802 -0.006742 -0.007605
0 0.007303 0.007129 -0.012360 -0.014259
0 0.006742 0.007129 -0.011236 -0.014259
0 0.004494 0.004278 -0.006742 -0.008555
0 0.004494 0.003802 -0.006742 -0.007605
0 0.006742 0.007129 -0.011236 -0.014259
0 0.004494 0.003802 -0.006742 -0.007605
0 0.006742 0.007129 -0.011236 -0.014259
0 0.007303 0.007129 -0.012360 -0.014259
0 0.006742 0.007129 -0.011236 -0.014259
0 0.007303 0.007129 -0.012360 -0.014259
0 0.006742 0.007129 -0.011236 -0.014259
0 0.006742 0.007129 -0.011236 -0.014259
0 0.007303 0.007129 -0.012360 -0.014259
0 0.007303 0.007129 -0.012360 -0.014259
0 0.007303 0.007129 -0.012360 -0.014259
0 0.008427 0.008080 -0.014607 -0.016160
0 0.004494 0.003802 -0.006742 -0.007605
0 0.006742 0.007129 -0.011236 -0.014259
0 0.006742 0.007129 -0.011236 -0.014259
0 0.004494 0.003802 -0.006742 -0.007605
0 0.004494 0.003802 -0.006742 -0.007605
0 0.030337 0.032795 -0.058427 -0.065589
0 0.006742 0.007129 -0.011236 -0.014259
0 0.006742 0.007129 -0.011236 -0.014259
0 0.007303 0.007129 -0.012360 -0.014259
0 0.006742 0.007129 -0.011236 -0.014259
0 0.006742 0.007129 -0.011236 -0.014259
0 0.006742 0.007129 -0.011236 -0.014259
0 0.004494 0.003802 -0.006742 -0.007605
0 0.006742 0.007129 -0.011236 -0.014259
0 0.004494 0.004278 -0.006742 -0.008555
0 0.013483 0.010456 -0.024719 -0.020913
0 0.008427 0.008080 -0.014607 -0.016160
0 0.008427 0.008080 -0.014607 -0.016160
0 0.004494 0.004278 -0.006742 -0.008555
0 0.004494 0.003802 -0.006742 -0.007605
0 0.004494 0.003802 -0.006742 -0.007605
0 0.004494 0.004278 -0.006742 -0.008555
0 0.007303 0.007129 -0.012360 -0.014259
0 0.030337 0.032795 -0.058427 -0.065589
0 0.007303 0.007129 -0.012360 -0.014259
0 0.004494 0.003802 -0.006742 -0.007605
0 0.004494 0.003802 -0.006742 -0.007605
0 0.007303 0.007129 -0.012360 -0.014259
0 0.013483 0.010456 -0.024719 -0.020913
0 0.004494 0.003802 -0.006742 -0.007605
0 0.006742 0.007129 -0.011236 -0.014259
0 0.006742 0.007129 -0.011236 -0.014259
0 0.008427 0.008080 -0.014607 -0.016160
0 0.006742 0.007129 -0.011236 -0.014259
0 0.004494 0.003802 -0.006742 -0.007605
0 0.006742 0.007129 -0.011236 -0.014259
0 0.006742 0.007129 -0.011236 -0.014259
0 0.030337 0.032795 -0.058427 -0.065589
0 0.008427 0.008080 -0.014607 -0.016160
0 0.006742 0.007129 -0.011236 -0.014259
0 0.004494 0.003802 -0.006742 -0.007605
0 0.004494 0.003802 -0.006742 -0.007605
0 0.006742 0.007129 -0.011236 -0.014259
0 0.007303 0.007129 -0.012360 -0.014259
0 0.004494 0.003802 -0.006742 -0.007605
0 0.007303 0.007129 -0.012360 -0.014259
0 0.007303 0.007129 -0.012360 -0.014259
0 0.004494 0.003802 -0.006742 -0.007605
0 0.006742 0.007129 -0.011236 -0.014259
0 0.008427 0.008080 -0.014607 -0.016160
0 0.004494 0.003802 -0.006742 -0.007605
0 0.007303 0.007129 -0.012360 -0.014259
0 0.006742 0.007129 -0.011236 -0.014259
0 0.004494 0.003802 -0.006742 -0.007605
0 0.011236 0.009030 -0.020225 -0.018061
0 0.004494 0.003802 -0.006742 -0.007605
0 0.008427 0.008080 -0.014607 -0.016160
0 0.006742 0.007129 -0.011236 -0.014259
0 0.004494 0.003802 -0.006742 -0.007605
0 0.004494 0.003802 -0.006742 -0.007605
0 0.004494 0.003802 -0.006742 -0.007605
0 0.006742 0.007129 -0.011236 -0.014259
0 0.006742 0.007129 -0.011236 -0.014259
0 0.004494 0.004278 -0.006742 -0.008555
0 0.030337 0.032795 -0.058427 -0.065589
0 0.030899 0.032795 -0.057303 -0.065589
0 0.004494 0.004278 -0.006742 -0.008555
0 0.004494 0.003802 -0.006742 -0.007605
0 0.007303 0.007129 -0.012360 -0.014259
0 0.006742 0.007129 -0.011236 -0.014259
0 0.004494 0.004278 -0.006742 -0.008555
0 0.006742 0.007129 -0.011236 -0.014259
0 0.007303 0.007129 -0.012360 -0.014259
0 0.007303 0.007129 -0.012360 -0.014259
0 0.004494 0.003802 -0.006742 -0.007605
0 0.004494 0.003802 -0.006742 -0.007605
0 0.007303 0.007129 -0.012360 -0.014259
0 0.006742 0.007129 -0.011236 -0.014259
0 0.004494 0.003802 -0.006742 -0.007605
0 0.004494 0.003802 -0.006742 -0.007605
0 0.004494 0.004278 -0.006742 -0.008555
0 0.004494 0.003802 -0.006742 -0.007605
0 0.004494 0.004278 -0.006742 -0.008555
0 0.004494 0.003802 -0.006742 -0.007605
0 0.004494 0.004278 -0.006742 -0.008555
0 0.006742 0.007129 -0.011236 -0.014259
0 0.007303 0.007129 -0.012360 -0.014259
0 0.006742 0.007129 -0.011236 -0.014259
0 0.004494 0.003802 -0.006742 -0.007605
0 0.004494 0.003802 -0.006742 -0.007605
0 0.004494 0.003802 -0.006742 -0.007605
0 0.004494 0.004278 -0.006742 -0.008555
0 0.007303 0.007129 -0.012360 -0.014259
0 0.013483 0.010456 -0.024719 -0.020913
0 0.006742 0.007129 -0.011236 -0.014259
0 0.007303 0.007129 -0.012360 -0.014259
0 0.004494 0.003802 -0.006742 -0.007605
0 0.007303 0.007129 -0.012360 -0.014259
0 0.006742 0.007129 -0.011236 -0.014259
0 0.006742 0.007129 -0.011236 -0.014259
0 0.006742 0.007129 -0.011236 -0.014259
0 0.007303 0.007129 -0.012360 -0.014259
0 0.004494 0.003802 -0.006742 -0.007605
0 0.004494 0.004278 -0.006742 -0.008555
0 0.007303 0.007129 -0.012360 -0.014259
0 0.007303 0.007129 -0.012360 -0.014259
0 0.013483 0.010456 -0.024719 -0.020913
0 0.004494 0.003802 -0.006742 -0.007605
0 0.007303 0.007129 -0.012360 -0.014259
0 0.004494 0.004278 -0.006742 -0.008555
0 0.004494 0.004278 -0.006742 -0.008555
0 0.007303 0.007129 -0.012360 -0.014259
0 0.004494 0.003802 -0.006742 -0.007605
0 0.006742 0.007129 -0.011236 -0.014259
0 0.004494 0.003802 -0.006742 -0.007605
0 0.004494 0.004278 -0.006742 -0.008555
0 0.006742 0.007129 -0.011236 -0.014259
0 0.004494 0.003802 -0.006742 -0.007605
0 0.014045 0.010456 -0.025843 -0.020913
0 0.007303 0.007129 -0.012360 -0.014259
0 0.006742 0.007129 -0.011236 -0.014259
0 0.006742 0.007129 -0.011236 -0.014259
0 0.006742 0.007129 -0.011236 -0.014259
0 0.004494 0.003802 -0.006742 -0.007605
0 0.004494 0.003802 -0.006742 -0.007605
0 0.008427 0.008080 -0.014607 -0.016160
0 0.004494 0.003802 -0.006742 -0.007605
0 0.030899 0.032795 -0.057303 -0.065589
0 0.007303 0.007129 -0.012360 -0.014259
0 0.007303 0.007129 -0.012360 -0.014259
0 0.006742 0.007129 -0.011236 -0.014259
0 0.006742 0.007129 -0.011236 -0.014259
0 0.007303 0.007129 -0.012360 -0.014259
0 0.006742 0.007129 -0.011236 -0.014259
0 0.004494 0.004278 -0.006742 -0.008555
0 0.008427 0.008080 -0.014607 -0.016160
0 0.004494 0.004278 -0.006742 -0.008555
0 0.004494 0.004278 -0.006742 -0.008555
0 0.013483 0.010456 -0.024719 -0.020913
0 0.006742 0.007129 -0.011236 -0.014259
0 0.008427 0.008080 -0.014607 -0.016160
0 0.008427 0.008080 -0.014607 -0.016160
0 0.006742 0.007129 -0.011236 -0.014259
0 0.007303 0.007129 -0.012360 -0.014259
0 0.007303 0.007129 -0.012360 -0.014259
0 0.007303 0.007129 -0.012360 -0.014259
0 0.007303 0.007129 -0.012360 -0.014259
0 0.007865 0.007129 -0.011236 -0.014259
0 0.004494 0.004278 -0.006742 -0.008555
0 0.004494 0.003802 -0.006742 -0.007605
0 0.004494 0.003802 -0.006742 -0.007605
0 0.007303 0.007129 -0.012360 -0.014259
0 0.007303 0.007129 -0.012360 -0.014259
0 0.004494 0.004278 -0.006742 -0.008555
0 0.004494 0.003802 -0.006742 -0.007605
0 0.006742 0.007129 -0.011236 -0.014259
0 0.004494 0.003802 -0.006742 -0.007605
0 0.006742 0.007129 -0.011236 -0.014259
0 0.004494 0.003802 -0.006742 -0.007605
0 0.007303 0.007129 -0.012360 -0.014259
0 0.008427 0.008080 -0.014607 -0.016160
0 0.004494 0.003802 -0.006742 -0.007605
0 0.004494 0.004278 -0.006742 -0.008555
0 0.006742 0.007129 -0.011236 -0.014259
0 0.004494 0.003802 -0.006742 -0.007605
0 0.004494 0.003802 -0.006742 -0.007605
0 0.004494 0.003802 -0.006742 -0.007605
0 0.004494 0.003802 -0.006742 -0.007605
0 0.007303 0.007129 -0.012360 -0.014259
0 0.004494 0.004278 -0.006742 -0.008555
0 0.008427 0.008080 -0.014607 -0.016160
0 0.006742 0.007129 -0.011236 -0.014259
0 0.004494 0.003802 -0.006742 -0.007605
0 0.006742 0.007129 -0.011236 -0.014259
0 0.008427 0.008080 -0.014607 -0.016160
0 0.006742 0.007129 -0.011236 -0.014259
0 0.007303 0.007129 -0.012360 -0.014259
0 0.006742 0.007129 -0.011236 -0.014259
0 0.006742 0.007129 -0.011236 -0.014259
0 0.007865 0.007129 -0.011236 -0.014259
0 0.004494 0.004278 -0.006742 -0.008555
0 0.004494 0.003802 -0.006742 -0.007605
0 0.008427 0.008080 -0.014607 -0.016160
0 0.013483 0.010456 -0.024719 -0.020913
0 0.013483 0.010456 -0.024719 -0.020913
0 0.006742 0.007129 -0.011236 -0.014259
0 0.004494 0.003802 -0.006742 -0.007605
0 0.006742 0.007129 -0.011236 -0.014259
0 0.030337 0.032795 -0.058427 -0.065589
0 0.004494 0.004278 -0.006742 -0.008555
0 0.007303 0.007129 -0.012360 -0.014259
0 0.004494 0.003802 -0.006742 -0.007605
0 0.004494 0.003802 -0.006742 -0.007605
0 0.006742 0.007129 -0.011236 -0.014259
0 0.009551 0.008555 -0.016854 -0.017110
0 0.004494 0.004278 -0.006742 -0.008555
0 0.007303 0.007129 -0.012360 -0.014259
0 0.004494 0.004278 -0.006742 -0.008555
0 0.004494 0.003802 -0.006742 -0.007605
0 0.006742 0.007129 -0.011236 -0.014259
0 0.004494 0.004278 -0.006742 -0.008555
0 0.004494 0.003802 -0.006742 -0.007605
0 0.004494 0.003802 -0.006742 -0.007605
0 0.004494 0.003802 -0.006742 -0.007605
0 0.007303 0.007129 -0.012360 -0.014259
0 0.006742 0.007129 -0.011236 -0.014259
0 0.007303 0.007129 -0.012360 -0.014259
0 0.013483 0.010456 -0.024719 -0.020913
0 0.004494 0.004278 -0.006742 -0.008555
0 0.004494 0.004278 -0.006742 -0.008555
0 0.006742 0.007129 -0.011236 -0.014259
0 0.004494 0.003802 -0.006742 -0.007605
0 0.004494 0.003802 -0.006742 -0.007605
0 0.004494 0.003802 -0.006742 -0.007605
0 0.004494 0.003802 -0.006742 -0.007605
0 0.004494 0.004278 -0.006742 -0.008555
0 0.004494 0.004278 -0.006742 -0.008555
0 0.006742 0.007129 -0.011236 -0.014259
0 0.007303 0.007129 -0.012360 -0.014259
0 0.004494 0.003802 -0.006742 -0.007605
0 0.006742 0.007129 -0.011236 -0.014259
0 0.004494 0.003802 -0.006742 -0.007605
0 0.004494 0.004278 -0.006742 -0.008555
0 0.004494 0.004278 -0.006742 -0.008555
0 0.007303 0.007129 -0.012360 -0.014259
0 0.006742 0.007129 -0.011236 -0.014259
0 0.004494 0.003802 -0.006742 -0.007605
0 0.004494 0.003802 -0.006742 -0.007605
0 0.008427 0.008080 -0.014607 -0.016160
0 0.006742 0.007129 -0.011236 -0.014259
0 0.004494 0.003802 -0.006742 -0.007605
0 0.008427 0.008080 -0.014607 -0.016160
0 0.004494 0.003802 -0.006742 -0.007605
0 0.007303 0.007129 -0.012360 -0.014259
0 0.007303 0.007129 -0.012360 -0.014259
0 0.006742 0.007129 -0.011236 -0.014259
0 0.004494 0.003802 -0.006742 -0.007605
0 0.006742 0.007129 -0.011236 -0.014259
0 0.004494 0.003802 -0.006742 -0.007605
0 0.004494 0.003802 -0.006742 -0.007605
0 0.004494 0.003802 -0.006742 -0.007605
0 0.008427 0.008080 -0.014607 -0.016160
0 0.006742 0.007129 -0.011236 -0.014259
0 0.007865 0.007129 -0.011236 -0.014259
0 0.007303 0.007129 -0.012360 -0.014259
0 0.007303 0.007129 -0.012360 -0.014259
0 0.004494 0.004278 -0.006742 -0.008555
0 0.004494 0.003802 -0.006742 -0.007605
0 0.004494 0.003802 -0.006742 -0.007605
0 0.008427 0.008080 -0.014607 -0.016160
0 0.004494 0.003802 -0.006742 -0.007605
0 0.007865 0.007129 -0.011236 -0.014259
0 0.004494 0.003802 -0.006742 -0.007605
0 0.008427 0.008080 -0.014607 -0.016160
0 0.004494 0.003802 -0.006742 -0.007605
0 0.004494 0.004278 -0.006742 -0.008555
0 0.004494 0.003802 -0.006742 -0.007605
0 0.008427 0.008080 -0.014607 -0.016160
0 0.004494 0.003802 -0.006742 -0.007605
0 0.004494 0.003802 -0.006742 -0.007605
0 0.007303 0.007129 -0.012360 -0.014259
0 0.004494 0.003802 -0.006742 -0.007605
0 0.006742 0.007129 -0.011236 -0.014259
0 0.004494 0.003802 -0.006742 -0.007605
0 0.004494 0.004278 -0.006742 -0.008555
0 0.004494 0.004278 -0.006742 -0.008555
0 0.004494 0.003802 -0.006742 -0.007605
0 0.004494 0.004278 -0.006742 -0.008555
0 0.004494 0.003802 -0.006742 -0.007605
0 0.006742 0.007129 -0.011236 -0.014259
0 0.004494 0.003802 -0.006742 -0.007605
0 0.006742 0.007129 -0.011236 -0.014259
0 0.004494 0.004278 -0.006742 -0.008555
0 0.006742 0.007129 -0.011236 -0.014259
0 0.004494 0.004278 -0.006742 -0.008555
0 0.006742 0.007129 -0.011236 -0.014259
0 0.007303 0.007129 -0.012360 -0.014259
0 0.006742 0.007129 -0.011236 -0.014259
0 0.004494 0.003802 -0.006742 -0.007605
0 0.007303 0.007129 -0.012360 -0.014259
0 0.007303 0.007129 -0.012360 -0.014259
0 0.007303 0.007129 -0.012360 -0.014259
0 0.007303 0.007129 -0.012360 -0.014259
0 0.006742 0.007129 -0.011236 -0.014259
0 0.007303 0.007129 -0.012360 -0.014259
0 0.007303 0.007129 -0.012360 -0.014259
0 0.007303 0.007129 -0.012360 -0.014259
0 0.004494 0.003802 -0.006742 -0.007605
0 0.004494 0.003802 -0.006742 -0.007605
0 0.004494 0.004278 -0.006742 -0.008555
0 0.004494 0.003802 -0.006742 -0.007605
0 0.004494 0.003802 -0.006742 -0.007605
0 0.004494 0.003802 -0.006742 -0.007605
0 0.006742 0.007129 -0.011236 -0.014259
0 0.004494 0.004278 -0.006742 -0.008555
0 0.006742 0.007129 -0.011236 -0.014259
0 0.006742 0.007129 -0.011236 -0.014259
0 0.007303 0.007129 -0.012360 -0.014259
0 0.006742 0.007129 -0.011236 -0.014259
0 0.007303 0.007129 -0.012360 -0.014259
0 0.004494 0.003802 -0.006742 -0.007605
0 0.007303 0.007129 -0.012360 -0.014259
0 0.006742 0.007129 -0.011236 -0.014259
0 0.014045 0.010456 -0.025843 -0.020913
0 0.007303 0.007129 -0.012360 -0.014259
0 0.007303 0.007129 -0.012360 -0.014259
0 0.004494 0.003802 -0.006742 -0.007605
0 0.006742 0.007129 -0.011236 -0.014259
0 0.004494 0.003802 -0.006742 -0.007605
0 0.007303 0.007129 -0.012360 -0.014259
0 0.006742 0.007129 -0.011236 -0.014259
0 0.004494 0.003802 -0.006742 -0.007605
0 0.004494 0.004278 -0.006742 -0.008555
0 0.004494 0.003802 -0.006742 -0.007605
0 0.007303 0.007129 -0.012360 -0.014259
0 0.007303 0.007129 -0.012360 -0.014259
0 0.008427 0.008080 -0.014607 -0.016160
0 0.006742 0.007129 -0.011236 -0.014259
0 0.004494 0.003802 -0.006742 -0.007605
0 0.006742 0.007129 -0.011236 -0.014259
0 0.007303 0.007129 -0.012360 -0.014259
0 0.013483 0.010456 -0.024719 -0.020913
0 0.049438 0.041825 -0.096629 -0.083650
0 0.004494 0.003802 -0.006742 -0.007605
0 0.007303 0.007129 -0.012360 -0.014259
0 0.004494 0.003802 -0.006742 -0.007605
0 0.007303 0.007129 -0.012360 -0.014259
0 0.007303 0.007129 -0.012360 -0.014259
0 0.007303 0.007129 -0.012360 -0.014259
0 0.004494 0.004278 -0.006742 -0.008555
0 0.004494 0.003802 -0.006742 -0.007605
0 0.004494 0.004278 -0.006742 -0.008555
0 0.007303 0.007129 -0.012360 -0.014259
0 0.004494 0.003802 -0.006742 -0.007605
0 0.004494 0.003802 -0.006742 -0.007605
0 0.004494 0.003802 -0.006742 -0.007605
0 0.007303 0.007129 -0.012360 -0.014259
0 0.007303 0.007129 -0.012360 -0.014259
0 0.007303 0.007129 -0.012360 -0.014259
0 0.004494 0.003802 -0.006742 -0.007605
0 0.004494 0.004278 -0.006742 -0.008555
0 0.006742 0.007129 -0.011236 -0.014259
0 0.004494 0.004278 -0.006742 -0.008555
0 0.014607 0.010456 -0.024719 -0.020913
0 0.007303 0.007129 -0.012360 -0.014259
0 0.004494 0.003802 -0.006742 -0.007605
0 0.013483 0.010456 -0.024719 -0.020913
0 0.007303 0.007129 -0.012360 -0.014259
0 0.004494 0.003802 -0.006742 -0.007605
0 0.004494 0.003802 -0.006742 -0.007605
0 0.004494 0.003802 -0.006742 -0.007605
0 0.006742 0.007129 -0.011236 -0.014259
0 0.004494 0.004278 -0.006742 -0.008555
0 0.006742 0.007129 -0.011236 -0.014259
0 0.004494 0.003802 -0.006742 -0.007605
0 0.007303 0.007129 -0.012360 -0.014259
0 0.008427 0.008080 -0.014607 -0.016160
0 0.006742 0.007129 -0.011236 -0.014259
0 0.006742 0.007129 -0.011236 -0.014259
0 0.004494 0.003802 -0.006742 -0.007605
0 0.004494 0.003802 -0.006742 -0.007605
0 0.007303 0.007129 -0.012360 -0.014259
0 0.004494 0.003802 -0.006742 -0.007605
0 0.007303 0.007129 -0.012360 -0.014259
0 0.013483 0.010456 -0.024719 -0.020913
0 0.004494 0.003802 -0.006742 -0.007605
0 0.004494 0.003802 -0.006742 -0.007605
0 0.004494 0.004278 -0.006742 -0.008555
0 0.007303 0.007129 -0.012360 -0.014259
0 0.008427 0.008080 -0.014607 -0.016160
0 0.007303 0.007129 -0.012360 -0.014259
0 0.006742 0.007129 -0.011236 -0.014259
0 0.006742 0.007129 -0.011236 -0.014259
0 0.006742 0.007129 -0.011236 -0.014259
0 0.004494 0.004278 -0.006742 -0.008555
0 0.006742 0.007129 -0.011236 -0.014259
0 0.013483 0.010456 -0.024719 -0.020913
0 0.004494 0.004278 -0.006742 -0.008555
0 0.004494 0.004278 -0.006742 -0.008555
0 0.007303 0.007129 -0.012360 -0.014259
0 0.006742 0.007129 -0.011236 -0.014259
0 0.006742 0.007129 -0.011236 -0.014259
0 0.006742 0.007129 -0.011236 -0.014259
0 0.007303 0.007129 -0.012360 -0.014259
0 0.004494 0.003802 -0.006742 -0.007605
0 0.007303 0.007129 -0.012360 -0.014259
0 0.004494 0.004278 -0.006742 -0.008555
0 0.004494 0.003802 -0.006742 -0.007605
0 0.004494 0.003802 -0.006742 -0.007605
0 0.004494 0.004278 -0.006742 -0.008555
0 0.004494 0.004278 -0.006742 -0.008555
0 0.007303 0.007129 -0.012360 -0.014259
0 0.006742 0.007129 -0.011236 -0.014259
0 0.004494 0.003802 -0.006742 -0.007605
0 0.007303 0.007129 -0.012360 -0.014259
0 0.006742 0.007129 -0.011236 -0.014259
0 0.007303 0.007129 -0.012360 -0.014259
0 0.004494 0.004278 -0.006742 -0.008555
0 0.004494 0.004278 -0.006742 -0.008555
0 0.004494 0.003802 -0.006742 -0.007605
0 0.008427 0.008080 -0.014607 -0.016160
0 0.004494 0.004278 -0.006742 -0.008555
0 0.004494 0.003802 -0.006742 -0.007605
0 0.006742 0.007129 -0.011236 -0.014259
0 0.004494 0.004278 -0.006742 -0.008555
0 0.007303 0.007129 -0.012360 -0.014259
0 0.008427 0.008080 -0.014607 -0.016160
0 0.007303 0.007129 -0.012360 -0.014259
0 0.006742 0.007129 -0.011236 -0.014259
0 0.004494 0.003802 -0.006742 -0.007605
0 0.004494 0.004278 -0.006742 -0.008555
0 0.008427 0.008080 -0.014607 -0.016160
0 0.006742 0.007129 -0.011236 -0.014259
0 0.006742 0.007129 -0.011236 -0.014259
0 0.004494 0.003802 -0.006742 -0.007605
0 0.004494 0.003802 -0.006742 -0.007605
0 0.006742 0.007129 -0.011236 -0.014259
0 0.008427 0.008080 -0.014607 -0.016160
0 0.004494 0.004278 -0.006742 -0.008555