0 0.004427 0.007422 -0.007812 -0.014844
0 0.004427 0.007422 -0.007812 -0.014844
0 0.004427 0.007422 -0.007812 -0.014844
0 0.004427 0.007422 -0.007812 -0.014844
0 0.003125 0.005859 -0.005208 -0.011719
0 0.004427 0.007422 -0.007812 -0.014844
0 0.006250 0.010547 -0.011458 -0.021094
0 0.004427 0.007422 -0.007812 -0.014844
0 0.004427 0.007422 -0.007812 -0.014844
0 0.004427 0.007422 -0.007812 -0.014844
0 0.006250 0.010547 -0.011458 -0.021094
0 0.006250 0.010547 -0.011458 -0.021094
0 0.006250 0.010547 -0.011458 -0.021094
0 0.004427 0.007422 -0.007812 -0.014844
0 0.004427 0.007422 -0.007812 -0.014844
0 0.004427 0.007422 -0.007812 -0.014844
0 0.004427 0.007422 -0.007812 -0.014844
0 0.004427 0.007422 -0.007812 -0.014844
0 0.006250 0.010547 -0.011458 -0.021094
0 0.004427 0.007422 -0.007812 -0.014844
0 0.004427 0.007422 -0.007812 -0.014844
0 0.006250 0.010547 -0.011458 -0.021094
0 0.004427 0.007422 -0.007812 -0.014844
0 0.004427 0.007422 -0.007812 -0.014844
0 0.004427 0.007422 -0.007812 -0.014844
0 0.003906 0.007422 -0.006771 -0.013281
0 0.006250 0.010547 -0.011458 -0.021094
0 0.004427 0.007422 -0.007812 -0.014844
0 0.006250 0.010547 -0.011458 -0.021094
0 0.006250 0.010547 -0.011458 -0.021094
0 0.006250 0.010547 -0.011458 -0.021094
0 0.003125 0.006250 -0.005208 -0.010937
0 0.006250 0.010547 -0.011458 -0.021094
0 0.003125 0.005859 -0.005208 -0.011719
0 0.004427 0.007422 -0.007812 -0.014844
0 0.006250 0.010547 -0.011458 -0.021094
0 0.004427 0.007422 -0.007812 -0.014844
0 0.003646 0.006641 -0.006250 -0.013281
0 0.006250 0.010547 -0.011458 -0.021094
0 0.004427 0.007422 -0.007812 -0.014844
0 0.004427 0.007422 -0.007812 -0.014844
0 0.004427 0.007422 -0.007812 -0.014844
0 0.003125 0.005859 -0.005208 -0.011719
0 0.004427 0.007422 -0.007812 -0.014844
0 0.004427 0.007422 -0.007812 -0.014844
0 0.006250 0.010547 -0.011458 -0.021094
0 0.003125 0.006250 -0.005208 -0.010937
0 0.006250 0.010547 -0.011458 -0.021094
0 0.004427 0.007422 -0.007812 -0.014844
0 0.004427 0.007422 -0.007812 -0.014844
0 0.006250 0.010547 -0.011458 -0.021094
0 0.004427 0.007422 -0.007812 -0.014844
0 0.003125 0.005859 -0.005208 -0.011719
0 0.004427 0.007422 -0.007812 -0.014844
0 0.004427 0.007422 -0.007812 -0.014844
0 0.004427 0.007422 -0.007812 -0.014844
0 0.003125 0.006250 -0.005208 -0.010937
0 0.004427 0.007422 -0.007812 -0.014844
0 0.006250 0.010547 -0.011458 -0.021094
0 0.004427 0.007422 -0.007812 -0.014844
0 0.003125 0.005859 -0.005208 -0.011719
0 0.004427 0.007422 -0.007812 -0.014844
0 0.004427 0.007422 -0.007812 -0.014844
0 0.004427 0.007422 -0.007812 -0.014844
0 0.006250 0.010547 -0.011458 -0.021094
0 0.006250 0.010547 -0.011458 -0.021094
0 0.006250 0.010547 -0.011458 -0.021094
0 0.006250 0.010547 -0.011458 -0.021094
0 0.003125 0.005859 -0.005208 -0.011719
0 0.004427 0.007422 -0.007812 -0.014844
0 0.003125 0.006250 -0.005208 -0.010937
0 0.003125 0.006250 -0.005208 -0.010937
0 0.004427 0.007422 -0.007812 -0.014844
0 0.003125 0.005859 -0.005208 -0.011719
0 0.004427 0.007422 -0.007812 -0.014844
0 0.003125 0.006250 -0.005208 -0.010937
0 0.004427 0.007422 -0.007812 -0.014844
0 0.006250 0.010547 -0.011458 -0.021094
0 0.004427 0.007422 -0.007812 -0.014844
0 0.004427 0.007422 -0.007812 -0.014844
0 0.003125 0.006250 -0.005208 -0.010937
0 0.004427 0.007422 -0.007812 -0.014844
0 0.004427 0.007422 -0.007812 -0.014844
0 0.004427 0.007422 -0.007812 -0.014844
0 0.004427 0.007422 -0.007812 -0.014844
0 0.004427 0.007422 -0.007812 -0.014844
0 0.004427 0.007422 -0.007812 -0.014844
0 0.003125 0.006250 -0.005208 -0.010937
0 0.004427 0.007422 -0.007812 -0.014844
0 0.004427 0.007422 -0.007812 -0.014844
0 0.006250 0.010547 -0.011458 -0.021094
0 0.004427 0.007422 -0.007812 -0.014844
0 0.004427 0.007422 -0.007812 -0.014844
0 0.006250 0.010547 -0.011458 -0.021094
0 0.003125 0.006250 -0.005208 -0.010937
0 0.004427 0.007422 -0.007812 -0.014844
0 0.006250 0.010547 -0.011458 -0.021094
0 0.004427 0.007422 -0.007812 -0.014844
0 0.003125 0.005859 -0.005208 -0.011719
0 0.004427 0.007422 -0.007812 -0.014844
0 0.006250 0.010547 -0.011458 -0.021094
0 0.006250 0.010547 -0.011458 -0.021094
0 0.004427 0.007422 -0.007812 -0.014844
0 0.004427 0.007422 -0.007812 -0.014844
0 0.004427 0.007422 -0.007812 -0.014844
0 0.003646 0.007031 -0.006250 -0.012500
0 0.004427 0.007422 -0.007812 -0.014844
0 0.004427 0.007422 -0.007812 -0.014844
0 0.004427 0.007812 -0.007812 -0.014063
0 0.006250 0.010547 -0.011458 -0.021094
0 0.004687 0.008203 -0.008333 -0.016406
0 0.004427 0.007422 -0.007812 -0.014844
0 0.006250 0.010547 -0.011458 -0.021094
0 0.004427 0.007422 -0.007812 -0.014844
0 0.003125 0.005859 -0.005208 -0.011719
0 0.004427 0.007422 -0.007812 -0.014844
0 0.006250 0.010547 -0.011458 -0.021094
0 0.005729 0.009766 -0.010417 -0.019531
0 0.004427 0.007422 -0.007812 -0.014844
0 0.003125 0.005859 -0.005208 -0.011719
0 0.004427 0.007422 -0.007812 -0.014844
0 0.006250 0.010547 -0.011458 -0.021094
0 0.006250 0.010547 -0.011458 -0.021094
0 0.004427 0.007422 -0.007812 -0.014844
0 0.006250 0.010547 -0.011458 -0.021094
0 0.003906 0.007422 -0.006771 -0.013281
0 0.004427 0.007422 -0.007812 -0.014844
0 0.006250 0.010547 -0.011458 -0.021094
0 0.003125 0.005859 -0.005208 -0.011719
0 0.006250 0.010547 -0.011458 -0.021094
0 0.004427 0.007422 -0.007812 -0.014844
0 0.006250 0.010547 -0.011458 -0.021094
0 0.004427 0.007422 -0.007812 -0.014844
0 0.006250 0.010547 -0.011458 -0.021094
0 0.006250 0.010547 -0.011458 -0.021094
0 0.004427 0.007422 -0.007812 -0.014844
0 0.004427 0.007422 -0.007812 -0.014844
0 0.004427 0.007422 -0.007812 -0.014844
0 0.004427 0.007422 -0.007812 -0.014844
0 0.003125 0.005859 -0.005208 -0.011719
0 0.003125 0.005859 -0.005208 -0.011719
0 0.004427 0.007422 -0.007812 -0.014844
0 0.004427 0.007422 -0.007812 -0.014844
0 0.004427 0.007422 -0.007812 -0.014844
0 0.004427 0.007422 -0.007812 -0.014844
0 0.006250 0.010547 -0.011458 -0.021094
0 0.004427 0.007422 -0.007812 -0.014844
0 0.006250 0.010547 -0.011458 -0.021094
0 0.006250 0.010547 -0.011458 -0.021094
0 0.006250 0.010547 -0.011458 -0.021094
0 0.006250 0.010547 -0.011458 -0.021094
0 0.006250 0.010547 -0.011458 -0.021094
0 0.006250 0.010547 -0.011458 -0.021094
0 0.004427 0.007422 -0.007812 -0.014844
0 0.004427 0.007422 -0.007812 -0.014844
0 0.004427 0.007422 -0.007812 -0.014844
0 0.003125 0.006250 -0.005208 -0.010937
0 0.003125 0.005859 -0.005208 -0.011719
0 0.003125 0.006250 -0.005208 -0.010937
0 0.004427 0.007422 -0.007812 -0.014844
0 0.006250 0.010547 -0.011458 -0.021094
0 0.006250 0.010547 -0.011458 -0.021094
0 0.003125 0.005859 -0.005208 -0.011719
0 0.004427 0.007422 -0.007812 -0.014844
0 0.004427 0.007422 -0.007812 -0.014844
0 0.006250 0.010547 -0.011458 -0.021094
0 0.006250 0.010547 -0.011458 -0.021094
0 0.003125 0.006250 -0.005208 -0.010937
0 0.004427 0.007422 -0.007812 -0.014844
0 0.006250 0.010547 -0.011458 -0.021094
0 0.004427 0.007422 -0.007812 -0.014844
0 0.004427 0.007422 -0.007812 -0.014844
0 0.006250 0.010547 -0.011458 -0.021094
0 0.006250 0.010547 -0.011458 -0.021094
0 0.006250 0.010547 -0.011458 -0.021094
0 0.006250 0.010547 -0.011458 -0.021094
0 0.006250 0.010547 -0.011458 -0.021094
0 0.004427 0.007422 -0.007812 -0.014844
0 0.003125 0.005859 -0.005208 -0.011719
0 0.004427 0.007422 -0.007812 -0.014844
0 0.004427 0.007422 -0.007812 -0.014844
0 0.006250 0.010547 -0.011458 -0.021094
0 0.003125 0.006250 -0.005208 -0.010937
0 0.003385 0.006641 -0.005729 -0.011719
0 0.003125 0.005859 -0.005208 -0.011719
0 0.006250 0.010547 -0.011458 -0.021094
0 0.006250 0.010547 -0.011458 -0.021094
0 0.006250 0.010547 -0.011458 -0.021094
0 0.006250 0.010547 -0.011458 -0.021094
0 0.004427 0.007422 -0.007812 -0.014844
0 0.006250 0.010547 -0.011458 -0.021094
0 0.004427 0.007422 -0.007812 -0.014844
0 0.004427 0.007422 -0.007812 -0.014844
0 0.006250 0.010547 -0.011458 -0.021094
0 0.004427 0.007422 -0.007812 -0.014844
0 0.004427 0.007422 -0.007812 -0.014844
0 0.006250 0.010547 -0.011458 -0.021094
0 0.004427 0.007422 -0.007812 -0.014844
0 0.004427 0.007422 -0.007812 -0.014844
0 0.004427 0.007422 -0.007812 -0.014844
0 0.006250 0.010547 -0.011458 -0.021094
0 0.004427 0.007422 -0.007812 -0.014844
0 0.004427 0.007812 -0.007812 -0.014063
0 0.004427 0.007422 -0.007812 -0.014844
0 0.003125 0.006250 -0.005208 -0.010937
0 0.006250 0.010547 -0.011458 -0.021094
0 0.004427 0.007422 -0.007812 -0.014844
0 0.004427 0.007422 -0.007812 -0.014844
0 0.004427 0.007422 -0.007812 -0.014844
0 0.004427 0.007422 -0.007812 -0.014844
0 0.004427 0.007422 -0.007812 -0.014844
0 0.004427 0.007422 -0.007812 -0.014844
0 0.004427 0.007422 -0.007812 -0.014844
0 0.006250 0.010547 -0.011458 -0.021094
0 0.004427 0.007422 -0.007812 -0.014844
0 0.004427 0.007422 -0.007812 -0.014844
0 0.006250 0.010547 -0.011458 -0.021094
0 0.004427 0.007422 -0.007812 -0.014844
0 0.004427 0.007422 -0.007812 -0.014844
0 0.004427 0.007422 -0.007812 -0.014844
0 0.004427 0.007422 -0.007812 -0.014844
0 0.003125 0.006250 -0.005208 -0.010937
0 0.006250 0.010547 -0.011458 -0.021094
0 0.006250 0.010547 -0.011458 -0.021094
0 0.006250 0.010547 -0.011458 -0.021094
0 0.004427 0.007422 -0.007812 -0.014844
0 0.004427 0.007422 -0.007812 -0.014844
0 0.004427 0.007422 -0.007812 -0.014844
0 0.004427 0.007422 -0.007812 -0.014844
0 0.004427 0.007422 -0.007812 -0.014844
0 0.003125 0.005859 -0.005208 -0.011719
0 0.004427 0.007422 -0.007812 -0.014844
0 0.004427 0.007422 -0.007812 -0.014844
0 0.006250 0.010547 -0.011458 -0.021094
0 0.006250 0.010547 -0.011458 -0.021094
0 0.004427 0.007422 -0.007812 -0.014844
0 0.006250 0.010547 -0.011458 -0.021094
0 0.004427 0.007422 -0.007812 -0.014844
0 0.006250 0.010547 -0.011458 -0.021094
0 0.003125 0.005859 -0.005208 -0.011719
0 0.006250 0.010547 -0.011458 -0.021094
0 0.004427 0.007422 -0.007812 -0.014844
0 0.006250 0.010547 -0.011458 -0.021094
0 0.004427 0.007422 -0.007812 -0.014844
0 0.004427 0.007422 -0.007812 -0.014844
0 0.004427 0.007422 -0.007812 -0.014844
0 0.003125 0.005859 -0.005208 -0.011719
0 0.004427 0.007422 -0.007812 -0.014844
0 0.006250 0.010547 -0.011458 -0.021094
0 0.004427 0.007422 -0.007812 -0.014844
0 0.004427 0.007422 -0.007812 -0.014844
0 0.004427 0.007422 -0.007812 -0.014844
0 0.006250 0.010547 -0.011458 -0.021094
0 0.006250 0.010547 -0.011458 -0.021094
0 0.006250 0.010547 -0.011458 -0.021094
0 0.004427 0.007422 -0.007812 -0.014844
0 0.006250 0.010547 -0.011458 -0.021094
0 0.006250 0.010547 -0.011458 -0.021094
0 0.004427 0.007422 -0.007812 -0.014844
0 0.006250 0.010547 -0.011458 -0.021094
0 0.004427 0.007422 -0.007812 -0.014844
0 0.006250 0.010547 -0.011458 -0.021094
0 0.006250 0.010547 -0.011458 -0.021094
0 0.006250 0.010547 -0.011458 -0.021094
0 0.003125 0.005859 -0.005208 -0.011719
0 0.006250 0.010547 -0.011458 -0.021094
0 0.005729 0.009766 -0.010417 -0.019531
0 0.006250 0.010547 -0.011458 -0.021094
0 0.006250 0.010547 -0.011458 -0.021094
0 0.003125 0.006250 -0.005208 -0.010937
0 0.006250 0.010547 -0.011458 -0.021094
0 0.004427 0.007422 -0.007812 -0.014844
0 0.004427 0.007422 -0.007812 -0.014844
0 0.006250 0.010547 -0.011458 -0.021094
0 0.004427 0.007422 -0.007812 -0.014844
0 0.006250 0.010547 -0.011458 -0.021094
0 0.003646 0.007031 -0.006250 -0.012500
0 0.006250 0.010547 -0.011458 -0.021094
0 0.006250 0.010547 -0.011458 -0.021094