0 0.016406 0.029167 -0.031250 -0.058333
0 0.016406 0.029167 -0.031250 -0.058333
0 0.017969 0.034722 -0.034375 -0.069444
0 0.017969 0.034722 -0.034375 -0.069444
0 0.017969 0.034722 -0.034375 -0.069444
0 0.017969 0.034722 -0.034375 -0.069444
0 0.017969 0.034722 -0.034375 -0.069444
0 0.016406 0.029167 -0.031250 -0.058333
0 0.017969 0.034722 -0.034375 -0.069444
0 0.017969 0.034722 -0.034375 -0.069444
0 0.017969 0.034722 -0.034375 -0.069444
0 0.017969 0.034722 -0.034375 -0.069444
0 0.017969 0.034722 -0.034375 -0.069444
0 0.017969 0.034722 -0.034375 -0.069444
0 0.017969 0.034722 -0.034375 -0.069444
0 0.017969 0.034722 -0.034375 -0.069444
0 0.016406 0.029167 -0.031250 -0.058333
0 0.017969 0.034722 -0.034375 -0.069444
0 0.017969 0.034722 -0.034375 -0.069444
0 0.017969 0.034722 -0.034375 -0.069444
0 0.016406 0.029167 -0.031250 -0.058333
0 0.016406 0.029167 -0.031250 -0.058333
0 0.017969 0.034722 -0.034375 -0.069444
0 0.016406 0.029167 -0.031250 -0.058333
0 0.016406 0.029167 -0.031250 -0.058333
0 0.017969 0.034722 -0.034375 -0.069444
0 0.017969 0.034722 -0.034375 -0.069444
0 0.016406 0.029167 -0.031250 -0.058333
0 0.017969 0.034722 -0.034375 -0.069444
0 0.016406 0.029167 -0.031250 -0.058333
0 0.016406 0.029167 -0.031250 -0.058333
0 0.016406 0.029167 -0.031250 -0.058333