0 0.008750 0.012500 -0.015000 -0.021667
0 0.015625 0.028333 -0.028750 -0.053333
0 0.038750 0.060000 -0.075000 -0.120000
0 0.008750 0.012500 -0.015000 -0.021667
0 0.038750 0.060000 -0.075000 -0.120000
0 0.008750 0.012500 -0.015000 -0.021667
0 0.027500 0.056667 -0.052500 -0.113333
0 0.015625 0.028333 -0.028750 -0.053333
0 0.015625 0.028333 -0.028750 -0.053333
0 0.027500 0.056667 -0.052500 -0.113333
0 0.025625 0.045833 -0.048750 -0.091667
0 0.038750 0.060000 -0.075000 -0.120000
0 0.024375 0.049167 -0.046250 -0.098333
0 0.008750 0.012500 -0.015000 -0.021667
0 0.025625 0.046667 -0.048750 -0.090000
0 0.008750 0.012500 -0.015000 -0.021667
0 0.025625 0.046667 -0.048750 -0.090000
0 0.015625 0.028333 -0.028750 -0.053333
0 0.027500 0.056667 -0.052500 -0.113333
0 0.027500 0.056667 -0.052500 -0.113333
0 0.027500 0.056667 -0.052500 -0.113333
0 0.008750 0.012500 -0.015000 -0.021667
0 0.038750 0.060000 -0.075000 -0.120000
0 0.015625 0.028333 -0.028750 -0.053333
0 0.008750 0.012500 -0.015000 -0.021667
0 0.027500 0.056667 -0.052500 -0.113333
0 0.027500 0.056667 -0.052500 -0.113333
0 0.027500 0.056667 -0.052500 -0.113333
0 0.008750 0.012500 -0.015000 -0.021667
0 0.015625 0.028333 -0.028750 -0.053333
0 0.015625 0.028333 -0.028750 -0.053333
0 0.027500 0.056667 -0.052500 -0.113333
0 0.030000 0.057500 -0.057500 -0.115000
0 0.027500 0.056667 -0.052500 -0.113333
0 0.015625 0.028333 -0.028750 -0.053333
0 0.008750 0.012500 -0.015000 -0.021667
0 0.027500 0.056667 -0.052500 -0.113333
0 0.008750 0.012500 -0.015000 -0.021667
0 0.027500 0.056667 -0.052500 -0.113333
0 0.038750 0.060000 -0.075000 -0.120000
0 0.020625 0.035833 -0.038750 -0.068333
0 0.027500 0.056667 -0.052500 -0.113333
0 0.021250 0.041667 -0.040000 -0.083333