0 0.019444 0.019444 -0.036111 -0.038889
0 0.007639 0.006111 -0.012500 -0.012222
0 0.019444 0.019444 -0.036111 -0.038889
0 0.007639 0.006111 -0.012500 -0.012222
0 0.007639 0.006111 -0.012500 -0.012222
0 0.007639 0.006111 -0.012500 -0.012222
0 0.007639 0.006111 -0.012500 -0.012222
0 0.007639 0.006111 -0.012500 -0.012222
0 0.007639 0.006111 -0.012500 -0.012222
0 0.007639 0.006111 -0.012500 -0.012222
0 0.007639 0.006111 -0.012500 -0.012222
0 0.007639 0.006111 -0.012500 -0.012222
0 0.007639 0.006111 -0.012500 -0.012222
0 0.007639 0.011111 -0.012500 -0.022222
0 0.007639 0.006111 -0.012500 -0.012222
0 0.007639 0.006111 -0.012500 -0.012222
0 0.007639 0.006111 -0.012500 -0.012222
0 0.024306 0.025556 -0.045833 -0.051111
0 0.007639 0.006111 -0.012500 -0.012222
0 0.007639 0.011111 -0.012500 -0.022222
0 0.007639 0.006111 -0.012500 -0.012222
0 0.007639 0.006111 -0.012500 -0.012222
0 0.007639 0.011111 -0.012500 -0.022222
0 0.019444 0.019444 -0.036111 -0.038889
0 0.007639 0.011111 -0.012500 -0.022222
0 0.007639 0.006111 -0.012500 -0.012222
0 0.038194 0.045000 -0.073611 -0.090000
0 0.007639 0.006111 -0.012500 -0.012222
0 0.007639 0.006111 -0.012500 -0.012222
0 0.007639 0.006111 -0.012500 -0.012222
0 0.007639 0.006111 -0.012500 -0.012222
0 0.007639 0.006111 -0.012500 -0.012222
0 0.007639 0.006111 -0.012500 -0.012222
0 0.019444 0.019444 -0.036111 -0.038889
0 0.007639 0.006111 -0.012500 -0.012222
0 0.007639 0.006111 -0.012500 -0.012222
0 0.007639 0.006111 -0.012500 -0.012222
0 0.007639 0.006111 -0.012500 -0.012222
0 0.007639 0.006111 -0.012500 -0.012222
0 0.007639 0.006111 -0.012500 -0.012222
0 0.007639 0.006111 -0.012500 -0.012222
0 0.024306 0.025556 -0.045833 -0.051111
0 0.007639 0.006111 -0.012500 -0.012222
0 0.007639 0.006111 -0.012500 -0.012222
0 0.024306 0.025556 -0.045833 -0.051111
0 0.007639 0.006111 -0.012500 -0.012222
0 0.007639 0.006111 -0.012500 -0.012222
0 0.007639 0.011111 -0.012500 -0.022222
0 0.007639 0.006111 -0.012500 -0.012222
0 0.007639 0.006111 -0.012500 -0.012222
0 0.007639 0.006111 -0.012500 -0.012222
0 0.007639 0.011111 -0.012500 -0.022222
0 0.024306 0.025556 -0.045833 -0.051111
0 0.007639 0.006111 -0.012500 -0.012222
0 0.007639 0.006111 -0.012500 -0.012222