0 0.013500 0.015766 -0.025000 -0.031532
0 0.012000 0.018018 -0.022000 -0.036036
0 0.012000 0.018018 -0.022000 -0.036036
0 0.013000 0.018769 -0.024000 -0.037538
0 0.014000 0.020270 -0.026000 -0.040541
0 0.013500 0.015766 -0.025000 -0.031532
0 0.013500 0.015766 -0.025000 -0.031532
0 0.012000 0.018018 -0.022000 -0.036036
0 0.013000 0.018769 -0.024000 -0.037538
0 0.014000 0.020270 -0.026000 -0.040541
0 0.013500 0.015766 -0.025000 -0.031532
0 0.012000 0.018018 -0.022000 -0.036036
0 0.014000 0.020270 -0.026000 -0.040541
0 0.014000 0.020270 -0.026000 -0.040541
0 0.012000 0.018018 -0.022000 -0.036036
0 0.012000 0.018018 -0.022000 -0.036036
0 0.013000 0.018769 -0.024000 -0.037538
0 0.012000 0.018018 -0.022000 -0.036036
0 0.012000 0.018018 -0.022000 -0.036036
0 0.014000 0.020270 -0.026000 -0.040541
0 0.013500 0.016517 -0.025000 -0.033033
0 0.013500 0.015766 -0.025000 -0.031532
0 0.012000 0.018018 -0.022000 -0.036036
0 0.012000 0.018018 -0.022000 -0.036036
0 0.013000 0.018769 -0.024000 -0.037538
0 0.013000 0.018769 -0.024000 -0.037538
0 0.012000 0.018018 -0.022000 -0.036036
0 0.013000 0.018769 -0.024000 -0.037538
0 0.012000 0.018018 -0.022000 -0.036036
0 0.012000 0.018018 -0.022000 -0.036036
0 0.012000 0.018018 -0.022000 -0.036036
0 0.013000 0.018769 -0.024000 -0.037538
0 0.012000 0.018018 -0.022000 -0.036036
0 0.012000 0.018018 -0.022000 -0.036036
0 0.013500 0.015766 -0.025000 -0.031532
0 0.013500 0.015766 -0.025000 -0.031532
0 0.012500 0.016517 -0.023000 -0.033033
0 0.013000 0.018769 -0.024000 -0.037538
0 0.013500 0.015766 -0.025000 -0.031532
0 0.012000 0.018018 -0.022000 -0.036036
0 0.013500 0.015766 -0.025000 -0.031532
0 0.014000 0.020270 -0.026000 -0.040541
0 0.014000 0.020270 -0.026000 -0.040541
0 0.013000 0.018769 -0.024000 -0.037538
0 0.014000 0.020270 -0.026000 -0.040541
0 0.012000 0.018018 -0.022000 -0.036036
0 0.013000 0.018769 -0.024000 -0.037538
0 0.012000 0.018018 -0.022000 -0.036036
0 0.014000 0.020270 -0.026000 -0.040541
0 0.013000 0.018769 -0.024000 -0.037538
0 0.013000 0.018769 -0.024000 -0.037538
0 0.014000 0.020270 -0.026000 -0.040541
0 0.013500 0.015766 -0.025000 -0.031532
0 0.013000 0.018769 -0.024000 -0.037538
0 0.013000 0.018769 -0.024000 -0.037538
0 0.013500 0.015766 -0.025000 -0.031532
0 0.013500 0.015766 -0.025000 -0.031532
0 0.013000 0.018769 -0.024000 -0.037538
0 0.013000 0.018769 -0.024000 -0.037538
0 0.012000 0.018018 -0.022000 -0.036036
0 0.012000 0.018018 -0.022000 -0.036036
0 0.012000 0.018018 -0.022000 -0.036036
0 0.013000 0.018769 -0.024000 -0.037538
0 0.013500 0.015766 -0.025000 -0.031532
0 0.013000 0.018769 -0.024000 -0.037538
0 0.012000 0.018018 -0.022000 -0.036036
0 0.012000 0.018018 -0.022000 -0.036036
0 0.012000 0.018018 -0.022000 -0.036036
0 0.014000 0.020270 -0.026000 -0.040541
0 0.012000 0.018018 -0.022000 -0.036036
0 0.012000 0.018018 -0.022000 -0.036036
0 0.012000 0.018018 -0.022000 -0.036036
0 0.013500 0.015766 -0.025000 -0.031532
0 0.012000 0.018018 -0.022000 -0.036036
0 0.013500 0.016517 -0.025000 -0.033033
0 0.013000 0.018769 -0.024000 -0.037538
0 0.014000 0.020270 -0.026000 -0.040541
0 0.013000 0.018769 -0.024000 -0.037538
0 0.014000 0.020270 -0.026000 -0.040541
0 0.013000 0.018769 -0.024000 -0.037538
0 0.013500 0.015766 -0.025000 -0.031532
0 0.014000 0.020270 -0.026000 -0.040541
0 0.012000 0.018018 -0.022000 -0.036036
0 0.013000 0.018769 -0.024000 -0.037538
0 0.013000 0.018769 -0.024000 -0.037538
0 0.014000 0.020270 -0.026000 -0.040541
0 0.013000 0.018769 -0.024000 -0.037538
0 0.013000 0.018769 -0.024000 -0.037538
0 0.012000 0.018018 -0.022000 -0.036036
0 0.014000 0.020270 -0.026000 -0.040541
0 0.013500 0.015766 -0.025000 -0.031532
0 0.013000 0.018769 -0.024000 -0.037538
0 0.013000 0.018769 -0.024000 -0.037538
0 0.014000 0.020270 -0.026000 -0.040541
0 0.012000 0.018018 -0.022000 -0.036036
0 0.012000 0.018018 -0.022000 -0.036036
0 0.014000 0.020270 -0.026000 -0.040541
0 0.014000 0.020270 -0.026000 -0.040541
0 0.012000 0.018018 -0.022000 -0.036036
0 0.014000 0.020270 -0.026000 -0.040541
0 0.013000 0.018769 -0.024000 -0.037538
0 0.013500 0.016517 -0.025000 -0.033033
0 0.013500 0.015766 -0.025000 -0.031532
0 0.013000 0.018769 -0.024000 -0.037538
0 0.014000 0.020270 -0.026000 -0.040541
0 0.013000 0.018769 -0.024000 -0.037538
0 0.014000 0.020270 -0.026000 -0.040541
0 0.013500 0.015766 -0.025000 -0.031532
0 0.014000 0.020270 -0.026000 -0.040541
0 0.014000 0.020270 -0.026000 -0.040541
0 0.013500 0.015766 -0.025000 -0.031532
0 0.012000 0.018018 -0.022000 -0.036036
0 0.014000 0.020270 -0.026000 -0.040541
0 0.013500 0.015766 -0.025000 -0.031532
0 0.012000 0.018018 -0.022000 -0.036036
0 0.012000 0.018018 -0.022000 -0.036036
0 0.013000 0.018769 -0.024000 -0.037538
0 0.012000 0.018018 -0.022000 -0.036036
0 0.014000 0.020270 -0.026000 -0.040541
0 0.013000 0.018769 -0.024000 -0.037538
0 0.013000 0.018769 -0.024000 -0.037538
0 0.013500 0.015766 -0.025000 -0.031532
0 0.013000 0.018769 -0.024000 -0.037538
0 0.013500 0.015766 -0.025000 -0.031532
0 0.014000 0.020270 -0.026000 -0.040541
0 0.012000 0.018018 -0.022000 -0.036036
0 0.012000 0.018018 -0.022000 -0.036036
0 0.012000 0.018018 -0.022000 -0.036036
0 0.012000 0.018018 -0.022000 -0.036036
0 0.012000 0.018018 -0.022000 -0.036036
0 0.012000 0.018018 -0.022000 -0.036036
0 0.013000 0.018769 -0.024000 -0.037538
0 0.013000 0.018769 -0.024000 -0.037538
0 0.014000 0.020270 -0.026000 -0.040541
0 0.014000 0.020270 -0.026000 -0.040541
0 0.013000 0.018769 -0.024000 -0.037538
0 0.013500 0.015766 -0.025000 -0.031532
0 0.014000 0.020270 -0.026000 -0.040541
0 0.013000 0.018769 -0.024000 -0.037538
0 0.013500 0.015766 -0.025000 -0.031532
0 0.013500 0.015766 -0.025000 -0.031532
0 0.013500 0.015766 -0.025000 -0.031532
0 0.012000 0.018018 -0.022000 -0.036036
0 0.013000 0.018769 -0.024000 -0.037538
0 0.014000 0.020270 -0.026000 -0.040541
0 0.013500 0.015766 -0.025000 -0.031532
0 0.013000 0.018769 -0.024000 -0.037538
0 0.014000 0.020270 -0.026000 -0.040541
0 0.013500 0.015766 -0.025000 -0.031532
0 0.013500 0.015766 -0.025000 -0.031532
0 0.014000 0.020270 -0.026000 -0.040541
0 0.013500 0.015766 -0.025000 -0.031532
0 0.013500 0.015766 -0.025000 -0.031532
0 0.014000 0.020270 -0.026000 -0.040541
0 0.014000 0.020270 -0.026000 -0.040541
0 0.013000 0.018769 -0.024000 -0.037538
0 0.014000 0.020270 -0.026000 -0.040541
0 0.014000 0.020270 -0.026000 -0.040541
0 0.013500 0.015766 -0.025000 -0.031532
0 0.014000 0.020270 -0.026000 -0.040541
0 0.014000 0.020270 -0.026000 -0.040541
0 0.013500 0.015766 -0.025000 -0.031532
0 0.012000 0.018018 -0.022000 -0.036036
0 0.014000 0.020270 -0.026000 -0.040541
0 0.013000 0.018769 -0.024000 -0.037538
0 0.014000 0.020270 -0.026000 -0.040541
0 0.013000 0.018769 -0.024000 -0.037538
0 0.012000 0.018018 -0.022000 -0.036036
0 0.014000 0.020270 -0.026000 -0.040541
0 0.013500 0.015766 -0.025000 -0.031532
0 0.013000 0.018769 -0.024000 -0.037538
0 0.013000 0.018769 -0.024000 -0.037538
0 0.014000 0.020270 -0.026000 -0.040541
0 0.014000 0.020270 -0.026000 -0.040541
0 0.013500 0.015766 -0.025000 -0.031532
0 0.013500 0.015766 -0.025000 -0.031532
0 0.013500 0.015766 -0.025000 -0.031532
0 0.013500 0.015766 -0.025000 -0.031532
0 0.013000 0.018769 -0.024000 -0.037538
0 0.013000 0.018769 -0.024000 -0.037538
0 0.012000 0.018018 -0.022000 -0.036036
0 0.013500 0.015766 -0.025000 -0.031532
0 0.013500 0.015766 -0.025000 -0.031532
0 0.012000 0.018018 -0.022000 -0.036036
0 0.012000 0.018018 -0.022000 -0.036036
0 0.014000 0.020270 -0.026000 -0.040541
0 0.014000 0.020270 -0.026000 -0.040541
0 0.014000 0.020270 -0.026000 -0.040541
0 0.013500 0.015766 -0.025000 -0.031532
0 0.014000 0.020270 -0.026000 -0.040541
0 0.012000 0.018018 -0.022000 -0.036036
0 0.014000 0.020270 -0.026000 -0.040541
0 0.013500 0.015766 -0.025000 -0.031532
0 0.012000 0.018018 -0.022000 -0.036036
0 0.012000 0.018018 -0.022000 -0.036036
0 0.014000 0.020270 -0.026000 -0.040541
0 0.013500 0.015766 -0.025000 -0.031532
0 0.012000 0.018018 -0.022000 -0.036036
0 0.013000 0.018769 -0.024000 -0.037538
0 0.013000 0.018769 -0.024000 -0.037538
0 0.013000 0.018769 -0.024000 -0.037538
0 0.012000 0.018018 -0.022000 -0.036036
0 0.012000 0.018018 -0.022000 -0.036036
0 0.013000 0.018769 -0.024000 -0.037538
0 0.013000 0.018769 -0.024000 -0.037538
0 0.013000 0.018769 -0.024000 -0.037538
0 0.014000 0.020270 -0.026000 -0.040541
0 0.014000 0.020270 -0.026000 -0.040541
0 0.012000 0.018018 -0.022000 -0.036036
0 0.013500 0.015766 -0.025000 -0.031532
0 0.013000 0.018769 -0.024000 -0.037538