0 0.005469 0.012963 -0.009896 -0.025926
0 0.004427 0.011111 -0.007812 -0.022222
0 0.004948 0.009259 -0.008854 -0.018519
0 0.005469 0.011111 -0.009896 -0.022222
0 0.011719 0.050000 -0.022396 -0.100000
0 0.005469 0.012963 -0.009896 -0.025926
0 0.005469 0.011111 -0.009896 -0.022222
0 0.005469 0.012963 -0.009896 -0.025926
0 0.016146 0.028241 -0.031250 -0.056481
0 0.005469 0.011574 -0.009896 -0.023148
0 0.010156 0.022685 -0.019271 -0.045370
0 0.005469 0.011111 -0.009896 -0.022222
0 0.007292 0.014352 -0.013542 -0.028704
0 0.006510 0.009259 -0.011979 -0.018519
0 0.005469 0.011111 -0.009896 -0.022222
0 0.005990 0.017130 -0.010937 -0.034259
0 0.008333 0.013426 -0.015625 -0.026852
0 0.005469 0.011574 -0.009896 -0.023148
0 0.002344 0.010648 -0.003646 -0.021296
0 0.010677 0.019444 -0.020313 -0.038889