0 0.005000 0.009643 -0.008824 -0.019286
0 0.011471 0.025554 -0.020588 -0.051109
0 0.008824 0.018322 -0.016471 -0.036644
0 0.011176 0.025554 -0.021176 -0.051109
0 0.005000 0.009643 -0.008824 -0.019286
0 0.011176 0.025554 -0.021176 -0.051109
0 0.010000 0.021697 -0.018824 -0.043394
0 0.004706 0.010608 -0.008235 -0.021215
0 0.004706 0.010608 -0.008235 -0.021215
0 0.005000 0.010608 -0.007647 -0.021215
0 0.005294 0.009643 -0.008235 -0.019286
0 0.002941 0.005304 -0.004706 -0.010608
0 0.004706 0.010608 -0.008235 -0.021215
0 0.005000 0.009643 -0.008824 -0.019286
0 0.004706 0.010608 -0.008235 -0.021215
0 0.005000 0.009643 -0.008824 -0.019286
0 0.004706 0.010608 -0.008235 -0.021215
0 0.005000 0.009643 -0.008824 -0.019286
0 0.004706 0.010608 -0.008235 -0.021215
0 0.008824 0.018322 -0.016471 -0.036644
0 0.009118 0.018322 -0.015882 -0.036644
0 0.004706 0.010608 -0.008235 -0.021215
0 0.011176 0.025554 -0.021176 -0.051109
0 0.004706 0.010608 -0.008235 -0.021215
0 0.004706 0.010608 -0.008235 -0.021215
0 0.008824 0.018322 -0.016471 -0.036644
0 0.005000 0.010608 -0.007647 -0.021215
0 0.009118 0.018322 -0.015882 -0.036644
0 0.002941 0.005304 -0.004706 -0.010608
0 0.002941 0.005304 -0.004706 -0.010608
0 0.005000 0.009643 -0.008824 -0.019286
0 0.008824 0.018322 -0.016471 -0.036644
0 0.004706 0.010608 -0.008235 -0.021215
0 0.002941 0.005304 -0.004706 -0.010608
0 0.011471 0.025554 -0.020588 -0.051109
0 0.004706 0.010608 -0.008235 -0.021215
0 0.004706 0.010608 -0.008235 -0.021215
0 0.008824 0.018322 -0.016471 -0.036644
0 0.004706 0.010608 -0.008235 -0.021215
0 0.005000 0.009643 -0.008824 -0.019286
0 0.009118 0.018322 -0.015882 -0.036644
0 0.005000 0.009643 -0.008824 -0.019286
0 0.005000 0.009643 -0.008824 -0.019286
0 0.004706 0.010608 -0.008235 -0.021215
0 0.005000 0.009643 -0.008824 -0.019286
0 0.004706 0.010608 -0.008235 -0.021215
0 0.009118 0.018322 -0.015882 -0.036644
0 0.008824 0.018322 -0.016471 -0.036644
0 0.002941 0.005304 -0.004706 -0.010608
0 0.008824 0.018322 -0.016471 -0.036644
0 0.004706 0.010608 -0.008235 -0.021215
0 0.004706 0.010608 -0.008235 -0.021215
0 0.008824 0.018322 -0.016471 -0.036644
0 0.004706 0.010608 -0.008235 -0.021215
0 0.004706 0.010608 -0.008235 -0.021215
0 0.008824 0.018322 -0.016471 -0.036644
0 0.002941 0.005304 -0.004706 -0.010608
0 0.004706 0.010608 -0.008235 -0.021215
0 0.002941 0.005304 -0.004706 -0.010608
0 0.004706 0.010608 -0.008235 -0.021215
0 0.004706 0.010608 -0.008235 -0.021215
0 0.008824 0.018322 -0.016471 -0.036644
0 0.002941 0.005304 -0.004706 -0.010608
0 0.011176 0.025554 -0.021176 -0.051109
0 0.002941 0.005304 -0.004706 -0.010608
0 0.008824 0.018322 -0.016471 -0.036644
0 0.008824 0.018322 -0.016471 -0.036644
0 0.004706 0.010608 -0.008235 -0.021215
0 0.004706 0.010608 -0.008235 -0.021215
0 0.004706 0.010608 -0.008235 -0.021215
0 0.004706 0.010608 -0.008235 -0.021215
0 0.004706 0.010608 -0.008235 -0.021215
0 0.004706 0.010608 -0.008235 -0.021215
0 0.011176 0.025554 -0.021176 -0.051109
0 0.008824 0.018322 -0.016471 -0.036644
0 0.004706 0.010608 -0.008235 -0.021215
0 0.002941 0.005304 -0.004706 -0.010608
0 0.009118 0.018322 -0.015882 -0.036644
0 0.004706 0.010608 -0.008235 -0.021215
0 0.008824 0.018322 -0.016471 -0.036644
0 0.011471 0.025554 -0.020588 -0.051109
0 0.002941 0.005304 -0.004706 -0.010608
0 0.005000 0.009643 -0.008824 -0.019286
0 0.005000 0.009643 -0.008824 -0.019286
0 0.008824 0.018322 -0.016471 -0.036644
0 0.011471 0.025554 -0.020588 -0.051109
0 0.008824 0.018322 -0.016471 -0.036644
0 0.004706 0.010608 -0.008235 -0.021215
0 0.008824 0.018322 -0.016471 -0.036644
0 0.004118 0.009161 -0.007059 -0.018322
0 0.008824 0.018322 -0.016471 -0.036644
0 0.002941 0.005304 -0.004706 -0.010608
0 0.004706 0.010608 -0.008235 -0.021215
0 0.004706 0.010608 -0.008235 -0.021215
0 0.002941 0.005304 -0.004706 -0.010608
0 0.008824 0.018322 -0.016471 -0.036644
0 0.008824 0.018322 -0.016471 -0.036644
0 0.004706 0.010608 -0.008235 -0.021215
0 0.011471 0.025554 -0.020588 -0.051109
0 0.008824 0.018322 -0.016471 -0.036644
0 0.002941 0.005304 -0.004706 -0.010608
0 0.002941 0.005304 -0.004706 -0.010608
0 0.008824 0.018322 -0.016471 -0.036644
0 0.004706 0.010608 -0.008235 -0.021215
0 0.002941 0.005304 -0.004706 -0.010608
0 0.008824 0.018322 -0.016471 -0.036644
0 0.009118 0.018322 -0.015882 -0.036644
0 0.004706 0.010608 -0.008235 -0.021215
0 0.005000 0.009643 -0.008824 -0.019286
0 0.011176 0.025554 -0.021176 -0.051109
0 0.004706 0.010608 -0.008235 -0.021215
0 0.004412 0.008197 -0.007647 -0.016393
0 0.004706 0.010608 -0.008235 -0.021215
0 0.004706 0.010608 -0.008235 -0.021215
0 0.010000 0.021697 -0.018824 -0.043394
0 0.002941 0.005304 -0.004706 -0.010608
0 0.005000 0.009643 -0.008824 -0.019286
0 0.002941 0.005304 -0.004706 -0.010608
0 0.004706 0.010608 -0.008235 -0.021215
0 0.002941 0.005304 -0.004706 -0.010608
0 0.004706 0.010125 -0.008235 -0.020251
0 0.004706 0.010608 -0.008235 -0.021215
0 0.004706 0.010608 -0.008235 -0.021215
0 0.005000 0.009643 -0.008824 -0.019286
0 0.005000 0.009643 -0.008824 -0.019286
0 0.004706 0.010125 -0.008235 -0.020251
0 0.002941 0.005304 -0.004706 -0.010608
0 0.002941 0.005304 -0.004706 -0.010608
0 0.002941 0.005304 -0.004706 -0.010608
0 0.004706 0.010608 -0.008235 -0.021215
0 0.008824 0.018322 -0.016471 -0.036644
0 0.005000 0.009643 -0.008824 -0.019286
0 0.011176 0.025554 -0.021176 -0.051109
0 0.004706 0.010608 -0.008235 -0.021215
0 0.005294 0.009643 -0.008235 -0.019286
0 0.011176 0.025554 -0.021176 -0.051109
0 0.004706 0.010608 -0.008235 -0.021215
0 0.004706 0.010608 -0.008235 -0.021215
0 0.005000 0.009643 -0.008824 -0.019286
0 0.004706 0.010608 -0.008235 -0.021215
0 0.004706 0.010125 -0.008235 -0.020251
0 0.004706 0.010608 -0.008235 -0.021215
0 0.002941 0.005304 -0.004706 -0.010608
0 0.005000 0.009643 -0.008824 -0.019286
0 0.011176 0.025554 -0.021176 -0.051109
0 0.011176 0.025554 -0.021176 -0.051109
0 0.004706 0.010608 -0.008235 -0.021215
0 0.005000 0.009643 -0.008824 -0.019286
0 0.011471 0.025554 -0.020588 -0.051109
0 0.004706 0.010608 -0.008235 -0.021215
0 0.011176 0.025554 -0.021176 -0.051109
0 0.011471 0.025554 -0.020588 -0.051109
0 0.004706 0.010125 -0.008235 -0.020251
0 0.002941 0.005304 -0.004706 -0.010608
0 0.008824 0.018322 -0.016471 -0.036644
0 0.005000 0.009643 -0.008824 -0.019286
0 0.009118 0.018322 -0.015882 -0.036644
0 0.005000 0.009643 -0.008824 -0.019286
0 0.009118 0.018322 -0.015882 -0.036644
0 0.011471 0.025554 -0.020588 -0.051109
0 0.005000 0.009643 -0.008824 -0.019286
0 0.011471 0.025554 -0.020588 -0.051109
0 0.008824 0.018322 -0.016471 -0.036644
0 0.002941 0.005304 -0.004706 -0.010608
0 0.004706 0.010608 -0.008235 -0.021215
0 0.011176 0.025554 -0.021176 -0.051109
0 0.004706 0.010608 -0.008235 -0.021215
0 0.008824 0.018322 -0.016471 -0.036644
0 0.008824 0.018322 -0.016471 -0.036644
0 0.008824 0.018322 -0.016471 -0.036644
0 0.005000 0.009643 -0.008824 -0.019286
0 0.005000 0.009643 -0.008824 -0.019286
0 0.008824 0.018322 -0.016471 -0.036644
0 0.008824 0.018322 -0.016471 -0.036644
0 0.004706 0.010608 -0.008235 -0.021215
0 0.005000 0.009643 -0.008824 -0.019286
0 0.004706 0.010608 -0.008235 -0.021215
0 0.011176 0.025554 -0.021176 -0.051109
0 0.008824 0.018322 -0.016471 -0.036644
0 0.011176 0.025554 -0.021176 -0.051109
0 0.011176 0.025554 -0.021176 -0.051109
0 0.002941 0.005304 -0.004706 -0.010608
0 0.011176 0.025554 -0.021176 -0.051109
0 0.004706 0.010608 -0.008235 -0.021215
0 0.011176 0.025554 -0.021176 -0.051109
0 0.004706 0.010608 -0.008235 -0.021215
0 0.011176 0.025554 -0.021176 -0.051109
0 0.011176 0.025554 -0.021176 -0.051109
0 0.011176 0.025554 -0.021176 -0.051109
0 0.008824 0.018322 -0.016471 -0.036644
0 0.011176 0.025554 -0.021176 -0.051109
0 0.005000 0.009643 -0.008824 -0.019286
0 0.009118 0.018322 -0.015882 -0.036644
0 0.011471 0.025554 -0.020588 -0.051109
0 0.002941 0.005304 -0.004706 -0.010608
0 0.005000 0.009643 -0.008824 -0.019286
0 0.011176 0.025554 -0.021176 -0.051109
0 0.002941 0.005304 -0.004706 -0.010608
0 0.002941 0.005304 -0.004706 -0.010608
0 0.005000 0.009643 -0.008824 -0.019286
0 0.008824 0.018322 -0.016471 -0.036644
0 0.011471 0.025554 -0.020588 -0.051109
0 0.008824 0.018322 -0.016471 -0.036644
0 0.004706 0.010608 -0.008235 -0.021215
0 0.002941 0.005304 -0.004706 -0.010608
0 0.005294 0.009643 -0.008235 -0.019286
0 0.009118 0.018322 -0.015882 -0.036644
0 0.004706 0.010608 -0.008235 -0.021215
0 0.005000 0.009643 -0.008824 -0.019286
0 0.004706 0.010608 -0.008235 -0.021215
0 0.008824 0.018322 -0.016471 -0.036644
0 0.004706 0.010608 -0.008235 -0.021215
0 0.009412 0.019769 -0.017647 -0.039537
0 0.002941 0.005304 -0.004706 -0.010608
0 0.008824 0.018322 -0.016471 -0.036644
0 0.005000 0.009643 -0.008824 -0.019286
0 0.008824 0.018322 -0.016471 -0.036644
0 0.008824 0.018322 -0.016471 -0.036644
0 0.011176 0.025554 -0.021176 -0.051109
0 0.005000 0.009643 -0.008824 -0.019286
0 0.002941 0.005304 -0.004706 -0.010608
0 0.009118 0.018322 -0.015882 -0.036644
0 0.011176 0.025554 -0.021176 -0.051109
0 0.008824 0.018322 -0.016471 -0.036644
0 0.004706 0.010608 -0.008235 -0.021215
0 0.008824 0.018322 -0.016471 -0.036644
0 0.004706 0.010608 -0.008235 -0.021215
0 0.011176 0.025554 -0.021176 -0.051109
0 0.004706 0.010608 -0.008235 -0.021215
0 0.005000 0.009643 -0.008824 -0.019286
0 0.002941 0.005304 -0.004706 -0.010608
0 0.004706 0.010608 -0.008235 -0.021215
0 0.004706 0.010608 -0.008235 -0.021215
0 0.008824 0.018322 -0.016471 -0.036644
0 0.008824 0.018322 -0.016471 -0.036644
0 0.011176 0.025554 -0.021176 -0.051109
0 0.004706 0.010608 -0.008235 -0.021215
0 0.004706 0.010608 -0.008235 -0.021215
0 0.004706 0.010608 -0.008235 -0.021215
0 0.011176 0.025554 -0.021176 -0.051109
0 0.004706 0.010608 -0.008235 -0.021215
0 0.002941 0.005304 -0.004706 -0.010608
0 0.004706 0.010608 -0.008235 -0.021215
0 0.004706 0.010608 -0.008235 -0.021215
0 0.008824 0.018322 -0.016471 -0.036644
0 0.005294 0.009643 -0.008235 -0.019286
0 0.005000 0.009643 -0.008824 -0.019286
0 0.010000 0.021697 -0.018824 -0.043394
0 0.005294 0.009643 -0.008235 -0.019286
0 0.004706 0.010608 -0.008235 -0.021215
0 0.011176 0.025554 -0.021176 -0.051109
0 0.005000 0.009643 -0.008824 -0.019286
0 0.005000 0.010608 -0.007647 -0.021215
0 0.009118 0.018322 -0.015882 -0.036644
0 0.008824 0.018322 -0.016471 -0.036644
0 0.008824 0.018322 -0.016471 -0.036644
0 0.005000 0.009643 -0.008824 -0.019286
0 0.011176 0.025554 -0.021176 -0.051109
0 0.008824 0.018322 -0.016471 -0.036644
0 0.004706 0.010608 -0.008235 -0.021215
0 0.004706 0.010608 -0.008235 -0.021215
0 0.002941 0.005304 -0.004706 -0.010608
0 0.011471 0.025554 -0.020588 -0.051109
0 0.005294 0.009643 -0.008235 -0.019286
0 0.004706 0.010608 -0.008235 -0.021215
0 0.011176 0.025554 -0.021176 -0.051109
0 0.005000 0.009643 -0.008824 -0.019286
0 0.005000 0.009643 -0.008824 -0.019286
0 0.011471 0.025554 -0.020588 -0.051109
0 0.004706 0.010608 -0.008235 -0.021215
0 0.009118 0.018322 -0.015882 -0.036644
0 0.002941 0.005304 -0.004706 -0.010608
0 0.003824 0.007232 -0.006471 -0.014465
0 0.004706 0.010608 -0.008235 -0.021215
0 0.011176 0.025554 -0.021176 -0.051109
0 0.008824 0.018322 -0.016471 -0.036644
0 0.004706 0.010608 -0.008235 -0.021215
0 0.004706 0.010608 -0.008235 -0.021215
0 0.005000 0.009643 -0.008824 -0.019286
0 0.004706 0.010608 -0.008235 -0.021215
0 0.005000 0.009643 -0.008824 -0.019286
0 0.002941 0.005304 -0.004706 -0.010608
0 0.008824 0.018322 -0.016471 -0.036644
0 0.008824 0.018322 -0.016471 -0.036644
0 0.004706 0.010608 -0.008235 -0.021215
0 0.008824 0.018322 -0.016471 -0.036644
0 0.004706 0.010608 -0.008235 -0.021215
0 0.004706 0.010608 -0.008235 -0.021215
0 0.011176 0.025554 -0.021176 -0.051109
0 0.011176 0.025554 -0.021176 -0.051109
0 0.002941 0.005304 -0.004706 -0.010608
0 0.005000 0.009643 -0.008824 -0.019286
0 0.002941 0.005304 -0.004706 -0.010608
0 0.002941 0.005304 -0.004706 -0.010608
0 0.004706 0.010608 -0.008235 -0.021215
0 0.005000 0.009643 -0.008824 -0.019286
0 0.005000 0.009643 -0.008824 -0.019286
0 0.011176 0.025554 -0.021176 -0.051109
0 0.008824 0.018322 -0.016471 -0.036644
0 0.004706 0.010608 -0.008235 -0.021215
0 0.004706 0.010608 -0.008235 -0.021215
0 0.004706 0.010608 -0.008235 -0.021215
0 0.008824 0.018322 -0.016471 -0.036644
0 0.009118 0.018322 -0.015882 -0.036644
0 0.004706 0.010608 -0.008235 -0.021215
0 0.004706 0.010608 -0.008235 -0.021215
0 0.008824 0.018322 -0.016471 -0.036644
0 0.002941 0.005304 -0.004706 -0.010608
0 0.002941 0.005304 -0.004706 -0.010608
0 0.011176 0.025554 -0.021176 -0.051109
0 0.004706 0.010608 -0.008235 -0.021215
0 0.004706 0.010608 -0.008235 -0.021215
0 0.005000 0.009643 -0.008824 -0.019286
0 0.002941 0.005304 -0.004706 -0.010608
0 0.011471 0.025554 -0.020588 -0.051109
0 0.008824 0.018322 -0.016471 -0.036644
0 0.002941 0.005304 -0.004706 -0.010608
0 0.005000 0.009643 -0.008824 -0.019286
0 0.005000 0.009643 -0.008824 -0.019286
0 0.002941 0.005304 -0.004706 -0.010608
0 0.005000 0.009643 -0.008824 -0.019286
0 0.002941 0.005304 -0.004706 -0.010608
0 0.005000 0.009643 -0.008824 -0.019286
0 0.005000 0.009643 -0.008824 -0.019286
0 0.004706 0.010608 -0.008235 -0.021215
0 0.002941 0.005304 -0.004706 -0.010608
0 0.005294 0.009643 -0.008235 -0.019286
0 0.009118 0.018322 -0.015882 -0.036644
0 0.004706 0.010608 -0.008235 -0.021215
0 0.008824 0.018322 -0.016471 -0.036644
0 0.005000 0.009643 -0.008824 -0.019286
0 0.011176 0.025554 -0.021176 -0.051109
0 0.004706 0.010608 -0.008235 -0.021215
0 0.004706 0.010608 -0.008235 -0.021215
0 0.008824 0.018322 -0.016471 -0.036644
0 0.005000 0.009643 -0.008824 -0.019286
0 0.004706 0.010608 -0.008235 -0.021215
0 0.002941 0.005304 -0.004706 -0.010608
0 0.004706 0.010608 -0.008235 -0.021215
0 0.005000 0.009643 -0.008824 -0.019286
0 0.005000 0.009643 -0.008824 -0.019286
0 0.010000 0.021697 -0.018824 -0.043394
0 0.005000 0.009643 -0.008824 -0.019286
0 0.004706 0.010125 -0.008235 -0.020251
0 0.002941 0.005304 -0.004706 -0.010608
0 0.002941 0.005304 -0.004706 -0.010608
0 0.008824 0.018322 -0.016471 -0.036644
0 0.004706 0.010608 -0.008235 -0.021215
0 0.002941 0.005304 -0.004706 -0.010608
0 0.002941 0.005304 -0.004706 -0.010608
0 0.002941 0.005304 -0.004706 -0.010608
0 0.008824 0.018322 -0.016471 -0.036644
0 0.004706 0.010608 -0.008235 -0.021215
0 0.005294 0.009643 -0.008235 -0.019286
0 0.011471 0.025554 -0.020588 -0.051109
0 0.008824 0.018322 -0.016471 -0.036644
0 0.008824 0.018322 -0.016471 -0.036644
0 0.004706 0.010608 -0.008235 -0.021215
0 0.011176 0.025554 -0.021176 -0.051109
0 0.011176 0.025554 -0.021176 -0.051109
0 0.008824 0.018322 -0.016471 -0.036644
0 0.011471 0.025554 -0.020588 -0.051109
0 0.004706 0.010608 -0.008235 -0.021215
0 0.004706 0.010608 -0.008235 -0.021215
0 0.004706 0.010608 -0.008235 -0.021215
0 0.002941 0.005304 -0.004706 -0.010608
0 0.011176 0.025554 -0.021176 -0.051109
0 0.011176 0.025554 -0.021176 -0.051109
0 0.004706 0.010608 -0.008235 -0.021215
0 0.011176 0.025554 -0.021176 -0.051109
0 0.004706 0.010608 -0.008235 -0.021215
0 0.004706 0.010125 -0.008235 -0.020251
0 0.008824 0.018322 -0.016471 -0.036644
0 0.011176 0.025554 -0.021176 -0.051109
0 0.011176 0.025554 -0.021176 -0.051109
0 0.002941 0.005304 -0.004706 -0.010608
0 0.005000 0.009643 -0.008824 -0.019286
0 0.008824 0.018322 -0.016471 -0.036644
0 0.004706 0.010608 -0.008235 -0.021215
0 0.004706 0.010608 -0.008235 -0.021215
0 0.009118 0.018322 -0.015882 -0.036644
0 0.004706 0.010608 -0.008235 -0.021215
0 0.011471 0.025554 -0.020588 -0.051109
0 0.004706 0.010608 -0.008235 -0.021215
0 0.005000 0.009643 -0.008824 -0.019286
0 0.005000 0.009643 -0.008824 -0.019286
0 0.005000 0.009643 -0.008824 -0.019286
0 0.004706 0.010608 -0.008235 -0.021215
0 0.008824 0.018322 -0.016471 -0.036644
0 0.004706 0.010608 -0.008235 -0.021215
0 0.008824 0.018322 -0.016471 -0.036644
0 0.005000 0.009643 -0.008824 -0.019286
0 0.002941 0.005304 -0.004706 -0.010608
0 0.005000 0.009643 -0.008824 -0.019286
0 0.002941 0.005304 -0.004706 -0.010608
0 0.004706 0.010608 -0.008235 -0.021215
0 0.002941 0.005304 -0.004706 -0.010608
0 0.004706 0.010608 -0.008235 -0.021215
0 0.009118 0.018322 -0.015882 -0.036644
0 0.004706 0.010608 -0.008235 -0.021215
0 0.002941 0.005304 -0.004706 -0.010608
0 0.002941 0.005304 -0.004706 -0.010608
0 0.004706 0.010608 -0.008235 -0.021215
0 0.005000 0.009643 -0.008824 -0.019286
0 0.002941 0.005304 -0.004706 -0.010608
0 0.008824 0.018322 -0.016471 -0.036644
0 0.008824 0.018322 -0.016471 -0.036644
0 0.004706 0.010608 -0.008235 -0.021215
0 0.002941 0.005304 -0.004706 -0.010608
0 0.011176 0.025554 -0.021176 -0.051109
0 0.005000 0.010608 -0.007647 -0.021215
0 0.004706 0.010608 -0.008235 -0.021215
0 0.005000 0.009643 -0.008824 -0.019286
0 0.002941 0.005304 -0.004706 -0.010608
0 0.004706 0.010608 -0.008235 -0.021215
0 0.011176 0.025554 -0.021176 -0.051109
0 0.008824 0.018322 -0.016471 -0.036644
0 0.005000 0.009643 -0.008824 -0.019286
0 0.002941 0.005304 -0.004706 -0.010608
0 0.011176 0.025554 -0.021176 -0.051109
0 0.004706 0.010608 -0.008235 -0.021215
0 0.004706 0.010608 -0.008235 -0.021215
0 0.008824 0.018322 -0.016471 -0.036644
0 0.004706 0.010608 -0.008235 -0.021215
0 0.005000 0.009643 -0.008824 -0.019286
0 0.004706 0.010608 -0.008235 -0.021215
0 0.008824 0.018322 -0.016471 -0.036644
0 0.004706 0.010608 -0.008235 -0.021215
0 0.005000 0.009643 -0.008824 -0.019286
0 0.002941 0.005304 -0.004706 -0.010608
0 0.004706 0.010608 -0.008235 -0.021215
0 0.008824 0.018322 -0.016471 -0.036644
0 0.005000 0.010608 -0.007647 -0.021215
0 0.004706 0.010608 -0.008235 -0.021215
0 0.002941 0.005304 -0.004706 -0.010608
0 0.011176 0.025554 -0.021176 -0.051109
0 0.008824 0.018322 -0.016471 -0.036644
0 0.011471 0.025554 -0.020588 -0.051109
0 0.008824 0.018322 -0.016471 -0.036644
0 0.004706 0.010608 -0.008235 -0.021215
0 0.005000 0.009643 -0.008824 -0.019286
0 0.011471 0.025554 -0.020588 -0.051109
0 0.005000 0.010608 -0.007647 -0.021215
0 0.002941 0.005304 -0.004706 -0.010608
0 0.008824 0.018322 -0.016471 -0.036644
0 0.011176 0.025554 -0.021176 -0.051109
0 0.002941 0.005304 -0.004706 -0.010608
0 0.011176 0.025554 -0.021176 -0.051109
0 0.011176 0.025554 -0.021176 -0.051109
0 0.011471 0.025554 -0.020588 -0.051109
0 0.004706 0.010608 -0.008235 -0.021215
0 0.011176 0.025554 -0.021176 -0.051109
0 0.005000 0.009643 -0.008824 -0.019286
0 0.005000 0.009643 -0.008824 -0.019286
0 0.008824 0.018322 -0.016471 -0.036644
0 0.011471 0.025554 -0.020588 -0.051109
0 0.005000 0.009643 -0.008824 -0.019286
0 0.008824 0.018322 -0.016471 -0.036644
0 0.004706 0.010608 -0.008235 -0.021215
0 0.008824 0.018322 -0.016471 -0.036644
0 0.002941 0.005304 -0.004706 -0.010608
0 0.008824 0.018322 -0.016471 -0.036644
0 0.009412 0.019769 -0.017647 -0.039537
0 0.004706 0.010608 -0.008235 -0.021215
0 0.004706 0.010608 -0.008235 -0.021215
0 0.008824 0.018322 -0.016471 -0.036644
0 0.005294 0.009643 -0.008235 -0.019286
0 0.004706 0.010608 -0.008235 -0.021215
0 0.009412 0.019769 -0.017647 -0.039537
0 0.004706 0.010608 -0.008235 -0.021215
0 0.008824 0.018322 -0.016471 -0.036644
0 0.005000 0.009643 -0.008824 -0.019286
0 0.005000 0.009643 -0.008824 -0.019286
0 0.004706 0.010608 -0.008235 -0.021215
0 0.008824 0.018322 -0.016471 -0.036644
0 0.002941 0.005304 -0.004706 -0.010608
0 0.005000 0.010608 -0.007647 -0.021215
0 0.011176 0.025554 -0.021176 -0.051109
0 0.002941 0.005304 -0.004706 -0.010608
0 0.005000 0.009643 -0.008824 -0.019286
0 0.011176 0.025554 -0.021176 -0.051109
0 0.008824 0.018322 -0.016471 -0.036644
0 0.004706 0.010125 -0.008235 -0.020251
0 0.005000 0.009643 -0.008824 -0.019286
0 0.002941 0.005304 -0.004706 -0.010608
0 0.008824 0.018322 -0.016471 -0.036644
0 0.011176 0.025554 -0.021176 -0.051109
0 0.002941 0.005304 -0.004706 -0.010608
0 0.008824 0.018322 -0.016471 -0.036644
0 0.004706 0.010608 -0.008235 -0.021215
0 0.002941 0.005304 -0.004706 -0.010608
0 0.008824 0.018322 -0.016471 -0.036644
0 0.008824 0.018322 -0.016471 -0.036644
0 0.004706 0.010125 -0.008235 -0.020251
0 0.004706 0.010608 -0.008235 -0.021215
0 0.008824 0.018322 -0.016471 -0.036644
0 0.005294 0.009643 -0.008235 -0.019286
0 0.008824 0.018322 -0.016471 -0.036644
0 0.004706 0.010608 -0.008235 -0.021215
0 0.011471 0.025554 -0.020588 -0.051109
0 0.002941 0.005304 -0.004706 -0.010608
0 0.004706 0.010608 -0.008235 -0.021215
0 0.002941 0.005304 -0.004706 -0.010608
0 0.008824 0.018322 -0.016471 -0.036644
0 0.005294 0.009643 -0.008235 -0.019286
0 0.008824 0.018322 -0.016471 -0.036644
0 0.004706 0.010608 -0.008235 -0.021215
0 0.009118 0.018322 -0.015882 -0.036644
0 0.004706 0.010608 -0.008235 -0.021215
0 0.005000 0.009643 -0.008824 -0.019286
0 0.004706 0.010608 -0.008235 -0.021215
0 0.005294 0.009643 -0.008235 -0.019286
0 0.009118 0.018322 -0.015882 -0.036644
0 0.008824 0.018322 -0.016471 -0.036644
0 0.009118 0.018322 -0.015882 -0.036644
0 0.005000 0.009643 -0.008824 -0.019286
0 0.004706 0.010608 -0.008235 -0.021215
0 0.004706 0.010608 -0.008235 -0.021215
0 0.005000 0.009643 -0.008824 -0.019286
0 0.004706 0.010608 -0.008235 -0.021215
0 0.011176 0.025554 -0.021176 -0.051109
0 0.011471 0.025554 -0.020588 -0.051109
0 0.004706 0.010608 -0.008235 -0.021215
0 0.002941 0.005304 -0.004706 -0.010608
0 0.005000 0.009643 -0.008824 -0.019286
0 0.002941 0.005304 -0.004706 -0.010608
0 0.008824 0.018322 -0.016471 -0.036644
0 0.008824 0.018322 -0.016471 -0.036644
0 0.005000 0.009643 -0.008824 -0.019286
0 0.008824 0.018322 -0.016471 -0.036644
0 0.004706 0.010608 -0.008235 -0.021215
0 0.004706 0.010608 -0.008235 -0.021215
0 0.004706 0.010608 -0.008235 -0.021215
0 0.002941 0.005304 -0.004706 -0.010608
0 0.005000 0.009643 -0.008824 -0.019286
0 0.008824 0.018322 -0.016471 -0.036644
0 0.011176 0.025554 -0.021176 -0.051109
0 0.011176 0.025554 -0.021176 -0.051109
0 0.011176 0.025554 -0.021176 -0.051109
0 0.004706 0.010608 -0.008235 -0.021215
0 0.002941 0.005304 -0.004706 -0.010608
0 0.011176 0.025554 -0.021176 -0.051109
0 0.008824 0.018322 -0.016471 -0.036644
0 0.002941 0.005304 -0.004706 -0.010608
0 0.008824 0.018322 -0.016471 -0.036644
0 0.008824 0.018322 -0.016471 -0.036644
0 0.008824 0.018322 -0.016471 -0.036644
0 0.008824 0.018322 -0.016471 -0.036644
0 0.004706 0.010608 -0.008235 -0.021215
0 0.008824 0.018322 -0.016471 -0.036644
0 0.005000 0.009643 -0.008824 -0.019286
0 0.004706 0.010608 -0.008235 -0.021215
0 0.008824 0.018322 -0.016471 -0.036644
0 0.011471 0.025554 -0.020588 -0.051109
0 0.005294 0.009643 -0.008235 -0.019286
0 0.005000 0.009643 -0.008824 -0.019286
0 0.003824 0.007232 -0.006471 -0.014465
0 0.004706 0.010608 -0.008235 -0.021215
0 0.005294 0.009643 -0.008235 -0.019286
0 0.002941 0.005304 -0.004706 -0.010608
0 0.002941 0.005304 -0.004706 -0.010608
0 0.004706 0.010125 -0.008235 -0.020251
0 0.005000 0.009643 -0.008824 -0.019286
0 0.004706 0.010608 -0.008235 -0.021215
0 0.004706 0.010608 -0.008235 -0.021215
0 0.011176 0.025554 -0.021176 -0.051109
0 0.008824 0.018322 -0.016471 -0.036644
0 0.009118 0.018322 -0.015882 -0.036644
0 0.010000 0.021697 -0.018824 -0.043394
0 0.011471 0.025554 -0.020588 -0.051109
0 0.011176 0.025554 -0.021176 -0.051109
0 0.008824 0.018322 -0.016471 -0.036644
0 0.004706 0.010608 -0.008235 -0.021215
0 0.004706 0.010608 -0.008235 -0.021215
0 0.004706 0.010608 -0.008235 -0.021215
0 0.004706 0.010608 -0.008235 -0.021215
0 0.002941 0.005304 -0.004706 -0.010608
0 0.004706 0.010608 -0.008235 -0.021215
0 0.008824 0.018322 -0.016471 -0.036644
0 0.011176 0.025554 -0.021176 -0.051109
0 0.008824 0.018322 -0.016471 -0.036644
0 0.004706 0.010608 -0.008235 -0.021215
0 0.008824 0.018322 -0.016471 -0.036644
0 0.008824 0.018322 -0.016471 -0.036644
0 0.008824 0.018322 -0.016471 -0.036644
0 0.004706 0.010608 -0.008235 -0.021215
0 0.008824 0.018322 -0.016471 -0.036644
0 0.005000 0.009643 -0.008824 -0.019286
0 0.008824 0.018322 -0.016471 -0.036644
0 0.008824 0.018322 -0.016471 -0.036644
0 0.009118 0.018322 -0.015882 -0.036644
0 0.008824 0.018322 -0.016471 -0.036644
0 0.005000 0.010608 -0.007647 -0.021215
0 0.004706 0.010608 -0.008235 -0.021215
0 0.005000 0.009643 -0.008824 -0.019286
0 0.008824 0.018322 -0.016471 -0.036644
0 0.004706 0.010608 -0.008235 -0.021215
0 0.005000 0.010608 -0.007647 -0.021215
0 0.011176 0.025554 -0.021176 -0.051109
0 0.004706 0.010608 -0.008235 -0.021215
0 0.008824 0.018322 -0.016471 -0.036644
0 0.005294 0.009643 -0.008235 -0.019286
0 0.005000 0.009643 -0.008824 -0.019286
0 0.011176 0.025554 -0.021176 -0.051109
0 0.004706 0.010608 -0.008235 -0.021215
0 0.004706 0.010608 -0.008235 -0.021215
0 0.005294 0.009643 -0.008235 -0.019286
0 0.011176 0.025554 -0.021176 -0.051109
0 0.011176 0.025554 -0.021176 -0.051109
0 0.004706 0.010608 -0.008235 -0.021215
0 0.011176 0.025554 -0.021176 -0.051109
0 0.008824 0.018322 -0.016471 -0.036644
0 0.003235 0.006268 -0.005294 -0.012536
0 0.004706 0.010608 -0.008235 -0.021215
0 0.008824 0.018322 -0.016471 -0.036644
0 0.004706 0.010608 -0.008235 -0.021215
0 0.004706 0.010608 -0.008235 -0.021215
0 0.005000 0.010608 -0.007647 -0.021215
0 0.004706 0.010608 -0.008235 -0.021215
0 0.008824 0.018322 -0.016471 -0.036644
0 0.005000 0.009643 -0.008824 -0.019286
0 0.008824 0.018322 -0.016471 -0.036644
0 0.004706 0.010608 -0.008235 -0.021215
0 0.002941 0.005304 -0.004706 -0.010608
0 0.011176 0.025554 -0.021176 -0.051109
0 0.005000 0.009643 -0.008824 -0.019286
0 0.004706 0.010608 -0.008235 -0.021215
0 0.005000 0.009643 -0.008824 -0.019286
0 0.002941 0.005304 -0.004706 -0.010608
0 0.002941 0.005304 -0.004706 -0.010608
0 0.002941 0.005304 -0.004706 -0.010608
0 0.008824 0.018322 -0.016471 -0.036644
0 0.004706 0.010125 -0.008235 -0.020251
0 0.002941 0.005304 -0.004706 -0.010608
0 0.008824 0.018322 -0.016471 -0.036644
0 0.011176 0.025554 -0.021176 -0.051109
0 0.005294 0.009643 -0.008235 -0.019286
0 0.004706 0.010608 -0.008235 -0.021215
0 0.005000 0.009643 -0.008824 -0.019286
0 0.009118 0.018322 -0.015882 -0.036644
0 0.004706 0.010608 -0.008235 -0.021215
0 0.008824 0.018322 -0.016471 -0.036644
0 0.008824 0.018322 -0.016471 -0.036644
0 0.002941 0.005304 -0.004706 -0.010608
0 0.002941 0.005304 -0.004706 -0.010608
0 0.004706 0.010608 -0.008235 -0.021215
0 0.004706 0.010608 -0.008235 -0.021215
0 0.002941 0.005304 -0.004706 -0.010608
0 0.004706 0.010608 -0.008235 -0.021215
0 0.004706 0.010608 -0.008235 -0.021215
0 0.008824 0.018322 -0.016471 -0.036644
0 0.005000 0.009643 -0.008824 -0.019286
0 0.004706 0.010608 -0.008235 -0.021215
0 0.004706 0.010608 -0.008235 -0.021215
0 0.004706 0.010608 -0.008235 -0.021215
0 0.005000 0.009643 -0.008824 -0.019286
0 0.011176 0.025554 -0.021176 -0.051109
0 0.002941 0.005304 -0.004706 -0.010608
0 0.004706 0.010608 -0.008235 -0.021215
0 0.005000 0.009643 -0.008824 -0.019286
0 0.004706 0.010608 -0.008235 -0.021215
0 0.011176 0.025554 -0.021176 -0.051109
0 0.005000 0.009643 -0.008824 -0.019286
0 0.004706 0.010608 -0.008235 -0.021215
0 0.008824 0.018322 -0.016471 -0.036644
0 0.002941 0.005304 -0.004706 -0.010608
0 0.005000 0.010608 -0.007647 -0.021215
0 0.004706 0.010608 -0.008235 -0.021215
0 0.011176 0.025554 -0.021176 -0.051109
0 0.002941 0.005304 -0.004706 -0.010608
0 0.002941 0.005304 -0.004706 -0.010608
0 0.005000 0.009643 -0.008824 -0.019286
0 0.008824 0.018322 -0.016471 -0.036644
0 0.002941 0.005304 -0.004706 -0.010608
0 0.002941 0.005304 -0.004706 -0.010608
0 0.003824 0.007232 -0.006471 -0.014465
0 0.004706 0.010608 -0.008235 -0.021215
0 0.011471 0.025554 -0.020588 -0.051109
0 0.011176 0.025554 -0.021176 -0.051109
0 0.005000 0.009643 -0.008824 -0.019286
0 0.004706 0.010608 -0.008235 -0.021215
0 0.008824 0.018322 -0.016471 -0.036644
0 0.004706 0.010608 -0.008235 -0.021215
0 0.004706 0.010608 -0.008235 -0.021215
0 0.004706 0.010608 -0.008235 -0.021215
0 0.002941 0.005304 -0.004706 -0.010608
0 0.004706 0.010608 -0.008235 -0.021215
0 0.005000 0.009643 -0.008824 -0.019286