0 0.051429 0.100000 -0.100000 -0.200000
0 0.030000 0.051429 -0.057143 -0.102857
0 0.019286 0.037143 -0.035714 -0.074286
0 0.024286 0.041429 -0.045714 -0.082857
0 0.050714 0.094286 -0.098571 -0.188571
0 0.052143 0.104286 -0.101429 -0.208571
0 0.060714 0.138571 -0.118571 -0.277143
0 0.030000 0.051429 -0.057143 -0.102857
0 0.060714 0.138571 -0.118571 -0.277143
0 0.024286 0.041429 -0.045714 -0.082857
0 0.024286 0.041429 -0.045714 -0.082857
0 0.016429 0.034286 -0.030000 -0.068571
0 0.048571 0.092857 -0.094286 -0.185714
0 0.024286 0.041429 -0.045714 -0.082857
0 0.048571 0.092857 -0.094286 -0.185714
0 0.060714 0.138571 -0.118571 -0.277143
0 0.052143 0.104286 -0.101429 -0.208571
0 0.044286 0.082857 -0.085714 -0.165714