0 0.012048 0.022484 -0.021687 -0.044968
0 0.022892 0.055675 -0.043373 -0.111349
0 0.004819 0.007495 -0.007229 -0.014989
0 0.012048 0.022484 -0.021687 -0.044968
0 0.012048 0.022484 -0.021687 -0.044968
0 0.009036 0.021413 -0.015663 -0.042827
0 0.012048 0.022484 -0.021687 -0.044968
0 0.022892 0.055675 -0.043373 -0.111349
0 0.012048 0.022484 -0.021687 -0.044968
0 0.012048 0.022484 -0.021687 -0.044968
0 0.027108 0.055675 -0.051807 -0.111349
0 0.009036 0.021413 -0.015663 -0.042827
0 0.012048 0.022484 -0.021687 -0.044968
0 0.012048 0.022484 -0.021687 -0.044968
0 0.012048 0.022484 -0.021687 -0.044968
0 0.002410 0.003212 -0.002410 -0.006424
0 0.018072 0.043897 -0.033735 -0.087794
0 0.002410 0.003212 -0.002410 -0.006424
0 0.009036 0.021413 -0.015663 -0.042827
0 0.009036 0.021413 -0.015663 -0.042827
0 0.012048 0.022484 -0.021687 -0.044968
0 0.012048 0.022484 -0.021687 -0.044968
0 0.009036 0.021413 -0.015663 -0.042827
0 0.002410 0.003212 -0.002410 -0.006424
0 0.009036 0.021413 -0.015663 -0.042827
0 0.012048 0.022484 -0.021687 -0.044968
0 0.027108 0.055675 -0.051807 -0.111349
0 0.002410 0.003212 -0.002410 -0.006424
0 0.012048 0.022484 -0.021687 -0.044968
0 0.002410 0.003212 -0.002410 -0.006424
0 0.027108 0.066381 -0.051807 -0.132762
0 0.018072 0.043897 -0.033735 -0.087794
0 0.009036 0.021413 -0.015663 -0.042827
0 0.027108 0.055675 -0.051807 -0.111349
0 0.002410 0.003212 -0.002410 -0.006424
0 0.012048 0.022484 -0.021687 -0.044968
0 0.009036 0.021413 -0.015663 -0.042827
0 0.012048 0.022484 -0.021687 -0.044968
0 0.012048 0.022484 -0.021687 -0.044968
0 0.002410 0.003212 -0.002410 -0.006424
0 0.012048 0.022484 -0.021687 -0.044968
0 0.012048 0.022484 -0.021687 -0.044968
0 0.009036 0.021413 -0.015663 -0.042827
0 0.004819 0.007495 -0.007229 -0.014989
0 0.027108 0.066381 -0.051807 -0.132762
0 0.012048 0.022484 -0.021687 -0.044968
0 0.009036 0.021413 -0.015663 -0.042827
0 0.012048 0.022484 -0.021687 -0.044968
0 0.012048 0.022484 -0.021687 -0.044968
0 0.009036 0.021413 -0.015663 -0.042827
0 0.012048 0.022484 -0.021687 -0.044968
0 0.012048 0.022484 -0.021687 -0.044968
0 0.026506 0.044968 -0.050602 -0.089936
0 0.012048 0.022484 -0.021687 -0.044968
0 0.012048 0.022484 -0.021687 -0.044968
0 0.002410 0.003212 -0.002410 -0.006424
0 0.009036 0.021413 -0.015663 -0.042827
0 0.009036 0.021413 -0.015663 -0.042827
0 0.012048 0.022484 -0.021687 -0.044968
0 0.012048 0.022484 -0.021687 -0.044968
0 0.015060 0.043897 -0.027711 -0.087794
0 0.002410 0.003212 -0.002410 -0.006424
0 0.012048 0.022484 -0.021687 -0.044968
0 0.012048 0.022484 -0.021687 -0.044968
0 0.027108 0.066381 -0.051807 -0.132762
0 0.012048 0.022484 -0.021687 -0.044968
0 0.012048 0.022484 -0.021687 -0.044968
0 0.027108 0.066381 -0.051807 -0.132762
0 0.009036 0.021413 -0.015663 -0.042827
0 0.009036 0.021413 -0.015663 -0.042827
0 0.006024 0.012848 -0.009639 -0.025696
0 0.002410 0.003212 -0.002410 -0.006424
0 0.012048 0.022484 -0.021687 -0.044968
0 0.012048 0.022484 -0.021687 -0.044968
0 0.022892 0.055675 -0.043373 -0.111349
0 0.009036 0.021413 -0.015663 -0.042827
0 0.012048 0.022484 -0.021687 -0.044968
0 0.022892 0.055675 -0.043373 -0.111349
0 0.012048 0.022484 -0.021687 -0.044968
0 0.012048 0.022484 -0.021687 -0.044968
0 0.012048 0.022484 -0.021687 -0.044968
0 0.012048 0.022484 -0.021687 -0.044968
0 0.012048 0.022484 -0.021687 -0.044968
0 0.012048 0.022484 -0.021687 -0.044968
0 0.012048 0.022484 -0.021687 -0.044968
0 0.012048 0.022484 -0.021687 -0.044968
0 0.009036 0.021413 -0.015663 -0.042827
0 0.012048 0.022484 -0.021687 -0.044968
0 0.012048 0.022484 -0.021687 -0.044968
0 0.022892 0.055675 -0.043373 -0.111349
0 0.012048 0.022484 -0.021687 -0.044968
0 0.002410 0.003212 -0.002410 -0.006424
0 0.009036 0.021413 -0.015663 -0.042827
0 0.022892 0.055675 -0.043373 -0.111349
0 0.027108 0.055675 -0.051807 -0.111349
0 0.009036 0.021413 -0.015663 -0.042827
0 0.002410 0.003212 -0.002410 -0.006424
0 0.009036 0.021413 -0.015663 -0.042827
0 0.009036 0.021413 -0.015663 -0.042827
0 0.012048 0.022484 -0.021687 -0.044968
0 0.009036 0.021413 -0.015663 -0.042827
0 0.012048 0.022484 -0.021687 -0.044968
0 0.012048 0.022484 -0.021687 -0.044968
0 0.012048 0.022484 -0.021687 -0.044968
0 0.012048 0.022484 -0.021687 -0.044968
0 0.009036 0.021413 -0.015663 -0.042827
0 0.022892 0.055675 -0.043373 -0.111349
0 0.022892 0.055675 -0.043373 -0.111349
0 0.009036 0.021413 -0.015663 -0.042827
0 0.012048 0.022484 -0.021687 -0.044968
0 0.012048 0.022484 -0.021687 -0.044968
0 0.012048 0.022484 -0.021687 -0.044968
0 0.018072 0.043897 -0.033735 -0.087794
0 0.012048 0.022484 -0.021687 -0.044968
0 0.022892 0.055675 -0.043373 -0.111349
0 0.002410 0.003212 -0.002410 -0.006424
0 0.022892 0.055675 -0.043373 -0.111349
0 0.027108 0.055675 -0.051807 -0.111349
0 0.012048 0.022484 -0.021687 -0.044968
0 0.009036 0.021413 -0.015663 -0.042827
0 0.012048 0.022484 -0.021687 -0.044968
0 0.012048 0.022484 -0.021687 -0.044968
0 0.012048 0.022484 -0.021687 -0.044968
0 0.009036 0.021413 -0.015663 -0.042827
0 0.012048 0.022484 -0.021687 -0.044968
0 0.022892 0.055675 -0.043373 -0.111349
0 0.009036 0.021413 -0.015663 -0.042827
0 0.012048 0.022484 -0.021687 -0.044968
0 0.009036 0.021413 -0.015663 -0.042827
0 0.002410 0.003212 -0.002410 -0.006424
0 0.002410 0.003212 -0.002410 -0.006424
0 0.012048 0.022484 -0.021687 -0.044968
0 0.012048 0.022484 -0.021687 -0.044968
0 0.012048 0.022484 -0.021687 -0.044968