0 0.013846 0.022093 -0.024615 -0.044186
0 0.010000 0.017442 -0.016923 -0.034884
0 0.010000 0.017442 -0.016923 -0.034884
0 0.010769 0.015116 -0.018462 -0.030233
0 0.010769 0.016279 -0.018462 -0.032558
0 0.011538 0.018605 -0.016923 -0.037209
0 0.013846 0.020930 -0.024615 -0.041860
0 0.016154 0.022093 -0.029231 -0.044186
0 0.005385 0.005814 -0.007692 -0.011628
0 0.019231 0.029070 -0.035385 -0.058140
0 0.010000 0.017442 -0.016923 -0.034884
0 0.010769 0.016279 -0.018462 -0.032558
0 0.006154 0.006977 -0.009231 -0.013953
0 0.005385 0.005814 -0.007692 -0.011628
0 0.014615 0.019767 -0.026154 -0.039535
0 0.006154 0.006977 -0.009231 -0.013953
0 0.034615 0.062791 -0.066154 -0.125581
0 0.011538 0.015116 -0.020000 -0.030233
0 0.013846 0.022093 -0.024615 -0.044186
0 0.010769 0.016279 -0.018462 -0.032558
0 0.010769 0.017442 -0.015385 -0.034884
0 0.008462 0.013953 -0.013846 -0.027907
0 0.004615 0.004651 -0.006154 -0.009302
0 0.010769 0.016279 -0.018462 -0.032558
0 0.013846 0.022093 -0.024615 -0.044186
0 0.012308 0.019767 -0.018462 -0.039535
0 0.031538 0.055814 -0.060000 -0.111628
0 0.010769 0.016279 -0.018462 -0.032558
0 0.011538 0.016279 -0.016923 -0.032558
0 0.016154 0.026744 -0.029231 -0.053488
0 0.026923 0.047674 -0.050769 -0.095349
0 0.016923 0.022093 -0.027692 -0.044186
0 0.026154 0.046512 -0.049231 -0.093023
0 0.013846 0.020930 -0.024615 -0.041860
0 0.011538 0.015116 -0.020000 -0.030233
0 0.012308 0.015116 -0.018462 -0.030233
0 0.010000 0.017442 -0.016923 -0.034884
0 0.013846 0.020930 -0.024615 -0.041860
0 0.010769 0.015116 -0.018462 -0.030233
0 0.019231 0.029070 -0.035385 -0.058140
0 0.026154 0.046512 -0.049231 -0.093023
0 0.011538 0.016279 -0.016923 -0.032558
0 0.006154 0.006977 -0.009231 -0.013953
0 0.031538 0.050000 -0.060000 -0.100000
0 0.016154 0.026744 -0.029231 -0.053488
0 0.011538 0.018605 -0.016923 -0.037209
0 0.010000 0.017442 -0.016923 -0.034884
0 0.021538 0.036047 -0.040000 -0.072093
0 0.010000 0.017442 -0.016923 -0.034884
0 0.036154 0.056977 -0.069231 -0.113953
0 0.013077 0.022093 -0.023077 -0.044186
0 0.016923 0.022093 -0.027692 -0.044186
0 0.006154 0.006977 -0.009231 -0.013953
0 0.005385 0.005814 -0.007692 -0.011628
0 0.031538 0.047674 -0.060000 -0.095349
0 0.019231 0.029070 -0.035385 -0.058140
0 0.031538 0.055814 -0.060000 -0.111628
0 0.013846 0.022093 -0.024615 -0.044186
0 0.024615 0.038372 -0.046154 -0.076744
0 0.005385 0.008140 -0.007692 -0.016279
0 0.036154 0.056977 -0.069231 -0.113953
0 0.011538 0.015116 -0.020000 -0.030233
0 0.010769 0.016279 -0.018462 -0.032558
0 0.010769 0.015116 -0.018462 -0.030233
0 0.010769 0.016279 -0.018462 -0.032558
0 0.010769 0.016279 -0.018462 -0.032558
0 0.036154 0.056977 -0.069231 -0.113953
0 0.005385 0.005814 -0.007692 -0.011628
0 0.013077 0.022093 -0.023077 -0.044186
0 0.016923 0.022093 -0.027692 -0.044186
0 0.026154 0.046512 -0.049231 -0.093023
0 0.010000 0.017442 -0.016923 -0.034884
0 0.012308 0.015116 -0.018462 -0.030233
0 0.011538 0.015116 -0.020000 -0.030233
0 0.010769 0.015116 -0.018462 -0.030233
0 0.010769 0.015116 -0.018462 -0.030233
0 0.013077 0.022093 -0.023077 -0.044186
0 0.011538 0.018605 -0.016923 -0.037209
0 0.010000 0.017442 -0.016923 -0.034884
0 0.016154 0.026744 -0.029231 -0.053488
0 0.010769 0.016279 -0.018462 -0.032558
0 0.005385 0.005814 -0.007692 -0.011628
0 0.010769 0.015116 -0.018462 -0.030233
0 0.005385 0.005814 -0.007692 -0.011628
0 0.031538 0.055814 -0.060000 -0.111628
0 0.036154 0.056977 -0.069231 -0.113953
0 0.036923 0.056977 -0.067692 -0.113953
0 0.016154 0.022093 -0.029231 -0.044186
0 0.010000 0.017442 -0.016923 -0.034884
0 0.005385 0.005814 -0.007692 -0.011628
0 0.006154 0.006977 -0.009231 -0.013953
0 0.013846 0.022093 -0.024615 -0.044186
0 0.031538 0.055814 -0.060000 -0.111628
0 0.024615 0.039535 -0.046154 -0.079070
0 0.005385 0.005814 -0.007692 -0.011628
0 0.011538 0.015116 -0.016923 -0.030233
0 0.012308 0.015116 -0.018462 -0.030233
0 0.019231 0.029070 -0.035385 -0.058140
0 0.016154 0.022093 -0.029231 -0.044186
0 0.013077 0.022093 -0.023077 -0.044186
0 0.026154 0.046512 -0.049231 -0.093023
0 0.010000 0.017442 -0.016923 -0.034884
0 0.006154 0.006977 -0.009231 -0.013953
0 0.010000 0.017442 -0.016923 -0.034884
0 0.010769 0.015116 -0.018462 -0.030233
0 0.011538 0.018605 -0.016923 -0.037209
0 0.011538 0.016279 -0.020000 -0.032558
0 0.016154 0.022093 -0.029231 -0.044186
0 0.014615 0.022093 -0.023077 -0.044186
0 0.036923 0.056977 -0.067692 -0.113953
0 0.013077 0.016279 -0.020000 -0.032558
0 0.016154 0.022093 -0.029231 -0.044186
0 0.025385 0.041860 -0.047692 -0.083721
0 0.004615 0.004651 -0.006154 -0.009302
0 0.005385 0.005814 -0.007692 -0.011628
0 0.010000 0.017442 -0.016923 -0.034884
0 0.006154 0.006977 -0.009231 -0.013953
0 0.021538 0.036047 -0.040000 -0.072093
0 0.016154 0.026744 -0.029231 -0.053488
0 0.011538 0.015116 -0.020000 -0.030233
0 0.011538 0.015116 -0.020000 -0.030233
0 0.019231 0.029070 -0.035385 -0.058140
0 0.010769 0.016279 -0.018462 -0.032558
0 0.010769 0.016279 -0.018462 -0.032558
0 0.024615 0.038372 -0.046154 -0.076744
0 0.016154 0.022093 -0.029231 -0.044186
0 0.011538 0.016279 -0.016923 -0.032558
0 0.013846 0.022093 -0.024615 -0.044186
0 0.010769 0.016279 -0.018462 -0.032558
0 0.010769 0.016279 -0.018462 -0.032558
0 0.019231 0.029070 -0.035385 -0.058140
0 0.010769 0.016279 -0.018462 -0.032558
0 0.006154 0.006977 -0.009231 -0.013953
0 0.011538 0.015116 -0.020000 -0.030233
0 0.011538 0.015116 -0.020000 -0.030233
0 0.010769 0.016279 -0.018462 -0.032558
0 0.013846 0.022093 -0.024615 -0.044186
0 0.006154 0.006977 -0.009231 -0.013953
0 0.010000 0.017442 -0.016923 -0.034884
0 0.013846 0.022093 -0.024615 -0.044186
0 0.010769 0.017442 -0.015385 -0.034884
0 0.010769 0.015116 -0.018462 -0.030233
0 0.013077 0.022093 -0.023077 -0.044186
0 0.013077 0.022093 -0.023077 -0.044186
0 0.013077 0.022093 -0.023077 -0.044186
0 0.004615 0.004651 -0.006154 -0.009302
0 0.007692 0.010465 -0.012308 -0.020930
0 0.012308 0.015116 -0.018462 -0.030233
0 0.013077 0.022093 -0.023077 -0.044186
0 0.005385 0.005814 -0.007692 -0.011628
0 0.010000 0.017442 -0.016923 -0.034884
0 0.010000 0.017442 -0.016923 -0.034884
0 0.013077 0.022093 -0.023077 -0.044186
0 0.013846 0.020930 -0.024615 -0.041860
0 0.004615 0.004651 -0.006154 -0.009302
0 0.016923 0.022093 -0.027692 -0.044186
0 0.010769 0.016279 -0.018462 -0.032558
0 0.011538 0.016279 -0.016923 -0.032558
0 0.013077 0.022093 -0.023077 -0.044186
0 0.004615 0.004651 -0.006154 -0.009302
0 0.013846 0.022093 -0.024615 -0.044186
0 0.005385 0.005814 -0.007692 -0.011628
0 0.013846 0.022093 -0.024615 -0.044186
0 0.010769 0.015116 -0.018462 -0.030233
0 0.011538 0.015116 -0.020000 -0.030233
0 0.026154 0.046512 -0.049231 -0.093023
0 0.031538 0.055814 -0.060000 -0.111628
0 0.031538 0.050000 -0.060000 -0.100000
0 0.010769 0.016279 -0.018462 -0.032558
0 0.031538 0.050000 -0.060000 -0.100000
0 0.010769 0.016279 -0.018462 -0.032558
0 0.011538 0.015116 -0.020000 -0.030233
0 0.010769 0.015116 -0.018462 -0.030233
0 0.016154 0.026744 -0.029231 -0.053488
0 0.013846 0.022093 -0.024615 -0.044186
0 0.021538 0.036047 -0.040000 -0.072093
0 0.010000 0.017442 -0.016923 -0.034884
0 0.005385 0.005814 -0.007692 -0.011628
0 0.010769 0.015116 -0.018462 -0.030233
0 0.012308 0.015116 -0.018462 -0.030233
0 0.011538 0.015116 -0.016923 -0.030233
0 0.013077 0.022093 -0.023077 -0.044186
0 0.011538 0.016279 -0.016923 -0.032558
0 0.012308 0.016279 -0.021538 -0.032558
0 0.004615 0.004651 -0.006154 -0.009302
0 0.004615 0.004651 -0.006154 -0.009302
0 0.010769 0.015116 -0.018462 -0.030233
0 0.010000 0.017442 -0.016923 -0.034884
0 0.010769 0.016279 -0.018462 -0.032558
0 0.012308 0.016279 -0.018462 -0.032558
0 0.010769 0.016279 -0.018462 -0.032558
0 0.031538 0.055814 -0.060000 -0.111628
0 0.010769 0.016279 -0.018462 -0.032558
0 0.004615 0.004651 -0.006154 -0.009302
0 0.013846 0.022093 -0.024615 -0.044186
0 0.010769 0.016279 -0.018462 -0.032558
0 0.011538 0.015116 -0.016923 -0.030233
0 0.013077 0.018605 -0.023077 -0.037209
0 0.013077 0.020930 -0.020000 -0.041860
0 0.007692 0.010465 -0.012308 -0.020930
0 0.013077 0.022093 -0.023077 -0.044186
0 0.011538 0.015116 -0.016923 -0.030233