0 0.001154 0.001567 -0.000769 -0.003135
0 0.001154 0.001567 -0.000769 -0.003135
0 0.005385 0.009927 -0.009231 -0.019854
0 0.003077 0.004702 -0.004615 -0.009404
0 0.003077 0.004702 -0.004615 -0.009404
0 0.005385 0.009927 -0.009231 -0.019854
0 0.004615 0.007837 -0.007692 -0.015674
0 0.005000 0.008882 -0.008462 -0.017764
0 0.003077 0.004702 -0.004615 -0.009404
0 0.004615 0.007837 -0.007692 -0.015674
0 0.004615 0.007837 -0.007692 -0.015674
0 0.003077 0.004702 -0.004615 -0.009404
0 0.003077 0.004702 -0.004615 -0.009404
0 0.004615 0.007837 -0.007692 -0.015674
0 0.003077 0.004702 -0.004615 -0.009404
0 0.005385 0.009927 -0.009231 -0.019854
0 0.003077 0.004702 -0.004615 -0.009404
0 0.003462 0.005225 -0.005385 -0.010449
0 0.001154 0.001567 -0.000769 -0.003135
0 0.006538 0.012539 -0.011538 -0.025078
0 0.005385 0.009927 -0.009231 -0.019854
0 0.003462 0.005225 -0.005385 -0.010449
0 0.005385 0.009927 -0.009231 -0.019854
0 0.003077 0.004702 -0.004615 -0.009404
0 0.003462 0.005225 -0.005385 -0.010449
0 0.005385 0.009927 -0.009231 -0.019854
0 0.005000 0.008882 -0.008462 -0.017764
0 0.004615 0.007837 -0.007692 -0.015674
0 0.001154 0.001567 -0.000769 -0.003135
0 0.004615 0.007837 -0.007692 -0.015674
0 0.005385 0.009927 -0.009231 -0.019854
0 0.004615 0.007837 -0.007692 -0.015674
0 0.004615 0.007837 -0.007692 -0.015674
0 0.004615 0.007837 -0.007692 -0.015674
0 0.005385 0.009927 -0.009231 -0.019854
0 0.005385 0.009927 -0.009231 -0.019854
0 0.004615 0.007837 -0.007692 -0.015674
0 0.005385 0.009927 -0.009231 -0.019854
0 0.003077 0.004702 -0.004615 -0.009404
0 0.001154 0.001567 -0.000769 -0.003135
0 0.005385 0.009927 -0.009231 -0.019854
0 0.003077 0.004702 -0.004615 -0.009404
0 0.004615 0.007837 -0.007692 -0.015674
0 0.005385 0.009927 -0.009231 -0.019854
0 0.005385 0.009927 -0.009231 -0.019854
0 0.003077 0.004702 -0.004615 -0.009404
0 0.001154 0.001045 -0.000769 -0.002090
0 0.006538 0.012539 -0.011538 -0.025078
0 0.004615 0.007837 -0.007692 -0.015674
0 0.003077 0.004702 -0.004615 -0.009404
0 0.005769 0.010972 -0.010000 -0.021944
0 0.001154 0.001567 -0.000769 -0.003135
0 0.005385 0.009927 -0.009231 -0.019854
0 0.001154 0.001567 -0.000769 -0.003135
0 0.006538 0.012539 -0.011538 -0.025078
0 0.003077 0.004702 -0.004615 -0.009404
0 0.003077 0.004702 -0.004615 -0.009404
0 0.003077 0.004702 -0.004615 -0.009404
0 0.005385 0.009927 -0.009231 -0.019854
0 0.004615 0.007837 -0.007692 -0.015674
0 0.003462 0.005225 -0.005385 -0.010449
0 0.005385 0.009927 -0.009231 -0.019854
0 0.001154 0.001045 -0.000769 -0.002090
0 0.003077 0.004702 -0.004615 -0.009404
0 0.004615 0.007837 -0.007692 -0.015674
0 0.005385 0.009927 -0.009231 -0.019854
0 0.005385 0.009927 -0.009231 -0.019854
0 0.003077 0.004702 -0.004615 -0.009404
0 0.003077 0.004702 -0.004615 -0.009404
0 0.004615 0.007837 -0.007692 -0.015674
0 0.004615 0.007837 -0.007692 -0.015674
0 0.006538 0.012539 -0.011538 -0.025078
0 0.003462 0.005225 -0.005385 -0.010449
0 0.005385 0.009927 -0.009231 -0.019854
0 0.001154 0.001567 -0.000769 -0.003135
0 0.005385 0.009927 -0.009231 -0.019854
0 0.001154 0.001567 -0.000769 -0.003135
0 0.005385 0.009927 -0.009231 -0.019854
0 0.006538 0.012539 -0.011538 -0.025078
0 0.006538 0.012539 -0.011538 -0.025078
0 0.001154 0.001567 -0.000769 -0.003135
0 0.001154 0.001567 -0.000769 -0.003135
0 0.003077 0.004702 -0.004615 -0.009404
0 0.006538 0.012539 -0.011538 -0.025078
0 0.005385 0.009927 -0.009231 -0.019854
0 0.005385 0.009927 -0.009231 -0.019854
0 0.004615 0.007837 -0.007692 -0.015674
0 0.005385 0.009927 -0.009231 -0.019854
0 0.003462 0.005225 -0.005385 -0.010449
0 0.005385 0.009927 -0.009231 -0.019854
0 0.005385 0.009927 -0.009231 -0.019854
0 0.004615 0.007837 -0.007692 -0.015674
0 0.005385 0.009927 -0.009231 -0.019854
0 0.001154 0.001567 -0.000769 -0.003135
0 0.005385 0.009927 -0.009231 -0.019854
0 0.004615 0.007837 -0.007692 -0.015674
0 0.001154 0.001567 -0.000769 -0.003135
0 0.004615 0.007837 -0.007692 -0.015674
0 0.005000 0.009404 -0.008462 -0.018809
0 0.003077 0.004702 -0.004615 -0.009404
0 0.004615 0.007837 -0.007692 -0.015674
0 0.003077 0.004702 -0.004615 -0.009404
0 0.003077 0.004702 -0.004615 -0.009404
0 0.004615 0.007837 -0.007692 -0.015674
0 0.001154 0.001567 -0.000769 -0.003135
0 0.004615 0.007837 -0.007692 -0.015674
0 0.005385 0.009927 -0.009231 -0.019854
0 0.005385 0.009927 -0.009231 -0.019854
0 0.005385 0.009927 -0.009231 -0.019854
0 0.004615 0.007837 -0.007692 -0.015674
0 0.004615 0.007837 -0.007692 -0.015674
0 0.003077 0.004702 -0.004615 -0.009404
0 0.005385 0.009927 -0.009231 -0.019854
0 0.005385 0.009927 -0.009231 -0.019854
0 0.004615 0.008359 -0.007692 -0.016719
0 0.006538 0.012539 -0.011538 -0.025078
0 0.001154 0.001045 -0.000769 -0.002090
0 0.003077 0.004702 -0.004615 -0.009404
0 0.005385 0.009927 -0.009231 -0.019854
0 0.003462 0.005225 -0.005385 -0.010449
0 0.005385 0.009927 -0.009231 -0.019854
0 0.004615 0.007837 -0.007692 -0.015674
0 0.004615 0.007837 -0.007692 -0.015674
0 0.003077 0.004702 -0.004615 -0.009404
0 0.004615 0.007837 -0.007692 -0.015674
0 0.004615 0.007837 -0.007692 -0.015674
0 0.004615 0.007837 -0.007692 -0.015674
0 0.001154 0.001045 -0.000769 -0.002090
0 0.003077 0.004702 -0.004615 -0.009404
0 0.001154 0.001567 -0.000769 -0.003135
0 0.003077 0.004702 -0.004615 -0.009404
0 0.003077 0.004702 -0.004615 -0.009404
0 0.003462 0.005225 -0.005385 -0.010449
0 0.004615 0.007837 -0.007692 -0.015674
0 0.004615 0.007837 -0.007692 -0.015674
0 0.001154 0.001567 -0.000769 -0.003135
0 0.005000 0.008882 -0.008462 -0.017764
0 0.003077 0.004702 -0.004615 -0.009404
0 0.003077 0.004702 -0.004615 -0.009404
0 0.001154 0.001567 -0.000769 -0.003135
0 0.005385 0.009927 -0.009231 -0.019854
0 0.001154 0.001567 -0.000769 -0.003135
0 0.005000 0.008882 -0.008462 -0.017764
0 0.001154 0.001567 -0.000769 -0.003135
0 0.001154 0.001567 -0.000769 -0.003135
0 0.001154 0.001045 -0.000769 -0.002090
0 0.003462 0.005225 -0.005385 -0.010449
0 0.005385 0.009927 -0.009231 -0.019854
0 0.001154 0.001045 -0.000769 -0.002090
0 0.003077 0.004702 -0.004615 -0.009404
0 0.001154 0.001567 -0.000769 -0.003135
0 0.004615 0.007837 -0.007692 -0.015674
0 0.003077 0.004702 -0.004615 -0.009404
0 0.004615 0.008359 -0.007692 -0.016719
0 0.005385 0.009927 -0.009231 -0.019854
0 0.003077 0.004702 -0.004615 -0.009404
0 0.004615 0.007837 -0.007692 -0.015674
0 0.003077 0.004702 -0.004615 -0.009404
0 0.003077 0.004702 -0.004615 -0.009404
0 0.006538 0.012539 -0.011538 -0.025078
0 0.006538 0.012539 -0.011538 -0.025078
0 0.003077 0.004702 -0.004615 -0.009404
0 0.006538 0.012539 -0.011538 -0.025078
0 0.003462 0.005225 -0.005385 -0.010449
0 0.005000 0.008882 -0.008462 -0.017764
0 0.001154 0.001045 -0.000769 -0.002090
0 0.005385 0.009927 -0.009231 -0.019854