0 0.012500 0.015190 -0.024432 -0.030380
0 0.010369 0.017300 -0.020170 -0.034599
0 0.012500 0.015190 -0.024432 -0.030380
0 0.008665 0.011181 -0.016761 -0.021519
0 0.014773 0.027848 -0.028977 -0.055696
0 0.012500 0.022574 -0.024432 -0.045148
0 0.012500 0.015190 -0.024432 -0.030380
0 0.008665 0.011181 -0.016761 -0.021519
0 0.014773 0.027848 -0.028977 -0.055696
0 0.014915 0.027848 -0.028693 -0.055696
0 0.008665 0.011181 -0.016761 -0.021519
0 0.010369 0.017300 -0.020170 -0.034599
0 0.009375 0.013080 -0.018182 -0.026160
0 0.008665 0.011181 -0.016761 -0.021519
0 0.014773 0.027848 -0.028977 -0.055696
0 0.009375 0.013080 -0.018182 -0.026160
0 0.012500 0.015190 -0.024432 -0.030380
0 0.010369 0.017300 -0.020170 -0.034599
0 0.026989 0.049789 -0.053409 -0.099578
0 0.012500 0.015190 -0.024432 -0.030380
0 0.008665 0.011181 -0.016761 -0.021519
0 0.010369 0.017300 -0.020170 -0.034599
0 0.012500 0.015190 -0.024432 -0.030380
0 0.026989 0.049789 -0.053409 -0.099578
0 0.012500 0.020464 -0.024432 -0.040084
0 0.014773 0.027848 -0.028977 -0.055696
0 0.012500 0.015190 -0.024432 -0.030380
0 0.010369 0.017511 -0.020170 -0.034177
0 0.010369 0.017300 -0.020170 -0.034599
0 0.012500 0.015190 -0.024432 -0.030380
0 0.029687 0.044093 -0.058807 -0.088186
0 0.008665 0.011181 -0.016761 -0.021519
0 0.008665 0.011181 -0.016761 -0.021519
0 0.009375 0.013291 -0.018182 -0.025738
0 0.019744 0.032068 -0.038920 -0.064135
0 0.010369 0.017300 -0.020170 -0.034599
0 0.008665 0.011181 -0.016761 -0.021519
0 0.014915 0.026160 -0.029261 -0.052321
0 0.010369 0.017511 -0.020170 -0.034177
0 0.026989 0.049789 -0.053409 -0.099578
0 0.019744 0.032068 -0.038920 -0.064135
0 0.010369 0.017300 -0.020170 -0.034599
0 0.019744 0.032068 -0.038920 -0.064135
0 0.009375 0.013080 -0.018182 -0.026160
0 0.008665 0.011181 -0.016761 -0.021519
0 0.009375 0.013080 -0.018182 -0.026160
0 0.008665 0.011181 -0.016761 -0.021519
0 0.018466 0.031013 -0.036364 -0.062025
0 0.026989 0.049789 -0.053409 -0.099578
0 0.010369 0.017300 -0.020170 -0.034599
0 0.012500 0.015190 -0.024432 -0.030380
0 0.012500 0.015190 -0.024432 -0.030380
0 0.008665 0.011181 -0.016761 -0.021519
0 0.009375 0.013080 -0.018182 -0.026160
0 0.008665 0.011181 -0.016761 -0.021519
0 0.010369 0.017300 -0.020170 -0.034599
0 0.009375 0.013080 -0.018182 -0.026160
0 0.019744 0.032068 -0.038920 -0.064135
0 0.008665 0.011181 -0.016761 -0.021519
0 0.010369 0.017511 -0.020170 -0.034177
0 0.014915 0.026160 -0.029261 -0.052321
0 0.010369 0.017300 -0.020170 -0.034599
0 0.010369 0.017300 -0.020170 -0.034599
0 0.010369 0.017300 -0.020170 -0.034599
0 0.008665 0.011181 -0.016761 -0.021519
0 0.008665 0.011181 -0.016761 -0.021519
0 0.014773 0.027848 -0.028977 -0.055696
0 0.009375 0.013291 -0.018182 -0.025738
0 0.019744 0.032068 -0.038920 -0.064135
0 0.010369 0.017511 -0.020170 -0.034177
0 0.026989 0.049789 -0.053409 -0.099578
0 0.012500 0.015190 -0.024432 -0.030380
0 0.008665 0.011181 -0.016761 -0.021519
0 0.012500 0.015190 -0.024432 -0.030380
0 0.014773 0.027848 -0.028977 -0.055696
0 0.010369 0.017300 -0.020170 -0.034599
0 0.008665 0.011181 -0.016761 -0.021519
0 0.012500 0.015190 -0.024432 -0.030380
0 0.014915 0.027848 -0.028693 -0.055696
0 0.019744 0.032068 -0.038920 -0.064135
0 0.014773 0.027848 -0.028977 -0.055696
0 0.011648 0.014557 -0.022727 -0.029114
0 0.026989 0.049789 -0.053409 -0.099578
0 0.010369 0.017300 -0.020170 -0.034599
0 0.010369 0.017300 -0.020170 -0.034599
0 0.012500 0.015190 -0.024432 -0.030380
0 0.009375 0.013080 -0.018182 -0.026160
0 0.029687 0.044093 -0.058807 -0.088186
0 0.010085 0.013502 -0.019602 -0.027004
0 0.009375 0.013291 -0.018182 -0.025738
0 0.008665 0.011181 -0.016761 -0.021519
0 0.019744 0.032068 -0.038920 -0.064135
0 0.010369 0.017300 -0.020170 -0.034599
0 0.009517 0.014346 -0.018466 -0.027848
0 0.010369 0.017300 -0.020170 -0.034599
0 0.008665 0.011181 -0.016761 -0.021519
0 0.015909 0.028903 -0.031250 -0.057806
0 0.014773 0.027848 -0.028977 -0.055696
0 0.010369 0.017300 -0.020170 -0.034599
0 0.019744 0.032068 -0.038920 -0.064135
0 0.008665 0.011181 -0.016761 -0.021519
0 0.008665 0.011181 -0.016761 -0.021519
0 0.010369 0.017300 -0.020170 -0.034599
0 0.012926 0.021941 -0.025284 -0.043038
0 0.009375 0.013291 -0.018182 -0.025738
0 0.010369 0.017511 -0.020170 -0.034177
0 0.010085 0.013502 -0.019602 -0.027004
0 0.009375 0.013080 -0.018182 -0.026160
0 0.012500 0.015190 -0.024432 -0.030380
0 0.029687 0.044093 -0.058807 -0.088186
0 0.008665 0.011181 -0.016761 -0.021519
0 0.009375 0.013080 -0.018182 -0.026160
0 0.009375 0.013291 -0.018182 -0.025738
0 0.012500 0.015190 -0.024432 -0.030380
0 0.014773 0.027848 -0.028977 -0.055696
0 0.010369 0.017300 -0.020170 -0.034599
0 0.013210 0.022996 -0.025852 -0.045148
0 0.012500 0.015190 -0.024432 -0.030380
0 0.008665 0.011181 -0.016761 -0.021519
0 0.010369 0.017300 -0.020170 -0.034599
0 0.010369 0.017300 -0.020170 -0.034599
0 0.012500 0.015190 -0.024432 -0.030380
0 0.008665 0.011181 -0.016761 -0.021519
0 0.008665 0.011181 -0.016761 -0.021519
0 0.024006 0.048523 -0.047443 -0.096203
0 0.012500 0.015190 -0.024432 -0.030380
0 0.026989 0.049789 -0.053409 -0.099578
0 0.008665 0.011181 -0.016761 -0.021519
0 0.014773 0.027848 -0.028977 -0.055696
0 0.009375 0.013080 -0.018182 -0.026160
0 0.012500 0.015190 -0.024432 -0.030380
0 0.010369 0.017300 -0.020170 -0.034599
0 0.029687 0.044093 -0.058807 -0.088186
0 0.029687 0.044093 -0.058807 -0.088186
0 0.008665 0.011181 -0.016761 -0.021519
0 0.010369 0.017300 -0.020170 -0.034599
0 0.012500 0.015190 -0.024432 -0.030380
0 0.008665 0.011181 -0.016761 -0.021519
0 0.010369 0.017300 -0.020170 -0.034599
0 0.010369 0.017300 -0.020170 -0.034599
0 0.009375 0.013291 -0.018182 -0.025738