0 0.008077 0.010449 -0.014615 -0.020899
0 0.001923 0.006270 -0.002308 -0.012539
0 0.018846 0.028213 -0.036154 -0.056426
0 0.001923 0.004180 -0.002308 -0.008359
0 0.003462 0.003657 -0.005385 -0.007315
0 0.000385 0.000000 0.000769 0.000000
0 0.004231 0.006792 -0.006923 -0.013584
0 0.001923 0.006270 -0.002308 -0.012539
0 0.003462 0.003657 -0.005385 -0.007315
0 0.004231 0.006792 -0.006923 -0.013584
0 0.002692 0.006270 -0.003846 -0.012539
0 0.008846 0.013062 -0.016154 -0.026123
0 0.001923 0.006270 -0.002308 -0.012539
0 0.001923 0.002090 -0.002308 -0.004180
0 0.007308 0.010972 -0.013077 -0.021944
0 0.004231 0.006792 -0.006923 -0.013584
0 0.005000 0.009927 -0.008462 -0.019854
0 0.009231 0.013062 -0.015385 -0.026123
0 0.004231 0.006792 -0.006923 -0.013584
0 0.001154 0.001045 -0.000769 -0.002090
0 0.003462 0.004180 -0.005385 -0.008359
0 0.001923 0.004180 -0.002308 -0.008359
0 0.001923 0.002090 -0.002308 -0.004180
0 0.003077 0.003657 -0.004615 -0.007315
0 0.004231 0.006792 -0.006923 -0.013584
0 0.003077 0.003135 -0.004615 -0.006270
0 0.004231 0.006792 -0.006923 -0.013584
0 0.001154 0.001045 -0.000769 -0.002090
0 0.001923 0.004180 -0.002308 -0.008359
0 0.009231 0.013062 -0.015385 -0.026123
0 0.003462 0.004180 -0.005385 -0.008359
0 0.001154 0.001045 -0.000769 -0.002090
0 0.005385 0.010449 -0.009231 -0.020899
0 0.000385 0.000000 0.000769 0.000000
0 0.008846 0.012017 -0.016154 -0.024033
0 0.003462 0.003657 -0.005385 -0.007315
0 0.001923 0.002090 -0.002308 -0.004180
0 0.004231 0.006792 -0.006923 -0.013584
0 0.003846 0.006270 -0.006154 -0.012539
0 0.004231 0.006792 -0.006923 -0.013584
0 0.009231 0.013062 -0.015385 -0.026123
0 0.003462 0.004180 -0.005385 -0.008359
0 0.005385 0.007837 -0.009231 -0.015674
0 0.005000 0.009927 -0.008462 -0.019854
0 0.009231 0.013062 -0.015385 -0.026123
0 0.000385 0.002090 0.000769 -0.004180
0 0.003462 0.004180 -0.005385 -0.008359
0 0.004231 0.006792 -0.006923 -0.013584
0 0.011923 0.019331 -0.022308 -0.038662
0 0.001538 0.004180 -0.001538 -0.008359
0 0.008846 0.012017 -0.016154 -0.024033
0 0.003462 0.003657 -0.005385 -0.007315