0 0.007796 0.012480 -0.013514 -0.024961
0 0.011954 0.020281 -0.021830 -0.040562
0 0.015073 0.034321 -0.028067 -0.068643
0 0.019751 0.031201 -0.037422 -0.062402
0 0.006757 0.010920 -0.011435 -0.021841
0 0.013514 0.026521 -0.024948 -0.053042
0 0.004158 0.007800 -0.006237 -0.015601
0 0.004158 0.010920 -0.006237 -0.021841
0 0.006757 0.019501 -0.011435 -0.039002
0 0.021310 0.038222 -0.040541 -0.076443
0 0.016632 0.034321 -0.031185 -0.068643
0 0.009875 0.017161 -0.017672 -0.034321
0 0.004158 0.007800 -0.006237 -0.015601
0 0.009356 0.014821 -0.016632 -0.029641
0 0.006237 0.006240 -0.010395 -0.012480
0 0.015073 0.034321 -0.028067 -0.068643
0 0.005198 0.007020 -0.008316 -0.014041
0 0.009356 0.018721 -0.016632 -0.037441
0 0.037942 0.073323 -0.073805 -0.146646
0 0.005717 0.014821 -0.009356 -0.029641
0 0.009875 0.017161 -0.017672 -0.034321
0 0.010395 0.018721 -0.018711 -0.037441
0 0.010395 0.021061 -0.018711 -0.042122
0 0.010395 0.018721 -0.018711 -0.037441
0 0.006237 0.010140 -0.010395 -0.020281
0 0.014553 0.026521 -0.027027 -0.053042
0 0.009356 0.014821 -0.016632 -0.029641
0 0.015073 0.034321 -0.028067 -0.068643
0 0.009875 0.020281 -0.017672 -0.040562
0 0.015073 0.034321 -0.028067 -0.068643
0 0.004678 0.009360 -0.007277 -0.018721
0 0.014553 0.026521 -0.027027 -0.053042
0 0.001559 0.001560 -0.001040 -0.003120
0 0.009356 0.018721 -0.016632 -0.037441
0 0.019751 0.031201 -0.037422 -0.062402
0 0.011435 0.024961 -0.020790 -0.049922
0 0.008836 0.017161 -0.015593 -0.034321
0 0.011954 0.020281 -0.021830 -0.040562
0 0.009875 0.017161 -0.017672 -0.034321