0 0.006250 0.013500 -0.011500 -0.027000
0 0.006250 0.013500 -0.011500 -0.027000
0 0.006250 0.013500 -0.011500 -0.027000
0 0.006250 0.013500 -0.011500 -0.027000
0 0.016250 0.048500 -0.031500 -0.097000
0 0.006250 0.013500 -0.011500 -0.027000
0 0.011500 0.022000 -0.022000 -0.044000
0 0.016250 0.048500 -0.031500 -0.097000
0 0.011500 0.022000 -0.022000 -0.044000
0 0.008000 0.020500 -0.015000 -0.041000
0 0.008250 0.022000 -0.015500 -0.044000
0 0.016250 0.048500 -0.031500 -0.097000
0 0.006250 0.013500 -0.011500 -0.027000
0 0.006250 0.013500 -0.011500 -0.027000
0 0.006250 0.013500 -0.011500 -0.027000
0 0.006250 0.013500 -0.011500 -0.027000
0 0.008000 0.020500 -0.015000 -0.041000
0 0.008000 0.020500 -0.015000 -0.041000
0 0.008000 0.020500 -0.015000 -0.041000
0 0.006250 0.013500 -0.011500 -0.027000
0 0.046000 0.129500 -0.091000 -0.259000
0 0.007750 0.018000 -0.014500 -0.036000
0 0.008000 0.020500 -0.015000 -0.041000
0 0.006250 0.013500 -0.011500 -0.027000
0 0.008000 0.020500 -0.015000 -0.041000
0 0.006250 0.013500 -0.011500 -0.027000
0 0.008000 0.020500 -0.015000 -0.041000
0 0.008000 0.020500 -0.015000 -0.041000
0 0.023500 0.062500 -0.046000 -0.125000
0 0.008000 0.020500 -0.015000 -0.041000
0 0.023500 0.062500 -0.046000 -0.125000
0 0.008000 0.020500 -0.015000 -0.041000
0 0.016250 0.048500 -0.031500 -0.097000
0 0.016250 0.048500 -0.031500 -0.097000
0 0.011500 0.022000 -0.022000 -0.044000
0 0.011500 0.022000 -0.022000 -0.044000
0 0.016250 0.048500 -0.031500 -0.097000
0 0.006250 0.013500 -0.011500 -0.027000
0 0.006250 0.013500 -0.011500 -0.027000
0 0.006250 0.013500 -0.011500 -0.027000
0 0.016250 0.048500 -0.031500 -0.097000
0 0.006250 0.013500 -0.011500 -0.027000
0 0.016250 0.048500 -0.031500 -0.097000
0 0.008000 0.020500 -0.015000 -0.041000
0 0.037750 0.088000 -0.074500 -0.176000
0 0.008000 0.020500 -0.015000 -0.041000
0 0.006250 0.013500 -0.011500 -0.027000
0 0.006250 0.013500 -0.011500 -0.027000
0 0.008000 0.020500 -0.015000 -0.041000
0 0.006250 0.013500 -0.011500 -0.027000
0 0.016250 0.048500 -0.031500 -0.097000
0 0.016250 0.048500 -0.031500 -0.097000
0 0.011500 0.022000 -0.022000 -0.044000
0 0.006250 0.013500 -0.011500 -0.027000
0 0.006250 0.013500 -0.011500 -0.027000
0 0.006250 0.013500 -0.011500 -0.027000
0 0.010250 0.026500 -0.019500 -0.053000
0 0.008000 0.020500 -0.015000 -0.041000
0 0.016250 0.048500 -0.031500 -0.097000
0 0.016250 0.048500 -0.031500 -0.097000
0 0.016250 0.048500 -0.031500 -0.097000
0 0.008000 0.020500 -0.015000 -0.041000
0 0.006250 0.013500 -0.011500 -0.027000
0 0.011500 0.022000 -0.022000 -0.044000
0 0.011500 0.022000 -0.022000 -0.044000
0 0.016750 0.048500 -0.030500 -0.097000
0 0.006250 0.013500 -0.011500 -0.027000
0 0.009500 0.018500 -0.018000 -0.037000
0 0.011500 0.022000 -0.022000 -0.044000
0 0.006250 0.013500 -0.011500 -0.027000
0 0.006250 0.013500 -0.011500 -0.027000
0 0.008000 0.020500 -0.015000 -0.041000
0 0.008000 0.020500 -0.015000 -0.041000
0 0.008000 0.020500 -0.015000 -0.041000
0 0.019250 0.059500 -0.037500 -0.119000
0 0.006250 0.013500 -0.011500 -0.027000
0 0.008000 0.020500 -0.015000 -0.041000
0 0.006250 0.013500 -0.011500 -0.027000
0 0.006250 0.013500 -0.011500 -0.027000
0 0.008000 0.020500 -0.015000 -0.041000
0 0.006250 0.013500 -0.011500 -0.027000
0 0.006250 0.013500 -0.011500 -0.027000
0 0.006250 0.013500 -0.011500 -0.027000
0 0.006250 0.013500 -0.011500 -0.027000
0 0.006250 0.013500 -0.011500 -0.027000