0 0.002930 0.005147 -0.003906 -0.007353
0 0.010742 0.019118 -0.019531 -0.038235
0 0.003418 0.006618 -0.004883 -0.010294
0 0.010742 0.019853 -0.019531 -0.036765
0 0.003418 0.006618 -0.004883 -0.010294
0 0.002930 0.005147 -0.003906 -0.007353
0 0.002930 0.005147 -0.003906 -0.007353
0 0.006836 0.013235 -0.011719 -0.023529
0 0.010742 0.019853 -0.019531 -0.036765
0 0.010742 0.019118 -0.019531 -0.038235
0 0.010742 0.019853 -0.019531 -0.036765
0 0.024414 0.052206 -0.046875 -0.104412
0 0.003418 0.006618 -0.004883 -0.010294
0 0.010742 0.019853 -0.019531 -0.036765
0 0.002930 0.005147 -0.003906 -0.007353
0 0.024414 0.052206 -0.046875 -0.104412
0 0.010742 0.019853 -0.019531 -0.036765
0 0.010742 0.019853 -0.019531 -0.036765
0 0.002930 0.005147 -0.003906 -0.007353
0 0.002930 0.005147 -0.003906 -0.007353
0 0.002930 0.005147 -0.003906 -0.007353
0 0.002930 0.005147 -0.003906 -0.007353
0 0.010742 0.019853 -0.019531 -0.036765
0 0.010742 0.019118 -0.019531 -0.038235
0 0.002930 0.005147 -0.003906 -0.007353
0 0.002930 0.005147 -0.003906 -0.007353
0 0.010742 0.019853 -0.019531 -0.036765
0 0.003418 0.006618 -0.004883 -0.010294
0 0.010742 0.019853 -0.019531 -0.036765
0 0.024414 0.052206 -0.046875 -0.104412
0 0.010742 0.019853 -0.019531 -0.036765
0 0.003418 0.006618 -0.004883 -0.010294
0 0.010742 0.019853 -0.019531 -0.036765
0 0.002930 0.005147 -0.003906 -0.007353
0 0.010742 0.019853 -0.019531 -0.036765
0 0.003418 0.006618 -0.004883 -0.010294
0 0.002930 0.005147 -0.003906 -0.007353
0 0.002930 0.005147 -0.003906 -0.007353
0 0.004883 0.008824 -0.007812 -0.014706
0 0.027832 0.048529 -0.053711 -0.097059
0 0.010742 0.019118 -0.019531 -0.038235
0 0.010742 0.019853 -0.019531 -0.036765
0 0.003418 0.006618 -0.004883 -0.010294
0 0.002930 0.005147 -0.003906 -0.007353
0 0.010742 0.019853 -0.019531 -0.036765
0 0.006836 0.013235 -0.011719 -0.023529
0 0.003418 0.006618 -0.004883 -0.010294
0 0.010742 0.019853 -0.019531 -0.036765
0 0.010742 0.019853 -0.019531 -0.036765
0 0.010742 0.019853 -0.019531 -0.036765
0 0.024414 0.052206 -0.046875 -0.104412
0 0.002930 0.005147 -0.003906 -0.007353
0 0.010742 0.019853 -0.019531 -0.036765
0 0.027832 0.048529 -0.053711 -0.097059
0 0.002930 0.005147 -0.003906 -0.007353
0 0.006836 0.013235 -0.011719 -0.023529
0 0.003418 0.006618 -0.004883 -0.010294
0 0.003418 0.006618 -0.004883 -0.010294
0 0.010742 0.019853 -0.019531 -0.036765
0 0.004883 0.009559 -0.007812 -0.016176
0 0.010742 0.019853 -0.019531 -0.036765
0 0.010742 0.019853 -0.019531 -0.036765
0 0.010742 0.019853 -0.019531 -0.036765
0 0.010742 0.019853 -0.019531 -0.036765
0 0.010742 0.019118 -0.019531 -0.038235
0 0.003418 0.006618 -0.004883 -0.010294
0 0.009766 0.019118 -0.017578 -0.035294
0 0.002930 0.005147 -0.003906 -0.007353
0 0.002930 0.005147 -0.003906 -0.007353
0 0.008789 0.016176 -0.015625 -0.029412
0 0.003418 0.006618 -0.004883 -0.010294
0 0.010742 0.019118 -0.019531 -0.038235
0 0.003418 0.006618 -0.004883 -0.010294
0 0.010742 0.019118 -0.019531 -0.038235
0 0.003418 0.006618 -0.004883 -0.010294
0 0.002930 0.005147 -0.003906 -0.007353
0 0.010742 0.019853 -0.019531 -0.036765
0 0.010742 0.019853 -0.019531 -0.036765
0 0.002930 0.005147 -0.003906 -0.007353
0 0.010742 0.019853 -0.019531 -0.036765
0 0.002930 0.005147 -0.003906 -0.007353
0 0.004883 0.009559 -0.007812 -0.016176
0 0.010742 0.019118 -0.019531 -0.038235
0 0.003418 0.006618 -0.004883 -0.010294
0 0.010742 0.019118 -0.019531 -0.038235
0 0.010742 0.019118 -0.019531 -0.038235
0 0.003418 0.006618 -0.004883 -0.010294
0 0.010742 0.019118 -0.019531 -0.038235
0 0.010742 0.019118 -0.019531 -0.038235
0 0.010742 0.019853 -0.019531 -0.036765
0 0.024414 0.052206 -0.046875 -0.104412
0 0.024414 0.052206 -0.046875 -0.104412
0 0.008789 0.016176 -0.015625 -0.029412
0 0.010742 0.019118 -0.019531 -0.038235
0 0.003418 0.006618 -0.004883 -0.010294
0 0.003418 0.006618 -0.004883 -0.010294
0 0.010742 0.019118 -0.019531 -0.038235
0 0.024414 0.052206 -0.046875 -0.104412
0 0.010742 0.019853 -0.019531 -0.036765
0 0.024414 0.052206 -0.046875 -0.104412
0 0.024414 0.052206 -0.046875 -0.104412
0 0.003418 0.006618 -0.004883 -0.010294
0 0.024414 0.052206 -0.046875 -0.104412
0 0.010742 0.019853 -0.019531 -0.036765
0 0.003418 0.006618 -0.004883 -0.010294
0 0.002930 0.005147 -0.003906 -0.007353
0 0.004883 0.008824 -0.007812 -0.014706
0 0.010742 0.019118 -0.019531 -0.038235
0 0.003418 0.006618 -0.004883 -0.010294
0 0.010742 0.019853 -0.019531 -0.036765
0 0.002930 0.005147 -0.003906 -0.007353
0 0.003418 0.006618 -0.004883 -0.010294
0 0.003418 0.006618 -0.004883 -0.010294
0 0.024414 0.052206 -0.046875 -0.104412
0 0.002930 0.005147 -0.003906 -0.007353
0 0.003418 0.006618 -0.004883 -0.010294
0 0.010742 0.019853 -0.019531 -0.036765
0 0.010742 0.019853 -0.019531 -0.036765
0 0.010742 0.019118 -0.019531 -0.038235
0 0.003418 0.006618 -0.004883 -0.010294
0 0.010742 0.019118 -0.019531 -0.038235
0 0.003418 0.006618 -0.004883 -0.010294
0 0.010742 0.019853 -0.019531 -0.036765
0 0.003418 0.006618 -0.004883 -0.010294
0 0.003418 0.006618 -0.004883 -0.010294
0 0.010742 0.019853 -0.019531 -0.036765
0 0.010742 0.019853 -0.019531 -0.036765
0 0.010742 0.019118 -0.019531 -0.038235
0 0.010742 0.019853 -0.019531 -0.036765
0 0.002930 0.005147 -0.003906 -0.007353
0 0.002930 0.005147 -0.003906 -0.007353
0 0.010742 0.019853 -0.019531 -0.036765
0 0.003418 0.006618 -0.004883 -0.010294
0 0.002930 0.005147 -0.003906 -0.007353
0 0.003418 0.006618 -0.004883 -0.010294
0 0.003418 0.006618 -0.004883 -0.010294
0 0.024414 0.052206 -0.046875 -0.104412
0 0.010742 0.019853 -0.019531 -0.036765
0 0.002930 0.005147 -0.003906 -0.007353
0 0.010742 0.019118 -0.019531 -0.038235
0 0.002930 0.005882 -0.003906 -0.008824
0 0.002930 0.005147 -0.003906 -0.007353
0 0.002930 0.005147 -0.003906 -0.007353
0 0.002930 0.005147 -0.003906 -0.007353
0 0.003418 0.006618 -0.004883 -0.010294
0 0.003418 0.006618 -0.004883 -0.010294
0 0.024414 0.052206 -0.046875 -0.104412
0 0.010742 0.019853 -0.019531 -0.036765
0 0.027832 0.048529 -0.053711 -0.097059
0 0.027832 0.048529 -0.053711 -0.097059
0 0.010742 0.019118 -0.019531 -0.038235
0 0.002930 0.005147 -0.003906 -0.007353
0 0.010742 0.019118 -0.019531 -0.038235
0 0.010742 0.019853 -0.019531 -0.036765
0 0.003418 0.006618 -0.004883 -0.010294
0 0.003418 0.006618 -0.004883 -0.010294
0 0.002930 0.005147 -0.003906 -0.007353
0 0.010742 0.019118 -0.019531 -0.038235
0 0.010742 0.019853 -0.019531 -0.036765
0 0.024414 0.052206 -0.046875 -0.104412
0 0.010742 0.019853 -0.019531 -0.036765
0 0.002930 0.005147 -0.003906 -0.007353
0 0.024414 0.052206 -0.046875 -0.104412
0 0.003418 0.006618 -0.004883 -0.010294
0 0.002930 0.005147 -0.003906 -0.007353
0 0.003418 0.006618 -0.004883 -0.010294
0 0.003418 0.006618 -0.004883 -0.010294
0 0.010742 0.019118 -0.019531 -0.038235
0 0.002930 0.005147 -0.003906 -0.007353
0 0.009766 0.019118 -0.017578 -0.035294
0 0.002930 0.005147 -0.003906 -0.007353
0 0.003418 0.006618 -0.004883 -0.010294
0 0.010742 0.019118 -0.019531 -0.038235
0 0.003418 0.006618 -0.004883 -0.010294
0 0.010742 0.019118 -0.019531 -0.038235
0 0.010742 0.019853 -0.019531 -0.036765
0 0.003418 0.006618 -0.004883 -0.010294
0 0.027832 0.048529 -0.053711 -0.097059
0 0.002930 0.005147 -0.003906 -0.007353
0 0.003418 0.006618 -0.004883 -0.010294
0 0.002930 0.005147 -0.003906 -0.007353
0 0.003418 0.006618 -0.004883 -0.010294
0 0.002930 0.005147 -0.003906 -0.007353
0 0.010742 0.019853 -0.019531 -0.036765
0 0.010742 0.019118 -0.019531 -0.038235
0 0.010742 0.019853 -0.019531 -0.036765
0 0.024414 0.052206 -0.046875 -0.104412
0 0.010742 0.019853 -0.019531 -0.036765
0 0.006836 0.012500 -0.011719 -0.022059
0 0.002930 0.005147 -0.003906 -0.007353
0 0.002930 0.005147 -0.003906 -0.007353
0 0.003418 0.006618 -0.004883 -0.010294
0 0.002930 0.005147 -0.003906 -0.007353
0 0.002930 0.005147 -0.003906 -0.007353
0 0.027832 0.048529 -0.053711 -0.097059
0 0.006836 0.013235 -0.011719 -0.023529
0 0.003418 0.006618 -0.004883 -0.010294
0 0.003418 0.006618 -0.004883 -0.010294
0 0.003418 0.006618 -0.004883 -0.010294
0 0.003418 0.006618 -0.004883 -0.010294
0 0.002930 0.005147 -0.003906 -0.007353
0 0.010742 0.019118 -0.019531 -0.038235
0 0.003418 0.006618 -0.004883 -0.010294
0 0.024414 0.052206 -0.046875 -0.104412
0 0.004883 0.009559 -0.007812 -0.016176
0 0.017578 0.035294 -0.033203 -0.070588
0 0.010742 0.019118 -0.019531 -0.038235
0 0.010742 0.019853 -0.019531 -0.036765
0 0.010742 0.019853 -0.019531 -0.036765
0 0.003418 0.006618 -0.004883 -0.010294
0 0.003418 0.006618 -0.004883 -0.010294
0 0.010742 0.019853 -0.019531 -0.036765
0 0.010742 0.019853 -0.019531 -0.036765
0 0.010742 0.019853 -0.019531 -0.036765
0 0.003418 0.006618 -0.004883 -0.010294
0 0.002930 0.005147 -0.003906 -0.007353
0 0.010742 0.019118 -0.019531 -0.038235
0 0.002930 0.005147 -0.003906 -0.007353
0 0.008789 0.016176 -0.015625 -0.029412
0 0.010742 0.019853 -0.019531 -0.036765
0 0.003418 0.006618 -0.004883 -0.010294
0 0.010742 0.019853 -0.019531 -0.036765
0 0.002930 0.005147 -0.003906 -0.007353
0 0.002930 0.005147 -0.003906 -0.007353
0 0.002930 0.005147 -0.003906 -0.007353
0 0.002930 0.005147 -0.003906 -0.007353
0 0.003418 0.006618 -0.004883 -0.010294
0 0.002930 0.005147 -0.003906 -0.007353
0 0.003418 0.006618 -0.004883 -0.010294
0 0.003418 0.006618 -0.004883 -0.010294
0 0.010742 0.019853 -0.019531 -0.036765
0 0.003418 0.006618 -0.004883 -0.010294
0 0.003418 0.006618 -0.004883 -0.010294
0 0.003418 0.006618 -0.004883 -0.010294
0 0.002930 0.005147 -0.003906 -0.007353
0 0.002930 0.005147 -0.003906 -0.007353
0 0.010742 0.019853 -0.019531 -0.036765
0 0.010742 0.019853 -0.019531 -0.036765
0 0.010742 0.019853 -0.019531 -0.036765
0 0.003418 0.006618 -0.004883 -0.010294
0 0.003418 0.006618 -0.004883 -0.010294
0 0.003418 0.006618 -0.004883 -0.010294
0 0.002930 0.005147 -0.003906 -0.007353
0 0.024902 0.050735 -0.047852 -0.101471
0 0.025391 0.052206 -0.044922 -0.104412
0 0.002930 0.005147 -0.003906 -0.007353
0 0.003418 0.006618 -0.004883 -0.010294
0 0.003418 0.006618 -0.004883 -0.010294
0 0.003418 0.006618 -0.004883 -0.010294
0 0.003418 0.006618 -0.004883 -0.010294
0 0.006836 0.012500 -0.011719 -0.022059
0 0.003418 0.006618 -0.004883 -0.010294
0 0.010742 0.019853 -0.019531 -0.036765
0 0.002930 0.005147 -0.003906 -0.007353
0 0.010742 0.019853 -0.019531 -0.036765
0 0.027832 0.048529 -0.053711 -0.097059
0 0.003418 0.006618 -0.004883 -0.010294
0 0.002930 0.005147 -0.003906 -0.007353
0 0.009766 0.019118 -0.017578 -0.035294
0 0.010742 0.019853 -0.019531 -0.036765
0 0.027832 0.048529 -0.053711 -0.097059
0 0.002930 0.005147 -0.003906 -0.007353
0 0.002930 0.005147 -0.003906 -0.007353
0 0.010742 0.019853 -0.019531 -0.036765
0 0.010742 0.019118 -0.019531 -0.038235
0 0.002930 0.005147 -0.003906 -0.007353
0 0.002930 0.005147 -0.003906 -0.007353
0 0.010742 0.019118 -0.019531 -0.038235
0 0.024414 0.052206 -0.046875 -0.104412
0 0.003418 0.006618 -0.004883 -0.010294
0 0.003418 0.006618 -0.004883 -0.010294
0 0.010742 0.019853 -0.019531 -0.036765
0 0.002930 0.005147 -0.003906 -0.007353
0 0.002930 0.005147 -0.003906 -0.007353
0 0.003418 0.006618 -0.004883 -0.010294
0 0.010742 0.019853 -0.019531 -0.036765
0 0.010742 0.019853 -0.019531 -0.036765
0 0.004883 0.009559 -0.007812 -0.016176
0 0.003418 0.006618 -0.004883 -0.010294
0 0.010742 0.019853 -0.019531 -0.036765
0 0.027832 0.048529 -0.053711 -0.097059
0 0.010742 0.019853 -0.019531 -0.036765
0 0.003418 0.006618 -0.004883 -0.010294
0 0.002930 0.005147 -0.003906 -0.007353
0 0.002930 0.005147 -0.003906 -0.007353
0 0.002930 0.005147 -0.003906 -0.007353
0 0.003418 0.006618 -0.004883 -0.010294
0 0.010742 0.019853 -0.019531 -0.036765
0 0.009766 0.018382 -0.017578 -0.036765
0 0.024414 0.052206 -0.046875 -0.104412
0 0.010742 0.019118 -0.019531 -0.038235
0 0.002930 0.005147 -0.003906 -0.007353
0 0.002930 0.005147 -0.003906 -0.007353
0 0.006836 0.013235 -0.011719 -0.023529
0 0.003418 0.006618 -0.004883 -0.010294
0 0.010742 0.019118 -0.019531 -0.038235
0 0.003418 0.006618 -0.004883 -0.010294
0 0.002930 0.005147 -0.003906 -0.007353
0 0.024414 0.052206 -0.046875 -0.104412
0 0.003418 0.006618 -0.004883 -0.010294
0 0.003418 0.006618 -0.004883 -0.010294
0 0.006836 0.013235 -0.011719 -0.023529
0 0.010742 0.019853 -0.019531 -0.036765