0 0.020508 0.037363 -0.040039 -0.073260
0 0.023682 0.042125 -0.046387 -0.082784
0 0.020508 0.037363 -0.040039 -0.073260
0 0.023682 0.042125 -0.046387 -0.082784
0 0.020508 0.037363 -0.040039 -0.073260
0 0.023682 0.042125 -0.046387 -0.082784
0 0.037109 0.068498 -0.073242 -0.135531
0 0.023682 0.042125 -0.046387 -0.082784
0 0.029053 0.054212 -0.057129 -0.106960
0 0.027832 0.053114 -0.054688 -0.106227
0 0.020752 0.037363 -0.039551 -0.073260
0 0.020508 0.037363 -0.040039 -0.073260
0 0.020508 0.037363 -0.040039 -0.073260
0 0.027832 0.053480 -0.054688 -0.105495
0 0.027832 0.053114 -0.054688 -0.106227
0 0.020508 0.037363 -0.040039 -0.073260
0 0.020508 0.037363 -0.040039 -0.073260
0 0.037109 0.068132 -0.073242 -0.136264
0 0.020508 0.037363 -0.040039 -0.073260
0 0.034668 0.057875 -0.068359 -0.115751
0 0.027832 0.053480 -0.054688 -0.105495
0 0.027832 0.053480 -0.054688 -0.105495
0 0.020508 0.037363 -0.040039 -0.073260
0 0.021240 0.038462 -0.041504 -0.075458
0 0.020508 0.037363 -0.040039 -0.073260
0 0.027832 0.053114 -0.054688 -0.106227
0 0.034668 0.057875 -0.068359 -0.115751
0 0.020508 0.037363 -0.040039 -0.073260
0 0.023682 0.042125 -0.046387 -0.082784
0 0.034668 0.057875 -0.068359 -0.115751
0 0.034668 0.057875 -0.068359 -0.115751
0 0.020508 0.037363 -0.040039 -0.073260
0 0.020508 0.037363 -0.040039 -0.073260
0 0.023682 0.042125 -0.046387 -0.082784
0 0.023682 0.042125 -0.046387 -0.082784
0 0.020752 0.037363 -0.039551 -0.073260
0 0.023682 0.042125 -0.046387 -0.082784
0 0.034668 0.057875 -0.068359 -0.115751
0 0.020508 0.037363 -0.040039 -0.073260
0 0.034668 0.057875 -0.068359 -0.115751
0 0.027832 0.053480 -0.054688 -0.105495
0 0.037109 0.068132 -0.073242 -0.136264
0 0.023682 0.042125 -0.046387 -0.082784
0 0.020508 0.037363 -0.040039 -0.073260
0 0.023682 0.042125 -0.046387 -0.082784
0 0.020508 0.037363 -0.040039 -0.073260
0 0.020508 0.037363 -0.040039 -0.073260
0 0.020508 0.037363 -0.040039 -0.073260
0 0.020508 0.037363 -0.040039 -0.073260
0 0.020508 0.037363 -0.040039 -0.073260
0 0.037109 0.068132 -0.073242 -0.136264
0 0.027832 0.053480 -0.054688 -0.105495
0 0.027832 0.053480 -0.054688 -0.105495
0 0.027832 0.053480 -0.054688 -0.105495
0 0.034668 0.057875 -0.068359 -0.115751
0 0.020508 0.037363 -0.040039 -0.073260
0 0.034668 0.057875 -0.068359 -0.115751
0 0.020508 0.037363 -0.040039 -0.073260
0 0.020752 0.037363 -0.039551 -0.073260
0 0.020752 0.037363 -0.039551 -0.073260
0 0.020508 0.037363 -0.040039 -0.073260
0 0.021240 0.038462 -0.041504 -0.075458
0 0.034668 0.058242 -0.068359 -0.115018
0 0.022949 0.042491 -0.044922 -0.083516
0 0.020508 0.037363 -0.040039 -0.073260