0 0.007426 0.032328 -0.012871 -0.064655
0 0.007426 0.032328 -0.012871 -0.064655
0 0.005446 0.025862 -0.008911 -0.051724
0 0.007426 0.032328 -0.012871 -0.064655
0 0.005446 0.025862 -0.008911 -0.051724
0 0.005446 0.025862 -0.008911 -0.051724
0 0.005446 0.025862 -0.008911 -0.051724
0 0.010396 0.047414 -0.018812 -0.094828
0 0.010396 0.047414 -0.018812 -0.094828
0 0.005446 0.025862 -0.008911 -0.051724
0 0.010396 0.047414 -0.018812 -0.094828
0 0.005446 0.025862 -0.008911 -0.051724
0 0.005446 0.025862 -0.008911 -0.051724
0 0.005446 0.025862 -0.008911 -0.051724
0 0.005446 0.025862 -0.008911 -0.051724
0 0.005446 0.025862 -0.008911 -0.051724
0 0.005446 0.025862 -0.008911 -0.051724
0 0.005446 0.025862 -0.008911 -0.051724
0 0.007426 0.032328 -0.012871 -0.064655
0 0.007426 0.032328 -0.012871 -0.064655
0 0.007426 0.032328 -0.012871 -0.064655
0 0.005446 0.025862 -0.008911 -0.051724
0 0.006931 0.030172 -0.011881 -0.060345
0 0.016832 0.081897 -0.031683 -0.163793
0 0.005446 0.025862 -0.008911 -0.051724
0 0.010396 0.047414 -0.018812 -0.094828
0 0.007426 0.032328 -0.012871 -0.064655
0 0.005446 0.025862 -0.008911 -0.051724
0 0.007426 0.032328 -0.012871 -0.064655
0 0.005446 0.025862 -0.008911 -0.051724
0 0.016832 0.081897 -0.031683 -0.163793
0 0.007426 0.032328 -0.012871 -0.064655
0 0.005446 0.025862 -0.008911 -0.051724
0 0.007426 0.032328 -0.012871 -0.064655
0 0.007426 0.032328 -0.012871 -0.064655
0 0.005446 0.025862 -0.008911 -0.051724
0 0.005446 0.025862 -0.008911 -0.051724
0 0.005446 0.025862 -0.008911 -0.051724
0 0.007426 0.032328 -0.012871 -0.064655
0 0.005446 0.025862 -0.008911 -0.051724
0 0.007426 0.032328 -0.012871 -0.064655
0 0.007426 0.032328 -0.012871 -0.064655
0 0.007426 0.032328 -0.012871 -0.064655
0 0.010396 0.047414 -0.018812 -0.094828
0 0.005446 0.025862 -0.008911 -0.051724
0 0.007426 0.032328 -0.012871 -0.064655
0 0.010396 0.047414 -0.018812 -0.094828
0 0.005446 0.025862 -0.008911 -0.051724
0 0.010396 0.047414 -0.018812 -0.094828
0 0.007426 0.032328 -0.012871 -0.064655
0 0.010396 0.047414 -0.018812 -0.094828
0 0.005446 0.025862 -0.008911 -0.051724
0 0.016832 0.081897 -0.031683 -0.163793
0 0.007426 0.032328 -0.012871 -0.064655
0 0.007426 0.032328 -0.012871 -0.064655
0 0.010396 0.047414 -0.018812 -0.094828
0 0.012871 0.060345 -0.023762 -0.120690
0 0.005446 0.025862 -0.008911 -0.051724
0 0.005446 0.025862 -0.008911 -0.051724
0 0.010396 0.047414 -0.018812 -0.094828
0 0.010396 0.047414 -0.018812 -0.094828
0 0.007921 0.034483 -0.013861 -0.068966
0 0.013366 0.064655 -0.024752 -0.129310
0 0.005446 0.025862 -0.008911 -0.051724
0 0.005446 0.025862 -0.008911 -0.051724
0 0.005446 0.025862 -0.008911 -0.051724
0 0.016832 0.081897 -0.031683 -0.163793
0 0.007426 0.032328 -0.012871 -0.064655
0 0.007426 0.032328 -0.012871 -0.064655
0 0.007426 0.032328 -0.012871 -0.064655
0 0.005446 0.025862 -0.008911 -0.051724
0 0.007426 0.032328 -0.012871 -0.064655
0 0.010396 0.047414 -0.018812 -0.094828
0 0.007426 0.032328 -0.012871 -0.064655
0 0.010396 0.047414 -0.018812 -0.094828
0 0.007426 0.032328 -0.012871 -0.064655
0 0.005446 0.025862 -0.008911 -0.051724
0 0.007426 0.032328 -0.012871 -0.064655
0 0.007426 0.032328 -0.012871 -0.064655
0 0.005446 0.025862 -0.008911 -0.051724
0 0.010396 0.047414 -0.018812 -0.094828
0 0.007426 0.032328 -0.012871 -0.064655
0 0.010396 0.047414 -0.018812 -0.094828
0 0.016832 0.081897 -0.031683 -0.163793
0 0.010396 0.047414 -0.018812 -0.094828
0 0.010396 0.047414 -0.018812 -0.094828
0 0.007426 0.032328 -0.012871 -0.064655
0 0.005446 0.025862 -0.008911 -0.051724
0 0.007426 0.032328 -0.012871 -0.064655
0 0.010396 0.047414 -0.018812 -0.094828
0 0.005446 0.025862 -0.008911 -0.051724
0 0.006931 0.030172 -0.011881 -0.060345
0 0.005446 0.025862 -0.008911 -0.051724
0 0.007426 0.032328 -0.012871 -0.064655
0 0.005446 0.025862 -0.008911 -0.051724
0 0.007426 0.032328 -0.012871 -0.064655
0 0.011881 0.056034 -0.021782 -0.112069
0 0.010396 0.047414 -0.018812 -0.094828
0 0.010396 0.047414 -0.018812 -0.094828
0 0.007426 0.032328 -0.012871 -0.064655
0 0.007426 0.032328 -0.012871 -0.064655
0 0.005446 0.025862 -0.008911 -0.051724
0 0.007426 0.032328 -0.012871 -0.064655
0 0.010396 0.047414 -0.018812 -0.094828
0 0.007426 0.032328 -0.012871 -0.064655
0 0.007426 0.032328 -0.012871 -0.064655
0 0.007426 0.032328 -0.012871 -0.064655
0 0.005446 0.025862 -0.008911 -0.051724
0 0.005446 0.025862 -0.008911 -0.051724
0 0.010396 0.047414 -0.018812 -0.094828
0 0.007426 0.032328 -0.012871 -0.064655
0 0.010396 0.047414 -0.018812 -0.094828
0 0.010396 0.047414 -0.018812 -0.094828
0 0.011386 0.047414 -0.016832 -0.094828
0 0.013366 0.064655 -0.024752 -0.129310
0 0.007426 0.032328 -0.012871 -0.064655
0 0.007426 0.032328 -0.012871 -0.064655
0 0.007426 0.032328 -0.012871 -0.064655
0 0.005446 0.025862 -0.008911 -0.051724
0 0.005446 0.025862 -0.008911 -0.051724
0 0.007426 0.032328 -0.012871 -0.064655
0 0.005446 0.025862 -0.008911 -0.051724
0 0.007426 0.032328 -0.012871 -0.064655
0 0.005446 0.025862 -0.008911 -0.051724
0 0.007426 0.032328 -0.012871 -0.064655
0 0.005446 0.025862 -0.008911 -0.051724
0 0.010396 0.047414 -0.018812 -0.094828
0 0.007426 0.032328 -0.012871 -0.064655
0 0.007426 0.032328 -0.012871 -0.064655
0 0.005446 0.025862 -0.008911 -0.051724
0 0.007426 0.032328 -0.012871 -0.064655
0 0.016832 0.081897 -0.031683 -0.163793
0 0.010396 0.047414 -0.018812 -0.094828
0 0.005941 0.025862 -0.009901 -0.051724
0 0.007426 0.032328 -0.012871 -0.064655
0 0.005446 0.025862 -0.008911 -0.051724
0 0.010396 0.047414 -0.018812 -0.094828
0 0.005446 0.025862 -0.008911 -0.051724
0 0.016832 0.081897 -0.031683 -0.163793
0 0.010396 0.047414 -0.018812 -0.094828
0 0.007426 0.032328 -0.012871 -0.064655
0 0.007426 0.032328 -0.012871 -0.064655
0 0.007426 0.032328 -0.012871 -0.064655
0 0.007426 0.032328 -0.012871 -0.064655
0 0.005446 0.025862 -0.008911 -0.051724
0 0.007426 0.032328 -0.012871 -0.064655
0 0.005446 0.025862 -0.008911 -0.051724
0 0.010396 0.047414 -0.018812 -0.094828
0 0.007426 0.032328 -0.012871 -0.064655
0 0.005446 0.025862 -0.008911 -0.051724
0 0.007426 0.032328 -0.012871 -0.064655
0 0.005446 0.025862 -0.008911 -0.051724
0 0.010396 0.047414 -0.018812 -0.094828
0 0.007426 0.032328 -0.012871 -0.064655
0 0.007426 0.032328 -0.012871 -0.064655
0 0.005446 0.025862 -0.008911 -0.051724
0 0.007426 0.032328 -0.012871 -0.064655
0 0.005446 0.025862 -0.008911 -0.051724
0 0.005446 0.025862 -0.008911 -0.051724
0 0.007426 0.032328 -0.012871 -0.064655
0 0.005446 0.025862 -0.008911 -0.051724
0 0.016832 0.081897 -0.031683 -0.163793
0 0.005446 0.025862 -0.008911 -0.051724
0 0.005446 0.025862 -0.008911 -0.051724
0 0.007426 0.032328 -0.012871 -0.064655
0 0.005446 0.025862 -0.008911 -0.051724
0 0.007426 0.032328 -0.012871 -0.064655
0 0.005446 0.025862 -0.008911 -0.051724
0 0.005446 0.025862 -0.008911 -0.051724
0 0.005446 0.025862 -0.008911 -0.051724
0 0.005446 0.025862 -0.008911 -0.051724
0 0.005446 0.025862 -0.008911 -0.051724
0 0.007426 0.032328 -0.012871 -0.064655
0 0.005446 0.025862 -0.008911 -0.051724
0 0.010396 0.047414 -0.018812 -0.094828
0 0.005446 0.025862 -0.008911 -0.051724
0 0.007426 0.032328 -0.012871 -0.064655
0 0.006436 0.028017 -0.010891 -0.056034
0 0.005446 0.025862 -0.008911 -0.051724
0 0.005446 0.025862 -0.008911 -0.051724
0 0.010396 0.047414 -0.018812 -0.094828
0 0.010396 0.047414 -0.018812 -0.094828
0 0.005446 0.025862 -0.008911 -0.051724
0 0.005446 0.025862 -0.008911 -0.051724
0 0.005446 0.025862 -0.008911 -0.051724
0 0.007426 0.032328 -0.012871 -0.064655
0 0.007426 0.032328 -0.012871 -0.064655
0 0.005446 0.025862 -0.008911 -0.051724
0 0.010396 0.047414 -0.018812 -0.094828
0 0.016832 0.081897 -0.031683 -0.163793
0 0.005446 0.025862 -0.008911 -0.051724
0 0.007426 0.032328 -0.012871 -0.064655
0 0.007426 0.032328 -0.012871 -0.064655
0 0.007426 0.032328 -0.012871 -0.064655
0 0.007426 0.032328 -0.012871 -0.064655
0 0.006931 0.030172 -0.011881 -0.060345