0 0.017548 0.030769 -0.034135 -0.061538
0 0.010096 0.017308 -0.019231 -0.034615
0 0.011779 0.019872 -0.022596 -0.039744
0 0.010096 0.017308 -0.019231 -0.034615
0 0.010577 0.017308 -0.018269 -0.034615
0 0.011779 0.019872 -0.022596 -0.039744
0 0.010096 0.017308 -0.019231 -0.034615
0 0.010096 0.017308 -0.019231 -0.034615
0 0.010096 0.017308 -0.019231 -0.034615
0 0.020673 0.034936 -0.040385 -0.069872
0 0.012260 0.018590 -0.023558 -0.037179
0 0.042788 0.088782 -0.084615 -0.177564
0 0.010577 0.017308 -0.018269 -0.034615
0 0.010577 0.017308 -0.018269 -0.034615
0 0.010096 0.017308 -0.019231 -0.034615
0 0.020673 0.034936 -0.040385 -0.069872
0 0.010096 0.017308 -0.019231 -0.034615
0 0.011779 0.019872 -0.022596 -0.039744
0 0.010096 0.017308 -0.019231 -0.034615
0 0.020673 0.034936 -0.040385 -0.069872
0 0.010096 0.017308 -0.019231 -0.034615
0 0.011779 0.019872 -0.022596 -0.039744
0 0.011779 0.019872 -0.022596 -0.039744
0 0.010096 0.017308 -0.019231 -0.034615
0 0.010096 0.017308 -0.019231 -0.034615
0 0.010577 0.017308 -0.018269 -0.034615
0 0.010096 0.017308 -0.019231 -0.034615
0 0.010096 0.017308 -0.019231 -0.034615
0 0.010096 0.017308 -0.019231 -0.034615
0 0.011779 0.019872 -0.022596 -0.039744
0 0.030529 0.059295 -0.060096 -0.118590
0 0.010096 0.017308 -0.019231 -0.034615
0 0.020673 0.034936 -0.040385 -0.069872
0 0.017548 0.030769 -0.034135 -0.061538
0 0.010096 0.017308 -0.019231 -0.034615
0 0.012740 0.019231 -0.024519 -0.038462
0 0.010096 0.015064 -0.019231 -0.030128
0 0.010096 0.017308 -0.019231 -0.034615
0 0.010096 0.017308 -0.019231 -0.034615
0 0.010096 0.017308 -0.019231 -0.034615
0 0.042788 0.088782 -0.084615 -0.177564
0 0.011779 0.019872 -0.022596 -0.039744
0 0.012260 0.019872 -0.021635 -0.039744
0 0.010577 0.017308 -0.018269 -0.034615
0 0.020673 0.034936 -0.040385 -0.069872
0 0.010096 0.017308 -0.019231 -0.034615
0 0.011779 0.019872 -0.022596 -0.039744
0 0.011779 0.019872 -0.022596 -0.039744
0 0.017548 0.030769 -0.034135 -0.061538
0 0.010096 0.017308 -0.019231 -0.034615
0 0.010096 0.017308 -0.019231 -0.034615
0 0.011779 0.019872 -0.022596 -0.039744
0 0.042788 0.088782 -0.084615 -0.177564
0 0.010096 0.017308 -0.019231 -0.034615
0 0.012740 0.019231 -0.024519 -0.038462
0 0.010096 0.017308 -0.019231 -0.034615
0 0.030529 0.059295 -0.060096 -0.118590
0 0.010577 0.017308 -0.018269 -0.034615
0 0.011779 0.019872 -0.022596 -0.039744
0 0.017548 0.030769 -0.034135 -0.061538
0 0.017548 0.030769 -0.034135 -0.061538
0 0.030529 0.059295 -0.060096 -0.118590
0 0.008413 0.015385 -0.015865 -0.030769
0 0.011779 0.019872 -0.022596 -0.039744
0 0.011779 0.019872 -0.022596 -0.039744
0 0.010096 0.017308 -0.019231 -0.034615
0 0.012260 0.019872 -0.021635 -0.039744
0 0.017548 0.030769 -0.034135 -0.061538
0 0.017548 0.030769 -0.034135 -0.061538
0 0.010096 0.015064 -0.019231 -0.030128
0 0.010577 0.017308 -0.018269 -0.034615
0 0.010096 0.017308 -0.019231 -0.034615
0 0.010577 0.017308 -0.018269 -0.034615
0 0.020673 0.034936 -0.040385 -0.069872
0 0.010096 0.017308 -0.019231 -0.034615
0 0.010577 0.017308 -0.018269 -0.034615
0 0.012260 0.018590 -0.023558 -0.037179
0 0.010577 0.017308 -0.018269 -0.034615
0 0.010096 0.017308 -0.019231 -0.034615
0 0.030529 0.059295 -0.060096 -0.118590
0 0.010096 0.017308 -0.019231 -0.034615
0 0.010096 0.017308 -0.019231 -0.034615