0 0.011198 0.019615 -0.021354 -0.039231
0 0.015104 0.030000 -0.029167 -0.060000
0 0.003906 0.007692 -0.006771 -0.015385
0 0.056250 0.104615 -0.111458 -0.209231
0 0.015104 0.030000 -0.029167 -0.060000
0 0.003906 0.007692 -0.006771 -0.015385
0 0.006771 0.009615 -0.012500 -0.019231
0 0.006771 0.009615 -0.012500 -0.019231
0 0.006771 0.009615 -0.012500 -0.019231
0 0.015104 0.030000 -0.029167 -0.060000
0 0.008333 0.019615 -0.015625 -0.039231
0 0.008594 0.016538 -0.016146 -0.033077
0 0.007031 0.017692 -0.013021 -0.035385
0 0.013021 0.020385 -0.025000 -0.040769
0 0.006771 0.009615 -0.012500 -0.019231
0 0.007031 0.017692 -0.013021 -0.035385
0 0.008594 0.016538 -0.016146 -0.033077
0 0.006771 0.009615 -0.012500 -0.019231
0 0.056771 0.104615 -0.110417 -0.209231
0 0.008333 0.019615 -0.015625 -0.039231
0 0.012500 0.019231 -0.023958 -0.038462
0 0.015365 0.031538 -0.029687 -0.063077
0 0.008333 0.019615 -0.015625 -0.039231
0 0.008333 0.019615 -0.015625 -0.039231
0 0.008854 0.020385 -0.016667 -0.040769
0 0.017448 0.029615 -0.033854 -0.059231
0 0.015104 0.030000 -0.029167 -0.060000
0 0.006771 0.009615 -0.012500 -0.019231
0 0.015104 0.022692 -0.029167 -0.045385
0 0.013021 0.026154 -0.025000 -0.052308
0 0.007812 0.012308 -0.014583 -0.024615
0 0.003906 0.007692 -0.006771 -0.015385
0 0.008594 0.016538 -0.016146 -0.033077
0 0.006771 0.009615 -0.012500 -0.019231
0 0.030469 0.065385 -0.059896 -0.130769
0 0.008333 0.019615 -0.015625 -0.039231
0 0.014063 0.023846 -0.027083 -0.047692
0 0.006771 0.009615 -0.012500 -0.019231
0 0.012500 0.019231 -0.023958 -0.038462
0 0.030469 0.065385 -0.059896 -0.130769
0 0.012500 0.019231 -0.023958 -0.038462
0 0.015365 0.031538 -0.029687 -0.063077
0 0.013021 0.020385 -0.025000 -0.040769
0 0.011198 0.019615 -0.021354 -0.039231
0 0.011198 0.019615 -0.021354 -0.039231
0 0.007031 0.013846 -0.013021 -0.027692
0 0.015365 0.031538 -0.029687 -0.063077
0 0.008333 0.019615 -0.015625 -0.039231
0 0.030469 0.065385 -0.059896 -0.130769
0 0.017448 0.029615 -0.033854 -0.059231
0 0.017448 0.029615 -0.033854 -0.059231
0 0.006771 0.009615 -0.012500 -0.019231
0 0.006771 0.009615 -0.012500 -0.019231
0 0.007031 0.017692 -0.013021 -0.035385
0 0.008333 0.019615 -0.015625 -0.039231
0 0.017448 0.029615 -0.033854 -0.059231
0 0.008594 0.016538 -0.016146 -0.033077
0 0.056771 0.104615 -0.110417 -0.209231
0 0.026302 0.046923 -0.051562 -0.093846
0 0.006771 0.009615 -0.012500 -0.019231
0 0.012500 0.019231 -0.023958 -0.038462
0 0.015104 0.022692 -0.029167 -0.045385
0 0.006771 0.009615 -0.012500 -0.019231
0 0.026302 0.046923 -0.051562 -0.093846
0 0.056250 0.104615 -0.111458 -0.209231