0 0.007292 0.016667 -0.013542 -0.033333
0 0.010156 0.023611 -0.019271 -0.047222
0 0.008333 0.014815 -0.015625 -0.029630
0 0.005469 0.011574 -0.009896 -0.023148
0 0.004948 0.008796 -0.008854 -0.017593
0 0.010156 0.023611 -0.019271 -0.047222
0 0.008594 0.016204 -0.016146 -0.032407
0 0.007552 0.016667 -0.013021 -0.033333
0 0.008594 0.016204 -0.016146 -0.032407
0 0.004948 0.008796 -0.008854 -0.017593
0 0.007292 0.016667 -0.013542 -0.033333
0 0.010156 0.023611 -0.019271 -0.047222
0 0.008594 0.016204 -0.016146 -0.032407
0 0.008333 0.015741 -0.015625 -0.031481
0 0.008594 0.016204 -0.016146 -0.032407
0 0.010156 0.023611 -0.019271 -0.047222
0 0.005469 0.011574 -0.009896 -0.023148
0 0.008594 0.016204 -0.016146 -0.032407
0 0.004948 0.008796 -0.008854 -0.017593
0 0.004948 0.008796 -0.008854 -0.017593
0 0.004948 0.008796 -0.008854 -0.017593
0 0.010417 0.023611 -0.018750 -0.047222
0 0.010156 0.023611 -0.019271 -0.047222
0 0.004948 0.008796 -0.008854 -0.017593
0 0.005469 0.011574 -0.009896 -0.023148
0 0.008333 0.014815 -0.015625 -0.029630
0 0.004948 0.008796 -0.008854 -0.017593
0 0.004948 0.008796 -0.008854 -0.017593
0 0.010156 0.023611 -0.019271 -0.047222
0 0.008594 0.016204 -0.016146 -0.032407
0 0.006771 0.012500 -0.012500 -0.025000
0 0.004948 0.008796 -0.008854 -0.017593
0 0.010417 0.023611 -0.018750 -0.047222
0 0.005469 0.011574 -0.009896 -0.023148
0 0.008594 0.016204 -0.016146 -0.032407
0 0.010417 0.023611 -0.018750 -0.047222
0 0.008594 0.016204 -0.016146 -0.032407
0 0.008333 0.014815 -0.015625 -0.029630
0 0.008333 0.014815 -0.015625 -0.029630
0 0.007292 0.016667 -0.013542 -0.033333
0 0.010417 0.023611 -0.018750 -0.047222
0 0.008594 0.016204 -0.016146 -0.032407
0 0.008594 0.016204 -0.016146 -0.032407
0 0.004948 0.008796 -0.008854 -0.017593
0 0.007812 0.015741 -0.014583 -0.031481
0 0.010417 0.023611 -0.018750 -0.047222
0 0.008594 0.016204 -0.016146 -0.032407
0 0.010156 0.023611 -0.019271 -0.047222
0 0.005469 0.011574 -0.009896 -0.023148
0 0.004948 0.008796 -0.008854 -0.017593
0 0.005469 0.011574 -0.009896 -0.023148
0 0.008333 0.014815 -0.015625 -0.029630
0 0.008594 0.016204 -0.016146 -0.032407
0 0.004948 0.008796 -0.008854 -0.017593
0 0.010156 0.023611 -0.019271 -0.047222
0 0.010156 0.023611 -0.019271 -0.047222
0 0.008594 0.016204 -0.016146 -0.032407
0 0.010156 0.023611 -0.019271 -0.047222
0 0.004948 0.008796 -0.008854 -0.017593
0 0.008333 0.014815 -0.015625 -0.029630
0 0.007292 0.016667 -0.013542 -0.033333
0 0.005469 0.011574 -0.009896 -0.023148
0 0.005469 0.011574 -0.009896 -0.023148
0 0.008333 0.015278 -0.015625 -0.030556
0 0.004948 0.008796 -0.008854 -0.017593
0 0.005469 0.011574 -0.009896 -0.023148
0 0.004948 0.008796 -0.008854 -0.017593
0 0.005469 0.011574 -0.009896 -0.023148
0 0.008594 0.016204 -0.016146 -0.032407
0 0.008594 0.016204 -0.016146 -0.032407
0 0.007292 0.016667 -0.013542 -0.033333
0 0.010156 0.023611 -0.019271 -0.047222
0 0.008594 0.016204 -0.016146 -0.032407
0 0.007812 0.015741 -0.014583 -0.031481
0 0.004948 0.008796 -0.008854 -0.017593
0 0.010156 0.023611 -0.019271 -0.047222
0 0.005469 0.011574 -0.009896 -0.023148
0 0.007292 0.016667 -0.013542 -0.033333
0 0.007292 0.016667 -0.013542 -0.033333
0 0.008073 0.015278 -0.015104 -0.030556
0 0.010156 0.023611 -0.019271 -0.047222
0 0.007812 0.015741 -0.014583 -0.031481
0 0.007552 0.016667 -0.013021 -0.033333
0 0.010156 0.023611 -0.019271 -0.047222
0 0.010156 0.023611 -0.019271 -0.047222
0 0.007292 0.016667 -0.013542 -0.033333
0 0.004948 0.008796 -0.008854 -0.017593
0 0.007812 0.015741 -0.014583 -0.031481
0 0.005469 0.011574 -0.009896 -0.023148
0 0.010156 0.023611 -0.019271 -0.047222
0 0.010156 0.023611 -0.019271 -0.047222
0 0.008594 0.016204 -0.016146 -0.032407
0 0.005469 0.011574 -0.009896 -0.023148
0 0.004948 0.008796 -0.008854 -0.017593
0 0.007812 0.015741 -0.014583 -0.031481
0 0.007812 0.015741 -0.014583 -0.031481
0 0.007812 0.015741 -0.014583 -0.031481
0 0.004948 0.008796 -0.008854 -0.017593
0 0.004948 0.008796 -0.008854 -0.017593
0 0.007292 0.016667 -0.013542 -0.033333
0 0.007292 0.016667 -0.013542 -0.033333
0 0.010417 0.023611 -0.018750 -0.047222
0 0.005469 0.011574 -0.009896 -0.023148
0 0.010156 0.023611 -0.019271 -0.047222
0 0.005469 0.011574 -0.009896 -0.023148
0 0.008594 0.016204 -0.016146 -0.032407
0 0.007292 0.016667 -0.013542 -0.033333
0 0.008594 0.016204 -0.016146 -0.032407
0 0.008594 0.016204 -0.016146 -0.032407
0 0.010156 0.023611 -0.019271 -0.047222
0 0.010156 0.023611 -0.019271 -0.047222
0 0.008594 0.016204 -0.016146 -0.032407
0 0.007812 0.015741 -0.014583 -0.031481
0 0.007812 0.015741 -0.014583 -0.031481
0 0.008333 0.014815 -0.015625 -0.029630
0 0.004948 0.008796 -0.008854 -0.017593
0 0.008594 0.016204 -0.016146 -0.032407
0 0.008854 0.019444 -0.016667 -0.038889
0 0.010156 0.023611 -0.019271 -0.047222
0 0.008594 0.016204 -0.016146 -0.032407
0 0.005469 0.011574 -0.009896 -0.023148
0 0.005469 0.011574 -0.009896 -0.023148
0 0.004948 0.008796 -0.008854 -0.017593
0 0.008594 0.016204 -0.016146 -0.032407
0 0.010156 0.023611 -0.019271 -0.047222
0 0.010156 0.023611 -0.019271 -0.047222
0 0.004948 0.008796 -0.008854 -0.017593
0 0.007292 0.016667 -0.013542 -0.033333
0 0.008594 0.016204 -0.016146 -0.032407
0 0.008333 0.014815 -0.015625 -0.029630
0 0.004948 0.008796 -0.008854 -0.017593
0 0.010156 0.023611 -0.019271 -0.047222
0 0.007812 0.015741 -0.014583 -0.031481
0 0.004948 0.008796 -0.008854 -0.017593
0 0.010156 0.023611 -0.019271 -0.047222
0 0.004948 0.008796 -0.008854 -0.017593
0 0.008594 0.016204 -0.016146 -0.032407
0 0.005469 0.011574 -0.009896 -0.023148
0 0.007292 0.016667 -0.013542 -0.033333
0 0.008594 0.016204 -0.016146 -0.032407
0 0.007292 0.016667 -0.013542 -0.033333
0 0.005729 0.010648 -0.010417 -0.021296
0 0.007812 0.015741 -0.014583 -0.031481
0 0.010156 0.023611 -0.019271 -0.047222
0 0.008594 0.016204 -0.016146 -0.032407
0 0.004948 0.008796 -0.008854 -0.017593
0 0.005469 0.011574 -0.009896 -0.023148
0 0.004948 0.008796 -0.008854 -0.017593
0 0.005469 0.011574 -0.009896 -0.023148
0 0.010156 0.023611 -0.019271 -0.047222
0 0.004948 0.008796 -0.008854 -0.017593
0 0.007292 0.016667 -0.013542 -0.033333
0 0.004948 0.008796 -0.008854 -0.017593
0 0.008594 0.016204 -0.016146 -0.032407
0 0.007292 0.016667 -0.013542 -0.033333
0 0.007292 0.016667 -0.013542 -0.033333
0 0.007812 0.015741 -0.014583 -0.031481
0 0.008594 0.016204 -0.016146 -0.032407
0 0.007292 0.016667 -0.013542 -0.033333
0 0.005469 0.011574 -0.009896 -0.023148
0 0.007552 0.016204 -0.014063 -0.032407
0 0.004948 0.008796 -0.008854 -0.017593
0 0.005469 0.011574 -0.009896 -0.023148
0 0.008333 0.014815 -0.015625 -0.029630
0 0.005469 0.011574 -0.009896 -0.023148
0 0.004948 0.008796 -0.008854 -0.017593
0 0.004948 0.008796 -0.008854 -0.017593
0 0.007812 0.015741 -0.014583 -0.031481
0 0.005990 0.011111 -0.010937 -0.022222
0 0.004948 0.008796 -0.008854 -0.017593
0 0.007292 0.016667 -0.013542 -0.033333
0 0.004948 0.008796 -0.008854 -0.017593
0 0.010156 0.023611 -0.019271 -0.047222
0 0.008333 0.014815 -0.015625 -0.029630
0 0.004948 0.008796 -0.008854 -0.017593
0 0.010156 0.023611 -0.019271 -0.047222
0 0.010156 0.023611 -0.019271 -0.047222
0 0.004948 0.008796 -0.008854 -0.017593
0 0.004948 0.008796 -0.008854 -0.017593
0 0.004948 0.008796 -0.008854 -0.017593
0 0.005469 0.011574 -0.009896 -0.023148
0 0.007292 0.016667 -0.013542 -0.033333
0 0.008594 0.016204 -0.016146 -0.032407
0 0.008333 0.014815 -0.015625 -0.029630
0 0.010156 0.023611 -0.019271 -0.047222
0 0.007292 0.016667 -0.013542 -0.033333
0 0.005469 0.011574 -0.009896 -0.023148
0 0.008594 0.016204 -0.016146 -0.032407
0 0.007292 0.016667 -0.013542 -0.033333
0 0.008333 0.017593 -0.015625 -0.035185
0 0.007292 0.016667 -0.013542 -0.033333
0 0.010417 0.023611 -0.018750 -0.047222
0 0.010156 0.023611 -0.019271 -0.047222
0 0.007292 0.016667 -0.013542 -0.033333
0 0.008333 0.014815 -0.015625 -0.029630
0 0.010156 0.023611 -0.019271 -0.047222
0 0.008594 0.016204 -0.016146 -0.032407
0 0.007812 0.015741 -0.014583 -0.031481
0 0.008333 0.014815 -0.015625 -0.029630
0 0.010156 0.023611 -0.019271 -0.047222
0 0.005469 0.011574 -0.009896 -0.023148
0 0.010156 0.023611 -0.019271 -0.047222
0 0.008594 0.016204 -0.016146 -0.032407
0 0.008594 0.016204 -0.016146 -0.032407
0 0.004948 0.008796 -0.008854 -0.017593
0 0.004948 0.008796 -0.008854 -0.017593
0 0.010156 0.023611 -0.019271 -0.047222
0 0.007812 0.015741 -0.014583 -0.031481
0 0.007292 0.016667 -0.013542 -0.033333
0 0.004948 0.008796 -0.008854 -0.017593
0 0.004948 0.008796 -0.008854 -0.017593
0 0.005469 0.011574 -0.009896 -0.023148
0 0.005469 0.011574 -0.009896 -0.023148
0 0.008594 0.016204 -0.016146 -0.032407
0 0.008594 0.016204 -0.016146 -0.032407
0 0.004948 0.008796 -0.008854 -0.017593
0 0.004948 0.008796 -0.008854 -0.017593
0 0.005469 0.011574 -0.009896 -0.023148
0 0.008594 0.016204 -0.016146 -0.032407
0 0.004948 0.008796 -0.008854 -0.017593
0 0.008333 0.014815 -0.015625 -0.029630
0 0.005469 0.011574 -0.009896 -0.023148
0 0.010156 0.023611 -0.019271 -0.047222
0 0.008594 0.016204 -0.016146 -0.032407
0 0.010156 0.023611 -0.019271 -0.047222
0 0.010156 0.023611 -0.019271 -0.047222
0 0.005469 0.011574 -0.009896 -0.023148
0 0.008594 0.016204 -0.016146 -0.032407
0 0.004948 0.008796 -0.008854 -0.017593
0 0.004948 0.008796 -0.008854 -0.017593
0 0.008594 0.016204 -0.016146 -0.032407
0 0.010156 0.023611 -0.019271 -0.047222
0 0.007292 0.016667 -0.013542 -0.033333
0 0.008594 0.016204 -0.016146 -0.032407
0 0.007552 0.014352 -0.014063 -0.028704
0 0.008594 0.016204 -0.016146 -0.032407
0 0.005469 0.011574 -0.009896 -0.023148
0 0.008594 0.016204 -0.016146 -0.032407
0 0.005990 0.012500 -0.010937 -0.025000
0 0.005469 0.011574 -0.009896 -0.023148
0 0.007812 0.018056 -0.014583 -0.036111
0 0.010156 0.023611 -0.019271 -0.047222
0 0.004948 0.008796 -0.008854 -0.017593
0 0.010156 0.023611 -0.019271 -0.047222
0 0.004948 0.008796 -0.008854 -0.017593
0 0.008594 0.016204 -0.016146 -0.032407
0 0.010156 0.023611 -0.019271 -0.047222
0 0.007292 0.016667 -0.013542 -0.033333
0 0.008594 0.016204 -0.016146 -0.032407
0 0.010156 0.023611 -0.019271 -0.047222
0 0.008594 0.016204 -0.016146 -0.032407
0 0.008594 0.016204 -0.016146 -0.032407
0 0.008594 0.016204 -0.016146 -0.032407
0 0.008594 0.016204 -0.016146 -0.032407
0 0.005469 0.011574 -0.009896 -0.023148
0 0.008333 0.014815 -0.015625 -0.029630
0 0.008594 0.016204 -0.016146 -0.032407
0 0.010156 0.023611 -0.019271 -0.047222
0 0.010417 0.023611 -0.018750 -0.047222
0 0.005469 0.011574 -0.009896 -0.023148
0 0.004948 0.008796 -0.008854 -0.017593
0 0.008594 0.016204 -0.016146 -0.032407
0 0.010156 0.023611 -0.019271 -0.047222
0 0.008333 0.014815 -0.015625 -0.029630
0 0.008333 0.014815 -0.015625 -0.029630
0 0.005469 0.011574 -0.009896 -0.023148
0 0.005469 0.011574 -0.009896 -0.023148
0 0.004948 0.008796 -0.008854 -0.017593
0 0.006771 0.012500 -0.012500 -0.025000
0 0.010156 0.023611 -0.019271 -0.047222
0 0.005469 0.011574 -0.009896 -0.023148
0 0.004948 0.008796 -0.008854 -0.017593
0 0.010156 0.023611 -0.019271 -0.047222
0 0.004948 0.008796 -0.008854 -0.017593
0 0.010156 0.023611 -0.019271 -0.047222
0 0.008594 0.016204 -0.016146 -0.032407
0 0.008594 0.016204 -0.016146 -0.032407
0 0.004948 0.008796 -0.008854 -0.017593
0 0.008594 0.016204 -0.016146 -0.032407
0 0.010417 0.023611 -0.018750 -0.047222
0 0.007292 0.016667 -0.013542 -0.033333
0 0.008594 0.016204 -0.016146 -0.032407
0 0.004948 0.008796 -0.008854 -0.017593
0 0.004948 0.008796 -0.008854 -0.017593
0 0.005729 0.010648 -0.010417 -0.021296
0 0.004948 0.008796 -0.008854 -0.017593
0 0.004948 0.008796 -0.008854 -0.017593
0 0.010156 0.023611 -0.019271 -0.047222
0 0.004948 0.008796 -0.008854 -0.017593
0 0.004948 0.008796 -0.008854 -0.017593
0 0.008333 0.014815 -0.015625 -0.029630
0 0.004948 0.008796 -0.008854 -0.017593
0 0.004948 0.008796 -0.008854 -0.017593
0 0.008333 0.014815 -0.015625 -0.029630
0 0.004948 0.008796 -0.008854 -0.017593
0 0.008594 0.016204 -0.016146 -0.032407
0 0.008594 0.016204 -0.016146 -0.032407
0 0.008333 0.014815 -0.015625 -0.029630
0 0.005469 0.011574 -0.009896 -0.023148
0 0.004948 0.008796 -0.008854 -0.017593
0 0.007292 0.016667 -0.013542 -0.033333
0 0.004948 0.008796 -0.008854 -0.017593
0 0.005469 0.011574 -0.009896 -0.023148
0 0.005469 0.011574 -0.009896 -0.023148
0 0.008594 0.016204 -0.016146 -0.032407
0 0.008333 0.014815 -0.015625 -0.029630
0 0.008333 0.014815 -0.015625 -0.029630
0 0.010156 0.023611 -0.019271 -0.047222
0 0.005469 0.011574 -0.009896 -0.023148
0 0.004948 0.008796 -0.008854 -0.017593
0 0.008594 0.016204 -0.016146 -0.032407
0 0.005469 0.011574 -0.009896 -0.023148
0 0.005469 0.011574 -0.009896 -0.023148
0 0.010156 0.023611 -0.019271 -0.047222
0 0.004948 0.008796 -0.008854 -0.017593
0 0.007292 0.016667 -0.013542 -0.033333
0 0.007812 0.015741 -0.014583 -0.031481
0 0.004948 0.008796 -0.008854 -0.017593
0 0.008594 0.016204 -0.016146 -0.032407
0 0.004948 0.008796 -0.008854 -0.017593
0 0.007292 0.016667 -0.013542 -0.033333
0 0.008594 0.016204 -0.016146 -0.032407
0 0.008333 0.015741 -0.015625 -0.031481
0 0.010156 0.023611 -0.019271 -0.047222
0 0.005469 0.011574 -0.009896 -0.023148
0 0.008594 0.016204 -0.016146 -0.032407
0 0.008594 0.016204 -0.016146 -0.032407
0 0.005469 0.011574 -0.009896 -0.023148
0 0.005469 0.011574 -0.009896 -0.023148
0 0.007812 0.018056 -0.014583 -0.036111
0 0.006771 0.012500 -0.012500 -0.025000
0 0.010156 0.023611 -0.019271 -0.047222
0 0.004948 0.008796 -0.008854 -0.017593
0 0.007812 0.015741 -0.014583 -0.031481
0 0.010156 0.023611 -0.019271 -0.047222
0 0.008333 0.015741 -0.015625 -0.031481
0 0.008594 0.016204 -0.016146 -0.032407
0 0.005469 0.011574 -0.009896 -0.023148
0 0.008594 0.016204 -0.016146 -0.032407
0 0.007812 0.015741 -0.014583 -0.031481
0 0.008333 0.015741 -0.015625 -0.031481
0 0.004948 0.008796 -0.008854 -0.017593
0 0.010156 0.023611 -0.019271 -0.047222
0 0.006771 0.012500 -0.012500 -0.025000
0 0.004948 0.008796 -0.008854 -0.017593
0 0.008333 0.014815 -0.015625 -0.029630
0 0.004948 0.008796 -0.008854 -0.017593
0 0.006771 0.012500 -0.012500 -0.025000
0 0.008333 0.014815 -0.015625 -0.029630
0 0.004948 0.008796 -0.008854 -0.017593
0 0.010156 0.023611 -0.019271 -0.047222
0 0.004948 0.008796 -0.008854 -0.017593
0 0.010156 0.023611 -0.019271 -0.047222
0 0.004948 0.008796 -0.008854 -0.017593
0 0.010156 0.023611 -0.019271 -0.047222
0 0.010156 0.023611 -0.019271 -0.047222
0 0.004948 0.008796 -0.008854 -0.017593
0 0.004948 0.008796 -0.008854 -0.017593
0 0.010417 0.023611 -0.018750 -0.047222
0 0.010417 0.023611 -0.018750 -0.047222
0 0.010156 0.023611 -0.019271 -0.047222
0 0.008594 0.016204 -0.016146 -0.032407
0 0.008333 0.014815 -0.015625 -0.029630
0 0.007812 0.015741 -0.014583 -0.031481
0 0.004948 0.008796 -0.008854 -0.017593
0 0.004948 0.008796 -0.008854 -0.017593
0 0.010156 0.023611 -0.019271 -0.047222
0 0.008594 0.016204 -0.016146 -0.032407
0 0.007292 0.016667 -0.013542 -0.033333
0 0.008333 0.014815 -0.015625 -0.029630
0 0.004948 0.008796 -0.008854 -0.017593
0 0.010156 0.023611 -0.019271 -0.047222
0 0.005469 0.011574 -0.009896 -0.023148
0 0.007292 0.016667 -0.013542 -0.033333
0 0.005469 0.011574 -0.009896 -0.023148
0 0.004948 0.008796 -0.008854 -0.017593
0 0.007812 0.015741 -0.014583 -0.031481
0 0.005469 0.011574 -0.009896 -0.023148
0 0.008594 0.016204 -0.016146 -0.032407
0 0.008333 0.014815 -0.015625 -0.029630
0 0.005469 0.011574 -0.009896 -0.023148
0 0.008594 0.016204 -0.016146 -0.032407
0 0.004948 0.008796 -0.008854 -0.017593
0 0.004948 0.008796 -0.008854 -0.017593
0 0.009375 0.021296 -0.017708 -0.042593
0 0.005469 0.011574 -0.009896 -0.023148
0 0.008073 0.015278 -0.015104 -0.030556
0 0.004948 0.008796 -0.008854 -0.017593
0 0.007292 0.016667 -0.013542 -0.033333
0 0.004948 0.008796 -0.008854 -0.017593
0 0.005469 0.011574 -0.009896 -0.023148
0 0.008594 0.016204 -0.016146 -0.032407
0 0.005469 0.011574 -0.009896 -0.023148
0 0.005469 0.011574 -0.009896 -0.023148
0 0.004948 0.008796 -0.008854 -0.017593
0 0.010156 0.023611 -0.019271 -0.047222
0 0.004948 0.008796 -0.008854 -0.017593
0 0.010156 0.023611 -0.019271 -0.047222
0 0.008594 0.016204 -0.016146 -0.032407
0 0.004948 0.008796 -0.008854 -0.017593
0 0.007812 0.015741 -0.014583 -0.031481
0 0.008594 0.016204 -0.016146 -0.032407
0 0.010156 0.023611 -0.019271 -0.047222
0 0.008333 0.014815 -0.015625 -0.029630
0 0.010156 0.023611 -0.019271 -0.047222
0 0.008333 0.014815 -0.015625 -0.029630
0 0.004948 0.008796 -0.008854 -0.017593
0 0.008594 0.016204 -0.016146 -0.032407
0 0.008333 0.014815 -0.015625 -0.029630
0 0.010156 0.023611 -0.019271 -0.047222
0 0.007812 0.015741 -0.014583 -0.031481
0 0.007292 0.016667 -0.013542 -0.033333
0 0.004948 0.008796 -0.008854 -0.017593
0 0.004948 0.008796 -0.008854 -0.017593
0 0.008594 0.016204 -0.016146 -0.032407
0 0.008594 0.016204 -0.016146 -0.032407
0 0.005469 0.011574 -0.009896 -0.023148
0 0.004948 0.008796 -0.008854 -0.017593
0 0.007812 0.015741 -0.014583 -0.031481
0 0.008333 0.014815 -0.015625 -0.029630
0 0.004948 0.008796 -0.008854 -0.017593
0 0.007292 0.016667 -0.013542 -0.033333
0 0.005469 0.011574 -0.009896 -0.023148
0 0.008333 0.014815 -0.015625 -0.029630
0 0.004948 0.008796 -0.008854 -0.017593
0 0.005469 0.011574 -0.009896 -0.023148
0 0.007292 0.016667 -0.013542 -0.033333
0 0.004948 0.008796 -0.008854 -0.017593
0 0.007292 0.016667 -0.013542 -0.033333
0 0.008333 0.014815 -0.015625 -0.029630
0 0.008594 0.016204 -0.016146 -0.032407
0 0.008594 0.016204 -0.016146 -0.032407
0 0.005729 0.010648 -0.010417 -0.021296
0 0.008594 0.016204 -0.016146 -0.032407
0 0.004948 0.008796 -0.008854 -0.017593
0 0.008333 0.014815 -0.015625 -0.029630
0 0.007292 0.016667 -0.013542 -0.033333
0 0.010156 0.023611 -0.019271 -0.047222
0 0.009635 0.021759 -0.018229 -0.043519
0 0.004948 0.008796 -0.008854 -0.017593
0 0.004948 0.008796 -0.008854 -0.017593
0 0.005469 0.011574 -0.009896 -0.023148
0 0.004948 0.008796 -0.008854 -0.017593
0 0.005469 0.011574 -0.009896 -0.023148
0 0.008594 0.016204 -0.016146 -0.032407
0 0.008594 0.016204 -0.016146 -0.032407
0 0.007292 0.016667 -0.013542 -0.033333
0 0.004948 0.008796 -0.008854 -0.017593
0 0.008594 0.016204 -0.016146 -0.032407
0 0.007812 0.018056 -0.014583 -0.036111
0 0.007292 0.016667 -0.013542 -0.033333
0 0.004948 0.008796 -0.008854 -0.017593
0 0.010156 0.023611 -0.019271 -0.047222
0 0.005469 0.011574 -0.009896 -0.023148
0 0.007292 0.016667 -0.013542 -0.033333
0 0.004948 0.008796 -0.008854 -0.017593
0 0.004948 0.008796 -0.008854 -0.017593
0 0.007292 0.016667 -0.013542 -0.033333
0 0.007552 0.014352 -0.014063 -0.028704
0 0.008594 0.016204 -0.016146 -0.032407
0 0.008594 0.016204 -0.016146 -0.032407
0 0.004948 0.009259 -0.008854 -0.018519
0 0.008594 0.016204 -0.016146 -0.032407
0 0.004948 0.008796 -0.008854 -0.017593
0 0.010156 0.023611 -0.019271 -0.047222
0 0.006771 0.012500 -0.012500 -0.025000
0 0.010417 0.023611 -0.018750 -0.047222
0 0.010156 0.023611 -0.019271 -0.047222
0 0.007812 0.015741 -0.014583 -0.031481
0 0.008594 0.016204 -0.016146 -0.032407
0 0.007292 0.016667 -0.013542 -0.033333
0 0.004948 0.008796 -0.008854 -0.017593
0 0.004948 0.008796 -0.008854 -0.017593
0 0.007812 0.015741 -0.014583 -0.031481
0 0.010156 0.023611 -0.019271 -0.047222
0 0.010156 0.023611 -0.019271 -0.047222
0 0.008594 0.016204 -0.016146 -0.032407
0 0.004948 0.008796 -0.008854 -0.017593
0 0.004948 0.008796 -0.008854 -0.017593
0 0.007292 0.016667 -0.013542 -0.033333
0 0.008594 0.016204 -0.016146 -0.032407
0 0.004948 0.008796 -0.008854 -0.017593
0 0.007552 0.014352 -0.014063 -0.028704
0 0.007292 0.016667 -0.013542 -0.033333
0 0.004948 0.008796 -0.008854 -0.017593
0 0.010156 0.023611 -0.019271 -0.047222
0 0.008333 0.014815 -0.015625 -0.029630
0 0.005469 0.011574 -0.009896 -0.023148
0 0.004948 0.008796 -0.008854 -0.017593
0 0.007292 0.016667 -0.013542 -0.033333
0 0.004948 0.008796 -0.008854 -0.017593
0 0.007812 0.015741 -0.014583 -0.031481
0 0.005469 0.011574 -0.009896 -0.023148
0 0.008594 0.016204 -0.016146 -0.032407
0 0.008594 0.016204 -0.016146 -0.032407
0 0.007292 0.016667 -0.013542 -0.033333
0 0.008594 0.016204 -0.016146 -0.032407
0 0.005469 0.011574 -0.009896 -0.023148
0 0.004948 0.008796 -0.008854 -0.017593
0 0.010417 0.023611 -0.018750 -0.047222
0 0.007292 0.016667 -0.013542 -0.033333
0 0.004948 0.008796 -0.008854 -0.017593