0 0.020000 0.034153 -0.036923 -0.068306
0 0.023077 0.050546 -0.043077 -0.101093
0 0.026154 0.050546 -0.049231 -0.101093
0 0.023077 0.050546 -0.043077 -0.101093
0 0.022308 0.046448 -0.041538 -0.092896
0 0.024615 0.050546 -0.046154 -0.101093
0 0.026154 0.050546 -0.049231 -0.101093
0 0.026154 0.050546 -0.049231 -0.101093
0 0.023077 0.050546 -0.043077 -0.101093
0 0.023077 0.050546 -0.043077 -0.101093
0 0.026154 0.050546 -0.049231 -0.101093
0 0.023077 0.050546 -0.043077 -0.101093
0 0.023077 0.050546 -0.043077 -0.101093
0 0.023077 0.050546 -0.043077 -0.101093
0 0.020000 0.034153 -0.036923 -0.068306
0 0.026154 0.050546 -0.049231 -0.101093
0 0.024615 0.050546 -0.046154 -0.101093
0 0.026154 0.050546 -0.049231 -0.101093
0 0.026154 0.050546 -0.049231 -0.101093
0 0.023077 0.050546 -0.043077 -0.101093
0 0.023077 0.050546 -0.043077 -0.101093
0 0.020000 0.034153 -0.036923 -0.068306
0 0.026154 0.050546 -0.049231 -0.101093
0 0.026154 0.050546 -0.049231 -0.101093
0 0.026154 0.050546 -0.049231 -0.101093
0 0.023077 0.050546 -0.043077 -0.101093
0 0.026154 0.050546 -0.049231 -0.101093
0 0.026154 0.050546 -0.049231 -0.101093
0 0.026154 0.050546 -0.049231 -0.101093
0 0.023077 0.050546 -0.043077 -0.101093
0 0.020000 0.034153 -0.036923 -0.068306
0 0.026154 0.050546 -0.049231 -0.101093
0 0.023077 0.050546 -0.043077 -0.101093
0 0.023077 0.050546 -0.043077 -0.101093
0 0.023077 0.050546 -0.043077 -0.101093
0 0.023077 0.050546 -0.043077 -0.101093
0 0.023846 0.050546 -0.044615 -0.101093
0 0.020000 0.034153 -0.036923 -0.068306
0 0.026154 0.050546 -0.049231 -0.101093
0 0.023077 0.050546 -0.043077 -0.101093
0 0.023077 0.050546 -0.043077 -0.101093
0 0.026154 0.050546 -0.049231 -0.101093
0 0.023077 0.050546 -0.043077 -0.101093
0 0.023077 0.050546 -0.043077 -0.101093
0 0.023077 0.050546 -0.043077 -0.101093
0 0.026154 0.050546 -0.049231 -0.101093
0 0.020000 0.034153 -0.036923 -0.068306
0 0.026154 0.050546 -0.049231 -0.101093
0 0.026154 0.050546 -0.049231 -0.101093
0 0.026154 0.050546 -0.049231 -0.101093
0 0.020000 0.034153 -0.036923 -0.068306
0 0.022308 0.046448 -0.041538 -0.092896
0 0.023077 0.050546 -0.043077 -0.101093
0 0.023077 0.050546 -0.043077 -0.101093
0 0.023077 0.050546 -0.043077 -0.101093
0 0.024615 0.050546 -0.046154 -0.101093
0 0.020000 0.034153 -0.036923 -0.068306
0 0.026154 0.050546 -0.049231 -0.101093
0 0.023077 0.050546 -0.043077 -0.101093
0 0.023077 0.050546 -0.043077 -0.101093
0 0.026154 0.050546 -0.049231 -0.101093
0 0.023077 0.050546 -0.043077 -0.101093
0 0.026154 0.050546 -0.049231 -0.101093
0 0.026154 0.050546 -0.049231 -0.101093
0 0.023077 0.050546 -0.043077 -0.101093
0 0.023077 0.050546 -0.043077 -0.101093
0 0.020000 0.034153 -0.036923 -0.068306
0 0.026154 0.050546 -0.049231 -0.101093
0 0.020000 0.034153 -0.036923 -0.068306
0 0.023077 0.050546 -0.043077 -0.101093
0 0.020000 0.034153 -0.036923 -0.068306
0 0.026154 0.050546 -0.049231 -0.101093
0 0.023077 0.050546 -0.043077 -0.101093
0 0.023077 0.050546 -0.043077 -0.101093
0 0.023077 0.050546 -0.043077 -0.101093