0 0.012179 0.028474 -0.021795 -0.052392
0 0.012179 0.028474 -0.021795 -0.052392
0 0.021795 0.061503 -0.041026 -0.123007
0 0.007051 0.014806 -0.011538 -0.029613
0 0.014103 0.031891 -0.025641 -0.059226
0 0.010256 0.028474 -0.017949 -0.052392
0 0.010256 0.023918 -0.017949 -0.043280
0 0.010256 0.022779 -0.017949 -0.045558
0 0.014103 0.031891 -0.025641 -0.059226
0 0.008333 0.018223 -0.014103 -0.031891
0 0.014103 0.031891 -0.025641 -0.059226
0 0.010256 0.023918 -0.017949 -0.043280
0 0.012179 0.028474 -0.021795 -0.052392
0 0.012179 0.028474 -0.021795 -0.052392
0 0.012179 0.028474 -0.021795 -0.052392