0 0.021875 0.041667 -0.039583 -0.083333
0 0.018750 0.033333 -0.033333 -0.066667
0 0.018750 0.033333 -0.033333 -0.066667
0 0.019792 0.033333 -0.035417 -0.066667
0 0.017708 0.027778 -0.031250 -0.055556
0 0.019792 0.033333 -0.035417 -0.066667
0 0.017708 0.027778 -0.031250 -0.055556
0 0.017708 0.027778 -0.031250 -0.055556
0 0.017708 0.027778 -0.031250 -0.055556
0 0.017708 0.027778 -0.031250 -0.055556
0 0.018750 0.033333 -0.033333 -0.066667
0 0.019792 0.033333 -0.035417 -0.066667
0 0.021875 0.041667 -0.039583 -0.083333
0 0.019792 0.033333 -0.035417 -0.066667
0 0.019792 0.033333 -0.035417 -0.066667
0 0.017708 0.034722 -0.031250 -0.069444
0 0.019792 0.033333 -0.035417 -0.066667
0 0.018750 0.030556 -0.033333 -0.061111
0 0.017708 0.027778 -0.031250 -0.055556
0 0.017708 0.027778 -0.031250 -0.055556
0 0.017708 0.027778 -0.031250 -0.055556
0 0.021875 0.041667 -0.039583 -0.083333
0 0.021875 0.041667 -0.039583 -0.083333
0 0.021875 0.041667 -0.039583 -0.083333
0 0.017708 0.027778 -0.031250 -0.055556
0 0.021875 0.041667 -0.039583 -0.083333
0 0.017708 0.027778 -0.031250 -0.055556
0 0.018750 0.033333 -0.033333 -0.066667
0 0.017708 0.027778 -0.031250 -0.055556
0 0.018750 0.033333 -0.033333 -0.066667