0 0.004333 0.007500 -0.008222 -0.015000
0 0.009889 0.017333 -0.019333 -0.034667
0 0.002000 0.003333 -0.003556 -0.006667
0 0.004333 0.007500 -0.008222 -0.015000
0 0.004333 0.007500 -0.008222 -0.015000
0 0.002000 0.003333 -0.003556 -0.006667
0 0.002000 0.003333 -0.003556 -0.006667
0 0.004333 0.007500 -0.008222 -0.015000
0 0.004333 0.007500 -0.008222 -0.015000
0 0.004333 0.007500 -0.008222 -0.015000
0 0.002000 0.003333 -0.003556 -0.006667
0 0.002000 0.003333 -0.003556 -0.006667
0 0.008444 0.012500 -0.016444 -0.025000
0 0.002000 0.003333 -0.003556 -0.006667
0 0.002000 0.003333 -0.003556 -0.006667
0 0.009889 0.017333 -0.019333 -0.034667
0 0.008444 0.012500 -0.016444 -0.025000
0 0.004333 0.007500 -0.008222 -0.015000
0 0.004333 0.007500 -0.008222 -0.015000
0 0.007333 0.011167 -0.014222 -0.022333
0 0.002000 0.003333 -0.003556 -0.006667
0 0.004333 0.007500 -0.008222 -0.015000
0 0.004333 0.007500 -0.008222 -0.015000
0 0.009889 0.017333 -0.019333 -0.034667
0 0.009889 0.017333 -0.019333 -0.034667
0 0.004333 0.007500 -0.008222 -0.015000
0 0.008444 0.012500 -0.016444 -0.025000
0 0.009889 0.017333 -0.019333 -0.034667
0 0.004333 0.007500 -0.008222 -0.015000
0 0.004333 0.007500 -0.008222 -0.015000
0 0.002000 0.003333 -0.003556 -0.006667
0 0.004333 0.007500 -0.008222 -0.015000
0 0.004333 0.007500 -0.008222 -0.015000
0 0.008444 0.012500 -0.016444 -0.025000
0 0.008444 0.012500 -0.016444 -0.025000
0 0.004333 0.007500 -0.008222 -0.015000
0 0.002000 0.003333 -0.003556 -0.006667
0 0.002000 0.003333 -0.003556 -0.006667
0 0.004333 0.007500 -0.008222 -0.015000
0 0.004333 0.007500 -0.008222 -0.015000
0 0.004333 0.007500 -0.008222 -0.015000
0 0.004333 0.007500 -0.008222 -0.015000
0 0.004333 0.007500 -0.008222 -0.015000
0 0.004333 0.007500 -0.008222 -0.015000
0 0.004333 0.007500 -0.008222 -0.015000
0 0.004333 0.007500 -0.008222 -0.015000
0 0.008444 0.012500 -0.016444 -0.025000
0 0.004333 0.007500 -0.008222 -0.015000
0 0.009889 0.017333 -0.019333 -0.034667
0 0.004333 0.007500 -0.008222 -0.015000
0 0.004333 0.007500 -0.008222 -0.015000
0 0.004333 0.007500 -0.008222 -0.015000
0 0.008444 0.012500 -0.016444 -0.025000
0 0.002000 0.003333 -0.003556 -0.006667
0 0.004333 0.007500 -0.008222 -0.015000
0 0.002000 0.003333 -0.003556 -0.006667
0 0.008444 0.012500 -0.016444 -0.025000
0 0.004333 0.007500 -0.008222 -0.015000
0 0.008444 0.012500 -0.016444 -0.025000
0 0.004333 0.007500 -0.008222 -0.015000
0 0.004333 0.007500 -0.008222 -0.015000
0 0.002000 0.003333 -0.003556 -0.006667
0 0.002000 0.003333 -0.003556 -0.006667
0 0.004333 0.007500 -0.008222 -0.015000
0 0.002000 0.003333 -0.003556 -0.006667
0 0.002000 0.003333 -0.003556 -0.006667
0 0.008444 0.012500 -0.016444 -0.025000
0 0.004333 0.007500 -0.008222 -0.015000
0 0.008444 0.012500 -0.016444 -0.025000
0 0.004333 0.007500 -0.008222 -0.015000
0 0.002000 0.003333 -0.003556 -0.006667
0 0.004333 0.007500 -0.008222 -0.015000
0 0.004333 0.007500 -0.008222 -0.015000
0 0.004333 0.007500 -0.008222 -0.015000
0 0.008444 0.012500 -0.016444 -0.025000
0 0.008444 0.012500 -0.016444 -0.025000
0 0.009889 0.017333 -0.019333 -0.034667
0 0.004333 0.007500 -0.008222 -0.015000
0 0.004333 0.007500 -0.008222 -0.015000
0 0.008444 0.012500 -0.016444 -0.025000
0 0.009889 0.017333 -0.019333 -0.034667
0 0.004333 0.007500 -0.008222 -0.015000
0 0.002000 0.003333 -0.003556 -0.006667
0 0.002000 0.003333 -0.003556 -0.006667
0 0.009889 0.017333 -0.019333 -0.034667
0 0.004333 0.007500 -0.008222 -0.015000
0 0.009889 0.017333 -0.019333 -0.034667
0 0.004333 0.007500 -0.008222 -0.015000
0 0.002000 0.003333 -0.003556 -0.006667
0 0.004333 0.007500 -0.008222 -0.015000
0 0.002000 0.003333 -0.003556 -0.006667
0 0.004333 0.007500 -0.008222 -0.015000
0 0.002000 0.003333 -0.003556 -0.006667
0 0.004333 0.007500 -0.008222 -0.015000
0 0.004333 0.007500 -0.008222 -0.015000
0 0.004333 0.007500 -0.008222 -0.015000
0 0.002000 0.003333 -0.003556 -0.006667
0 0.009889 0.017333 -0.019333 -0.034667
0 0.002000 0.003333 -0.003556 -0.006667
0 0.004333 0.007500 -0.008222 -0.015000
0 0.004333 0.007500 -0.008222 -0.015000
0 0.002000 0.003333 -0.003556 -0.006667
0 0.008444 0.012500 -0.016444 -0.025000
0 0.004333 0.007500 -0.008222 -0.015000
0 0.002000 0.003333 -0.003556 -0.006667
0 0.004333 0.007500 -0.008222 -0.015000
0 0.004333 0.007500 -0.008222 -0.015000
0 0.002000 0.003333 -0.003556 -0.006667
0 0.011556 0.024667 -0.022667 -0.049333
0 0.004333 0.007500 -0.008222 -0.015000
0 0.002000 0.003333 -0.003556 -0.006667
0 0.009889 0.017333 -0.019333 -0.034667
0 0.002000 0.003333 -0.003556 -0.006667
0 0.004333 0.007500 -0.008222 -0.015000
0 0.004333 0.007500 -0.008222 -0.015000
0 0.004333 0.007500 -0.008222 -0.015000
0 0.004333 0.007500 -0.008222 -0.015000
0 0.008444 0.012500 -0.016444 -0.025000
0 0.004333 0.007500 -0.008222 -0.015000
0 0.002000 0.003333 -0.003556 -0.006667
0 0.002000 0.003333 -0.003556 -0.006667
0 0.008444 0.012500 -0.016444 -0.025000
0 0.002000 0.003333 -0.003556 -0.006667
0 0.002000 0.003333 -0.003556 -0.006667
0 0.002000 0.003333 -0.003556 -0.006667
0 0.008444 0.012500 -0.016444 -0.025000
0 0.002000 0.003333 -0.003556 -0.006667
0 0.008444 0.012500 -0.016444 -0.025000
0 0.004333 0.007500 -0.008222 -0.015000
0 0.002000 0.003333 -0.003556 -0.006667
0 0.004333 0.007500 -0.008222 -0.015000
0 0.008444 0.012500 -0.016444 -0.025000
0 0.009889 0.017333 -0.019333 -0.034667
0 0.008444 0.012500 -0.016444 -0.025000
0 0.004333 0.007500 -0.008222 -0.015000
0 0.004333 0.007500 -0.008222 -0.015000
0 0.008444 0.012500 -0.016444 -0.025000
0 0.004333 0.007500 -0.008222 -0.015000
0 0.002000 0.003333 -0.003556 -0.006667
0 0.005333 0.008667 -0.010222 -0.017333
0 0.004333 0.007500 -0.008222 -0.015000
0 0.002000 0.003333 -0.003556 -0.006667
0 0.004333 0.007500 -0.008222 -0.015000
0 0.002000 0.003333 -0.003556 -0.006667
0 0.004333 0.007500 -0.008222 -0.015000
0 0.002000 0.003333 -0.003556 -0.006667
0 0.004333 0.007500 -0.008222 -0.015000
0 0.002000 0.003333 -0.003556 -0.006667
0 0.002000 0.003333 -0.003556 -0.006667
0 0.008444 0.012500 -0.016444 -0.025000
0 0.004333 0.007500 -0.008222 -0.015000
0 0.009889 0.017333 -0.019333 -0.034667
0 0.004333 0.007500 -0.008222 -0.015000
0 0.002000 0.003333 -0.003556 -0.006667
0 0.004333 0.007500 -0.008222 -0.015000
0 0.004333 0.007500 -0.008222 -0.015000
0 0.004333 0.007500 -0.008222 -0.015000
0 0.004333 0.007500 -0.008222 -0.015000
0 0.004333 0.007500 -0.008222 -0.015000
0 0.004333 0.007500 -0.008222 -0.015000
0 0.008444 0.012500 -0.016444 -0.025000
0 0.008444 0.012500 -0.016444 -0.025000
0 0.008444 0.012500 -0.016444 -0.025000
0 0.004333 0.007500 -0.008222 -0.015000
0 0.008444 0.012500 -0.016444 -0.025000
0 0.004333 0.007500 -0.008222 -0.015000
0 0.004333 0.007500 -0.008222 -0.015000
0 0.009889 0.017333 -0.019333 -0.034667
0 0.002000 0.003333 -0.003556 -0.006667
0 0.050778 0.088333 -0.101111 -0.176667
0 0.004333 0.007500 -0.008222 -0.015000
0 0.004333 0.007500 -0.008222 -0.015000
0 0.004333 0.007500 -0.008222 -0.015000
0 0.002000 0.003333 -0.003556 -0.006667
0 0.008444 0.012500 -0.016444 -0.025000
0 0.004333 0.007500 -0.008222 -0.015000
0 0.004333 0.007500 -0.008222 -0.015000
0 0.002000 0.003333 -0.003556 -0.006667
0 0.004333 0.007500 -0.008222 -0.015000
0 0.004333 0.007500 -0.008222 -0.015000
0 0.008444 0.012500 -0.016444 -0.025000
0 0.004333 0.007500 -0.008222 -0.015000
0 0.009889 0.017333 -0.019333 -0.034667
0 0.002000 0.003333 -0.003556 -0.006667
0 0.004333 0.007500 -0.008222 -0.015000
0 0.004333 0.007500 -0.008222 -0.015000
0 0.004333 0.007500 -0.008222 -0.015000
0 0.004333 0.007500 -0.008222 -0.015000
0 0.004333 0.007500 -0.008222 -0.015000
0 0.004333 0.007500 -0.008222 -0.015000
0 0.004333 0.007500 -0.008222 -0.015000
0 0.002000 0.003333 -0.003556 -0.006667
0 0.002000 0.003333 -0.003556 -0.006667
0 0.002000 0.003333 -0.003556 -0.006667
0 0.004333 0.007500 -0.008222 -0.015000
0 0.004333 0.007500 -0.008222 -0.015000
0 0.002000 0.003333 -0.003556 -0.006667
0 0.008444 0.012500 -0.016444 -0.025000
0 0.008444 0.012500 -0.016444 -0.025000
0 0.008444 0.012500 -0.016444 -0.025000
0 0.004333 0.007500 -0.008222 -0.015000
0 0.002000 0.003333 -0.003556 -0.006667
0 0.004333 0.007500 -0.008222 -0.015000
0 0.008444 0.012500 -0.016444 -0.025000
0 0.002000 0.003333 -0.003556 -0.006667
0 0.004333 0.007500 -0.008222 -0.015000
0 0.002000 0.003333 -0.003556 -0.006667
0 0.004333 0.007500 -0.008222 -0.015000
0 0.002000 0.003333 -0.003556 -0.006667
0 0.004333 0.007500 -0.008222 -0.015000
0 0.004333 0.007500 -0.008222 -0.015000
0 0.008444 0.012500 -0.016444 -0.025000
0 0.004333 0.007500 -0.008222 -0.015000
0 0.002000 0.003333 -0.003556 -0.006667
0 0.002000 0.003333 -0.003556 -0.006667
0 0.002000 0.003333 -0.003556 -0.006667
0 0.005333 0.008667 -0.010222 -0.017333
0 0.002000 0.003333 -0.003556 -0.006667
0 0.004333 0.007500 -0.008222 -0.015000
0 0.002000 0.003333 -0.003556 -0.006667
0 0.004333 0.007500 -0.008222 -0.015000
0 0.002000 0.003333 -0.003556 -0.006667
0 0.026889 0.043500 -0.053333 -0.087000
0 0.004333 0.007500 -0.008222 -0.015000
0 0.008444 0.012500 -0.016444 -0.025000
0 0.004333 0.007500 -0.008222 -0.015000
0 0.008444 0.012500 -0.016444 -0.025000
0 0.004333 0.007500 -0.008222 -0.015000
0 0.004333 0.007500 -0.008222 -0.015000
0 0.004333 0.007500 -0.008222 -0.015000
0 0.002000 0.003333 -0.003556 -0.006667
0 0.008444 0.012500 -0.016444 -0.025000
0 0.002000 0.003333 -0.003556 -0.006667
0 0.004333 0.007500 -0.008222 -0.015000
0 0.004333 0.007500 -0.008222 -0.015000
0 0.002000 0.003333 -0.003556 -0.006667
0 0.004333 0.007500 -0.008222 -0.015000
0 0.004333 0.007500 -0.008222 -0.015000
0 0.004333 0.007500 -0.008222 -0.015000
0 0.002000 0.003333 -0.003556 -0.006667
0 0.008444 0.012500 -0.016444 -0.025000
0 0.004333 0.007500 -0.008222 -0.015000
0 0.004333 0.007500 -0.008222 -0.015000
0 0.004333 0.007500 -0.008222 -0.015000
0 0.004333 0.007500 -0.008222 -0.015000
0 0.002000 0.003333 -0.003556 -0.006667
0 0.004333 0.007500 -0.008222 -0.015000
0 0.009889 0.017333 -0.019333 -0.034667
0 0.002000 0.003333 -0.003556 -0.006667
0 0.004333 0.007500 -0.008222 -0.015000
0 0.008444 0.012500 -0.016444 -0.025000
0 0.008444 0.012500 -0.016444 -0.025000
0 0.004333 0.007500 -0.008222 -0.015000
0 0.004333 0.007500 -0.008222 -0.015000
0 0.004333 0.007500 -0.008222 -0.015000
0 0.009889 0.017333 -0.019333 -0.034667
0 0.002000 0.003333 -0.003556 -0.006667
0 0.004333 0.007500 -0.008222 -0.015000
0 0.004333 0.007500 -0.008222 -0.015000
0 0.004333 0.007500 -0.008222 -0.015000
0 0.008444 0.012500 -0.016444 -0.025000
0 0.008444 0.012500 -0.016444 -0.025000
0 0.006333 0.010000 -0.012222 -0.020000
0 0.002000 0.003333 -0.003556 -0.006667
0 0.004333 0.007500 -0.008222 -0.015000
0 0.004333 0.007500 -0.008222 -0.015000
0 0.002000 0.003333 -0.003556 -0.006667
0 0.002000 0.003333 -0.003556 -0.006667
0 0.004333 0.007500 -0.008222 -0.015000
0 0.004333 0.007500 -0.008222 -0.015000
0 0.002000 0.003333 -0.003556 -0.006667
0 0.004333 0.007500 -0.008222 -0.015000
0 0.002000 0.003333 -0.003556 -0.006667
0 0.008444 0.012500 -0.016444 -0.025000
0 0.004333 0.007500 -0.008222 -0.015000
0 0.008444 0.012500 -0.016444 -0.025000
0 0.009889 0.017333 -0.019333 -0.034667
0 0.002000 0.003333 -0.003556 -0.006667
0 0.004333 0.007500 -0.008222 -0.015000
0 0.002000 0.003333 -0.003556 -0.006667
0 0.008444 0.012500 -0.016444 -0.025000
0 0.002000 0.003333 -0.003556 -0.006667
0 0.004333 0.007500 -0.008222 -0.015000
0 0.009889 0.017333 -0.019333 -0.034667
0 0.008444 0.012500 -0.016444 -0.025000
0 0.008444 0.012500 -0.016444 -0.025000
0 0.002000 0.003333 -0.003556 -0.006667
0 0.002000 0.003333 -0.003556 -0.006667
0 0.008444 0.012500 -0.016444 -0.025000
0 0.008444 0.012500 -0.016444 -0.025000
0 0.004333 0.007500 -0.008222 -0.015000
0 0.002000 0.003333 -0.003556 -0.006667
0 0.004333 0.007500 -0.008222 -0.015000
0 0.004333 0.007500 -0.008222 -0.015000
0 0.006333 0.010000 -0.012222 -0.020000
0 0.004333 0.007500 -0.008222 -0.015000
0 0.002000 0.003333 -0.003556 -0.006667
0 0.004333 0.007500 -0.008222 -0.015000
0 0.002000 0.003333 -0.003556 -0.006667
0 0.008444 0.012500 -0.016444 -0.025000
0 0.002000 0.003333 -0.003556 -0.006667
0 0.008444 0.012500 -0.016444 -0.025000
0 0.008444 0.012500 -0.016444 -0.025000
0 0.004333 0.007500 -0.008222 -0.015000
0 0.002000 0.003333 -0.003556 -0.006667
0 0.002000 0.003333 -0.003556 -0.006667
0 0.002000 0.003333 -0.003556 -0.006667
0 0.002000 0.003333 -0.003556 -0.006667
0 0.004333 0.007500 -0.008222 -0.015000
0 0.004333 0.007500 -0.008222 -0.015000
0 0.002000 0.003333 -0.003556 -0.006667
0 0.004333 0.007500 -0.008222 -0.015000
0 0.002000 0.003333 -0.003556 -0.006667
0 0.002000 0.003333 -0.003556 -0.006667
0 0.002000 0.003333 -0.003556 -0.006667
0 0.004333 0.007500 -0.008222 -0.015000
0 0.004333 0.007500 -0.008222 -0.015000
0 0.008444 0.012500 -0.016444 -0.025000
0 0.009889 0.017333 -0.019333 -0.034667
0 0.002000 0.003333 -0.003556 -0.006667
0 0.009889 0.017333 -0.019333 -0.034667
0 0.007333 0.011167 -0.014222 -0.022333
0 0.002000 0.003333 -0.003556 -0.006667
0 0.004333 0.007500 -0.008222 -0.015000
0 0.008444 0.012500 -0.016444 -0.025000
0 0.002000 0.003333 -0.003556 -0.006667
0 0.004333 0.007500 -0.008222 -0.015000
0 0.002000 0.003333 -0.003556 -0.006667
0 0.002000 0.003333 -0.003556 -0.006667
0 0.008444 0.012500 -0.016444 -0.025000
0 0.002000 0.003333 -0.003556 -0.006667
0 0.008444 0.012500 -0.016444 -0.025000
0 0.002000 0.003333 -0.003556 -0.006667
0 0.004333 0.007500 -0.008222 -0.015000
0 0.004333 0.007500 -0.008222 -0.015000
0 0.004333 0.007500 -0.008222 -0.015000
0 0.004333 0.007500 -0.008222 -0.015000
0 0.002000 0.003333 -0.003556 -0.006667
0 0.002000 0.003333 -0.003556 -0.006667
0 0.004333 0.007500 -0.008222 -0.015000
0 0.002000 0.003333 -0.003556 -0.006667
0 0.002000 0.003333 -0.003556 -0.006667
0 0.004333 0.007500 -0.008222 -0.015000
0 0.009889 0.017333 -0.019333 -0.034667
0 0.004333 0.007500 -0.008222 -0.015000
0 0.008444 0.012500 -0.016444 -0.025000
0 0.004333 0.007500 -0.008222 -0.015000
0 0.004333 0.007500 -0.008222 -0.015000
0 0.004333 0.007500 -0.008222 -0.015000
0 0.004333 0.007500 -0.008222 -0.015000
0 0.004333 0.007500 -0.008222 -0.015000
0 0.004333 0.007500 -0.008222 -0.015000
0 0.009889 0.017333 -0.019333 -0.034667
0 0.002000 0.003333 -0.003556 -0.006667
0 0.004333 0.007500 -0.008222 -0.015000
0 0.004333 0.007500 -0.008222 -0.015000
0 0.004333 0.007500 -0.008222 -0.015000
0 0.004333 0.007500 -0.008222 -0.015000
0 0.004333 0.007500 -0.008222 -0.015000
0 0.002000 0.003333 -0.003556 -0.006667
0 0.004333 0.007500 -0.008222 -0.015000
0 0.004333 0.007500 -0.008222 -0.015000
0 0.004333 0.007500 -0.008222 -0.015000
0 0.004333 0.007500 -0.008222 -0.015000
0 0.002000 0.003333 -0.003556 -0.006667
0 0.002000 0.003333 -0.003556 -0.006667
0 0.004333 0.007500 -0.008222 -0.015000
0 0.002000 0.003333 -0.003556 -0.006667
0 0.004333 0.007500 -0.008222 -0.015000
0 0.002000 0.003333 -0.003556 -0.006667
0 0.002000 0.003333 -0.003556 -0.006667
0 0.002000 0.003333 -0.003556 -0.006667
0 0.002000 0.003333 -0.003556 -0.006667
0 0.008444 0.012500 -0.016444 -0.025000
0 0.009889 0.017333 -0.019333 -0.034667
0 0.008444 0.012500 -0.016444 -0.025000
0 0.004333 0.007500 -0.008222 -0.015000
0 0.004333 0.007500 -0.008222 -0.015000
0 0.002000 0.003333 -0.003556 -0.006667
0 0.008444 0.012500 -0.016444 -0.025000
0 0.002000 0.003333 -0.003556 -0.006667
0 0.004333 0.007500 -0.008222 -0.015000
0 0.004333 0.007500 -0.008222 -0.015000
0 0.002000 0.003333 -0.003556 -0.006667
0 0.004333 0.007500 -0.008222 -0.015000
0 0.004333 0.007500 -0.008222 -0.015000
0 0.002000 0.003333 -0.003556 -0.006667
0 0.004333 0.007500 -0.008222 -0.015000
0 0.002000 0.003333 -0.003556 -0.006667
0 0.008444 0.012500 -0.016444 -0.025000
0 0.004333 0.007500 -0.008222 -0.015000
0 0.008444 0.012500 -0.016444 -0.025000
0 0.008444 0.012500 -0.016444 -0.025000
0 0.002000 0.003333 -0.003556 -0.006667
0 0.004333 0.007500 -0.008222 -0.015000
0 0.008444 0.012500 -0.016444 -0.025000
0 0.008444 0.012500 -0.016444 -0.025000
0 0.002000 0.003333 -0.003556 -0.006667
0 0.008444 0.012500 -0.016444 -0.025000
0 0.002000 0.003333 -0.003556 -0.006667
0 0.004333 0.007500 -0.008222 -0.015000
0 0.004333 0.007500 -0.008222 -0.015000
0 0.002000 0.003333 -0.003556 -0.006667
0 0.002000 0.003333 -0.003556 -0.006667
0 0.004333 0.007500 -0.008222 -0.015000
0 0.004333 0.007500 -0.008222 -0.015000
0 0.002000 0.003333 -0.003556 -0.006667
0 0.004333 0.007500 -0.008222 -0.015000
0 0.002000 0.003333 -0.003556 -0.006667
0 0.009889 0.017333 -0.019333 -0.034667
0 0.004333 0.007500 -0.008222 -0.015000
0 0.002000 0.003333 -0.003556 -0.006667
0 0.004333 0.007500 -0.008222 -0.015000
0 0.002000 0.003333 -0.003556 -0.006667
0 0.004333 0.007500 -0.008222 -0.015000
0 0.002000 0.003333 -0.003556 -0.006667
0 0.002000 0.003333 -0.003556 -0.006667
0 0.002000 0.003333 -0.003556 -0.006667
0 0.008444 0.012500 -0.016444 -0.025000
0 0.004333 0.007500 -0.008222 -0.015000
0 0.008444 0.012500 -0.016444 -0.025000
0 0.002000 0.003333 -0.003556 -0.006667
0 0.004333 0.007500 -0.008222 -0.015000
0 0.002000 0.003333 -0.003556 -0.006667
0 0.004333 0.007500 -0.008222 -0.015000
0 0.004333 0.007500 -0.008222 -0.015000
0 0.009889 0.017333 -0.019333 -0.034667
0 0.004333 0.007500 -0.008222 -0.015000
0 0.002000 0.003333 -0.003556 -0.006667
0 0.004333 0.007500 -0.008222 -0.015000
0 0.008444 0.012500 -0.016444 -0.025000
0 0.008444 0.012500 -0.016444 -0.025000
0 0.004333 0.007500 -0.008222 -0.015000
0 0.004333 0.007500 -0.008222 -0.015000
0 0.004333 0.007500 -0.008222 -0.015000
0 0.004333 0.007500 -0.008222 -0.015000
0 0.004333 0.007500 -0.008222 -0.015000
0 0.004333 0.007500 -0.008222 -0.015000
0 0.008444 0.012500 -0.016444 -0.025000
0 0.003667 0.006333 -0.006889 -0.012667
0 0.004333 0.007500 -0.008222 -0.015000
0 0.004333 0.007500 -0.008222 -0.015000
0 0.004333 0.007500 -0.008222 -0.015000
0 0.002000 0.003333 -0.003556 -0.006667
0 0.009889 0.017333 -0.019333 -0.034667
0 0.004333 0.007500 -0.008222 -0.015000
0 0.008444 0.012500 -0.016444 -0.025000
0 0.003111 0.005333 -0.005778 -0.010667
0 0.002000 0.003333 -0.003556 -0.006667
0 0.004333 0.007500 -0.008222 -0.015000
0 0.004333 0.007500 -0.008222 -0.015000
0 0.004333 0.007500 -0.008222 -0.015000
0 0.002000 0.003333 -0.003556 -0.006667
0 0.008444 0.012500 -0.016444 -0.025000
0 0.008444 0.012500 -0.016444 -0.025000
0 0.002000 0.003333 -0.003556 -0.006667
0 0.002000 0.003333 -0.003556 -0.006667
0 0.004333 0.007500 -0.008222 -0.015000
0 0.004333 0.007500 -0.008222 -0.015000
0 0.004333 0.007500 -0.008222 -0.015000
0 0.002000 0.003333 -0.003556 -0.006667
0 0.002000 0.003333 -0.003556 -0.006667
0 0.004333 0.007500 -0.008222 -0.015000
0 0.009889 0.017333 -0.019333 -0.034667
0 0.002000 0.003333 -0.003556 -0.006667
0 0.004333 0.007500 -0.008222 -0.015000