0 0.008073 0.014815 -0.015625 -0.029630
0 0.014063 0.028241 -0.027604 -0.056481
0 0.007943 0.018056 -0.015365 -0.036111
0 0.008073 0.014815 -0.015625 -0.029630
0 0.008073 0.014815 -0.015625 -0.029630
0 0.010807 0.022454 -0.021094 -0.044907
0 0.004427 0.008796 -0.008333 -0.017593
0 0.009635 0.019444 -0.018750 -0.038889
0 0.007031 0.013426 -0.013542 -0.026852
0 0.010807 0.022454 -0.021094 -0.044907
0 0.009635 0.019444 -0.018750 -0.038889
0 0.008073 0.014815 -0.015625 -0.029630
0 0.008203 0.014583 -0.015885 -0.029167
0 0.007292 0.015741 -0.014063 -0.031481
0 0.010807 0.022454 -0.021094 -0.044907
0 0.008203 0.014583 -0.015885 -0.029167
0 0.010156 0.021759 -0.019792 -0.043519
0 0.014063 0.028241 -0.027604 -0.056481
0 0.008073 0.014815 -0.015625 -0.029630
0 0.007161 0.011343 -0.012760 -0.022685
0 0.006901 0.011343 -0.013281 -0.022685
0 0.004427 0.008796 -0.008333 -0.017593
0 0.008203 0.014583 -0.015885 -0.029167
0 0.007161 0.011343 -0.012760 -0.022685
0 0.010807 0.022454 -0.021094 -0.044907
0 0.008203 0.014583 -0.015885 -0.029167
0 0.010156 0.021759 -0.019792 -0.043519
0 0.007943 0.018056 -0.015365 -0.036111
0 0.004427 0.008796 -0.008333 -0.017593
0 0.009635 0.019444 -0.018750 -0.038889
0 0.008203 0.014583 -0.015885 -0.029167
0 0.012630 0.022222 -0.023698 -0.044444
0 0.006901 0.011343 -0.013281 -0.022685
0 0.010807 0.022454 -0.021094 -0.044907
0 0.008203 0.014583 -0.015885 -0.029167
0 0.006901 0.011343 -0.013281 -0.022685
0 0.006901 0.011343 -0.013281 -0.022685
0 0.009635 0.019444 -0.018750 -0.038889
0 0.008073 0.014815 -0.015625 -0.029630
0 0.009635 0.019444 -0.018750 -0.038889
0 0.004427 0.008796 -0.008333 -0.017593
0 0.009635 0.019444 -0.018750 -0.038889
0 0.007943 0.018056 -0.015365 -0.036111
0 0.004427 0.008796 -0.008333 -0.017593
0 0.012370 0.022222 -0.024219 -0.044444
0 0.010807 0.022454 -0.021094 -0.044907
0 0.008073 0.014815 -0.015625 -0.029630
0 0.010807 0.022454 -0.021094 -0.044907
0 0.008464 0.014583 -0.015365 -0.029167
0 0.008073 0.014815 -0.015625 -0.029630
0 0.008333 0.014815 -0.015104 -0.029630
0 0.008203 0.014583 -0.015885 -0.029167
0 0.010807 0.022454 -0.021094 -0.044907
0 0.007161 0.011343 -0.012760 -0.022685
0 0.006901 0.011343 -0.013281 -0.022685
0 0.008073 0.014815 -0.015625 -0.029630
0 0.007943 0.018056 -0.015365 -0.036111
0 0.004427 0.008796 -0.008333 -0.017593
0 0.012370 0.022222 -0.024219 -0.044444
0 0.012370 0.022222 -0.024219 -0.044444
0 0.004427 0.008796 -0.008333 -0.017593
0 0.010807 0.022454 -0.021094 -0.044907
0 0.010807 0.022454 -0.021094 -0.044907
0 0.008073 0.014815 -0.015625 -0.029630
0 0.010807 0.022454 -0.021094 -0.044907
0 0.007292 0.015741 -0.014063 -0.031481
0 0.012370 0.022222 -0.024219 -0.044444
0 0.006901 0.011343 -0.013281 -0.022685
0 0.009635 0.019444 -0.018750 -0.038889
0 0.009635 0.019444 -0.018750 -0.038889
0 0.008073 0.014815 -0.015625 -0.029630
0 0.008984 0.018981 -0.017448 -0.037963
0 0.007943 0.018056 -0.015365 -0.036111
0 0.009635 0.019444 -0.018750 -0.038889
0 0.008464 0.014583 -0.015365 -0.029167
0 0.010807 0.022454 -0.021094 -0.044907
0 0.007161 0.011343 -0.012760 -0.022685
0 0.012630 0.022222 -0.023698 -0.044444
0 0.006901 0.011343 -0.013281 -0.022685
0 0.008073 0.014815 -0.015625 -0.029630
0 0.008203 0.014583 -0.015885 -0.029167
0 0.008073 0.014815 -0.015625 -0.029630
0 0.008203 0.014583 -0.015885 -0.029167
0 0.008203 0.014583 -0.015885 -0.029167
0 0.008073 0.014815 -0.015625 -0.029630
0 0.007943 0.018056 -0.015365 -0.036111
0 0.009115 0.017130 -0.016667 -0.034259
0 0.007292 0.015741 -0.014063 -0.031481
0 0.006901 0.011343 -0.013281 -0.022685
0 0.008073 0.014815 -0.015625 -0.029630
0 0.008333 0.014815 -0.015104 -0.029630
0 0.009635 0.019444 -0.018750 -0.038889
0 0.010156 0.021759 -0.019792 -0.043519
0 0.004427 0.008796 -0.008333 -0.017593
0 0.008333 0.014815 -0.015104 -0.029630
0 0.009635 0.019444 -0.018750 -0.038889
0 0.008333 0.014815 -0.015104 -0.029630
0 0.007943 0.018056 -0.015365 -0.036111
0 0.004427 0.008796 -0.008333 -0.017593
0 0.004427 0.008796 -0.008333 -0.017593
0 0.004427 0.008796 -0.008333 -0.017593
0 0.009635 0.019444 -0.018750 -0.038889
0 0.007292 0.015741 -0.014063 -0.031481
0 0.008203 0.014583 -0.015885 -0.029167
0 0.004427 0.008796 -0.008333 -0.017593
0 0.004427 0.008796 -0.008333 -0.017593
0 0.006901 0.011343 -0.013281 -0.022685
0 0.008073 0.014815 -0.015625 -0.029630
0 0.007943 0.017130 -0.015365 -0.034259
0 0.008203 0.014583 -0.015885 -0.029167
0 0.006510 0.010648 -0.011458 -0.021296
0 0.015755 0.031250 -0.030990 -0.062500
0 0.004427 0.008796 -0.008333 -0.017593
0 0.007161 0.014583 -0.013802 -0.029167
0 0.004427 0.008796 -0.008333 -0.017593
0 0.015755 0.031250 -0.030990 -0.062500
0 0.004427 0.008796 -0.008333 -0.017593
0 0.004427 0.008796 -0.008333 -0.017593
0 0.010807 0.022454 -0.021094 -0.044907
0 0.009896 0.019444 -0.018229 -0.038889
0 0.008464 0.014583 -0.015365 -0.029167
0 0.006901 0.011343 -0.013281 -0.022685
0 0.007292 0.015741 -0.014063 -0.031481
0 0.012370 0.022222 -0.024219 -0.044444
0 0.010807 0.022454 -0.021094 -0.044907
0 0.008333 0.014815 -0.015104 -0.029630
0 0.012370 0.022222 -0.024219 -0.044444
0 0.012370 0.022222 -0.024219 -0.044444
0 0.008073 0.014815 -0.015625 -0.029630
0 0.007943 0.018056 -0.015365 -0.036111
0 0.012370 0.022222 -0.024219 -0.044444
0 0.008073 0.014815 -0.015625 -0.029630
0 0.004427 0.008796 -0.008333 -0.017593
0 0.004427 0.008796 -0.008333 -0.017593
0 0.009635 0.019444 -0.018750 -0.038889
0 0.006901 0.011343 -0.013281 -0.022685
0 0.009635 0.019444 -0.018750 -0.038889
0 0.008073 0.014815 -0.015625 -0.029630
0 0.008073 0.014815 -0.015625 -0.029630
0 0.008203 0.014583 -0.015885 -0.029167
0 0.010807 0.022454 -0.021094 -0.044907
0 0.010156 0.021759 -0.019792 -0.043519
0 0.006901 0.011343 -0.013281 -0.022685
0 0.008203 0.014583 -0.015885 -0.029167
0 0.009635 0.019444 -0.018750 -0.038889
0 0.010807 0.022454 -0.021094 -0.044907
0 0.015755 0.031250 -0.030990 -0.062500
0 0.004427 0.008796 -0.008333 -0.017593
0 0.008203 0.014583 -0.015885 -0.029167
0 0.005339 0.010185 -0.010156 -0.020370
0 0.015755 0.031250 -0.030990 -0.062500
0 0.010156 0.020833 -0.019792 -0.041667
0 0.014063 0.028241 -0.027604 -0.056481
0 0.007943 0.018056 -0.015365 -0.036111
0 0.008203 0.014583 -0.015885 -0.029167
0 0.015755 0.031250 -0.030990 -0.062500
0 0.008464 0.014583 -0.015365 -0.029167
0 0.009635 0.019444 -0.018750 -0.038889
0 0.006901 0.011343 -0.013281 -0.022685
0 0.007943 0.018056 -0.015365 -0.036111
0 0.004427 0.008796 -0.008333 -0.017593
0 0.006901 0.011343 -0.013281 -0.022685
0 0.008073 0.014815 -0.015625 -0.029630
0 0.004427 0.008796 -0.008333 -0.017593
0 0.010807 0.022454 -0.021094 -0.044907
0 0.011068 0.022454 -0.020573 -0.044907
0 0.015755 0.031250 -0.030990 -0.062500
0 0.007943 0.018056 -0.015365 -0.036111
0 0.010807 0.022454 -0.021094 -0.044907
0 0.007161 0.011343 -0.012760 -0.022685
0 0.009635 0.019444 -0.018750 -0.038889
0 0.008203 0.014583 -0.015885 -0.029167
0 0.008073 0.014815 -0.015625 -0.029630
0 0.010156 0.020139 -0.019792 -0.040278
0 0.008464 0.014583 -0.015365 -0.029167
0 0.008073 0.014815 -0.015625 -0.029630
0 0.006901 0.011343 -0.013281 -0.022685
0 0.004427 0.008796 -0.008333 -0.017593
0 0.006901 0.012269 -0.013281 -0.024537
0 0.009635 0.019444 -0.018750 -0.038889
0 0.010156 0.021759 -0.019792 -0.043519
0 0.009635 0.019444 -0.018750 -0.038889
0 0.008203 0.014583 -0.015885 -0.029167
0 0.006901 0.011343 -0.013281 -0.022685
0 0.006901 0.011343 -0.013281 -0.022685
0 0.007161 0.011343 -0.012760 -0.022685
0 0.008203 0.014583 -0.015885 -0.029167
0 0.007422 0.012963 -0.014323 -0.025926
0 0.008203 0.014583 -0.015885 -0.029167
0 0.007161 0.011343 -0.012760 -0.022685
0 0.012370 0.022222 -0.024219 -0.044444
0 0.012370 0.022222 -0.024219 -0.044444
0 0.004427 0.008796 -0.008333 -0.017593
0 0.004427 0.008796 -0.008333 -0.017593
0 0.009896 0.019444 -0.018229 -0.038889
0 0.004427 0.008796 -0.008333 -0.017593
0 0.009635 0.019444 -0.018750 -0.038889
0 0.008073 0.014815 -0.015625 -0.029630
0 0.008203 0.014583 -0.015885 -0.029167
0 0.012370 0.022222 -0.024219 -0.044444
0 0.004427 0.008796 -0.008333 -0.017593
0 0.007161 0.012037 -0.013802 -0.024074
0 0.004427 0.008796 -0.008333 -0.017593
0 0.004427 0.008796 -0.008333 -0.017593
0 0.007943 0.018056 -0.015365 -0.036111
0 0.008333 0.014815 -0.015104 -0.029630
0 0.004427 0.008796 -0.008333 -0.017593
0 0.009635 0.019444 -0.018750 -0.038889
0 0.009635 0.019444 -0.018750 -0.038889
0 0.006250 0.011574 -0.011979 -0.023148
0 0.008073 0.014815 -0.015625 -0.029630
0 0.007292 0.015741 -0.014063 -0.031481
0 0.008073 0.014815 -0.015625 -0.029630
0 0.008073 0.016204 -0.015625 -0.032407
0 0.015755 0.031250 -0.030990 -0.062500
0 0.009635 0.019444 -0.018750 -0.038889
0 0.007292 0.015741 -0.014063 -0.031481
0 0.015755 0.031250 -0.030990 -0.062500
0 0.007292 0.015741 -0.014063 -0.031481
0 0.009635 0.019444 -0.018750 -0.038889
0 0.008073 0.014815 -0.015625 -0.029630
0 0.007161 0.011343 -0.012760 -0.022685
0 0.007161 0.011343 -0.012760 -0.022685
0 0.004427 0.008796 -0.008333 -0.017593
0 0.012370 0.022222 -0.024219 -0.044444
0 0.015755 0.031250 -0.030990 -0.062500
0 0.010807 0.022454 -0.021094 -0.044907
0 0.010807 0.022454 -0.021094 -0.044907
0 0.009635 0.019444 -0.018750 -0.038889
0 0.008724 0.015972 -0.015885 -0.031944
0 0.004427 0.008796 -0.008333 -0.017593
0 0.004427 0.008796 -0.008333 -0.017593
0 0.007292 0.015741 -0.014063 -0.031481
0 0.009635 0.019444 -0.018750 -0.038889
0 0.014063 0.028241 -0.027604 -0.056481
0 0.008073 0.014815 -0.015625 -0.029630
0 0.010156 0.021759 -0.019792 -0.043519
0 0.014063 0.028241 -0.027604 -0.056481
0 0.006901 0.011343 -0.013281 -0.022685
0 0.004427 0.008796 -0.008333 -0.017593
0 0.008203 0.014583 -0.015885 -0.029167
0 0.009635 0.019444 -0.018750 -0.038889
0 0.008203 0.014583 -0.015885 -0.029167
0 0.007943 0.018056 -0.015365 -0.036111
0 0.004427 0.008796 -0.008333 -0.017593
0 0.008073 0.014815 -0.015625 -0.029630
0 0.008073 0.014815 -0.015625 -0.029630
0 0.010807 0.022454 -0.021094 -0.044907
0 0.007292 0.015741 -0.014063 -0.031481
0 0.008203 0.014583 -0.015885 -0.029167
0 0.008333 0.014815 -0.015104 -0.029630
0 0.009635 0.019444 -0.018750 -0.038889
0 0.008073 0.014815 -0.015625 -0.029630
0 0.004427 0.008796 -0.008333 -0.017593
0 0.007552 0.015741 -0.013542 -0.031481
0 0.006901 0.011343 -0.013281 -0.022685
0 0.004427 0.008796 -0.008333 -0.017593
0 0.006901 0.011343 -0.013281 -0.022685
0 0.008073 0.014815 -0.015625 -0.029630
0 0.010807 0.022454 -0.021094 -0.044907
0 0.006901 0.011343 -0.013281 -0.022685
0 0.006901 0.011343 -0.013281 -0.022685
0 0.006901 0.011343 -0.013281 -0.022685
0 0.007292 0.015741 -0.014063 -0.031481
0 0.008073 0.014815 -0.015625 -0.029630
0 0.010156 0.021759 -0.019792 -0.043519
0 0.004427 0.008796 -0.008333 -0.017593
0 0.004427 0.008796 -0.008333 -0.017593
0 0.008333 0.014815 -0.015104 -0.029630
0 0.008073 0.014815 -0.015625 -0.029630
0 0.008073 0.014815 -0.015625 -0.029630
0 0.004427 0.008796 -0.008333 -0.017593
0 0.004427 0.008796 -0.008333 -0.017593
0 0.004427 0.008796 -0.008333 -0.017593
0 0.008203 0.014583 -0.015885 -0.029167
0 0.007161 0.012037 -0.013802 -0.024074
0 0.009635 0.019444 -0.018750 -0.038889
0 0.004427 0.008796 -0.008333 -0.017593
0 0.008203 0.014583 -0.015885 -0.029167
0 0.010807 0.022454 -0.021094 -0.044907
0 0.008073 0.014815 -0.015625 -0.029630
0 0.006901 0.011343 -0.013281 -0.022685
0 0.006901 0.011343 -0.013281 -0.022685
0 0.007943 0.018056 -0.015365 -0.036111
0 0.006901 0.011343 -0.013281 -0.022685
0 0.014063 0.028241 -0.027604 -0.056481
0 0.008203 0.014583 -0.015885 -0.029167
0 0.008333 0.014815 -0.015104 -0.029630
0 0.010417 0.021528 -0.020313 -0.043056
0 0.009635 0.019444 -0.018750 -0.038889
0 0.015755 0.031250 -0.030990 -0.062500
0 0.007292 0.015741 -0.014063 -0.031481
0 0.009635 0.019444 -0.018750 -0.038889
0 0.008203 0.014583 -0.015885 -0.029167
0 0.004427 0.008796 -0.008333 -0.017593
0 0.008073 0.014815 -0.015625 -0.029630
0 0.004427 0.008796 -0.008333 -0.017593
0 0.007292 0.015741 -0.014063 -0.031481
0 0.010156 0.021759 -0.019792 -0.043519
0 0.008073 0.014815 -0.015625 -0.029630
0 0.008073 0.014815 -0.015625 -0.029630
0 0.007292 0.015741 -0.014063 -0.031481
0 0.009635 0.019444 -0.018750 -0.038889
0 0.004427 0.008796 -0.008333 -0.017593
0 0.006901 0.011343 -0.013281 -0.022685
0 0.006250 0.011574 -0.011979 -0.023148
0 0.007292 0.015741 -0.014063 -0.031481
0 0.008464 0.014583 -0.015365 -0.029167
0 0.008203 0.014583 -0.015885 -0.029167
0 0.008203 0.014583 -0.015885 -0.029167
0 0.006901 0.011343 -0.013281 -0.022685
0 0.010807 0.022454 -0.021094 -0.044907
0 0.009635 0.019444 -0.018750 -0.038889
0 0.015755 0.031250 -0.030990 -0.062500
0 0.015755 0.031250 -0.030990 -0.062500
0 0.004427 0.008796 -0.008333 -0.017593
0 0.006901 0.011343 -0.013281 -0.022685
0 0.008073 0.014815 -0.015625 -0.029630
0 0.014063 0.028241 -0.027604 -0.056481
0 0.006250 0.011574 -0.011979 -0.023148
0 0.015755 0.031250 -0.030990 -0.062500
0 0.008203 0.014583 -0.015885 -0.029167
0 0.010156 0.021759 -0.019792 -0.043519
0 0.010807 0.022454 -0.021094 -0.044907
0 0.012630 0.022222 -0.023698 -0.044444
0 0.007422 0.012963 -0.014323 -0.025926
0 0.008203 0.014583 -0.015885 -0.029167
0 0.008073 0.014815 -0.015625 -0.029630
0 0.009635 0.019444 -0.018750 -0.038889
0 0.006901 0.011343 -0.013281 -0.022685
0 0.012370 0.022222 -0.024219 -0.044444
0 0.004427 0.008796 -0.008333 -0.017593
0 0.008203 0.014583 -0.015885 -0.029167
0 0.004427 0.008796 -0.008333 -0.017593
0 0.004427 0.008796 -0.008333 -0.017593
0 0.008333 0.014815 -0.015104 -0.029630
0 0.004427 0.008796 -0.008333 -0.017593
0 0.008203 0.014583 -0.015885 -0.029167
0 0.008073 0.014815 -0.015625 -0.029630
0 0.010807 0.022454 -0.021094 -0.044907
0 0.012370 0.022222 -0.024219 -0.044444
0 0.004427 0.008796 -0.008333 -0.017593
0 0.009635 0.019444 -0.018750 -0.038889
0 0.008203 0.014583 -0.015885 -0.029167
0 0.010156 0.021759 -0.019792 -0.043519
0 0.014063 0.028241 -0.027604 -0.056481
0 0.009635 0.019444 -0.018750 -0.038889
0 0.004687 0.008796 -0.007812 -0.017593
0 0.007292 0.015741 -0.014063 -0.031481
0 0.010156 0.020139 -0.019792 -0.040278
0 0.007292 0.015741 -0.014063 -0.031481
0 0.004427 0.008796 -0.008333 -0.017593
0 0.008073 0.014815 -0.015625 -0.029630
0 0.008203 0.014583 -0.015885 -0.029167
0 0.007943 0.018056 -0.015365 -0.036111
0 0.010156 0.021759 -0.019792 -0.043519
0 0.008464 0.014583 -0.015365 -0.029167
0 0.008464 0.015972 -0.016406 -0.031944
0 0.006901 0.011343 -0.013281 -0.022685
0 0.010807 0.022454 -0.021094 -0.044907
0 0.009635 0.019444 -0.018750 -0.038889
0 0.008203 0.014583 -0.015885 -0.029167
0 0.012370 0.022222 -0.024219 -0.044444
0 0.008073 0.014815 -0.015625 -0.029630
0 0.010807 0.022454 -0.021094 -0.044907
0 0.007292 0.015741 -0.014063 -0.031481
0 0.007943 0.018056 -0.015365 -0.036111
0 0.008464 0.014583 -0.015365 -0.029167
0 0.008073 0.014815 -0.015625 -0.029630
0 0.009635 0.019444 -0.018750 -0.038889
0 0.004427 0.008796 -0.008333 -0.017593
0 0.014323 0.028704 -0.028125 -0.057407
0 0.008203 0.014583 -0.015885 -0.029167
0 0.009635 0.019444 -0.018750 -0.038889
0 0.007552 0.015741 -0.013542 -0.031481
0 0.010807 0.022454 -0.021094 -0.044907
0 0.008203 0.014583 -0.015885 -0.029167
0 0.004427 0.008796 -0.008333 -0.017593
0 0.004427 0.008796 -0.008333 -0.017593
0 0.012370 0.022222 -0.024219 -0.044444
0 0.004427 0.008796 -0.008333 -0.017593
0 0.008073 0.014815 -0.015625 -0.029630
0 0.008073 0.014815 -0.015625 -0.029630
0 0.007292 0.015741 -0.014063 -0.031481
0 0.007292 0.015741 -0.014063 -0.031481
0 0.007292 0.015741 -0.014063 -0.031481
0 0.008203 0.014583 -0.015885 -0.029167
0 0.004427 0.008796 -0.008333 -0.017593
0 0.004427 0.008796 -0.008333 -0.017593
0 0.010807 0.022454 -0.021094 -0.044907
0 0.008073 0.014815 -0.015625 -0.029630
0 0.008203 0.014583 -0.015885 -0.029167
0 0.015755 0.031250 -0.030990 -0.062500
0 0.004687 0.008796 -0.007812 -0.017593
0 0.008073 0.014815 -0.015625 -0.029630
0 0.007161 0.011343 -0.012760 -0.022685
0 0.006901 0.011343 -0.013281 -0.022685
0 0.006901 0.011343 -0.013281 -0.022685
0 0.006901 0.011343 -0.013281 -0.022685
0 0.016016 0.031250 -0.030469 -0.062500
0 0.011198 0.021065 -0.021875 -0.042130
0 0.009635 0.019444 -0.018750 -0.038889
0 0.004427 0.008796 -0.008333 -0.017593
0 0.007943 0.018056 -0.015365 -0.036111
0 0.004427 0.008796 -0.008333 -0.017593
0 0.008073 0.014815 -0.015625 -0.029630
0 0.010156 0.021759 -0.019792 -0.043519
0 0.008073 0.014815 -0.015625 -0.029630
0 0.009896 0.019444 -0.018229 -0.038889
0 0.008073 0.014815 -0.015625 -0.029630
0 0.007422 0.012963 -0.014323 -0.025926
0 0.015755 0.031250 -0.030990 -0.062500
0 0.006901 0.011343 -0.013281 -0.022685
0 0.007292 0.015741 -0.014063 -0.031481
0 0.008073 0.014815 -0.015625 -0.029630
0 0.009635 0.019444 -0.018750 -0.038889
0 0.009896 0.019444 -0.018229 -0.038889
0 0.009635 0.019444 -0.018750 -0.038889
0 0.010156 0.021759 -0.019792 -0.043519
0 0.004427 0.008796 -0.008333 -0.017593
0 0.004427 0.008796 -0.008333 -0.017593
0 0.007292 0.015741 -0.014063 -0.031481
0 0.010807 0.022454 -0.021094 -0.044907
0 0.010156 0.021759 -0.019792 -0.043519
0 0.004427 0.008796 -0.008333 -0.017593
0 0.008333 0.014815 -0.015104 -0.029630
0 0.008073 0.014815 -0.015625 -0.029630
0 0.010807 0.022454 -0.021094 -0.044907
0 0.007292 0.015741 -0.014063 -0.031481
0 0.009635 0.019444 -0.018750 -0.038889
0 0.004427 0.008796 -0.008333 -0.017593
0 0.008073 0.014815 -0.015625 -0.029630
0 0.007292 0.015741 -0.014063 -0.031481
0 0.004427 0.008796 -0.008333 -0.017593
0 0.004427 0.008796 -0.008333 -0.017593
0 0.006901 0.011343 -0.013281 -0.022685
0 0.008333 0.014815 -0.015104 -0.029630
0 0.006901 0.011343 -0.013281 -0.022685
0 0.010807 0.022454 -0.021094 -0.044907
0 0.009896 0.019444 -0.018229 -0.038889
0 0.006901 0.011343 -0.013281 -0.022685
0 0.007292 0.015741 -0.014063 -0.031481
0 0.004427 0.008796 -0.008333 -0.017593
0 0.006901 0.011343 -0.013281 -0.022685
0 0.007292 0.015741 -0.014063 -0.031481
0 0.007943 0.018056 -0.015365 -0.036111
0 0.008464 0.014583 -0.015365 -0.029167
0 0.007943 0.018056 -0.015365 -0.036111
0 0.008073 0.014815 -0.015625 -0.029630
0 0.010156 0.021759 -0.019792 -0.043519
0 0.004427 0.008796 -0.008333 -0.017593
0 0.010807 0.022454 -0.021094 -0.044907
0 0.014063 0.028241 -0.027604 -0.056481
0 0.014063 0.028241 -0.027604 -0.056481
0 0.008203 0.014583 -0.015885 -0.029167
0 0.008333 0.014815 -0.015104 -0.029630
0 0.007943 0.018056 -0.015365 -0.036111
0 0.008073 0.014815 -0.015625 -0.029630
0 0.004427 0.008796 -0.008333 -0.017593
0 0.004427 0.008796 -0.008333 -0.017593
0 0.007292 0.015741 -0.014063 -0.031481
0 0.006901 0.011343 -0.013281 -0.022685
0 0.008073 0.014815 -0.015625 -0.029630
0 0.010807 0.022454 -0.021094 -0.044907
0 0.010807 0.022454 -0.021094 -0.044907
0 0.006901 0.011343 -0.013281 -0.022685
0 0.009896 0.019444 -0.018229 -0.038889
0 0.004427 0.008796 -0.008333 -0.017593
0 0.008073 0.014815 -0.015625 -0.029630
0 0.006901 0.011343 -0.013281 -0.022685
0 0.010156 0.021759 -0.019792 -0.043519
0 0.009635 0.019444 -0.018750 -0.038889
0 0.007292 0.015741 -0.014063 -0.031481
0 0.008203 0.014583 -0.015885 -0.029167
0 0.005339 0.010185 -0.010156 -0.020370
0 0.004427 0.008796 -0.008333 -0.017593
0 0.009896 0.019444 -0.018229 -0.038889
0 0.016016 0.031250 -0.030469 -0.062500
0 0.010156 0.021759 -0.019792 -0.043519
0 0.012370 0.022222 -0.024219 -0.044444
0 0.004427 0.008796 -0.008333 -0.017593
0 0.004427 0.008796 -0.008333 -0.017593
0 0.008203 0.014583 -0.015885 -0.029167
0 0.008073 0.014815 -0.015625 -0.029630
0 0.008073 0.014815 -0.015625 -0.029630
0 0.004427 0.008796 -0.008333 -0.017593
0 0.011198 0.021065 -0.021875 -0.042130
0 0.008073 0.014815 -0.015625 -0.029630
0 0.009635 0.019444 -0.018750 -0.038889
0 0.004427 0.008796 -0.008333 -0.017593
0 0.004427 0.008796 -0.008333 -0.017593
0 0.008073 0.014815 -0.015625 -0.029630
0 0.008073 0.014815 -0.015625 -0.029630
0 0.009896 0.019444 -0.018229 -0.038889
0 0.007292 0.015741 -0.014063 -0.031481
0 0.009635 0.019444 -0.018750 -0.038889
0 0.006901 0.011343 -0.013281 -0.022685
0 0.007161 0.011343 -0.012760 -0.022685
0 0.007943 0.018056 -0.015365 -0.036111
0 0.006901 0.011343 -0.013281 -0.022685
0 0.008203 0.014583 -0.015885 -0.029167
0 0.004427 0.008796 -0.008333 -0.017593
0 0.007682 0.013889 -0.014844 -0.027778
0 0.011068 0.022454 -0.020573 -0.044907
0 0.006901 0.011343 -0.013281 -0.022685
0 0.010156 0.020833 -0.019792 -0.041667
0 0.008203 0.014583 -0.015885 -0.029167
0 0.009635 0.019444 -0.018750 -0.038889
0 0.007292 0.015741 -0.014063 -0.031481
0 0.012630 0.022222 -0.023698 -0.044444
0 0.004427 0.008796 -0.008333 -0.017593
0 0.004427 0.008796 -0.008333 -0.017593
0 0.006901 0.011343 -0.013281 -0.022685
0 0.008203 0.014583 -0.015885 -0.029167
0 0.004427 0.008796 -0.008333 -0.017593
0 0.008203 0.014583 -0.015885 -0.029167
0 0.009635 0.019444 -0.018750 -0.038889
0 0.008073 0.016204 -0.015625 -0.032407
0 0.011068 0.022454 -0.020573 -0.044907
0 0.008073 0.014815 -0.015625 -0.029630
0 0.010807 0.022454 -0.021094 -0.044907
0 0.011068 0.022454 -0.020573 -0.044907
0 0.007161 0.011343 -0.012760 -0.022685
0 0.007292 0.015741 -0.014063 -0.031481
0 0.007161 0.011343 -0.012760 -0.022685
0 0.007943 0.018056 -0.015365 -0.036111
0 0.007292 0.015741 -0.014063 -0.031481
0 0.008203 0.014583 -0.015885 -0.029167
0 0.012370 0.022222 -0.024219 -0.044444
0 0.015755 0.031250 -0.030990 -0.062500
0 0.014063 0.028241 -0.027604 -0.056481
0 0.010156 0.021759 -0.019792 -0.043519
0 0.010807 0.022454 -0.021094 -0.044907
0 0.004427 0.008796 -0.008333 -0.017593
0 0.008203 0.014583 -0.015885 -0.029167