0 0.014493 0.030806 -0.026350 -0.056872
0 0.020422 0.054502 -0.038208 -0.109005
0 0.040184 0.088863 -0.077734 -0.177725
0 0.022398 0.050948 -0.042161 -0.101896
0 0.064559 0.140995 -0.126482 -0.281991
0 0.020422 0.054502 -0.038208 -0.109005
0 0.015152 0.030806 -0.027668 -0.061611
0 0.015152 0.030806 -0.027668 -0.061611
0 0.012516 0.024882 -0.022398 -0.045024
0 0.024374 0.047393 -0.043478 -0.090047
0 0.022398 0.050948 -0.042161 -0.101896
0 0.040184 0.088863 -0.077734 -0.177725
0 0.012516 0.024882 -0.022398 -0.045024
0 0.012516 0.024882 -0.022398 -0.045024
0 0.012516 0.022512 -0.022398 -0.040284
0 0.030303 0.073460 -0.057971 -0.146919
0 0.014493 0.030806 -0.026350 -0.056872
0 0.016469 0.034360 -0.030303 -0.063981
0 0.024374 0.047393 -0.043478 -0.090047
0 0.014493 0.030806 -0.026350 -0.056872
0 0.020422 0.054502 -0.038208 -0.109005