0 0.004808 0.009488 -0.007479 -0.018975
0 0.007479 0.009488 -0.012821 -0.018975
0 0.011752 0.019924 -0.021368 -0.039848
0 0.004808 0.009488 -0.007479 -0.018975
0 0.009081 0.014231 -0.016026 -0.028463
0 0.006944 0.013283 -0.011752 -0.026565
0 0.007479 0.009488 -0.012821 -0.018975
0 0.006944 0.013283 -0.011752 -0.026565
0 0.007479 0.009488 -0.012821 -0.018975
0 0.015491 0.028463 -0.028846 -0.056926
0 0.006944 0.013283 -0.011752 -0.026565
0 0.006944 0.013283 -0.011752 -0.026565
0 0.006944 0.013283 -0.011752 -0.026565
0 0.007479 0.009488 -0.012821 -0.018975
0 0.009081 0.014231 -0.016026 -0.028463
0 0.004808 0.009488 -0.007479 -0.018975
0 0.014957 0.026565 -0.027778 -0.053131
0 0.006944 0.013283 -0.011752 -0.026565
0 0.006944 0.013283 -0.011752 -0.026565
0 0.006944 0.013283 -0.011752 -0.026565
0 0.015491 0.028463 -0.028846 -0.056926
0 0.004808 0.009488 -0.007479 -0.018975
0 0.008547 0.016129 -0.014957 -0.032258
0 0.009081 0.014231 -0.016026 -0.028463
0 0.008547 0.016129 -0.014957 -0.032258
0 0.004808 0.009488 -0.007479 -0.018975
0 0.004808 0.009488 -0.007479 -0.018975
0 0.007479 0.009488 -0.012821 -0.018975
0 0.007479 0.009488 -0.012821 -0.018975
0 0.015491 0.028463 -0.028846 -0.056926
0 0.007479 0.009488 -0.012821 -0.018975
0 0.015491 0.028463 -0.028846 -0.056926
0 0.006944 0.013283 -0.011752 -0.026565
0 0.004808 0.009488 -0.007479 -0.018975
0 0.015491 0.028463 -0.028846 -0.056926
0 0.011752 0.019924 -0.021368 -0.039848
0 0.006410 0.009488 -0.010684 -0.018975
0 0.007479 0.009488 -0.012821 -0.018975
0 0.004808 0.009488 -0.007479 -0.018975
0 0.004808 0.009488 -0.007479 -0.018975
0 0.006944 0.013283 -0.011752 -0.026565
0 0.014957 0.026565 -0.027778 -0.053131
0 0.009081 0.014231 -0.016026 -0.028463
0 0.006944 0.013283 -0.011752 -0.026565
0 0.006944 0.013283 -0.011752 -0.026565
0 0.007479 0.009488 -0.012821 -0.018975
0 0.009081 0.014231 -0.016026 -0.028463
0 0.007479 0.009488 -0.012821 -0.018975
0 0.009081 0.014231 -0.016026 -0.028463
0 0.007479 0.009488 -0.012821 -0.018975
0 0.007479 0.009488 -0.012821 -0.018975
0 0.004808 0.009488 -0.007479 -0.018975
0 0.007479 0.009488 -0.012821 -0.018975
0 0.004808 0.009488 -0.007479 -0.018975
0 0.007479 0.009488 -0.012821 -0.018975
0 0.004808 0.009488 -0.007479 -0.018975
0 0.009081 0.014231 -0.016026 -0.028463
0 0.007479 0.009488 -0.012821 -0.018975
0 0.009081 0.014231 -0.016026 -0.028463
0 0.006944 0.013283 -0.011752 -0.026565
0 0.014957 0.026565 -0.027778 -0.053131
0 0.004808 0.009488 -0.007479 -0.018975
0 0.004808 0.009488 -0.007479 -0.018975
0 0.004808 0.009488 -0.007479 -0.018975
0 0.007479 0.009488 -0.012821 -0.018975
0 0.006944 0.013283 -0.011752 -0.026565
0 0.004808 0.009488 -0.007479 -0.018975
0 0.007479 0.009488 -0.012821 -0.018975
0 0.007479 0.009488 -0.012821 -0.018975
0 0.007479 0.009488 -0.012821 -0.018975
0 0.007479 0.009488 -0.012821 -0.018975
0 0.007479 0.009488 -0.012821 -0.018975
0 0.007479 0.009488 -0.012821 -0.018975
0 0.006944 0.013283 -0.011752 -0.026565
0 0.004808 0.009488 -0.007479 -0.018975
0 0.009081 0.014231 -0.016026 -0.028463
0 0.004808 0.009488 -0.007479 -0.018975
0 0.006944 0.013283 -0.011752 -0.026565
0 0.009081 0.014231 -0.016026 -0.028463
0 0.004808 0.009488 -0.007479 -0.018975
0 0.007479 0.009488 -0.012821 -0.018975
0 0.006944 0.013283 -0.011752 -0.026565
0 0.004808 0.009488 -0.007479 -0.018975
0 0.009081 0.014231 -0.016026 -0.028463
0 0.006944 0.013283 -0.011752 -0.026565
0 0.007479 0.009488 -0.012821 -0.018975
0 0.004808 0.009488 -0.007479 -0.018975
0 0.006944 0.013283 -0.011752 -0.026565
0 0.004808 0.009488 -0.007479 -0.018975
0 0.006944 0.013283 -0.011752 -0.026565
0 0.004808 0.009488 -0.007479 -0.018975
0 0.007479 0.009488 -0.012821 -0.018975
0 0.007479 0.009488 -0.012821 -0.018975
0 0.007479 0.009488 -0.012821 -0.018975
0 0.006944 0.013283 -0.011752 -0.026565
0 0.004808 0.009488 -0.007479 -0.018975
0 0.007479 0.009488 -0.012821 -0.018975
0 0.007479 0.009488 -0.012821 -0.018975
0 0.007479 0.009488 -0.012821 -0.018975
0 0.007479 0.009488 -0.012821 -0.018975
0 0.007479 0.009488 -0.012821 -0.018975
0 0.004808 0.009488 -0.007479 -0.018975
0 0.007479 0.009488 -0.012821 -0.018975
0 0.006944 0.013283 -0.011752 -0.026565
0 0.011752 0.019924 -0.021368 -0.039848
0 0.009081 0.014231 -0.016026 -0.028463
0 0.015491 0.028463 -0.028846 -0.056926
0 0.009081 0.014231 -0.016026 -0.028463
0 0.004808 0.009488 -0.007479 -0.018975
0 0.004808 0.009488 -0.007479 -0.018975
0 0.007479 0.009488 -0.012821 -0.018975
0 0.006944 0.013283 -0.011752 -0.026565
0 0.007479 0.009488 -0.012821 -0.018975
0 0.009081 0.014231 -0.016026 -0.028463
0 0.009081 0.014231 -0.016026 -0.028463
0 0.008547 0.016129 -0.014957 -0.032258
0 0.014957 0.026565 -0.027778 -0.053131
0 0.007479 0.009488 -0.012821 -0.018975
0 0.006944 0.013283 -0.011752 -0.026565
0 0.007479 0.009488 -0.012821 -0.018975
0 0.007479 0.009488 -0.012821 -0.018975
0 0.007479 0.009488 -0.012821 -0.018975
0 0.004808 0.009488 -0.007479 -0.018975
0 0.007479 0.009488 -0.012821 -0.018975