0 0.003612 0.005258 -0.006798 -0.010516
0 0.004037 0.008923 -0.007648 -0.017846
0 0.012959 0.023901 -0.025494 -0.047801
0 0.006480 0.011154 -0.012535 -0.022307
0 0.002868 0.001434 -0.005311 -0.002868
0 0.006480 0.011154 -0.012535 -0.022307
0 0.004037 0.008923 -0.007648 -0.017846
0 0.003612 0.005258 -0.006798 -0.010516
0 0.023794 0.048279 -0.047164 -0.096558
0 0.004037 0.008923 -0.007648 -0.017846
0 0.006480 0.011154 -0.012535 -0.022307
0 0.006480 0.011154 -0.012535 -0.022307
0 0.006480 0.011154 -0.012535 -0.022307
0 0.014128 0.026928 -0.027831 -0.053856
0 0.006480 0.011154 -0.012535 -0.022307
0 0.003612 0.005258 -0.006798 -0.010516