0 0.021786 0.035906 -0.042143 -0.071811
0 0.021786 0.036442 -0.042143 -0.070740
0 0.031786 0.055198 -0.062143 -0.110397
0 0.024286 0.041265 -0.047143 -0.082529
0 0.014643 0.026795 -0.027857 -0.051447
0 0.018571 0.032690 -0.035714 -0.063237
0 0.021786 0.036442 -0.042143 -0.070740
0 0.021786 0.035906 -0.042143 -0.071811
0 0.021786 0.036442 -0.042143 -0.070740
0 0.021786 0.036442 -0.042143 -0.070740
0 0.022857 0.040193 -0.044286 -0.078242
0 0.021786 0.036442 -0.042143 -0.070740
0 0.014643 0.026795 -0.027857 -0.051447
0 0.024286 0.041801 -0.047143 -0.081458
0 0.022143 0.036442 -0.041429 -0.070740
0 0.021786 0.036442 -0.042143 -0.070740
0 0.024286 0.041265 -0.047143 -0.082529
0 0.031786 0.055198 -0.062143 -0.110397
0 0.024286 0.041265 -0.047143 -0.082529
0 0.021786 0.036442 -0.042143 -0.070740
0 0.031786 0.055198 -0.062143 -0.110397
0 0.031786 0.055198 -0.062143 -0.110397
0 0.014643 0.026795 -0.027857 -0.051447
0 0.014643 0.026795 -0.027857 -0.051447
0 0.014643 0.026795 -0.027857 -0.051447
0 0.031786 0.055198 -0.062143 -0.110397
0 0.024286 0.041265 -0.047143 -0.082529
0 0.022857 0.040193 -0.044286 -0.078242
0 0.021786 0.036442 -0.042143 -0.070740
0 0.021786 0.036442 -0.042143 -0.070740
0 0.024286 0.041265 -0.047143 -0.082529
0 0.031786 0.055198 -0.062143 -0.110397
0 0.024286 0.041801 -0.047143 -0.081458
0 0.021786 0.036442 -0.042143 -0.070740
0 0.018571 0.032690 -0.035714 -0.063237
0 0.021786 0.035906 -0.042143 -0.071811
0 0.031786 0.055198 -0.062143 -0.110397
0 0.014643 0.026795 -0.027857 -0.051447
0 0.021786 0.036442 -0.042143 -0.070740
0 0.024286 0.041265 -0.047143 -0.082529
0 0.022143 0.036442 -0.041429 -0.070740
0 0.031786 0.055198 -0.062143 -0.110397
0 0.024286 0.041265 -0.047143 -0.082529
0 0.022857 0.039657 -0.044286 -0.079314