0 0.008333 0.012531 -0.013333 -0.025063
0 0.009167 0.013784 -0.015000 -0.027569
0 0.008333 0.012531 -0.013333 -0.025063
0 0.009167 0.013784 -0.015000 -0.027569
0 0.005833 0.008772 -0.008333 -0.017544
0 0.008333 0.012531 -0.013333 -0.025063
0 0.008333 0.011278 -0.013333 -0.022556
0 0.012500 0.015038 -0.021667 -0.030075
0 0.005833 0.008772 -0.008333 -0.017544
0 0.007500 0.011278 -0.011667 -0.022556
0 0.005833 0.008772 -0.008333 -0.017544
0 0.012500 0.022556 -0.021667 -0.045113
0 0.008333 0.012531 -0.013333 -0.025063
0 0.009167 0.013784 -0.015000 -0.027569
0 0.005833 0.008772 -0.008333 -0.017544
0 0.008333 0.012531 -0.013333 -0.025063
0 0.009167 0.013784 -0.015000 -0.027569
0 0.018333 0.030075 -0.033333 -0.060150
0 0.010000 0.017544 -0.016667 -0.035088
0 0.018333 0.030075 -0.033333 -0.060150
0 0.012500 0.015038 -0.021667 -0.030075
0 0.009167 0.013784 -0.015000 -0.027569
0 0.012500 0.022556 -0.021667 -0.045113
0 0.006667 0.010025 -0.010000 -0.020050
0 0.009167 0.013784 -0.015000 -0.027569
0 0.006667 0.010025 -0.010000 -0.020050
0 0.012500 0.015038 -0.021667 -0.030075
0 0.006667 0.010025 -0.010000 -0.020050
0 0.009167 0.013784 -0.015000 -0.027569
0 0.008333 0.012531 -0.013333 -0.025063
0 0.008333 0.012531 -0.013333 -0.025063
0 0.018333 0.030075 -0.033333 -0.060150
0 0.006667 0.010025 -0.010000 -0.020050
0 0.010000 0.017544 -0.016667 -0.035088
0 0.012500 0.015038 -0.021667 -0.030075
0 0.014167 0.022556 -0.025000 -0.045113
0 0.005833 0.008772 -0.008333 -0.017544
0 0.007500 0.011278 -0.011667 -0.022556
0 0.009167 0.013784 -0.015000 -0.027569
0 0.008333 0.012531 -0.013333 -0.025063
0 0.014167 0.022556 -0.025000 -0.045113
0 0.010000 0.017544 -0.016667 -0.035088
0 0.008333 0.012531 -0.013333 -0.025063
0 0.009167 0.013784 -0.015000 -0.027569
0 0.008333 0.012531 -0.013333 -0.025063
0 0.018333 0.026316 -0.033333 -0.052632
0 0.009167 0.013784 -0.015000 -0.027569
0 0.013333 0.020050 -0.023333 -0.040100
0 0.018333 0.030075 -0.033333 -0.060150
0 0.009167 0.013784 -0.015000 -0.027569
0 0.005833 0.008772 -0.008333 -0.017544
0 0.012500 0.015038 -0.021667 -0.030075
0 0.014167 0.022556 -0.025000 -0.045113
0 0.012500 0.022556 -0.021667 -0.045113
0 0.006667 0.010025 -0.010000 -0.020050
0 0.014167 0.022556 -0.025000 -0.045113
0 0.005833 0.008772 -0.008333 -0.017544
0 0.005833 0.008772 -0.008333 -0.017544
0 0.005833 0.008772 -0.008333 -0.017544
0 0.009167 0.013784 -0.015000 -0.027569
0 0.006667 0.010025 -0.010000 -0.020050
0 0.008333 0.012531 -0.013333 -0.025063
0 0.018333 0.030075 -0.033333 -0.060150
0 0.014167 0.022556 -0.025000 -0.045113
0 0.005833 0.008772 -0.008333 -0.017544
0 0.006667 0.010025 -0.010000 -0.020050
0 0.014167 0.022556 -0.025000 -0.045113
0 0.019167 0.028822 -0.035000 -0.057644
0 0.014167 0.022556 -0.025000 -0.045113
0 0.012500 0.015038 -0.021667 -0.030075
0 0.009167 0.013784 -0.015000 -0.027569
0 0.014167 0.022556 -0.025000 -0.045113
0 0.009167 0.013784 -0.015000 -0.027569
0 0.013333 0.020050 -0.023333 -0.040100
0 0.018333 0.026316 -0.033333 -0.052632
0 0.012500 0.022556 -0.021667 -0.045113
0 0.018333 0.030075 -0.033333 -0.060150
0 0.008333 0.011278 -0.013333 -0.022556
0 0.008333 0.012531 -0.013333 -0.025063
0 0.012500 0.022556 -0.021667 -0.045113
0 0.006667 0.010025 -0.010000 -0.020050
0 0.018333 0.026316 -0.033333 -0.052632
0 0.008333 0.012531 -0.013333 -0.025063
0 0.008333 0.012531 -0.013333 -0.025063
0 0.018333 0.026316 -0.033333 -0.052632
0 0.012500 0.015038 -0.021667 -0.030075
0 0.010000 0.016291 -0.016667 -0.032581
0 0.009167 0.013784 -0.015000 -0.027569
0 0.018333 0.026316 -0.033333 -0.052632
0 0.008333 0.012531 -0.013333 -0.025063
0 0.008333 0.012531 -0.013333 -0.025063
0 0.006667 0.010025 -0.010000 -0.020050
0 0.008333 0.012531 -0.013333 -0.025063
0 0.015833 0.023810 -0.028333 -0.047619
0 0.009167 0.013784 -0.015000 -0.027569
0 0.009167 0.013784 -0.015000 -0.027569
0 0.018333 0.030075 -0.033333 -0.060150
0 0.014167 0.022556 -0.025000 -0.045113
0 0.005833 0.008772 -0.008333 -0.017544
0 0.008333 0.012531 -0.013333 -0.025063
0 0.006667 0.010025 -0.010000 -0.020050
0 0.012500 0.015038 -0.021667 -0.030075
0 0.006667 0.010025 -0.010000 -0.020050
0 0.008333 0.012531 -0.013333 -0.025063
0 0.009167 0.013784 -0.015000 -0.027569
0 0.018333 0.026316 -0.033333 -0.052632
0 0.006667 0.010025 -0.010000 -0.020050
0 0.009167 0.013784 -0.015000 -0.027569
0 0.018333 0.026316 -0.033333 -0.052632
0 0.010000 0.017544 -0.016667 -0.035088
0 0.006667 0.010025 -0.010000 -0.020050
0 0.010833 0.017544 -0.018333 -0.035088
0 0.024167 0.037594 -0.045000 -0.075188
0 0.012500 0.022556 -0.021667 -0.045113
0 0.006667 0.010025 -0.010000 -0.020050
0 0.008333 0.012531 -0.013333 -0.025063
0 0.006667 0.010025 -0.010000 -0.020050
0 0.012500 0.015038 -0.021667 -0.030075
0 0.014167 0.022556 -0.025000 -0.045113
0 0.014167 0.022556 -0.025000 -0.045113
0 0.012500 0.022556 -0.021667 -0.045113
0 0.010833 0.017544 -0.018333 -0.035088
0 0.012500 0.015038 -0.021667 -0.030075
0 0.006667 0.012531 -0.010000 -0.025063
0 0.006667 0.010025 -0.010000 -0.020050
0 0.014167 0.022556 -0.025000 -0.045113
0 0.009167 0.013784 -0.015000 -0.027569
0 0.010000 0.017544 -0.016667 -0.035088
0 0.008333 0.012531 -0.013333 -0.025063
0 0.008333 0.012531 -0.013333 -0.025063
0 0.009167 0.013784 -0.015000 -0.027569
0 0.005833 0.008772 -0.008333 -0.017544
0 0.014167 0.022556 -0.025000 -0.045113
0 0.014167 0.022556 -0.025000 -0.045113
0 0.006667 0.010025 -0.010000 -0.020050
0 0.018333 0.030075 -0.033333 -0.060150
0 0.012500 0.022556 -0.021667 -0.045113
0 0.009167 0.013784 -0.015000 -0.027569
0 0.005833 0.008772 -0.008333 -0.017544
0 0.012500 0.015038 -0.021667 -0.030075
0 0.006667 0.010025 -0.010000 -0.020050
0 0.009167 0.013784 -0.015000 -0.027569
0 0.009167 0.013784 -0.015000 -0.027569
0 0.009167 0.013784 -0.015000 -0.027569
0 0.009167 0.013784 -0.015000 -0.027569
0 0.007500 0.011278 -0.011667 -0.022556
0 0.009167 0.013784 -0.015000 -0.027569
0 0.006667 0.010025 -0.010000 -0.020050
0 0.005833 0.008772 -0.008333 -0.017544
0 0.013333 0.020050 -0.023333 -0.040100
0 0.012500 0.015038 -0.021667 -0.030075
0 0.005833 0.008772 -0.008333 -0.017544
0 0.008333 0.012531 -0.013333 -0.025063
0 0.014167 0.022556 -0.025000 -0.045113
0 0.010000 0.017544 -0.016667 -0.035088
0 0.020833 0.038847 -0.038333 -0.077694
0 0.010833 0.016291 -0.018333 -0.032581
0 0.006667 0.010025 -0.010000 -0.020050
0 0.005833 0.008772 -0.008333 -0.017544
0 0.008333 0.012531 -0.013333 -0.025063
0 0.009167 0.013784 -0.015000 -0.027569
0 0.013333 0.020050 -0.023333 -0.040100
0 0.006667 0.010025 -0.010000 -0.020050