0 0.003763 0.012061 -0.005644 -0.024123
0 0.004233 0.010965 -0.006585 -0.021930
0 0.003293 0.008772 -0.004704 -0.017544
0 0.003293 0.007675 -0.004704 -0.015351
0 0.003763 0.013158 -0.005644 -0.026316
0 0.003293 0.008772 -0.004704 -0.017544
0 0.002352 0.006579 -0.002822 -0.013158
0 0.003293 0.007675 -0.004704 -0.015351
0 0.002352 0.006579 -0.002822 -0.013158
0 0.002352 0.006579 -0.002822 -0.013158
0 0.004233 0.010965 -0.006585 -0.021930
0 0.002822 0.006579 -0.003763 -0.013158
0 0.003763 0.013158 -0.005644 -0.026316
0 0.003293 0.010965 -0.004704 -0.021930
0 0.004233 0.010965 -0.006585 -0.021930
0 0.005174 0.013158 -0.008467 -0.026316
0 0.002822 0.006579 -0.003763 -0.013158
0 0.004233 0.010965 -0.006585 -0.021930
0 0.004233 0.010965 -0.006585 -0.021930
0 0.003293 0.009868 -0.004704 -0.019737
0 0.005174 0.013158 -0.008467 -0.026316
0 0.002822 0.006579 -0.003763 -0.013158
0 0.003293 0.008772 -0.004704 -0.017544
0 0.002352 0.006579 -0.002822 -0.013158
0 0.004233 0.010965 -0.006585 -0.021930
0 0.003763 0.012061 -0.005644 -0.024123
0 0.009407 0.026316 -0.016933 -0.052632
0 0.002352 0.006579 -0.002822 -0.013158
0 0.003293 0.007675 -0.004704 -0.015351
0 0.003763 0.012061 -0.005644 -0.024123
0 0.002822 0.006579 -0.003763 -0.013158
0 0.005174 0.013158 -0.008467 -0.026316
0 0.003293 0.008772 -0.004704 -0.017544
0 0.003293 0.008772 -0.004704 -0.017544
0 0.004233 0.010965 -0.006585 -0.021930
0 0.003293 0.008772 -0.004704 -0.017544
0 0.004233 0.010965 -0.006585 -0.021930
0 0.003763 0.012061 -0.005644 -0.024123
0 0.005174 0.013158 -0.008467 -0.026316
0 0.002822 0.007675 -0.003763 -0.015351
0 0.003293 0.008772 -0.004704 -0.017544
0 0.002352 0.006579 -0.002822 -0.013158
0 0.003763 0.013158 -0.005644 -0.026316
0 0.016463 0.046053 -0.031044 -0.092105
0 0.009407 0.026316 -0.016933 -0.052632
0 0.003763 0.013158 -0.005644 -0.026316
0 0.003763 0.012061 -0.005644 -0.024123
0 0.003293 0.007675 -0.004704 -0.015351
0 0.003293 0.007675 -0.004704 -0.015351
0 0.003293 0.008772 -0.004704 -0.017544
0 0.009407 0.026316 -0.016933 -0.052632
0 0.003763 0.012061 -0.005644 -0.024123
0 0.003293 0.008772 -0.004704 -0.017544
0 0.003763 0.012061 -0.005644 -0.024123
0 0.007996 0.023026 -0.014111 -0.046053
0 0.003293 0.008772 -0.004704 -0.017544
0 0.002822 0.006579 -0.003763 -0.013158
0 0.003293 0.007675 -0.004704 -0.015351
0 0.009407 0.031798 -0.016933 -0.063596
0 0.003763 0.012061 -0.005644 -0.024123
0 0.002822 0.006579 -0.003763 -0.013158
0 0.003293 0.010965 -0.004704 -0.021930
0 0.005174 0.013158 -0.008467 -0.026316
0 0.002352 0.006579 -0.002822 -0.013158
0 0.003763 0.012061 -0.005644 -0.024123
0 0.002352 0.006579 -0.002822 -0.013158
0 0.005174 0.013158 -0.008467 -0.026316
0 0.003293 0.008772 -0.004704 -0.017544
0 0.002822 0.006579 -0.003763 -0.013158
0 0.003763 0.013158 -0.005644 -0.026316
0 0.003763 0.012061 -0.005644 -0.024123
0 0.003293 0.008772 -0.004704 -0.017544
0 0.003293 0.009868 -0.004704 -0.019737
0 0.002352 0.006579 -0.002822 -0.013158
0 0.003763 0.012061 -0.005644 -0.024123
0 0.004233 0.010965 -0.006585 -0.021930
0 0.003763 0.012061 -0.005644 -0.024123
0 0.009407 0.031798 -0.016933 -0.063596
0 0.004233 0.010965 -0.006585 -0.021930
0 0.003763 0.012061 -0.005644 -0.024123
0 0.003763 0.012061 -0.005644 -0.024123
0 0.003293 0.008772 -0.004704 -0.017544
0 0.003763 0.013158 -0.005644 -0.026316
0 0.003763 0.012061 -0.005644 -0.024123
0 0.003293 0.009868 -0.004704 -0.019737
0 0.002352 0.006579 -0.002822 -0.013158
0 0.005174 0.013158 -0.008467 -0.026316
0 0.003293 0.008772 -0.004704 -0.017544
0 0.016463 0.046053 -0.031044 -0.092105
0 0.003293 0.007675 -0.004704 -0.015351
0 0.003763 0.012061 -0.005644 -0.024123
0 0.005174 0.013158 -0.008467 -0.026316
0 0.003293 0.007675 -0.004704 -0.015351
0 0.003293 0.007675 -0.004704 -0.015351
0 0.009407 0.026316 -0.016933 -0.052632
0 0.003763 0.012061 -0.005644 -0.024123
0 0.003293 0.008772 -0.004704 -0.017544
0 0.003293 0.008772 -0.004704 -0.017544
0 0.009407 0.031798 -0.016933 -0.063596
0 0.003293 0.007675 -0.004704 -0.015351
0 0.003293 0.008772 -0.004704 -0.017544
0 0.002352 0.006579 -0.002822 -0.013158
0 0.003763 0.012061 -0.005644 -0.024123
0 0.003763 0.012061 -0.005644 -0.024123
0 0.002822 0.006579 -0.003763 -0.013158
0 0.003763 0.012061 -0.005644 -0.024123
0 0.003763 0.012061 -0.005644 -0.024123
0 0.002352 0.006579 -0.002822 -0.013158
0 0.003763 0.012061 -0.005644 -0.024123
0 0.009407 0.026316 -0.016933 -0.052632
0 0.002352 0.006579 -0.002822 -0.013158
0 0.003293 0.009868 -0.004704 -0.019737
0 0.016463 0.046053 -0.031044 -0.092105
0 0.002822 0.006579 -0.003763 -0.013158
0 0.003763 0.012061 -0.005644 -0.024123
0 0.002352 0.006579 -0.002822 -0.013158
0 0.003763 0.012061 -0.005644 -0.024123
0 0.002822 0.006579 -0.003763 -0.013158
0 0.002352 0.006579 -0.002822 -0.013158
0 0.009407 0.026316 -0.016933 -0.052632
0 0.004233 0.010965 -0.006585 -0.021930
0 0.003293 0.008772 -0.004704 -0.017544
0 0.002822 0.006579 -0.003763 -0.013158
0 0.002352 0.006579 -0.002822 -0.013158
0 0.003763 0.012061 -0.005644 -0.024123
0 0.002352 0.006579 -0.002822 -0.013158
0 0.003293 0.008772 -0.004704 -0.017544
0 0.004233 0.010965 -0.006585 -0.021930
0 0.003293 0.007675 -0.004704 -0.015351
0 0.009407 0.026316 -0.016933 -0.052632
0 0.003763 0.013158 -0.005644 -0.026316
0 0.003293 0.008772 -0.004704 -0.017544
0 0.004233 0.010965 -0.006585 -0.021930
0 0.002352 0.006579 -0.002822 -0.013158
0 0.003293 0.007675 -0.004704 -0.015351
0 0.003293 0.007675 -0.004704 -0.015351
0 0.003293 0.007675 -0.004704 -0.015351
0 0.003763 0.012061 -0.005644 -0.024123
0 0.003763 0.012061 -0.005644 -0.024123
0 0.003763 0.013158 -0.005644 -0.026316
0 0.003293 0.008772 -0.004704 -0.017544
0 0.003763 0.012061 -0.005644 -0.024123
0 0.003763 0.012061 -0.005644 -0.024123
0 0.003763 0.012061 -0.005644 -0.024123
0 0.003293 0.008772 -0.004704 -0.017544
0 0.002822 0.006579 -0.003763 -0.013158
0 0.003763 0.012061 -0.005644 -0.024123
0 0.003293 0.008772 -0.004704 -0.017544
0 0.002352 0.006579 -0.002822 -0.013158
0 0.005174 0.013158 -0.008467 -0.026316
0 0.002352 0.006579 -0.002822 -0.013158
0 0.002822 0.006579 -0.003763 -0.013158
0 0.003293 0.007675 -0.004704 -0.015351
0 0.002352 0.006579 -0.002822 -0.013158
0 0.003293 0.008772 -0.004704 -0.017544
0 0.003293 0.007675 -0.004704 -0.015351
0 0.002822 0.006579 -0.003763 -0.013158
0 0.003763 0.012061 -0.005644 -0.024123
0 0.004233 0.010965 -0.006585 -0.021930
0 0.003293 0.008772 -0.004704 -0.017544
0 0.004233 0.010965 -0.006585 -0.021930
0 0.003293 0.008772 -0.004704 -0.017544
0 0.002352 0.006579 -0.002822 -0.013158
0 0.005174 0.013158 -0.008467 -0.026316
0 0.005174 0.013158 -0.008467 -0.026316
0 0.003763 0.012061 -0.005644 -0.024123
0 0.004233 0.010965 -0.006585 -0.021930
0 0.003293 0.008772 -0.004704 -0.017544
0 0.003763 0.013158 -0.005644 -0.026316
0 0.002352 0.006579 -0.002822 -0.013158
0 0.003763 0.012061 -0.005644 -0.024123
0 0.003293 0.008772 -0.004704 -0.017544
0 0.003293 0.008772 -0.004704 -0.017544
0 0.002352 0.006579 -0.002822 -0.013158
0 0.004233 0.010965 -0.006585 -0.021930
0 0.005174 0.013158 -0.008467 -0.026316
0 0.003293 0.008772 -0.004704 -0.017544
0 0.002822 0.006579 -0.003763 -0.013158
0 0.002822 0.006579 -0.003763 -0.013158
0 0.002822 0.006579 -0.003763 -0.013158
0 0.005174 0.013158 -0.008467 -0.026316
0 0.002822 0.007675 -0.003763 -0.015351
0 0.003763 0.012061 -0.005644 -0.024123
0 0.003763 0.012061 -0.005644 -0.024123
0 0.004233 0.010965 -0.006585 -0.021930
0 0.005174 0.013158 -0.008467 -0.026316
0 0.003763 0.012061 -0.005644 -0.024123
0 0.002352 0.006579 -0.002822 -0.013158
0 0.009407 0.031798 -0.016933 -0.063596
0 0.002352 0.006579 -0.002822 -0.013158
0 0.004233 0.010965 -0.006585 -0.021930
0 0.004233 0.010965 -0.006585 -0.021930
0 0.003293 0.007675 -0.004704 -0.015351
0 0.003293 0.008772 -0.004704 -0.017544
0 0.009407 0.026316 -0.016933 -0.052632
0 0.004233 0.010965 -0.006585 -0.021930
0 0.003763 0.012061 -0.005644 -0.024123
0 0.002822 0.006579 -0.003763 -0.013158
0 0.009407 0.026316 -0.016933 -0.052632
0 0.005174 0.013158 -0.008467 -0.026316
0 0.002822 0.006579 -0.003763 -0.013158
0 0.005174 0.013158 -0.008467 -0.026316
0 0.016463 0.046053 -0.031044 -0.092105
0 0.002352 0.006579 -0.002822 -0.013158
0 0.003763 0.012061 -0.005644 -0.024123
0 0.002822 0.006579 -0.003763 -0.013158
0 0.003763 0.012061 -0.005644 -0.024123
0 0.002352 0.006579 -0.002822 -0.013158
0 0.002822 0.008772 -0.003763 -0.017544
0 0.003763 0.013158 -0.005644 -0.026316
0 0.002822 0.006579 -0.003763 -0.013158
0 0.005174 0.013158 -0.008467 -0.026316
0 0.003293 0.007675 -0.004704 -0.015351
0 0.002822 0.006579 -0.003763 -0.013158
0 0.004233 0.010965 -0.006585 -0.021930
0 0.003293 0.008772 -0.004704 -0.017544
0 0.003763 0.012061 -0.005644 -0.024123
0 0.003293 0.008772 -0.004704 -0.017544
0 0.003763 0.012061 -0.005644 -0.024123
0 0.002822 0.006579 -0.003763 -0.013158
0 0.009407 0.026316 -0.016933 -0.052632
0 0.002822 0.007675 -0.003763 -0.015351
0 0.003763 0.012061 -0.005644 -0.024123
0 0.002352 0.006579 -0.002822 -0.013158
0 0.003293 0.008772 -0.004704 -0.017544
0 0.003763 0.012061 -0.005644 -0.024123
0 0.005174 0.013158 -0.008467 -0.026316
0 0.004233 0.010965 -0.006585 -0.021930
0 0.002352 0.006579 -0.002822 -0.013158
0 0.002822 0.006579 -0.003763 -0.013158
0 0.003763 0.012061 -0.005644 -0.024123
0 0.003763 0.012061 -0.005644 -0.024123
0 0.003293 0.007675 -0.004704 -0.015351
0 0.002822 0.006579 -0.003763 -0.013158
0 0.002822 0.006579 -0.003763 -0.013158
0 0.003293 0.008772 -0.004704 -0.017544
0 0.003763 0.012061 -0.005644 -0.024123
0 0.002352 0.006579 -0.002822 -0.013158
0 0.002352 0.006579 -0.002822 -0.013158
0 0.002352 0.006579 -0.002822 -0.013158
0 0.003763 0.013158 -0.005644 -0.026316
0 0.003763 0.012061 -0.005644 -0.024123
0 0.003763 0.012061 -0.005644 -0.024123
0 0.002822 0.006579 -0.003763 -0.013158
0 0.004233 0.010965 -0.006585 -0.021930
0 0.005174 0.013158 -0.008467 -0.026316
0 0.005174 0.013158 -0.008467 -0.026316
0 0.003763 0.012061 -0.005644 -0.024123
0 0.002352 0.006579 -0.002822 -0.013158
0 0.003293 0.008772 -0.004704 -0.017544
0 0.009407 0.026316 -0.016933 -0.052632
0 0.005174 0.013158 -0.008467 -0.026316