0 0.008242 0.019792 -0.014286 -0.039583
0 0.008242 0.019792 -0.014286 -0.039583
0 0.009890 0.023958 -0.017582 -0.047917
0 0.009890 0.023958 -0.017582 -0.047917
0 0.006044 0.012500 -0.009890 -0.025000
0 0.009890 0.023958 -0.017582 -0.047917
0 0.008242 0.019792 -0.014286 -0.039583
0 0.008242 0.019792 -0.014286 -0.039583
0 0.008242 0.019792 -0.014286 -0.039583
0 0.009890 0.023958 -0.017582 -0.047917
0 0.009890 0.023958 -0.017582 -0.047917
0 0.021429 0.046875 -0.040659 -0.093750
0 0.008242 0.019792 -0.014286 -0.039583
0 0.008242 0.017708 -0.014286 -0.035417
0 0.015934 0.042708 -0.029670 -0.085417
0 0.008242 0.019792 -0.014286 -0.039583
0 0.022527 0.047917 -0.042857 -0.095833
0 0.006044 0.012500 -0.009890 -0.025000
0 0.008242 0.019792 -0.014286 -0.039583
0 0.015934 0.042708 -0.029670 -0.085417
0 0.008242 0.019792 -0.014286 -0.039583
0 0.007143 0.014583 -0.012088 -0.029167
0 0.007143 0.014583 -0.012088 -0.029167
0 0.009890 0.023958 -0.017582 -0.047917
0 0.008242 0.019792 -0.014286 -0.039583
0 0.006044 0.012500 -0.009890 -0.025000
0 0.009890 0.023958 -0.017582 -0.047917
0 0.007143 0.014583 -0.012088 -0.029167
0 0.008242 0.019792 -0.014286 -0.039583
0 0.021429 0.046875 -0.040659 -0.093750
0 0.008242 0.019792 -0.014286 -0.039583
0 0.009890 0.023958 -0.017582 -0.047917
0 0.009890 0.023958 -0.017582 -0.047917
0 0.015934 0.042708 -0.029670 -0.085417
0 0.007143 0.014583 -0.012088 -0.029167
0 0.008242 0.019792 -0.014286 -0.039583
0 0.007143 0.014583 -0.012088 -0.029167
0 0.015934 0.042708 -0.029670 -0.085417
0 0.009890 0.023958 -0.017582 -0.047917
0 0.008242 0.017708 -0.014286 -0.035417
0 0.008242 0.019792 -0.014286 -0.039583
0 0.007143 0.014583 -0.012088 -0.029167
0 0.007143 0.014583 -0.012088 -0.029167
0 0.008242 0.017708 -0.014286 -0.035417
0 0.008242 0.017708 -0.014286 -0.035417
0 0.008242 0.019792 -0.014286 -0.039583
0 0.007143 0.014583 -0.012088 -0.029167
0 0.006044 0.012500 -0.009890 -0.025000
0 0.008242 0.019792 -0.014286 -0.039583
0 0.007143 0.014583 -0.012088 -0.029167
0 0.008242 0.019792 -0.014286 -0.039583
0 0.008242 0.019792 -0.014286 -0.039583
0 0.007143 0.014583 -0.012088 -0.029167
0 0.008242 0.017708 -0.014286 -0.035417
0 0.007143 0.014583 -0.012088 -0.029167
0 0.008242 0.017708 -0.014286 -0.035417
0 0.009890 0.023958 -0.017582 -0.047917
0 0.009890 0.023958 -0.017582 -0.047917
0 0.008242 0.017708 -0.014286 -0.035417
0 0.008242 0.019792 -0.014286 -0.039583
0 0.007143 0.014583 -0.012088 -0.029167
0 0.007143 0.014583 -0.012088 -0.029167
0 0.007143 0.016667 -0.012088 -0.033333
0 0.009890 0.023958 -0.017582 -0.047917
0 0.008242 0.019792 -0.014286 -0.039583
0 0.007143 0.014583 -0.012088 -0.029167
0 0.008242 0.017708 -0.014286 -0.035417
0 0.009890 0.023958 -0.017582 -0.047917
0 0.009890 0.023958 -0.017582 -0.047917
0 0.009890 0.023958 -0.017582 -0.047917
0 0.007143 0.014583 -0.012088 -0.029167
0 0.007143 0.014583 -0.012088 -0.029167
0 0.014286 0.035417 -0.026374 -0.070833
0 0.013736 0.035417 -0.025275 -0.070833
0 0.025824 0.059375 -0.049451 -0.118750