0 0.001042 0.000000 0.002083 0.000000
0 0.001042 0.000000 0.002083 0.000000
0 0.001042 0.000000 0.002083 0.000000
0 0.005208 0.008333 -0.006250 -0.016667
0 0.015625 0.026389 -0.027083 -0.052778
0 0.015625 0.026389 -0.027083 -0.052778
0 0.001042 0.000000 0.002083 0.000000
0 0.001042 0.000000 0.002083 0.000000
0 0.001042 0.000000 0.002083 0.000000
0 0.001042 0.000000 0.002083 0.000000
0 0.001042 0.000000 0.002083 0.000000
0 0.001042 0.000000 0.002083 0.000000
0 0.001042 0.000000 0.002083 0.000000
0 0.005208 0.008333 -0.006250 -0.016667
0 0.015625 0.026389 -0.027083 -0.052778
0 0.001042 0.000000 0.002083 0.000000
0 0.001042 0.000000 0.002083 0.000000
0 0.001042 0.000000 0.002083 0.000000
0 0.015625 0.026389 -0.027083 -0.052778
0 0.001042 0.000000 0.002083 0.000000
0 0.005208 0.008333 -0.006250 -0.016667
0 0.001042 0.000000 0.002083 0.000000
0 0.005208 0.008333 -0.006250 -0.016667
0 0.001042 0.000000 0.002083 0.000000
0 0.001042 0.000000 0.002083 0.000000
0 0.015625 0.026389 -0.027083 -0.052778
0 0.005208 0.008333 -0.006250 -0.016667
0 0.001042 0.000000 0.002083 0.000000
0 0.001042 0.000000 0.002083 0.000000
0 0.001042 0.000000 0.002083 0.000000
0 0.001042 0.000000 0.002083 0.000000
0 0.001042 0.000000 0.002083 0.000000
0 0.001042 0.000000 0.002083 0.000000
0 0.015625 0.026389 -0.027083 -0.052778
0 0.005208 0.008333 -0.006250 -0.016667
0 0.001042 0.000000 0.002083 0.000000
0 0.015625 0.026389 -0.027083 -0.052778
0 0.001042 0.000000 0.002083 0.000000
0 0.015625 0.026389 -0.027083 -0.052778
0 0.001042 0.000000 0.002083 0.000000
0 0.001042 0.000000 0.002083 0.000000
0 0.001042 0.000000 0.002083 0.000000
0 0.001042 0.000000 0.002083 0.000000
0 0.001042 0.000000 0.002083 0.000000
0 0.005208 0.008333 -0.006250 -0.016667
0 0.005208 0.008333 -0.006250 -0.016667
0 0.001042 0.000000 0.002083 0.000000
0 0.001042 0.000000 0.002083 0.000000
0 0.001042 0.000000 0.002083 0.000000
0 0.001042 0.000000 0.002083 0.000000
0 0.015625 0.026389 -0.027083 -0.052778
0 0.015625 0.026389 -0.027083 -0.052778
0 0.005208 0.008333 -0.006250 -0.016667
0 0.001042 0.000000 0.002083 0.000000
0 0.001042 0.000000 0.002083 0.000000
0 0.001042 0.000000 0.002083 0.000000
0 0.015625 0.026389 -0.027083 -0.052778
0 0.001042 0.000000 0.002083 0.000000
0 0.015625 0.026389 -0.027083 -0.052778
0 0.001042 0.000000 0.002083 0.000000
0 0.001042 0.000000 0.002083 0.000000
0 0.001042 0.000000 0.002083 0.000000
0 0.001042 0.000000 0.002083 0.000000
0 0.001042 0.000000 0.002083 0.000000
0 0.001042 0.000000 0.002083 0.000000
0 0.001042 0.000000 0.002083 0.000000
0 0.001042 0.000000 0.002083 0.000000
0 0.001042 0.000000 0.002083 0.000000
0 0.005208 0.008333 -0.006250 -0.016667
0 0.001042 0.000000 0.002083 0.000000
0 0.001042 0.000000 0.002083 0.000000
0 0.005208 0.008333 -0.006250 -0.016667
0 0.001042 0.000000 0.002083 0.000000
0 0.001042 0.000000 0.002083 0.000000
0 0.001042 0.000000 0.002083 0.000000
0 0.015625 0.026389 -0.027083 -0.052778
0 0.005208 0.008333 -0.006250 -0.016667
0 0.001042 0.000000 0.002083 0.000000
0 0.001042 0.000000 0.002083 0.000000
0 0.015625 0.026389 -0.027083 -0.052778
0 0.001042 0.000000 0.002083 0.000000
0 0.001042 0.000000 0.002083 0.000000
0 0.005208 0.008333 -0.006250 -0.016667
0 0.001042 0.000000 0.002083 0.000000
0 0.015625 0.026389 -0.027083 -0.052778
0 0.001042 0.000000 0.002083 0.000000
0 0.001042 0.000000 0.002083 0.000000
0 0.001042 0.000000 0.002083 0.000000
0 0.001042 0.000000 0.002083 0.000000
0 0.005208 0.008333 -0.006250 -0.016667