0 0.013281 0.020833 -0.025000 -0.041667
0 0.014453 0.028472 -0.027344 -0.056944
0 0.011328 0.026389 -0.021094 -0.052778
0 0.012500 0.017361 -0.023438 -0.034722
0 0.018750 0.046528 -0.035937 -0.093056
0 0.016797 0.036111 -0.032031 -0.072222
0 0.040625 0.112500 -0.079687 -0.225000
0 0.021875 0.056944 -0.042188 -0.113889
0 0.011328 0.026389 -0.021094 -0.052778
0 0.015234 0.034722 -0.028906 -0.069444
0 0.027344 0.065972 -0.053125 -0.131944
0 0.012500 0.017361 -0.023438 -0.034722
0 0.019141 0.039583 -0.036719 -0.079167
0 0.014844 0.023611 -0.028125 -0.047222
0 0.057813 0.139583 -0.114062 -0.279167
0 0.019531 0.048611 -0.037500 -0.097222
0 0.012500 0.017361 -0.023438 -0.034722
0 0.057813 0.139583 -0.114062 -0.279167
0 0.011719 0.026389 -0.020313 -0.052778
0 0.014844 0.023611 -0.028125 -0.047222
0 0.031641 0.074306 -0.061719 -0.148611
0 0.012500 0.017361 -0.023438 -0.034722
0 0.031641 0.074306 -0.061719 -0.148611
0 0.016016 0.041667 -0.030469 -0.083333
0 0.016406 0.040278 -0.031250 -0.080556
0 0.016797 0.036111 -0.032031 -0.072222
0 0.022656 0.044444 -0.043750 -0.088889
0 0.019531 0.048611 -0.037500 -0.097222
0 0.011328 0.026389 -0.021094 -0.052778
0 0.022656 0.044444 -0.043750 -0.088889
0 0.041797 0.095833 -0.082031 -0.191667
0 0.015625 0.032639 -0.029687 -0.065278
0 0.012500 0.017361 -0.023438 -0.034722
0 0.011328 0.026389 -0.021094 -0.052778
0 0.012500 0.017361 -0.023438 -0.034722
0 0.026953 0.063889 -0.052344 -0.127778
0 0.012500 0.017361 -0.023438 -0.034722
0 0.031641 0.074306 -0.061719 -0.148611
0 0.012500 0.017361 -0.023438 -0.034722
0 0.014844 0.023611 -0.028125 -0.047222
0 0.012500 0.017361 -0.023438 -0.034722
0 0.019141 0.039583 -0.036719 -0.079167
0 0.016797 0.036111 -0.032031 -0.072222
0 0.015625 0.032639 -0.029687 -0.065278
0 0.021875 0.056944 -0.042188 -0.113889
0 0.016406 0.040278 -0.031250 -0.080556
0 0.012500 0.017361 -0.023438 -0.034722
0 0.012500 0.017361 -0.023438 -0.034722
0 0.015234 0.034722 -0.028906 -0.069444
0 0.016797 0.036111 -0.032031 -0.072222
0 0.011719 0.021528 -0.021875 -0.043056
0 0.064453 0.117361 -0.127344 -0.234722
0 0.011328 0.026389 -0.021094 -0.052778
0 0.041797 0.095833 -0.082031 -0.191667
0 0.011328 0.026389 -0.021094 -0.052778
0 0.016797 0.036111 -0.032031 -0.072222
0 0.016016 0.041667 -0.030469 -0.083333
0 0.016406 0.040278 -0.031250 -0.080556
0 0.011328 0.026389 -0.021094 -0.052778
0 0.012500 0.017361 -0.023438 -0.034722
0 0.016797 0.036111 -0.032031 -0.072222
0 0.026953 0.063889 -0.052344 -0.127778
0 0.015234 0.034722 -0.028906 -0.069444
0 0.011328 0.026389 -0.021094 -0.052778
0 0.012500 0.017361 -0.023438 -0.034722
0 0.011328 0.026389 -0.021094 -0.052778
0 0.013281 0.020833 -0.025000 -0.041667
0 0.011328 0.026389 -0.021094 -0.052778
0 0.015234 0.034722 -0.028906 -0.069444
0 0.022656 0.044444 -0.043750 -0.088889
0 0.016406 0.040278 -0.031250 -0.080556
0 0.014453 0.028472 -0.027344 -0.056944
0 0.018750 0.046528 -0.035937 -0.093056
0 0.045703 0.100000 -0.089844 -0.200000
0 0.015625 0.032639 -0.029687 -0.065278
0 0.012500 0.017361 -0.023438 -0.034722
0 0.015625 0.032639 -0.029687 -0.065278
0 0.012500 0.017361 -0.023438 -0.034722
0 0.016797 0.036111 -0.032031 -0.072222
0 0.041797 0.095833 -0.082031 -0.191667
0 0.012500 0.017361 -0.023438 -0.034722
0 0.021484 0.048611 -0.041406 -0.097222
0 0.025000 0.051389 -0.048438 -0.102778
0 0.011719 0.026389 -0.020313 -0.052778
0 0.027344 0.065972 -0.053125 -0.131944
0 0.012500 0.017361 -0.023438 -0.034722
0 0.013281 0.020833 -0.025000 -0.041667
0 0.012500 0.017361 -0.023438 -0.034722
0 0.016797 0.036111 -0.032031 -0.072222
0 0.012500 0.017361 -0.023438 -0.034722
0 0.041797 0.095833 -0.082031 -0.191667