0 0.004147 0.007523 -0.007909 -0.014468
0 0.013021 0.023727 -0.025656 -0.047454
0 0.013021 0.023727 -0.025656 -0.047454
0 0.015625 0.031250 -0.030864 -0.062500
0 0.013021 0.023872 -0.025656 -0.047164
0 0.013021 0.023727 -0.025656 -0.047454
0 0.010513 0.020255 -0.020640 -0.040509
0 0.010513 0.020255 -0.020640 -0.040509
0 0.004147 0.007378 -0.007909 -0.014757
0 0.004147 0.007523 -0.007909 -0.014468
0 0.004147 0.007523 -0.007909 -0.014468
0 0.010513 0.020255 -0.020640 -0.040509
0 0.023630 0.053819 -0.046875 -0.107639
0 0.013021 0.023727 -0.025656 -0.047454
0 0.010513 0.020255 -0.020640 -0.040509
0 0.010513 0.020255 -0.020640 -0.040509
0 0.010513 0.020255 -0.020640 -0.040509
0 0.010513 0.020255 -0.020640 -0.040509
0 0.004147 0.007523 -0.007909 -0.014468
0 0.010513 0.020255 -0.020640 -0.040509
0 0.033179 0.043403 -0.065972 -0.086806
0 0.013021 0.023727 -0.025656 -0.047454
0 0.020737 0.037616 -0.041088 -0.075231
0 0.010513 0.020255 -0.020640 -0.040509
0 0.010513 0.020255 -0.020640 -0.040509
0 0.004147 0.007523 -0.007909 -0.014468
0 0.004147 0.007523 -0.007909 -0.014468
0 0.013021 0.023727 -0.025656 -0.047454
0 0.010513 0.020255 -0.020640 -0.040509
0 0.008873 0.016927 -0.017361 -0.033854
0 0.010513 0.020255 -0.020640 -0.040509
0 0.010513 0.020255 -0.020640 -0.040509
0 0.004147 0.007378 -0.007909 -0.014757
0 0.023630 0.053819 -0.046875 -0.107639
0 0.004147 0.007523 -0.007909 -0.014468
0 0.010513 0.020255 -0.020640 -0.040509
0 0.013021 0.023727 -0.025656 -0.047454