0 0.026500 0.049167 -0.051000 -0.098333
0 0.021500 0.044167 -0.041000 -0.088333
0 0.012000 0.024167 -0.022000 -0.045000
0 0.021500 0.044167 -0.041000 -0.088333
0 0.026500 0.049167 -0.051000 -0.098333
0 0.012000 0.024167 -0.022000 -0.045000
0 0.021500 0.044167 -0.041000 -0.088333
0 0.015500 0.025833 -0.029000 -0.051667
0 0.012000 0.024167 -0.022000 -0.045000
0 0.018000 0.036667 -0.034000 -0.073333
0 0.021500 0.044167 -0.041000 -0.088333
0 0.021500 0.044167 -0.041000 -0.088333
0 0.012000 0.024167 -0.022000 -0.045000
0 0.026500 0.049167 -0.051000 -0.098333
0 0.018000 0.036667 -0.034000 -0.073333
0 0.021500 0.044167 -0.041000 -0.088333
0 0.018000 0.036667 -0.034000 -0.073333
0 0.021500 0.044167 -0.041000 -0.088333
0 0.012000 0.024167 -0.022000 -0.045000
0 0.012000 0.024167 -0.022000 -0.045000
0 0.026500 0.049167 -0.051000 -0.098333
0 0.027000 0.065833 -0.052000 -0.131667
0 0.021500 0.044167 -0.041000 -0.088333
0 0.021500 0.044167 -0.041000 -0.088333
0 0.015500 0.026667 -0.029000 -0.050000
0 0.018000 0.036667 -0.034000 -0.073333
0 0.018000 0.036667 -0.034000 -0.073333
0 0.012000 0.024167 -0.022000 -0.045000
0 0.015500 0.025833 -0.029000 -0.051667
0 0.012000 0.024167 -0.022000 -0.045000
0 0.027000 0.065833 -0.052000 -0.131667
0 0.018000 0.036667 -0.034000 -0.073333
0 0.012000 0.024167 -0.022000 -0.045000
0 0.021500 0.044167 -0.041000 -0.088333
0 0.026500 0.049167 -0.051000 -0.098333
0 0.012000 0.024167 -0.022000 -0.045000
0 0.012000 0.024167 -0.022000 -0.045000
0 0.021500 0.044167 -0.041000 -0.088333
0 0.018000 0.036667 -0.034000 -0.073333
0 0.012000 0.024167 -0.022000 -0.045000
0 0.018000 0.036667 -0.034000 -0.073333
0 0.012000 0.024167 -0.022000 -0.045000
0 0.012000 0.024167 -0.022000 -0.045000
0 0.027000 0.065833 -0.052000 -0.131667
0 0.026500 0.049167 -0.051000 -0.098333
0 0.027000 0.065833 -0.052000 -0.131667
0 0.015500 0.026667 -0.029000 -0.050000
0 0.012000 0.024167 -0.022000 -0.045000
0 0.027000 0.065833 -0.052000 -0.131667
0 0.021500 0.044167 -0.041000 -0.088333
0 0.012000 0.024167 -0.022000 -0.045000
0 0.027000 0.065833 -0.052000 -0.131667
0 0.018000 0.036667 -0.034000 -0.073333
0 0.012000 0.024167 -0.022000 -0.045000
0 0.018000 0.036667 -0.034000 -0.073333
0 0.026500 0.049167 -0.051000 -0.098333
0 0.012000 0.024167 -0.022000 -0.045000
0 0.009000 0.018333 -0.016000 -0.033333
0 0.012000 0.024167 -0.022000 -0.045000
0 0.015500 0.025833 -0.029000 -0.051667
0 0.012000 0.024167 -0.022000 -0.045000
0 0.012000 0.024167 -0.022000 -0.045000
0 0.012000 0.024167 -0.022000 -0.045000
0 0.018000 0.036667 -0.034000 -0.073333