0 0.007051 0.012411 -0.011751 -0.024823
0 0.007051 0.012411 -0.011751 -0.024823
0 0.007051 0.012411 -0.011751 -0.024823
0 0.014101 0.021277 -0.025852 -0.042553
0 0.003525 0.005319 -0.004700 -0.010638
0 0.007051 0.012411 -0.011751 -0.024823
0 0.003525 0.005319 -0.004700 -0.010638
0 0.015864 0.027482 -0.029377 -0.054965
0 0.015864 0.027482 -0.029377 -0.054965
0 0.007051 0.012411 -0.011751 -0.024823
0 0.003525 0.005319 -0.004700 -0.010638
0 0.007051 0.012411 -0.011751 -0.024823
0 0.003525 0.005319 -0.004700 -0.010638
0 0.007051 0.012411 -0.011751 -0.024823
0 0.012338 0.018617 -0.022327 -0.037234
0 0.004700 0.008865 -0.007051 -0.017730
0 0.003525 0.005319 -0.004700 -0.010638
0 0.007051 0.012411 -0.011751 -0.024823
0 0.003525 0.005319 -0.004700 -0.010638
0 0.012338 0.018617 -0.022327 -0.037234
0 0.007051 0.012411 -0.011751 -0.024823
0 0.012338 0.018617 -0.022327 -0.037234
0 0.004700 0.008865 -0.007051 -0.017730
0 0.003525 0.005319 -0.004700 -0.010638
0 0.003525 0.005319 -0.004700 -0.010638
0 0.003525 0.005319 -0.004700 -0.010638
0 0.007051 0.012411 -0.011751 -0.024823
0 0.007051 0.012411 -0.011751 -0.024823
0 0.007051 0.012411 -0.011751 -0.024823
0 0.004700 0.008865 -0.007051 -0.017730
0 0.007051 0.012411 -0.011751 -0.024823
0 0.003525 0.005319 -0.004700 -0.010638
0 0.015864 0.027482 -0.029377 -0.054965
0 0.003525 0.005319 -0.004700 -0.010638
0 0.004700 0.008865 -0.007051 -0.017730
0 0.003525 0.005319 -0.004700 -0.010638
0 0.004700 0.008865 -0.007051 -0.017730
0 0.007051 0.012411 -0.011751 -0.024823
0 0.007051 0.012411 -0.011751 -0.024823
0 0.007051 0.012411 -0.011751 -0.024823
0 0.004700 0.008865 -0.007051 -0.017730
0 0.003525 0.005319 -0.004700 -0.010638
0 0.003525 0.005319 -0.004700 -0.010638
0 0.004700 0.008865 -0.007051 -0.017730
0 0.004700 0.008865 -0.007051 -0.017730
0 0.012338 0.018617 -0.022327 -0.037234
0 0.007051 0.012411 -0.011751 -0.024823
0 0.007051 0.012411 -0.011751 -0.024823
0 0.003525 0.005319 -0.004700 -0.010638
0 0.014101 0.021277 -0.025852 -0.042553
0 0.004700 0.008865 -0.007051 -0.017730
0 0.004700 0.008865 -0.007051 -0.017730
0 0.012338 0.018617 -0.022327 -0.037234
0 0.003525 0.005319 -0.004700 -0.010638
0 0.007051 0.012411 -0.011751 -0.024823
0 0.012338 0.018617 -0.022327 -0.037234
0 0.004700 0.008865 -0.007051 -0.017730
0 0.007051 0.012411 -0.011751 -0.024823
0 0.014101 0.021277 -0.025852 -0.042553
0 0.007051 0.012411 -0.011751 -0.024823
0 0.003525 0.005319 -0.004700 -0.010638
0 0.007051 0.012411 -0.011751 -0.024823
0 0.004700 0.008865 -0.007051 -0.017730
0 0.014101 0.021277 -0.025852 -0.042553
0 0.004700 0.008865 -0.007051 -0.017730
0 0.012338 0.018617 -0.022327 -0.037234
0 0.004700 0.008865 -0.007051 -0.017730
0 0.003525 0.005319 -0.004700 -0.010638
0 0.003525 0.005319 -0.004700 -0.010638
0 0.003525 0.005319 -0.004700 -0.010638
0 0.004700 0.008865 -0.007051 -0.017730
0 0.012338 0.018617 -0.022327 -0.037234
0 0.003525 0.005319 -0.004700 -0.010638
0 0.012338 0.018617 -0.022327 -0.037234
0 0.003525 0.005319 -0.004700 -0.010638
0 0.004700 0.008865 -0.007051 -0.017730
0 0.007051 0.012411 -0.011751 -0.024823
0 0.003525 0.005319 -0.004700 -0.010638
0 0.004700 0.008865 -0.007051 -0.017730
0 0.010576 0.016844 -0.018801 -0.033688
0 0.003525 0.005319 -0.004700 -0.010638
0 0.012338 0.018617 -0.022327 -0.037234
0 0.003525 0.005319 -0.004700 -0.010638
0 0.003525 0.005319 -0.004700 -0.010638
0 0.004700 0.008865 -0.007051 -0.017730
0 0.007051 0.012411 -0.011751 -0.024823
0 0.007051 0.012411 -0.011751 -0.024823
0 0.003525 0.005319 -0.004700 -0.010638
0 0.003525 0.005319 -0.004700 -0.010638
0 0.007051 0.012411 -0.011751 -0.024823
0 0.012338 0.018617 -0.022327 -0.037234
0 0.012338 0.018617 -0.022327 -0.037234
0 0.004700 0.008865 -0.007051 -0.017730
0 0.007051 0.012411 -0.011751 -0.024823
0 0.004700 0.008865 -0.007051 -0.017730
0 0.003525 0.005319 -0.004700 -0.010638
0 0.004700 0.008865 -0.007051 -0.017730
0 0.007051 0.012411 -0.011751 -0.024823
0 0.007051 0.012411 -0.011751 -0.024823
0 0.004700 0.008865 -0.007051 -0.017730
0 0.012338 0.018617 -0.022327 -0.037234
0 0.014101 0.021277 -0.025852 -0.042553
0 0.007051 0.012411 -0.011751 -0.024823
0 0.003525 0.005319 -0.004700 -0.010638
0 0.004700 0.008865 -0.007051 -0.017730
0 0.007051 0.012411 -0.011751 -0.024823
0 0.014101 0.021277 -0.025852 -0.042553
0 0.014101 0.021277 -0.025852 -0.042553
0 0.012338 0.018617 -0.022327 -0.037234
0 0.007051 0.012411 -0.011751 -0.024823
0 0.012338 0.018617 -0.022327 -0.037234
0 0.012338 0.018617 -0.022327 -0.037234
0 0.014101 0.021277 -0.025852 -0.042553
0 0.014101 0.021277 -0.025852 -0.042553
0 0.007051 0.012411 -0.011751 -0.024823
0 0.007051 0.012411 -0.011751 -0.024823
0 0.003525 0.005319 -0.004700 -0.010638
0 0.012338 0.018617 -0.022327 -0.037234
0 0.003525 0.005319 -0.004700 -0.010638
0 0.003525 0.005319 -0.004700 -0.010638
0 0.004700 0.008865 -0.007051 -0.017730
0 0.007051 0.012411 -0.011751 -0.024823
0 0.007051 0.012411 -0.011751 -0.024823
0 0.003525 0.005319 -0.004700 -0.010638
0 0.007051 0.012411 -0.011751 -0.024823
0 0.007051 0.012411 -0.011751 -0.024823
0 0.003525 0.005319 -0.004700 -0.010638
0 0.003525 0.005319 -0.004700 -0.010638
0 0.014101 0.021277 -0.025852 -0.042553
0 0.004700 0.008865 -0.007051 -0.017730
0 0.003525 0.005319 -0.004700 -0.010638
0 0.003525 0.005319 -0.004700 -0.010638
0 0.003525 0.005319 -0.004700 -0.010638
0 0.003525 0.005319 -0.004700 -0.010638
0 0.007051 0.012411 -0.011751 -0.024823
0 0.007051 0.012411 -0.011751 -0.024823
0 0.007051 0.012411 -0.011751 -0.024823
0 0.003525 0.005319 -0.004700 -0.010638
0 0.004700 0.008865 -0.007051 -0.017730
0 0.007051 0.012411 -0.011751 -0.024823
0 0.003525 0.005319 -0.004700 -0.010638
0 0.004700 0.008865 -0.007051 -0.017730
0 0.003525 0.005319 -0.004700 -0.010638
0 0.012338 0.018617 -0.022327 -0.037234
0 0.004700 0.008865 -0.007051 -0.017730
0 0.004700 0.008865 -0.007051 -0.017730
0 0.007051 0.012411 -0.011751 -0.024823
0 0.007051 0.012411 -0.011751 -0.024823
0 0.015864 0.027482 -0.029377 -0.054965
0 0.005875 0.010638 -0.009401 -0.021277
0 0.004700 0.008865 -0.007051 -0.017730
0 0.004700 0.008865 -0.007051 -0.017730
0 0.012338 0.018617 -0.022327 -0.037234
0 0.007051 0.012411 -0.011751 -0.024823
0 0.004700 0.008865 -0.007051 -0.017730
0 0.003525 0.005319 -0.004700 -0.010638
0 0.003525 0.005319 -0.004700 -0.010638
0 0.003525 0.005319 -0.004700 -0.010638
0 0.015864 0.027482 -0.029377 -0.054965
0 0.007051 0.012411 -0.011751 -0.024823
0 0.003525 0.005319 -0.004700 -0.010638
0 0.003525 0.005319 -0.004700 -0.010638
0 0.004700 0.008865 -0.007051 -0.017730
0 0.003525 0.005319 -0.004700 -0.010638
0 0.004700 0.008865 -0.007051 -0.017730
0 0.003525 0.005319 -0.004700 -0.010638
0 0.014101 0.021277 -0.025852 -0.042553
0 0.003525 0.005319 -0.004700 -0.010638
0 0.014101 0.021277 -0.025852 -0.042553
0 0.012338 0.018617 -0.022327 -0.037234
0 0.007051 0.012411 -0.011751 -0.024823
0 0.012338 0.018617 -0.022327 -0.037234
0 0.012338 0.018617 -0.022327 -0.037234
0 0.012338 0.018617 -0.022327 -0.037234
0 0.007051 0.012411 -0.011751 -0.024823
0 0.003525 0.005319 -0.004700 -0.010638
0 0.003525 0.005319 -0.004700 -0.010638
0 0.003525 0.005319 -0.004700 -0.010638
0 0.007051 0.012411 -0.011751 -0.024823
0 0.007051 0.012411 -0.011751 -0.024823
0 0.004700 0.008865 -0.007051 -0.017730
0 0.004700 0.008865 -0.007051 -0.017730
0 0.007051 0.012411 -0.011751 -0.024823
0 0.014101 0.021277 -0.025852 -0.042553
0 0.004700 0.008865 -0.007051 -0.017730
0 0.003525 0.005319 -0.004700 -0.010638
0 0.003525 0.005319 -0.004700 -0.010638
0 0.007051 0.012411 -0.011751 -0.024823
0 0.003525 0.005319 -0.004700 -0.010638
0 0.003525 0.005319 -0.004700 -0.010638
0 0.007051 0.012411 -0.011751 -0.024823
0 0.003525 0.005319 -0.004700 -0.010638
0 0.007051 0.012411 -0.011751 -0.024823
0 0.004700 0.008865 -0.007051 -0.017730
0 0.003525 0.005319 -0.004700 -0.010638
0 0.004700 0.008865 -0.007051 -0.017730
0 0.003525 0.005319 -0.004700 -0.010638
0 0.007051 0.012411 -0.011751 -0.024823
0 0.015864 0.027482 -0.029377 -0.054965
0 0.003525 0.005319 -0.004700 -0.010638
0 0.012338 0.018617 -0.022327 -0.037234
0 0.007051 0.012411 -0.011751 -0.024823
0 0.004700 0.008865 -0.007051 -0.017730
0 0.003525 0.005319 -0.004700 -0.010638
0 0.004700 0.008865 -0.007051 -0.017730
0 0.012338 0.018617 -0.022327 -0.037234
0 0.007051 0.012411 -0.011751 -0.024823
0 0.007051 0.012411 -0.011751 -0.024823
0 0.003525 0.005319 -0.004700 -0.010638
0 0.007051 0.012411 -0.011751 -0.024823
0 0.012338 0.018617 -0.022327 -0.037234
0 0.003525 0.005319 -0.004700 -0.010638
0 0.003525 0.005319 -0.004700 -0.010638
0 0.003525 0.005319 -0.004700 -0.010638
0 0.004700 0.008865 -0.007051 -0.017730
0 0.004700 0.008865 -0.007051 -0.017730
0 0.007051 0.012411 -0.011751 -0.024823
0 0.004700 0.008865 -0.007051 -0.017730
0 0.012338 0.018617 -0.022327 -0.037234
0 0.003525 0.005319 -0.004700 -0.010638
0 0.007051 0.012411 -0.011751 -0.024823
0 0.003525 0.005319 -0.004700 -0.010638
0 0.007051 0.012411 -0.011751 -0.024823
0 0.007051 0.012411 -0.011751 -0.024823
0 0.014101 0.021277 -0.025852 -0.042553
0 0.007051 0.012411 -0.011751 -0.024823
0 0.007051 0.012411 -0.011751 -0.024823
0 0.012338 0.018617 -0.022327 -0.037234
0 0.007051 0.012411 -0.011751 -0.024823
0 0.012338 0.018617 -0.022327 -0.037234
0 0.012338 0.018617 -0.022327 -0.037234
0 0.003525 0.005319 -0.004700 -0.010638
0 0.007051 0.012411 -0.011751 -0.024823
0 0.014101 0.021277 -0.025852 -0.042553
0 0.003525 0.005319 -0.004700 -0.010638
0 0.004700 0.008865 -0.007051 -0.017730
0 0.003525 0.005319 -0.004700 -0.010638
0 0.004700 0.008865 -0.007051 -0.017730
0 0.004700 0.008865 -0.007051 -0.017730
0 0.012338 0.018617 -0.022327 -0.037234
0 0.003525 0.005319 -0.004700 -0.010638
0 0.003525 0.005319 -0.004700 -0.010638
0 0.004700 0.008865 -0.007051 -0.017730
0 0.007051 0.012411 -0.011751 -0.024823
0 0.014101 0.021277 -0.025852 -0.042553
0 0.014101 0.021277 -0.025852 -0.042553
0 0.004700 0.008865 -0.007051 -0.017730
0 0.015864 0.027482 -0.029377 -0.054965
0 0.004700 0.008865 -0.007051 -0.017730
0 0.003525 0.005319 -0.004700 -0.010638
0 0.007051 0.012411 -0.011751 -0.024823
0 0.015864 0.027482 -0.029377 -0.054965
0 0.012338 0.018617 -0.022327 -0.037234
0 0.012338 0.018617 -0.022327 -0.037234
0 0.007051 0.012411 -0.011751 -0.024823
0 0.007051 0.012411 -0.011751 -0.024823
0 0.003525 0.005319 -0.004700 -0.010638
0 0.004700 0.008865 -0.007051 -0.017730
0 0.004113 0.007092 -0.005875 -0.014184
0 0.014101 0.021277 -0.025852 -0.042553
0 0.007051 0.012411 -0.011751 -0.024823
0 0.003525 0.005319 -0.004700 -0.010638
0 0.004700 0.008865 -0.007051 -0.017730
0 0.007051 0.012411 -0.011751 -0.024823
0 0.003525 0.005319 -0.004700 -0.010638
0 0.003525 0.005319 -0.004700 -0.010638
0 0.015864 0.027482 -0.029377 -0.054965
0 0.003525 0.005319 -0.004700 -0.010638
0 0.007051 0.012411 -0.011751 -0.024823
0 0.004700 0.008865 -0.007051 -0.017730
0 0.004700 0.008865 -0.007051 -0.017730
0 0.012338 0.018617 -0.022327 -0.037234
0 0.012338 0.018617 -0.022327 -0.037234
0 0.007051 0.012411 -0.011751 -0.024823
0 0.003525 0.005319 -0.004700 -0.010638
0 0.003525 0.005319 -0.004700 -0.010638
0 0.003525 0.005319 -0.004700 -0.010638
0 0.007051 0.012411 -0.011751 -0.024823
0 0.003525 0.005319 -0.004700 -0.010638
0 0.015864 0.027482 -0.029377 -0.054965
0 0.003525 0.005319 -0.004700 -0.010638
0 0.007051 0.012411 -0.011751 -0.024823
0 0.003525 0.005319 -0.004700 -0.010638
0 0.003525 0.005319 -0.004700 -0.010638
0 0.007051 0.012411 -0.011751 -0.024823
0 0.007051 0.012411 -0.011751 -0.024823
0 0.003525 0.005319 -0.004700 -0.010638
0 0.003525 0.005319 -0.004700 -0.010638
0 0.003525 0.005319 -0.004700 -0.010638
0 0.003525 0.005319 -0.004700 -0.010638
0 0.003525 0.005319 -0.004700 -0.010638
0 0.004700 0.008865 -0.007051 -0.017730
0 0.007051 0.012411 -0.011751 -0.024823
0 0.007051 0.012411 -0.011751 -0.024823
0 0.003525 0.005319 -0.004700 -0.010638
0 0.003525 0.005319 -0.004700 -0.010638
0 0.004700 0.008865 -0.007051 -0.017730
0 0.012338 0.018617 -0.022327 -0.037234
0 0.007051 0.012411 -0.011751 -0.024823
0 0.007051 0.012411 -0.011751 -0.024823
0 0.012338 0.018617 -0.022327 -0.037234
0 0.004700 0.008865 -0.007051 -0.017730
0 0.012338 0.018617 -0.022327 -0.037234
0 0.007051 0.012411 -0.011751 -0.024823
0 0.007051 0.012411 -0.011751 -0.024823
0 0.003525 0.005319 -0.004700 -0.010638
0 0.003525 0.005319 -0.004700 -0.010638
0 0.004700 0.008865 -0.007051 -0.017730
0 0.004700 0.008865 -0.007051 -0.017730
0 0.004700 0.008865 -0.007051 -0.017730
0 0.004700 0.008865 -0.007051 -0.017730
0 0.004700 0.008865 -0.007051 -0.017730
0 0.007051 0.012411 -0.011751 -0.024823
0 0.007051 0.012411 -0.011751 -0.024823
0 0.003525 0.005319 -0.004700 -0.010638
0 0.003525 0.005319 -0.004700 -0.010638
0 0.012338 0.018617 -0.022327 -0.037234
0 0.007051 0.012411 -0.011751 -0.024823
0 0.003525 0.005319 -0.004700 -0.010638
0 0.007051 0.012411 -0.011751 -0.024823
0 0.004700 0.008865 -0.007051 -0.017730
0 0.004700 0.008865 -0.007051 -0.017730
0 0.003525 0.005319 -0.004700 -0.010638
0 0.003525 0.005319 -0.004700 -0.010638
0 0.004700 0.008865 -0.007051 -0.017730
0 0.012338 0.018617 -0.022327 -0.037234
0 0.007051 0.012411 -0.011751 -0.024823
0 0.004700 0.008865 -0.007051 -0.017730
0 0.003525 0.005319 -0.004700 -0.010638
0 0.003525 0.005319 -0.004700 -0.010638
0 0.003525 0.005319 -0.004700 -0.010638
0 0.003525 0.005319 -0.004700 -0.010638
0 0.003525 0.005319 -0.004700 -0.010638
0 0.014101 0.021277 -0.025852 -0.042553
0 0.012338 0.018617 -0.022327 -0.037234
0 0.015864 0.027482 -0.029377 -0.054965
0 0.007051 0.012411 -0.011751 -0.024823
0 0.007051 0.012411 -0.011751 -0.024823
0 0.015864 0.027482 -0.029377 -0.054965
0 0.003525 0.005319 -0.004700 -0.010638
0 0.004700 0.008865 -0.007051 -0.017730
0 0.004700 0.008865 -0.007051 -0.017730
0 0.012338 0.018617 -0.022327 -0.037234
0 0.007051 0.012411 -0.011751 -0.024823
0 0.007051 0.012411 -0.011751 -0.024823
0 0.004700 0.008865 -0.007051 -0.017730
0 0.003525 0.005319 -0.004700 -0.010638
0 0.004700 0.008865 -0.007051 -0.017730
0 0.003525 0.005319 -0.004700 -0.010638
0 0.012338 0.018617 -0.022327 -0.037234
0 0.007051 0.012411 -0.011751 -0.024823
0 0.015864 0.027482 -0.029377 -0.054965
0 0.003525 0.005319 -0.004700 -0.010638
0 0.004700 0.008865 -0.007051 -0.017730
0 0.015864 0.027482 -0.029377 -0.054965
0 0.004700 0.008865 -0.007051 -0.017730
0 0.003525 0.005319 -0.004700 -0.010638
0 0.012338 0.018617 -0.022327 -0.037234
0 0.004700 0.008865 -0.007051 -0.017730
0 0.003525 0.005319 -0.004700 -0.010638
0 0.007051 0.012411 -0.011751 -0.024823
0 0.007051 0.012411 -0.011751 -0.024823
0 0.003525 0.005319 -0.004700 -0.010638
0 0.004700 0.008865 -0.007051 -0.017730
0 0.004700 0.008865 -0.007051 -0.017730
0 0.004700 0.008865 -0.007051 -0.017730
0 0.007051 0.012411 -0.011751 -0.024823
0 0.003525 0.005319 -0.004700 -0.010638
0 0.007051 0.012411 -0.011751 -0.024823
0 0.007051 0.012411 -0.011751 -0.024823
0 0.007051 0.012411 -0.011751 -0.024823
0 0.004700 0.008865 -0.007051 -0.017730
0 0.004700 0.008865 -0.007051 -0.017730
0 0.003525 0.005319 -0.004700 -0.010638
0 0.012338 0.018617 -0.022327 -0.037234
0 0.003525 0.005319 -0.004700 -0.010638
0 0.004700 0.008865 -0.007051 -0.017730
0 0.012338 0.018617 -0.022327 -0.037234
0 0.004700 0.008865 -0.007051 -0.017730
0 0.014101 0.021277 -0.025852 -0.042553
0 0.012338 0.018617 -0.022327 -0.037234
0 0.003525 0.005319 -0.004700 -0.010638
0 0.007051 0.012411 -0.011751 -0.024823
0 0.012338 0.018617 -0.022327 -0.037234
0 0.003525 0.005319 -0.004700 -0.010638
0 0.012338 0.018617 -0.022327 -0.037234
0 0.015864 0.027482 -0.029377 -0.054965
0 0.012338 0.018617 -0.022327 -0.037234
0 0.003525 0.005319 -0.004700 -0.010638
0 0.003525 0.005319 -0.004700 -0.010638
0 0.003525 0.005319 -0.004700 -0.010638
0 0.004700 0.008865 -0.007051 -0.017730
0 0.004700 0.008865 -0.007051 -0.017730
0 0.004700 0.008865 -0.007051 -0.017730
0 0.004700 0.008865 -0.007051 -0.017730
0 0.003525 0.005319 -0.004700 -0.010638
0 0.012338 0.018617 -0.022327 -0.037234
0 0.004700 0.008865 -0.007051 -0.017730
0 0.007051 0.012411 -0.011751 -0.024823
0 0.007051 0.012411 -0.011751 -0.024823
0 0.015864 0.027482 -0.029377 -0.054965
0 0.012338 0.018617 -0.022327 -0.037234
0 0.003525 0.005319 -0.004700 -0.010638
0 0.007051 0.012411 -0.011751 -0.024823
0 0.014101 0.021277 -0.025852 -0.042553
0 0.004700 0.008865 -0.007051 -0.017730
0 0.014101 0.021277 -0.025852 -0.042553
0 0.012338 0.018617 -0.022327 -0.037234
0 0.014101 0.021277 -0.025852 -0.042553
0 0.014101 0.021277 -0.025852 -0.042553
0 0.003525 0.005319 -0.004700 -0.010638
0 0.007051 0.012411 -0.011751 -0.024823
0 0.003525 0.005319 -0.004700 -0.010638
0 0.007051 0.012411 -0.011751 -0.024823
0 0.003525 0.005319 -0.004700 -0.010638
0 0.007051 0.012411 -0.011751 -0.024823
0 0.003525 0.005319 -0.004700 -0.010638
0 0.004700 0.008865 -0.007051 -0.017730
0 0.004700 0.008865 -0.007051 -0.017730
0 0.007051 0.012411 -0.011751 -0.024823
0 0.012338 0.018617 -0.022327 -0.037234
0 0.003525 0.005319 -0.004700 -0.010638
0 0.012338 0.018617 -0.022327 -0.037234
0 0.007051 0.012411 -0.011751 -0.024823
0 0.004700 0.008865 -0.007051 -0.017730
0 0.003525 0.005319 -0.004700 -0.010638
0 0.003525 0.005319 -0.004700 -0.010638
0 0.014101 0.021277 -0.025852 -0.042553
0 0.003525 0.005319 -0.004700 -0.010638
0 0.003525 0.005319 -0.004700 -0.010638
0 0.003525 0.005319 -0.004700 -0.010638
0 0.012338 0.018617 -0.022327 -0.037234
0 0.004700 0.008865 -0.007051 -0.017730
0 0.003525 0.005319 -0.004700 -0.010638
0 0.004700 0.008865 -0.007051 -0.017730
0 0.007051 0.012411 -0.011751 -0.024823
0 0.007051 0.012411 -0.011751 -0.024823
0 0.004700 0.008865 -0.007051 -0.017730
0 0.012338 0.018617 -0.022327 -0.037234