0 0.015625 0.039062 -0.029297 -0.078125
0 0.015625 0.039062 -0.029297 -0.078125
0 0.012207 0.053125 -0.022461 -0.106250
0 0.007324 0.026562 -0.012695 -0.053125
0 0.007324 0.026562 -0.012695 -0.053125
0 0.007324 0.026562 -0.012695 -0.053125
0 0.011230 0.032813 -0.020508 -0.065625
0 0.015625 0.039062 -0.029297 -0.078125
0 0.015625 0.039062 -0.029297 -0.078125
0 0.015625 0.039062 -0.029297 -0.078125
0 0.015625 0.039062 -0.029297 -0.078125
0 0.007324 0.026562 -0.012695 -0.053125
0 0.015625 0.039062 -0.029297 -0.078125
0 0.007324 0.026562 -0.012695 -0.053125
0 0.015625 0.039062 -0.029297 -0.078125
0 0.015625 0.039062 -0.029297 -0.078125
0 0.007324 0.026562 -0.012695 -0.053125
0 0.007324 0.026562 -0.012695 -0.053125
0 0.015625 0.039062 -0.029297 -0.078125
0 0.007324 0.026562 -0.012695 -0.053125
0 0.007324 0.026562 -0.012695 -0.053125
0 0.007324 0.026562 -0.012695 -0.053125
0 0.013672 0.045312 -0.025391 -0.090625
0 0.015625 0.039062 -0.029297 -0.078125
0 0.015625 0.039062 -0.029297 -0.078125
0 0.013672 0.045312 -0.025391 -0.090625
0 0.015625 0.039062 -0.029297 -0.078125
0 0.015625 0.039062 -0.029297 -0.078125
0 0.015625 0.039062 -0.029297 -0.078125
0 0.013184 0.035937 -0.024414 -0.071875
0 0.007324 0.026562 -0.012695 -0.053125
0 0.013184 0.035937 -0.024414 -0.071875
0 0.015625 0.039062 -0.029297 -0.078125
0 0.012207 0.053125 -0.022461 -0.106250
0 0.015625 0.039062 -0.029297 -0.078125
0 0.015625 0.039062 -0.029297 -0.078125
0 0.015625 0.039062 -0.029297 -0.078125
0 0.007324 0.026562 -0.012695 -0.053125
0 0.012207 0.053125 -0.022461 -0.106250
0 0.007324 0.026562 -0.012695 -0.053125
0 0.014648 0.042188 -0.027344 -0.084375
0 0.007324 0.026562 -0.012695 -0.053125
0 0.015625 0.039062 -0.029297 -0.078125
0 0.015625 0.039062 -0.029297 -0.078125
0 0.015625 0.039062 -0.029297 -0.078125
0 0.015625 0.039062 -0.029297 -0.078125
0 0.012695 0.039062 -0.023438 -0.078125
0 0.012207 0.053125 -0.022461 -0.106250
0 0.013672 0.045312 -0.025391 -0.090625
0 0.015625 0.039062 -0.029297 -0.078125
0 0.012207 0.053125 -0.022461 -0.106250
0 0.015625 0.039062 -0.029297 -0.078125
0 0.012695 0.039062 -0.023438 -0.078125
0 0.013184 0.035937 -0.024414 -0.071875
0 0.013672 0.045312 -0.025391 -0.090625
0 0.007324 0.026562 -0.012695 -0.053125
0 0.015625 0.039062 -0.029297 -0.078125
0 0.012207 0.053125 -0.022461 -0.106250
0 0.007324 0.026562 -0.012695 -0.053125
0 0.007324 0.026562 -0.012695 -0.053125
0 0.015625 0.039062 -0.029297 -0.078125
0 0.015625 0.039062 -0.029297 -0.078125
0 0.015625 0.039062 -0.029297 -0.078125
0 0.012695 0.039062 -0.023438 -0.078125
0 0.015625 0.039062 -0.029297 -0.078125
0 0.012207 0.053125 -0.022461 -0.106250
0 0.015625 0.039062 -0.029297 -0.078125
0 0.015625 0.039062 -0.029297 -0.078125
0 0.015625 0.039062 -0.029297 -0.078125
0 0.012207 0.053125 -0.022461 -0.106250
0 0.007324 0.026562 -0.012695 -0.053125
0 0.012695 0.039062 -0.023438 -0.078125
0 0.012695 0.039062 -0.023438 -0.078125
0 0.015625 0.039062 -0.029297 -0.078125
0 0.015625 0.039062 -0.029297 -0.078125
0 0.015625 0.039062 -0.029297 -0.078125
0 0.007324 0.026562 -0.012695 -0.053125
0 0.012207 0.053125 -0.022461 -0.106250
0 0.014648 0.042188 -0.027344 -0.084375
0 0.015625 0.039062 -0.029297 -0.078125
0 0.013184 0.035937 -0.024414 -0.071875
0 0.015625 0.039062 -0.029297 -0.078125
0 0.012207 0.053125 -0.022461 -0.106250
0 0.012207 0.053125 -0.022461 -0.106250
0 0.007324 0.026562 -0.012695 -0.053125
0 0.007324 0.026562 -0.012695 -0.053125
0 0.007324 0.026562 -0.012695 -0.053125
0 0.015625 0.039062 -0.029297 -0.078125
0 0.015625 0.039062 -0.029297 -0.078125
0 0.015625 0.039062 -0.029297 -0.078125