0 0.004583 0.007937 -0.007500 -0.015873
0 0.007917 0.021429 -0.014167 -0.042857
0 0.002500 0.003968 -0.003333 -0.007937
0 0.005000 0.007937 -0.008333 -0.015873
0 0.005417 0.011111 -0.009167 -0.022222
0 0.004167 0.009524 -0.006667 -0.019048
0 0.002917 0.005556 -0.004167 -0.011111
0 0.002083 0.003175 -0.002500 -0.006349
0 0.004583 0.007937 -0.007500 -0.015873
0 0.002500 0.003968 -0.003333 -0.007937
0 0.005417 0.011111 -0.009167 -0.022222
0 0.002083 0.003175 -0.002500 -0.006349
0 0.002083 0.003175 -0.002500 -0.006349
0 0.005833 0.011111 -0.008333 -0.022222
0 0.002083 0.002381 -0.002500 -0.004762
0 0.005000 0.007937 -0.008333 -0.015873
0 0.002083 0.003175 -0.002500 -0.006349
0 0.002083 0.003175 -0.002500 -0.006349
0 0.002500 0.003968 -0.003333 -0.007937
0 0.004583 0.007937 -0.007500 -0.015873
0 0.002500 0.003968 -0.003333 -0.007937
0 0.002083 0.003175 -0.002500 -0.006349
0 0.002083 0.003175 -0.002500 -0.006349
0 0.002083 0.002381 -0.002500 -0.004762
0 0.004583 0.007937 -0.007500 -0.015873
0 0.002083 0.002381 -0.002500 -0.004762
0 0.003750 0.007937 -0.005833 -0.015873
0 0.002917 0.005556 -0.004167 -0.011111
0 0.004583 0.007937 -0.007500 -0.015873
0 0.007083 0.019841 -0.012500 -0.039683
0 0.005000 0.007937 -0.008333 -0.015873
0 0.004583 0.007937 -0.007500 -0.015873
0 0.002083 0.003175 -0.002500 -0.006349
0 0.003750 0.007937 -0.005833 -0.015873
0 0.003750 0.007937 -0.005833 -0.015873
0 0.007917 0.021429 -0.014167 -0.042857
0 0.005000 0.007937 -0.008333 -0.015873
0 0.002083 0.002381 -0.002500 -0.004762
0 0.002083 0.003175 -0.002500 -0.006349
0 0.002083 0.003175 -0.002500 -0.006349
0 0.005000 0.007937 -0.008333 -0.015873
0 0.002917 0.005556 -0.004167 -0.011111
0 0.005417 0.011111 -0.009167 -0.022222
0 0.002917 0.005556 -0.004167 -0.011111
0 0.002083 0.003175 -0.002500 -0.006349
0 0.007083 0.017460 -0.012500 -0.034921
0 0.005833 0.015079 -0.010000 -0.030159
0 0.005833 0.016667 -0.010000 -0.033333
0 0.005417 0.011111 -0.009167 -0.022222
0 0.005000 0.007937 -0.008333 -0.015873
0 0.005417 0.011111 -0.009167 -0.022222
0 0.002083 0.003175 -0.002500 -0.006349
0 0.005000 0.007937 -0.008333 -0.015873
0 0.002083 0.003175 -0.002500 -0.006349
0 0.004583 0.007937 -0.007500 -0.015873
0 0.002500 0.003968 -0.003333 -0.007937
0 0.005000 0.007937 -0.008333 -0.015873
0 0.002083 0.002381 -0.002500 -0.004762
0 0.004583 0.007937 -0.007500 -0.015873
0 0.002083 0.002381 -0.002500 -0.004762
0 0.005000 0.007937 -0.008333 -0.015873
0 0.002083 0.003175 -0.002500 -0.006349
0 0.002083 0.002381 -0.002500 -0.004762
0 0.002500 0.003968 -0.003333 -0.007937
0 0.002083 0.003175 -0.002500 -0.006349
0 0.005833 0.016667 -0.010000 -0.033333
0 0.007917 0.021429 -0.014167 -0.042857
0 0.002917 0.005556 -0.004167 -0.011111
0 0.003750 0.007937 -0.005833 -0.015873
0 0.005000 0.007937 -0.008333 -0.015873
0 0.006667 0.015079 -0.011667 -0.030159
0 0.002083 0.003175 -0.002500 -0.006349
0 0.002083 0.003175 -0.002500 -0.006349
0 0.002083 0.003175 -0.002500 -0.006349
0 0.002083 0.002381 -0.002500 -0.004762
0 0.002083 0.003175 -0.002500 -0.006349
0 0.003750 0.007937 -0.005833 -0.015873
0 0.002083 0.003175 -0.002500 -0.006349
0 0.002083 0.003175 -0.002500 -0.006349
0 0.005417 0.011111 -0.009167 -0.022222
0 0.002083 0.002381 -0.002500 -0.004762
0 0.004583 0.007937 -0.007500 -0.015873
0 0.002083 0.003175 -0.002500 -0.006349
0 0.005000 0.007937 -0.008333 -0.015873
0 0.007917 0.021429 -0.014167 -0.042857
0 0.002083 0.003175 -0.002500 -0.006349
0 0.002500 0.003968 -0.003333 -0.007937
0 0.004583 0.007937 -0.007500 -0.015873
0 0.002083 0.003175 -0.002500 -0.006349
0 0.005833 0.011111 -0.008333 -0.022222
0 0.002500 0.003968 -0.003333 -0.007937
0 0.002500 0.003968 -0.003333 -0.007937
0 0.003750 0.007937 -0.005833 -0.015873
0 0.002500 0.004762 -0.003333 -0.009524
0 0.002083 0.003175 -0.002500 -0.006349
0 0.002083 0.002381 -0.002500 -0.004762
0 0.005417 0.011111 -0.009167 -0.022222
0 0.002500 0.003968 -0.003333 -0.007937
0 0.003750 0.007937 -0.005833 -0.015873
0 0.002917 0.005556 -0.004167 -0.011111
0 0.004583 0.007937 -0.007500 -0.015873
0 0.007083 0.019841 -0.012500 -0.039683
0 0.004583 0.009524 -0.007500 -0.019048
0 0.002083 0.003175 -0.002500 -0.006349
0 0.002500 0.003968 -0.003333 -0.007937
0 0.002500 0.003968 -0.003333 -0.007937
0 0.002083 0.003175 -0.002500 -0.006349
0 0.002083 0.003175 -0.002500 -0.006349
0 0.002083 0.003175 -0.002500 -0.006349
0 0.002917 0.005556 -0.004167 -0.011111
0 0.008750 0.023016 -0.015833 -0.046032
0 0.007917 0.021429 -0.014167 -0.042857
0 0.005000 0.007937 -0.008333 -0.015873
0 0.003750 0.007937 -0.005833 -0.015873
0 0.002083 0.003175 -0.002500 -0.006349
0 0.003750 0.007937 -0.005833 -0.015873
0 0.002083 0.003175 -0.002500 -0.006349
0 0.007917 0.021429 -0.014167 -0.042857
0 0.002500 0.003968 -0.003333 -0.007937
0 0.002083 0.002381 -0.002500 -0.004762
0 0.002500 0.003968 -0.003333 -0.007937
0 0.007917 0.021429 -0.014167 -0.042857
0 0.005833 0.016667 -0.010000 -0.033333
0 0.004583 0.007937 -0.007500 -0.015873
0 0.004583 0.007937 -0.007500 -0.015873
0 0.008333 0.021429 -0.013333 -0.042857
0 0.004583 0.007937 -0.007500 -0.015873
0 0.002083 0.002381 -0.002500 -0.004762
0 0.007917 0.021429 -0.014167 -0.042857
0 0.004583 0.007937 -0.007500 -0.015873
0 0.002083 0.002381 -0.002500 -0.004762
0 0.008333 0.020635 -0.015000 -0.041270
0 0.002917 0.005556 -0.004167 -0.011111
0 0.005417 0.011111 -0.009167 -0.022222
0 0.004583 0.007937 -0.007500 -0.015873
0 0.002500 0.004762 -0.003333 -0.009524
0 0.002083 0.003175 -0.002500 -0.006349
0 0.002083 0.003175 -0.002500 -0.006349
0 0.002083 0.002381 -0.002500 -0.004762
0 0.002083 0.003175 -0.002500 -0.006349
0 0.002500 0.003968 -0.003333 -0.007937
0 0.002083 0.002381 -0.002500 -0.004762
0 0.005417 0.011111 -0.009167 -0.022222
0 0.005000 0.007937 -0.008333 -0.015873
0 0.007917 0.021429 -0.014167 -0.042857
0 0.004583 0.007937 -0.007500 -0.015873
0 0.002083 0.003175 -0.002500 -0.006349
0 0.004583 0.007937 -0.007500 -0.015873
0 0.002083 0.003175 -0.002500 -0.006349
0 0.005417 0.011111 -0.009167 -0.022222
0 0.004583 0.009524 -0.007500 -0.019048
0 0.002083 0.003175 -0.002500 -0.006349
0 0.005833 0.016667 -0.010000 -0.033333
0 0.005000 0.007937 -0.008333 -0.015873
0 0.005000 0.014286 -0.008333 -0.028571
0 0.002083 0.003175 -0.002500 -0.006349
0 0.009583 0.024603 -0.017500 -0.049206
0 0.002083 0.003175 -0.002500 -0.006349
0 0.002083 0.003175 -0.002500 -0.006349
0 0.005000 0.007937 -0.008333 -0.015873
0 0.005000 0.007937 -0.008333 -0.015873
0 0.002917 0.005556 -0.004167 -0.011111
0 0.002917 0.005556 -0.004167 -0.011111
0 0.005000 0.007937 -0.008333 -0.015873
0 0.002500 0.003968 -0.003333 -0.007937
0 0.004167 0.009524 -0.006667 -0.019048
0 0.005000 0.007937 -0.008333 -0.015873
0 0.005833 0.011111 -0.008333 -0.022222
0 0.002500 0.003968 -0.003333 -0.007937
0 0.005833 0.016667 -0.010000 -0.033333
0 0.005417 0.011111 -0.009167 -0.022222
0 0.002083 0.003175 -0.002500 -0.006349
0 0.004583 0.007937 -0.007500 -0.015873
0 0.004583 0.007937 -0.007500 -0.015873
0 0.004583 0.007937 -0.007500 -0.015873
0 0.002500 0.003968 -0.003333 -0.007937
0 0.008750 0.021429 -0.015833 -0.042857
0 0.002917 0.005556 -0.004167 -0.011111
0 0.002083 0.003175 -0.002500 -0.006349
0 0.002083 0.003175 -0.002500 -0.006349
0 0.002917 0.005556 -0.004167 -0.011111
0 0.005000 0.007937 -0.008333 -0.015873
0 0.005417 0.011111 -0.009167 -0.022222
0 0.002083 0.002381 -0.002500 -0.004762
0 0.005417 0.011111 -0.009167 -0.022222
0 0.004583 0.009524 -0.007500 -0.019048
0 0.002083 0.003175 -0.002500 -0.006349
0 0.003750 0.007937 -0.005833 -0.015873
0 0.005417 0.011111 -0.009167 -0.022222
0 0.004583 0.007937 -0.007500 -0.015873
0 0.002083 0.003175 -0.002500 -0.006349
0 0.004583 0.009524 -0.007500 -0.019048
0 0.004583 0.007937 -0.007500 -0.015873
0 0.004583 0.007937 -0.007500 -0.015873
0 0.002500 0.003968 -0.003333 -0.007937
0 0.002500 0.003968 -0.003333 -0.007937
0 0.004583 0.007937 -0.007500 -0.015873
0 0.002500 0.003968 -0.003333 -0.007937
0 0.003750 0.007937 -0.005833 -0.015873
0 0.002500 0.004762 -0.003333 -0.009524
0 0.005417 0.011111 -0.009167 -0.022222
0 0.002083 0.002381 -0.002500 -0.004762
0 0.002500 0.004762 -0.003333 -0.009524
0 0.005000 0.007937 -0.008333 -0.015873
0 0.002500 0.003968 -0.003333 -0.007937
0 0.005417 0.011111 -0.009167 -0.022222
0 0.002083 0.002381 -0.002500 -0.004762
0 0.002083 0.002381 -0.002500 -0.004762
0 0.002083 0.002381 -0.002500 -0.004762
0 0.002083 0.003175 -0.002500 -0.006349
0 0.004583 0.007937 -0.007500 -0.015873
0 0.002083 0.003175 -0.002500 -0.006349
0 0.004583 0.007937 -0.007500 -0.015873
0 0.005417 0.011111 -0.009167 -0.022222
0 0.005417 0.011111 -0.009167 -0.022222
0 0.005000 0.007937 -0.008333 -0.015873
0 0.005000 0.007937 -0.008333 -0.015873
0 0.002500 0.003968 -0.003333 -0.007937
0 0.004583 0.009524 -0.007500 -0.019048
0 0.002083 0.002381 -0.002500 -0.004762
0 0.002083 0.003175 -0.002500 -0.006349
0 0.005833 0.016667 -0.010000 -0.033333
0 0.002917 0.005556 -0.004167 -0.011111
0 0.004583 0.007937 -0.007500 -0.015873
0 0.002500 0.003968 -0.003333 -0.007937
0 0.003750 0.007937 -0.005833 -0.015873
0 0.002083 0.002381 -0.002500 -0.004762
0 0.002083 0.003175 -0.002500 -0.006349
0 0.003750 0.007937 -0.005833 -0.015873
0 0.002083 0.003175 -0.002500 -0.006349
0 0.003750 0.007937 -0.005833 -0.015873
0 0.002500 0.003968 -0.003333 -0.007937
0 0.002083 0.003175 -0.002500 -0.006349
0 0.002917 0.005556 -0.004167 -0.011111
0 0.002083 0.003175 -0.002500 -0.006349
0 0.002083 0.003175 -0.002500 -0.006349
0 0.008750 0.018254 -0.015833 -0.036508
0 0.004583 0.007937 -0.007500 -0.015873
0 0.004583 0.007937 -0.007500 -0.015873
0 0.005000 0.007937 -0.008333 -0.015873
0 0.009583 0.025397 -0.017500 -0.050794
0 0.007917 0.021429 -0.014167 -0.042857
0 0.005417 0.011111 -0.009167 -0.022222
0 0.002083 0.003175 -0.002500 -0.006349
0 0.005000 0.007937 -0.008333 -0.015873
0 0.003750 0.007937 -0.005833 -0.015873
0 0.007917 0.021429 -0.014167 -0.042857
0 0.005000 0.007937 -0.008333 -0.015873
0 0.002083 0.003175 -0.002500 -0.006349
0 0.002083 0.003175 -0.002500 -0.006349
0 0.004583 0.009524 -0.007500 -0.019048
0 0.002500 0.003968 -0.003333 -0.007937
0 0.002083 0.003175 -0.002500 -0.006349
0 0.006250 0.016667 -0.009167 -0.033333
0 0.002500 0.003968 -0.003333 -0.007937
0 0.005000 0.007937 -0.008333 -0.015873
0 0.005000 0.007937 -0.008333 -0.015873
0 0.004583 0.007937 -0.007500 -0.015873
0 0.002083 0.003175 -0.002500 -0.006349
0 0.002500 0.003968 -0.003333 -0.007937
0 0.002917 0.005556 -0.004167 -0.011111
0 0.002083 0.003175 -0.002500 -0.006349
0 0.004583 0.009524 -0.007500 -0.019048
0 0.002500 0.003968 -0.003333 -0.007937
0 0.005833 0.011111 -0.008333 -0.022222
0 0.004583 0.007937 -0.007500 -0.015873
0 0.004583 0.007937 -0.007500 -0.015873
0 0.004583 0.007937 -0.007500 -0.015873
0 0.002083 0.003175 -0.002500 -0.006349
0 0.004583 0.009524 -0.007500 -0.019048
0 0.002500 0.003968 -0.003333 -0.007937
0 0.008750 0.020635 -0.015833 -0.041270
0 0.005417 0.011905 -0.009167 -0.023810
0 0.002083 0.002381 -0.002500 -0.004762
0 0.002917 0.005556 -0.004167 -0.011111
0 0.005417 0.011111 -0.009167 -0.022222
0 0.005833 0.016667 -0.010000 -0.033333
0 0.002500 0.003968 -0.003333 -0.007937
0 0.005417 0.011111 -0.009167 -0.022222
0 0.002500 0.003968 -0.003333 -0.007937
0 0.005417 0.011111 -0.009167 -0.022222
0 0.002083 0.003175 -0.002500 -0.006349
0 0.002917 0.005556 -0.004167 -0.011111
0 0.002083 0.003175 -0.002500 -0.006349
0 0.003750 0.007937 -0.005833 -0.015873
0 0.005417 0.011111 -0.009167 -0.022222
0 0.005417 0.011111 -0.009167 -0.022222
0 0.004583 0.007937 -0.007500 -0.015873
0 0.002083 0.002381 -0.002500 -0.004762
0 0.003750 0.007937 -0.005833 -0.015873
0 0.004583 0.009524 -0.007500 -0.019048
0 0.006250 0.016667 -0.009167 -0.033333
0 0.002500 0.003968 -0.003333 -0.007937
0 0.005000 0.007937 -0.008333 -0.015873
0 0.005833 0.016667 -0.010000 -0.033333
0 0.002083 0.003175 -0.002500 -0.006349
0 0.002500 0.003968 -0.003333 -0.007937
0 0.005417 0.011111 -0.009167 -0.022222
0 0.002500 0.003968 -0.003333 -0.007937
0 0.005000 0.007937 -0.008333 -0.015873
0 0.004583 0.009524 -0.007500 -0.019048
0 0.002917 0.005556 -0.004167 -0.011111
0 0.005417 0.011111 -0.009167 -0.022222
0 0.008333 0.021429 -0.013333 -0.042857
0 0.002083 0.003175 -0.002500 -0.006349
0 0.005833 0.016667 -0.010000 -0.033333
0 0.002917 0.005556 -0.004167 -0.011111
0 0.005000 0.007937 -0.008333 -0.015873
0 0.005000 0.007937 -0.008333 -0.015873
0 0.005833 0.016667 -0.010000 -0.033333
0 0.003750 0.007937 -0.005833 -0.015873
0 0.002083 0.003175 -0.002500 -0.006349
0 0.002083 0.003175 -0.002500 -0.006349
0 0.002083 0.003175 -0.002500 -0.006349
0 0.007917 0.021429 -0.014167 -0.042857
0 0.005417 0.011111 -0.009167 -0.022222
0 0.002917 0.005556 -0.004167 -0.011111
0 0.002083 0.003175 -0.002500 -0.006349
0 0.002917 0.005556 -0.004167 -0.011111
0 0.004583 0.009524 -0.007500 -0.019048
0 0.002917 0.005556 -0.004167 -0.011111
0 0.004583 0.009524 -0.007500 -0.019048
0 0.004583 0.009524 -0.007500 -0.019048
0 0.005000 0.007937 -0.008333 -0.015873
0 0.005000 0.007937 -0.008333 -0.015873
0 0.005833 0.016667 -0.010000 -0.033333
0 0.005000 0.007937 -0.008333 -0.015873
0 0.002500 0.003968 -0.003333 -0.007937
0 0.004583 0.009524 -0.007500 -0.019048
0 0.004583 0.009524 -0.007500 -0.019048
0 0.005000 0.007937 -0.008333 -0.015873
0 0.009583 0.019048 -0.017500 -0.038095
0 0.002500 0.003968 -0.003333 -0.007937
0 0.005833 0.011111 -0.008333 -0.022222
0 0.002083 0.002381 -0.002500 -0.004762
0 0.008750 0.021429 -0.015833 -0.042857
0 0.005417 0.011111 -0.009167 -0.022222
0 0.004583 0.007937 -0.007500 -0.015873
0 0.004583 0.007937 -0.007500 -0.015873
0 0.002500 0.003968 -0.003333 -0.007937
0 0.002083 0.003175 -0.002500 -0.006349
0 0.002083 0.003175 -0.002500 -0.006349
0 0.003750 0.007937 -0.005833 -0.015873
0 0.005000 0.007937 -0.008333 -0.015873
0 0.002083 0.003175 -0.002500 -0.006349
0 0.003750 0.007937 -0.005833 -0.015873
0 0.002500 0.003968 -0.003333 -0.007937
0 0.003750 0.007937 -0.005833 -0.015873
0 0.002500 0.004762 -0.003333 -0.009524
0 0.002500 0.004762 -0.003333 -0.009524
0 0.002083 0.003175 -0.002500 -0.006349
0 0.002917 0.005556 -0.004167 -0.011111
0 0.005833 0.011111 -0.008333 -0.022222
0 0.002500 0.004762 -0.003333 -0.009524
0 0.004583 0.007937 -0.007500 -0.015873
0 0.002500 0.003968 -0.003333 -0.007937
0 0.002083 0.002381 -0.002500 -0.004762
0 0.002083 0.003175 -0.002500 -0.006349
0 0.002083 0.003175 -0.002500 -0.006349
0 0.004583 0.007937 -0.007500 -0.015873
0 0.002083 0.003175 -0.002500 -0.006349
0 0.002083 0.003175 -0.002500 -0.006349
0 0.002083 0.002381 -0.002500 -0.004762
0 0.002083 0.003175 -0.002500 -0.006349
0 0.007917 0.021429 -0.014167 -0.042857
0 0.002917 0.005556 -0.004167 -0.011111
0 0.002083 0.003175 -0.002500 -0.006349
0 0.004583 0.007937 -0.007500 -0.015873
0 0.005417 0.011111 -0.009167 -0.022222
0 0.004583 0.007937 -0.007500 -0.015873
0 0.002500 0.003968 -0.003333 -0.007937
0 0.002083 0.003175 -0.002500 -0.006349
0 0.002083 0.003175 -0.002500 -0.006349
0 0.002500 0.003968 -0.003333 -0.007937
0 0.002083 0.003175 -0.002500 -0.006349
0 0.003750 0.007937 -0.005833 -0.015873
0 0.002500 0.003968 -0.003333 -0.007937
0 0.002500 0.003968 -0.003333 -0.007937
0 0.002083 0.003175 -0.002500 -0.006349
0 0.003750 0.007937 -0.005833 -0.015873
0 0.004583 0.009524 -0.007500 -0.019048
0 0.002083 0.003175 -0.002500 -0.006349
0 0.002083 0.003175 -0.002500 -0.006349
0 0.002083 0.003175 -0.002500 -0.006349
0 0.004583 0.009524 -0.007500 -0.019048
0 0.002083 0.003175 -0.002500 -0.006349
0 0.002083 0.003175 -0.002500 -0.006349
0 0.005000 0.007937 -0.008333 -0.015873
0 0.004583 0.007937 -0.007500 -0.015873
0 0.002500 0.003968 -0.003333 -0.007937
0 0.004583 0.007937 -0.007500 -0.015873
0 0.002500 0.003968 -0.003333 -0.007937
0 0.003750 0.007937 -0.005833 -0.015873
0 0.002083 0.002381 -0.002500 -0.004762
0 0.003750 0.007937 -0.005833 -0.015873
0 0.009583 0.025397 -0.017500 -0.050794
0 0.005000 0.007937 -0.008333 -0.015873
0 0.002083 0.003175 -0.002500 -0.006349
0 0.002500 0.004762 -0.003333 -0.009524
0 0.005417 0.011111 -0.009167 -0.022222
0 0.002083 0.003175 -0.002500 -0.006349