0 0.011875 0.014680 -0.021250 -0.029361
0 0.008125 0.012953 -0.013750 -0.025907
0 0.006250 0.010363 -0.010000 -0.020725
0 0.006875 0.011226 -0.011250 -0.022453
0 0.006875 0.011226 -0.011250 -0.022453
0 0.006875 0.011226 -0.011250 -0.022453
0 0.006875 0.011226 -0.011250 -0.022453
0 0.006875 0.011226 -0.011250 -0.022453
0 0.008125 0.012953 -0.013750 -0.025907
0 0.005625 0.006908 -0.008750 -0.013817
0 0.006875 0.011226 -0.011250 -0.022453
0 0.005625 0.006908 -0.008750 -0.013817
0 0.006875 0.011226 -0.011250 -0.022453
0 0.011875 0.014680 -0.021250 -0.029361
0 0.008125 0.012953 -0.013750 -0.025907
0 0.006875 0.011226 -0.011250 -0.022453
0 0.008125 0.012953 -0.013750 -0.025907
0 0.006875 0.011226 -0.011250 -0.022453
0 0.011875 0.014680 -0.021250 -0.029361
0 0.011875 0.014680 -0.021250 -0.029361
0 0.006250 0.010363 -0.010000 -0.020725
0 0.006250 0.010363 -0.010000 -0.020725
0 0.008125 0.012953 -0.013750 -0.025907
0 0.006250 0.010363 -0.010000 -0.020725
0 0.006250 0.010363 -0.010000 -0.020725
0 0.008125 0.012953 -0.013750 -0.025907
0 0.006875 0.011226 -0.011250 -0.022453
0 0.006875 0.011226 -0.011250 -0.022453
0 0.006875 0.011226 -0.011250 -0.022453
0 0.006250 0.010363 -0.010000 -0.020725
0 0.006875 0.011226 -0.011250 -0.022453
0 0.008125 0.012953 -0.013750 -0.025907
0 0.006250 0.010363 -0.010000 -0.020725
0 0.008125 0.012953 -0.013750 -0.025907
0 0.008125 0.012953 -0.013750 -0.025907
0 0.008125 0.012953 -0.013750 -0.025907
0 0.011875 0.014680 -0.021250 -0.029361
0 0.011875 0.014680 -0.021250 -0.029361
0 0.011875 0.014680 -0.021250 -0.029361
0 0.006250 0.010363 -0.010000 -0.020725
0 0.008125 0.012953 -0.013750 -0.025907
0 0.011875 0.014680 -0.021250 -0.029361
0 0.006250 0.010363 -0.010000 -0.020725
0 0.006875 0.011226 -0.011250 -0.022453
0 0.007500 0.012090 -0.012500 -0.024180
0 0.008125 0.012953 -0.013750 -0.025907
0 0.011875 0.014680 -0.021250 -0.029361
0 0.006875 0.011226 -0.011250 -0.022453
0 0.006250 0.010363 -0.010000 -0.020725
0 0.011875 0.014680 -0.021250 -0.029361
0 0.006250 0.010363 -0.010000 -0.020725
0 0.008125 0.012953 -0.013750 -0.025907
0 0.011875 0.014680 -0.021250 -0.029361
0 0.006875 0.011226 -0.011250 -0.022453
0 0.011875 0.014680 -0.021250 -0.029361
0 0.008125 0.012953 -0.013750 -0.025907
0 0.008125 0.012953 -0.013750 -0.025907
0 0.011875 0.014680 -0.021250 -0.029361
0 0.008125 0.012953 -0.013750 -0.025907
0 0.011875 0.014680 -0.021250 -0.029361
0 0.011875 0.014680 -0.021250 -0.029361
0 0.006875 0.011226 -0.011250 -0.022453
0 0.009375 0.012953 -0.016250 -0.025907
0 0.011875 0.014680 -0.021250 -0.029361
0 0.011875 0.014680 -0.021250 -0.029361
0 0.005625 0.006908 -0.008750 -0.013817
0 0.008125 0.012953 -0.013750 -0.025907
0 0.008125 0.012953 -0.013750 -0.025907
0 0.006875 0.011226 -0.011250 -0.022453
0 0.011875 0.014680 -0.021250 -0.029361
0 0.006250 0.010363 -0.010000 -0.020725
0 0.008125 0.012090 -0.013750 -0.024180
0 0.006250 0.010363 -0.010000 -0.020725
0 0.008125 0.012953 -0.013750 -0.025907
0 0.006875 0.011226 -0.011250 -0.022453
0 0.006875 0.011226 -0.011250 -0.022453
0 0.006875 0.011226 -0.011250 -0.022453
0 0.008125 0.012953 -0.013750 -0.025907
0 0.011875 0.014680 -0.021250 -0.029361
0 0.006875 0.011226 -0.011250 -0.022453
0 0.006875 0.011226 -0.011250 -0.022453
0 0.005625 0.006908 -0.008750 -0.013817
0 0.008125 0.012953 -0.013750 -0.025907
0 0.008125 0.012953 -0.013750 -0.025907
0 0.011875 0.014680 -0.021250 -0.029361
0 0.005625 0.006908 -0.008750 -0.013817
0 0.011875 0.014680 -0.021250 -0.029361
0 0.006875 0.011226 -0.011250 -0.022453
0 0.008125 0.012953 -0.013750 -0.025907
0 0.011875 0.014680 -0.021250 -0.029361
0 0.005625 0.006908 -0.008750 -0.013817
0 0.008125 0.012953 -0.013750 -0.025907
0 0.008125 0.012953 -0.013750 -0.025907
0 0.006250 0.010363 -0.010000 -0.020725
0 0.006875 0.011226 -0.011250 -0.022453
0 0.011875 0.014680 -0.021250 -0.029361
0 0.008125 0.012953 -0.013750 -0.025907
0 0.011875 0.014680 -0.021250 -0.029361
0 0.006875 0.011226 -0.011250 -0.022453
0 0.008125 0.012953 -0.013750 -0.025907
0 0.005625 0.006908 -0.008750 -0.013817
0 0.006875 0.011226 -0.011250 -0.022453
0 0.011875 0.014680 -0.021250 -0.029361
0 0.006875 0.011226 -0.011250 -0.022453
0 0.006875 0.011226 -0.011250 -0.022453
0 0.006875 0.011226 -0.011250 -0.022453
0 0.005625 0.006908 -0.008750 -0.013817
0 0.008125 0.012953 -0.013750 -0.025907
0 0.006875 0.011226 -0.011250 -0.022453
0 0.006875 0.011226 -0.011250 -0.022453
0 0.005625 0.006908 -0.008750 -0.013817
0 0.006250 0.010363 -0.010000 -0.020725
0 0.011875 0.014680 -0.021250 -0.029361
0 0.006250 0.010363 -0.010000 -0.020725
0 0.006875 0.011226 -0.011250 -0.022453
0 0.011875 0.014680 -0.021250 -0.029361
0 0.011875 0.014680 -0.021250 -0.029361
0 0.006875 0.011226 -0.011250 -0.022453
0 0.008125 0.012953 -0.013750 -0.025907
0 0.006250 0.010363 -0.010000 -0.020725
0 0.006250 0.010363 -0.010000 -0.020725
0 0.006875 0.011226 -0.011250 -0.022453
0 0.006875 0.011226 -0.011250 -0.022453
0 0.005625 0.006908 -0.008750 -0.013817
0 0.005625 0.006908 -0.008750 -0.013817
0 0.008125 0.012953 -0.013750 -0.025907
0 0.008125 0.012953 -0.013750 -0.025907
0 0.006250 0.010363 -0.010000 -0.020725
0 0.005625 0.006908 -0.008750 -0.013817
0 0.005625 0.006908 -0.008750 -0.013817
0 0.011875 0.014680 -0.021250 -0.029361
0 0.011875 0.014680 -0.021250 -0.029361
0 0.011875 0.014680 -0.021250 -0.029361
0 0.008125 0.012953 -0.013750 -0.025907
0 0.006875 0.011226 -0.011250 -0.022453
0 0.006875 0.011226 -0.011250 -0.022453
0 0.006875 0.011226 -0.011250 -0.022453
0 0.006250 0.010363 -0.010000 -0.020725
0 0.008125 0.012953 -0.013750 -0.025907
0 0.008125 0.012953 -0.013750 -0.025907
0 0.008125 0.012953 -0.013750 -0.025907
0 0.006250 0.010363 -0.010000 -0.020725
0 0.005625 0.006908 -0.008750 -0.013817
0 0.006250 0.010363 -0.010000 -0.020725
0 0.008125 0.012953 -0.013750 -0.025907
0 0.011875 0.014680 -0.021250 -0.029361
0 0.006875 0.011226 -0.011250 -0.022453
0 0.006250 0.010363 -0.010000 -0.020725
0 0.011875 0.014680 -0.021250 -0.029361
0 0.011875 0.014680 -0.021250 -0.029361
0 0.006875 0.011226 -0.011250 -0.022453
0 0.009375 0.012953 -0.016250 -0.025907
0 0.008125 0.012953 -0.013750 -0.025907
0 0.008125 0.012953 -0.013750 -0.025907