0 0.016000 0.028486 -0.030000 -0.053973
0 0.016000 0.028486 -0.030000 -0.053973
0 0.016000 0.028486 -0.030000 -0.053973
0 0.014000 0.023238 -0.026000 -0.043478
0 0.032000 0.056222 -0.062000 -0.112444
0 0.013500 0.023988 -0.025000 -0.044978
0 0.016000 0.028486 -0.030000 -0.053973
0 0.019000 0.033733 -0.036000 -0.064468
0 0.045500 0.077211 -0.089000 -0.154423
0 0.044000 0.073463 -0.086000 -0.146927
0 0.013500 0.023988 -0.025000 -0.044978
0 0.032000 0.056972 -0.062000 -0.110945
0 0.014000 0.023988 -0.024000 -0.044978
0 0.032000 0.056972 -0.062000 -0.110945
0 0.014000 0.027736 -0.026000 -0.055472
0 0.014000 0.023238 -0.026000 -0.043478
0 0.032000 0.056222 -0.062000 -0.112444
0 0.016000 0.028486 -0.030000 -0.053973
0 0.016000 0.028486 -0.030000 -0.053973
0 0.016000 0.028486 -0.030000 -0.053973
0 0.045500 0.077211 -0.089000 -0.154423
0 0.016000 0.028486 -0.030000 -0.053973
0 0.046500 0.080210 -0.091000 -0.160420
0 0.016000 0.028486 -0.030000 -0.053973
0 0.012000 0.021739 -0.022000 -0.040480
0 0.013500 0.023988 -0.025000 -0.044978
0 0.013500 0.023988 -0.025000 -0.044978
0 0.014000 0.023238 -0.026000 -0.043478
0 0.020500 0.044978 -0.039000 -0.086957
0 0.012000 0.021739 -0.022000 -0.040480
0 0.014000 0.028486 -0.026000 -0.053973
0 0.014000 0.023238 -0.026000 -0.043478
0 0.032000 0.056972 -0.062000 -0.110945
0 0.014000 0.023988 -0.024000 -0.044978
0 0.044000 0.073463 -0.086000 -0.146927
0 0.014000 0.023238 -0.026000 -0.043478
0 0.016000 0.028486 -0.030000 -0.053973
0 0.020500 0.044978 -0.039000 -0.086957
0 0.016000 0.028486 -0.030000 -0.053973