0 0.009000 0.023238 -0.016000 -0.046477
0 0.007500 0.011994 -0.013000 -0.023988
0 0.009000 0.023238 -0.016000 -0.046477
0 0.009000 0.023238 -0.016000 -0.046477
0 0.009000 0.023238 -0.016000 -0.046477
0 0.007500 0.011994 -0.013000 -0.023988
0 0.016000 0.032984 -0.030000 -0.065967
0 0.016000 0.032984 -0.030000 -0.065967
0 0.007500 0.011994 -0.013000 -0.023988
0 0.009000 0.023238 -0.016000 -0.046477
0 0.021000 0.044978 -0.040000 -0.089955
0 0.016000 0.027736 -0.030000 -0.055472
0 0.007500 0.011994 -0.013000 -0.023988
0 0.021000 0.044978 -0.040000 -0.089955
0 0.021000 0.044978 -0.040000 -0.089955
0 0.009000 0.023238 -0.016000 -0.046477
0 0.009000 0.023238 -0.016000 -0.046477
0 0.016000 0.032984 -0.030000 -0.065967
0 0.016000 0.032984 -0.030000 -0.065967
0 0.016000 0.032984 -0.030000 -0.065967
0 0.009000 0.023238 -0.016000 -0.046477
0 0.016000 0.032984 -0.030000 -0.065967
0 0.021000 0.044978 -0.040000 -0.089955
0 0.007500 0.011994 -0.013000 -0.023988
0 0.007500 0.011994 -0.013000 -0.023988
0 0.009000 0.023238 -0.016000 -0.046477
0 0.016000 0.032984 -0.030000 -0.065967
0 0.009000 0.023238 -0.016000 -0.046477
0 0.021000 0.044978 -0.040000 -0.089955
0 0.007500 0.011994 -0.013000 -0.023988
0 0.016000 0.032984 -0.030000 -0.065967
0 0.016000 0.032984 -0.030000 -0.065967
0 0.016000 0.032984 -0.030000 -0.065967
0 0.009000 0.023238 -0.016000 -0.046477
0 0.007500 0.011994 -0.013000 -0.023988
0 0.007500 0.011994 -0.013000 -0.023988
0 0.007500 0.011994 -0.013000 -0.023988
0 0.016000 0.032984 -0.030000 -0.065967
0 0.021000 0.044978 -0.040000 -0.089955
0 0.021000 0.044978 -0.040000 -0.089955
0 0.007500 0.011994 -0.013000 -0.023988
0 0.021000 0.044978 -0.040000 -0.089955
0 0.021000 0.044978 -0.040000 -0.089955
0 0.016000 0.032984 -0.030000 -0.065967
0 0.007500 0.011994 -0.013000 -0.023988
0 0.009000 0.023238 -0.016000 -0.046477
0 0.016000 0.032984 -0.030000 -0.065967
0 0.016000 0.032984 -0.030000 -0.065967
0 0.009000 0.023238 -0.016000 -0.046477
0 0.007500 0.011994 -0.013000 -0.023988
0 0.016000 0.032984 -0.030000 -0.065967
0 0.016000 0.032984 -0.030000 -0.065967
0 0.021000 0.044978 -0.040000 -0.089955
0 0.007500 0.011994 -0.013000 -0.023988
0 0.016000 0.032984 -0.030000 -0.065967
0 0.007500 0.011994 -0.013000 -0.023988
0 0.016000 0.032984 -0.030000 -0.065967
0 0.021000 0.044978 -0.040000 -0.089955
0 0.016000 0.032984 -0.030000 -0.065967
0 0.007500 0.011994 -0.013000 -0.023988
0 0.007500 0.011994 -0.013000 -0.023988
0 0.021000 0.044978 -0.040000 -0.089955
0 0.016000 0.032984 -0.030000 -0.065967
0 0.016000 0.032984 -0.030000 -0.065967
0 0.007500 0.011994 -0.013000 -0.023988
0 0.007500 0.011994 -0.013000 -0.023988
0 0.007500 0.011994 -0.013000 -0.023988
0 0.016000 0.032984 -0.030000 -0.065967
0 0.016000 0.032984 -0.030000 -0.065967
0 0.009000 0.023238 -0.016000 -0.046477
0 0.009000 0.023238 -0.016000 -0.046477
0 0.007500 0.010495 -0.013000 -0.020990
0 0.016000 0.032984 -0.030000 -0.065967
0 0.007500 0.011994 -0.013000 -0.023988
0 0.007500 0.011994 -0.013000 -0.023988
0 0.009000 0.023238 -0.016000 -0.046477
0 0.009000 0.023238 -0.016000 -0.046477
0 0.009000 0.023238 -0.016000 -0.046477
0 0.016000 0.032984 -0.030000 -0.065967
0 0.016000 0.032984 -0.030000 -0.065967
0 0.007500 0.011994 -0.013000 -0.023988
0 0.007500 0.011994 -0.013000 -0.023988
0 0.021000 0.044978 -0.040000 -0.089955
0 0.009000 0.023238 -0.016000 -0.046477
0 0.007500 0.011994 -0.013000 -0.023988
0 0.016000 0.032984 -0.030000 -0.065967
0 0.007500 0.011994 -0.013000 -0.023988
0 0.007500 0.011994 -0.013000 -0.023988
0 0.016000 0.032984 -0.030000 -0.065967
0 0.016000 0.032984 -0.030000 -0.065967
0 0.007500 0.011994 -0.013000 -0.023988
0 0.007500 0.010495 -0.013000 -0.020990
0 0.009000 0.023238 -0.016000 -0.046477
0 0.007500 0.011994 -0.013000 -0.023988
0 0.016000 0.032984 -0.030000 -0.065967
0 0.007500 0.011994 -0.013000 -0.023988
0 0.016000 0.027736 -0.030000 -0.055472
0 0.021000 0.044978 -0.040000 -0.089955
0 0.009000 0.023238 -0.016000 -0.046477
0 0.007500 0.011994 -0.013000 -0.023988
0 0.007500 0.011994 -0.013000 -0.023988
0 0.021000 0.044978 -0.040000 -0.089955
0 0.021000 0.044978 -0.040000 -0.089955
0 0.009000 0.023238 -0.016000 -0.046477
0 0.021000 0.044978 -0.040000 -0.089955
0 0.007500 0.011994 -0.013000 -0.023988
0 0.021000 0.044978 -0.040000 -0.089955
0 0.016000 0.032984 -0.030000 -0.065967
0 0.007500 0.011994 -0.013000 -0.023988
0 0.007500 0.010495 -0.013000 -0.020990
0 0.009000 0.023238 -0.016000 -0.046477
0 0.007500 0.011994 -0.013000 -0.023988
0 0.016000 0.032984 -0.030000 -0.065967
0 0.016000 0.032984 -0.030000 -0.065967
0 0.021000 0.044978 -0.040000 -0.089955
0 0.021000 0.044978 -0.040000 -0.089955
0 0.007500 0.011994 -0.013000 -0.023988
0 0.021000 0.044978 -0.040000 -0.089955
0 0.009000 0.023238 -0.016000 -0.046477
0 0.007500 0.011994 -0.013000 -0.023988
0 0.007500 0.011994 -0.013000 -0.023988
0 0.007500 0.011994 -0.013000 -0.023988
0 0.024500 0.059220 -0.047000 -0.118441
0 0.021000 0.044978 -0.040000 -0.089955
0 0.021000 0.044978 -0.040000 -0.089955
0 0.007500 0.011994 -0.013000 -0.023988
0 0.007500 0.011994 -0.013000 -0.023988
0 0.021000 0.044978 -0.040000 -0.089955
0 0.021000 0.044978 -0.040000 -0.089955
0 0.016000 0.032984 -0.030000 -0.065967
0 0.021000 0.044978 -0.040000 -0.089955
0 0.007500 0.011994 -0.013000 -0.023988
0 0.007500 0.010495 -0.013000 -0.020990
0 0.007500 0.011994 -0.013000 -0.023988
0 0.016000 0.027736 -0.030000 -0.055472
0 0.007500 0.011994 -0.013000 -0.023988
0 0.007500 0.011994 -0.013000 -0.023988
0 0.009000 0.023238 -0.016000 -0.046477
0 0.021000 0.044978 -0.040000 -0.089955
0 0.016000 0.032984 -0.030000 -0.065967
0 0.009000 0.023238 -0.016000 -0.046477
0 0.007500 0.011994 -0.013000 -0.023988
0 0.021000 0.044978 -0.040000 -0.089955
0 0.016000 0.032984 -0.030000 -0.065967
0 0.007500 0.011994 -0.013000 -0.023988
0 0.007500 0.011994 -0.013000 -0.023988
0 0.007500 0.011994 -0.013000 -0.023988