0 0.011719 0.020085 -0.020833 -0.035941
0 0.009766 0.019027 -0.016927 -0.038055
0 0.009766 0.020085 -0.016927 -0.035941
0 0.011068 0.023256 -0.019531 -0.042283
0 0.011719 0.020085 -0.020833 -0.035941
0 0.009766 0.020085 -0.016927 -0.035941
0 0.009766 0.020085 -0.016927 -0.035941
0 0.011068 0.023256 -0.019531 -0.042283
0 0.009766 0.020085 -0.016927 -0.035941
0 0.011068 0.023256 -0.019531 -0.042283
0 0.009766 0.020085 -0.016927 -0.035941
0 0.009115 0.014799 -0.015625 -0.025370
0 0.009766 0.020085 -0.016927 -0.035941
0 0.011719 0.020085 -0.020833 -0.035941
0 0.011719 0.020085 -0.020833 -0.035941
0 0.027995 0.054968 -0.053385 -0.109937
0 0.009766 0.020085 -0.016927 -0.035941
0 0.011719 0.020085 -0.020833 -0.035941
0 0.009766 0.020085 -0.016927 -0.035941
0 0.009766 0.020085 -0.016927 -0.035941
0 0.011719 0.020085 -0.020833 -0.035941
0 0.011719 0.020085 -0.020833 -0.035941
0 0.009766 0.020085 -0.016927 -0.035941
0 0.009766 0.020085 -0.016927 -0.035941
0 0.011068 0.023256 -0.019531 -0.042283
0 0.009766 0.020085 -0.016927 -0.035941
0 0.009115 0.014799 -0.015625 -0.025370
0 0.011719 0.020085 -0.020833 -0.035941
0 0.009766 0.020085 -0.016927 -0.035941
0 0.011719 0.019027 -0.020833 -0.038055
0 0.011068 0.023256 -0.019531 -0.042283
0 0.011719 0.020085 -0.020833 -0.035941
0 0.009115 0.014799 -0.015625 -0.025370
0 0.011068 0.023256 -0.019531 -0.042283
0 0.009115 0.014799 -0.015625 -0.025370
0 0.009115 0.014799 -0.015625 -0.025370
0 0.011719 0.020085 -0.020833 -0.035941
0 0.009766 0.020085 -0.016927 -0.035941
0 0.009766 0.020085 -0.016927 -0.035941
0 0.011719 0.020085 -0.020833 -0.035941
0 0.009766 0.020085 -0.016927 -0.035941
0 0.011719 0.020085 -0.020833 -0.035941
0 0.009766 0.020085 -0.016927 -0.035941
0 0.009766 0.020085 -0.016927 -0.035941
0 0.009766 0.020085 -0.016927 -0.035941
0 0.009115 0.014799 -0.015625 -0.025370
0 0.011068 0.023256 -0.019531 -0.042283
0 0.011719 0.020085 -0.020833 -0.035941
0 0.009115 0.014799 -0.015625 -0.025370
0 0.009766 0.020085 -0.016927 -0.035941
0 0.011068 0.023256 -0.019531 -0.042283
0 0.011719 0.020085 -0.020833 -0.035941
0 0.011719 0.020085 -0.020833 -0.035941
0 0.009766 0.020085 -0.016927 -0.035941
0 0.009766 0.020085 -0.016927 -0.035941
0 0.009766 0.020085 -0.016927 -0.035941
0 0.011068 0.023256 -0.019531 -0.042283
0 0.010417 0.016913 -0.018229 -0.029598
0 0.011719 0.020085 -0.020833 -0.035941
0 0.011719 0.020085 -0.020833 -0.035941
0 0.009766 0.020085 -0.016927 -0.035941
0 0.011719 0.020085 -0.020833 -0.035941
0 0.011719 0.020085 -0.020833 -0.035941
0 0.011719 0.020085 -0.020833 -0.035941
0 0.011068 0.023256 -0.019531 -0.042283
0 0.011068 0.023256 -0.019531 -0.042283
0 0.009766 0.015856 -0.016927 -0.027484
0 0.009766 0.020085 -0.016927 -0.035941
0 0.011068 0.020085 -0.019531 -0.035941
0 0.011719 0.020085 -0.020833 -0.035941
0 0.009766 0.020085 -0.016927 -0.035941
0 0.011719 0.020085 -0.020833 -0.035941
0 0.009766 0.020085 -0.016927 -0.035941
0 0.011719 0.020085 -0.020833 -0.035941
0 0.009115 0.014799 -0.015625 -0.025370
0 0.009766 0.020085 -0.016927 -0.035941
0 0.009766 0.020085 -0.016927 -0.035941
0 0.011719 0.020085 -0.020833 -0.035941
0 0.009766 0.020085 -0.016927 -0.035941
0 0.011068 0.023256 -0.019531 -0.042283
0 0.011068 0.023256 -0.019531 -0.042283
0 0.011719 0.020085 -0.020833 -0.035941
0 0.009766 0.020085 -0.016927 -0.035941
0 0.009766 0.020085 -0.016927 -0.035941
0 0.010417 0.016913 -0.018229 -0.029598
0 0.009766 0.020085 -0.016927 -0.035941
0 0.009115 0.014799 -0.015625 -0.025370
0 0.009115 0.014799 -0.015625 -0.025370
0 0.010417 0.016913 -0.018229 -0.029598
0 0.009766 0.020085 -0.016927 -0.035941
0 0.010417 0.016913 -0.018229 -0.029598
0 0.009766 0.020085 -0.016927 -0.035941
0 0.009766 0.020085 -0.016927 -0.035941
0 0.009766 0.020085 -0.016927 -0.035941
0 0.009115 0.014799 -0.015625 -0.025370
0 0.011719 0.020085 -0.020833 -0.035941
0 0.009115 0.014799 -0.015625 -0.025370
0 0.009766 0.020085 -0.016927 -0.035941
0 0.009766 0.020085 -0.016927 -0.035941
0 0.011068 0.023256 -0.019531 -0.042283
0 0.009766 0.020085 -0.016927 -0.035941
0 0.011719 0.020085 -0.020833 -0.035941
0 0.011719 0.020085 -0.020833 -0.035941
0 0.011719 0.020085 -0.020833 -0.035941
0 0.011719 0.020085 -0.020833 -0.035941
0 0.011719 0.020085 -0.020833 -0.035941
0 0.011719 0.020085 -0.020833 -0.035941
0 0.011068 0.023256 -0.019531 -0.042283
0 0.011719 0.020085 -0.020833 -0.035941
0 0.009115 0.014799 -0.015625 -0.025370
0 0.009766 0.020085 -0.016927 -0.035941
0 0.009115 0.014799 -0.015625 -0.025370
0 0.009766 0.020085 -0.016927 -0.035941
0 0.009766 0.020085 -0.016927 -0.035941
0 0.009766 0.020085 -0.016927 -0.035941
0 0.009766 0.020085 -0.016927 -0.035941
0 0.009766 0.020085 -0.016927 -0.035941
0 0.009766 0.020085 -0.016927 -0.035941
0 0.009766 0.019027 -0.016927 -0.038055
0 0.011068 0.023256 -0.019531 -0.042283
0 0.009115 0.014799 -0.015625 -0.025370
0 0.009115 0.014799 -0.015625 -0.025370
0 0.009766 0.020085 -0.016927 -0.035941
0 0.011719 0.020085 -0.020833 -0.035941
0 0.011719 0.020085 -0.020833 -0.035941
0 0.011068 0.017970 -0.019531 -0.031712
0 0.011719 0.020085 -0.020833 -0.035941
0 0.011719 0.020085 -0.020833 -0.035941
0 0.009766 0.020085 -0.016927 -0.035941
0 0.009766 0.020085 -0.016927 -0.035941
0 0.011719 0.020085 -0.020833 -0.035941
0 0.011719 0.020085 -0.020833 -0.035941
0 0.011068 0.023256 -0.019531 -0.042283
0 0.011068 0.023256 -0.019531 -0.042283
0 0.011068 0.023256 -0.019531 -0.042283
0 0.009766 0.020085 -0.016927 -0.035941
0 0.010417 0.016913 -0.018229 -0.029598
0 0.011719 0.020085 -0.020833 -0.035941
0 0.011719 0.020085 -0.020833 -0.035941
0 0.011719 0.020085 -0.020833 -0.035941
0 0.009115 0.014799 -0.015625 -0.025370
0 0.011719 0.020085 -0.020833 -0.035941
0 0.011719 0.020085 -0.020833 -0.035941
0 0.011719 0.020085 -0.020833 -0.035941
0 0.009115 0.014799 -0.015625 -0.025370
0 0.009766 0.020085 -0.016927 -0.035941
0 0.011068 0.023256 -0.019531 -0.042283
0 0.011068 0.023256 -0.019531 -0.042283
0 0.011719 0.020085 -0.020833 -0.035941
0 0.009766 0.020085 -0.016927 -0.035941
0 0.009115 0.014799 -0.015625 -0.025370
0 0.011719 0.020085 -0.020833 -0.035941
0 0.011068 0.023256 -0.019531 -0.042283
0 0.009766 0.020085 -0.016927 -0.035941
0 0.011719 0.020085 -0.020833 -0.035941
0 0.009115 0.014799 -0.015625 -0.025370
0 0.009766 0.020085 -0.016927 -0.035941
0 0.011719 0.020085 -0.020833 -0.035941
0 0.011719 0.020085 -0.020833 -0.035941