0 0.003472 0.016667 -0.005556 -0.033333
0 0.006250 0.016667 -0.011111 -0.033333
0 0.006250 0.016667 -0.011111 -0.033333
0 0.006250 0.016667 -0.011111 -0.033333
0 0.006250 0.016667 -0.011111 -0.033333
0 0.004167 0.013889 -0.006944 -0.027778
0 0.005903 0.010185 -0.010417 -0.020370
0 0.005903 0.010185 -0.010417 -0.020370
0 0.005903 0.010185 -0.010417 -0.020370
0 0.007986 0.017593 -0.014583 -0.035185
0 0.007986 0.017593 -0.014583 -0.035185
0 0.004167 0.013889 -0.006944 -0.027778
0 0.005556 0.019444 -0.009722 -0.038889
0 0.005903 0.010185 -0.010417 -0.020370
0 0.005903 0.010185 -0.010417 -0.020370
0 0.005903 0.010185 -0.010417 -0.020370
0 0.003472 0.016667 -0.005556 -0.033333
0 0.004167 0.013889 -0.006944 -0.027778
0 0.004167 0.013889 -0.006944 -0.027778
0 0.003472 0.016667 -0.005556 -0.033333
0 0.005903 0.010185 -0.010417 -0.020370
0 0.005903 0.010185 -0.010417 -0.020370
0 0.006250 0.016667 -0.011111 -0.033333
0 0.005903 0.010185 -0.010417 -0.020370
0 0.004167 0.013889 -0.006944 -0.027778
0 0.007986 0.017593 -0.014583 -0.035185
0 0.005903 0.010185 -0.010417 -0.020370
0 0.005556 0.019444 -0.009722 -0.038889
0 0.005556 0.019444 -0.009722 -0.038889
0 0.006250 0.016667 -0.011111 -0.033333
0 0.005556 0.019444 -0.009722 -0.038889
0 0.007986 0.017593 -0.014583 -0.035185
0 0.006250 0.016667 -0.011111 -0.033333
0 0.006250 0.016667 -0.011111 -0.033333
0 0.005556 0.019444 -0.009722 -0.038889
0 0.005903 0.010185 -0.010417 -0.020370
0 0.004167 0.013889 -0.006944 -0.027778
0 0.006250 0.016667 -0.011111 -0.033333
0 0.004167 0.013889 -0.006944 -0.027778
0 0.006250 0.016667 -0.011111 -0.033333
0 0.005556 0.019444 -0.009722 -0.038889
0 0.006250 0.016667 -0.011111 -0.033333
0 0.005556 0.019444 -0.009722 -0.038889
0 0.004167 0.013889 -0.006944 -0.027778
0 0.005903 0.010185 -0.010417 -0.020370
0 0.005903 0.010185 -0.010417 -0.020370
0 0.007986 0.017593 -0.014583 -0.035185
0 0.005903 0.010185 -0.010417 -0.020370
0 0.005903 0.010185 -0.010417 -0.020370
0 0.003472 0.016667 -0.005556 -0.033333
0 0.004167 0.013889 -0.006944 -0.027778
0 0.004167 0.013889 -0.006944 -0.027778
0 0.006250 0.016667 -0.011111 -0.033333
0 0.005903 0.010185 -0.010417 -0.020370
0 0.006250 0.016667 -0.011111 -0.033333
0 0.004167 0.013889 -0.006944 -0.027778
0 0.004167 0.013889 -0.006944 -0.027778
0 0.006250 0.016667 -0.011111 -0.033333
0 0.007986 0.017593 -0.014583 -0.035185
0 0.005903 0.010185 -0.010417 -0.020370
0 0.005556 0.019444 -0.009722 -0.038889
0 0.006250 0.016667 -0.011111 -0.033333
0 0.005903 0.010185 -0.010417 -0.020370
0 0.005903 0.010185 -0.010417 -0.020370
0 0.004167 0.013889 -0.006944 -0.027778
0 0.005556 0.019444 -0.009722 -0.038889
0 0.003472 0.016667 -0.005556 -0.033333
0 0.007986 0.017593 -0.014583 -0.035185
0 0.004167 0.013889 -0.006944 -0.027778
0 0.005556 0.019444 -0.009722 -0.038889
0 0.005903 0.010185 -0.010417 -0.020370
0 0.005556 0.019444 -0.009722 -0.038889
0 0.006250 0.016667 -0.011111 -0.033333
0 0.005903 0.010185 -0.010417 -0.020370
0 0.003472 0.016667 -0.005556 -0.033333
0 0.003472 0.016667 -0.005556 -0.033333
0 0.005903 0.010185 -0.010417 -0.020370
0 0.005903 0.010185 -0.010417 -0.020370
0 0.006250 0.016667 -0.011111 -0.033333
0 0.004167 0.013889 -0.006944 -0.027778
0 0.004167 0.013889 -0.006944 -0.027778
0 0.007986 0.017593 -0.014583 -0.035185
0 0.006250 0.016667 -0.011111 -0.033333
0 0.007986 0.017593 -0.014583 -0.035185
0 0.005903 0.010185 -0.010417 -0.020370
0 0.005556 0.019444 -0.009722 -0.038889
0 0.004167 0.013889 -0.006944 -0.027778
0 0.005903 0.010185 -0.010417 -0.020370
0 0.003472 0.016667 -0.005556 -0.033333
0 0.005556 0.019444 -0.009722 -0.038889
0 0.005903 0.010185 -0.010417 -0.020370
0 0.007986 0.017593 -0.014583 -0.035185
0 0.003472 0.016667 -0.005556 -0.033333
0 0.005903 0.010185 -0.010417 -0.020370
0 0.004167 0.013889 -0.006944 -0.027778
0 0.006250 0.016667 -0.011111 -0.033333
0 0.005903 0.010185 -0.010417 -0.020370
0 0.005903 0.010185 -0.010417 -0.020370
0 0.005903 0.010185 -0.010417 -0.020370
0 0.005556 0.019444 -0.009722 -0.038889
0 0.005903 0.010185 -0.010417 -0.020370
0 0.005556 0.019444 -0.009722 -0.038889
0 0.005903 0.010185 -0.010417 -0.020370
0 0.005903 0.010185 -0.010417 -0.020370
0 0.005903 0.010185 -0.010417 -0.020370
0 0.005556 0.019444 -0.009722 -0.038889
0 0.004167 0.013889 -0.006944 -0.027778
0 0.003472 0.016667 -0.005556 -0.033333
0 0.005903 0.010185 -0.010417 -0.020370
0 0.007986 0.017593 -0.014583 -0.035185
0 0.005903 0.014815 -0.010417 -0.029630
0 0.006250 0.016667 -0.011111 -0.033333
0 0.004167 0.013889 -0.006944 -0.027778
0 0.005903 0.010185 -0.010417 -0.020370
0 0.006250 0.016667 -0.011111 -0.033333
0 0.005903 0.010185 -0.010417 -0.020370
0 0.005903 0.010185 -0.010417 -0.020370
0 0.005903 0.010185 -0.010417 -0.020370
0 0.005903 0.010185 -0.010417 -0.020370
0 0.003472 0.016667 -0.005556 -0.033333
0 0.004167 0.013889 -0.006944 -0.027778
0 0.005556 0.019444 -0.009722 -0.038889
0 0.004167 0.013889 -0.006944 -0.027778
0 0.007986 0.017593 -0.014583 -0.035185
0 0.004167 0.013889 -0.006944 -0.027778
0 0.004167 0.013889 -0.006944 -0.027778
0 0.005903 0.010185 -0.010417 -0.020370
0 0.006250 0.016667 -0.011111 -0.033333
0 0.005556 0.019444 -0.009722 -0.038889
0 0.006250 0.016667 -0.011111 -0.033333
0 0.006250 0.016667 -0.011111 -0.033333
0 0.003472 0.016667 -0.005556 -0.033333
0 0.004167 0.013889 -0.006944 -0.027778
0 0.005556 0.019444 -0.009722 -0.038889
0 0.006250 0.016667 -0.011111 -0.033333
0 0.006250 0.016667 -0.011111 -0.033333
0 0.005903 0.010185 -0.010417 -0.020370
0 0.006250 0.016667 -0.011111 -0.033333
0 0.006250 0.016667 -0.011111 -0.033333
0 0.004167 0.013889 -0.006944 -0.027778
0 0.005556 0.019444 -0.009722 -0.038889
0 0.006250 0.016667 -0.011111 -0.033333
0 0.006250 0.016667 -0.011111 -0.033333
0 0.005208 0.011111 -0.009028 -0.022222
0 0.007986 0.017593 -0.014583 -0.035185
0 0.007986 0.017593 -0.014583 -0.035185
0 0.007986 0.017593 -0.014583 -0.035185
0 0.005903 0.010185 -0.010417 -0.020370
0 0.006250 0.016667 -0.011111 -0.033333
0 0.006250 0.016667 -0.011111 -0.033333
0 0.003472 0.016667 -0.005556 -0.033333
0 0.006250 0.016667 -0.011111 -0.033333
0 0.007986 0.017593 -0.014583 -0.035185
0 0.007986 0.017593 -0.014583 -0.035185
0 0.005903 0.010185 -0.010417 -0.020370
0 0.005903 0.010185 -0.010417 -0.020370
0 0.005903 0.010185 -0.010417 -0.020370
0 0.007986 0.017593 -0.014583 -0.035185
0 0.006597 0.016667 -0.011806 -0.033333
0 0.006250 0.016667 -0.011111 -0.033333
0 0.004167 0.013889 -0.006944 -0.027778
0 0.006250 0.016667 -0.011111 -0.033333
0 0.006250 0.016667 -0.011111 -0.033333
0 0.006250 0.016667 -0.011111 -0.033333
0 0.005903 0.010185 -0.010417 -0.020370
0 0.005903 0.010185 -0.010417 -0.020370
0 0.003472 0.016667 -0.005556 -0.033333
0 0.005903 0.010185 -0.010417 -0.020370
0 0.005556 0.019444 -0.009722 -0.038889
0 0.004167 0.013889 -0.006944 -0.027778
0 0.003472 0.016667 -0.005556 -0.033333
0 0.007986 0.017593 -0.014583 -0.035185
0 0.006250 0.016667 -0.011111 -0.033333
0 0.003472 0.016667 -0.005556 -0.033333
0 0.005556 0.019444 -0.009722 -0.038889
0 0.005903 0.010185 -0.010417 -0.020370
0 0.003472 0.016667 -0.005556 -0.033333
0 0.006250 0.016667 -0.011111 -0.033333
0 0.006250 0.016667 -0.011111 -0.033333
0 0.006250 0.016667 -0.011111 -0.033333
0 0.006250 0.016667 -0.011111 -0.033333
0 0.006250 0.016667 -0.011111 -0.033333
0 0.005903 0.010185 -0.010417 -0.020370
0 0.005903 0.010185 -0.010417 -0.020370
0 0.005903 0.010185 -0.010417 -0.020370
0 0.005903 0.010185 -0.010417 -0.020370
0 0.004514 0.016667 -0.007639 -0.033333
0 0.004167 0.013889 -0.006944 -0.027778
0 0.005903 0.010185 -0.010417 -0.020370
0 0.007986 0.017593 -0.014583 -0.035185
0 0.005903 0.010185 -0.010417 -0.020370
0 0.005903 0.010185 -0.010417 -0.020370
0 0.006250 0.016667 -0.011111 -0.033333
0 0.006250 0.016667 -0.011111 -0.033333
0 0.005903 0.010185 -0.010417 -0.020370
0 0.005903 0.010185 -0.010417 -0.020370
0 0.006250 0.016667 -0.011111 -0.033333
0 0.006250 0.016667 -0.011111 -0.033333
0 0.005903 0.010185 -0.010417 -0.020370
0 0.006250 0.016667 -0.011111 -0.033333
0 0.005556 0.019444 -0.009722 -0.038889
0 0.007986 0.017593 -0.014583 -0.035185
0 0.004167 0.013889 -0.006944 -0.027778
0 0.003472 0.016667 -0.005556 -0.033333
0 0.005556 0.019444 -0.009722 -0.038889
0 0.005903 0.010185 -0.010417 -0.020370
0 0.006250 0.016667 -0.011111 -0.033333
0 0.004167 0.013889 -0.006944 -0.027778
0 0.006250 0.016667 -0.011111 -0.033333
0 0.005903 0.010185 -0.010417 -0.020370
0 0.005556 0.019444 -0.009722 -0.038889
0 0.005903 0.010185 -0.010417 -0.020370
0 0.005903 0.010185 -0.010417 -0.020370
0 0.005903 0.010185 -0.010417 -0.020370
0 0.005556 0.019444 -0.009722 -0.038889
0 0.004167 0.013889 -0.006944 -0.027778
0 0.005903 0.010185 -0.010417 -0.020370
0 0.004167 0.013889 -0.006944 -0.027778
0 0.005556 0.019444 -0.009722 -0.038889
0 0.005903 0.010185 -0.010417 -0.020370
0 0.004167 0.013889 -0.006944 -0.027778
0 0.005903 0.010185 -0.010417 -0.020370
0 0.003472 0.016667 -0.005556 -0.033333
0 0.004167 0.013889 -0.006944 -0.027778
0 0.005556 0.019444 -0.009722 -0.038889
0 0.005903 0.010185 -0.010417 -0.020370
0 0.005556 0.019444 -0.009722 -0.038889
0 0.005903 0.010185 -0.010417 -0.020370
0 0.005903 0.010185 -0.010417 -0.020370
0 0.004167 0.013889 -0.006944 -0.027778
0 0.004167 0.013889 -0.006944 -0.027778
0 0.006250 0.016667 -0.011111 -0.033333
0 0.005903 0.010185 -0.010417 -0.020370
0 0.006250 0.016667 -0.011111 -0.033333
0 0.004167 0.013889 -0.006944 -0.027778
0 0.005903 0.010185 -0.010417 -0.020370
0 0.005556 0.019444 -0.009722 -0.038889
0 0.006250 0.016667 -0.011111 -0.033333
0 0.003472 0.016667 -0.005556 -0.033333
0 0.006250 0.016667 -0.011111 -0.033333
0 0.007986 0.017593 -0.014583 -0.035185
0 0.005903 0.010185 -0.010417 -0.020370
0 0.005903 0.010185 -0.010417 -0.020370
0 0.005556 0.019444 -0.009722 -0.038889
0 0.003472 0.016667 -0.005556 -0.033333
0 0.005903 0.010185 -0.010417 -0.020370
0 0.004167 0.013889 -0.006944 -0.027778
0 0.003472 0.016667 -0.005556 -0.033333
0 0.005556 0.019444 -0.009722 -0.038889
0 0.007986 0.017593 -0.014583 -0.035185
0 0.005556 0.019444 -0.009722 -0.038889
0 0.005903 0.010185 -0.010417 -0.020370
0 0.005903 0.010185 -0.010417 -0.020370
0 0.007986 0.017593 -0.014583 -0.035185
0 0.003472 0.016667 -0.005556 -0.033333
0 0.005903 0.011111 -0.010417 -0.022222
0 0.005556 0.019444 -0.009722 -0.038889
0 0.006250 0.016667 -0.011111 -0.033333
0 0.005903 0.010185 -0.010417 -0.020370
0 0.004514 0.017593 -0.007639 -0.035185
0 0.005903 0.010185 -0.010417 -0.020370
0 0.005556 0.019444 -0.009722 -0.038889
0 0.005903 0.010185 -0.010417 -0.020370
0 0.004167 0.013889 -0.006944 -0.027778
0 0.003472 0.016667 -0.005556 -0.033333
0 0.005903 0.010185 -0.010417 -0.020370
0 0.005556 0.019444 -0.009722 -0.038889
0 0.005903 0.010185 -0.010417 -0.020370
0 0.005903 0.010185 -0.010417 -0.020370
0 0.004167 0.013889 -0.006944 -0.027778
0 0.004167 0.013889 -0.006944 -0.027778
0 0.005903 0.010185 -0.010417 -0.020370
0 0.005903 0.010185 -0.010417 -0.020370
0 0.007986 0.017593 -0.014583 -0.035185
0 0.004167 0.013889 -0.006944 -0.027778
0 0.005903 0.010185 -0.010417 -0.020370
0 0.005903 0.010185 -0.010417 -0.020370
0 0.007986 0.017593 -0.014583 -0.035185
0 0.004167 0.013889 -0.006944 -0.027778
0 0.006250 0.016667 -0.011111 -0.033333
0 0.004167 0.013889 -0.006944 -0.027778
0 0.004167 0.013889 -0.006944 -0.027778
0 0.006250 0.016667 -0.011111 -0.033333
0 0.004167 0.013889 -0.006944 -0.027778
0 0.004167 0.013889 -0.006944 -0.027778
0 0.006250 0.016667 -0.011111 -0.033333
0 0.005903 0.010185 -0.010417 -0.020370
0 0.003472 0.016667 -0.005556 -0.033333
0 0.005556 0.019444 -0.009722 -0.038889
0 0.005903 0.010185 -0.010417 -0.020370
0 0.006250 0.016667 -0.011111 -0.033333
0 0.007986 0.017593 -0.014583 -0.035185
0 0.007986 0.017593 -0.014583 -0.035185
0 0.006250 0.016667 -0.011111 -0.033333
0 0.004167 0.013889 -0.006944 -0.027778
0 0.006250 0.016667 -0.011111 -0.033333
0 0.007986 0.017593 -0.014583 -0.035185
0 0.004167 0.013889 -0.006944 -0.027778
0 0.005903 0.010185 -0.010417 -0.020370
0 0.005556 0.019444 -0.009722 -0.038889
0 0.005903 0.010185 -0.010417 -0.020370
0 0.006250 0.016667 -0.011111 -0.033333
0 0.005556 0.019444 -0.009722 -0.038889
0 0.005556 0.019444 -0.009722 -0.038889
0 0.005903 0.010185 -0.010417 -0.020370
0 0.005903 0.010185 -0.010417 -0.020370
0 0.004167 0.013889 -0.006944 -0.027778
0 0.005903 0.010185 -0.010417 -0.020370
0 0.004167 0.013889 -0.006944 -0.027778
0 0.005556 0.019444 -0.009722 -0.038889
0 0.005556 0.019444 -0.009722 -0.038889
0 0.005903 0.010185 -0.010417 -0.020370
0 0.005556 0.019444 -0.009722 -0.038889
0 0.005556 0.019444 -0.009722 -0.038889
0 0.006250 0.016667 -0.011111 -0.033333
0 0.006250 0.016667 -0.011111 -0.033333
0 0.007986 0.017593 -0.014583 -0.035185
0 0.006250 0.016667 -0.011111 -0.033333
0 0.005903 0.010185 -0.010417 -0.020370
0 0.005556 0.019444 -0.009722 -0.038889
0 0.005903 0.010185 -0.010417 -0.020370
0 0.004167 0.013889 -0.006944 -0.027778
0 0.005903 0.010185 -0.010417 -0.020370
0 0.003472 0.016667 -0.005556 -0.033333
0 0.005903 0.010185 -0.010417 -0.020370
0 0.005903 0.010185 -0.010417 -0.020370
0 0.005556 0.019444 -0.009722 -0.038889
0 0.005903 0.010185 -0.010417 -0.020370
0 0.004167 0.013889 -0.006944 -0.027778
0 0.005903 0.010185 -0.010417 -0.020370
0 0.005556 0.019444 -0.009722 -0.038889
0 0.006250 0.016667 -0.011111 -0.033333
0 0.005903 0.012963 -0.010417 -0.025926
0 0.005903 0.010185 -0.010417 -0.020370
0 0.007986 0.017593 -0.014583 -0.035185
0 0.006250 0.016667 -0.011111 -0.033333
0 0.005556 0.019444 -0.009722 -0.038889
0 0.005903 0.016667 -0.010417 -0.033333
0 0.005903 0.010185 -0.010417 -0.020370
0 0.006250 0.016667 -0.011111 -0.033333
0 0.007986 0.017593 -0.014583 -0.035185
0 0.005556 0.019444 -0.009722 -0.038889
0 0.004167 0.013889 -0.006944 -0.027778
0 0.005903 0.010185 -0.010417 -0.020370
0 0.006250 0.016667 -0.011111 -0.033333
0 0.005903 0.010185 -0.010417 -0.020370
0 0.007986 0.017593 -0.014583 -0.035185
0 0.005556 0.019444 -0.009722 -0.038889
0 0.005903 0.010185 -0.010417 -0.020370
0 0.005556 0.019444 -0.009722 -0.038889
0 0.004167 0.013889 -0.006944 -0.027778
0 0.005556 0.019444 -0.009722 -0.038889
0 0.003472 0.016667 -0.005556 -0.033333
0 0.005556 0.019444 -0.009722 -0.038889
0 0.004167 0.013889 -0.006944 -0.027778
0 0.005556 0.019444 -0.009722 -0.038889
0 0.005903 0.010185 -0.010417 -0.020370
0 0.004167 0.013889 -0.006944 -0.027778
0 0.004167 0.013889 -0.006944 -0.027778
0 0.006250 0.016667 -0.011111 -0.033333
0 0.005903 0.010185 -0.010417 -0.020370
0 0.005903 0.010185 -0.010417 -0.020370
0 0.005903 0.010185 -0.010417 -0.020370
0 0.007986 0.017593 -0.014583 -0.035185
0 0.005903 0.010185 -0.010417 -0.020370
0 0.004167 0.013889 -0.006944 -0.027778
0 0.005903 0.010185 -0.010417 -0.020370
0 0.006250 0.016667 -0.011111 -0.033333
0 0.003472 0.016667 -0.005556 -0.033333
0 0.005903 0.010185 -0.010417 -0.020370
0 0.005903 0.010185 -0.010417 -0.020370
0 0.005903 0.010185 -0.010417 -0.020370
0 0.005903 0.010185 -0.010417 -0.020370
0 0.005556 0.019444 -0.009722 -0.038889
0 0.007986 0.017593 -0.014583 -0.035185
0 0.007986 0.017593 -0.014583 -0.035185
0 0.003819 0.016667 -0.006250 -0.033333
0 0.004167 0.013889 -0.006944 -0.027778
0 0.005903 0.010185 -0.010417 -0.020370
0 0.004514 0.017593 -0.007639 -0.035185
0 0.004167 0.013889 -0.006944 -0.027778
0 0.003472 0.016667 -0.005556 -0.033333
0 0.006250 0.016667 -0.011111 -0.033333
0 0.004167 0.013889 -0.006944 -0.027778
0 0.004167 0.013889 -0.006944 -0.027778
0 0.004167 0.013889 -0.006944 -0.027778
0 0.005903 0.010185 -0.010417 -0.020370
0 0.007986 0.017593 -0.014583 -0.035185
0 0.005903 0.010185 -0.010417 -0.020370
0 0.005903 0.010185 -0.010417 -0.020370
0 0.003472 0.016667 -0.005556 -0.033333
0 0.004167 0.013889 -0.006944 -0.027778
0 0.006250 0.016667 -0.011111 -0.033333
0 0.005903 0.010185 -0.010417 -0.020370
0 0.005903 0.010185 -0.010417 -0.020370
0 0.005903 0.010185 -0.010417 -0.020370
0 0.004167 0.013889 -0.006944 -0.027778
0 0.005903 0.010185 -0.010417 -0.020370
0 0.007986 0.017593 -0.014583 -0.035185
0 0.005208 0.011111 -0.009028 -0.022222
0 0.003472 0.016667 -0.005556 -0.033333
0 0.006250 0.016667 -0.011111 -0.033333
0 0.004167 0.013889 -0.006944 -0.027778
0 0.005903 0.010185 -0.010417 -0.020370
0 0.005903 0.010185 -0.010417 -0.020370
0 0.007986 0.017593 -0.014583 -0.035185
0 0.006250 0.016667 -0.011111 -0.033333
0 0.006250 0.016667 -0.011111 -0.033333
0 0.005903 0.010185 -0.010417 -0.020370
0 0.004167 0.013889 -0.006944 -0.027778
0 0.004167 0.013889 -0.006944 -0.027778
0 0.006250 0.016667 -0.011111 -0.033333
0 0.006250 0.016667 -0.011111 -0.033333
0 0.004514 0.012963 -0.007639 -0.025926
0 0.005556 0.019444 -0.009722 -0.038889
0 0.005903 0.010185 -0.010417 -0.020370
0 0.005903 0.010185 -0.010417 -0.020370
0 0.006250 0.016667 -0.011111 -0.033333
0 0.007986 0.017593 -0.014583 -0.035185
0 0.007986 0.017593 -0.014583 -0.035185
0 0.005903 0.012963 -0.010417 -0.025926
0 0.006250 0.016667 -0.011111 -0.033333
0 0.005903 0.010185 -0.010417 -0.020370
0 0.006250 0.016667 -0.011111 -0.033333
0 0.005556 0.019444 -0.009722 -0.038889
0 0.005556 0.019444 -0.009722 -0.038889
0 0.003472 0.016667 -0.005556 -0.033333
0 0.004167 0.013889 -0.006944 -0.027778
0 0.005903 0.010185 -0.010417 -0.020370
0 0.007986 0.017593 -0.014583 -0.035185
0 0.005903 0.010185 -0.010417 -0.020370
0 0.005903 0.010185 -0.010417 -0.020370
0 0.005903 0.010185 -0.010417 -0.020370
0 0.005903 0.010185 -0.010417 -0.020370
0 0.006250 0.016667 -0.011111 -0.033333
0 0.005556 0.019444 -0.009722 -0.038889
0 0.006250 0.016667 -0.011111 -0.033333
0 0.005903 0.010185 -0.010417 -0.020370
0 0.006250 0.016667 -0.011111 -0.033333
0 0.007986 0.017593 -0.014583 -0.035185
0 0.005556 0.019444 -0.009722 -0.038889
0 0.005903 0.010185 -0.010417 -0.020370
0 0.005556 0.019444 -0.009722 -0.038889
0 0.007986 0.017593 -0.014583 -0.035185