0 0.006294 0.011601 -0.009790 -0.018561
0 0.006294 0.011601 -0.009790 -0.018561
0 0.011888 0.024362 -0.020979 -0.044084
0 0.007692 0.017401 -0.012587 -0.030162
0 0.006294 0.011601 -0.009790 -0.018561
0 0.011888 0.024362 -0.020979 -0.044084
0 0.006294 0.011601 -0.009790 -0.018561
0 0.017483 0.029002 -0.032168 -0.053364
0 0.007692 0.017401 -0.012587 -0.030162
0 0.007692 0.017401 -0.012587 -0.030162
0 0.007692 0.017401 -0.012587 -0.030162
0 0.006294 0.011601 -0.009790 -0.018561
0 0.011888 0.024362 -0.020979 -0.044084
0 0.012587 0.024362 -0.019580 -0.044084
0 0.012587 0.024362 -0.019580 -0.044084
0 0.007692 0.017401 -0.012587 -0.030162
0 0.006294 0.011601 -0.009790 -0.018561
0 0.010490 0.020882 -0.018182 -0.037123
0 0.006294 0.011601 -0.009790 -0.018561
0 0.007692 0.017401 -0.012587 -0.030162
0 0.006294 0.011601 -0.009790 -0.018561
0 0.007692 0.017401 -0.012587 -0.030162
0 0.011888 0.024362 -0.020979 -0.044084
0 0.011888 0.024362 -0.020979 -0.044084
0 0.006294 0.011601 -0.009790 -0.018561
0 0.006294 0.011601 -0.009790 -0.018561
0 0.019580 0.066125 -0.036364 -0.127610
0 0.011888 0.024362 -0.020979 -0.044084
0 0.011888 0.024362 -0.020979 -0.044084
0 0.007692 0.017401 -0.012587 -0.030162
0 0.011888 0.024362 -0.020979 -0.044084
0 0.009790 0.025522 -0.016783 -0.046404
0 0.007692 0.017401 -0.012587 -0.030162
0 0.018182 0.037123 -0.033566 -0.069606
0 0.006294 0.011601 -0.009790 -0.018561
0 0.006294 0.011601 -0.009790 -0.018561
0 0.006294 0.011601 -0.009790 -0.018561
0 0.007692 0.017401 -0.012587 -0.030162
0 0.006294 0.011601 -0.009790 -0.018561
0 0.011888 0.024362 -0.020979 -0.044084
0 0.011888 0.024362 -0.020979 -0.044084
0 0.006294 0.011601 -0.009790 -0.018561
0 0.007692 0.017401 -0.012587 -0.030162
0 0.002797 0.005800 -0.002797 -0.006961
0 0.007692 0.017401 -0.012587 -0.030162
0 0.012587 0.024362 -0.019580 -0.044084
0 0.007692 0.017401 -0.012587 -0.030162
0 0.011888 0.024362 -0.020979 -0.044084
0 0.007692 0.017401 -0.012587 -0.030162
0 0.006294 0.011601 -0.009790 -0.018561
0 0.004895 0.005800 -0.006993 -0.006961
0 0.014685 0.029002 -0.026573 -0.053364
0 0.007692 0.017401 -0.012587 -0.030162
0 0.007692 0.017401 -0.012587 -0.030162
0 0.006294 0.011601 -0.009790 -0.018561
0 0.006294 0.011601 -0.009790 -0.018561
0 0.011888 0.024362 -0.020979 -0.044084
0 0.011888 0.024362 -0.020979 -0.044084
0 0.002797 0.005800 -0.002797 -0.006961
0 0.010490 0.020882 -0.018182 -0.037123
0 0.006294 0.011601 -0.009790 -0.018561
0 0.007692 0.017401 -0.012587 -0.030162
0 0.006294 0.011601 -0.009790 -0.018561
0 0.011888 0.024362 -0.020979 -0.044084
0 0.017483 0.029002 -0.032168 -0.053364
0 0.007692 0.017401 -0.012587 -0.030162
0 0.011888 0.024362 -0.020979 -0.044084
0 0.007692 0.017401 -0.012587 -0.030162
0 0.002797 0.005800 -0.002797 -0.006961
0 0.007692 0.017401 -0.012587 -0.030162
0 0.006294 0.011601 -0.009790 -0.018561
0 0.014685 0.029002 -0.026573 -0.053364
0 0.006294 0.011601 -0.009790 -0.018561
0 0.007692 0.017401 -0.012587 -0.030162
0 0.006294 0.011601 -0.009790 -0.018561
0 0.006294 0.011601 -0.009790 -0.018561
0 0.006294 0.011601 -0.009790 -0.018561
0 0.007692 0.017401 -0.012587 -0.030162
0 0.017483 0.029002 -0.032168 -0.053364
0 0.011888 0.024362 -0.020979 -0.044084
0 0.007692 0.017401 -0.012587 -0.030162
0 0.006294 0.011601 -0.009790 -0.018561
0 0.007692 0.017401 -0.012587 -0.030162
0 0.011888 0.024362 -0.020979 -0.044084
0 0.006294 0.011601 -0.009790 -0.018561
0 0.007692 0.017401 -0.012587 -0.030162
0 0.011888 0.024362 -0.020979 -0.044084
0 0.011888 0.024362 -0.020979 -0.044084
0 0.006294 0.011601 -0.009790 -0.018561
0 0.011888 0.024362 -0.020979 -0.044084
0 0.022378 0.037123 -0.041958 -0.069606
0 0.006294 0.011601 -0.009790 -0.018561
0 0.012587 0.024362 -0.019580 -0.044084
0 0.006294 0.011601 -0.009790 -0.018561
0 0.006294 0.011601 -0.009790 -0.018561
0 0.011888 0.024362 -0.020979 -0.044084
0 0.011888 0.024362 -0.020979 -0.044084
0 0.013986 0.025522 -0.025175 -0.046404
0 0.007692 0.017401 -0.012587 -0.030162
0 0.007692 0.017401 -0.012587 -0.030162
0 0.008392 0.017401 -0.011189 -0.030162
0 0.007692 0.017401 -0.012587 -0.030162
0 0.006294 0.011601 -0.009790 -0.018561
0 0.007692 0.017401 -0.012587 -0.030162
0 0.006294 0.011601 -0.009790 -0.018561
0 0.006294 0.011601 -0.009790 -0.018561
0 0.007692 0.017401 -0.012587 -0.030162
0 0.018182 0.029002 -0.030769 -0.053364
0 0.011888 0.024362 -0.020979 -0.044084
0 0.006294 0.011601 -0.009790 -0.018561
0 0.007692 0.017401 -0.012587 -0.030162
0 0.007692 0.017401 -0.012587 -0.030162
0 0.007692 0.017401 -0.012587 -0.030162
0 0.011888 0.024362 -0.020979 -0.044084
0 0.011888 0.024362 -0.020979 -0.044084
0 0.011888 0.024362 -0.020979 -0.044084
0 0.007692 0.017401 -0.012587 -0.030162
0 0.006294 0.011601 -0.009790 -0.018561
0 0.007692 0.017401 -0.012587 -0.030162
0 0.007692 0.017401 -0.012587 -0.030162
0 0.006294 0.011601 -0.009790 -0.018561
0 0.007692 0.017401 -0.012587 -0.030162
0 0.002797 0.005800 -0.002797 -0.006961
0 0.011888 0.024362 -0.020979 -0.044084
0 0.018182 0.029002 -0.030769 -0.053364
0 0.011189 0.029002 -0.019580 -0.053364
0 0.006294 0.011601 -0.009790 -0.018561
0 0.007692 0.017401 -0.012587 -0.030162
0 0.007692 0.017401 -0.012587 -0.030162
0 0.007692 0.017401 -0.012587 -0.030162
0 0.011888 0.024362 -0.020979 -0.044084