0 0.002829 0.005208 -0.005144 -0.010417
0 0.001800 0.002508 -0.003086 -0.005015
0 0.007202 0.012346 -0.013889 -0.024691
0 0.004758 0.007909 -0.009002 -0.015818
0 0.006173 0.009452 -0.011831 -0.018904
0 0.003086 0.004823 -0.005658 -0.009645
0 0.003086 0.004823 -0.005658 -0.009645
0 0.003086 0.004823 -0.005658 -0.009645
0 0.004758 0.007909 -0.009002 -0.015818
0 0.006173 0.009452 -0.011831 -0.018904
0 0.002829 0.005208 -0.005144 -0.010417
0 0.004758 0.007909 -0.009002 -0.015818
0 0.006173 0.009452 -0.011831 -0.018904
0 0.002829 0.005208 -0.005144 -0.010417
0 0.017618 0.029900 -0.034722 -0.059799
0 0.003086 0.004823 -0.005658 -0.009645
0 0.003086 0.004823 -0.005658 -0.009645
0 0.003086 0.004823 -0.005658 -0.009645
0 0.001800 0.002508 -0.003086 -0.005015
0 0.006173 0.009452 -0.011831 -0.018904
0 0.004758 0.007909 -0.009002 -0.015818
0 0.001415 0.003279 -0.002315 -0.006559
0 0.002829 0.005208 -0.005144 -0.010417
0 0.002829 0.005208 -0.005144 -0.010417
0 0.007202 0.012346 -0.013889 -0.024691
0 0.001800 0.002508 -0.003086 -0.005015
0 0.001800 0.002508 -0.003086 -0.005015
0 0.002572 0.004437 -0.004630 -0.008873
0 0.007202 0.012346 -0.013889 -0.024691
0 0.004758 0.007909 -0.009002 -0.015818
0 0.002829 0.005208 -0.005144 -0.010417
0 0.001800 0.002508 -0.003086 -0.005015
0 0.001415 0.003279 -0.002315 -0.006559
0 0.006173 0.009452 -0.011831 -0.018904
0 0.003086 0.004823 -0.005658 -0.009645
0 0.001415 0.003279 -0.002315 -0.006559
0 0.001800 0.002508 -0.003086 -0.005015
0 0.002829 0.005208 -0.005144 -0.010417
0 0.004758 0.007909 -0.009002 -0.015818
0 0.004758 0.007909 -0.009002 -0.015818
0 0.002829 0.005208 -0.005144 -0.010417
0 0.002829 0.005208 -0.005144 -0.010417
0 0.002829 0.005208 -0.005144 -0.010417
0 0.007202 0.012346 -0.013889 -0.024691
0 0.002829 0.005208 -0.005144 -0.010417
0 0.001415 0.003279 -0.002315 -0.006559
0 0.001800 0.002508 -0.003086 -0.005015
0 0.001800 0.002508 -0.003086 -0.005015
0 0.002829 0.005208 -0.005144 -0.010417
0 0.001415 0.003279 -0.002315 -0.006559
0 0.003086 0.004823 -0.005658 -0.009645
0 0.017618 0.029900 -0.034722 -0.059799
0 0.004758 0.007909 -0.009002 -0.015818
0 0.001415 0.003279 -0.002315 -0.006559
0 0.007202 0.012346 -0.013889 -0.024691
0 0.003086 0.004823 -0.005658 -0.009645
0 0.003086 0.004823 -0.005658 -0.009645
0 0.003086 0.004823 -0.005658 -0.009645
0 0.004758 0.007909 -0.009002 -0.015818
0 0.002829 0.005208 -0.005144 -0.010417
0 0.003086 0.004823 -0.005658 -0.009645
0 0.004758 0.007909 -0.009002 -0.015818
0 0.001800 0.002508 -0.003086 -0.005015
0 0.017618 0.029900 -0.034722 -0.059799
0 0.003086 0.004823 -0.005658 -0.009645
0 0.004758 0.007909 -0.009002 -0.015818
0 0.002829 0.005208 -0.005144 -0.010417
0 0.003086 0.004823 -0.005658 -0.009645
0 0.017618 0.029900 -0.034722 -0.059799
0 0.004758 0.007909 -0.009002 -0.015818
0 0.004758 0.007909 -0.009002 -0.015818
0 0.002829 0.005208 -0.005144 -0.010417
0 0.003086 0.004823 -0.005658 -0.009645
0 0.004758 0.007909 -0.009002 -0.015818
0 0.001800 0.002508 -0.003086 -0.005015
0 0.002829 0.005208 -0.005144 -0.010417
0 0.003086 0.004823 -0.005658 -0.009645
0 0.001800 0.002508 -0.003086 -0.005015
0 0.001800 0.002508 -0.003086 -0.005015
0 0.004758 0.007909 -0.009002 -0.015818
0 0.002829 0.005208 -0.005144 -0.010417
0 0.002829 0.005208 -0.005144 -0.010417
0 0.003086 0.004823 -0.005658 -0.009645
0 0.004758 0.007909 -0.009002 -0.015818
0 0.003086 0.004823 -0.005658 -0.009645
0 0.006173 0.009452 -0.011831 -0.018904
0 0.004758 0.007909 -0.009002 -0.015818
0 0.007202 0.012346 -0.013889 -0.024691
0 0.004758 0.007909 -0.009002 -0.015818
0 0.002829 0.005208 -0.005144 -0.010417
0 0.003086 0.004823 -0.005658 -0.009645
0 0.010674 0.020062 -0.020833 -0.040123
0 0.002829 0.005208 -0.005144 -0.010417
0 0.002829 0.005208 -0.005144 -0.010417
0 0.007202 0.012346 -0.013889 -0.024691
0 0.002058 0.003086 -0.003601 -0.006173
0 0.001800 0.002508 -0.003086 -0.005015
0 0.002829 0.005208 -0.005144 -0.010417
0 0.017618 0.029900 -0.034722 -0.059799
0 0.002829 0.005208 -0.005144 -0.010417
0 0.001800 0.002508 -0.003086 -0.005015
0 0.001800 0.002508 -0.003086 -0.005015
0 0.001800 0.002508 -0.003086 -0.005015
0 0.001415 0.003279 -0.002315 -0.006559
0 0.002829 0.005208 -0.005144 -0.010417
0 0.001415 0.003279 -0.002315 -0.006559
0 0.003086 0.004823 -0.005658 -0.009645
0 0.003086 0.004823 -0.005658 -0.009645
0 0.006173 0.009452 -0.011831 -0.018904
0 0.001800 0.002508 -0.003086 -0.005015
0 0.003086 0.004823 -0.005658 -0.009645
0 0.007202 0.012346 -0.013889 -0.024691
0 0.003086 0.004823 -0.005658 -0.009645
0 0.003086 0.004823 -0.005658 -0.009645
0 0.001800 0.002508 -0.003086 -0.005015
0 0.001800 0.002508 -0.003086 -0.005015
0 0.004758 0.007909 -0.009002 -0.015818
0 0.003086 0.004823 -0.005658 -0.009645
0 0.004758 0.007909 -0.009002 -0.015818
0 0.004758 0.007909 -0.009002 -0.015818
0 0.004758 0.007909 -0.009002 -0.015818
0 0.002829 0.005208 -0.005144 -0.010417
0 0.002829 0.005208 -0.005144 -0.010417
0 0.007202 0.012346 -0.013889 -0.024691
0 0.002829 0.005208 -0.005144 -0.010417
0 0.003086 0.004823 -0.005658 -0.009645
0 0.003086 0.004823 -0.005658 -0.009645
0 0.002829 0.005208 -0.005144 -0.010417
0 0.007202 0.012346 -0.013889 -0.024691
0 0.004758 0.007909 -0.009002 -0.015818
0 0.007202 0.012346 -0.013889 -0.024691
0 0.002829 0.005208 -0.005144 -0.010417
0 0.004758 0.007909 -0.009002 -0.015818
0 0.003086 0.004823 -0.005658 -0.009645
0 0.001800 0.002508 -0.003086 -0.005015
0 0.004758 0.007909 -0.009002 -0.015818
0 0.003086 0.004823 -0.005658 -0.009645
0 0.007202 0.012346 -0.013889 -0.024691
0 0.004758 0.007909 -0.009002 -0.015818
0 0.006173 0.009452 -0.011831 -0.018904
0 0.004758 0.007909 -0.009002 -0.015818
0 0.001800 0.002508 -0.003086 -0.005015
0 0.001800 0.002508 -0.003086 -0.005015
0 0.002829 0.005208 -0.005144 -0.010417
0 0.001800 0.002508 -0.003086 -0.005015
0 0.004758 0.007909 -0.009002 -0.015818
0 0.001800 0.002508 -0.003086 -0.005015
0 0.001415 0.003279 -0.002315 -0.006559
0 0.002829 0.005208 -0.005144 -0.010417
0 0.003086 0.004823 -0.005658 -0.009645
0 0.006173 0.009452 -0.011831 -0.018904
0 0.006173 0.009452 -0.011831 -0.018904
0 0.003086 0.004823 -0.005658 -0.009645
0 0.007202 0.012346 -0.013889 -0.024691
0 0.001800 0.002508 -0.003086 -0.005015
0 0.017618 0.029900 -0.034722 -0.059799
0 0.004758 0.007909 -0.009002 -0.015818
0 0.003086 0.004823 -0.005658 -0.009645
0 0.003086 0.004823 -0.005658 -0.009645
0 0.001800 0.002508 -0.003086 -0.005015
0 0.001800 0.002508 -0.003086 -0.005015
0 0.004758 0.007909 -0.009002 -0.015818
0 0.002829 0.005208 -0.005144 -0.010417
0 0.002829 0.005208 -0.005144 -0.010417
0 0.007202 0.012346 -0.013889 -0.024691
0 0.004758 0.007909 -0.009002 -0.015818
0 0.001800 0.002508 -0.003086 -0.005015
0 0.001800 0.002508 -0.003086 -0.005015
0 0.004758 0.007909 -0.009002 -0.015818
0 0.002829 0.005208 -0.005144 -0.010417
0 0.007202 0.012346 -0.013889 -0.024691
0 0.006173 0.009452 -0.011831 -0.018904
0 0.003086 0.004823 -0.005658 -0.009645
0 0.006430 0.009452 -0.011317 -0.018904
0 0.001415 0.003279 -0.002315 -0.006559
0 0.003086 0.004823 -0.005658 -0.009645
0 0.006173 0.009452 -0.011831 -0.018904
0 0.002829 0.005208 -0.005144 -0.010417
0 0.003086 0.004823 -0.005658 -0.009645
0 0.003086 0.004823 -0.005658 -0.009645
0 0.006173 0.009452 -0.011831 -0.018904
0 0.007202 0.012346 -0.013889 -0.024691
0 0.001415 0.003279 -0.002315 -0.006559
0 0.004758 0.007909 -0.009002 -0.015818
0 0.001800 0.002508 -0.003086 -0.005015
0 0.001800 0.002508 -0.003086 -0.005015
0 0.004758 0.007909 -0.009002 -0.015818
0 0.003086 0.004823 -0.005658 -0.009645
0 0.002829 0.005208 -0.005144 -0.010417
0 0.003086 0.004823 -0.005658 -0.009645
0 0.001800 0.002508 -0.003086 -0.005015
0 0.001800 0.002508 -0.003086 -0.005015
0 0.002829 0.005208 -0.005144 -0.010417
0 0.001415 0.003279 -0.002315 -0.006559
0 0.017618 0.029900 -0.034722 -0.059799
0 0.001415 0.003279 -0.002315 -0.006559
0 0.003086 0.004823 -0.005658 -0.009645
0 0.006173 0.009452 -0.011831 -0.018904
0 0.004758 0.007909 -0.009002 -0.015818
0 0.002829 0.005208 -0.005144 -0.010417
0 0.004758 0.007909 -0.009002 -0.015818
0 0.001415 0.003279 -0.002315 -0.006559
0 0.017618 0.029900 -0.034722 -0.059799
0 0.003086 0.004823 -0.005658 -0.009645
0 0.002572 0.004437 -0.004630 -0.008873
0 0.007202 0.012346 -0.013889 -0.024691
0 0.004758 0.007909 -0.009002 -0.015818
0 0.007202 0.012346 -0.013889 -0.024691
0 0.004758 0.007909 -0.009002 -0.015818
0 0.004758 0.007909 -0.009002 -0.015818
0 0.001800 0.002508 -0.003086 -0.005015
0 0.001800 0.002508 -0.003086 -0.005015
0 0.004758 0.007909 -0.009002 -0.015818
0 0.001415 0.003279 -0.002315 -0.006559
0 0.002829 0.005208 -0.005144 -0.010417
0 0.001800 0.002508 -0.003086 -0.005015
0 0.002829 0.005208 -0.005144 -0.010417
0 0.001800 0.002508 -0.003086 -0.005015
0 0.006173 0.009452 -0.011831 -0.018904
0 0.002829 0.005208 -0.005144 -0.010417
0 0.006173 0.009452 -0.011831 -0.018904
0 0.002829 0.005208 -0.005144 -0.010417
0 0.004758 0.007909 -0.009002 -0.015818
0 0.007202 0.012346 -0.013889 -0.024691
0 0.004758 0.007909 -0.009002 -0.015818
0 0.002829 0.005208 -0.005144 -0.010417
0 0.003086 0.004823 -0.005658 -0.009645
0 0.006173 0.009452 -0.011831 -0.018904
0 0.002829 0.005208 -0.005144 -0.010417
0 0.003086 0.004823 -0.005658 -0.009645
0 0.004758 0.007909 -0.009002 -0.015818
0 0.007202 0.012346 -0.013889 -0.024691
0 0.002829 0.005208 -0.005144 -0.010417
0 0.003086 0.004823 -0.005658 -0.009645
0 0.004758 0.007909 -0.009002 -0.015818
0 0.002829 0.005208 -0.005144 -0.010417
0 0.005015 0.007909 -0.009516 -0.015818
0 0.002829 0.005208 -0.005144 -0.010417
0 0.001800 0.002508 -0.003086 -0.005015
0 0.002829 0.005208 -0.005144 -0.010417
0 0.003086 0.004823 -0.005658 -0.009645
0 0.006173 0.009452 -0.011831 -0.018904
0 0.006173 0.009452 -0.011831 -0.018904
0 0.004758 0.007909 -0.009002 -0.015818
0 0.002829 0.005208 -0.005144 -0.010417
0 0.004758 0.007909 -0.009002 -0.015818
0 0.002829 0.005208 -0.005144 -0.010417
0 0.006173 0.009452 -0.011831 -0.018904
0 0.001800 0.002508 -0.003086 -0.005015
0 0.002829 0.005208 -0.005144 -0.010417
0 0.001415 0.003279 -0.002315 -0.006559
0 0.017618 0.029900 -0.034722 -0.059799
0 0.006173 0.009452 -0.011831 -0.018904
0 0.003086 0.004823 -0.005658 -0.009645
0 0.003086 0.004823 -0.005658 -0.009645
0 0.006173 0.009452 -0.011831 -0.018904
0 0.002829 0.005208 -0.005144 -0.010417
0 0.002829 0.005208 -0.005144 -0.010417
0 0.004758 0.007909 -0.009002 -0.015818
0 0.003086 0.004823 -0.005658 -0.009645
0 0.001800 0.002508 -0.003086 -0.005015
0 0.004758 0.007909 -0.009002 -0.015818
0 0.001800 0.002508 -0.003086 -0.005015
0 0.004758 0.007909 -0.009002 -0.015818
0 0.002829 0.005208 -0.005144 -0.010417
0 0.001800 0.002508 -0.003086 -0.005015
0 0.001415 0.003279 -0.002315 -0.006559
0 0.001415 0.003279 -0.002315 -0.006559
0 0.007202 0.012346 -0.013889 -0.024691
0 0.017618 0.029900 -0.034722 -0.059799
0 0.001800 0.002508 -0.003086 -0.005015
0 0.001800 0.002508 -0.003086 -0.005015
0 0.006173 0.009452 -0.011831 -0.018904
0 0.004758 0.007909 -0.009002 -0.015818
0 0.006173 0.009452 -0.011831 -0.018904
0 0.004758 0.007909 -0.009002 -0.015818
0 0.004758 0.007909 -0.009002 -0.015818
0 0.006173 0.009452 -0.011831 -0.018904
0 0.007202 0.012346 -0.013889 -0.024691
0 0.004758 0.007909 -0.009002 -0.015818
0 0.004758 0.007909 -0.009002 -0.015818
0 0.003086 0.004823 -0.005658 -0.009645
0 0.004758 0.007909 -0.009002 -0.015818
0 0.004758 0.007909 -0.009002 -0.015818
0 0.007202 0.012346 -0.013889 -0.024691
0 0.004758 0.007909 -0.009002 -0.015818
0 0.005401 0.008681 -0.010288 -0.017361
0 0.002829 0.005208 -0.005144 -0.010417
0 0.001800 0.002508 -0.003086 -0.005015
0 0.004758 0.007909 -0.009002 -0.015818
0 0.004758 0.007909 -0.009002 -0.015818
0 0.006173 0.009452 -0.011831 -0.018904
0 0.006173 0.009452 -0.011831 -0.018904
0 0.004758 0.007909 -0.009002 -0.015818
0 0.002829 0.005208 -0.005144 -0.010417
0 0.004758 0.007909 -0.009002 -0.015818
0 0.004758 0.007909 -0.009002 -0.015818
0 0.001800 0.002508 -0.003086 -0.005015
0 0.004758 0.007909 -0.009002 -0.015818
0 0.001800 0.002508 -0.003086 -0.005015
0 0.001415 0.003279 -0.002315 -0.006559
0 0.001800 0.002508 -0.003086 -0.005015
0 0.003086 0.004823 -0.005658 -0.009645
0 0.007202 0.012346 -0.013889 -0.024691
0 0.002829 0.005208 -0.005144 -0.010417
0 0.004758 0.007909 -0.009002 -0.015818
0 0.002829 0.005208 -0.005144 -0.010417
0 0.001800 0.002508 -0.003086 -0.005015
0 0.004758 0.007909 -0.009002 -0.015818
0 0.006173 0.009452 -0.011831 -0.018904
0 0.002829 0.005208 -0.005144 -0.010417
0 0.004758 0.007909 -0.009002 -0.015818
0 0.003086 0.004823 -0.005658 -0.009645
0 0.002829 0.005208 -0.005144 -0.010417
0 0.017618 0.029900 -0.034722 -0.059799
0 0.001800 0.002508 -0.003086 -0.005015
0 0.004758 0.007909 -0.009002 -0.015818
0 0.007202 0.012346 -0.013889 -0.024691
0 0.004758 0.007909 -0.009002 -0.015818
0 0.017618 0.029900 -0.034722 -0.059799
0 0.002829 0.005208 -0.005144 -0.010417
0 0.003086 0.004823 -0.005658 -0.009645
0 0.007202 0.012346 -0.013889 -0.024691
0 0.017618 0.029900 -0.034722 -0.059799
0 0.002829 0.005208 -0.005144 -0.010417
0 0.004758 0.007909 -0.009002 -0.015818
0 0.002315 0.003858 -0.004115 -0.007716
0 0.004758 0.007909 -0.009002 -0.015818
0 0.003086 0.004823 -0.005658 -0.009645
0 0.003472 0.005594 -0.006430 -0.011188
0 0.017618 0.029900 -0.034722 -0.059799
0 0.003086 0.004823 -0.005658 -0.009645
0 0.007202 0.012346 -0.013889 -0.024691
0 0.017618 0.029900 -0.034722 -0.059799
0 0.007202 0.012346 -0.013889 -0.024691
0 0.002829 0.005208 -0.005144 -0.010417
0 0.002829 0.005208 -0.005144 -0.010417
0 0.007202 0.012346 -0.013889 -0.024691
0 0.001800 0.002508 -0.003086 -0.005015
0 0.003086 0.004823 -0.005658 -0.009645
0 0.002829 0.005208 -0.005144 -0.010417
0 0.002829 0.005208 -0.005144 -0.010417
0 0.004758 0.007909 -0.009002 -0.015818
0 0.004758 0.007909 -0.009002 -0.015818
0 0.004758 0.007909 -0.009002 -0.015818
0 0.002829 0.005208 -0.005144 -0.010417
0 0.002829 0.005208 -0.005144 -0.010417
0 0.002829 0.005208 -0.005144 -0.010417
0 0.004758 0.007909 -0.009002 -0.015818
0 0.001672 0.002701 -0.002829 -0.005401
0 0.001415 0.003279 -0.002315 -0.006559
0 0.006430 0.010031 -0.012346 -0.020062
0 0.002829 0.005208 -0.005144 -0.010417
0 0.003086 0.004823 -0.005658 -0.009645
0 0.001415 0.003279 -0.002315 -0.006559
0 0.001800 0.002508 -0.003086 -0.005015
0 0.003086 0.004823 -0.005658 -0.009645
0 0.003086 0.004823 -0.005658 -0.009645
0 0.004758 0.007909 -0.009002 -0.015818
0 0.004758 0.007909 -0.009002 -0.015818
0 0.001800 0.002508 -0.003086 -0.005015
0 0.002829 0.005208 -0.005144 -0.010417
0 0.001415 0.003279 -0.002315 -0.006559
0 0.001800 0.002508 -0.003086 -0.005015
0 0.004758 0.007909 -0.009002 -0.015818
0 0.001415 0.003279 -0.002315 -0.006559
0 0.001800 0.002508 -0.003086 -0.005015
0 0.017618 0.029900 -0.034722 -0.059799
0 0.001800 0.002508 -0.003086 -0.005015
0 0.002829 0.005208 -0.005144 -0.010417
0 0.001800 0.002508 -0.003086 -0.005015
0 0.002829 0.005208 -0.005144 -0.010417
0 0.001800 0.002508 -0.003086 -0.005015
0 0.004758 0.007909 -0.009002 -0.015818
0 0.004758 0.007909 -0.009002 -0.015818
0 0.002829 0.005208 -0.005144 -0.010417
0 0.002829 0.005208 -0.005144 -0.010417
0 0.002829 0.005208 -0.005144 -0.010417
0 0.002829 0.005208 -0.005144 -0.010417
0 0.002829 0.005208 -0.005144 -0.010417
0 0.001415 0.003279 -0.002315 -0.006559
0 0.007202 0.012346 -0.013889 -0.024691
0 0.002829 0.005208 -0.005144 -0.010417
0 0.004758 0.007909 -0.009002 -0.015818
0 0.004758 0.007909 -0.009002 -0.015818
0 0.001800 0.002508 -0.003086 -0.005015
0 0.004758 0.007909 -0.009002 -0.015818
0 0.007202 0.012346 -0.013889 -0.024691
0 0.004758 0.007909 -0.009002 -0.015818
0 0.004758 0.007909 -0.009002 -0.015818
0 0.001415 0.003279 -0.002315 -0.006559
0 0.004758 0.007909 -0.009002 -0.015818
0 0.003086 0.004823 -0.005658 -0.009645
0 0.002829 0.005208 -0.005144 -0.010417
0 0.002829 0.005208 -0.005144 -0.010417
0 0.002829 0.005208 -0.005144 -0.010417
0 0.002829 0.005208 -0.005144 -0.010417
0 0.001800 0.002508 -0.003086 -0.005015
0 0.007202 0.012346 -0.013889 -0.024691
0 0.001800 0.002508 -0.003086 -0.005015
0 0.001415 0.003279 -0.002315 -0.006559
0 0.017618 0.029900 -0.034722 -0.059799
0 0.002829 0.005208 -0.005144 -0.010417
0 0.007202 0.012346 -0.013889 -0.024691
0 0.017618 0.029900 -0.034722 -0.059799
0 0.001800 0.002508 -0.003086 -0.005015
0 0.005401 0.008681 -0.010288 -0.017361
0 0.001800 0.002508 -0.003086 -0.005015
0 0.001800 0.002508 -0.003086 -0.005015
0 0.002829 0.005208 -0.005144 -0.010417
0 0.003086 0.004823 -0.005658 -0.009645
0 0.004758 0.007909 -0.009002 -0.015818
0 0.002829 0.005208 -0.005144 -0.010417
0 0.002829 0.005208 -0.005144 -0.010417
0 0.004758 0.007909 -0.009002 -0.015818
0 0.004758 0.007909 -0.009002 -0.015818
0 0.004758 0.007909 -0.009002 -0.015818
0 0.001800 0.002508 -0.003086 -0.005015
0 0.004758 0.007909 -0.009002 -0.015818
0 0.006173 0.009452 -0.011831 -0.018904
0 0.003086 0.004823 -0.005658 -0.009645
0 0.007202 0.012346 -0.013889 -0.024691
0 0.001415 0.003279 -0.002315 -0.006559
0 0.001415 0.003279 -0.002315 -0.006559
0 0.003086 0.004823 -0.005658 -0.009645
0 0.003086 0.004823 -0.005658 -0.009645
0 0.001800 0.002508 -0.003086 -0.005015
0 0.002829 0.005208 -0.005144 -0.010417
0 0.004758 0.007909 -0.009002 -0.015818
0 0.001800 0.002508 -0.003086 -0.005015
0 0.001415 0.003279 -0.002315 -0.006559
0 0.007202 0.012346 -0.013889 -0.024691
0 0.017618 0.029900 -0.034722 -0.059799
0 0.002829 0.005208 -0.005144 -0.010417
0 0.001800 0.002508 -0.003086 -0.005015
0 0.004758 0.007909 -0.009002 -0.015818
0 0.001800 0.002508 -0.003086 -0.005015
0 0.004758 0.007909 -0.009002 -0.015818
0 0.004758 0.007909 -0.009002 -0.015818
0 0.002829 0.005208 -0.005144 -0.010417
0 0.004758 0.007909 -0.009002 -0.015818
0 0.004758 0.007909 -0.009002 -0.015818
0 0.003086 0.004823 -0.005658 -0.009645
0 0.002829 0.005208 -0.005144 -0.010417
0 0.004758 0.007909 -0.009002 -0.015818
0 0.001800 0.002508 -0.003086 -0.005015
0 0.004758 0.007909 -0.009002 -0.015818
0 0.002829 0.005208 -0.005144 -0.010417
0 0.003086 0.004823 -0.005658 -0.009645
0 0.007202 0.012346 -0.013889 -0.024691
0 0.003086 0.004823 -0.005658 -0.009645
0 0.004758 0.007909 -0.009002 -0.015818
0 0.003086 0.004823 -0.005658 -0.009645
0 0.007202 0.012346 -0.013889 -0.024691
0 0.001415 0.003279 -0.002315 -0.006559
0 0.007202 0.012346 -0.013889 -0.024691
0 0.017618 0.029900 -0.034722 -0.059799
0 0.002829 0.005208 -0.005144 -0.010417
0 0.002829 0.005208 -0.005144 -0.010417
0 0.001415 0.003279 -0.002315 -0.006559
0 0.001800 0.002508 -0.003086 -0.005015
0 0.006173 0.009452 -0.011831 -0.018904
0 0.001415 0.003279 -0.002315 -0.006559
0 0.004758 0.007909 -0.009002 -0.015818
0 0.004758 0.007909 -0.009002 -0.015818
0 0.006173 0.009452 -0.011831 -0.018904
0 0.001800 0.002508 -0.003086 -0.005015
0 0.006173 0.009452 -0.011831 -0.018904
0 0.004758 0.007909 -0.009002 -0.015818
0 0.004758 0.007909 -0.009002 -0.015818
0 0.003472 0.005594 -0.006430 -0.011188
0 0.007202 0.012346 -0.013889 -0.024691
0 0.001415 0.003279 -0.002315 -0.006559
0 0.001800 0.002508 -0.003086 -0.005015
0 0.004758 0.007909 -0.009002 -0.015818
0 0.001415 0.003279 -0.002315 -0.006559
0 0.006173 0.009452 -0.011831 -0.018904
0 0.002829 0.005208 -0.005144 -0.010417
0 0.002829 0.005208 -0.005144 -0.010417
0 0.002829 0.005208 -0.005144 -0.010417
0 0.007202 0.012346 -0.013889 -0.024691
0 0.001415 0.003279 -0.002315 -0.006559
0 0.001800 0.002508 -0.003086 -0.005015
0 0.002829 0.005208 -0.005144 -0.010417
0 0.006173 0.009452 -0.011831 -0.018904
0 0.003086 0.004823 -0.005658 -0.009645
0 0.004758 0.007909 -0.009002 -0.015818
0 0.001800 0.002508 -0.003086 -0.005015
0 0.002829 0.005208 -0.005144 -0.010417
0 0.004758 0.007909 -0.009002 -0.015818
0 0.002829 0.005208 -0.005144 -0.010417
0 0.001800 0.002508 -0.003086 -0.005015
0 0.002829 0.005208 -0.005144 -0.010417
0 0.004758 0.007909 -0.009002 -0.015818
0 0.004758 0.007909 -0.009002 -0.015818
0 0.004758 0.007909 -0.009002 -0.015818
0 0.001415 0.003279 -0.002315 -0.006559
0 0.003086 0.004823 -0.005658 -0.009645
0 0.006173 0.009452 -0.011831 -0.018904
0 0.002829 0.005208 -0.005144 -0.010417
0 0.002829 0.005208 -0.005144 -0.010417
0 0.003086 0.004823 -0.005658 -0.009645
0 0.003086 0.004823 -0.005658 -0.009645
0 0.001415 0.003279 -0.002315 -0.006559
0 0.001800 0.002508 -0.003086 -0.005015
0 0.001415 0.003279 -0.002315 -0.006559
0 0.007202 0.012346 -0.013889 -0.024691
0 0.004758 0.007909 -0.009002 -0.015818
0 0.003086 0.004823 -0.005658 -0.009645
0 0.003086 0.004823 -0.005658 -0.009645
0 0.002829 0.005208 -0.005144 -0.010417
0 0.001415 0.003279 -0.002315 -0.006559
0 0.004758 0.007909 -0.009002 -0.015818
0 0.002829 0.005208 -0.005144 -0.010417
0 0.004758 0.007909 -0.009002 -0.015818
0 0.004758 0.007909 -0.009002 -0.015818
0 0.001415 0.003279 -0.002315 -0.006559
0 0.006173 0.009452 -0.011831 -0.018904
0 0.001800 0.002508 -0.003086 -0.005015
0 0.001800 0.002508 -0.003086 -0.005015
0 0.005401 0.008681 -0.010288 -0.017361
0 0.006173 0.009452 -0.011831 -0.018904
0 0.001415 0.003279 -0.002315 -0.006559
0 0.017618 0.029900 -0.034722 -0.059799
0 0.007202 0.012346 -0.013889 -0.024691
0 0.002829 0.005208 -0.005144 -0.010417
0 0.002829 0.005208 -0.005144 -0.010417
0 0.003086 0.004823 -0.005658 -0.009645
0 0.004758 0.007909 -0.009002 -0.015818
0 0.001800 0.002508 -0.003086 -0.005015
0 0.001415 0.003279 -0.002315 -0.006559
0 0.006173 0.009452 -0.011831 -0.018904
0 0.007202 0.012346 -0.013889 -0.024691
0 0.003086 0.004823 -0.005658 -0.009645
0 0.003086 0.004823 -0.005658 -0.009645
0 0.007202 0.012346 -0.013889 -0.024691
0 0.001800 0.002508 -0.003086 -0.005015
0 0.001415 0.003279 -0.002315 -0.006559
0 0.017618 0.029900 -0.034722 -0.059799
0 0.004758 0.007909 -0.009002 -0.015818
0 0.002829 0.005208 -0.005144 -0.010417
0 0.002829 0.005208 -0.005144 -0.010417
0 0.001415 0.003279 -0.002315 -0.006559
0 0.001415 0.003279 -0.002315 -0.006559
0 0.003086 0.004823 -0.005658 -0.009645
0 0.003086 0.004823 -0.005658 -0.009645
0 0.002829 0.005208 -0.005144 -0.010417
0 0.003086 0.004823 -0.005658 -0.009645
0 0.001800 0.002508 -0.003086 -0.005015
0 0.003086 0.004823 -0.005658 -0.009645
0 0.001800 0.002508 -0.003086 -0.005015
0 0.004758 0.007909 -0.009002 -0.015818
0 0.004758 0.007909 -0.009002 -0.015818
0 0.004758 0.007909 -0.009002 -0.015818
0 0.001800 0.002508 -0.003086 -0.005015
0 0.002829 0.005208 -0.005144 -0.010417
0 0.003086 0.004823 -0.005658 -0.009645
0 0.001800 0.002508 -0.003086 -0.005015
0 0.002829 0.005208 -0.005144 -0.010417
0 0.001800 0.002508 -0.003086 -0.005015
0 0.002829 0.005208 -0.005144 -0.010417
0 0.007202 0.012346 -0.013889 -0.024691
0 0.001800 0.002508 -0.003086 -0.005015
0 0.001415 0.003279 -0.002315 -0.006559
0 0.006173 0.009452 -0.011831 -0.018904
0 0.007202 0.012346 -0.013889 -0.024691
0 0.002829 0.005208 -0.005144 -0.010417
0 0.004758 0.007909 -0.009002 -0.015818
0 0.004758 0.007909 -0.009002 -0.015818
0 0.002829 0.005208 -0.005144 -0.010417
0 0.003086 0.004823 -0.005658 -0.009645
0 0.007202 0.012346 -0.013889 -0.024691
0 0.001800 0.002508 -0.003086 -0.005015
0 0.007202 0.012346 -0.013889 -0.024691
0 0.003086 0.004823 -0.005658 -0.009645
0 0.001800 0.002508 -0.003086 -0.005015
0 0.002829 0.005208 -0.005144 -0.010417
0 0.001800 0.002508 -0.003086 -0.005015
0 0.002829 0.005208 -0.005144 -0.010417
0 0.001800 0.002508 -0.003086 -0.005015
0 0.002829 0.005208 -0.005144 -0.010417
0 0.002829 0.005208 -0.005144 -0.010417
0 0.002829 0.005208 -0.005144 -0.010417
0 0.017618 0.029900 -0.034722 -0.059799
0 0.002829 0.005208 -0.005144 -0.010417
0 0.002829 0.005208 -0.005144 -0.010417
0 0.002829 0.005208 -0.005144 -0.010417
0 0.002829 0.005208 -0.005144 -0.010417
0 0.003086 0.004823 -0.005658 -0.009645
0 0.004758 0.007909 -0.009002 -0.015818
0 0.001800 0.002508 -0.003086 -0.005015
0 0.004758 0.007909 -0.009002 -0.015818
0 0.003086 0.004823 -0.005658 -0.009645
0 0.004758 0.007909 -0.009002 -0.015818
0 0.002829 0.005208 -0.005144 -0.010417
0 0.001800 0.002508 -0.003086 -0.005015
0 0.004758 0.007909 -0.009002 -0.015818
0 0.004758 0.007909 -0.009002 -0.015818
0 0.001800 0.002508 -0.003086 -0.005015
0 0.006173 0.009452 -0.011831 -0.018904
0 0.002829 0.005208 -0.005144 -0.010417
0 0.001800 0.002508 -0.003086 -0.005015
0 0.002829 0.005208 -0.005144 -0.010417
0 0.002829 0.005208 -0.005144 -0.010417
0 0.006173 0.009452 -0.011831 -0.018904
0 0.007202 0.012346 -0.013889 -0.024691
0 0.001800 0.002508 -0.003086 -0.005015
0 0.003086 0.004823 -0.005658 -0.009645
0 0.004758 0.007909 -0.009002 -0.015818
0 0.006173 0.009452 -0.011831 -0.018904
0 0.003086 0.004823 -0.005658 -0.009645
0 0.006173 0.009452 -0.011831 -0.018904
0 0.003086 0.004823 -0.005658 -0.009645
0 0.001415 0.003279 -0.002315 -0.006559
0 0.017618 0.029900 -0.034722 -0.059799
0 0.001800 0.002508 -0.003086 -0.005015
0 0.002829 0.005208 -0.005144 -0.010417
0 0.004758 0.007909 -0.009002 -0.015818
0 0.004758 0.007909 -0.009002 -0.015818
0 0.007202 0.012346 -0.013889 -0.024691
0 0.001800 0.002508 -0.003086 -0.005015
0 0.002829 0.005208 -0.005144 -0.010417
0 0.001800 0.002508 -0.003086 -0.005015
0 0.006173 0.009452 -0.011831 -0.018904
0 0.001415 0.003279 -0.002315 -0.006559
0 0.007202 0.012346 -0.013889 -0.024691
0 0.007202 0.012346 -0.013889 -0.024691
0 0.004758 0.007909 -0.009002 -0.015818
0 0.007202 0.012346 -0.013889 -0.024691
0 0.017618 0.029900 -0.034722 -0.059799
0 0.002829 0.005208 -0.005144 -0.010417
0 0.001415 0.003279 -0.002315 -0.006559
0 0.004758 0.007909 -0.009002 -0.015818
0 0.003086 0.004823 -0.005658 -0.009645
0 0.017618 0.029900 -0.034722 -0.059799
0 0.006173 0.009452 -0.011831 -0.018904
0 0.003086 0.004823 -0.005658 -0.009645
0 0.004758 0.007909 -0.009002 -0.015818
0 0.002701 0.004244 -0.004887 -0.008488
0 0.007202 0.012346 -0.013889 -0.024691
0 0.001800 0.002508 -0.003086 -0.005015
0 0.002829 0.005208 -0.005144 -0.010417
0 0.006173 0.009452 -0.011831 -0.018904
0 0.002829 0.005208 -0.005144 -0.010417
0 0.002829 0.005208 -0.005144 -0.010417
0 0.001800 0.002508 -0.003086 -0.005015
0 0.001800 0.002508 -0.003086 -0.005015
0 0.001800 0.002508 -0.003086 -0.005015
0 0.004758 0.007909 -0.009002 -0.015818
0 0.017618 0.029900 -0.034722 -0.059799
0 0.006173 0.009452 -0.011831 -0.018904
0 0.001415 0.003279 -0.002315 -0.006559
0 0.003086 0.004823 -0.005658 -0.009645
0 0.004758 0.007909 -0.009002 -0.015818
0 0.001800 0.002508 -0.003086 -0.005015
0 0.004758 0.007909 -0.009002 -0.015818
0 0.006173 0.009452 -0.011831 -0.018904
0 0.003086 0.004823 -0.005658 -0.009645
0 0.001415 0.003279 -0.002315 -0.006559
0 0.001800 0.002508 -0.003086 -0.005015
0 0.002829 0.005208 -0.005144 -0.010417
0 0.002829 0.005208 -0.005144 -0.010417
0 0.004758 0.007909 -0.009002 -0.015818
0 0.003086 0.004823 -0.005658 -0.009645
0 0.004758 0.007909 -0.009002 -0.015818
0 0.003086 0.004823 -0.005658 -0.009645
0 0.003086 0.004823 -0.005658 -0.009645
0 0.017618 0.029900 -0.034722 -0.059799
0 0.003086 0.004823 -0.005658 -0.009645
0 0.003086 0.004823 -0.005658 -0.009645
0 0.004758 0.007909 -0.009002 -0.015818
0 0.005015 0.007909 -0.009516 -0.015818
0 0.004758 0.007909 -0.009002 -0.015818
0 0.001800 0.002508 -0.003086 -0.005015
0 0.002829 0.005208 -0.005144 -0.010417
0 0.002829 0.005208 -0.005144 -0.010417
0 0.001800 0.002508 -0.003086 -0.005015
0 0.004758 0.007909 -0.009002 -0.015818
0 0.001800 0.002508 -0.003086 -0.005015
0 0.003086 0.004823 -0.005658 -0.009645
0 0.007202 0.012346 -0.013889 -0.024691
0 0.001800 0.002508 -0.003086 -0.005015
0 0.002829 0.005208 -0.005144 -0.010417
0 0.004758 0.007909 -0.009002 -0.015818
0 0.003086 0.004823 -0.005658 -0.009645
0 0.001415 0.003279 -0.002315 -0.006559
0 0.001800 0.002508 -0.003086 -0.005015
0 0.006173 0.009452 -0.011831 -0.018904
0 0.007202 0.012346 -0.013889 -0.024691
0 0.004758 0.007909 -0.009002 -0.015818
0 0.003086 0.004823 -0.005658 -0.009645
0 0.001800 0.002508 -0.003086 -0.005015
0 0.004758 0.007909 -0.009002 -0.015818
0 0.003086 0.004823 -0.005658 -0.009645
0 0.002829 0.005208 -0.005144 -0.010417
0 0.001800 0.002508 -0.003086 -0.005015
0 0.007202 0.012346 -0.013889 -0.024691
0 0.004758 0.007909 -0.009002 -0.015818
0 0.007202 0.012346 -0.013889 -0.024691
0 0.002829 0.005208 -0.005144 -0.010417
0 0.001800 0.002508 -0.003086 -0.005015
0 0.001800 0.002508 -0.003086 -0.005015
0 0.001800 0.002508 -0.003086 -0.005015
0 0.003086 0.004823 -0.005658 -0.009645
0 0.006173 0.009452 -0.011831 -0.018904
0 0.001415 0.003279 -0.002315 -0.006559
0 0.002829 0.005208 -0.005144 -0.010417
0 0.004758 0.007909 -0.009002 -0.015818
0 0.003086 0.004823 -0.005658 -0.009645
0 0.001800 0.002508 -0.003086 -0.005015
0 0.001415 0.003279 -0.002315 -0.006559
0 0.006173 0.009452 -0.011831 -0.018904
0 0.017618 0.029900 -0.034722 -0.059799
0 0.003086 0.004823 -0.005658 -0.009645
0 0.003086 0.004823 -0.005658 -0.009645
0 0.003086 0.004823 -0.005658 -0.009645
0 0.003086 0.004823 -0.005658 -0.009645
0 0.002829 0.005208 -0.005144 -0.010417
0 0.001800 0.002508 -0.003086 -0.005015
0 0.001800 0.002508 -0.003086 -0.005015
0 0.004758 0.007909 -0.009002 -0.015818
0 0.001415 0.003279 -0.002315 -0.006559
0 0.002829 0.005208 -0.005144 -0.010417
0 0.004758 0.007909 -0.009002 -0.015818
0 0.001800 0.002508 -0.003086 -0.005015
0 0.002315 0.003858 -0.004115 -0.007716
0 0.003086 0.004823 -0.005658 -0.009645
0 0.001415 0.003279 -0.002315 -0.006559
0 0.002829 0.005208 -0.005144 -0.010417
0 0.001800 0.002508 -0.003086 -0.005015
0 0.004758 0.007909 -0.009002 -0.015818
0 0.007202 0.012346 -0.013889 -0.024691
0 0.001800 0.002508 -0.003086 -0.005015
0 0.002829 0.005208 -0.005144 -0.010417
0 0.001800 0.002508 -0.003086 -0.005015
0 0.003086 0.004823 -0.005658 -0.009645
0 0.004758 0.007909 -0.009002 -0.015818
0 0.002315 0.003858 -0.004115 -0.007716
0 0.004758 0.007909 -0.009002 -0.015818
0 0.004758 0.007909 -0.009002 -0.015818
0 0.004758 0.007909 -0.009002 -0.015818
0 0.017618 0.029900 -0.034722 -0.059799
0 0.003086 0.004823 -0.005658 -0.009645
0 0.002829 0.005208 -0.005144 -0.010417
0 0.004758 0.007909 -0.009002 -0.015818
0 0.003086 0.004823 -0.005658 -0.009645
0 0.001800 0.002508 -0.003086 -0.005015
0 0.001800 0.002508 -0.003086 -0.005015
0 0.002829 0.005208 -0.005144 -0.010417
0 0.001800 0.002508 -0.003086 -0.005015
0 0.001800 0.002508 -0.003086 -0.005015
0 0.001800 0.002508 -0.003086 -0.005015
0 0.006173 0.009452 -0.011831 -0.018904
0 0.002829 0.005208 -0.005144 -0.010417
0 0.002829 0.005208 -0.005144 -0.010417
0 0.004758 0.007909 -0.009002 -0.015818
0 0.001800 0.002508 -0.003086 -0.005015
0 0.001800 0.002508 -0.003086 -0.005015
0 0.004758 0.007909 -0.009002 -0.015818
0 0.003086 0.004823 -0.005658 -0.009645
0 0.002829 0.005208 -0.005144 -0.010417
0 0.002829 0.005208 -0.005144 -0.010417
0 0.001415 0.003279 -0.002315 -0.006559
0 0.001800 0.002508 -0.003086 -0.005015
0 0.001800 0.002508 -0.003086 -0.005015
0 0.004758 0.007909 -0.009002 -0.015818
0 0.006173 0.009452 -0.011831 -0.018904
0 0.002829 0.005208 -0.005144 -0.010417
0 0.002829 0.005208 -0.005144 -0.010417
0 0.002829 0.005208 -0.005144 -0.010417
0 0.001800 0.002508 -0.003086 -0.005015
0 0.005015 0.008295 -0.009516 -0.016590
0 0.003086 0.004823 -0.005658 -0.009645
0 0.004758 0.007909 -0.009002 -0.015818
0 0.003086 0.004823 -0.005658 -0.009645
0 0.004758 0.007909 -0.009002 -0.015818
0 0.004758 0.007909 -0.009002 -0.015818
0 0.006173 0.009452 -0.011831 -0.018904