0 0.022124 0.034398 -0.041298 -0.068796
0 0.014749 0.022113 -0.026549 -0.044226
0 0.014749 0.022113 -0.026549 -0.044226
0 0.014749 0.022113 -0.026549 -0.044226
0 0.034661 0.055283 -0.066372 -0.110565
0 0.034661 0.055283 -0.066372 -0.110565
0 0.014749 0.022113 -0.026549 -0.044226
0 0.034661 0.055283 -0.066372 -0.110565
0 0.028761 0.040541 -0.054572 -0.081081
0 0.014749 0.022113 -0.026549 -0.044226
0 0.022124 0.034398 -0.041298 -0.068796
0 0.022124 0.034398 -0.041298 -0.068796
0 0.024336 0.042998 -0.045723 -0.085995
0 0.014749 0.022113 -0.026549 -0.044226
0 0.024336 0.042998 -0.045723 -0.085995
0 0.028761 0.040541 -0.054572 -0.081081
0 0.022124 0.034398 -0.041298 -0.068796
0 0.022124 0.034398 -0.041298 -0.068796
0 0.024336 0.042998 -0.045723 -0.085995
0 0.014749 0.022113 -0.026549 -0.044226
0 0.022124 0.034398 -0.041298 -0.068796
0 0.014749 0.022113 -0.026549 -0.044226
0 0.014749 0.022113 -0.026549 -0.044226
0 0.024336 0.042998 -0.045723 -0.085995
0 0.014749 0.022113 -0.026549 -0.044226
0 0.014749 0.022113 -0.026549 -0.044226
0 0.022124 0.034398 -0.041298 -0.068796
0 0.034661 0.055283 -0.066372 -0.110565
0 0.022124 0.034398 -0.041298 -0.068796
0 0.014749 0.022113 -0.026549 -0.044226
0 0.022124 0.034398 -0.041298 -0.068796
0 0.014749 0.022113 -0.026549 -0.044226
0 0.022124 0.034398 -0.041298 -0.068796
0 0.014749 0.022113 -0.026549 -0.044226
0 0.022124 0.034398 -0.041298 -0.068796
0 0.024336 0.042998 -0.045723 -0.085995
0 0.028761 0.040541 -0.054572 -0.081081
0 0.024336 0.042998 -0.045723 -0.085995
0 0.022124 0.034398 -0.041298 -0.068796
0 0.022124 0.034398 -0.041298 -0.068796
0 0.034661 0.055283 -0.066372 -0.110565
0 0.024336 0.042998 -0.045723 -0.085995
0 0.014749 0.022113 -0.026549 -0.044226
0 0.014749 0.022113 -0.026549 -0.044226
0 0.022124 0.034398 -0.041298 -0.068796
0 0.028761 0.040541 -0.054572 -0.081081
0 0.024336 0.042998 -0.045723 -0.085995
0 0.014749 0.022113 -0.026549 -0.044226
0 0.014749 0.022113 -0.026549 -0.044226
0 0.014749 0.022113 -0.026549 -0.044226
0 0.028761 0.040541 -0.054572 -0.081081
0 0.022124 0.034398 -0.041298 -0.068796
0 0.016224 0.024570 -0.029499 -0.049140
0 0.028761 0.040541 -0.054572 -0.081081
0 0.022124 0.034398 -0.041298 -0.068796
0 0.014749 0.022113 -0.026549 -0.044226
0 0.024336 0.042998 -0.045723 -0.085995
0 0.014749 0.022113 -0.026549 -0.044226
0 0.022124 0.034398 -0.041298 -0.068796
0 0.024336 0.042998 -0.045723 -0.085995
0 0.014749 0.022113 -0.026549 -0.044226
0 0.028761 0.040541 -0.054572 -0.081081
0 0.024336 0.042998 -0.045723 -0.085995
0 0.024336 0.042998 -0.045723 -0.085995
0 0.024336 0.042998 -0.045723 -0.085995
0 0.022124 0.034398 -0.041298 -0.068796
0 0.014749 0.022113 -0.026549 -0.044226
0 0.014749 0.022113 -0.026549 -0.044226
0 0.034661 0.055283 -0.066372 -0.110565
0 0.022124 0.034398 -0.041298 -0.068796
0 0.014749 0.022113 -0.026549 -0.044226
0 0.028761 0.040541 -0.054572 -0.081081
0 0.022124 0.034398 -0.041298 -0.068796
0 0.014749 0.022113 -0.026549 -0.044226
0 0.034661 0.055283 -0.066372 -0.110565
0 0.022124 0.034398 -0.041298 -0.068796
0 0.022124 0.034398 -0.041298 -0.068796
0 0.014749 0.022113 -0.026549 -0.044226
0 0.024336 0.042998 -0.045723 -0.085995
0 0.034661 0.055283 -0.066372 -0.110565
0 0.014749 0.022113 -0.026549 -0.044226
0 0.014749 0.022113 -0.026549 -0.044226
0 0.022124 0.034398 -0.041298 -0.068796
0 0.014749 0.022113 -0.026549 -0.044226
0 0.014749 0.022113 -0.026549 -0.044226
0 0.014749 0.022113 -0.026549 -0.044226
0 0.022124 0.034398 -0.041298 -0.068796
0 0.028761 0.040541 -0.054572 -0.081081
0 0.024336 0.042998 -0.045723 -0.085995
0 0.022124 0.034398 -0.041298 -0.068796
0 0.028761 0.040541 -0.054572 -0.081081
0 0.022124 0.034398 -0.041298 -0.068796
0 0.022124 0.034398 -0.041298 -0.068796
0 0.014749 0.022113 -0.026549 -0.044226
0 0.014749 0.022113 -0.026549 -0.044226
0 0.014749 0.022113 -0.026549 -0.044226
0 0.028761 0.040541 -0.054572 -0.081081
0 0.034661 0.055283 -0.066372 -0.110565
0 0.022124 0.034398 -0.041298 -0.068796
0 0.022124 0.034398 -0.041298 -0.068796
0 0.014749 0.022113 -0.026549 -0.044226
0 0.028761 0.040541 -0.054572 -0.081081
0 0.022124 0.034398 -0.041298 -0.068796
0 0.022124 0.034398 -0.041298 -0.068796
0 0.014749 0.022113 -0.026549 -0.044226
0 0.014749 0.022113 -0.026549 -0.044226
0 0.014749 0.022113 -0.026549 -0.044226
0 0.028761 0.040541 -0.054572 -0.081081
0 0.022124 0.034398 -0.041298 -0.068796
0 0.022124 0.034398 -0.041298 -0.068796
0 0.014749 0.022113 -0.026549 -0.044226
0 0.024336 0.042998 -0.045723 -0.085995
0 0.028761 0.040541 -0.054572 -0.081081
0 0.024336 0.042998 -0.045723 -0.085995
0 0.024336 0.042998 -0.045723 -0.085995
0 0.024336 0.042998 -0.045723 -0.085995
0 0.014749 0.022113 -0.026549 -0.044226
0 0.014749 0.022113 -0.026549 -0.044226
0 0.022124 0.034398 -0.041298 -0.068796
0 0.014749 0.022113 -0.026549 -0.044226
0 0.014749 0.022113 -0.026549 -0.044226
0 0.014749 0.022113 -0.026549 -0.044226
0 0.034661 0.055283 -0.066372 -0.110565
0 0.028761 0.040541 -0.054572 -0.081081
0 0.022124 0.034398 -0.041298 -0.068796
0 0.014749 0.022113 -0.026549 -0.044226
0 0.034661 0.055283 -0.066372 -0.110565
0 0.014749 0.022113 -0.026549 -0.044226
0 0.014749 0.022113 -0.026549 -0.044226
0 0.014749 0.022113 -0.026549 -0.044226
0 0.022124 0.034398 -0.041298 -0.068796
0 0.014749 0.022113 -0.026549 -0.044226
0 0.034661 0.055283 -0.066372 -0.110565
0 0.022124 0.034398 -0.041298 -0.068796
0 0.019912 0.030713 -0.036873 -0.061425
0 0.022124 0.034398 -0.041298 -0.068796
0 0.014749 0.022113 -0.026549 -0.044226
0 0.014749 0.022113 -0.026549 -0.044226
0 0.022124 0.034398 -0.041298 -0.068796
0 0.022124 0.034398 -0.041298 -0.068796
0 0.022124 0.034398 -0.041298 -0.068796
0 0.034661 0.055283 -0.066372 -0.110565
0 0.018437 0.028256 -0.033923 -0.056511
0 0.022124 0.034398 -0.041298 -0.068796
0 0.014749 0.022113 -0.026549 -0.044226
0 0.034661 0.055283 -0.066372 -0.110565
0 0.014749 0.022113 -0.026549 -0.044226
0 0.022124 0.034398 -0.041298 -0.068796
0 0.034661 0.055283 -0.066372 -0.110565
0 0.014749 0.022113 -0.026549 -0.044226
0 0.014749 0.022113 -0.026549 -0.044226
0 0.022124 0.034398 -0.041298 -0.068796
0 0.014749 0.022113 -0.026549 -0.044226
0 0.028761 0.040541 -0.054572 -0.081081
0 0.014749 0.022113 -0.026549 -0.044226
0 0.014749 0.022113 -0.026549 -0.044226
0 0.024336 0.042998 -0.045723 -0.085995
0 0.022124 0.034398 -0.041298 -0.068796
0 0.014749 0.022113 -0.026549 -0.044226
0 0.022124 0.034398 -0.041298 -0.068796
0 0.014749 0.022113 -0.026549 -0.044226
0 0.014749 0.022113 -0.026549 -0.044226
0 0.014749 0.022113 -0.026549 -0.044226
0 0.022124 0.034398 -0.041298 -0.068796
0 0.022124 0.034398 -0.041298 -0.068796
0 0.014749 0.022113 -0.026549 -0.044226
0 0.034661 0.055283 -0.066372 -0.110565
0 0.014749 0.022113 -0.026549 -0.044226
0 0.014749 0.022113 -0.026549 -0.044226
0 0.028761 0.040541 -0.054572 -0.081081
0 0.022124 0.035627 -0.041298 -0.071253
0 0.022124 0.034398 -0.041298 -0.068796
0 0.014749 0.022113 -0.026549 -0.044226
0 0.014749 0.022113 -0.026549 -0.044226
0 0.022124 0.034398 -0.041298 -0.068796
0 0.022124 0.034398 -0.041298 -0.068796
0 0.014749 0.022113 -0.026549 -0.044226
0 0.024336 0.042998 -0.045723 -0.085995
0 0.022124 0.034398 -0.041298 -0.068796
0 0.014749 0.022113 -0.026549 -0.044226
0 0.022124 0.034398 -0.041298 -0.068796
0 0.022124 0.034398 -0.041298 -0.068796
0 0.014749 0.022113 -0.026549 -0.044226
0 0.022124 0.034398 -0.041298 -0.068796
0 0.014749 0.022113 -0.026549 -0.044226
0 0.022124 0.034398 -0.041298 -0.068796
0 0.014749 0.022113 -0.026549 -0.044226
0 0.014749 0.022113 -0.026549 -0.044226
0 0.022124 0.034398 -0.041298 -0.068796
0 0.022124 0.034398 -0.041298 -0.068796
0 0.014749 0.022113 -0.026549 -0.044226
0 0.024336 0.042998 -0.045723 -0.085995
0 0.022124 0.035627 -0.041298 -0.071253
0 0.022124 0.034398 -0.041298 -0.068796
0 0.014749 0.022113 -0.026549 -0.044226
0 0.024336 0.042998 -0.045723 -0.085995
0 0.022124 0.034398 -0.041298 -0.068796
0 0.022124 0.034398 -0.041298 -0.068796
0 0.024336 0.042998 -0.045723 -0.085995
0 0.024336 0.042998 -0.045723 -0.085995
0 0.014749 0.022113 -0.026549 -0.044226
0 0.024336 0.042998 -0.045723 -0.085995
0 0.014749 0.022113 -0.026549 -0.044226
0 0.014749 0.022113 -0.026549 -0.044226
0 0.034661 0.055283 -0.066372 -0.110565
0 0.014749 0.022113 -0.026549 -0.044226
0 0.028761 0.040541 -0.054572 -0.081081
0 0.014749 0.022113 -0.026549 -0.044226
0 0.024336 0.042998 -0.045723 -0.085995
0 0.014749 0.022113 -0.026549 -0.044226
0 0.014749 0.022113 -0.026549 -0.044226
0 0.024336 0.042998 -0.045723 -0.085995
0 0.033186 0.051597 -0.063422 -0.103194
0 0.028761 0.040541 -0.054572 -0.081081
0 0.022124 0.034398 -0.041298 -0.068796
0 0.022124 0.034398 -0.041298 -0.068796
0 0.014749 0.022113 -0.026549 -0.044226
0 0.014749 0.022113 -0.026549 -0.044226
0 0.014749 0.022113 -0.026549 -0.044226
0 0.024336 0.042998 -0.045723 -0.085995
0 0.014749 0.022113 -0.026549 -0.044226
0 0.014749 0.022113 -0.026549 -0.044226
0 0.022124 0.034398 -0.041298 -0.068796
0 0.014749 0.022113 -0.026549 -0.044226
0 0.014749 0.022113 -0.026549 -0.044226
0 0.024336 0.042998 -0.045723 -0.085995
0 0.014749 0.022113 -0.026549 -0.044226
0 0.014749 0.022113 -0.026549 -0.044226
0 0.014749 0.022113 -0.026549 -0.044226
0 0.022124 0.034398 -0.041298 -0.068796
0 0.014749 0.022113 -0.026549 -0.044226
0 0.014749 0.022113 -0.026549 -0.044226
0 0.024336 0.042998 -0.045723 -0.085995
0 0.022124 0.034398 -0.041298 -0.068796
0 0.014749 0.022113 -0.026549 -0.044226
0 0.022124 0.034398 -0.041298 -0.068796
0 0.014749 0.022113 -0.026549 -0.044226
0 0.034661 0.055283 -0.066372 -0.110565
0 0.028761 0.040541 -0.054572 -0.081081
0 0.034661 0.055283 -0.066372 -0.110565
0 0.022124 0.034398 -0.041298 -0.068796
0 0.024336 0.042998 -0.045723 -0.085995
0 0.014749 0.022113 -0.026549 -0.044226
0 0.028761 0.040541 -0.054572 -0.081081
0 0.022124 0.034398 -0.041298 -0.068796
0 0.022124 0.034398 -0.041298 -0.068796
0 0.014749 0.022113 -0.026549 -0.044226
0 0.014749 0.022113 -0.026549 -0.044226
0 0.014749 0.022113 -0.026549 -0.044226
0 0.024336 0.042998 -0.045723 -0.085995
0 0.022124 0.034398 -0.041298 -0.068796
0 0.014749 0.022113 -0.026549 -0.044226
0 0.028761 0.040541 -0.054572 -0.081081
0 0.024336 0.042998 -0.045723 -0.085995
0 0.022124 0.034398 -0.041298 -0.068796
0 0.024336 0.042998 -0.045723 -0.085995
0 0.028761 0.040541 -0.054572 -0.081081
0 0.034661 0.055283 -0.066372 -0.110565
0 0.028761 0.040541 -0.054572 -0.081081
0 0.014749 0.022113 -0.026549 -0.044226
0 0.022124 0.034398 -0.041298 -0.068796
0 0.014749 0.022113 -0.026549 -0.044226
0 0.028761 0.040541 -0.054572 -0.081081
0 0.022124 0.034398 -0.041298 -0.068796
0 0.022124 0.034398 -0.041298 -0.068796
0 0.024336 0.042998 -0.045723 -0.085995
0 0.024336 0.042998 -0.045723 -0.085995
0 0.022124 0.034398 -0.041298 -0.068796
0 0.014749 0.022113 -0.026549 -0.044226
0 0.014749 0.022113 -0.026549 -0.044226
0 0.014749 0.022113 -0.026549 -0.044226
0 0.022124 0.034398 -0.041298 -0.068796
0 0.024336 0.042998 -0.045723 -0.085995
0 0.034661 0.055283 -0.066372 -0.110565
0 0.034661 0.055283 -0.066372 -0.110565
0 0.022124 0.034398 -0.041298 -0.068796
0 0.022124 0.034398 -0.041298 -0.068796
0 0.022124 0.034398 -0.041298 -0.068796
0 0.014749 0.022113 -0.026549 -0.044226
0 0.022124 0.034398 -0.041298 -0.068796
0 0.014749 0.022113 -0.026549 -0.044226
0 0.022124 0.034398 -0.041298 -0.068796
0 0.034661 0.055283 -0.066372 -0.110565
0 0.014749 0.022113 -0.026549 -0.044226
0 0.014749 0.022113 -0.026549 -0.044226
0 0.022124 0.034398 -0.041298 -0.068796
0 0.014749 0.022113 -0.026549 -0.044226
0 0.022124 0.034398 -0.041298 -0.068796
0 0.014749 0.022113 -0.026549 -0.044226
0 0.022124 0.034398 -0.041298 -0.068796
0 0.022124 0.034398 -0.041298 -0.068796
0 0.024336 0.042998 -0.045723 -0.085995
0 0.024336 0.042998 -0.045723 -0.085995
0 0.014749 0.022113 -0.026549 -0.044226
0 0.014749 0.022113 -0.026549 -0.044226
0 0.014749 0.022113 -0.026549 -0.044226
0 0.014749 0.022113 -0.026549 -0.044226
0 0.014749 0.022113 -0.026549 -0.044226
0 0.014749 0.022113 -0.026549 -0.044226
0 0.022124 0.034398 -0.041298 -0.068796
0 0.014749 0.022113 -0.026549 -0.044226
0 0.024336 0.042998 -0.045723 -0.085995