0 0.025500 0.040480 -0.049000 -0.080960
0 0.003500 0.005247 -0.005000 -0.007496
0 0.014500 0.024738 -0.027000 -0.049475
0 0.010000 0.018741 -0.018000 -0.037481
0 0.013000 0.021739 -0.024000 -0.043478
0 0.010000 0.018741 -0.018000 -0.037481
0 0.010500 0.018741 -0.019000 -0.037481
0 0.003500 0.005247 -0.005000 -0.007496
0 0.003500 0.005247 -0.005000 -0.007496
0 0.003500 0.005247 -0.005000 -0.007496
0 0.025500 0.040480 -0.049000 -0.080960
0 0.010000 0.018741 -0.018000 -0.037481
0 0.014500 0.024738 -0.027000 -0.049475
0 0.003500 0.005247 -0.005000 -0.007496
0 0.013000 0.021739 -0.024000 -0.043478
0 0.015500 0.028486 -0.029000 -0.056972
0 0.003500 0.005247 -0.005000 -0.007496
0 0.003500 0.005247 -0.005000 -0.007496
0 0.003500 0.005247 -0.005000 -0.007496
0 0.003500 0.005247 -0.005000 -0.007496
0 0.006000 0.011994 -0.010000 -0.020990
0 0.004500 0.009745 -0.007000 -0.016492
0 0.010000 0.018741 -0.018000 -0.037481
0 0.013000 0.021739 -0.024000 -0.043478
0 0.014500 0.024738 -0.027000 -0.049475
0 0.013000 0.021739 -0.024000 -0.043478
0 0.004500 0.009745 -0.007000 -0.016492
0 0.003500 0.005247 -0.005000 -0.007496
0 0.013000 0.021739 -0.024000 -0.043478
0 0.010000 0.018741 -0.018000 -0.037481
0 0.003500 0.005247 -0.005000 -0.007496
0 0.010000 0.018741 -0.018000 -0.037481
0 0.006000 0.011244 -0.010000 -0.019490
0 0.006000 0.011994 -0.010000 -0.020990
0 0.003500 0.005247 -0.005000 -0.007496
0 0.014500 0.024738 -0.027000 -0.049475
0 0.009000 0.017241 -0.016000 -0.034483
0 0.003500 0.005247 -0.005000 -0.007496
0 0.003500 0.005247 -0.005000 -0.007496
0 0.013000 0.021739 -0.024000 -0.043478
0 0.003500 0.005247 -0.005000 -0.007496
0 0.013500 0.025487 -0.025000 -0.050975
0 0.006000 0.011244 -0.010000 -0.019490
0 0.003500 0.005247 -0.005000 -0.007496
0 0.004500 0.009745 -0.007000 -0.016492
0 0.007500 0.013493 -0.013000 -0.026987
0 0.006000 0.011244 -0.010000 -0.022489
0 0.004500 0.009745 -0.007000 -0.016492
0 0.010500 0.019490 -0.019000 -0.035982
0 0.010000 0.018741 -0.018000 -0.037481
0 0.010000 0.018741 -0.018000 -0.037481
0 0.011500 0.023238 -0.021000 -0.046477
0 0.010000 0.018741 -0.018000 -0.037481
0 0.003500 0.005247 -0.005000 -0.007496
0 0.003500 0.005247 -0.005000 -0.007496
0 0.003500 0.005247 -0.005000 -0.007496