0 0.007812 0.014815 -0.013542 -0.025926
0 0.003646 0.006481 -0.005208 -0.009259
0 0.008854 0.016667 -0.015625 -0.033333
0 0.008854 0.016667 -0.015625 -0.033333
0 0.007812 0.013889 -0.013542 -0.027778
0 0.010937 0.020370 -0.019792 -0.040741
0 0.010937 0.020370 -0.019792 -0.040741
0 0.007812 0.013889 -0.013542 -0.027778
0 0.008854 0.016667 -0.015625 -0.033333
0 0.007812 0.013889 -0.013542 -0.027778
0 0.010937 0.020370 -0.019792 -0.040741
0 0.003125 0.005556 -0.004167 -0.011111
0 0.008854 0.016667 -0.015625 -0.033333
0 0.003646 0.006481 -0.005208 -0.009259
0 0.007812 0.014815 -0.013542 -0.025926
0 0.007812 0.014815 -0.013542 -0.025926
0 0.008854 0.016667 -0.015625 -0.033333
0 0.007812 0.014815 -0.013542 -0.025926
0 0.008854 0.016667 -0.015625 -0.033333
0 0.014063 0.031481 -0.026042 -0.062963
0 0.008854 0.016667 -0.015625 -0.033333
0 0.003646 0.006481 -0.005208 -0.009259
0 0.004167 0.007407 -0.006250 -0.014815
0 0.007812 0.013889 -0.013542 -0.027778
0 0.007812 0.014815 -0.013542 -0.025926
0 0.008854 0.016667 -0.015625 -0.033333
0 0.015625 0.035185 -0.029167 -0.070370
0 0.010937 0.020370 -0.019792 -0.040741
0 0.007812 0.014815 -0.013542 -0.025926
0 0.007812 0.014815 -0.013542 -0.025926
0 0.007812 0.014815 -0.013542 -0.025926
0 0.004167 0.006481 -0.006250 -0.012963
0 0.014063 0.031481 -0.026042 -0.062963
0 0.007812 0.014815 -0.013542 -0.025926
0 0.007812 0.013889 -0.013542 -0.027778
0 0.007812 0.013889 -0.013542 -0.027778
0 0.008854 0.016667 -0.015625 -0.033333
0 0.007812 0.014815 -0.013542 -0.025926
0 0.003646 0.006481 -0.005208 -0.009259
0 0.003646 0.006481 -0.005208 -0.009259
0 0.007812 0.014815 -0.013542 -0.025926
0 0.008854 0.016667 -0.015625 -0.033333
0 0.003646 0.006481 -0.005208 -0.009259
0 0.008854 0.016667 -0.015625 -0.033333
0 0.008854 0.016667 -0.015625 -0.033333