0 0.004717 0.007722 -0.007075 -0.015444
0 0.005307 0.010618 -0.008255 -0.021236
0 0.004717 0.007722 -0.007075 -0.015444
0 0.003538 0.007722 -0.004717 -0.015444
0 0.005896 0.012548 -0.009434 -0.025097
0 0.004717 0.007722 -0.007075 -0.015444
0 0.005896 0.012548 -0.009434 -0.025097
0 0.005307 0.010618 -0.008255 -0.021236
0 0.002358 0.002896 -0.002358 -0.005792
0 0.005307 0.010618 -0.008255 -0.021236
0 0.004717 0.007722 -0.007075 -0.015444
0 0.004717 0.009653 -0.007075 -0.019305
0 0.005307 0.010618 -0.008255 -0.021236
0 0.005307 0.010618 -0.008255 -0.021236
0 0.002358 0.002896 -0.002358 -0.005792
0 0.003538 0.007722 -0.004717 -0.015444
0 0.004717 0.009653 -0.007075 -0.019305
0 0.005896 0.010618 -0.009434 -0.021236
0 0.005307 0.010618 -0.008255 -0.021236
0 0.003538 0.007722 -0.004717 -0.015444
0 0.004717 0.009653 -0.007075 -0.019305
0 0.004717 0.007722 -0.007075 -0.015444
0 0.005896 0.010618 -0.009434 -0.021236
0 0.004717 0.007722 -0.007075 -0.015444
0 0.004127 0.005792 -0.005896 -0.011583
0 0.004127 0.005792 -0.005896 -0.011583
0 0.005896 0.010618 -0.009434 -0.021236
0 0.004717 0.009653 -0.007075 -0.019305
0 0.005896 0.010618 -0.009434 -0.021236
0 0.005307 0.010618 -0.008255 -0.021236
0 0.002358 0.002896 -0.002358 -0.005792
0 0.005896 0.010618 -0.009434 -0.021236
0 0.004127 0.005792 -0.005896 -0.011583
0 0.004127 0.005792 -0.005896 -0.011583
0 0.004127 0.005792 -0.005896 -0.011583
0 0.002358 0.002896 -0.002358 -0.005792
0 0.005307 0.010618 -0.008255 -0.021236
0 0.005896 0.010618 -0.009434 -0.021236
0 0.005307 0.010618 -0.008255 -0.021236
0 0.003538 0.007722 -0.004717 -0.015444
0 0.005896 0.010618 -0.009434 -0.021236
0 0.005896 0.010618 -0.009434 -0.021236
0 0.005307 0.010618 -0.008255 -0.021236
0 0.005896 0.012548 -0.009434 -0.025097
0 0.005896 0.010618 -0.009434 -0.021236
0 0.004127 0.005792 -0.005896 -0.011583
0 0.005896 0.010618 -0.009434 -0.021236
0 0.005307 0.010618 -0.008255 -0.021236
0 0.005307 0.010618 -0.008255 -0.021236
0 0.004717 0.009653 -0.007075 -0.019305
0 0.004717 0.007722 -0.007075 -0.015444
0 0.004717 0.009653 -0.007075 -0.019305
0 0.004717 0.007722 -0.007075 -0.015444
0 0.004717 0.007722 -0.007075 -0.015444
0 0.003538 0.007722 -0.004717 -0.015444
0 0.004127 0.005792 -0.005896 -0.011583
0 0.005307 0.010618 -0.008255 -0.021236
0 0.005896 0.012548 -0.009434 -0.025097
0 0.004717 0.009653 -0.007075 -0.019305
0 0.005896 0.012548 -0.009434 -0.025097
0 0.005896 0.012548 -0.009434 -0.025097
0 0.004717 0.009653 -0.007075 -0.019305
0 0.004717 0.009653 -0.007075 -0.019305
0 0.004717 0.009653 -0.007075 -0.019305
0 0.004717 0.009653 -0.007075 -0.019305
0 0.005896 0.010618 -0.009434 -0.021236
0 0.005896 0.010618 -0.009434 -0.021236
0 0.004127 0.005792 -0.005896 -0.011583
0 0.004717 0.007722 -0.007075 -0.015444
0 0.004717 0.007722 -0.007075 -0.015444
0 0.005896 0.012548 -0.009434 -0.025097
0 0.005896 0.010618 -0.009434 -0.021236
0 0.005307 0.010618 -0.008255 -0.021236
0 0.002358 0.002896 -0.002358 -0.005792
0 0.003538 0.007722 -0.004717 -0.015444
0 0.005307 0.010618 -0.008255 -0.021236
0 0.005307 0.010618 -0.008255 -0.021236
0 0.005307 0.010618 -0.008255 -0.021236
0 0.004717 0.009653 -0.007075 -0.019305
0 0.005896 0.010618 -0.009434 -0.021236
0 0.004717 0.007722 -0.007075 -0.015444
0 0.002358 0.002896 -0.002358 -0.005792
0 0.005307 0.010618 -0.008255 -0.021236
0 0.004127 0.005792 -0.005896 -0.011583
0 0.005896 0.010618 -0.009434 -0.021236
0 0.005896 0.010618 -0.009434 -0.021236
0 0.005307 0.010618 -0.008255 -0.021236
0 0.005307 0.010618 -0.008255 -0.021236
0 0.003538 0.007722 -0.004717 -0.015444
0 0.003538 0.004826 -0.004717 -0.009653
0 0.004127 0.005792 -0.005896 -0.011583
0 0.005896 0.010618 -0.009434 -0.021236
0 0.003538 0.007722 -0.004717 -0.015444
0 0.005307 0.010618 -0.008255 -0.021236
0 0.004717 0.007722 -0.007075 -0.015444
0 0.005896 0.010618 -0.009434 -0.021236
0 0.004717 0.009653 -0.007075 -0.019305
0 0.005307 0.010618 -0.008255 -0.021236
0 0.004717 0.007722 -0.007075 -0.015444
0 0.004127 0.005792 -0.005896 -0.011583
0 0.004127 0.005792 -0.005896 -0.011583
0 0.002358 0.002896 -0.002358 -0.005792
0 0.005307 0.010618 -0.008255 -0.021236
0 0.003538 0.007722 -0.004717 -0.015444
0 0.003538 0.007722 -0.004717 -0.015444
0 0.002358 0.002896 -0.002358 -0.005792
0 0.004717 0.009653 -0.007075 -0.019305
0 0.005307 0.010618 -0.008255 -0.021236
0 0.004127 0.005792 -0.005896 -0.011583
0 0.004717 0.009653 -0.007075 -0.019305
0 0.004717 0.009653 -0.007075 -0.019305
0 0.004127 0.005792 -0.005896 -0.011583
0 0.004717 0.009653 -0.007075 -0.019305
0 0.005307 0.010618 -0.008255 -0.021236
0 0.004717 0.007722 -0.007075 -0.015444
0 0.002358 0.002896 -0.002358 -0.005792
0 0.004717 0.007722 -0.007075 -0.015444
0 0.004127 0.005792 -0.005896 -0.011583
0 0.005307 0.010618 -0.008255 -0.021236
0 0.005307 0.010618 -0.008255 -0.021236
0 0.005896 0.010618 -0.009434 -0.021236
0 0.005307 0.010618 -0.008255 -0.021236
0 0.002358 0.002896 -0.002358 -0.005792
0 0.003538 0.007722 -0.004717 -0.015444
0 0.005896 0.010618 -0.009434 -0.021236
0 0.005896 0.010618 -0.009434 -0.021236
0 0.005896 0.010618 -0.009434 -0.021236
0 0.005896 0.010618 -0.009434 -0.021236
0 0.005307 0.010618 -0.008255 -0.021236
0 0.004717 0.009653 -0.007075 -0.019305
0 0.005896 0.012548 -0.009434 -0.025097
0 0.005307 0.010618 -0.008255 -0.021236
0 0.005896 0.010618 -0.009434 -0.021236
0 0.005896 0.010618 -0.009434 -0.021236
0 0.004717 0.009653 -0.007075 -0.019305
0 0.005307 0.010618 -0.008255 -0.021236
0 0.005896 0.010618 -0.009434 -0.021236
0 0.003538 0.007722 -0.004717 -0.015444
0 0.004717 0.009653 -0.007075 -0.019305
0 0.004127 0.005792 -0.005896 -0.011583
0 0.004127 0.005792 -0.005896 -0.011583
0 0.005307 0.010618 -0.008255 -0.021236
0 0.002358 0.002896 -0.002358 -0.005792
0 0.004717 0.009653 -0.007075 -0.019305
0 0.005896 0.012548 -0.009434 -0.025097
0 0.005896 0.010618 -0.009434 -0.021236
0 0.005307 0.010618 -0.008255 -0.021236
0 0.004717 0.009653 -0.007075 -0.019305
0 0.004127 0.005792 -0.005896 -0.011583
0 0.003538 0.007722 -0.004717 -0.015444
0 0.003538 0.007722 -0.004717 -0.015444
0 0.003538 0.007722 -0.004717 -0.015444
0 0.005307 0.010618 -0.008255 -0.021236
0 0.005307 0.010618 -0.008255 -0.021236
0 0.004717 0.009653 -0.007075 -0.019305
0 0.004717 0.007722 -0.007075 -0.015444
0 0.004717 0.009653 -0.007075 -0.019305
0 0.004717 0.007722 -0.007075 -0.015444
0 0.004127 0.008687 -0.005896 -0.017375
0 0.005307 0.010618 -0.008255 -0.021236
0 0.005896 0.010618 -0.009434 -0.021236
0 0.005307 0.010618 -0.008255 -0.021236
0 0.004717 0.007722 -0.007075 -0.015444
0 0.003538 0.007722 -0.004717 -0.015444
0 0.005307 0.010618 -0.008255 -0.021236
0 0.005896 0.010618 -0.009434 -0.021236
0 0.002358 0.002896 -0.002358 -0.005792
0 0.004717 0.007722 -0.007075 -0.015444
0 0.004717 0.009653 -0.007075 -0.019305
0 0.004717 0.009653 -0.007075 -0.019305
0 0.004717 0.009653 -0.007075 -0.019305
0 0.004127 0.005792 -0.005896 -0.011583
0 0.005307 0.010618 -0.008255 -0.021236
0 0.004717 0.009653 -0.007075 -0.019305
0 0.005307 0.010618 -0.008255 -0.021236
0 0.004717 0.009653 -0.007075 -0.019305
0 0.005896 0.010618 -0.009434 -0.021236
0 0.005896 0.010618 -0.009434 -0.021236
0 0.005307 0.010618 -0.008255 -0.021236
0 0.005896 0.010618 -0.009434 -0.021236
0 0.004717 0.007722 -0.007075 -0.015444
0 0.004717 0.007722 -0.007075 -0.015444
0 0.004717 0.007722 -0.007075 -0.015444
0 0.005896 0.012548 -0.009434 -0.025097
0 0.004717 0.007722 -0.007075 -0.015444
0 0.004127 0.005792 -0.005896 -0.011583
0 0.002358 0.002896 -0.002358 -0.005792
0 0.004717 0.007722 -0.007075 -0.015444
0 0.004717 0.007722 -0.007075 -0.015444
0 0.004127 0.005792 -0.005896 -0.011583
0 0.005896 0.012548 -0.009434 -0.025097
0 0.004717 0.009653 -0.007075 -0.019305
0 0.002358 0.002896 -0.002358 -0.005792
0 0.004717 0.007722 -0.007075 -0.015444
0 0.004717 0.007722 -0.007075 -0.015444
0 0.003538 0.007722 -0.004717 -0.015444
0 0.004127 0.005792 -0.005896 -0.011583
0 0.004717 0.007722 -0.007075 -0.015444
0 0.003538 0.007722 -0.004717 -0.015444
0 0.004127 0.005792 -0.005896 -0.011583