0 0.005892 0.008861 -0.008418 -0.012658
0 0.008418 0.010127 -0.013468 -0.020253
0 0.008418 0.010127 -0.013468 -0.020253
0 0.008418 0.010127 -0.013468 -0.020253
0 0.008418 0.010127 -0.013468 -0.020253
0 0.008418 0.010127 -0.013468 -0.020253
0 0.008418 0.010127 -0.013468 -0.020253
0 0.008418 0.010127 -0.013468 -0.020253
0 0.008418 0.010127 -0.013468 -0.020253
0 0.008418 0.010127 -0.013468 -0.020253
0 0.005892 0.007595 -0.008418 -0.015190
0 0.005892 0.008861 -0.008418 -0.012658
0 0.008418 0.010127 -0.013468 -0.020253
0 0.008418 0.010127 -0.013468 -0.020253
0 0.008418 0.010127 -0.013468 -0.020253
0 0.008418 0.010127 -0.013468 -0.020253
0 0.008418 0.010127 -0.013468 -0.020253
0 0.005892 0.008861 -0.008418 -0.012658
0 0.008418 0.010127 -0.013468 -0.020253
0 0.005892 0.008861 -0.008418 -0.012658
0 0.005892 0.007595 -0.008418 -0.015190
0 0.005892 0.008861 -0.008418 -0.012658
0 0.005892 0.008861 -0.008418 -0.012658
0 0.008418 0.010127 -0.013468 -0.020253
0 0.008418 0.010127 -0.013468 -0.020253
0 0.008418 0.010127 -0.013468 -0.020253
0 0.008418 0.010127 -0.013468 -0.020253
0 0.008418 0.010127 -0.013468 -0.020253
0 0.008418 0.010127 -0.013468 -0.020253
0 0.008418 0.010127 -0.013468 -0.020253
0 0.008418 0.010127 -0.013468 -0.020253
0 0.008418 0.010127 -0.013468 -0.020253
0 0.008418 0.010127 -0.013468 -0.020253