0 0.003889 0.005833 -0.005556 -0.008333
0 0.011111 0.018333 -0.020000 -0.036667
0 0.011111 0.018333 -0.020000 -0.036667
0 0.011111 0.018333 -0.020000 -0.036667
0 0.003889 0.005833 -0.005556 -0.008333
0 0.011111 0.018333 -0.020000 -0.036667
0 0.003889 0.005000 -0.005556 -0.010000
0 0.003889 0.005833 -0.005556 -0.008333
0 0.003889 0.005833 -0.005556 -0.008333
0 0.011111 0.018333 -0.020000 -0.036667
0 0.011111 0.018333 -0.020000 -0.036667
0 0.011111 0.018333 -0.020000 -0.036667
0 0.006111 0.010833 -0.010000 -0.021667
0 0.003889 0.005000 -0.005556 -0.010000
0 0.003889 0.005000 -0.005556 -0.010000
0 0.003889 0.005833 -0.005556 -0.008333
0 0.011111 0.018333 -0.020000 -0.036667
0 0.011111 0.018333 -0.020000 -0.036667
0 0.003889 0.005833 -0.005556 -0.008333
0 0.006111 0.011667 -0.010000 -0.020000
0 0.011111 0.018333 -0.020000 -0.036667
0 0.003889 0.005833 -0.005556 -0.008333
0 0.006111 0.011667 -0.010000 -0.020000
0 0.011111 0.018333 -0.020000 -0.036667
0 0.011111 0.018333 -0.020000 -0.036667
0 0.003889 0.005833 -0.005556 -0.008333
0 0.003889 0.005000 -0.005556 -0.010000
0 0.003889 0.005000 -0.005556 -0.010000
0 0.003889 0.005833 -0.005556 -0.008333
0 0.003889 0.005000 -0.005556 -0.010000
0 0.006111 0.010833 -0.010000 -0.021667
0 0.006111 0.010833 -0.010000 -0.021667
0 0.006111 0.010833 -0.010000 -0.021667
0 0.011111 0.018333 -0.020000 -0.036667
0 0.003889 0.005000 -0.005556 -0.010000
0 0.006111 0.011667 -0.010000 -0.020000
0 0.006111 0.011667 -0.010000 -0.020000
0 0.011111 0.018333 -0.020000 -0.036667
0 0.011111 0.018333 -0.020000 -0.036667
0 0.006111 0.010833 -0.010000 -0.021667
0 0.006111 0.011667 -0.010000 -0.020000
0 0.011111 0.018333 -0.020000 -0.036667
0 0.004444 0.006667 -0.006667 -0.010000
0 0.003889 0.005833 -0.005556 -0.008333
0 0.011111 0.018333 -0.020000 -0.036667
0 0.011111 0.018333 -0.020000 -0.036667
0 0.003889 0.005000 -0.005556 -0.010000
0 0.011111 0.018333 -0.020000 -0.036667
0 0.006111 0.011667 -0.010000 -0.020000
0 0.003889 0.005833 -0.005556 -0.008333
0 0.003889 0.005833 -0.005556 -0.008333
0 0.003889 0.005833 -0.005556 -0.008333
0 0.003889 0.005833 -0.005556 -0.008333
0 0.011111 0.018333 -0.020000 -0.036667
0 0.003889 0.005833 -0.005556 -0.008333
0 0.003889 0.005000 -0.005556 -0.010000
0 0.011111 0.018333 -0.020000 -0.036667
0 0.003889 0.005000 -0.005556 -0.010000
0 0.003889 0.005833 -0.005556 -0.008333
0 0.003889 0.005833 -0.005556 -0.008333
0 0.003889 0.005833 -0.005556 -0.008333
0 0.003889 0.005833 -0.005556 -0.008333
0 0.003889 0.005833 -0.005556 -0.008333
0 0.006111 0.011667 -0.010000 -0.020000
0 0.011111 0.018333 -0.020000 -0.036667
0 0.006111 0.010833 -0.010000 -0.021667
0 0.011111 0.018333 -0.020000 -0.036667
0 0.011111 0.018333 -0.020000 -0.036667
0 0.006111 0.010833 -0.010000 -0.021667
0 0.003889 0.005833 -0.005556 -0.008333
0 0.003889 0.005833 -0.005556 -0.008333
0 0.003889 0.005000 -0.005556 -0.010000
0 0.006111 0.011667 -0.010000 -0.020000
0 0.003889 0.005833 -0.005556 -0.008333
0 0.003889 0.005833 -0.005556 -0.008333
0 0.011111 0.018333 -0.020000 -0.036667
0 0.011111 0.018333 -0.020000 -0.036667
0 0.011111 0.018333 -0.020000 -0.036667
0 0.006111 0.010833 -0.010000 -0.021667
0 0.003889 0.005833 -0.005556 -0.008333
0 0.003889 0.005000 -0.005556 -0.010000
0 0.003889 0.005833 -0.005556 -0.008333
0 0.003889 0.005000 -0.005556 -0.010000
0 0.003889 0.005833 -0.005556 -0.008333
0 0.011111 0.018333 -0.020000 -0.036667
0 0.011111 0.018333 -0.020000 -0.036667
0 0.006111 0.011667 -0.010000 -0.020000
0 0.011111 0.018333 -0.020000 -0.036667
0 0.003889 0.005000 -0.005556 -0.010000
0 0.003889 0.005833 -0.005556 -0.008333
0 0.003889 0.005833 -0.005556 -0.008333
0 0.003889 0.005833 -0.005556 -0.008333
0 0.004444 0.006667 -0.006667 -0.010000
0 0.003889 0.005833 -0.005556 -0.008333
0 0.011111 0.018333 -0.020000 -0.036667
0 0.011111 0.018333 -0.020000 -0.036667
0 0.003889 0.005833 -0.005556 -0.008333
0 0.011111 0.018333 -0.020000 -0.036667
0 0.003889 0.005833 -0.005556 -0.008333
0 0.011111 0.018333 -0.020000 -0.036667
0 0.011111 0.018333 -0.020000 -0.036667
0 0.003889 0.005833 -0.005556 -0.008333
0 0.011111 0.018333 -0.020000 -0.036667
0 0.011111 0.018333 -0.020000 -0.036667
0 0.011111 0.018333 -0.020000 -0.036667
0 0.006111 0.011667 -0.010000 -0.020000
0 0.003889 0.005000 -0.005556 -0.010000
0 0.003889 0.005833 -0.005556 -0.008333
0 0.003889 0.005833 -0.005556 -0.008333
0 0.011111 0.018333 -0.020000 -0.036667
0 0.003889 0.005000 -0.005556 -0.010000
0 0.011111 0.018333 -0.020000 -0.036667
0 0.006111 0.010833 -0.010000 -0.021667
0 0.003889 0.005000 -0.005556 -0.010000
0 0.011111 0.018333 -0.020000 -0.036667
0 0.011111 0.018333 -0.020000 -0.036667
0 0.011111 0.018333 -0.020000 -0.036667
0 0.011111 0.018333 -0.020000 -0.036667
0 0.011111 0.018333 -0.020000 -0.036667
0 0.011111 0.018333 -0.020000 -0.036667
0 0.003889 0.005000 -0.005556 -0.010000
0 0.003889 0.005000 -0.005556 -0.010000
0 0.003889 0.005000 -0.005556 -0.010000
0 0.003889 0.005000 -0.005556 -0.010000
0 0.003889 0.005833 -0.005556 -0.008333
0 0.003889 0.005000 -0.005556 -0.010000
0 0.003889 0.005833 -0.005556 -0.008333
0 0.011111 0.018333 -0.020000 -0.036667
0 0.003889 0.005000 -0.005556 -0.010000
0 0.011111 0.018333 -0.020000 -0.036667
0 0.011111 0.018333 -0.020000 -0.036667
0 0.003889 0.005833 -0.005556 -0.008333
0 0.003889 0.005833 -0.005556 -0.008333
0 0.011111 0.018333 -0.020000 -0.036667
0 0.011111 0.018333 -0.020000 -0.036667
0 0.006111 0.010833 -0.010000 -0.021667
0 0.003889 0.005000 -0.005556 -0.010000
0 0.011111 0.018333 -0.020000 -0.036667
0 0.003889 0.005000 -0.005556 -0.010000
0 0.011111 0.018333 -0.020000 -0.036667
0 0.011111 0.018333 -0.020000 -0.036667
0 0.011111 0.018333 -0.020000 -0.036667
0 0.003889 0.005833 -0.005556 -0.008333
0 0.003889 0.005833 -0.005556 -0.008333
0 0.011111 0.018333 -0.020000 -0.036667
0 0.011111 0.018333 -0.020000 -0.036667
0 0.011111 0.018333 -0.020000 -0.036667
0 0.006111 0.010833 -0.010000 -0.021667
0 0.006111 0.010833 -0.010000 -0.021667
0 0.011111 0.018333 -0.020000 -0.036667
0 0.003889 0.005833 -0.005556 -0.008333
0 0.003889 0.005833 -0.005556 -0.008333
0 0.003889 0.005000 -0.005556 -0.010000
0 0.003889 0.005833 -0.005556 -0.008333
0 0.006111 0.011667 -0.010000 -0.020000
0 0.011111 0.018333 -0.020000 -0.036667
0 0.003889 0.005833 -0.005556 -0.008333
0 0.003889 0.005833 -0.005556 -0.008333
0 0.006111 0.010833 -0.010000 -0.021667
0 0.011111 0.018333 -0.020000 -0.036667
0 0.011111 0.018333 -0.020000 -0.036667
0 0.011111 0.018333 -0.020000 -0.036667
0 0.011111 0.018333 -0.020000 -0.036667
0 0.006111 0.010833 -0.010000 -0.021667
0 0.011111 0.018333 -0.020000 -0.036667
0 0.011111 0.018333 -0.020000 -0.036667
0 0.003889 0.005000 -0.005556 -0.010000
0 0.011111 0.018333 -0.020000 -0.036667
0 0.003889 0.005000 -0.005556 -0.010000
0 0.003889 0.005833 -0.005556 -0.008333
0 0.003889 0.005000 -0.005556 -0.010000
0 0.011111 0.018333 -0.020000 -0.036667
0 0.003889 0.005833 -0.005556 -0.008333
0 0.003889 0.005000 -0.005556 -0.010000
0 0.003889 0.005833 -0.005556 -0.008333
0 0.003889 0.005833 -0.005556 -0.008333
0 0.006111 0.010833 -0.010000 -0.021667
0 0.011111 0.018333 -0.020000 -0.036667
0 0.003889 0.005000 -0.005556 -0.010000
0 0.003889 0.005833 -0.005556 -0.008333
0 0.011111 0.018333 -0.020000 -0.036667
0 0.003889 0.005000 -0.005556 -0.010000
0 0.003889 0.005833 -0.005556 -0.008333