0 0.018000 0.023238 -0.032000 -0.046477
0 0.018000 0.023988 -0.032000 -0.044978
0 0.017500 0.023988 -0.033000 -0.044978
0 0.004500 0.008996 -0.007000 -0.014993
0 0.024000 0.037481 -0.046000 -0.074963
0 0.017500 0.023988 -0.033000 -0.044978
0 0.008500 0.006747 -0.015000 -0.010495
0 0.008500 0.006747 -0.015000 -0.010495
0 0.008500 0.006747 -0.015000 -0.010495
0 0.015500 0.019490 -0.027000 -0.035982
0 0.031000 0.051724 -0.060000 -0.103448
0 0.008500 0.006747 -0.015000 -0.010495
0 0.017500 0.023238 -0.033000 -0.046477
0 0.004500 0.008996 -0.007000 -0.014993
0 0.004500 0.008996 -0.007000 -0.014993
0 0.017500 0.023238 -0.033000 -0.046477
0 0.010500 0.010495 -0.019000 -0.017991
0 0.031000 0.051724 -0.060000 -0.103448
0 0.004500 0.008996 -0.007000 -0.014993
0 0.004500 0.008996 -0.007000 -0.014993
0 0.013500 0.014993 -0.023000 -0.026987
0 0.015500 0.019490 -0.027000 -0.035982
0 0.008500 0.006747 -0.015000 -0.010495
0 0.018000 0.023238 -0.032000 -0.046477
0 0.020500 0.029985 -0.039000 -0.059970
0 0.031000 0.051724 -0.060000 -0.103448
0 0.017500 0.023238 -0.033000 -0.046477
0 0.013500 0.014993 -0.023000 -0.026987
0 0.018000 0.023238 -0.032000 -0.046477
0 0.049500 0.079460 -0.097000 -0.158921
0 0.049500 0.079460 -0.097000 -0.158921
0 0.004500 0.008996 -0.007000 -0.014993
0 0.017500 0.023988 -0.033000 -0.044978
0 0.017500 0.023238 -0.033000 -0.046477
0 0.008500 0.006747 -0.015000 -0.010495
0 0.049500 0.079460 -0.097000 -0.158921
0 0.004500 0.008996 -0.007000 -0.014993
0 0.013500 0.014993 -0.023000 -0.026987
0 0.013000 0.014993 -0.024000 -0.026987
0 0.017500 0.023238 -0.033000 -0.046477
0 0.017500 0.023238 -0.033000 -0.046477
0 0.008500 0.006747 -0.015000 -0.010495
0 0.013500 0.014993 -0.023000 -0.026987
0 0.015500 0.019490 -0.027000 -0.035982
0 0.031000 0.051724 -0.060000 -0.103448
0 0.031000 0.051724 -0.060000 -0.103448
0 0.015500 0.019490 -0.027000 -0.035982
0 0.015500 0.019490 -0.027000 -0.035982
0 0.017500 0.023238 -0.033000 -0.046477
0 0.015000 0.019490 -0.028000 -0.035982
0 0.017500 0.023238 -0.033000 -0.046477
0 0.008500 0.006747 -0.015000 -0.010495
0 0.018000 0.023238 -0.032000 -0.046477
0 0.008500 0.006747 -0.015000 -0.010495
0 0.017500 0.023988 -0.033000 -0.044978
0 0.008500 0.006747 -0.015000 -0.010495
0 0.013000 0.014993 -0.024000 -0.026987
0 0.004500 0.008996 -0.007000 -0.014993
0 0.017500 0.023238 -0.033000 -0.046477
0 0.031000 0.051724 -0.060000 -0.103448
0 0.018000 0.023988 -0.032000 -0.044978
0 0.017500 0.023238 -0.033000 -0.046477
0 0.018000 0.023988 -0.032000 -0.044978
0 0.018000 0.023988 -0.032000 -0.044978
0 0.031000 0.051724 -0.060000 -0.103448
0 0.017500 0.023988 -0.033000 -0.044978
0 0.017500 0.023238 -0.033000 -0.046477
0 0.004500 0.008996 -0.007000 -0.014993
0 0.031000 0.051724 -0.060000 -0.103448
0 0.031000 0.051724 -0.060000 -0.103448
0 0.017500 0.023238 -0.033000 -0.046477
0 0.018000 0.023238 -0.032000 -0.046477
0 0.017500 0.023988 -0.033000 -0.044978
0 0.015500 0.019490 -0.027000 -0.035982
0 0.004500 0.008996 -0.007000 -0.014993
0 0.031500 0.051724 -0.059000 -0.103448
0 0.004500 0.008996 -0.007000 -0.014993
0 0.008500 0.006747 -0.015000 -0.010495
0 0.015000 0.019490 -0.028000 -0.035982
0 0.018000 0.023238 -0.032000 -0.046477
0 0.031000 0.051724 -0.060000 -0.103448
0 0.031000 0.051724 -0.060000 -0.103448
0 0.017500 0.023238 -0.033000 -0.046477
0 0.010500 0.010495 -0.019000 -0.017991
0 0.004500 0.008996 -0.007000 -0.014993
0 0.013500 0.014993 -0.023000 -0.026987
0 0.008500 0.006747 -0.015000 -0.010495
0 0.015000 0.019490 -0.028000 -0.035982
0 0.017500 0.023988 -0.033000 -0.044978
0 0.013000 0.014993 -0.024000 -0.026987
0 0.008500 0.006747 -0.015000 -0.010495
0 0.017500 0.023238 -0.033000 -0.046477
0 0.013000 0.014993 -0.024000 -0.026987
0 0.008500 0.006747 -0.015000 -0.010495
0 0.004500 0.008996 -0.007000 -0.014993
0 0.018000 0.023988 -0.032000 -0.044978
0 0.031500 0.051724 -0.059000 -0.103448
0 0.008500 0.006747 -0.015000 -0.010495
0 0.008500 0.006747 -0.015000 -0.010495
0 0.017500 0.023238 -0.033000 -0.046477
0 0.049500 0.079460 -0.097000 -0.158921
0 0.017500 0.023988 -0.033000 -0.044978
0 0.017500 0.023238 -0.033000 -0.046477
0 0.016000 0.021739 -0.030000 -0.043478
0 0.015000 0.018741 -0.028000 -0.037481
0 0.008500 0.006747 -0.015000 -0.010495
0 0.008500 0.006747 -0.015000 -0.010495
0 0.031000 0.051724 -0.060000 -0.103448
0 0.004500 0.008996 -0.007000 -0.014993
0 0.008500 0.006747 -0.015000 -0.010495
0 0.031500 0.051724 -0.059000 -0.103448
0 0.008500 0.006747 -0.015000 -0.010495
0 0.017500 0.023988 -0.033000 -0.044978
0 0.017500 0.023238 -0.033000 -0.046477
0 0.008500 0.006747 -0.015000 -0.010495
0 0.008500 0.006747 -0.015000 -0.010495
0 0.049500 0.079460 -0.097000 -0.158921
0 0.015500 0.019490 -0.027000 -0.035982
0 0.017500 0.023238 -0.033000 -0.046477
0 0.008500 0.006747 -0.015000 -0.010495
0 0.008500 0.006747 -0.015000 -0.010495