0 0.005932 0.009040 -0.008475 -0.015819
0 0.005508 0.009040 -0.009322 -0.015819
0 0.005508 0.009040 -0.009322 -0.015819
0 0.014407 0.018079 -0.027119 -0.036158
0 0.005085 0.006780 -0.008475 -0.011299
0 0.005508 0.009040 -0.009322 -0.015819
0 0.005508 0.008475 -0.009322 -0.016949
0 0.005085 0.005650 -0.008475 -0.009040
0 0.005085 0.006780 -0.008475 -0.011299
0 0.005508 0.009040 -0.009322 -0.015819
0 0.014407 0.018079 -0.027119 -0.036158
0 0.020763 0.024294 -0.039831 -0.048588
0 0.005508 0.009040 -0.009322 -0.015819
0 0.005508 0.008475 -0.009322 -0.016949
0 0.005508 0.009040 -0.009322 -0.015819
0 0.005508 0.009040 -0.009322 -0.015819
0 0.005508 0.008475 -0.009322 -0.016949
0 0.005508 0.009040 -0.009322 -0.015819
0 0.004237 0.006215 -0.006780 -0.010169
0 0.005508 0.009040 -0.009322 -0.015819
0 0.005508 0.009040 -0.009322 -0.015819
0 0.005508 0.009040 -0.009322 -0.015819
0 0.003814 0.006215 -0.005932 -0.010169
0 0.005508 0.009040 -0.009322 -0.015819
0 0.005932 0.009040 -0.008475 -0.015819
0 0.006780 0.009605 -0.011864 -0.016949
0 0.030508 0.042938 -0.059322 -0.085876
0 0.005508 0.009040 -0.009322 -0.015819
0 0.006780 0.009605 -0.011864 -0.016949
0 0.014407 0.018079 -0.027119 -0.036158
0 0.005508 0.009040 -0.009322 -0.015819
0 0.005085 0.006215 -0.008475 -0.012429
0 0.005508 0.009040 -0.009322 -0.015819
0 0.005508 0.009040 -0.009322 -0.015819
0 0.005508 0.009040 -0.009322 -0.015819
0 0.004237 0.006215 -0.006780 -0.010169
0 0.005508 0.009040 -0.009322 -0.015819
0 0.005508 0.009040 -0.009322 -0.015819
0 0.005508 0.009040 -0.009322 -0.015819
0 0.005508 0.009040 -0.009322 -0.015819
0 0.004237 0.006215 -0.006780 -0.010169
0 0.003814 0.006215 -0.005932 -0.010169
0 0.002966 0.003955 -0.004237 -0.005650
0 0.006780 0.009605 -0.011864 -0.016949
0 0.006780 0.009605 -0.011864 -0.016949
0 0.005508 0.009040 -0.009322 -0.015819
0 0.005508 0.009040 -0.009322 -0.015819
0 0.005508 0.009040 -0.009322 -0.015819
0 0.005508 0.009040 -0.009322 -0.015819
0 0.005508 0.009040 -0.009322 -0.015819
0 0.005508 0.009040 -0.009322 -0.015819
0 0.005508 0.009040 -0.009322 -0.015819
0 0.005508 0.009040 -0.009322 -0.015819
0 0.006356 0.010169 -0.011017 -0.018079
0 0.004237 0.006215 -0.006780 -0.010169
0 0.005932 0.009040 -0.010169 -0.015819