0 0.015556 0.032075 -0.028889 -0.064151
0 0.015000 0.026415 -0.027778 -0.052830
0 0.015000 0.029245 -0.027778 -0.058491
0 0.015000 0.026415 -0.027778 -0.052830
0 0.015000 0.029245 -0.027778 -0.058491
0 0.015000 0.026415 -0.027778 -0.052830
0 0.015000 0.026415 -0.027778 -0.052830
0 0.015000 0.029245 -0.027778 -0.058491
0 0.015000 0.026415 -0.027778 -0.052830
0 0.015000 0.029245 -0.027778 -0.058491
0 0.015000 0.026415 -0.027778 -0.052830
0 0.015556 0.032075 -0.028889 -0.064151
0 0.015000 0.029245 -0.027778 -0.058491
0 0.016667 0.032075 -0.026667 -0.064151
0 0.015556 0.032075 -0.028889 -0.064151
0 0.015000 0.029245 -0.027778 -0.058491
0 0.015000 0.029245 -0.027778 -0.058491
0 0.015000 0.029245 -0.027778 -0.058491
0 0.015000 0.029245 -0.027778 -0.058491
0 0.015556 0.032075 -0.028889 -0.064151
0 0.015000 0.029245 -0.027778 -0.058491
0 0.015000 0.029245 -0.027778 -0.058491
0 0.015000 0.026415 -0.027778 -0.052830
0 0.015556 0.032075 -0.028889 -0.064151
0 0.015000 0.026415 -0.027778 -0.052830
0 0.015000 0.030189 -0.027778 -0.060377
0 0.015000 0.026415 -0.027778 -0.052830
0 0.015556 0.032075 -0.028889 -0.064151
0 0.015000 0.026415 -0.027778 -0.052830
0 0.015000 0.029245 -0.027778 -0.058491
0 0.015000 0.026415 -0.027778 -0.052830
0 0.015000 0.026415 -0.027778 -0.052830
0 0.015000 0.026415 -0.027778 -0.052830
0 0.015000 0.029245 -0.027778 -0.058491
0 0.015556 0.032075 -0.028889 -0.064151
0 0.015000 0.029245 -0.027778 -0.058491
0 0.015000 0.026415 -0.027778 -0.052830
0 0.015000 0.029245 -0.027778 -0.058491
0 0.015000 0.029245 -0.027778 -0.058491
0 0.015000 0.029245 -0.027778 -0.058491
0 0.015556 0.032075 -0.028889 -0.064151
0 0.015000 0.026415 -0.027778 -0.052830
0 0.015000 0.026415 -0.027778 -0.052830
0 0.015000 0.026415 -0.027778 -0.052830
0 0.015000 0.029245 -0.027778 -0.058491
0 0.015000 0.029245 -0.027778 -0.058491
0 0.015556 0.032075 -0.028889 -0.064151
0 0.015000 0.029245 -0.027778 -0.058491
0 0.015556 0.032075 -0.028889 -0.064151
0 0.015000 0.029245 -0.027778 -0.058491
0 0.016667 0.032075 -0.026667 -0.064151
0 0.015000 0.026415 -0.027778 -0.052830
0 0.015000 0.026415 -0.027778 -0.052830
0 0.015000 0.026415 -0.027778 -0.052830
0 0.015000 0.026415 -0.027778 -0.052830
0 0.015000 0.026415 -0.027778 -0.052830
0 0.015000 0.026415 -0.027778 -0.052830
0 0.015000 0.026415 -0.027778 -0.052830
0 0.015000 0.026415 -0.027778 -0.052830
0 0.015000 0.029245 -0.027778 -0.058491
0 0.015556 0.032075 -0.028889 -0.064151
0 0.015000 0.029245 -0.027778 -0.058491
0 0.015000 0.029245 -0.027778 -0.058491
0 0.015000 0.026415 -0.027778 -0.052830
0 0.015000 0.031132 -0.027778 -0.062264
0 0.015000 0.029245 -0.027778 -0.058491
0 0.015000 0.026415 -0.027778 -0.052830
0 0.015556 0.032075 -0.028889 -0.064151
0 0.015556 0.032075 -0.028889 -0.064151
0 0.015556 0.032075 -0.028889 -0.064151
0 0.015000 0.029245 -0.027778 -0.058491
0 0.015000 0.029245 -0.027778 -0.058491
0 0.015000 0.029245 -0.027778 -0.058491
0 0.015000 0.030189 -0.027778 -0.060377
0 0.015000 0.029245 -0.027778 -0.058491
0 0.015000 0.026415 -0.027778 -0.052830
0 0.015000 0.029245 -0.027778 -0.058491
0 0.015000 0.029245 -0.027778 -0.058491
0 0.015556 0.032075 -0.028889 -0.064151
0 0.015556 0.032075 -0.028889 -0.064151
0 0.015000 0.026415 -0.027778 -0.052830
0 0.015000 0.026415 -0.027778 -0.052830
0 0.015556 0.032075 -0.028889 -0.064151
0 0.015000 0.026415 -0.027778 -0.052830
0 0.015556 0.032075 -0.028889 -0.064151
0 0.015556 0.032075 -0.028889 -0.064151
0 0.015000 0.026415 -0.027778 -0.052830
0 0.015000 0.026415 -0.027778 -0.052830
0 0.015000 0.026415 -0.027778 -0.052830
0 0.015000 0.026415 -0.027778 -0.052830
0 0.015000 0.029245 -0.027778 -0.058491
0 0.015556 0.032075 -0.028889 -0.064151
0 0.015000 0.031132 -0.027778 -0.062264
0 0.015000 0.026415 -0.027778 -0.052830
0 0.015556 0.032075 -0.028889 -0.064151
0 0.015556 0.032075 -0.028889 -0.064151
0 0.015556 0.032075 -0.028889 -0.064151
0 0.015000 0.029245 -0.027778 -0.058491
0 0.015000 0.029245 -0.027778 -0.058491
0 0.015000 0.029245 -0.027778 -0.058491
0 0.015556 0.032075 -0.028889 -0.064151
0 0.015000 0.026415 -0.027778 -0.052830
0 0.015556 0.032075 -0.028889 -0.064151
0 0.015000 0.029245 -0.027778 -0.058491
0 0.015000 0.029245 -0.027778 -0.058491
0 0.015000 0.026415 -0.027778 -0.052830
0 0.015000 0.029245 -0.027778 -0.058491
0 0.015000 0.030189 -0.027778 -0.060377
0 0.015556 0.032075 -0.028889 -0.064151
0 0.015556 0.032075 -0.028889 -0.064151
0 0.015000 0.026415 -0.027778 -0.052830
0 0.015556 0.032075 -0.028889 -0.064151
0 0.015000 0.029245 -0.027778 -0.058491
0 0.015556 0.032075 -0.028889 -0.064151
0 0.015000 0.029245 -0.027778 -0.058491
0 0.015000 0.028302 -0.027778 -0.056604
0 0.015000 0.030189 -0.027778 -0.060377
0 0.015000 0.026415 -0.027778 -0.052830
0 0.015556 0.032075 -0.028889 -0.064151
0 0.015000 0.026415 -0.027778 -0.052830
0 0.015000 0.029245 -0.027778 -0.058491
0 0.015000 0.026415 -0.027778 -0.052830
0 0.015000 0.029245 -0.027778 -0.058491
0 0.015556 0.032075 -0.028889 -0.064151
0 0.015556 0.032075 -0.028889 -0.064151
0 0.015000 0.026415 -0.027778 -0.052830
0 0.015000 0.029245 -0.027778 -0.058491
0 0.015000 0.029245 -0.027778 -0.058491
0 0.015000 0.026415 -0.027778 -0.052830
0 0.015000 0.026415 -0.027778 -0.052830
0 0.015000 0.029245 -0.027778 -0.058491
0 0.015000 0.026415 -0.027778 -0.052830
0 0.015000 0.029245 -0.027778 -0.058491
0 0.015556 0.032075 -0.028889 -0.064151
0 0.015000 0.029245 -0.027778 -0.058491
0 0.015556 0.032075 -0.028889 -0.064151
0 0.015000 0.026415 -0.027778 -0.052830
0 0.015000 0.029245 -0.027778 -0.058491
0 0.015000 0.026415 -0.027778 -0.052830
0 0.015000 0.029245 -0.027778 -0.058491
0 0.015000 0.029245 -0.027778 -0.058491
0 0.015556 0.032075 -0.028889 -0.064151
0 0.015556 0.032075 -0.028889 -0.064151
0 0.015000 0.029245 -0.027778 -0.058491
0 0.015000 0.026415 -0.027778 -0.052830
0 0.015000 0.026415 -0.027778 -0.052830
0 0.015000 0.026415 -0.027778 -0.052830
0 0.015556 0.032075 -0.028889 -0.064151
0 0.015000 0.026415 -0.027778 -0.052830
0 0.015000 0.029245 -0.027778 -0.058491
0 0.015000 0.026415 -0.027778 -0.052830
0 0.015000 0.029245 -0.027778 -0.058491
0 0.015000 0.029245 -0.027778 -0.058491
0 0.015000 0.029245 -0.027778 -0.058491
0 0.015000 0.029245 -0.027778 -0.058491
0 0.015000 0.026415 -0.027778 -0.052830
0 0.015000 0.026415 -0.027778 -0.052830
0 0.015000 0.029245 -0.027778 -0.058491
0 0.015000 0.026415 -0.027778 -0.052830
0 0.015000 0.026415 -0.027778 -0.052830
0 0.015000 0.026415 -0.027778 -0.052830
0 0.015556 0.032075 -0.028889 -0.064151
0 0.015000 0.029245 -0.027778 -0.058491
0 0.015556 0.032075 -0.028889 -0.064151
0 0.015000 0.026415 -0.027778 -0.052830
0 0.015556 0.032075 -0.028889 -0.064151
0 0.015556 0.032075 -0.028889 -0.064151