0 0.005143 0.009434 -0.008000 -0.018868
0 0.005143 0.009434 -0.008000 -0.018868
0 0.005143 0.009434 -0.008000 -0.018868
0 0.005143 0.009434 -0.008000 -0.018868
0 0.005143 0.009434 -0.008000 -0.018868
0 0.005143 0.009434 -0.008000 -0.018868
0 0.005143 0.009434 -0.008000 -0.018868
0 0.005143 0.009434 -0.008000 -0.018868
0 0.005143 0.009434 -0.008000 -0.018868
0 0.005143 0.009434 -0.008000 -0.018868
0 0.005143 0.009434 -0.008000 -0.018868
0 0.005143 0.009434 -0.008000 -0.018868
0 0.005143 0.009434 -0.008000 -0.018868
0 0.005143 0.009434 -0.008000 -0.018868
0 0.005143 0.009434 -0.008000 -0.018868
0 0.005143 0.009434 -0.008000 -0.018868
0 0.005143 0.009434 -0.008000 -0.018868
0 0.005143 0.009434 -0.008000 -0.018868
0 0.005143 0.009434 -0.008000 -0.018868
0 0.005143 0.009434 -0.008000 -0.018868
0 0.005143 0.009434 -0.008000 -0.018868
0 0.005143 0.009434 -0.008000 -0.018868
0 0.008571 0.012007 -0.014857 -0.024014
0 0.005143 0.009434 -0.008000 -0.018868
0 0.005143 0.009434 -0.008000 -0.018868
0 0.005143 0.009434 -0.008000 -0.018868
0 0.005143 0.009434 -0.008000 -0.018868
0 0.005143 0.009434 -0.008000 -0.018868
0 0.005143 0.009434 -0.008000 -0.018868
0 0.008000 0.012007 -0.013714 -0.024014
0 0.005143 0.009434 -0.008000 -0.018868
0 0.005143 0.009434 -0.008000 -0.018868
0 0.005143 0.009434 -0.008000 -0.018868
0 0.005143 0.009434 -0.008000 -0.018868
0 0.005143 0.009434 -0.008000 -0.018868