0 0.011806 0.025000 -0.020833 -0.045000
0 0.006250 0.012500 -0.009722 -0.025000
0 0.004167 0.010000 -0.005556 -0.015000
0 0.008333 0.018750 -0.013889 -0.032500
0 0.011806 0.023750 -0.020833 -0.047500
0 0.034028 0.063750 -0.065278 -0.127500
0 0.004167 0.010000 -0.005556 -0.015000
0 0.012500 0.027500 -0.022222 -0.055000
0 0.008333 0.017500 -0.013889 -0.035000
0 0.006250 0.013750 -0.009722 -0.022500
0 0.011806 0.023750 -0.020833 -0.047500
0 0.011806 0.023750 -0.020833 -0.047500
0 0.034028 0.063750 -0.065278 -0.127500
0 0.006250 0.013750 -0.009722 -0.022500
0 0.004167 0.010000 -0.005556 -0.015000
0 0.034028 0.063750 -0.065278 -0.127500
0 0.008333 0.018750 -0.013889 -0.032500
0 0.020833 0.038750 -0.038889 -0.077500
0 0.004861 0.011250 -0.006944 -0.017500
0 0.005556 0.012500 -0.008333 -0.025000
0 0.006250 0.013750 -0.009722 -0.022500
0 0.008333 0.017500 -0.013889 -0.035000
0 0.034028 0.063750 -0.065278 -0.127500
0 0.004167 0.010000 -0.005556 -0.015000
0 0.006250 0.013750 -0.009722 -0.022500
0 0.004167 0.010000 -0.005556 -0.015000
0 0.011806 0.023750 -0.020833 -0.047500
0 0.004167 0.010000 -0.005556 -0.015000
0 0.004167 0.010000 -0.005556 -0.015000
0 0.034028 0.063750 -0.065278 -0.127500
0 0.011806 0.023750 -0.020833 -0.047500
0 0.004167 0.010000 -0.005556 -0.015000
0 0.034028 0.063750 -0.065278 -0.127500
0 0.004167 0.010000 -0.005556 -0.015000
0 0.011806 0.023750 -0.020833 -0.047500
0 0.011806 0.023750 -0.020833 -0.047500
0 0.004167 0.010000 -0.005556 -0.015000
0 0.011806 0.023750 -0.020833 -0.047500
0 0.006250 0.013750 -0.009722 -0.022500
0 0.011806 0.023750 -0.020833 -0.047500
0 0.011806 0.025000 -0.020833 -0.045000
0 0.004167 0.010000 -0.005556 -0.015000
0 0.011806 0.023750 -0.020833 -0.047500
0 0.006250 0.012500 -0.009722 -0.025000
0 0.020833 0.038750 -0.038889 -0.077500
0 0.020833 0.038750 -0.038889 -0.077500
0 0.006250 0.013750 -0.009722 -0.022500
0 0.006250 0.013750 -0.009722 -0.022500
0 0.008333 0.018750 -0.013889 -0.032500
0 0.008333 0.018750 -0.013889 -0.032500
0 0.006250 0.012500 -0.009722 -0.025000
0 0.006250 0.012500 -0.009722 -0.025000
0 0.004167 0.010000 -0.005556 -0.015000
0 0.008333 0.018750 -0.013889 -0.032500
0 0.008333 0.018750 -0.013889 -0.032500
0 0.011806 0.023750 -0.020833 -0.047500
0 0.004167 0.010000 -0.005556 -0.015000
0 0.008333 0.017500 -0.013889 -0.035000
0 0.006250 0.012500 -0.009722 -0.025000
0 0.004167 0.010000 -0.005556 -0.015000
0 0.011806 0.023750 -0.020833 -0.047500
0 0.004167 0.010000 -0.005556 -0.015000
0 0.008333 0.017500 -0.013889 -0.035000
0 0.004861 0.011250 -0.006944 -0.017500
0 0.011806 0.023750 -0.020833 -0.047500
0 0.004167 0.010000 -0.005556 -0.015000
0 0.011806 0.023750 -0.020833 -0.047500
0 0.020833 0.038750 -0.038889 -0.077500
0 0.004861 0.011250 -0.006944 -0.017500
0 0.034028 0.063750 -0.065278 -0.127500
0 0.006250 0.013750 -0.009722 -0.022500
0 0.020833 0.038750 -0.038889 -0.077500
0 0.008333 0.018750 -0.013889 -0.032500
0 0.011806 0.023750 -0.020833 -0.047500
0 0.011806 0.023750 -0.020833 -0.047500
0 0.034028 0.063750 -0.065278 -0.127500
0 0.011806 0.023750 -0.020833 -0.047500
0 0.004167 0.010000 -0.005556 -0.015000
0 0.008333 0.018750 -0.013889 -0.032500
0 0.009722 0.021250 -0.016667 -0.037500
0 0.011806 0.023750 -0.020833 -0.047500
0 0.011806 0.023750 -0.020833 -0.047500
0 0.004167 0.010000 -0.005556 -0.015000
0 0.005556 0.012500 -0.008333 -0.020000
0 0.006250 0.013750 -0.009722 -0.022500
0 0.006250 0.013750 -0.009722 -0.022500
0 0.005556 0.012500 -0.008333 -0.025000
0 0.004167 0.010000 -0.005556 -0.015000
0 0.015278 0.030000 -0.027778 -0.060000
0 0.004167 0.008750 -0.005556 -0.017500
0 0.004167 0.010000 -0.005556 -0.015000
0 0.011806 0.025000 -0.020833 -0.045000
0 0.006250 0.013750 -0.009722 -0.022500
0 0.011806 0.023750 -0.020833 -0.047500
0 0.011806 0.023750 -0.020833 -0.047500
0 0.020833 0.038750 -0.038889 -0.077500
0 0.008333 0.017500 -0.013889 -0.035000
0 0.004167 0.010000 -0.005556 -0.015000
0 0.011806 0.023750 -0.020833 -0.047500
0 0.008333 0.018750 -0.013889 -0.032500
0 0.011806 0.025000 -0.020833 -0.045000
0 0.004167 0.010000 -0.005556 -0.015000