0 0.945866 0.985942 0.049805 0.049612
0 0.943828 0.760992 0.049805 0.049612
0 0.884704 0.796595 0.049805 0.049612
0 0.735877 0.854856 0.049805 0.049612
0 0.564623 0.851619 0.049805 0.049612
0 0.500403 0.981087 0.049805 0.049612
0 0.422931 0.830581 0.049805 0.049612
0 0.467783 0.804687 0.049805 0.049612
0 0.415795 0.733480 0.049805 0.049612
0 0.320994 0.919590 0.049805 0.049612
0 0.259832 0.830581 0.049805 0.049612
0 0.203766 0.680074 0.049805 0.049612
0 0.263909 0.696258 0.049805 0.049612
0 0.238425 0.616959 0.049805 0.049612
0 0.292452 0.804687 0.049805 0.049612
0 0.112023 0.796595 0.049805 0.049612
0 0.080423 0.947102 0.049805 0.049612
0 0.015183 0.749663 0.049805 0.049612
0 0.086539 0.738335 0.049805 0.049612
0 0.056978 0.678456 0.049805 0.049612
0 0.120178 0.591065 0.049805 0.049612
0 0.165031 0.612104 0.049805 0.049612
0 0.136488 0.537660 0.049805 0.049612
0 0.103868 0.500438 0.049805 0.049612
0 0.056978 0.537660 0.049805 0.049612
0 0.013145 0.534423 0.049805 0.049612
0 0.000912 0.600776 0.049805 0.049612
0 0.295510 0.600776 0.049805 0.049612
0 0.230270 0.552225 0.049805 0.049612
0 0.208863 0.508530 0.049805 0.049612
0 0.188476 0.500438 0.049805 0.049612
0 0.148721 0.450269 0.049805 0.049612
0 0.170127 0.447033 0.049805 0.049612
0 0.077365 0.477781 0.049805 0.049612
0 0.034551 0.492346 0.049805 0.049612
0 0.060036 0.443796 0.049805 0.049612
0 0.338323 0.654181 0.049805 0.049612
0 0.364827 0.576500 0.049805 0.049612
0 0.393369 0.563554 0.049805 0.049612
0 0.418853 0.482636 0.049805 0.049612
0 0.367885 0.492346 0.049805 0.049612
0 0.338323 0.518240 0.049805 0.049612
0 0.259832 0.516622 0.049805 0.049612
0 0.281238 0.477781 0.049805 0.049612
0 0.256774 0.451888 0.049805 0.049612
0 0.316916 0.481018 0.049805 0.049612
0 0.477976 0.599157 0.049805 0.049612
0 0.545255 0.702731 0.049805 0.049612
0 0.518751 0.518240 0.049805 0.049612
0 0.461667 0.443796 0.049805 0.049612
0 0.616611 0.641234 0.049805 0.049612
0 0.607436 0.571645 0.049805 0.049612
0 0.603359 0.526332 0.049805 0.049612
0 0.568700 0.508530 0.049805 0.049612
0 0.674715 0.751282 0.049805 0.049612
0 0.648211 0.714060 0.049805 0.049612
0 0.657385 0.610486 0.049805 0.049612
0 0.750148 0.710823 0.049805 0.049612
0 0.787864 0.636379 0.049805 0.049612
0 0.721605 0.557080 0.049805 0.049612
0 0.705296 0.484255 0.049805 0.049612
0 0.738935 0.511767 0.049805 0.049612
0 0.791942 0.571645 0.049805 0.049612
0 0.842910 0.605631 0.049805 0.049612
0 0.832717 0.516622 0.049805 0.049612
0 0.797039 0.516622 0.049805 0.049612
0 0.759322 0.484255 0.049805 0.049612
0 0.768496 0.455124 0.049805 0.049612
0 0.802136 0.424376 0.049805 0.049612
0 0.823542 0.481018 0.049805 0.049612
0 0.863298 0.469690 0.049805 0.049612
0 0.848007 0.424376 0.049805 0.049612
0 0.888782 0.516622 0.049805 0.049612
0 0.893879 0.552225 0.049805 0.049612
0 0.921402 0.650944 0.049805 0.049612
0 0.961157 0.681693 0.049805 0.049612
0 0.941789 0.595921 0.049805 0.049612
0 0.994796 0.568409 0.049805 0.049612
0 0.927518 0.432468 0.049805 0.049612
0 0.908150 0.424376 0.049805 0.049612
0 0.891840 0.398482 0.049805 0.049612
0 0.856162 0.370971 0.049805 0.049612
0 0.822523 0.398482 0.049805 0.049612
0 0.801116 0.341840 0.049805 0.049612
0 0.784806 0.406574 0.049805 0.049612
0 0.759322 0.375826 0.049805 0.049612
0 0.773593 0.375826 0.049805 0.049612
0 0.714470 0.383917 0.049805 0.049612
0 0.701218 0.401719 0.049805 0.049612
0 0.663501 0.432468 0.049805 0.049612
0 0.666560 0.341840 0.049805 0.049612
0 0.628843 0.358024 0.049805 0.049612
0 0.601320 0.392009 0.049805 0.049612
0 0.632920 0.458361 0.049805 0.049612
0 0.571758 0.401719 0.049805 0.049612
0 0.566661 0.370971 0.049805 0.049612
0 0.579913 0.354787 0.049805 0.049612
0 0.504480 0.459980 0.049805 0.049612
0 0.522829 0.417903 0.049805 0.049612
0 0.526906 0.447033 0.049805 0.049612
0 0.471860 0.366115 0.049805 0.049612
0 0.456570 0.395246 0.049805 0.049612
0 0.453512 0.369352 0.049805 0.049612
0 0.442299 0.369352 0.049805 0.049612
0 0.435163 0.336985 0.049805 0.049612
0 0.423950 0.359642 0.049805 0.049612
0 0.398466 0.459980 0.049805 0.049612
0 0.410698 0.435704 0.049805 0.049612
0 0.394388 0.375826 0.049805 0.049612
0 0.381137 0.366115 0.049805 0.049612
0 0.358710 0.341840 0.049805 0.049612
0 0.368904 0.309473 0.049805 0.049612
0 0.384195 0.307855 0.049805 0.049612
0 0.404582 0.324038 0.049805 0.049612
0 0.185418 0.424376 0.049805 0.049612
0 0.170127 0.403337 0.049805 0.049612
0 0.139546 0.414666 0.049805 0.049612
0 0.097752 0.421139 0.049805 0.049612
0 0.057997 0.416284 0.049805 0.049612
0 0.071249 0.398482 0.049805 0.049612
0 0.065132 0.370971 0.049805 0.049612
0 0.053919 0.377444 0.049805 0.049612
0 0.042706 0.393627 0.049805 0.049612
0 0.014164 0.364497 0.049805 0.049612
0 0.004990 0.413047 0.049805 0.049612
0 0.016203 0.416284 0.049805 0.049612
0 0.042706 0.335367 0.049805 0.049612
0 0.054939 0.336985 0.049805 0.049612
0 0.059016 0.307855 0.049805 0.049612
0 0.039648 0.306237 0.049805 0.049612
0 0.027416 0.309473 0.049805 0.049612
0 0.017222 0.296527 0.049805 0.049612
0 0.030474 0.298145 0.049805 0.049612
0 0.024358 0.278725 0.049805 0.049612
0 0.006009 0.260923 0.049805 0.049612
0 0.084500 0.341840 0.049805 0.049612
0 0.146682 0.377444 0.049805 0.049612
0 0.131391 0.346695 0.049805 0.049612
0 0.144643 0.341840 0.049805 0.049612
0 0.126295 0.307855 0.049805 0.049612
0 0.123236 0.291672 0.049805 0.049612
0 0.096733 0.306237 0.049805 0.049612
0 0.088578 0.296527 0.049805 0.049612
0 0.078384 0.290053 0.049805 0.049612
0 0.070229 0.298145 0.049805 0.049612
0 0.506519 0.398482 0.049805 0.049612
0 0.336284 0.416284 0.049805 0.049612
0 0.337304 0.395246 0.049805 0.049612
0 0.292452 0.398482 0.049805 0.049612
0 0.312839 0.366115 0.049805 0.049612
0 0.298568 0.330512 0.049805 0.049612
0 0.277161 0.398482 0.049805 0.049612
0 0.246580 0.390391 0.049805 0.049612
0 0.219057 0.392009 0.049805 0.049612
0 0.200708 0.393627 0.049805 0.049612
0 0.168089 0.377444 0.049805 0.049612
0 0.192553 0.353169 0.049805 0.049612
0 0.209883 0.351550 0.049805 0.049612
0 0.232309 0.369352 0.049805 0.049612
0 0.243522 0.348314 0.049805 0.049612
0 0.250657 0.325657 0.049805 0.049612
0 0.262890 0.324038 0.049805 0.049612
0 0.261870 0.290053 0.049805 0.049612
0 0.698160 0.353169 0.049805 0.049612
0 0.682869 0.324038 0.049805 0.049612
0 0.657385 0.328894 0.049805 0.049612
0 0.735877 0.320802 0.049805 0.049612
0 0.710392 0.330512 0.049805 0.049612
0 0.712431 0.290053 0.049805 0.049612
0 0.752186 0.303000 0.049805 0.049612
0 0.789903 0.309473 0.049805 0.049612
0 0.783787 0.298145 0.049805 0.049612
0 0.801116 0.312710 0.049805 0.049612
0 0.826600 0.312710 0.049805 0.049612
0 0.834755 0.303000 0.049805 0.049612
0 0.831697 0.267396 0.049805 0.049612
0 0.872472 0.354787 0.049805 0.049612
0 0.869414 0.317565 0.049805 0.049612
0 0.877569 0.296527 0.049805 0.049612
0 0.873491 0.269015 0.049805 0.049612
0 0.866356 0.249595 0.049805 0.049612
0 0.901014 0.364497 0.049805 0.049612
0 0.916305 0.377444 0.049805 0.049612
0 0.919363 0.354787 0.049805 0.049612
0 0.982564 0.435704 0.049805 0.049612
0 0.940770 0.424376 0.049805 0.049612
0 0.961157 0.346695 0.049805 0.049612
0 0.994796 0.375826 0.049805 0.049612
0 0.979506 0.341840 0.049805 0.049612
0 0.992757 0.328894 0.049805 0.049612
0 0.673440 0.286817 0.049805 0.049612
0 0.692299 0.273061 0.049805 0.049612
0 0.707589 0.272251 0.049805 0.049612
0 0.735622 0.272251 0.049805 0.049612
0 0.753970 0.258496 0.049805 0.049612
0 0.626549 0.294908 0.049805 0.049612
0 0.610749 0.311901 0.049805 0.049612
0 0.594439 0.303000 0.049805 0.049612
0 0.588833 0.324848 0.049805 0.049612
0 0.573542 0.315138 0.049805 0.049612
0 0.532768 0.307046 0.049805 0.049612
0 0.511870 0.337794 0.049805 0.049612
0 0.530729 0.351550 0.049805 0.049612
0 0.510341 0.306237 0.049805 0.049612
0 0.542452 0.292481 0.049805 0.049612
0 0.544490 0.276297 0.049805 0.049612
0 0.585265 0.266587 0.049805 0.049612
0 0.597497 0.286007 0.049805 0.049612
0 0.880372 0.237457 0.049805 0.049612
0 0.893114 0.222083 0.049805 0.049612
0 0.886488 0.206708 0.049805 0.049612
0 0.900250 0.269015 0.049805 0.049612
0 0.934398 0.316756 0.049805 0.049612
0 0.905856 0.330512 0.049805 0.049612
0 0.926753 0.298954 0.049805 0.049612
0 0.927263 0.280343 0.049805 0.049612
0 0.926753 0.264969 0.049805 0.049612
0 0.934398 0.253640 0.049805 0.049612
0 0.952747 0.260923 0.049805 0.049612
0 0.972115 0.247976 0.049805 0.049612
0 0.957334 0.233411 0.049805 0.049612
0 0.973644 0.276297 0.049805 0.049612
0 0.981799 0.229365 0.049805 0.049612
0 0.958863 0.209136 0.049805 0.049612
0 0.942553 0.199426 0.049805 0.049612
0 0.918598 0.229365 0.049805 0.049612
0 0.918598 0.246358 0.049805 0.049612
0 0.914521 0.213182 0.049805 0.049612
0 0.881901 0.222083 0.049805 0.049612
0 0.861004 0.216419 0.049805 0.049612
0 0.845204 0.216419 0.049805 0.049612
0 0.828384 0.210754 0.049805 0.049612
0 0.817681 0.236648 0.049805 0.049612
0 0.821249 0.257686 0.049805 0.049612
0 0.795764 0.267396 0.049805 0.049612
0 0.790668 0.281152 0.049805 0.049612
0 0.766712 0.252022 0.049805 0.049612
0 0.749383 0.241503 0.049805 0.049612
0 0.741228 0.219655 0.049805 0.049612
0 0.711667 0.230984 0.049805 0.049612
0 0.684653 0.257686 0.049805 0.049612
0 0.666305 0.252831 0.049805 0.049612
0 0.643879 0.274679 0.049805 0.049612
0 0.638272 0.263351 0.049805 0.049612
0 0.634704 0.252022 0.049805 0.049612
0 0.612788 0.266587 0.049805 0.049612
0 0.606672 0.247976 0.049805 0.049612
0 0.570994 0.246358 0.049805 0.049612
0 0.531748 0.269824 0.049805 0.049612
0 0.531748 0.254450 0.049805 0.049612
0 0.507283 0.252831 0.049805 0.049612
0 0.525632 0.210754 0.049805 0.049612
0 0.539393 0.210754 0.049805 0.049612
0 0.583736 0.218037 0.049805 0.049612
0 0.595459 0.252022 0.049805 0.049612
0 0.603104 0.212373 0.049805 0.049612
0 0.586284 0.201853 0.049805 0.049612
0 0.573033 0.201853 0.049805 0.049612
0 0.612788 0.197808 0.049805 0.049612
0 0.607181 0.184052 0.049805 0.049612
0 0.599026 0.137120 0.049805 0.049612
0 0.589852 0.163013 0.049805 0.049612
0 0.625020 0.150066 0.049805 0.049612
0 0.839597 0.188097 0.049805 0.049612
0 0.823287 0.167868 0.049805 0.049612
0 0.800352 0.195380 0.049805 0.049612
0 0.803410 0.226938 0.049805 0.049612
0 0.790668 0.235839 0.049805 0.049612
0 0.771300 0.218846 0.049805 0.049612
0 0.778435 0.198617 0.049805 0.049612
0 0.800352 0.210754 0.049805 0.049612
0 0.750403 0.189716 0.049805 0.049612
0 0.731035 0.184861 0.049805 0.049612
0 0.720331 0.181624 0.049805 0.049612
0 0.705550 0.190525 0.049805 0.049612
0 0.707079 0.218037 0.049805 0.049612
0 0.690260 0.206708 0.049805 0.049612
0 0.668853 0.213182 0.049805 0.049612
0 0.662227 0.205090 0.049805 0.049612
0 0.670382 0.186479 0.049805 0.049612
0 0.659169 0.184052 0.049805 0.049612
0 0.658150 0.169487 0.049805 0.049612
0 0.643879 0.202663 0.049805 0.049612
0 0.638782 0.213182 0.049805 0.049612
0 0.639801 0.185670 0.049805 0.049612
0 0.635724 0.162204 0.049805 0.049612
0 0.626040 0.182433 0.049805 0.049612
0 0.621962 0.204281 0.049805 0.049612
0 0.617375 0.226129 0.049805 0.049612
0 0.621453 0.133074 0.049805 0.049612
0 0.626040 0.127410 0.049805 0.049612
0 0.637762 0.129837 0.049805 0.049612
0 0.645408 0.138738 0.049805 0.049612
0 0.677518 0.130646 0.049805 0.049612
0 0.684144 0.164631 0.049805 0.049612
0 0.682615 0.150876 0.049805 0.049612
0 0.674460 0.172723 0.049805 0.049612
0 0.679557 0.165441 0.049805 0.049612
0 0.662737 0.157349 0.049805 0.049612
0 0.665285 0.141165 0.049805 0.049612
0 0.697905 0.187288 0.049805 0.049612
0 0.703512 0.178387 0.049805 0.049612
0 0.696376 0.138738 0.049805 0.049612
0 0.712176 0.152494 0.049805 0.049612
0 0.697395 0.153303 0.049805 0.049612
0 0.709628 0.130646 0.049805 0.049612
0 0.725938 0.135501 0.049805 0.049612
0 0.740209 0.145211 0.049805 0.049612
0 0.761616 0.138738 0.049805 0.049612
0 0.777926 0.141165 0.049805 0.049612
0 0.791687 0.159776 0.049805 0.049612
0 0.780984 0.167868 0.049805 0.049612
0 0.810036 0.164631 0.049805 0.049612
0 0.801371 0.182433 0.049805 0.049612
0 0.977212 0.184052 0.049805 0.049612
0 0.991993 0.192143 0.049805 0.049612
0 0.996580 0.178387 0.049805 0.049612
0 0.979760 0.165441 0.049805 0.049612
0 0.991483 0.159776 0.049805 0.049612
0 0.922676 0.168677 0.049805 0.049612
0 0.906366 0.157349 0.049805 0.049612
0 0.897192 0.187288 0.049805 0.049612
0 0.872727 0.180815 0.049805 0.049612
0 0.927773 0.191334 0.049805 0.049612
0 0.848772 0.169487 0.049805 0.049612
0 0.841126 0.163013 0.049805 0.049612
0 0.835520 0.141165 0.049805 0.049612
0 0.811565 0.144402 0.049805 0.049612
0 0.820739 0.141165 0.049805 0.049612
0 0.762635 0.116890 0.049805 0.049612
0 0.878333 0.167059 0.049805 0.049612
0 0.886998 0.156540 0.049805 0.049612
0 0.958354 0.118509 0.049805 0.049612
0 0.956825 0.180006 0.049805 0.049612
0 0.960902 0.165441 0.049805 0.049612
0 0.901779 0.142109 0.049805 0.049612
0 0.885469 0.109743 0.049805 0.049612
0 0.876295 0.102460 0.049805 0.049612
0 0.876295 0.096796 0.049805 0.049612
0 0.857946 0.088704 0.049805 0.049612
0 0.868649 0.070902 0.049805 0.049612
0 0.863552 0.065238 0.049805 0.049612
0 0.852849 0.068475 0.049805 0.049612
0 0.849791 0.066047 0.049805 0.049612
0 0.872727 0.068475 0.049805 0.049612
0 0.879353 0.071711 0.049805 0.049612
0 0.881901 0.062811 0.049805 0.049612
0 0.895153 0.074139 0.049805 0.049612
0 0.900759 0.074139 0.049805 0.049612
0 0.909934 0.070902 0.049805 0.049612
0 0.912992 0.065238 0.049805 0.049612
0 0.923695 0.071711 0.049805 0.049612
0 0.927773 0.065238 0.049805 0.049612
0 0.935418 0.074948 0.049805 0.049612
0 0.938986 0.065238 0.049805 0.049612
0 0.946631 0.063620 0.049805 0.049612
0 0.952747 0.066047 0.049805 0.049612
0 0.961921 0.070902 0.049805 0.049612
0 0.976702 0.068475 0.049805 0.049612
0 0.981289 0.070902 0.049805 0.049612
0 0.984857 0.108124 0.049805 0.049612
0 0.979760 0.117834 0.049805 0.049612
0 0.995561 0.104888 0.049805 0.049612
0 0.997090 0.062811 0.049805 0.049612
0 0.832971 0.091941 0.049805 0.049612
0 0.839597 0.079803 0.049805 0.049612
0 0.844694 0.069284 0.049805 0.049612
0 0.839088 0.069284 0.049805 0.049612
0 0.829404 0.070902 0.049805 0.049612
0 0.830423 0.064429 0.049805 0.049612
0 0.825836 0.066856 0.049805 0.049612
0 0.820739 0.066856 0.049805 0.049612
0 0.821758 0.074139 0.049805 0.049612
0 0.814113 0.068475 0.049805 0.049612
0 0.810545 0.072521 0.049805 0.049612
0 0.805958 0.068475 0.049805 0.049612
0 0.794235 0.070902 0.049805 0.049612
0 0.778435 0.070093 0.049805 0.049612
0 0.784551 0.069284 0.049805 0.049612
0 0.773848 0.062811 0.049805 0.049612
0 0.766712 0.068475 0.049805 0.049612
0 0.761106 0.060383 0.049805 0.049612
0 0.756009 0.074948 0.049805 0.049612
0 0.749383 0.074139 0.049805 0.049612
0 0.752951 0.119453 0.049805 0.049612
0 0.771809 0.112170 0.049805 0.049612
0 0.789139 0.115407 0.049805 0.049612
0 0.810545 0.113788 0.049805 0.049612
0 0.849791 0.121880 0.049805 0.049612
0 0.839597 0.126735 0.049805 0.049612
0 0.928792 0.103269 0.049805 0.049612
0 0.941024 0.106506 0.049805 0.049612
0 0.742248 0.049055 0.049805 0.049612
0 0.750912 0.053100 0.049805 0.049612
0 0.763145 0.045818 0.049805 0.049612
0 0.724918 0.072521 0.049805 0.049612
0 0.697905 0.079803 0.049805 0.049612
0 0.693318 0.063620 0.049805 0.049612
0 0.699434 0.066856 0.049805 0.049612
0 0.707079 0.070093 0.049805 0.049612
0 0.713705 0.078185 0.049805 0.049612
0 0.730525 0.110552 0.049805 0.049612
0 0.707079 0.113788 0.049805 0.049612
0 0.681595 0.076567 0.049805 0.049612
0 0.681595 0.066047 0.049805 0.049612
0 0.672421 0.074139 0.049805 0.049612
0 0.664776 0.068475 0.049805 0.049612
0 0.659679 0.074139 0.049805 0.049612
0 0.650505 0.074139 0.049805 0.049612
0 0.641330 0.072521 0.049805 0.049612
0 0.641330 0.060383 0.049805 0.049612
0 0.632666 0.071711 0.049805 0.049612
0 0.627059 0.064429 0.049805 0.049612
0 0.612278 0.058765 0.049805 0.049612
0 0.601065 0.066047 0.049805 0.049612
0 0.583736 0.060383 0.049805 0.049612
0 0.540922 0.117025 0.049805 0.049612
0 0.527671 0.114598 0.049805 0.049612
0 0.516967 0.114598 0.049805 0.049612
0 0.539903 0.080612 0.049805 0.049612
0 0.513909 0.079803 0.049805 0.049612
0 0.575581 0.119453 0.049805 0.049612
0 0.658150 0.151010 0.049805 0.049612
0 0.793726 0.136445 0.049805 0.049612
0 0.797803 0.142919 0.049805 0.049612
0 0.856927 0.151820 0.049805 0.049612
0 0.480015 0.282906 0.049805 0.049612
0 0.492757 0.269959 0.049805 0.049612
0 0.486131 0.252157 0.049805 0.049612
0 0.495306 0.239210 0.049805 0.049612
0 0.474409 0.230309 0.049805 0.049612
0 0.472880 0.261867 0.049805 0.049612
0 0.464725 0.264295 0.049805 0.049612
0 0.459118 0.274814 0.049805 0.049612
0 0.446376 0.269150 0.049805 0.049612
0 0.436692 0.280478 0.049805 0.049612
0 0.447395 0.312845 0.049805 0.049612
0 0.451473 0.333074 0.049805 0.049612
0 0.476957 0.326601 0.049805 0.049612
0 0.421911 0.271577 0.049805 0.049612
0 0.421402 0.253775 0.049805 0.049612
0 0.422421 0.235974 0.049805 0.049612
0 0.445357 0.235974 0.049805 0.049612
0 0.389801 0.258630 0.049805 0.049612
0 0.395408 0.239210 0.049805 0.049612
0 0.379098 0.229500 0.049805 0.049612
0 0.367885 0.233546 0.049805 0.049612
0 0.363298 0.280478 0.049805 0.049612
0 0.342910 0.256203 0.049805 0.049612
0 0.340871 0.233546 0.049805 0.049612
0 0.342401 0.214126 0.049805 0.049612
0 0.343420 0.196324 0.049805 0.049612
0 0.322013 0.236783 0.049805 0.049612
0 0.313349 0.216553 0.049805 0.049612
0 0.298568 0.231928 0.049805 0.049612
0 0.308761 0.260249 0.049805 0.049612
0 0.303665 0.274814 0.049805 0.049612
0 0.295510 0.282906 0.049805 0.049612
0 0.320994 0.297471 0.049805 0.049612
0 0.343420 0.325792 0.049805 0.049612
0 0.353104 0.478725 0.049805 0.049612
0 0.275122 0.290188 0.049805 0.049612
0 0.276142 0.252966 0.049805 0.049612
0 0.235367 0.290188 0.049805 0.049612
0 0.235367 0.273195 0.049805 0.049612
0 0.238935 0.250539 0.049805 0.049612
0 0.244541 0.203607 0.049805 0.049612
0 0.254225 0.227882 0.049805 0.049612
0 0.263909 0.206843 0.049805 0.049612
0 0.276651 0.216553 0.049805 0.049612
0 0.288884 0.222218 0.049805 0.049612
0 0.278690 0.177713 0.049805 0.049612
0 0.292452 0.179331 0.049805 0.049612
0 0.304684 0.173667 0.049805 0.049612
0 0.272574 0.145346 0.049805 0.049612
0 0.269006 0.156675 0.049805 0.049612
0 0.257793 0.164766 0.049805 0.049612
0 0.235367 0.207652 0.049805 0.049612
0 0.225173 0.207652 0.049805 0.049612
0 0.214470 0.205225 0.049805 0.049612
0 0.221605 0.218981 0.049805 0.049612
0 0.245051 0.308799 0.049805 0.049612
0 0.210902 0.196324 0.049805 0.049612
0 0.217528 0.159911 0.049805 0.049612
0 0.215999 0.142109 0.049805 0.049612
0 0.210392 0.126735 0.049805 0.049612
0 0.227722 0.126735 0.049805 0.049612
0 0.237406 0.147774 0.049805 0.049612
0 0.244032 0.134827 0.049805 0.049612
0 0.393369 0.231928 0.049805 0.049612
0 0.408150 0.182568 0.049805 0.049612
0 0.439750 0.216553 0.049805 0.049612
0 0.458099 0.192278 0.049805 0.049612
0 0.361769 0.197942 0.049805 0.049612
0 0.368904 0.202797 0.049805 0.049612
0 0.285826 0.184996 0.049805 0.049612
0 0.289393 0.125926 0.049805 0.049612
0 0.280729 0.121880 0.049805 0.049612
0 0.258303 0.125117 0.049805 0.049612
0 0.240464 0.087086 0.049805 0.049612
0 0.241993 0.081422 0.049805 0.049612
0 0.233838 0.080612 0.049805 0.049612
0 0.249128 0.083040 0.049805 0.049612
0 0.256774 0.079803 0.049805 0.049612
0 0.272574 0.079803 0.049805 0.049612
0 0.279200 0.079803 0.049805 0.049612
0 0.285826 0.083849 0.049805 0.049612
0 0.305703 0.083040 0.049805 0.049612
0 0.316916 0.083040 0.049805 0.049612
0 0.328639 0.085467 0.049805 0.049612
0 0.334755 0.081422 0.049805 0.049612
0 0.341891 0.083849 0.049805 0.049612
0 0.358201 0.079803 0.049805 0.049612
0 0.349026 0.086277 0.049805 0.049612
0 0.360749 0.079803 0.049805 0.049612
0 0.107181 0.295852 0.049805 0.049612
0 0.099026 0.263485 0.049805 0.049612
0 0.057742 0.256203 0.049805 0.049612
0 0.047548 0.250539 0.049805 0.049612
0 0.042452 0.284524 0.049805 0.049612
0 0.040922 0.273195 0.049805 0.049612
0 0.036845 0.261867 0.049805 0.049612
0 0.024103 0.264295 0.049805 0.049612
0 0.015438 0.195515 0.049805 0.049612
0 0.034806 0.224645 0.049805 0.049612
0 0.029709 0.244874 0.049805 0.049612
0 0.042961 0.235164 0.049805 0.049612
0 0.068445 0.237592 0.049805 0.049612
0 0.098517 0.242447 0.049805 0.049612
0 0.115336 0.246493 0.049805 0.049612
0 0.142350 0.293425 0.049805 0.049612
0 0.149995 0.314463 0.049805 0.049612
0 0.142350 0.269150 0.049805 0.049612
0 0.135214 0.260249 0.049805 0.049612
0 0.165795 0.244874 0.049805 0.049612
0 0.165795 0.229500 0.049805 0.049612
0 0.149485 0.206843 0.049805 0.049612
0 0.161208 0.205225 0.049805 0.049612
0 0.184653 0.219790 0.049805 0.049612
0 0.188731 0.205225 0.049805 0.049612
0 0.166814 0.195515 0.049805 0.049612
0 0.194337 0.286142 0.049805 0.049612
0 0.181595 0.286951 0.049805 0.049612
0 0.183634 0.309608 0.049805 0.049612
0 0.181595 0.357349 0.049805 0.049612
0 0.211157 0.290188 0.049805 0.049612
0 0.188221 0.259440 0.049805 0.049612
0 0.177518 0.269959 0.049805 0.049612
0 0.193318 0.246493 0.049805 0.049612
0 0.171911 0.181759 0.049805 0.049612
0 0.165795 0.177713 0.049805 0.049612
0 0.154582 0.177713 0.049805 0.049612
0 0.137762 0.182568 0.049805 0.049612
0 0.129607 0.197133 0.049805 0.049612
0 0.117885 0.201179 0.049805 0.049612
0 0.111259 0.201179 0.049805 0.049612
0 0.093420 0.210889 0.049805 0.049612
0 0.122472 0.222218 0.049805 0.049612
0 0.177518 0.156675 0.049805 0.049612
0 0.177518 0.168003 0.049805 0.049612
0 0.188221 0.159911 0.049805 0.049612
0 0.219312 0.091941 0.049805 0.049612
0 0.216763 0.085467 0.049805 0.049612
0 0.208099 0.096796 0.049805 0.049612
0 0.196886 0.088704 0.049805 0.049612
0 0.194337 0.083849 0.049805 0.049612
0 0.180576 0.086277 0.049805 0.049612
0 0.175989 0.085467 0.049805 0.049612
0 0.167834 0.087086 0.049805 0.049612
0 0.161718 0.087086 0.049805 0.049612
0 0.155601 0.091132 0.049805 0.049612
0 0.169363 0.121880 0.049805 0.049612
0 0.174460 0.125117 0.049805 0.049612
0 0.193828 0.125926 0.049805 0.049612
0 0.144898 0.091941 0.049805 0.049612
0 0.140311 0.088704 0.049805 0.049612
0 0.131646 0.085467 0.049805 0.049612
0 0.127059 0.087895 0.049805 0.049612
0 0.107181 0.094368 0.049805 0.049612
0 0.102594 0.085467 0.049805 0.049612
0 0.095968 0.085467 0.049805 0.049612
0 0.088323 0.087895 0.049805 0.049612
0 0.082717 0.087086 0.049805 0.049612
0 0.078129 0.094368 0.049805 0.049612
0 0.074562 0.086277 0.049805 0.049612
0 0.064878 0.096796 0.049805 0.049612
0 0.054174 0.089513 0.049805 0.049612
0 0.045000 0.091132 0.049805 0.049612
0 0.027671 0.094368 0.049805 0.049612
0 0.021554 0.092750 0.049805 0.049612
0 0.014929 0.091132 0.049805 0.049612
0 0.006264 0.091132 0.049805 0.049612
0 0.032768 0.145346 0.049805 0.049612
0 0.044490 0.125926 0.049805 0.049612
0 0.051116 0.136445 0.049805 0.049612
0 0.070484 0.131590 0.049805 0.049612
0 0.082207 0.125926 0.049805 0.049612
0 0.101065 0.127544 0.049805 0.049612
0 0.112788 0.126735 0.049805 0.049612
0 0.132156 0.133209 0.049805 0.049612
0 0.143879 0.126735 0.049805 0.049612
0 0.153053 0.133209 0.049805 0.049612
0 0.123491 0.151820 0.049805 0.049612
0 0.113807 0.162339 0.049805 0.049612
0 0.134195 0.153438 0.049805 0.049612
0 0.090871 0.180141 0.049805 0.049612
0 0.081187 0.189042 0.049805 0.049612
0 0.078639 0.179331 0.049805 0.049612
0 0.075581 0.208462 0.049805 0.049612
0 0.062329 0.205225 0.049805 0.049612
0 0.068445 0.182568 0.049805 0.049612
0 0.057232 0.179331 0.049805 0.049612
0 0.041432 0.188232 0.049805 0.049612
0 0.039903 0.210889 0.049805 0.049612
0 0.005754 0.133209 0.049805 0.049612
0 0.028690 0.197942 0.049805 0.049612
0 0.016458 0.182568 0.049805 0.049612
0 0.010341 0.185805 0.049805 0.049612
0 0.003716 0.177713 0.049805 0.049612
0 0.191711 0.175306 0.049805 0.049612
0 0.492411 0.080145 0.049805 0.049612
0 0.599304 0.358094 0.049805 0.049612