0 0.526353 0.731527 0.049805 0.048828
0 0.465414 0.717541 0.049805 0.048828
0 0.572307 0.975283 0.049805 0.048828
0 0.484395 0.777481 0.049805 0.048828
0 0.654225 0.839419 0.049805 0.048828
0 0.598281 0.651607 0.049805 0.048828
0 0.621258 0.647611 0.049805 0.048828
0 0.685194 0.693565 0.049805 0.048828
0 0.741138 0.865393 0.049805 0.048828
0 0.788091 0.807451 0.049805 0.048828
0 0.825054 0.711547 0.049805 0.048828
0 0.884994 0.783475 0.049805 0.048828
0 0.920958 0.777481 0.049805 0.048828
0 0.946932 0.735523 0.049805 0.048828
0 0.979899 0.763495 0.049805 0.048828
0 0.121757 0.917341 0.049805 0.048828
0 0.034844 0.963295 0.049805 0.048828
0 0.085793 0.809449 0.049805 0.048828
0 0.104774 0.767491 0.049805 0.048828
0 0.027851 0.699559 0.049805 0.048828
0 0.077801 0.651607 0.049805 0.048828
0 0.008870 0.753505 0.049805 0.048828
0 0.003875 0.595663 0.049805 0.048828
0 0.024854 0.521737 0.049805 0.048828
0 0.008870 0.080178 0.049805 0.048828
0 0.019859 0.102156 0.049805 0.048828
0 0.028850 0.106152 0.049805 0.048828
0 0.006872 0.263994 0.049805 0.048828
0 0.021857 0.315942 0.049805 0.048828
0 0.041837 0.341916 0.049805 0.048828
0 0.049829 0.295962 0.049805 0.048828
0 0.498381 0.347910 0.049805 0.048828
0 0.568311 0.375882 0.049805 0.048828
0 0.583296 0.407850 0.049805 0.048828
0 0.596283 0.421836 0.049805 0.048828
0 0.919959 0.401856 0.049805 0.048828
0 0.948930 0.379878 0.049805 0.048828
0 0.968910 0.379878 0.049805 0.048828
0 0.998880 0.409848 0.049805 0.048828
0 0.257622 0.903355 0.049805 0.048828
0 0.282597 0.821437 0.049805 0.048828
0 0.182696 0.721537 0.049805 0.048828
0 0.246633 0.703555 0.049805 0.048828
0 0.153725 0.657601 0.049805 0.048828
0 0.138740 0.783475 0.049805 0.048828
0 0.100778 0.647611 0.049805 0.048828
0 0.120758 0.641617 0.049805 0.048828
0 0.094784 0.591667 0.049805 0.048828
0 0.060818 0.581677 0.049805 0.048828
0 0.039839 0.625633 0.049805 0.048828
0 0.258621 0.713545 0.049805 0.048828
0 0.219660 0.675583 0.049805 0.048828
0 0.334545 0.657601 0.049805 0.048828
0 0.322557 0.613645 0.049805 0.048828
0 0.380499 0.763495 0.049805 0.048828
0 0.447432 0.641617 0.049805 0.048828
0 0.434445 0.605653 0.049805 0.048828
0 0.497382 0.665593 0.049805 0.048828
0 0.528351 0.665593 0.049805 0.048828
0 0.576303 0.611647 0.049805 0.048828
0 0.738141 0.655603 0.049805 0.048828
0 0.759120 0.693565 0.049805 0.048828
0 0.875004 0.697561 0.049805 0.048828
0 0.908970 0.651607 0.049805 0.048828
0 0.876003 0.627631 0.049805 0.048828
0 0.938940 0.651607 0.049805 0.048828
0 0.932946 0.599659 0.049805 0.048828
0 0.976902 0.651607 0.049805 0.048828
0 0.964914 0.605653 0.049805 0.048828
0 0.980898 0.569689 0.049805 0.048828
0 0.987891 0.485773 0.049805 0.048828
0 0.961917 0.481777 0.049805 0.048828
0 0.949929 0.459799 0.049805 0.048828
0 0.940938 0.471787 0.049805 0.048828
0 0.931947 0.479779 0.049805 0.048828
0 0.781098 0.463795 0.049805 0.048828
0 0.803076 0.443815 0.049805 0.048828
0 0.821058 0.485773 0.049805 0.048828
0 0.703925 0.651107 0.049805 0.048828
0 0.687941 0.610148 0.049805 0.048828
0 0.654475 0.646112 0.049805 0.048828
0 0.644984 0.610148 0.049805 0.048828
0 0.627502 0.590168 0.049805 0.048828
0 0.608521 0.560198 0.049805 0.048828
0 0.601528 0.584174 0.049805 0.048828
0 0.580549 0.557201 0.049805 0.048828
0 0.567562 0.550208 0.049805 0.048828
0 0.546083 0.623135 0.049805 0.048828
0 0.519110 0.602156 0.049805 0.048828
0 0.543086 0.584174 0.049805 0.048828
0 0.527602 0.553205 0.049805 0.048828
0 0.508121 0.571187 0.049805 0.048828
0 0.638990 0.484274 0.049805 0.048828
0 0.642487 0.515243 0.049805 0.048828
0 0.654974 0.515243 0.049805 0.048828
0 0.648980 0.497261 0.049805 0.048828
0 0.654475 0.491267 0.049805 0.048828
0 0.662966 0.508250 0.049805 0.048828
0 0.643985 0.473285 0.049805 0.048828
0 0.708421 0.518240 0.049805 0.048828
0 0.710419 0.493265 0.049805 0.048828
0 0.700928 0.502256 0.049805 0.048828
0 0.691937 0.539219 0.049805 0.048828
0 0.668960 0.540218 0.049805 0.048828
0 0.719909 0.537221 0.049805 0.048828
0 0.725404 0.497261 0.049805 0.048828
0 0.734395 0.497261 0.049805 0.048828
0 0.744884 0.507251 0.049805 0.048828
0 0.747881 0.511247 0.049805 0.048828
0 0.745883 0.544214 0.049805 0.048828
0 0.733895 0.532226 0.049805 0.048828
0 0.761867 0.515243 0.049805 0.048828
0 0.761867 0.488270 0.049805 0.048828
0 0.752876 0.484274 0.049805 0.048828
0 0.683945 0.520238 0.049805 0.048828
0 0.684944 0.500258 0.049805 0.048828
0 0.678451 0.484274 0.049805 0.048828
0 0.706922 0.579179 0.049805 0.048828
0 0.684944 0.565193 0.049805 0.048828
0 0.676952 0.581177 0.049805 0.048828
0 0.653975 0.558200 0.049805 0.048828
0 0.632497 0.571187 0.049805 0.048828
0 0.616513 0.549209 0.049805 0.048828
0 0.609020 0.532226 0.049805 0.048828
0 0.583546 0.523235 0.049805 0.048828
0 0.576053 0.516242 0.049805 0.048828
0 0.502627 0.514244 0.049805 0.048828
0 0.799829 0.561197 0.049805 0.048828
0 0.823805 0.618140 0.049805 0.048828
0 0.821807 0.574184 0.049805 0.048828
0 0.830299 0.543215 0.049805 0.048828
0 0.862766 0.537221 0.049805 0.048828
0 0.899729 0.556202 0.049805 0.048828
0 0.918211 0.529229 0.049805 0.048828
0 0.934694 0.518240 0.049805 0.048828
0 0.952177 0.514244 0.049805 0.048828
0 0.965664 0.549209 0.049805 0.048828
0 0.939689 0.557201 0.049805 0.048828
0 0.916712 0.570188 0.049805 0.048828
0 0.885244 0.598160 0.049805 0.048828
0 0.804325 0.684074 0.049805 0.048828
0 0.793835 0.642116 0.049805 0.048828
0 0.756872 0.611147 0.049805 0.048828
0 0.727901 0.607151 0.049805 0.048828
0 0.781348 0.560198 0.049805 0.048828
0 0.711418 0.427331 0.049805 0.048828
0 0.755374 0.423335 0.049805 0.048828
0 0.691937 0.435323 0.049805 0.048828
0 0.764365 0.426332 0.049805 0.048828
0 0.777352 0.434324 0.049805 0.048828
0 0.781847 0.428330 0.049805 0.048828
0 0.788840 0.428330 0.049805 0.048828
0 0.792337 0.434324 0.049805 0.048828
0 0.817811 0.440318 0.049805 0.048828
0 0.823805 0.437321 0.049805 0.048828
0 0.826802 0.434324 0.049805 0.048828
0 0.831298 0.434324 0.049805 0.048828
0 0.837791 0.441317 0.049805 0.048828
0 0.843286 0.437321 0.049805 0.048828
0 0.844784 0.428330 0.049805 0.048828
0 0.852277 0.426332 0.049805 0.048828
0 0.856273 0.426332 0.049805 0.048828
0 0.866263 0.426332 0.049805 0.048828
0 0.873755 0.424334 0.049805 0.048828
0 0.893735 0.497261 0.049805 0.048828
0 0.893236 0.445313 0.049805 0.048828
0 0.881747 0.455303 0.049805 0.048828
0 0.903725 0.449309 0.049805 0.048828
0 0.904724 0.462296 0.049805 0.048828
0 0.902227 0.476282 0.049805 0.048828
0 0.891737 0.471287 0.049805 0.048828
0 0.881248 0.478280 0.049805 0.048828
0 0.654225 0.437821 0.049805 0.048828
0 0.657222 0.437821 0.049805 0.048828
0 0.661218 0.429829 0.049805 0.048828
0 0.664215 0.429829 0.049805 0.048828
0 0.669210 0.431827 0.049805 0.048828
0 0.673206 0.437821 0.049805 0.048828
0 0.677202 0.443815 0.049805 0.048828
0 0.676203 0.439819 0.049805 0.048828
0 0.679200 0.443815 0.049805 0.048828
0 0.640239 0.437821 0.049805 0.048828
0 0.634245 0.443815 0.049805 0.048828
0 0.631248 0.443815 0.049805 0.048828
0 0.625254 0.443815 0.049805 0.048828
0 0.620259 0.437821 0.049805 0.048828
0 0.613266 0.437821 0.049805 0.048828
0 0.724155 0.429829 0.049805 0.048828
0 0.726153 0.429829 0.049805 0.048828
0 0.730149 0.431827 0.049805 0.048828
0 0.735144 0.437821 0.049805 0.048828
0 0.739140 0.437821 0.049805 0.048828
0 0.743136 0.429829 0.049805 0.048828
0 0.762117 0.471787 0.049805 0.048828
0 0.757122 0.473785 0.049805 0.048828
0 0.756123 0.465793 0.049805 0.048828
0 0.751128 0.465793 0.049805 0.048828
0 0.747132 0.479779 0.049805 0.048828
0 0.740139 0.467791 0.049805 0.048828
0 0.725154 0.481777 0.049805 0.048828
0 0.733146 0.481777 0.049805 0.048828
0 0.076553 0.525233 0.049805 0.048828
0 0.051078 0.446312 0.049805 0.048828
0 0.083046 0.460298 0.049805 0.048828
0 0.072057 0.508250 0.049805 0.048828
0 0.051578 0.490268 0.049805 0.048828
0 0.173955 0.444314 0.049805 0.048828
0 0.177452 0.445313 0.049805 0.048828
0 0.183945 0.445313 0.049805 0.048828
0 0.187442 0.447311 0.049805 0.048828
0 0.297332 0.601157 0.049805 0.048828
0 0.235394 0.615143 0.049805 0.048828
0 0.200429 0.631127 0.049805 0.048828
0 0.179450 0.617141 0.049805 0.048828
0 0.154974 0.611147 0.049805 0.048828
0 0.126003 0.543215 0.049805 0.048828
0 0.128501 0.595163 0.049805 0.048828
0 0.105024 0.559199 0.049805 0.048828
0 0.148980 0.525233 0.049805 0.048828
0 0.166962 0.540218 0.049805 0.048828
0 0.190938 0.559199 0.049805 0.048828
0 0.291338 0.554204 0.049805 0.048828
0 0.359270 0.557201 0.049805 0.048828
0 0.352776 0.622136 0.049805 0.048828
0 0.335294 0.589169 0.049805 0.048828
0 0.329799 0.573185 0.049805 0.048828
0 0.393735 0.597161 0.049805 0.048828
0 0.374255 0.564194 0.049805 0.048828
0 0.382746 0.539219 0.049805 0.048828
0 0.419709 0.560198 0.049805 0.048828
0 0.436692 0.564194 0.049805 0.048828
0 0.448680 0.573185 0.049805 0.048828
0 0.457671 0.550208 0.049805 0.048828
0 0.480649 0.573185 0.049805 0.048828
0 0.481648 0.603155 0.049805 0.048828
0 0.486143 0.552206 0.049805 0.048828
0 0.494635 0.540218 0.049805 0.048828
0 0.496633 0.588170 0.049805 0.048828
0 0.463166 0.594164 0.049805 0.048828
0 0.246383 0.518240 0.049805 0.048828
0 0.230898 0.515243 0.049805 0.048828
0 0.212417 0.504254 0.049805 0.048828
0 0.215414 0.532226 0.049805 0.048828
0 0.199430 0.534224 0.049805 0.048828
0 0.178950 0.528230 0.049805 0.048828
0 0.185444 0.516242 0.049805 0.048828
0 0.178950 0.505253 0.049805 0.048828
0 0.128001 0.515243 0.049805 0.048828
0 0.131997 0.493265 0.049805 0.048828
0 0.150978 0.444314 0.049805 0.048828
0 0.157472 0.453305 0.049805 0.048828
0 0.323306 0.487271 0.049805 0.048828
0 0.319809 0.488270 0.049805 0.048828
0 0.316313 0.501257 0.049805 0.048828
0 0.333296 0.490268 0.049805 0.048828
0 0.332297 0.502256 0.049805 0.048828
0 0.323306 0.514244 0.049805 0.048828
0 0.304325 0.476282 0.049805 0.048828
0 0.292836 0.473285 0.049805 0.048828
0 0.296832 0.481277 0.049805 0.048828
0 0.296832 0.491267 0.049805 0.048828
0 0.237891 0.473285 0.049805 0.048828
0 0.117512 0.455303 0.049805 0.048828
0 0.309819 0.550458 0.049805 0.048828
0 0.272107 0.589918 0.049805 0.048828
0 0.271608 0.518989 0.049805 0.048828
0 0.257622 0.565693 0.049805 0.048828
0 0.253626 0.492766 0.049805 0.048828
0 0.247132 0.498760 0.049805 0.048828
0 0.229150 0.494764 0.049805 0.048828
0 0.145234 0.498760 0.049805 0.048828
0 0.146732 0.480778 0.049805 0.048828
0 0.156722 0.473785 0.049805 0.048828
0 0.163216 0.471787 0.049805 0.048828
0 0.171208 0.471787 0.049805 0.048828
0 0.189689 0.484774 0.049805 0.048828
0 0.177701 0.483775 0.049805 0.048828
0 0.172706 0.492766 0.049805 0.048828
0 0.160219 0.498760 0.049805 0.048828
0 0.199180 0.441817 0.049805 0.048828
0 0.206672 0.444814 0.049805 0.048828
0 0.210668 0.445813 0.049805 0.048828
0 0.308071 0.470788 0.049805 0.048828
0 0.314565 0.467791 0.049805 0.048828
0 0.322057 0.476782 0.049805 0.048828
0 0.337542 0.474784 0.049805 0.048828
0 0.342037 0.474784 0.049805 0.048828
0 0.349530 0.478780 0.049805 0.048828
0 0.361518 0.484774 0.049805 0.048828
0 0.369510 0.480778 0.049805 0.048828
0 0.372507 0.498760 0.049805 0.048828
0 0.368011 0.467791 0.049805 0.048828
0 0.375004 0.459799 0.049805 0.048828
0 0.379500 0.463795 0.049805 0.048828
0 0.383496 0.466792 0.049805 0.048828
0 0.383496 0.477781 0.049805 0.048828
0 0.388491 0.483775 0.049805 0.048828
0 0.403975 0.501757 0.049805 0.048828
0 0.377502 0.589669 0.049805 0.048828
0 0.402477 0.534224 0.049805 0.048828
0 0.391987 0.521237 0.049805 0.048828
0 0.514365 0.537221 0.049805 0.048828
0 0.544834 0.538220 0.049805 0.048828
0 0.428451 0.584174 0.049805 0.048828
0 0.214665 0.571187 0.049805 0.048828
0 0.188191 0.580178 0.049805 0.048828
0 0.562317 0.589169 0.049805 0.048828
0 0.608271 0.605153 0.049805 0.048828
0 0.289090 0.517241 0.049805 0.048828
0 0.243386 0.595413 0.049805 0.048828
0 0.301827 0.654853 0.049805 0.048828
0 0.193436 0.662845 0.049805 0.048828
0 0.322057 0.534599 0.049805 0.048828
0 0.309195 0.509624 0.049805 0.048828