0 0.045161 0.129501 0.049363 0.047847
0 0.021180 0.146315 0.049363 0.047847
0 0.072339 0.430940 0.049363 0.047847
0 0.017183 0.575055 0.049363 0.047847
0 0.003594 0.636303 0.049363 0.047847
0 0.023578 0.633901 0.049363 0.047847
0 0.005992 0.669930 0.049363 0.047847
0 0.034769 0.691547 0.049363 0.047847
0 0.039565 0.734782 0.049363 0.047847
0 0.041164 0.768408 0.049363 0.047847
0 0.009189 0.785222 0.049363 0.047847
0 0.065944 0.857279 0.049363 0.047847
0 0.020381 0.886102 0.049363 0.047847
0 0.026775 0.971369 0.049363 0.047847
0 0.129893 0.935341 0.049363 0.047847
0 0.127495 0.886102 0.049363 0.047847
0 0.155472 0.853676 0.049363 0.047847
0 0.153074 0.787623 0.049363 0.047847
0 0.104313 0.797231 0.049363 0.047847
0 0.081132 0.770810 0.049363 0.047847
0 0.098718 0.744389 0.049363 0.047847
0 0.069941 0.729978 0.049363 0.047847
0 0.064345 0.666327 0.049363 0.047847
0 0.087527 0.632701 0.049363 0.047847
0 0.044361 0.641107 0.049363 0.047847
0 0.141084 0.153520 0.049363 0.047847
0 0.191444 0.145114 0.049363 0.047847
0 0.207431 0.128300 0.049363 0.047847
0 0.093122 0.988183 0.049363 0.047847
0 0.118702 0.968967 0.049363 0.047847
0 0.181851 0.886102 0.049363 0.047847
0 0.211428 0.884901 0.049363 0.047847
0 0.241004 0.853676 0.049363 0.047847
0 0.261787 0.836863 0.049363 0.047847
0 0.216224 0.830858 0.049363 0.047847
0 0.181851 0.834461 0.049363 0.047847
0 0.204233 0.778016 0.049363 0.047847
0 0.225816 0.760002 0.049363 0.047847
0 0.146679 0.632701 0.049363 0.047847
0 0.162667 0.660322 0.049363 0.047847
0 0.133090 0.599074 0.049363 0.047847
0 0.291364 0.814044 0.049363 0.047847
0 0.306552 0.866886 0.049363 0.047847
0 0.318542 0.922130 0.049363 0.047847
0 0.310548 0.946149 0.049363 0.047847
0 0.264185 0.973771 0.049363 0.047847
0 0.223418 0.934140 0.049363 0.047847
0 0.165065 0.986982 0.049363 0.047847
0 0.178654 0.917326 0.049363 0.047847
0 0.255393 0.588265 0.049363 0.047847
0 0.214625 0.569050 0.049363 0.047847
0 0.228214 0.564246 0.049363 0.047847
0 0.312946 0.502998 0.049363 0.047847
0 0.334529 0.507801 0.049363 0.047847
0 0.335329 0.530620 0.049363 0.047847
0 0.348118 0.541428 0.049363 0.047847
0 0.363306 0.541428 0.049363 0.047847
0 0.380093 0.537825 0.049363 0.047847
0 0.368102 0.561844 0.049363 0.047847
0 0.360908 0.583461 0.049363 0.047847
0 0.348918 0.593069 0.049363 0.047847
0 0.349717 0.575055 0.049363 0.047847
0 0.304153 0.579859 0.049363 0.047847
0 0.293762 0.576256 0.049363 0.047847
0 0.277775 0.563045 0.049363 0.047847
0 0.290564 0.541428 0.049363 0.047847
0 0.308150 0.558241 0.049363 0.047847
0 0.300157 0.502998 0.049363 0.047847
0 0.402475 0.495792 0.049363 0.047847
0 0.358510 0.496993 0.049363 0.047847
0 0.401675 0.546232 0.049363 0.047847
0 0.395281 0.569050 0.049363 0.047847
0 0.387287 0.588265 0.049363 0.047847
0 0.242603 0.142712 0.049363 0.047847
0 0.266584 0.146315 0.049363 0.047847
0 0.284969 0.153520 0.049363 0.047847
0 0.310548 0.159525 0.049363 0.047847
0 0.333730 0.153520 0.049363 0.047847
0 0.380093 0.153520 0.049363 0.047847
0 0.400077 0.155922 0.049363 0.047847
0 0.423258 0.161927 0.049363 0.047847
0 0.447239 0.159525 0.049363 0.047847
0 0.485608 0.175137 0.049363 0.047847
0 0.523978 0.166731 0.049363 0.047847
0 0.216224 0.536624 0.049363 0.047847
0 0.371300 0.505400 0.049363 0.047847
0 0.386488 0.617088 0.049363 0.047847
0 0.356112 0.624294 0.049363 0.047847
0 0.308150 0.632701 0.049363 0.047847
0 0.288166 0.689145 0.049363 0.047847
0 0.250596 0.666327 0.049363 0.047847
0 0.249797 0.708361 0.049363 0.047847
0 0.219421 0.683141 0.049363 0.047847
0 0.258590 0.926934 0.049363 0.047847
0 0.247399 0.899312 0.049363 0.047847
0 0.267383 0.886102 0.049363 0.047847
0 0.231412 0.907719 0.049363 0.047847
0 0.338526 0.866886 0.049363 0.047847
0 0.346520 0.941345 0.049363 0.047847
0 0.381691 0.911322 0.049363 0.047847
0 0.474417 0.973771 0.049363 0.047847
0 0.527175 0.959360 0.049363 0.047847
0 0.448838 0.848872 0.049363 0.047847
0 0.471220 0.912523 0.049363 0.047847
0 0.468022 0.830858 0.049363 0.047847
0 0.500796 0.826054 0.049363 0.047847
0 0.389685 0.817647 0.049363 0.047847
0 0.333730 0.814044 0.049363 0.047847
0 0.348918 0.767207 0.049363 0.047847
0 0.319341 0.758801 0.049363 0.047847
0 0.293762 0.743188 0.049363 0.047847
0 0.264185 0.756399 0.049363 0.047847
0 0.322539 0.675935 0.049363 0.047847
0 0.340924 0.685542 0.049363 0.047847
0 0.363306 0.717968 0.049363 0.047847
0 0.383290 0.708361 0.049363 0.047847
0 0.378494 0.756399 0.049363 0.047847
0 0.359309 0.741987 0.049363 0.047847
0 0.410468 0.764805 0.049363 0.047847
0 0.408870 0.716767 0.049363 0.047847
0 0.422459 0.684342 0.049363 0.047847
0 0.395281 0.667528 0.049363 0.047847
0 0.365704 0.678337 0.049363 0.047847
0 0.370500 0.650715 0.049363 0.047847
0 0.439245 0.613485 0.049363 0.047847
0 0.432851 0.599074 0.049363 0.047847
0 0.444042 0.494591 0.049363 0.047847
0 0.480812 0.573854 0.049363 0.047847
0 0.546360 0.546232 0.049363 0.047847
0 0.531971 0.636303 0.049363 0.047847
0 0.513586 0.490988 0.049363 0.047847
0 0.495201 0.641107 0.049363 0.047847
0 0.499197 0.632701 0.049363 0.047847
0 0.468822 0.635102 0.049363 0.047847
0 0.511188 0.701155 0.049363 0.047847
0 0.496799 0.729978 0.049363 0.047847
0 0.496799 0.890905 0.049363 0.047847
0 0.543962 0.882499 0.049363 0.047847
0 0.464026 0.716767 0.049363 0.047847
0 0.455233 0.703557 0.049363 0.047847
0 0.461628 0.672332 0.049363 0.047847
0 0.476815 0.689145 0.049363 0.047847
0 0.404074 0.632701 0.049363 0.047847
0 0.292163 0.661523 0.049363 0.047847
0 0.268982 0.659122 0.049363 0.047847
0 0.324138 0.657921 0.049363 0.047847
0 0.429653 0.793628 0.049363 0.047847
0 0.461628 0.750394 0.049363 0.047847
0 0.521580 0.655519 0.049363 0.047847
0 0.551955 0.666327 0.049363 0.047847
0 0.571140 0.669930 0.049363 0.047847
0 0.521580 0.579859 0.049363 0.047847
0 0.608710 0.647112 0.049363 0.047847
0 0.586328 0.621892 0.049363 0.047847
0 0.581532 0.577457 0.049363 0.047847
0 0.603914 0.217171 0.049363 0.047847
0 0.551156 0.171535 0.049363 0.047847
0 0.576735 0.119894 0.049363 0.047847
0 0.659869 0.212367 0.049363 0.047847
0 0.689445 0.206362 0.049363 0.047847
0 0.736608 0.203960 0.049363 0.047847
0 0.794161 0.214769 0.049363 0.047847
0 0.756592 0.200357 0.049363 0.047847
0 0.803754 0.214769 0.049363 0.047847
0 0.823738 0.208764 0.049363 0.047847
0 0.829333 0.117492 0.049363 0.047847
0 0.819741 0.116291 0.049363 0.047847
0 0.802954 0.116291 0.049363 0.047847
0 0.790964 0.117492 0.049363 0.047847
0 0.778174 0.128300 0.049363 0.047847
0 0.752595 0.141511 0.049363 0.047847
0 0.278574 0.627897 0.049363 0.047847
0 0.252994 0.805638 0.049363 0.047847
0 0.199437 0.977374 0.049363 0.047847
0 0.574337 0.727576 0.049363 0.047847
0 0.587926 0.692748 0.049363 0.047847
0 0.621500 0.703557 0.049363 0.047847
0 0.653474 0.661523 0.049363 0.047847
0 0.659869 0.699954 0.049363 0.047847
0 0.659869 0.728777 0.049363 0.047847
0 0.651076 0.790025 0.049363 0.047847
0 0.594321 0.784021 0.049363 0.047847
0 0.606312 0.761203 0.049363 0.047847
0 0.613506 0.834461 0.049363 0.047847
0 0.602315 0.892106 0.049363 0.047847
0 0.596719 0.858480 0.049363 0.047847
0 0.576735 0.851274 0.049363 0.047847
0 0.560748 0.857279 0.049363 0.047847
0 0.579134 0.952154 0.049363 0.047847
0 0.611907 0.990585 0.049363 0.047847
0 0.701436 0.968967 0.049363 0.047847
0 0.655073 0.968967 0.049363 0.047847
0 0.633490 0.886102 0.049363 0.047847
0 0.646280 0.840465 0.049363 0.047847
0 0.635089 0.815245 0.049363 0.047847
0 0.680652 0.832059 0.049363 0.047847
0 0.691044 0.886102 0.049363 0.047847
0 0.746200 0.949752 0.049363 0.047847
0 0.765385 0.994187 0.049363 0.047847
0 0.829333 0.947350 0.049363 0.047847
0 0.790964 0.926934 0.049363 0.047847
0 0.743802 0.882499 0.049363 0.047847
0 0.722219 0.848872 0.049363 0.047847
0 0.691044 0.764805 0.049363 0.047847
0 0.719022 0.767207 0.049363 0.047847
0 0.691044 0.714365 0.049363 0.047847
0 0.691843 0.675935 0.049363 0.047847
0 0.671859 0.660322 0.049363 0.047847
0 0.669461 0.626696 0.049363 0.047847
0 0.627894 0.613485 0.049363 0.047847
0 0.624697 0.590667 0.049363 0.047847
0 0.633490 0.566648 0.049363 0.047847
0 0.642283 0.599074 0.049363 0.047847
0 0.715824 0.609882 0.049363 0.047847
0 0.691843 0.588265 0.049363 0.047847
0 0.709429 0.488586 0.049363 0.047847
0 0.688646 0.481380 0.049363 0.047847
0 0.732611 0.477778 0.049363 0.047847
0 0.758990 0.463366 0.049363 0.047847
0 0.805353 0.478979 0.049363 0.047847
0 0.853314 0.376898 0.049363 0.047847
0 0.931651 0.356481 0.049363 0.047847
0 0.922859 0.382902 0.049363 0.047847
0 0.918862 0.436945 0.049363 0.047847
0 0.951636 0.481380 0.049363 0.047847
0 0.947639 0.529419 0.049363 0.047847
0 0.932451 0.549835 0.049363 0.047847
0 0.925257 0.579859 0.049363 0.047847
0 0.934050 0.596672 0.049363 0.047847
0 0.970021 0.632701 0.049363 0.047847
0 0.954034 0.593069 0.049363 0.047847
0 0.982011 0.522213 0.049363 0.047847
0 0.983610 0.569050 0.049363 0.047847
0 0.962027 0.711963 0.049363 0.047847
0 0.954833 0.689145 0.049363 0.047847
0 0.948438 0.809241 0.049363 0.047847
0 0.904473 0.929336 0.049363 0.047847
0 0.844521 0.848872 0.049363 0.047847
0 0.824537 0.844068 0.049363 0.047847
0 0.806951 0.869288 0.049363 0.047847
0 0.790964 0.814044 0.049363 0.047847
0 0.746999 0.787623 0.049363 0.047847
0 0.743802 0.716767 0.049363 0.047847
0 0.766983 0.684342 0.049363 0.047847
0 0.717423 0.672332 0.049363 0.047847
0 0.740604 0.650715 0.049363 0.047847
0 0.724617 0.630299 0.049363 0.047847
0 0.778174 0.605079 0.049363 0.047847
0 0.758990 0.613485 0.049363 0.047847
0 0.736608 0.602677 0.049363 0.047847
0 0.751795 0.583461 0.049363 0.047847
0 0.743002 0.561844 0.049363 0.047847
0 0.778174 0.573854 0.049363 0.047847
0 0.978014 0.203960 0.049363 0.047847
0 0.960428 0.212367 0.049363 0.047847
0 0.952435 0.200357 0.049363 0.047847
0 0.934849 0.200357 0.049363 0.047847
0 0.962827 0.155922 0.049363 0.047847
0 0.980412 0.137908 0.049363 0.047847
0 0.925257 0.119894 0.049363 0.047847
0 0.898078 0.128300 0.049363 0.047847
0 0.914066 0.806839 0.049363 0.047847
0 0.904473 0.832059 0.049363 0.047847
0 0.866104 0.830858 0.049363 0.047847
0 0.873298 0.790025 0.049363 0.047847
0 0.888486 0.806839 0.049363 0.047847
0 0.882091 0.769609 0.049363 0.047847
0 0.902075 0.716767 0.049363 0.047847
0 0.916464 0.729978 0.049363 0.047847
0 0.990005 0.625495 0.049363 0.047847
0 0.821340 0.626696 0.049363 0.047847
0 0.807751 0.607481 0.049363 0.047847
0 0.815744 0.579859 0.049363 0.047847
0 0.798958 0.585863 0.049363 0.047847
0 0.782970 0.470572 0.049363 0.047847
0 0.647879 0.486184 0.049363 0.047847
0 0.629493 0.486184 0.049363 0.047847
0 0.617503 0.495792 0.049363 0.047847
0 0.632691 0.660322 0.049363 0.047847
0 0.770980 0.642308 0.049363 0.047847
0 0.783770 0.668729 0.049363 0.047847
0 0.800556 0.680739 0.049363 0.047847
0 0.810149 0.653117 0.049363 0.047847
0 0.722219 0.567849 0.049363 0.047847
0 0.813346 0.558241 0.049363 0.047847
0 0.771779 0.744389 0.049363 0.047847
0 0.798158 0.719169 0.049363 0.047847
0 0.837327 0.745590 0.049363 0.047847
0 0.846919 0.797231 0.049363 0.047847
0 0.221020 0.521012 0.049363 0.047847
0 0.261787 0.545031 0.049363 0.047847
0 0.248198 0.546232 0.049363 0.047847
0 0.255393 0.521012 0.049363 0.047847
0 0.292962 0.134305 0.049363 0.047847
0 0.439245 0.738384 0.049363 0.047847
0 0.445640 0.669930 0.049363 0.047847
0 0.436847 0.672332 0.049363 0.047847
0 0.915382 0.005152 0.049363 0.047847
0 0.917380 0.018660 0.049363 0.047847
0 0.129168 0.050178 0.049363 0.047847
0 0.150147 0.029166 0.049363 0.047847
0 0.210087 0.084699 0.049363 0.047847
0 0.210087 0.006652 0.049363 0.047847
0 0.248049 0.018660 0.049363 0.047847
0 0.268029 0.059184 0.049363 0.047847
0 0.295002 0.095205 0.049363 0.047847
0 0.297999 0.065187 0.049363 0.047847
0 0.329967 0.023162 0.049363 0.047847
0 0.367929 0.050178 0.049363 0.047847
0 0.383913 0.068189 0.049363 0.047847
0 0.397899 0.053180 0.049363 0.047847
0 0.421875 0.084699 0.049363 0.047847
0 0.421875 0.048677 0.049363 0.047847
0 0.446850 0.078695 0.049363 0.047847
0 0.471825 0.074193 0.049363 0.047847
0 0.521775 0.084699 0.049363 0.047847
0 0.516780 0.053180 0.049363 0.047847
0 0.535761 0.084699 0.049363 0.047847
0 0.550746 0.047177 0.049363 0.047847
0 0.564732 0.069690 0.049363 0.047847
0 0.595701 0.084699 0.049363 0.047847
0 0.638658 0.078695 0.049363 0.047847
0 0.658638 0.084699 0.049363 0.047847
0 0.670626 0.089201 0.049363 0.047847
0 0.675621 0.095205 0.049363 0.047847
0 0.693603 0.110214 0.049363 0.047847
0 0.719577 0.099708 0.049363 0.047847
0 0.742554 0.101209 0.049363 0.047847
0 0.752544 0.089201 0.049363 0.047847
0 0.755541 0.068189 0.049363 0.047847
0 0.845452 0.090702 0.049363 0.047847
0 0.944353 0.086200 0.049363 0.047847
0 0.952345 0.113216 0.049363 0.047847
0 0.932365 0.084699 0.049363 0.047847
0 0.903394 0.666294 0.049363 0.047847
0 0.912385 0.652786 0.049363 0.047847