0 0.038715 0.934893 0.049805 0.048822
0 0.073373 0.876903 0.049805 0.048822
0 0.096819 0.959496 0.049805 0.048822
0 0.136574 0.883932 0.049805 0.048822
0 0.198755 0.955981 0.049805 0.048822
0 0.244627 0.931379 0.049805 0.048822
0 0.201813 0.857572 0.049805 0.048822
0 0.265014 0.843514 0.049805 0.048822
0 0.319041 0.931379 0.049805 0.048822
0 0.367970 0.913806 0.049805 0.048822
0 0.395493 0.961253 0.049805 0.048822
0 0.449520 0.832970 0.049805 0.048822
0 0.470927 0.799582 0.049805 0.048822
0 0.400590 0.782009 0.049805 0.048822
0 0.326176 0.776737 0.049805 0.048822
0 0.291518 0.762679 0.049805 0.048822
0 0.221181 0.729290 0.049805 0.048822
0 0.174291 0.811883 0.049805 0.048822
0 0.192639 0.676571 0.049805 0.048822
0 0.147787 0.692387 0.049805 0.048822
0 0.128419 0.615066 0.049805 0.048822
0 0.099877 0.583435 0.049805 0.048822
0 0.026482 0.641425 0.049805 0.048822
0 0.025463 0.746863 0.049805 0.048822
0 0.032598 0.843514 0.049805 0.048822
0 0.052986 0.602765 0.049805 0.048822
0 0.102935 0.469210 0.049805 0.048822
0 0.035656 0.504356 0.049805 0.048822
0 0.047889 0.407705 0.049805 0.048822
0 0.072354 0.309297 0.049805 0.048822
0 0.093760 0.291724 0.049805 0.048822
0 0.134535 0.281180 0.049805 0.048822
0 0.012211 0.217917 0.049805 0.048822
0 0.040753 0.217917 0.049805 0.048822
0 0.085606 0.217917 0.049805 0.048822
0 0.119245 0.168713 0.049805 0.048822
0 0.008134 0.100179 0.049805 0.048822
0 0.044831 0.114237 0.049805 0.048822
0 0.133516 0.049217 0.049805 0.048822
0 0.101915 0.098421 0.049805 0.048822
0 0.043811 0.033401 0.049805 0.048822
0 0.066238 0.019343 0.049805 0.048822
0 0.181426 0.049217 0.049805 0.048822
0 0.203852 0.040431 0.049805 0.048822
0 0.219143 0.089635 0.049805 0.048822
0 0.172252 0.126538 0.049805 0.048822
0 0.260937 0.093149 0.049805 0.048822
0 0.227298 0.007042 0.049805 0.048822
0 0.228317 0.156412 0.049805 0.048822
0 0.219143 0.205616 0.049805 0.048822
0 0.184484 0.237248 0.049805 0.048822
0 0.165116 0.314569 0.049805 0.048822
0 0.219143 0.291724 0.049805 0.048822
0 0.274189 0.281180 0.049805 0.048822
0 0.243608 0.347957 0.049805 0.048822
0 0.164097 0.472725 0.049805 0.048822
0 0.193659 0.528958 0.049805 0.048822
0 0.155942 0.555318 0.049805 0.048822
0 0.212007 0.497327 0.049805 0.048822
0 0.240549 0.534230 0.049805 0.048822
0 0.236472 0.462181 0.049805 0.048822
0 0.292537 0.377831 0.049805 0.048822
0 0.361854 0.358501 0.049805 0.048822
0 0.328215 0.254821 0.049805 0.048822
0 0.361854 0.228461 0.049805 0.048822
0 0.290498 0.181014 0.049805 0.048822
0 0.305789 0.082606 0.049805 0.048822
0 0.336370 0.038673 0.049805 0.048822
0 0.344525 0.117752 0.049805 0.048822
0 0.405687 0.123023 0.049805 0.048822
0 0.432191 0.151140 0.049805 0.048822
0 0.501508 0.156412 0.049805 0.048822
0 0.439326 0.061518 0.049805 0.048822
0 0.372048 0.031644 0.049805 0.048822
0 0.495391 0.019343 0.049805 0.048822
0 0.542282 0.038673 0.049805 0.048822
0 0.510682 0.056246 0.049805 0.048822
0 0.536166 0.123023 0.049805 0.048822
0 0.499469 0.205616 0.049805 0.048822
0 0.401610 0.268879 0.049805 0.048822
0 0.357777 0.353229 0.049805 0.048822
0 0.380203 0.307539 0.049805 0.048822
0 0.410784 0.376074 0.049805 0.048822
0 0.479082 0.342685 0.049805 0.048822
0 0.429133 0.302267 0.049805 0.048822
0 0.405687 0.302267 0.049805 0.048822
0 0.513740 0.346200 0.049805 0.048822
0 0.447481 0.412977 0.049805 0.048822
0 0.512721 0.414734 0.049805 0.048822
0 0.421997 0.439336 0.049805 0.048822
0 0.315983 0.521929 0.049805 0.048822
0 0.280305 0.525444 0.049805 0.048822
0 0.291518 0.586949 0.049805 0.048822
0 0.342486 0.713474 0.049805 0.048822
0 0.368990 0.692387 0.049805 0.048822
0 0.354719 0.595736 0.049805 0.048822
0 0.438307 0.688872 0.049805 0.048822
0 0.417919 0.632639 0.049805 0.048822
0 0.394474 0.579920 0.049805 0.048822
0 0.441365 0.537745 0.049805 0.048822
0 0.490295 0.567619 0.049805 0.048822
0 0.486217 0.504356 0.049805 0.048822
0 0.528011 0.479754 0.049805 0.048822
0 0.561650 0.391890 0.049805 0.048822
0 0.575922 0.347957 0.049805 0.048822
0 0.545340 0.565862 0.049805 0.048822
0 0.571844 0.476240 0.049805 0.048822
0 0.609561 0.469210 0.049805 0.048822
0 0.636064 0.500842 0.049805 0.048822
0 0.577960 0.567619 0.049805 0.048822
0 0.556554 0.581677 0.049805 0.048822
0 0.616696 0.602765 0.049805 0.048822
0 0.583057 0.615066 0.049805 0.048822
0 0.670723 0.630882 0.049805 0.048822
0 0.662568 0.685358 0.049805 0.048822
0 0.586115 0.718746 0.049805 0.048822
0 0.552476 0.718746 0.049805 0.048822
0 0.468888 0.648454 0.049805 0.048822
0 0.533108 0.799582 0.049805 0.048822
0 0.565728 0.803096 0.049805 0.048822
0 0.546360 0.852301 0.049805 0.048822
0 0.483159 0.955981 0.049805 0.048822
0 0.618735 0.871631 0.049805 0.048822
0 0.610580 0.808368 0.049805 0.048822
0 0.657471 0.697659 0.049805 0.048822
0 0.647277 0.804854 0.049805 0.048822
0 0.692129 0.766193 0.049805 0.048822
0 0.727807 0.713474 0.049805 0.048822
0 0.756350 0.769708 0.049805 0.048822
0 0.736982 0.827698 0.049805 0.048822
0 0.686013 0.920835 0.049805 0.048822
0 0.714556 0.906777 0.049805 0.048822
0 0.795086 0.917321 0.049805 0.048822
0 0.812415 0.961253 0.049805 0.048822
0 0.781834 0.824184 0.049805 0.048822
0 0.814454 0.818912 0.049805 0.048822
0 0.846054 0.875145 0.049805 0.048822
0 0.886829 0.789038 0.049805 0.048822
0 0.906197 0.873388 0.049805 0.048822
0 0.949010 0.873388 0.049805 0.048822
0 0.995901 0.855815 0.049805 0.048822
0 0.964301 0.789038 0.049805 0.048822
0 0.936778 0.799582 0.049805 0.048822
0 0.954107 0.676571 0.049805 0.048822
0 0.967359 0.702931 0.049805 0.048822
0 0.867461 0.715232 0.049805 0.048822
0 0.877654 0.632639 0.049805 0.048822
0 0.827705 0.666027 0.049805 0.048822
0 0.776737 0.685358 0.049805 0.048822
0 0.711497 0.616823 0.049805 0.048822
0 0.762466 0.541260 0.049805 0.048822
0 0.789989 0.483269 0.049805 0.048822
0 0.708439 0.553561 0.049805 0.048822
0 0.674800 0.516657 0.049805 0.048822
0 0.645239 0.420006 0.049805 0.048822
0 0.670723 0.404191 0.049805 0.048822
0 0.613638 0.117752 0.049805 0.048822
0 0.630967 0.093149 0.049805 0.048822
0 0.587135 0.014071 0.049805 0.048822
0 0.657471 0.119509 0.049805 0.048822
0 0.724749 0.123023 0.049805 0.048822
0 0.714556 0.031644 0.049805 0.048822
0 0.782853 0.065033 0.049805 0.048822
0 0.817512 0.110722 0.049805 0.048822
0 0.811396 0.156412 0.049805 0.048822
0 0.831783 0.196830 0.049805 0.048822
0 0.740040 0.256578 0.049805 0.048822
0 0.799163 0.216160 0.049805 0.048822
0 0.826686 0.267122 0.049805 0.048822
0 0.781834 0.326870 0.049805 0.048822
0 0.801202 0.328627 0.049805 0.048822
0 0.757369 0.391890 0.049805 0.048822
0 0.872558 0.367287 0.049805 0.048822
0 0.842996 0.439336 0.049805 0.048822
0 0.976533 0.402433 0.049805 0.048822
0 0.938817 0.383103 0.049805 0.048822
0 0.943913 0.347957 0.049805 0.048822
0 0.977553 0.304025 0.049805 0.048822
0 0.962262 0.237248 0.049805 0.048822
0 0.914352 0.265364 0.049805 0.048822
0 0.854209 0.254821 0.049805 0.048822
0 0.883771 0.219675 0.049805 0.048822
0 0.862364 0.170470 0.049805 0.048822
0 0.869499 0.105451 0.049805 0.048822
0 0.824647 0.052732 0.049805 0.048822
0 0.795086 0.031644 0.049805 0.048822
0 0.851151 0.024615 0.049805 0.048822
0 0.886829 0.019343 0.049805 0.048822
0 0.910274 0.082606 0.049805 0.048822
0 0.953088 0.043945 0.049805 0.048822
0 0.986727 0.098421 0.049805 0.048822
0 0.358541 0.387586 0.049805 0.048822
0 0.342231 0.459635 0.049805 0.048822
0 0.315855 0.230129 0.049805 0.048822
0 0.614339 0.378523 0.049805 0.048822
0 0.638350 0.053074 0.049805 0.048822
0 0.649339 0.018630 0.049805 0.048822
0 0.617371 0.013464 0.049805 0.048822
0 0.402586 0.027241 0.049805 0.048822
0 0.138850 0.011742 0.049805 0.048822
0 0.930059 0.015186 0.049805 0.048822
0 0.991997 0.171905 0.049805 0.048822
0 0.939050 0.211515 0.049805 0.048822
0 0.913076 0.612784 0.049805 0.048822
0 0.930059 0.957220 0.049805 0.048822
0 0.069919 0.750558 0.049805 0.048822
0 0.011977 0.326901 0.049805 0.048822
0 0.715773 0.169469 0.049805 0.048822
0 0.692796 0.296049 0.049805 0.048822
0 0.696792 0.247828 0.049805 0.048822
0 0.610378 0.235773 0.049805 0.048822
0 0.647841 0.261605 0.049805 0.048822
0 0.772716 0.162580 0.049805 0.048822
0 0.769719 0.106609 0.049805 0.048822
0 0.920069 0.180663 0.049805 0.048822
0 0.893096 0.156552 0.049805 0.048822