0 0.026665 0.266445 0.050000 0.049451
0 0.021670 0.317164 0.050000 0.049451
0 0.035656 0.165008 0.050000 0.049451
0 0.062629 0.155787 0.050000 0.049451
0 0.067624 0.284888 0.050000 0.049451
0 0.047644 0.245697 0.050000 0.049451
0 0.081610 0.213421 0.050000 0.049451
0 0.094597 0.291804 0.050000 0.049451
0 0.049642 0.347134 0.050000 0.049451
0 0.018673 0.420906 0.050000 0.049451
0 0.043648 0.462403 0.050000 0.049451
0 0.065626 0.425517 0.050000 0.049451
0 0.044647 0.397852 0.050000 0.049451
0 0.017674 0.499289 0.050000 0.049451
0 0.032659 0.533870 0.050000 0.049451
0 0.069622 0.520038 0.050000 0.049451
0 0.012679 0.623780 0.050000 0.049451
0 0.053638 0.628391 0.050000 0.049451
0 0.076615 0.619169 0.050000 0.049451
0 0.069622 0.692942 0.050000 0.049451
0 0.014677 0.752882 0.050000 0.049451
0 0.038653 0.794379 0.050000 0.049451
0 0.017674 0.886594 0.050000 0.049451
0 0.077614 0.875067 0.050000 0.049451
0 0.050641 0.928091 0.050000 0.049451
0 0.019672 0.960367 0.050000 0.049451
0 0.111580 0.898121 0.050000 0.049451
0 0.149542 0.918870 0.050000 0.049451
0 0.179512 0.946534 0.050000 0.049451
0 0.182509 0.824349 0.050000 0.049451
0 0.140551 0.762103 0.050000 0.049451
0 0.113578 0.752882 0.050000 0.049451
0 0.124567 0.695247 0.050000 0.049451
0 0.121570 0.596115 0.050000 0.049451
0 0.095596 0.709079 0.050000 0.049451
0 0.177514 0.676804 0.050000 0.049451
0 0.232459 0.930397 0.050000 0.049451
0 0.244447 0.805906 0.050000 0.049451
0 0.268423 0.930397 0.050000 0.049451
0 0.217474 0.891205 0.050000 0.049451
0 0.242449 0.732133 0.050000 0.049451
0 0.218473 0.683720 0.050000 0.049451
0 0.214477 0.598421 0.050000 0.049451
0 0.185506 0.586894 0.050000 0.049451
0 0.150541 0.515427 0.050000 0.049451
0 0.135556 0.487762 0.050000 0.049451
0 0.125566 0.453181 0.050000 0.049451
0 0.078613 0.349439 0.050000 0.049451
0 0.117574 0.340217 0.050000 0.049451
0 0.143548 0.390936 0.050000 0.049451
0 0.165526 0.365577 0.050000 0.049451
0 0.143548 0.277972 0.050000 0.049451
0 0.142549 0.218032 0.050000 0.049451
0 0.170521 0.121206 0.050000 0.049451
0 0.150541 0.061266 0.050000 0.049451
0 0.197494 0.063571 0.050000 0.049451
0 0.144547 0.128122 0.050000 0.049451
0 0.081610 0.148870 0.050000 0.049451
0 0.164527 0.181146 0.050000 0.049451
0 0.200491 0.169619 0.050000 0.049451
0 0.235456 0.178840 0.050000 0.049451
0 0.242449 0.109679 0.050000 0.049451
0 0.242449 0.031296 0.050000 0.049451
0 0.279412 0.017463 0.050000 0.049451
0 0.313378 0.105068 0.050000 0.049451
0 0.356335 0.105068 0.050000 0.049451
0 0.357334 0.033601 0.050000 0.049451
0 0.374317 0.052044 0.050000 0.049451
0 0.387304 0.105068 0.050000 0.049451
0 0.409282 0.065876 0.050000 0.049451
0 0.437254 0.035906 0.050000 0.049451
0 0.492199 0.024379 0.050000 0.049451
0 0.480211 0.065876 0.050000 0.049451
0 0.480211 0.121206 0.050000 0.049451
0 0.433258 0.091236 0.050000 0.049451
0 0.416275 0.121206 0.050000 0.049451
0 0.403288 0.162703 0.050000 0.049451
0 0.394297 0.197283 0.050000 0.049451
0 0.380311 0.220337 0.050000 0.049451
0 0.336355 0.188062 0.050000 0.049451
0 0.311380 0.176535 0.050000 0.049451
0 0.287404 0.201894 0.050000 0.049451
0 0.298393 0.169619 0.050000 0.049451
0 0.281410 0.137343 0.050000 0.049451
0 0.253438 0.169619 0.050000 0.049451
0 0.221470 0.294110 0.050000 0.049451
0 0.271420 0.317164 0.050000 0.049451
0 0.256435 0.317164 0.050000 0.049451
0 0.302389 0.250307 0.050000 0.049451
0 0.321370 0.273361 0.050000 0.049451
0 0.352339 0.266445 0.050000 0.049451
0 0.370321 0.252613 0.050000 0.049451
0 0.384307 0.317164 0.050000 0.049451
0 0.362329 0.330996 0.050000 0.049451
0 0.337354 0.324080 0.050000 0.049451
0 0.268423 0.220337 0.050000 0.049451
0 0.185506 0.291804 0.050000 0.049451
0 0.178513 0.234170 0.050000 0.049451
0 0.161530 0.266445 0.050000 0.049451
0 0.194497 0.333301 0.050000 0.049451
0 0.226465 0.404768 0.050000 0.049451
0 0.204487 0.416295 0.050000 0.049451
0 0.183508 0.455487 0.050000 0.049451
0 0.179512 0.510816 0.050000 0.049451
0 0.204487 0.499289 0.050000 0.049451
0 0.226465 0.469319 0.050000 0.049451
0 0.231460 0.522343 0.050000 0.049451
0 0.247444 0.633002 0.050000 0.049451
0 0.246445 0.575367 0.050000 0.049451
0 0.273418 0.764409 0.050000 0.049451
0 0.289402 0.660666 0.050000 0.049451
0 0.310381 0.676804 0.050000 0.049451
0 0.310381 0.847403 0.050000 0.049451
0 0.300391 0.805906 0.050000 0.049451
0 0.325366 0.935007 0.050000 0.049451
0 0.361330 0.854319 0.050000 0.049451
0 0.338353 0.838181 0.050000 0.049451
0 0.367324 0.785157 0.050000 0.049451
0 0.388303 0.831265 0.050000 0.049451
0 0.404287 0.895816 0.050000 0.049451
0 0.421270 0.948840 0.050000 0.049451
0 0.453238 0.935007 0.050000 0.049451
0 0.456235 0.881983 0.050000 0.049451
0 0.421270 0.815127 0.050000 0.049451
0 0.468223 0.789768 0.050000 0.049451
0 0.505186 0.840486 0.050000 0.049451
0 0.529163 0.962672 0.050000 0.049451
0 0.553139 0.854319 0.050000 0.049451
0 0.588104 0.847403 0.050000 0.049451
0 0.612080 0.976504 0.050000 0.049451
0 0.565127 0.935007 0.050000 0.049451
0 0.676016 0.826654 0.050000 0.049451
0 0.689003 0.923480 0.050000 0.049451
0 0.656036 0.778241 0.050000 0.049451
0 0.661031 0.704469 0.050000 0.049451
0 0.514177 0.169619 0.050000 0.049451
0 0.545147 0.169619 0.050000 0.049451
0 0.543149 0.121206 0.050000 0.049451
0 0.523168 0.068182 0.050000 0.049451
0 0.574118 0.075098 0.050000 0.049451
0 0.543149 0.065876 0.050000 0.049451
0 0.601091 0.155787 0.050000 0.049451
0 0.565127 0.153481 0.050000 0.049451
0 0.587105 0.204200 0.050000 0.049451
0 0.570122 0.259529 0.050000 0.049451
0 0.585107 0.333301 0.050000 0.049451
0 0.451240 0.148870 0.050000 0.049451
0 0.443248 0.224948 0.050000 0.049451
0 0.424267 0.245697 0.050000 0.049451
0 0.454237 0.243391 0.050000 0.049451
0 0.489202 0.204200 0.050000 0.049451
0 0.436255 0.301026 0.050000 0.049451
0 0.412279 0.319469 0.050000 0.049451
0 0.378313 0.381714 0.050000 0.049451
0 0.349342 0.390936 0.050000 0.049451
0 0.338353 0.473930 0.050000 0.049451
0 0.317374 0.522343 0.050000 0.049451
0 0.285406 0.478541 0.050000 0.049451
0 0.294397 0.411684 0.050000 0.049451
0 0.276415 0.384020 0.050000 0.049451
0 0.252439 0.413990 0.050000 0.049451
0 0.320371 0.404768 0.050000 0.049451
0 0.363328 0.522343 0.050000 0.049451
0 0.343348 0.559229 0.050000 0.049451
0 0.345346 0.628391 0.050000 0.049451
0 0.382309 0.533870 0.050000 0.049451
0 0.409282 0.450876 0.050000 0.049451
0 0.408283 0.388631 0.050000 0.049451
0 0.244447 0.250307 0.050000 0.049451
0 0.051640 0.782852 0.050000 0.049451
0 0.333358 0.695247 0.050000 0.049451
0 0.368323 0.679109 0.050000 0.049451
0 0.385306 0.639918 0.050000 0.049451
0 0.408283 0.543092 0.050000 0.049451
0 0.505186 0.077403 0.050000 0.049451
0 0.523168 0.254918 0.050000 0.049451
0 0.502189 0.252613 0.050000 0.049451
0 0.605087 0.254918 0.050000 0.049451
0 0.619073 0.192673 0.050000 0.049451
0 0.627065 0.298721 0.050000 0.049451
0 0.627065 0.407074 0.050000 0.049451
0 0.603089 0.455487 0.050000 0.049451
0 0.567125 0.374798 0.050000 0.049451
0 0.567125 0.413990 0.050000 0.049451
0 0.572120 0.499289 0.050000 0.049451
0 0.552140 0.462403 0.050000 0.049451
0 0.522169 0.390936 0.050000 0.049451
0 0.512179 0.333301 0.050000 0.049451
0 0.521170 0.298721 0.050000 0.049451
0 0.469222 0.423211 0.050000 0.049451
0 0.451240 0.446265 0.050000 0.049451
0 0.447244 0.372493 0.050000 0.049451
0 0.461230 0.340217 0.050000 0.049451
0 0.425266 0.531565 0.050000 0.049451
0 0.465226 0.531565 0.050000 0.049451
0 0.475216 0.483151 0.050000 0.049451
0 0.494197 0.503900 0.050000 0.049451
0 0.514177 0.499289 0.050000 0.049451
0 0.562130 0.547702 0.050000 0.049451
0 0.544148 0.559229 0.050000 0.049451
0 0.510181 0.614559 0.050000 0.049451
0 0.491200 0.603032 0.050000 0.049451
0 0.441250 0.633002 0.050000 0.049451
0 0.411280 0.676804 0.050000 0.049451
0 0.471220 0.725217 0.050000 0.049451
0 0.499192 0.745966 0.050000 0.049451
0 0.529163 0.725217 0.050000 0.049451
0 0.543149 0.651445 0.050000 0.049451
0 0.574118 0.660666 0.050000 0.049451
0 0.595097 0.732133 0.050000 0.049451
0 0.617075 0.732133 0.050000 0.049451
0 0.597095 0.591505 0.050000 0.049451
0 0.594098 0.522343 0.050000 0.049451
0 0.617075 0.547702 0.050000 0.049451
0 0.626066 0.499289 0.050000 0.049451
0 0.643049 0.494678 0.050000 0.049451
0 0.653039 0.423211 0.050000 0.049451
0 0.669023 0.351744 0.050000 0.049451
0 0.652040 0.351744 0.050000 0.049451
0 0.654038 0.250307 0.050000 0.049451
0 0.645047 0.197283 0.050000 0.049451
0 0.630062 0.098152 0.050000 0.049451
0 0.611081 0.109679 0.050000 0.049451
0 0.613079 0.035906 0.050000 0.049451
0 0.628064 0.031296 0.050000 0.049451
0 0.550142 0.024379 0.050000 0.049451
0 0.680012 0.024379 0.050000 0.049451
0 0.647045 0.026685 0.050000 0.049451
0 0.698993 0.075098 0.050000 0.049451
0 0.694997 0.028990 0.050000 0.049451
0 0.729962 0.040517 0.050000 0.049451
0 0.753938 0.024379 0.050000 0.049451
0 0.734957 0.091236 0.050000 0.049451
0 0.716975 0.100457 0.050000 0.049451
0 0.692000 0.155787 0.050000 0.049451
0 0.687005 0.114290 0.050000 0.049451
0 0.671021 0.211116 0.050000 0.049451
0 0.703988 0.213421 0.050000 0.049451
0 0.680012 0.284888 0.050000 0.049451
0 0.716975 0.254918 0.050000 0.049451
0 0.726965 0.190367 0.050000 0.049451
0 0.734957 0.155787 0.050000 0.049451
0 0.765926 0.091236 0.050000 0.049451
0 0.769922 0.028990 0.050000 0.049451
0 0.787904 0.063571 0.050000 0.049451
0 0.805886 0.049739 0.050000 0.049451
0 0.808883 0.012853 0.050000 0.049451
0 0.845846 0.052044 0.050000 0.049451
0 0.872819 0.058960 0.050000 0.049451
0 0.907784 0.072793 0.050000 0.049451
0 0.892799 0.024379 0.050000 0.049451
0 0.923768 0.056655 0.050000 0.049451
0 0.945746 0.088930 0.050000 0.049451
0 0.976715 0.040517 0.050000 0.049451
0 0.969722 0.093541 0.050000 0.049451
0 0.992699 0.063571 0.050000 0.049451
0 0.962729 0.141954 0.050000 0.049451
0 0.864827 0.098152 0.050000 0.049451
0 0.799892 0.093541 0.050000 0.049451
0 0.816875 0.153481 0.050000 0.049451
0 0.815876 0.121206 0.050000 0.049451
0 0.795896 0.174230 0.050000 0.049451
0 0.771920 0.176535 0.050000 0.049451
0 0.751940 0.171924 0.050000 0.049451
0 0.756935 0.234170 0.050000 0.049451
0 0.815876 0.234170 0.050000 0.049451
0 0.797894 0.301026 0.050000 0.049451
0 0.771920 0.330996 0.050000 0.049451
0 0.748943 0.307942 0.050000 0.049451
0 0.758933 0.384020 0.050000 0.049451
0 0.776915 0.397852 0.050000 0.049451
0 0.746945 0.455487 0.050000 0.049451
0 0.759932 0.543092 0.050000 0.049451
0 0.694997 0.388631 0.050000 0.049451
0 0.689003 0.434738 0.050000 0.049451
0 0.677015 0.483151 0.050000 0.049451
0 0.692000 0.517732 0.050000 0.049451
0 0.706985 0.450876 0.050000 0.049451
0 0.711980 0.612253 0.050000 0.049451
0 0.690002 0.600726 0.050000 0.049451
0 0.684008 0.683720 0.050000 0.049451
0 0.700991 0.688331 0.050000 0.049451
0 0.732959 0.676804 0.050000 0.049451
0 0.708983 0.715996 0.050000 0.049451
0 0.711980 0.745966 0.050000 0.049451
0 0.688004 0.759798 0.050000 0.049451
0 0.711980 0.826654 0.050000 0.049451
0 0.738953 0.732133 0.050000 0.049451
0 0.761930 0.828960 0.050000 0.049451
0 0.768923 0.907343 0.050000 0.049451
0 0.788903 0.838181 0.050000 0.049451
0 0.869822 0.879678 0.050000 0.049451
0 0.851840 0.840486 0.050000 0.049451
0 0.890801 0.838181 0.050000 0.049451
0 0.910781 0.824349 0.050000 0.049451
0 0.926765 0.971893 0.050000 0.049451
0 0.887804 0.985726 0.050000 0.049451
0 0.821870 0.962672 0.050000 0.049451
0 0.794897 0.928091 0.050000 0.049451
0 0.796895 0.720606 0.050000 0.049451
0 0.830861 0.644529 0.050000 0.049451
0 0.819872 0.600726 0.050000 0.049451
0 0.815876 0.547702 0.050000 0.049451
0 0.826865 0.499289 0.050000 0.049451
0 0.828863 0.462403 0.050000 0.049451
0 0.803888 0.439349 0.050000 0.049451
0 0.782909 0.538481 0.050000 0.049451
0 0.777914 0.487762 0.050000 0.049451
0 0.726965 0.485457 0.050000 0.049451
0 0.848843 0.563840 0.050000 0.049451
0 0.895796 0.586894 0.050000 0.049451
0 0.912779 0.646834 0.050000 0.049451
0 0.895796 0.752882 0.050000 0.049451
0 0.877814 0.764409 0.050000 0.049451
0 0.938753 0.764409 0.050000 0.049451
0 0.983708 0.928091 0.050000 0.049451
0 0.995696 0.805906 0.050000 0.049451
0 0.967724 0.660666 0.050000 0.049451
0 0.926765 0.582283 0.050000 0.049451
0 0.960731 0.603032 0.050000 0.049451
0 0.994697 0.526954 0.050000 0.049451
0 0.991700 0.437044 0.050000 0.049451
0 0.988703 0.367882 0.050000 0.049451
0 0.955736 0.379409 0.050000 0.049451
0 0.944747 0.349439 0.050000 0.049451
0 0.925766 0.367882 0.050000 0.049451
0 0.905786 0.455487 0.050000 0.049451
0 0.928763 0.503900 0.050000 0.049451
0 0.884807 0.397852 0.050000 0.049451
0 0.863828 0.365577 0.050000 0.049451
0 0.830861 0.413990 0.050000 0.049451
0 0.816875 0.365577 0.050000 0.049451
0 0.836855 0.291804 0.050000 0.049451
0 0.844847 0.254918 0.050000 0.049451
0 0.844847 0.218032 0.050000 0.049451
0 0.863828 0.178840 0.050000 0.049451
0 0.878813 0.165008 0.050000 0.049451
0 0.915776 0.130427 0.050000 0.049451
0 0.906785 0.176535 0.050000 0.049451
0 0.941750 0.169619 0.050000 0.049451
0 0.934757 0.109679 0.050000 0.049451
0 0.918773 0.222643 0.050000 0.049451
0 0.903788 0.273361 0.050000 0.049451
0 0.888803 0.326385 0.050000 0.049451
0 0.962729 0.224948 0.050000 0.049451
0 0.952739 0.301026 0.050000 0.049451
0 0.930761 0.273361 0.050000 0.049451
0 0.918773 0.333301 0.050000 0.049451
0 0.056635 0.068182 0.050000 0.049451
0 0.012679 0.197283 0.050000 0.049451
0 0.983708 0.206505 0.050000 0.049451
0 0.994697 0.612253 0.050000 0.049451
0 0.656036 0.132733 0.050000 0.049451
0 0.582110 0.125816 0.050000 0.049451