0 0.982280 0.708787 0.049805 0.049479
0 0.782605 0.856514 0.049805 0.049479
0 0.679114 0.838657 0.049805 0.049479
0 0.519618 0.733137 0.049805 0.049479
0 0.458741 0.653592 0.049805 0.049479
0 0.354033 0.736384 0.049805 0.049479
0 0.102004 0.926319 0.049805 0.049479
0 0.408822 0.596774 0.049805 0.049479
0 0.358903 0.567553 0.049805 0.049479
0 0.931144 0.635735 0.049805 0.049479
0 0.914098 0.600020 0.049805 0.049479
0 0.926273 0.580540 0.049805 0.049479
0 0.955494 0.531839 0.049805 0.049479
0 0.772864 0.627618 0.049805 0.049479
0 0.666939 0.601644 0.049805 0.049479
0 0.647458 0.557813 0.049805 0.049479
0 0.659634 0.544826 0.049805 0.049479
0 0.687637 0.539955 0.049805 0.049479
0 0.736338 0.531839 0.049805 0.049479
0 0.757036 0.528592 0.049805 0.049479
0 0.775299 0.512358 0.049805 0.049479
0 0.809390 0.535085 0.049805 0.049479
0 0.819131 0.522098 0.049805 0.049479
0 0.869049 0.528592 0.049805 0.049479
0 0.866614 0.505865 0.049805 0.049479
0 0.531793 0.531839 0.049805 0.049479
0 0.502572 0.536709 0.049805 0.049479
0 0.249325 0.554566 0.049805 0.049479
0 0.234715 0.522098 0.049805 0.049479
0 0.111744 0.539955 0.049805 0.049479
0 0.168968 0.668202 0.049805 0.049479
0 0.013124 0.713657 0.049805 0.049479
0 0.044780 0.544826 0.049805 0.049479
0 0.064260 0.536709 0.049805 0.049479
0 0.089829 0.513981 0.049805 0.049479
0 0.145835 0.517228 0.049805 0.049479
0 0.265153 0.648722 0.049805 0.049479
0 0.322377 0.531839 0.049805 0.049479
0 0.294374 0.500994 0.049805 0.049479
0 0.382036 0.520475 0.049805 0.049479
0 0.132442 0.510735 0.049805 0.049479
0 0.430738 0.528592 0.049805 0.049479
0 0.452653 0.502618 0.049805 0.049479
0 0.533010 0.497748 0.049805 0.049479
0 0.548838 0.497748 0.049805 0.049479
0 0.513530 0.486384 0.049805 0.049479
0 0.574407 0.523722 0.049805 0.049479
0 0.584147 0.546449 0.049805 0.049479
0 0.606062 0.551319 0.049805 0.049479
0 0.608497 0.509111 0.049805 0.049479
0 0.636501 0.494501 0.049805 0.049479
0 0.654764 0.520475 0.049805 0.049479
0 0.665721 0.517228 0.049805 0.049479
0 0.714423 0.517228 0.049805 0.049479
0 0.730251 0.479891 0.049805 0.049479
0 0.699812 0.476644 0.049805 0.049479
0 0.696160 0.460410 0.049805 0.049479
0 0.596322 0.385735 0.049805 0.049479
0 0.911460 0.508705 0.049805 0.049479
0 0.898067 0.514387 0.049805 0.049479
0 0.881631 0.507082 0.049805 0.049479
0 0.850583 0.463251 0.049805 0.049479
0 0.835364 0.467309 0.049805 0.049479
0 0.825015 0.470556 0.049805 0.049479
0 0.837191 0.481920 0.049805 0.049479
0 0.805535 0.481920 0.049805 0.049479
0 0.795186 0.497342 0.049805 0.049479
0 0.779358 0.493283 0.049805 0.049479
0 0.776923 0.478673 0.049805 0.049479
0 0.781184 0.465686 0.049805 0.049479
0 0.764747 0.474615 0.049805 0.049479
0 0.750746 0.467309 0.049805 0.049479
0 0.740397 0.494907 0.049805 0.049479
0 0.993035 0.608543 0.049805 0.049479
0 0.995673 0.528592 0.049805 0.049479
0 0.682158 0.528998 0.049805 0.049479
0 0.694942 0.519257 0.049805 0.049479
0 0.548838 0.331757 0.049805 0.049479
0 0.615803 0.426725 0.049805 0.049479
0 0.543968 0.391822 0.049805 0.049479
0 0.579885 0.412115 0.049805 0.049479
0 0.559796 0.514387 0.049805 0.049479
0 0.523270 0.501400 0.049805 0.049479
0 0.523879 0.483543 0.049805 0.049479
0 0.472134 0.485978 0.049805 0.049479
0 0.467872 0.508705 0.049805 0.049479
0 0.474569 0.517634 0.049805 0.049479
0 0.600583 0.544420 0.049805 0.049479
0 0.439869 0.491863 0.049805 0.049479
0 0.445957 0.480093 0.049805 0.049479
0 0.437739 0.472382 0.049805 0.049479
0 0.442609 0.469136 0.049805 0.049479
0 0.449001 0.465483 0.049805 0.049479
0 0.442609 0.461019 0.049805 0.049479
0 0.421302 0.448843 0.049805 0.049479
0 0.419476 0.470759 0.049805 0.049479
0 0.431346 0.477253 0.049805 0.049479
0 0.425259 0.484152 0.049805 0.049479
0 0.409735 0.485775 0.049805 0.049479
0 0.412170 0.496327 0.049805 0.049479
0 0.410648 0.511343 0.049805 0.049479
0 0.401213 0.499980 0.049805 0.049479
0 0.395125 0.486993 0.049805 0.049479
0 0.395125 0.474006 0.049805 0.049479
0 0.403648 0.462642 0.049805 0.049479
0 0.380514 0.489022 0.049805 0.049479
0 0.386907 0.476441 0.049805 0.049479
0 0.375949 0.480499 0.049805 0.049479
0 0.386907 0.460613 0.049805 0.049479
0 0.369557 0.453714 0.049805 0.049479
0 0.375949 0.471977 0.049805 0.049479
0 0.368948 0.463860 0.049805 0.049479
0 0.370165 0.475629 0.049805 0.049479
0 0.368644 0.489834 0.049805 0.049479
0 0.355859 0.487805 0.049805 0.049479
0 0.360121 0.518243 0.049805 0.049479
0 0.344902 0.494298 0.049805 0.049479
0 0.350685 0.482123 0.049805 0.049479
0 0.358295 0.474006 0.049805 0.049479
0 0.358599 0.465077 0.049805 0.049479
0 0.363165 0.462642 0.049805 0.049479
0 0.349467 0.470353 0.049805 0.049479
0 0.344902 0.468324 0.049805 0.049479
0 0.345510 0.450873 0.049805 0.049479
0 0.386602 0.470353 0.049805 0.049479
0 0.417649 0.480093 0.049805 0.049479
0 0.337901 0.462236 0.049805 0.049479
0 0.335161 0.469542 0.049805 0.049479
0 0.332118 0.463454 0.049805 0.049479
0 0.321464 0.460613 0.049805 0.049479
0 0.321769 0.476441 0.049805 0.049479
0 0.321160 0.491863 0.049805 0.049479
0 0.328769 0.507691 0.049805 0.049479
0 0.268197 0.506676 0.049805 0.049479
0 0.280981 0.501806 0.049805 0.049479
0 0.246282 0.490442 0.049805 0.049479
0 0.261501 0.490442 0.049805 0.049479
0 0.231062 0.500183 0.049805 0.049479
0 0.203668 0.494501 0.049805 0.049479
0 0.195754 0.526157 0.049805 0.049479
0 0.199407 0.628430 0.049805 0.049479
0 0.311724 0.451279 0.049805 0.049479
0 0.313855 0.461830 0.049805 0.049479
0 0.305941 0.465483 0.049805 0.049479
0 0.303201 0.453308 0.049805 0.049479
0 0.287678 0.456149 0.049805 0.049479
0 0.284025 0.462642 0.049805 0.049479
0 0.283721 0.473194 0.049805 0.049479
0 0.273980 0.467512 0.049805 0.049479
0 0.267588 0.463860 0.049805 0.049479
0 0.270937 0.459801 0.049805 0.049479
0 0.251760 0.463454 0.049805 0.049479
0 0.255717 0.474412 0.049805 0.049479
0 0.247803 0.471165 0.049805 0.049479
0 0.222844 0.465483 0.049805 0.049479
0 0.214626 0.468730 0.049805 0.049479
0 0.212799 0.474412 0.049805 0.049479
0 0.211277 0.465483 0.049805 0.049479
0 0.206712 0.471165 0.049805 0.049479
0 0.201537 0.474817 0.049805 0.049479
0 0.200015 0.466295 0.049805 0.049479
0 0.189362 0.466295 0.049805 0.049479
0 0.192406 0.476847 0.049805 0.049479
0 0.186318 0.489022 0.049805 0.049479
0 0.172925 0.492269 0.049805 0.049479
0 0.175969 0.471977 0.049805 0.049479
0 0.171403 0.468324 0.049805 0.049479
0 0.163185 0.467512 0.049805 0.049479
0 0.162881 0.481717 0.049805 0.049479
0 0.148879 0.481717 0.049805 0.049479
0 0.155880 0.471165 0.049805 0.049479
0 0.146748 0.470353 0.049805 0.049479
0 0.139443 0.476847 0.049805 0.049479
0 0.139443 0.491051 0.049805 0.049479
0 0.126050 0.486181 0.049805 0.049479
0 0.215539 0.499574 0.049805 0.049479
0 0.222844 0.502415 0.049805 0.049479
0 0.217974 0.466295 0.049805 0.049479
0 0.310405 0.496327 0.049805 0.049479
0 0.311927 0.480499 0.049805 0.049479
0 0.327450 0.460613 0.049805 0.049479
0 0.295795 0.477658 0.049805 0.049479
0 0.297621 0.484152 0.049805 0.049479
0 0.238875 0.466701 0.049805 0.049479
0 0.071261 0.511343 0.049805 0.049479
0 0.068217 0.487399 0.049805 0.049479
0 0.078566 0.483746 0.049805 0.049479
0 0.103830 0.482934 0.049805 0.049479
0 0.100786 0.467512 0.049805 0.049479
0 0.091655 0.453714 0.049805 0.049479
0 0.088002 0.462642 0.049805 0.049479
0 0.076131 0.456149 0.049805 0.049479
0 0.063956 0.462642 0.049805 0.049479
0 0.058173 0.457366 0.049805 0.049479
0 0.051172 0.464671 0.049805 0.049479
0 0.048737 0.456149 0.049805 0.049479
0 0.059695 0.478876 0.049805 0.049479
0 0.073392 0.476035 0.049805 0.049479
0 0.051476 0.484558 0.049805 0.049479
0 0.031996 0.485369 0.049805 0.049479
0 0.030778 0.507285 0.049805 0.049479
0 0.013733 0.499980 0.049805 0.049479
0 0.012820 0.482529 0.049805 0.049479
0 0.015255 0.467512 0.049805 0.049479
0 0.018299 0.458990 0.049805 0.049479
0 0.029865 0.453714 0.049805 0.049479
0 0.116614 0.479688 0.049805 0.049479
0 0.004297 0.471571 0.049805 0.049479
0 0.004906 0.447626 0.049805 0.049479
0 0.008254 0.458178 0.049805 0.049479
0 0.629196 0.703917 0.049805 0.049479
0 0.621890 0.600020 0.049805 0.049479
0 0.573189 0.494501 0.049805 0.049479
0 0.615803 0.479891 0.049805 0.049479
0 0.604236 0.496530 0.049805 0.049479
0 0.926273 0.467309 0.049805 0.049479
0 0.862353 0.481920 0.049805 0.049479
0 0.750949 0.627212 0.049805 0.049479
0 0.090047 0.489693 0.049805 0.049479
0 0.117270 0.520329 0.049805 0.049479