0 0.110244 0.555936 0.049805 0.049479
0 0.015122 0.921789 0.049805 0.049479
0 0.073659 0.866505 0.049805 0.049479
0 0.105366 0.942927 0.049805 0.049479
0 0.045610 0.738049 0.049805 0.049479
0 0.173659 0.762440 0.049805 0.049479
0 0.224879 0.986830 0.049805 0.049479
0 0.126098 0.642114 0.049805 0.049479
0 0.151708 0.611220 0.049805 0.049479
0 0.026098 0.633984 0.049805 0.049479
0 0.004147 0.464879 0.049805 0.049479
0 0.173659 0.539675 0.049805 0.049479
0 0.211464 0.728293 0.049805 0.049479
0 0.205366 0.658375 0.049805 0.049479
0 0.229757 0.819350 0.049805 0.049479
0 0.060244 0.342927 0.049805 0.049479
0 0.002927 0.377074 0.049805 0.049479
0 0.057805 0.300651 0.049805 0.049479
0 0.022440 0.295773 0.049805 0.049479
0 0.030976 0.245366 0.049805 0.049479
0 0.005366 0.266505 0.049805 0.049479
0 0.056586 0.217724 0.049805 0.049479
0 0.004147 0.123415 0.049805 0.049479
0 0.084635 0.263253 0.049805 0.049479
0 0.061464 0.186830 0.049805 0.049479
0 0.084635 0.162440 0.049805 0.049479
0 0.061464 0.107155 0.049805 0.049479
0 0.099269 0.123415 0.049805 0.049479
0 0.129757 0.121789 0.049805 0.049479
0 0.072440 0.068131 0.049805 0.049479
0 0.024879 0.064879 0.049805 0.049479
0 0.011464 0.038862 0.049805 0.049479
0 0.013903 0.007968 0.049805 0.049479
0 0.049879 0.028700 0.049805 0.049479
0 0.068171 0.026261 0.049805 0.049479
0 0.110854 0.031952 0.049805 0.049479
0 0.105366 0.062033 0.049805 0.049479
0 0.124269 0.066911 0.049805 0.049479
0 0.148659 0.046586 0.049805 0.049479
0 0.130976 0.036017 0.049805 0.049479
0 0.162683 0.011627 0.049805 0.049479
0 0.162683 0.057968 0.049805 0.049479
0 0.191952 0.024635 0.049805 0.049479
0 0.160244 0.085610 0.049805 0.049479
0 0.188903 0.117318 0.049805 0.049479
0 0.180976 0.148212 0.049805 0.049479
0 0.174879 0.192114 0.049805 0.049479
0 0.135244 0.187236 0.049805 0.049479
0 0.141952 0.243334 0.049805 0.049479
0 0.140122 0.297806 0.049805 0.049479
0 0.180976 0.261220 0.049805 0.049479
0 0.195610 0.183171 0.049805 0.049479
0 0.221830 0.031952 0.049805 0.049479
0 0.223659 0.058781 0.049805 0.049479
0 0.213903 0.076667 0.049805 0.049479
0 0.214513 0.107562 0.049805 0.049479
0 0.245610 0.190488 0.049805 0.049479
0 0.230976 0.231952 0.049805 0.049479
0 0.228537 0.275041 0.049805 0.049479
0 0.265122 0.265285 0.049805 0.049479
0 0.267561 0.127887 0.049805 0.049479
0 0.244391 0.362846 0.049805 0.049479
0 0.248659 0.320570 0.049805 0.049479
0 0.285854 0.314879 0.049805 0.049479
0 0.307805 0.257968 0.049805 0.049479
0 0.215122 0.427480 0.049805 0.049479
0 0.190732 0.474635 0.049805 0.049479
0 0.241952 0.453497 0.049805 0.049479
0 0.226098 0.521789 0.049805 0.049479
0 0.250488 0.567318 0.049805 0.049479
0 0.288293 0.708781 0.049805 0.049479
0 0.311464 0.660001 0.049805 0.049479
0 0.361464 0.783578 0.049805 0.049479
0 0.330976 0.941301 0.049805 0.049479
0 0.395610 0.864879 0.049805 0.049479
0 0.328537 0.596586 0.049805 0.049479
0 0.285854 0.552684 0.049805 0.049479
0 0.334635 0.486017 0.049805 0.049479
0 0.304147 0.433984 0.049805 0.049479
0 0.270000 0.416098 0.049805 0.049479
0 0.320000 0.398212 0.049805 0.049479
0 0.328537 0.318537 0.049805 0.049479
0 0.352927 0.281139 0.049805 0.049479
0 0.385854 0.412846 0.049805 0.049479
0 0.380976 0.581952 0.049805 0.049479
0 0.438293 0.624228 0.049805 0.049479
0 0.477318 0.718537 0.049805 0.049479
0 0.537074 0.972196 0.049805 0.049479
0 0.491952 0.812846 0.049805 0.049479
0 0.635854 0.835610 0.049805 0.049479
0 0.710244 0.814472 0.049805 0.049479
0 0.772440 0.864879 0.049805 0.049479
0 0.921220 0.811220 0.049805 0.049479
0 0.982196 0.768944 0.049805 0.049479
0 0.828537 0.729919 0.049805 0.049479
0 0.813903 0.656749 0.049805 0.049479
0 0.700488 0.736423 0.049805 0.049479
0 0.622440 0.668131 0.049805 0.049479
0 0.574879 0.710407 0.049805 0.049479
0 0.509025 0.645366 0.049805 0.049479
0 0.520000 0.515285 0.049805 0.049479
0 0.620000 0.562440 0.049805 0.049479
0 0.701708 0.512033 0.049805 0.049479
0 0.730976 0.593334 0.049805 0.049479
0 0.849269 0.601464 0.049805 0.049479
0 0.899269 0.617724 0.049805 0.049479
0 0.855366 0.544553 0.049805 0.049479
0 0.911464 0.533171 0.049805 0.049479
0 0.989513 0.629106 0.049805 0.049479
0 0.988293 0.708781 0.049805 0.049479
0 0.976098 0.432358 0.049805 0.049479
0 0.989513 0.383578 0.049805 0.049479
0 0.979757 0.328293 0.049805 0.049479
0 0.954147 0.318537 0.049805 0.049479
0 0.928537 0.295773 0.049805 0.049479
0 0.923659 0.357562 0.049805 0.049479
0 0.901708 0.456749 0.049805 0.049479
0 0.789513 0.456749 0.049805 0.049479
0 0.821220 0.420976 0.049805 0.049479
0 0.811464 0.372196 0.049805 0.049479
0 0.837074 0.333171 0.049805 0.049479
0 0.899269 0.354310 0.049805 0.049479
0 0.723659 0.416098 0.049805 0.049479
0 0.744391 0.489269 0.049805 0.049479
0 0.651708 0.453497 0.049805 0.049479
0 0.585854 0.438862 0.049805 0.049479
0 0.573659 0.500651 0.049805 0.049479
0 0.463903 0.476261 0.049805 0.049479
0 0.476098 0.417724 0.049805 0.049479
0 0.499269 0.375448 0.049805 0.049479
0 0.446830 0.383578 0.049805 0.049479
0 0.478537 0.347806 0.049805 0.049479
0 0.358415 0.390895 0.049805 0.049479
0 0.380976 0.306342 0.049805 0.049479
0 0.393171 0.333171 0.049805 0.049479
0 0.421830 0.280326 0.049805 0.049479
0 0.457196 0.306342 0.049805 0.049479
0 0.501098 0.250245 0.049805 0.049479
0 0.585854 0.394960 0.049805 0.049479
0 0.588293 0.352684 0.049805 0.049479
0 0.624269 0.371383 0.049805 0.049479
0 0.638903 0.326667 0.049805 0.049479
0 0.674269 0.356749 0.049805 0.049479
0 0.595610 0.279513 0.049805 0.049479
0 0.649879 0.279513 0.049805 0.049479
0 0.482805 0.222602 0.049805 0.049479
0 0.502927 0.193334 0.049805 0.049479
0 0.518781 0.115285 0.049805 0.049479
0 0.431586 0.247806 0.049805 0.049479
0 0.310854 0.187643 0.049805 0.049479
0 0.321220 0.136423 0.049805 0.049479
0 0.277927 0.080326 0.049805 0.049479
0 0.262683 0.048619 0.049805 0.049479
0 0.279147 0.058375 0.049805 0.049479
0 0.377927 0.077887 0.049805 0.049479
0 0.386464 0.121789 0.049805 0.049479
0 0.368781 0.154310 0.049805 0.049479
0 0.352927 0.194960 0.049805 0.049479
0 0.381586 0.040488 0.049805 0.049479
0 0.415732 0.047806 0.049805 0.049479
0 0.437683 0.063253 0.049805 0.049479
0 0.452927 0.087643 0.049805 0.049479
0 0.480976 0.062440 0.049805 0.049479
0 0.431586 0.152684 0.049805 0.049479
0 0.525488 0.067318 0.049805 0.049479
0 0.596830 0.089269 0.049805 0.049479
0 0.593171 0.058375 0.049805 0.049479
0 0.612683 0.060814 0.049805 0.049479
0 0.641952 0.066505 0.049805 0.049479
0 0.660244 0.082765 0.049805 0.049479
0 0.673659 0.088456 0.049805 0.049479
0 0.706586 0.059188 0.049805 0.049479
0 0.698049 0.116911 0.049805 0.049479
0 0.601708 0.116911 0.049805 0.049479
0 0.614513 0.107968 0.049805 0.049479
0 0.609635 0.160001 0.049805 0.049479
0 0.640732 0.184391 0.049805 0.049479
0 0.615122 0.186017 0.049805 0.049479
0 0.633415 0.142927 0.049805 0.049479
0 0.640122 0.154310 0.049805 0.049479
0 0.645610 0.220163 0.049805 0.049479
0 0.599879 0.220163 0.049805 0.049479
0 0.699879 0.242927 0.049805 0.049479
0 0.701708 0.212846 0.049805 0.049479
0 0.707196 0.158375 0.049805 0.049479
0 0.246830 0.012846 0.049805 0.049479
0 0.305366 0.019350 0.049805 0.049479
0 0.333415 0.009594 0.049805 0.049479
0 0.449269 0.024228 0.049805 0.049479
0 0.534635 0.043334 0.049805 0.049479
0 0.592561 0.004310 0.049805 0.049479
0 0.666342 0.006749 0.049805 0.049479
0 0.690732 0.017318 0.049805 0.049479
0 0.724879 0.025448 0.049805 0.049479
0 0.702927 0.033578 0.049805 0.049479
0 0.736464 0.110001 0.049805 0.049479
0 0.752318 0.092114 0.049805 0.049479
0 0.776098 0.107562 0.049805 0.049479
0 0.764513 0.041708 0.049805 0.049479
0 0.772440 0.008375 0.049805 0.049479
0 0.813903 0.057968 0.049805 0.049479
0 0.802927 0.124635 0.049805 0.049479
0 0.771220 0.149838 0.049805 0.049479
0 0.776098 0.245773 0.049805 0.049479
0 0.788293 0.210001 0.049805 0.049479
0 0.795610 0.183171 0.049805 0.049479
0 0.804147 0.294553 0.049805 0.049479
0 0.778537 0.347399 0.049805 0.049479
0 0.752927 0.382358 0.049805 0.049479
0 0.830366 0.148212 0.049805 0.049479
0 0.846830 0.208375 0.049805 0.049479
0 0.823049 0.265285 0.049805 0.049479
0 0.876708 0.296993 0.049805 0.049479
0 0.971830 0.270976 0.049805 0.049479
0 0.927927 0.252277 0.049805 0.049479
0 0.893781 0.253090 0.049805 0.049479
0 0.906586 0.214066 0.049805 0.049479
0 0.960854 0.227074 0.049805 0.049479
0 0.906586 0.177480 0.049805 0.049479
0 0.932805 0.168537 0.049805 0.049479
0 0.891952 0.155529 0.049805 0.049479
0 0.849879 0.152277 0.049805 0.049479
0 0.866342 0.128700 0.049805 0.049479
0 0.851098 0.098619 0.049805 0.049479
0 0.866342 0.062846 0.049805 0.049479
0 0.830976 0.057968 0.049805 0.049479
0 0.834025 0.015692 0.049805 0.049479
0 0.856586 0.006749 0.049805 0.049479
0 0.890732 0.014066 0.049805 0.049479
0 0.924879 0.028700 0.049805 0.049479
0 0.906586 0.100245 0.049805 0.049479
0 0.951708 0.107562 0.049805 0.049479
0 0.981586 0.055529 0.049805 0.049479
0 0.993781 0.022196 0.049805 0.049479
0 0.971220 0.003497 0.049805 0.049479
0 0.998049 0.175448 0.049805 0.049479
0 0.598390 0.892259 0.049805 0.049479