0 0.029955 0.820813 0.049805 0.049563
0 0.102850 0.751899 0.049805 0.049563
0 0.196399 0.666664 0.049805 0.049563
0 0.217053 0.574174 0.049805 0.049563
0 0.204903 0.771848 0.049805 0.049563
0 0.265649 0.764594 0.049805 0.049563
0 0.353124 0.793611 0.049805 0.049563
0 0.342189 0.708375 0.049805 0.049563
0 0.503774 0.780916 0.049805 0.049563
0 0.492840 0.713815 0.049805 0.049563
0 0.547511 0.742832 0.049805 0.049563
0 0.529287 0.713815 0.049805 0.049563
0 0.613117 0.762781 0.049805 0.049563
0 0.598538 0.688426 0.049805 0.049563
0 0.626481 0.922371 0.049805 0.049563
0 0.760122 0.828068 0.049805 0.049563
0 0.692087 0.793611 0.049805 0.049563
0 0.833017 0.935066 0.049805 0.049563
0 0.845167 0.838949 0.049805 0.049563
0 0.833017 0.770035 0.049805 0.049563
0 0.935071 0.722883 0.049805 0.049563
0 0.989742 0.679358 0.049805 0.049563
0 0.989742 0.764594 0.049805 0.049563
0 0.881614 0.742832 0.049805 0.049563
0 0.784421 0.679358 0.049805 0.049563
0 0.750403 0.692053 0.049805 0.049563
0 0.723675 0.742832 0.049805 0.049563
0 0.671433 0.730137 0.049805 0.049563
0 0.528072 0.704748 0.049805 0.049563
0 0.440598 0.713815 0.049805 0.049563
0 0.427234 0.731951 0.049805 0.049563
0 0.412655 0.713815 0.049805 0.049563
0 0.060328 0.755527 0.049805 0.049563
0 0.080981 0.710188 0.049805 0.049563
0 0.112569 0.663037 0.049805 0.049563
0 0.574239 0.666664 0.049805 0.049563
0 0.549941 0.666664 0.049805 0.049563
0 0.554801 0.655783 0.049805 0.049563
0 0.568165 0.637647 0.049805 0.049563
0 0.513493 0.650342 0.049805 0.049563
0 0.506204 0.612258 0.049805 0.049563
0 0.288125 0.671198 0.049805 0.049563
0 0.308172 0.654876 0.049805 0.049563
0 0.300882 0.645808 0.049805 0.049563
0 0.327610 0.677545 0.049805 0.049563
0 0.338545 0.661223 0.049805 0.049563
0 0.361628 0.693867 0.049805 0.049563
0 0.361021 0.671198 0.049805 0.049563
0 0.379852 0.656689 0.049805 0.049563
0 0.368310 0.636741 0.049805 0.049563
0 0.395646 0.627673 0.049805 0.049563
0 0.391394 0.618605 0.049805 0.049563
0 0.410832 0.647622 0.049805 0.049563
0 0.428449 0.634020 0.049805 0.049563
0 0.401721 0.620419 0.049805 0.049563
0 0.417515 0.602284 0.049805 0.049563
0 0.381674 0.593216 0.049805 0.049563
0 0.423589 0.692053 0.049805 0.049563
0 0.412655 0.679358 0.049805 0.049563
0 0.444850 0.649435 0.049805 0.049563
0 0.459429 0.607724 0.049805 0.049563
0 0.435738 0.588682 0.049805 0.049563
0 0.448495 0.574174 0.049805 0.049563
0 0.470971 0.574174 0.049805 0.049563
0 0.475223 0.589589 0.049805 0.049563
0 0.464896 0.677545 0.049805 0.049563
0 0.482513 0.674825 0.049805 0.049563
0 0.530502 0.704748 0.049805 0.049563
0 0.541436 0.595936 0.049805 0.049563
0 0.539007 0.584148 0.049805 0.049563
0 0.514708 0.563293 0.049805 0.049563
0 0.506204 0.584148 0.049805 0.049563
0 0.528072 0.550598 0.049805 0.049563
0 0.552371 0.558759 0.049805 0.049563
0 0.561483 0.566013 0.049805 0.049563
0 0.573024 0.569640 0.049805 0.049563
0 0.562698 0.586869 0.049805 0.049563
0 0.578492 0.583242 0.049805 0.049563
0 0.578492 0.604097 0.049805 0.049563
0 0.589426 0.570547 0.049805 0.049563
0 0.599145 0.561479 0.049805 0.049563
0 0.614332 0.557852 0.049805 0.049563
0 0.630733 0.565106 0.049805 0.049563
0 0.638630 0.586869 0.049805 0.049563
0 0.634985 0.602284 0.049805 0.049563
0 0.655032 0.601377 0.049805 0.049563
0 0.644705 0.634927 0.049805 0.049563
0 0.633770 0.624953 0.049805 0.049563
0 0.620406 0.646715 0.049805 0.049563
0 0.610079 0.607724 0.049805 0.049563
0 0.596108 0.618605 0.049805 0.049563
0 0.602790 0.607724 0.049805 0.049563
0 0.590033 0.599563 0.049805 0.049563
0 0.585174 0.633113 0.049805 0.049563
0 0.588211 0.647622 0.049805 0.049563
0 0.631341 0.678452 0.049805 0.049563
0 0.655032 0.693867 0.049805 0.049563
0 0.649564 0.707468 0.049805 0.049563
0 0.670218 0.694773 0.049805 0.049563
0 0.685405 0.721976 0.049805 0.049563
0 0.707881 0.709282 0.049805 0.049563
0 0.702413 0.730137 0.049805 0.049563
0 0.687227 0.701121 0.049805 0.049563
0 0.256841 0.596843 0.049805 0.049563
0 0.272331 0.597750 0.049805 0.049563
0 0.263523 0.551505 0.049805 0.049563
0 0.251070 0.548785 0.049805 0.049563
0 0.256234 0.526115 0.049805 0.049563
0 0.249248 0.524755 0.049805 0.049563
0 0.281140 0.532916 0.049805 0.049563
0 0.286607 0.531103 0.049805 0.049563
0 0.295111 0.544251 0.049805 0.049563
0 0.306349 0.535183 0.049805 0.049563
0 0.301186 0.525662 0.049805 0.049563
0 0.309690 0.547878 0.049805 0.049563
0 0.317891 0.539263 0.049805 0.049563
0 0.321536 0.532463 0.049805 0.049563
0 0.313942 0.529742 0.049805 0.049563
0 0.326699 0.522488 0.049805 0.049563
0 0.331559 0.526569 0.049805 0.049563
0 0.337330 0.531556 0.049805 0.049563
0 0.346745 0.529742 0.049805 0.049563
0 0.339456 0.541984 0.049805 0.049563
0 0.282962 0.551958 0.049805 0.049563
0 0.290555 0.603190 0.049805 0.049563
0 0.300275 0.618605 0.049805 0.049563
0 0.322143 0.589135 0.049805 0.049563
0 0.336722 0.599110 0.049805 0.049563
0 0.330040 0.562839 0.049805 0.049563
0 0.351301 0.562839 0.049805 0.049563
0 0.335507 0.619965 0.049805 0.049563
0 0.345530 0.643995 0.049805 0.049563
0 0.355250 0.617699 0.049805 0.049563
0 0.361021 0.593216 0.049805 0.049563
0 0.366184 0.580068 0.049805 0.049563
0 0.361324 0.566013 0.049805 0.049563
0 0.371955 0.566013 0.049805 0.049563
0 0.362843 0.552865 0.049805 0.049563
0 0.378030 0.552865 0.049805 0.049563
0 0.385319 0.547424 0.049805 0.049563
0 0.382889 0.527929 0.049805 0.049563
0 0.364665 0.537450 0.049805 0.049563
0 0.354946 0.538357 0.049805 0.049563
0 0.352820 0.526115 0.049805 0.049563
0 0.369829 0.527929 0.049805 0.049563
0 0.365880 0.523395 0.049805 0.049563
0 0.366488 0.520221 0.049805 0.049563
0 0.374081 0.516141 0.049805 0.049563
0 0.385927 0.521128 0.049805 0.049563
0 0.386534 0.518861 0.049805 0.049563
0 0.400506 0.528836 0.049805 0.049563
0 0.396557 0.518861 0.049805 0.049563
0 0.401721 0.570547 0.049805 0.049563
0 0.418729 0.547878 0.049805 0.049563
0 0.419641 0.525209 0.049805 0.049563
0 0.428145 0.513421 0.049805 0.049563
0 0.398076 0.548331 0.049805 0.049563
0 0.429664 0.555132 0.049805 0.049563
0 0.433005 0.536997 0.049805 0.049563
0 0.431486 0.525209 0.049805 0.049563
0 0.436650 0.524302 0.049805 0.049563
0 0.422678 0.580521 0.049805 0.049563
0 0.432094 0.569187 0.049805 0.049563
0 0.445002 0.567827 0.049805 0.049563
0 0.437409 0.551051 0.049805 0.049563
0 0.441357 0.518635 0.049805 0.049563
0 0.444850 0.495739 0.049805 0.049563
0 0.452595 0.525889 0.049805 0.049563
0 0.446824 0.529289 0.049805 0.049563
0 0.447280 0.539490 0.049805 0.049563
0 0.456999 0.530876 0.049805 0.049563
0 0.462922 0.523168 0.049805 0.049563
0 0.462163 0.515914 0.049805 0.049563
0 0.465656 0.514328 0.049805 0.049563
0 0.471427 0.517501 0.049805 0.049563
0 0.468997 0.521355 0.049805 0.049563
0 0.480842 0.516368 0.049805 0.049563
0 0.472338 0.532689 0.049805 0.049563
0 0.472642 0.524755 0.049805 0.049563
0 0.462163 0.552412 0.049805 0.049563
0 0.465504 0.539717 0.049805 0.049563
0 0.453507 0.547198 0.049805 0.049563
0 0.464137 0.568280 0.049805 0.049563
0 0.466111 0.561026 0.049805 0.049563
0 0.481450 0.547878 0.049805 0.049563
0 0.485246 0.527702 0.049805 0.049563
0 0.477957 0.532463 0.049805 0.049563
0 0.491473 0.521128 0.049805 0.049563
0 0.495877 0.515914 0.049805 0.049563
0 0.485094 0.585735 0.049805 0.049563
0 0.495877 0.548785 0.049805 0.049563
0 0.496029 0.533143 0.049805 0.049563
0 0.500585 0.530649 0.049805 0.049563
0 0.513190 0.526795 0.049805 0.049563
0 0.511519 0.515234 0.049805 0.049563
0 0.518201 0.534050 0.049805 0.049563
0 0.508026 0.543117 0.049805 0.049563
0 0.501192 0.571000 0.049805 0.049563
0 0.503318 0.556719 0.049805 0.049563
0 0.494510 0.589362 0.049805 0.049563
0 0.516227 0.547198 0.049805 0.049563
0 0.514404 0.539490 0.049805 0.049563
0 0.527313 0.530876 0.049805 0.049563
0 0.525642 0.508660 0.049805 0.049563
0 0.530350 0.507753 0.049805 0.049563
0 0.537336 0.505260 0.049805 0.049563
0 0.532780 0.584148 0.049805 0.049563
0 0.520631 0.580975 0.049805 0.049563
0 0.535362 0.591856 0.049805 0.049563
0 0.515012 0.573267 0.049805 0.049563
0 0.654576 0.569867 0.049805 0.049563
0 0.648653 0.545838 0.049805 0.049563
0 0.640908 0.542664 0.049805 0.049563
0 0.645160 0.577801 0.049805 0.049563
0 0.622988 0.542210 0.049805 0.049563
0 0.614332 0.533143 0.049805 0.049563
0 0.610535 0.538357 0.049805 0.049563
0 0.605827 0.546518 0.049805 0.049563
0 0.598386 0.527929 0.049805 0.049563
0 0.591552 0.544704 0.049805 0.049563
0 0.588970 0.532689 0.049805 0.049563
0 0.575758 0.537450 0.049805 0.049563
0 0.580162 0.528156 0.049805 0.049563
0 0.579403 0.555132 0.049805 0.049563
0 0.567861 0.551505 0.049805 0.049563
0 0.563457 0.534276 0.049805 0.049563
0 0.557079 0.529516 0.049805 0.049563
0 0.554193 0.539037 0.049805 0.049563
0 0.547207 0.535183 0.049805 0.049563
0 0.541892 0.528609 0.049805 0.049563
0 0.671737 0.551051 0.049805 0.049563
0 0.670826 0.539717 0.049805 0.049563
0 0.685405 0.542437 0.049805 0.049563
0 0.697858 0.541984 0.049805 0.049563
0 0.708488 0.559666 0.049805 0.049563
0 0.721245 0.545157 0.049805 0.049563
0 0.711829 0.597296 0.049805 0.049563
0 0.677811 0.589589 0.049805 0.049563
0 0.685405 0.581881 0.049805 0.049563
0 0.669611 0.573720 0.049805 0.049563
0 0.669003 0.594123 0.049805 0.049563
0 0.707881 0.615885 0.049805 0.049563
0 0.744936 0.650795 0.049805 0.049563
0 0.762248 0.645808 0.049805 0.049563
0 0.754048 0.634927 0.049805 0.049563
0 0.762248 0.631753 0.049805 0.049563
0 0.823298 0.711095 0.049805 0.049563
0 0.866428 0.725603 0.049805 0.049563