0 0.083487 0.405760 0.049805 0.049479
0 0.090894 0.299587 0.049805 0.049479
0 0.096449 0.215636 0.049805 0.049479
0 0.190894 0.215636 0.049805 0.049479
0 0.242746 0.319340 0.049805 0.049479
0 0.269598 0.299587 0.049805 0.049479
0 0.436264 0.250204 0.049805 0.049479
0 0.403857 0.211933 0.049805 0.049479
0 0.620524 0.248970 0.049805 0.049479
0 0.662190 0.209464 0.049805 0.049479
0 0.577931 0.195883 0.049805 0.049479
0 0.602931 0.190945 0.049805 0.049479
0 0.136727 0.146192 0.049805 0.049479
0 0.116357 0.138167 0.049805 0.049479
0 0.054320 0.154217 0.049805 0.049479
0 0.159875 0.140636 0.049805 0.049479
0 0.178857 0.101747 0.049805 0.049479
0 0.003510 0.029448 0.049805 0.049479
0 0.061959 0.022195 0.049805 0.049479
0 0.007271 0.009020 0.049805 0.049479
0 0.020784 0.006358 0.049805 0.049479
0 0.309412 0.079371 0.049805 0.049479
0 0.433487 0.127828 0.049805 0.049479
0 0.477237 0.149433 0.049805 0.049479
0 0.522838 0.099124 0.049805 0.049479
0 0.631172 0.091871 0.049805 0.049479
0 0.657098 0.092488 0.049805 0.049479
0 0.802005 0.117797 0.049805 0.049479
0 0.673070 0.045420 0.049805 0.049479
0 0.809644 0.072272 0.049805 0.049479
0 0.748186 0.037318 0.049805 0.049479
0 0.839505 0.042565 0.049805 0.049479
0 0.836872 0.007438 0.049805 0.049479
0 0.907676 0.035158 0.049805 0.049479
0 0.879233 0.006705 0.049805 0.049479
0 0.980593 0.025590 0.049805 0.049479
0 0.542977 0.036547 0.049805 0.049479
0 0.638753 0.015984 0.049805 0.049479
0 0.511612 0.011200 0.049805 0.049479
0 0.530535 0.012511 0.049805 0.049479
0 0.536206 0.011663 0.049805 0.049479
0 0.219366 0.037010 0.049805 0.049479
0 0.258024 0.030991 0.049805 0.049479
0 0.291820 0.041717 0.049805 0.049479
0 0.277410 0.015289 0.049805 0.049479
0 0.274227 0.044456 0.049805 0.049479
0 0.294511 0.005663 0.049805 0.049479
0 0.242862 0.012666 0.049805 0.049479
0 0.109412 0.184309 0.049805 0.049479
0 0.685772 0.169937 0.049805 0.049479
0 0.725070 0.162133 0.049805 0.049479
0 0.232804 0.003688 0.049805 0.049479
0 0.267712 0.001458 0.049805 0.049479
0 0.780881 0.032952 0.049805 0.049479
0 0.901700 0.088136 0.049805 0.049479