0 0.837469 0.965353 0.047745 0.049645
0 0.755280 0.941897 0.047745 0.049645
0 0.707260 0.896217 0.047745 0.049645
0 0.641694 0.975230 0.047745 0.049645
0 0.913194 0.754242 0.047745 0.049645
0 0.772826 0.686341 0.047745 0.049645
0 0.736811 0.735724 0.047745 0.049645
0 0.945515 0.604859 0.047745 0.049645
0 0.913194 0.593748 0.047745 0.049645
0 0.176265 0.945600 0.047745 0.049645
0 0.139326 0.927082 0.047745 0.049645
0 0.259377 0.925847 0.047745 0.049645
0 0.323097 0.975230 0.047745 0.049645
0 0.317556 0.913501 0.047745 0.049645
0 0.411750 0.777699 0.047745 0.049645
0 0.367423 0.809798 0.047745 0.049645
0 0.325867 0.817205 0.047745 0.049645
0 0.209510 0.833255 0.047745 0.049645
0 0.076530 0.938193 0.047745 0.049645
0 0.198428 0.780168 0.047745 0.049645
0 0.349877 0.701156 0.047745 0.049645
0 0.299086 0.697452 0.047745 0.049645
0 0.227056 0.686341 0.047745 0.049645
0 0.254760 0.754242 0.047745 0.049645
0 0.160566 0.682637 0.047745 0.049645
0 0.137479 0.701156 0.047745 0.049645
0 0.116239 0.681403 0.047745 0.049645
0 0.051596 0.690045 0.047745 0.049645
0 0.040515 0.760415 0.047745 0.049645
0 0.078377 0.792514 0.047745 0.049645
0 0.092229 0.771526 0.047745 0.049645
0 0.117163 0.772761 0.047745 0.049645
0 0.143020 0.781403 0.047745 0.049645
0 0.059908 0.869057 0.047745 0.049645
0 0.218744 0.622143 0.047745 0.049645
0 0.272306 0.606094 0.047745 0.049645
0 0.312015 0.604859 0.047745 0.049645
0 0.348030 0.603625 0.047745 0.049645
0 0.378505 0.604859 0.047745 0.049645
0 0.408979 0.601156 0.047745 0.049645
0 0.442224 0.588810 0.047745 0.049645
0 0.454229 0.618440 0.047745 0.049645
0 0.501326 0.724613 0.047745 0.049645
0 0.482857 0.661650 0.047745 0.049645
0 0.508714 0.927082 0.047745 0.049645
0 0.475469 0.845600 0.047745 0.049645
0 0.517025 0.843131 0.047745 0.049645
0 0.569663 0.827082 0.047745 0.049645
0 0.591826 0.708563 0.047745 0.049645
0 0.687867 0.678934 0.047745 0.049645
0 0.697102 0.622143 0.047745 0.049645
0 0.677709 0.593748 0.047745 0.049645
0 0.737735 0.606094 0.047745 0.049645
0 0.782985 0.582637 0.047745 0.049645
0 0.829158 0.494983 0.047745 0.049645
0 0.859633 0.572761 0.047745 0.049645
0 0.922429 0.504859 0.047745 0.049645
0 0.923352 0.407329 0.047745 0.049645
0 0.897495 0.356711 0.047745 0.049645
0 0.835622 0.360415 0.047745 0.049645
0 0.870714 0.343131 0.047745 0.049645
0 0.853168 0.308563 0.047745 0.049645
0 0.910423 0.287576 0.047745 0.049645
0 0.943668 0.278934 0.047745 0.049645
0 0.910423 0.227082 0.047745 0.049645
0 0.941821 0.217205 0.047745 0.049645
0 0.930740 0.198687 0.047745 0.049645
0 0.883643 0.190045 0.047745 0.049645
0 0.877179 0.239427 0.047745 0.049645
0 0.818076 0.254242 0.047745 0.049645
0 0.819000 0.214736 0.047745 0.049645
0 0.763592 0.204859 0.047745 0.049645
0 0.744199 0.211032 0.047745 0.049645
0 0.742352 0.249304 0.047745 0.049645
0 0.698949 0.253008 0.047745 0.049645
0 0.750663 0.302390 0.047745 0.049645
0 0.757127 0.353008 0.047745 0.049645
0 0.792219 0.323378 0.047745 0.049645
0 0.760821 0.424613 0.047745 0.049645
0 0.727576 0.428316 0.047745 0.049645
0 0.707260 0.380168 0.047745 0.049645
0 0.690638 0.315971 0.047745 0.049645
0 0.674015 0.329551 0.047745 0.049645
0 0.646311 0.322143 0.047745 0.049645
0 0.624148 0.273995 0.047745 0.049645
0 0.656469 0.191279 0.047745 0.049645
0 0.642617 0.190045 0.047745 0.049645
0 0.589979 0.198687 0.047745 0.049645
0 0.542882 0.197452 0.047745 0.049645
0 0.500403 0.229551 0.047745 0.049645
0 0.532724 0.256711 0.047745 0.049645
0 0.508714 0.270292 0.047745 0.049645
0 0.469005 0.250538 0.047745 0.049645
0 0.459770 0.204859 0.047745 0.049645
0 0.419137 0.218440 0.047745 0.049645
0 0.396051 0.204859 0.047745 0.049645
0 0.339719 0.218440 0.047745 0.049645
0 0.325867 0.191279 0.047745 0.049645
0 0.276000 0.186341 0.047745 0.049645
0 0.312938 0.223378 0.047745 0.049645
0 0.285234 0.233255 0.047745 0.049645
0 0.241831 0.228316 0.047745 0.049645
0 0.202122 0.232020 0.047745 0.049645
0 0.187346 0.186341 0.047745 0.049645
0 0.148561 0.197452 0.047745 0.049645
0 0.114392 0.202390 0.047745 0.049645
0 0.079301 0.214736 0.047745 0.049645
0 0.011887 0.213501 0.047745 0.049645
0 0.020198 0.250538 0.047745 0.049645
0 0.050673 0.256711 0.047745 0.049645
0 0.127321 0.282637 0.047745 0.049645
0 0.169801 0.278934 0.047745 0.049645
0 0.248296 0.266588 0.047745 0.049645
0 0.287081 0.280168 0.047745 0.049645
0 0.323097 0.301156 0.047745 0.049645
0 0.348030 0.285106 0.047745 0.049645
0 0.312015 0.256711 0.047745 0.049645
0 0.385893 0.257946 0.047745 0.049645
0 0.453306 0.304859 0.047745 0.049645
0 0.481010 0.308563 0.047745 0.049645
0 0.390510 0.357946 0.047745 0.049645
0 0.360035 0.361650 0.047745 0.049645
0 0.319403 0.357946 0.047745 0.049645
0 0.291699 0.359180 0.047745 0.049645
0 0.334178 0.392514 0.047745 0.049645
0 0.290775 0.427082 0.047745 0.049645
0 0.247372 0.422143 0.047745 0.049645
0 0.237214 0.476464 0.047745 0.049645
0 0.203045 0.419674 0.047745 0.049645
0 0.194734 0.462884 0.047745 0.049645
0 0.155025 0.412267 0.047745 0.049645
0 0.122704 0.425847 0.047745 0.049645
0 0.086688 0.424613 0.047745 0.049645
0 0.052520 0.414736 0.047745 0.049645
0 0.034050 0.440662 0.047745 0.049645
0 0.014658 0.473995 0.047745 0.049645
0 0.055290 0.470292 0.047745 0.049645
0 0.109775 0.522143 0.047745 0.049645
0 0.078377 0.533255 0.047745 0.049645
0 0.165183 0.501156 0.047745 0.049645
0 0.134709 0.496217 0.047745 0.049645
0 0.184576 0.601156 0.047745 0.049645
0 0.085765 0.483872 0.047745 0.049645
0 0.098693 0.390045 0.047745 0.049645
0 0.058984 0.353008 0.047745 0.049645
0 0.063602 0.317205 0.047745 0.049645
0 0.107005 0.315971 0.047745 0.049645
0 0.138403 0.371526 0.047745 0.049645
0 0.176265 0.370292 0.047745 0.049645
0 0.165183 0.325847 0.047745 0.049645
0 0.191040 0.320909 0.047745 0.049645
0 0.204892 0.367822 0.047745 0.049645
0 0.238137 0.327082 0.047745 0.049645
0 0.283387 0.307329 0.047745 0.049645
0 0.253836 0.355477 0.047745 0.049645
0 0.340642 0.525847 0.047745 0.049645
0 0.408979 0.524613 0.047745 0.049645
0 0.365576 0.459180 0.047745 0.049645
0 0.434836 0.466588 0.047745 0.049645
0 0.460694 0.453008 0.047745 0.049645
0 0.451459 0.398687 0.047745 0.049645
0 0.514255 0.393748 0.047745 0.049645
0 0.537342 0.341897 0.047745 0.049645
0 0.564122 0.371526 0.047745 0.049645
0 0.567816 0.440662 0.047745 0.049645
0 0.521643 0.451773 0.047745 0.049645
0 0.598291 0.469057 0.047745 0.049645
0 0.519796 0.502390 0.047745 0.049645
0 0.601984 0.524613 0.047745 0.049645
0 0.577051 0.524613 0.047745 0.049645
0 0.625995 0.433255 0.047745 0.049645
0 0.671245 0.439427 0.047745 0.049645
0 0.689714 0.396217 0.047745 0.049645
0 0.615837 0.402390 0.047745 0.049645
0 0.583515 0.341897 0.047745 0.049645
0 0.393280 0.467822 0.047745 0.049645
0 0.135632 0.565353 0.047745 0.049645
0 0.105158 0.582637 0.047745 0.049645
0 0.085765 0.566588 0.047745 0.049645
0 0.037744 0.527082 0.047745 0.049645
0 0.031280 0.324613 0.047745 0.049645
0 0.364653 0.182637 0.047745 0.049645
0 0.642617 0.609798 0.047745 0.049645
0 0.661087 0.902390 0.047745 0.049645
0 0.336949 0.883872 0.047745 0.049645
0 0.386816 0.303625 0.047745 0.049645
0 0.979848 0.397601 0.047745 0.049645
0 0.974853 0.269388 0.047745 0.049645
0 0.973854 0.203947 0.047745 0.049645
0 0.942885 0.145183 0.047745 0.049645
0 0.888939 0.129156 0.047745 0.049645
0 0.815013 0.162545 0.047745 0.049645
0 0.712115 0.138505 0.047745 0.049645
0 0.989838 0.734158 0.047745 0.049645
0 0.959868 0.678065 0.047745 0.049645
0 0.986841 0.617965 0.047745 0.049645
0 0.086991 0.163627 0.047745 0.049645
0 0.102975 0.142926 0.047745 0.049645
0 0.298779 0.153611 0.047745 0.049645
0 0.016666 0.172121 0.047745 0.049645
0 0.033403 0.075164 0.047745 0.049645
0 0.013319 0.103505 0.047745 0.049645
0 0.072454 0.136321 0.047745 0.049645
0 0.081380 0.099030 0.047745 0.049645
0 0.113737 0.113947 0.047745 0.049645
0 0.122664 0.072181 0.047745 0.049645
0 0.097001 0.087097 0.047745 0.049645
0 0.192957 0.072181 0.047745 0.049645
0 0.224198 0.090081 0.047745 0.049645
0 0.233124 0.061739 0.047745 0.049645
0 0.243166 0.081131 0.047745 0.049645
0 0.247629 0.060248 0.047745 0.049645
0 0.361437 0.055773 0.047745 0.049645
0 0.333543 0.052790 0.047745 0.049645
0 0.681660 0.140796 0.047745 0.049645
0 0.651535 0.139305 0.047745 0.049645
0 0.609136 0.143780 0.047745 0.049645
0 0.625872 0.122897 0.047745 0.049645
0 0.483055 0.166154 0.047745 0.049645
0 0.512065 0.125880 0.047745 0.049645
0 0.480823 0.136321 0.047745 0.049645
0 0.452929 0.125880 0.047745 0.049645
0 0.411646 0.136321 0.047745 0.049645
0 0.448466 0.175104 0.047745 0.049645
0 0.455161 0.060248 0.047745 0.049645
0 0.486402 0.060248 0.047745 0.049645
0 0.538843 0.094555 0.047745 0.049645
0 0.566737 0.084114 0.047745 0.049645
0 0.610252 0.079639 0.047745 0.049645
0 0.641493 0.075164 0.047745 0.049645
0 0.679429 0.070689 0.047745 0.049645
0 0.730754 0.093064 0.047745 0.049645
0 0.812205 0.088589 0.047745 0.049645
0 0.809973 0.063231 0.047745 0.049645
0 0.831173 0.043840 0.047745 0.049645
0 0.912623 0.088589 0.047745 0.049645
0 0.948328 0.096047 0.047745 0.049645
0 0.981800 0.072181 0.047745 0.049645
0 0.862414 0.184054 0.047745 0.049645
0 0.399373 0.094555 0.047745 0.049645
0 0.431730 0.121405 0.047745 0.049645
0 0.198535 0.134830 0.047745 0.049645
0 0.173989 0.148255 0.047745 0.049645
0 0.144979 0.157204 0.047745 0.049645
0 0.780963 0.037873 0.047745 0.049645
0 0.686123 0.037873 0.047745 0.049645
0 0.651535 0.048315 0.047745 0.049645
0 0.499791 0.088589 0.047745 0.049645
0 0.051255 0.134830 0.047745 0.049645
0 0.038981 0.116930 0.047745 0.049645
0 0.157252 0.049806 0.047745 0.049645
0 0.083612 0.046823 0.047745 0.049645
0 0.156136 0.103505 0.047745 0.049645
0 0.163947 0.102014 0.047745 0.049645
0 0.007740 0.856783 0.047745 0.049645
0 0.031796 0.016971 0.047745 0.049645
0 0.052775 0.012964 0.047745 0.049645
0 0.080747 0.019642 0.047745 0.049645
0 0.109718 0.042346 0.047745 0.049645
0 0.106721 0.022313 0.047745 0.049645
0 0.134693 0.014300 0.047745 0.049645
0 0.163664 0.024984 0.047745 0.049645
0 0.189638 0.016971 0.047745 0.049645
0 0.189638 0.028991 0.047745 0.049645
0 0.210617 0.035668 0.047745 0.049645
0 0.263564 0.024984 0.047745 0.049645
0 0.230597 0.031662 0.047745 0.049645
0 0.297530 0.041010 0.047745 0.049645
0 0.289538 0.057037 0.047745 0.049645
0 0.286541 0.095768 0.047745 0.049645
0 0.313514 0.077070 0.047745 0.049645
0 0.354473 0.143847 0.047745 0.049645
0 0.302525 0.101110 0.047745 0.049645
0 0.362465 0.011628 0.047745 0.049645
0 0.331496 0.015635 0.047745 0.049645
0 0.378449 0.026319 0.047745 0.049645
0 0.515312 0.022313 0.047745 0.049645
0 0.540287 0.027655 0.047745 0.049645
0 0.582245 0.014300 0.047745 0.049645
0 0.610217 0.042346 0.047745 0.049645
0 0.627200 0.023648 0.047745 0.049645
0 0.655172 0.028991 0.047745 0.049645
0 0.678149 0.012964 0.047745 0.049645
0 0.715112 0.016971 0.047745 0.049645
0 0.720107 0.063715 0.047745 0.049645
0 0.701126 0.077070 0.047745 0.049645
0 0.732095 0.032997 0.047745 0.049645
0 0.744084 0.028991 0.047745 0.049645
0 0.765063 0.042346 0.047745 0.049645
0 0.774054 0.091761 0.047745 0.049645
0 0.801027 0.109123 0.047745 0.049645
0 0.753075 0.119807 0.047745 0.049645
0 0.792036 0.015635 0.047745 0.049645
0 0.750078 0.010293 0.047745 0.049645
0 0.829998 0.010293 0.047745 0.049645
0 0.901926 0.019642 0.047745 0.049645
0 0.275552 0.537165 0.047745 0.049645