0 0.331950 0.606195 0.049805 0.049479
0 0.442549 0.590834 0.049805 0.049479
0 0.603840 0.692217 0.049805 0.049479
0 0.653379 0.540143 0.049805 0.049479
0 0.720199 0.567793 0.049805 0.049479
0 0.723655 0.974859 0.049805 0.049479
0 0.668356 0.994828 0.049805 0.049479
0 0.066973 0.621556 0.049805 0.049479
0 0.171812 0.575473 0.049805 0.049479
0 0.217895 0.589298 0.049805 0.049479
0 0.261674 0.540143 0.049805 0.049479
0 0.331950 0.567793 0.049805 0.049479
0 0.419508 0.461802 0.049805 0.049479
0 0.459831 0.464874 0.049805 0.049479
0 0.422964 0.395750 0.049805 0.049479
0 0.406835 0.366564 0.049805 0.049479
0 0.381490 0.354275 0.049805 0.049479
0 0.349232 0.365028 0.049805 0.049479
0 0.331950 0.397286 0.049805 0.049479
0 0.316973 0.421863 0.049805 0.049479
0 0.277803 0.435688 0.049805 0.049479
0 0.293932 0.375780 0.049805 0.049479
0 0.315821 0.340450 0.049805 0.049479
0 0.282411 0.334306 0.049805 0.049479
0 0.208679 0.449513 0.049805 0.049479
0 0.225960 0.418791 0.049805 0.049479
0 0.179877 0.438760 0.049805 0.049479
0 0.159139 0.417255 0.049805 0.049479
0 0.119969 0.418791 0.049805 0.049479
0 0.101536 0.429544 0.049805 0.049479
0 0.104992 0.457193 0.049805 0.049479
0 0.030107 0.543215 0.049805 0.049479
0 0.009370 0.481771 0.049805 0.049479
0 0.003609 0.460266 0.049805 0.049479
0 0.033563 0.441833 0.049805 0.049479
0 0.035867 0.383461 0.049805 0.049479
0 0.017434 0.380389 0.049805 0.049479
0 0.004761 0.381925 0.049805 0.049479
0 0.077342 0.409574 0.049805 0.049479
0 0.110752 0.397286 0.049805 0.049479
0 0.089439 0.371172 0.049805 0.049479
0 0.099232 0.346594 0.049805 0.049479
0 0.141282 0.338914 0.049805 0.049479
0 0.182757 0.348899 0.049805 0.049479
0 0.215591 0.332770 0.049805 0.049479
0 0.238632 0.322017 0.049805 0.049479
0 0.248425 0.322017 0.049805 0.049479
0 0.356720 0.298207 0.049805 0.049479
0 0.369969 0.303584 0.049805 0.049479
0 0.376881 0.292063 0.049805 0.049479
0 0.400499 0.298207 0.049805 0.049479
0 0.348655 0.269790 0.049805 0.049479
0 0.339439 0.281310 0.049805 0.049479
0 0.259946 0.293599 0.049805 0.049479
0 0.253033 0.305888 0.049805 0.049479
0 0.219623 0.316641 0.049805 0.049479
0 0.168356 0.304352 0.049805 0.049479
0 0.135522 0.329697 0.049805 0.049479
0 0.148195 0.329697 0.049805 0.049479
0 0.106720 0.318945 0.049805 0.049479
0 0.121121 0.288223 0.049805 0.049479
0 0.105568 0.273630 0.049805 0.049479
0 0.072158 0.302048 0.049805 0.049479
0 0.050844 0.281310 0.049805 0.049479
0 0.054301 0.312800 0.049805 0.049479
0 0.039324 0.350435 0.049805 0.049479
0 0.054877 0.362723 0.049805 0.049479
0 0.020314 0.335842 0.049805 0.049479
0 0.021467 0.474859 0.049805 0.049479
0 0.107872 0.414183 0.049805 0.049479
0 0.141858 0.285150 0.049805 0.049479
0 0.158563 0.275934 0.049805 0.049479
0 0.136674 0.273630 0.049805 0.049479
0 0.172964 0.269790 0.049805 0.049479
0 0.193126 0.275934 0.049805 0.049479
0 0.208102 0.264413 0.049805 0.049479
0 0.221351 0.273630 0.049805 0.049479
0 0.234600 0.277470 0.049805 0.049479
0 0.600384 0.424167 0.049805 0.049479
0 0.598655 0.404966 0.049805 0.049479
0 0.653955 0.409574 0.049805 0.049479
0 0.667780 0.403430 0.049805 0.049479
0 0.603840 0.372708 0.049805 0.049479
0 0.694278 0.394213 0.049805 0.049479
0 0.777227 0.367332 0.049805 0.049479
0 0.857872 0.351203 0.049805 0.049479
0 0.841743 0.329697 0.049805 0.049479
0 0.845199 0.283614 0.049805 0.049479
0 0.791628 0.305888 0.049805 0.049479
0 0.762826 0.284382 0.049805 0.049479
0 0.739785 0.248284 0.049805 0.049479
0 0.712135 0.305888 0.049805 0.049479
0 0.655683 0.321249 0.049805 0.049479
0 0.950614 0.278238 0.049805 0.049479
0 0.929301 0.235995 0.049805 0.049479
0 0.946582 0.218330 0.049805 0.049479
0 0.987480 0.237531 0.049805 0.049479
0 0.996121 0.280542 0.049805 0.049479
0 0.989208 0.372708 0.049805 0.049479
0 0.892434 0.250588 0.049805 0.049479
0 0.725960 0.223707 0.049805 0.049479
0 0.715015 0.223707 0.049805 0.049479
0 0.709255 0.222170 0.049805 0.049479
0 0.712711 0.195289 0.049805 0.049479
0 0.733448 0.184536 0.049805 0.049479
0 0.724808 0.208346 0.049805 0.049479
0 0.732872 0.197593 0.049805 0.049479
0 0.736328 0.210650 0.049805 0.049479
0 0.741513 0.226779 0.049805 0.049479
0 0.746121 0.229851 0.049805 0.049479
0 0.745545 0.219098 0.049805 0.049479
0 0.759370 0.216026 0.049805 0.049479
0 0.768010 0.202969 0.049805 0.049479
0 0.762250 0.178392 0.049805 0.049479
0 0.748425 0.180696 0.049805 0.049479
0 0.765706 0.184536 0.049805 0.049479
0 0.785867 0.192985 0.049805 0.049479
0 0.792780 0.186840 0.049805 0.049479
0 0.786444 0.179928 0.049805 0.049479
0 0.782411 0.179928 0.049805 0.049479
0 0.794508 0.176088 0.049805 0.049479
0 0.798540 0.179160 0.049805 0.049479
0 0.809485 0.195289 0.049805 0.049479
0 0.801997 0.189144 0.049805 0.049479
0 0.809485 0.182232 0.049805 0.049479
0 0.803149 0.198361 0.049805 0.049479
0 0.796812 0.216026 0.049805 0.049479
0 0.806605 0.239836 0.049805 0.049479
0 0.808909 0.272862 0.049805 0.049479
0 0.787596 0.280542 0.049805 0.049479
0 0.769738 0.253660 0.049805 0.049479
0 0.747849 0.302816 0.049805 0.049479
0 0.794508 0.252124 0.049805 0.049479
0 0.815245 0.171479 0.049805 0.049479
0 0.826766 0.178392 0.049805 0.049479
0 0.843471 0.164567 0.049805 0.049479
0 0.850960 0.164567 0.049805 0.049479
0 0.842895 0.174551 0.049805 0.049479
0 0.836559 0.173783 0.049805 0.049479
0 0.859024 0.174551 0.049805 0.049479
0 0.981144 0.167639 0.049805 0.049479
0 0.986904 0.173015 0.049805 0.049479
0 0.963575 0.174935 0.049805 0.049479
0 0.971639 0.168023 0.049805 0.049479
0 0.869300 0.173839 0.049805 0.049479
0 0.879334 0.171052 0.049805 0.049479