0 0.008938 0.921164 0.049805 0.049587
0 0.055829 0.945319 0.049805 0.049587
0 0.160824 0.983276 0.049805 0.049587
0 0.149611 0.871129 0.049805 0.049587
0 0.082332 0.838348 0.049805 0.049587
0 0.006899 0.812467 0.049805 0.049587
0 0.122088 0.764158 0.049805 0.049587
0 0.175095 0.791763 0.049805 0.049587
0 0.336155 0.869404 0.049805 0.049587
0 0.456441 0.922889 0.049805 0.049587
0 0.478867 0.976375 0.049805 0.049587
0 0.534932 0.876305 0.049805 0.049587
0 0.561435 0.872854 0.049805 0.049587
0 0.555319 0.981551 0.049805 0.049587
0 0.648082 0.905636 0.049805 0.049587
0 0.688856 0.836622 0.049805 0.049587
0 0.723515 0.869404 0.049805 0.049587
0 0.767348 0.979826 0.049805 0.049587
0 0.809142 0.940143 0.049805 0.049587
0 0.786716 0.864228 0.049805 0.049587
0 0.772445 0.807291 0.049805 0.049587
0 0.840742 0.790038 0.049805 0.049587
0 0.855013 0.841798 0.049805 0.049587
0 0.902924 0.960847 0.049805 0.049587
0 0.653179 0.793489 0.049805 0.049587
0 0.616481 0.788313 0.049805 0.049587
0 0.469692 0.810742 0.049805 0.049587
0 0.443189 0.788313 0.049805 0.049587
0 0.500273 0.786587 0.049805 0.049587
0 0.411588 0.715848 0.049805 0.049587
0 0.055829 0.741728 0.049805 0.049587
0 0.084116 0.638208 0.049805 0.049587
0 0.122343 0.667539 0.049805 0.049587
0 0.140691 0.628718 0.049805 0.049587
0 0.166685 0.669264 0.049805 0.049587
0 0.204911 0.670127 0.049805 0.049587
0 0.268112 0.661500 0.049805 0.049587
0 0.253841 0.600250 0.049805 0.049587
0 0.212047 0.599388 0.049805 0.049587
0 0.157511 0.598525 0.049805 0.049587
0 0.135085 0.557117 0.049805 0.049587
0 0.099917 0.559705 0.049805 0.049587
0 0.061181 0.567469 0.049805 0.049587
0 0.074942 0.582134 0.049805 0.049587
0 0.031109 0.564881 0.049805 0.049587
0 0.012761 0.560567 0.049805 0.049587
0 0.036716 0.510532 0.049805 0.049587
0 0.062710 0.489828 0.049805 0.049587
0 0.079529 0.493279 0.049805 0.049587
0 0.090742 0.513120 0.049805 0.049587
0 0.102975 0.503631 0.049805 0.049587
0 0.114697 0.502768 0.049805 0.049587
0 0.136614 0.510532 0.049805 0.049587
0 0.159550 0.519159 0.049805 0.049587
0 0.168724 0.554529 0.049805 0.049587
0 0.198286 0.539001 0.049805 0.049587
0 0.287990 0.589035 0.049805 0.049587
0 0.245177 0.527786 0.049805 0.049587
0 0.219183 0.522610 0.049805 0.049587
0 0.234983 0.488966 0.049805 0.049587
0 0.283403 0.532099 0.049805 0.049587
0 0.269132 0.511395 0.049805 0.049587
0 0.347623 0.645972 0.049805 0.049587
0 0.343546 0.597662 0.049805 0.049587
0 0.328765 0.570919 0.049805 0.049587
0 0.304810 0.500180 0.049805 0.049587
0 0.320610 0.497592 0.049805 0.049587
0 0.325197 0.474300 0.049805 0.049587
0 0.331823 0.518296 0.049805 0.049587
0 0.358836 0.554529 0.049805 0.049587
0 0.395024 0.567469 0.049805 0.049587
0 0.412353 0.630444 0.049805 0.049587
0 0.428663 0.627856 0.049805 0.049587
0 0.441915 0.670127 0.049805 0.049587
0 0.453128 0.555391 0.049805 0.049587
0 0.440386 0.532962 0.049805 0.049587
0 0.414901 0.524335 0.049805 0.049587
0 0.414901 0.489828 0.049805 0.049587
0 0.393495 0.523472 0.049805 0.049587
0 0.397062 0.488966 0.049805 0.049587
0 0.459244 0.511395 0.049805 0.049587
0 0.440895 0.509670 0.049805 0.049587
0 0.468928 0.495004 0.049805 0.049587
0 0.441405 0.476888 0.049805 0.049587
0 0.441405 0.455321 0.049805 0.049587
0 0.463321 0.455321 0.049805 0.049587
0 0.496451 0.463948 0.049805 0.049587
0 0.493393 0.493279 0.049805 0.049587
0 0.477592 0.529511 0.049805 0.049587
0 0.488805 0.586447 0.049805 0.049587
0 0.490335 0.522610 0.049805 0.049587
0 0.386869 0.445832 0.049805 0.049587
0 0.376675 0.480339 0.049805 0.049587
0 0.364952 0.492416 0.049805 0.049587
0 0.356797 0.510532 0.049805 0.049587
0 0.354249 0.454459 0.049805 0.049587
0 0.372598 0.450145 0.049805 0.049587
0 0.328255 0.439793 0.049805 0.049587
0 0.300732 0.425128 0.049805 0.049587
0 0.241609 0.465673 0.049805 0.049587
0 0.190131 0.464811 0.049805 0.049587
0 0.196247 0.492416 0.049805 0.049587
0 0.205931 0.488966 0.049805 0.049587
0 0.166685 0.488966 0.049805 0.049587
0 0.141201 0.478613 0.049805 0.049587
0 0.123362 0.457909 0.049805 0.049587
0 0.071884 0.463085 0.049805 0.049587
0 0.015819 0.427716 0.049805 0.049587
0 0.042322 0.428579 0.049805 0.049587
0 0.052516 0.414776 0.049805 0.049587
0 0.083607 0.430304 0.049805 0.049587
0 0.099917 0.425991 0.049805 0.049587
0 0.111130 0.418226 0.049805 0.049587
0 0.124891 0.426853 0.049805 0.049587
0 0.143240 0.428579 0.049805 0.049587
0 0.151904 0.411325 0.049805 0.049587
0 0.160059 0.405286 0.049805 0.049587
0 0.167705 0.411325 0.049805 0.049587
0 0.179937 0.410462 0.049805 0.049587
0 0.191150 0.426853 0.049805 0.049587
0 0.175482 0.439856 0.049805 0.049587
0 0.160644 0.440822 0.049805 0.049587
0 0.157790 0.467869 0.049805 0.049587
0 0.202591 0.436959 0.049805 0.049587
0 0.210581 0.423435 0.049805 0.049587
0 0.233695 0.436476 0.049805 0.049587
0 0.247106 0.444203 0.049805 0.049587
0 0.265084 0.441788 0.049805 0.049587
0 0.247677 0.420054 0.049805 0.049587
0 0.277354 0.426333 0.049805 0.049587
0 0.284488 0.424401 0.049805 0.049587
0 0.320728 0.413775 0.049805 0.049587
0 0.245965 0.398803 0.049805 0.049587
0 0.220283 0.400252 0.049805 0.049587
0 0.191462 0.391558 0.049805 0.049587
0 0.179762 0.396388 0.049805 0.049587
0 0.163212 0.391558 0.049805 0.049587
0 0.140383 0.402184 0.049805 0.049587
0 0.125830 0.404599 0.049805 0.049587
0 0.123833 0.390592 0.049805 0.049587
0 0.112133 0.387694 0.049805 0.049587
0 0.112989 0.366926 0.049805 0.049587
0 0.128969 0.378518 0.049805 0.049587
0 0.137815 0.362579 0.049805 0.049587
0 0.140954 0.384796 0.049805 0.049587
0 0.149800 0.379484 0.049805 0.049587
0 0.164068 0.379484 0.049805 0.049587
0 0.172343 0.379001 0.049805 0.049587
0 0.192318 0.372722 0.049805 0.049587
0 0.185184 0.363545 0.049805 0.049587
0 0.207157 0.379967 0.049805 0.049587
0 0.229700 0.395905 0.049805 0.049587
0 0.254526 0.392041 0.049805 0.049587
0 0.253384 0.372722 0.049805 0.049587
0 0.231412 0.372239 0.049805 0.049587
0 0.223707 0.366443 0.049805 0.049587
0 0.216859 0.364994 0.049805 0.049587
0 0.281920 0.394939 0.049805 0.049587
0 0.286771 0.398803 0.049805 0.049587
0 0.299327 0.394939 0.049805 0.049587
0 0.287342 0.379484 0.049805 0.049587
0 0.272218 0.371273 0.049805 0.049587
0 0.259377 0.364511 0.049805 0.049587
0 0.248248 0.338913 0.049805 0.049587
0 0.233980 0.342777 0.049805 0.049587
0 0.316733 0.392524 0.049805 0.049587
0 0.323867 0.388660 0.049805 0.049587
0 0.308173 0.393007 0.049805 0.049587
0 0.330430 0.401218 0.049805 0.049587
0 0.341274 0.392524 0.049805 0.049587
0 0.338420 0.437442 0.049805 0.049587
0 0.344128 0.434061 0.049805 0.049587
0 0.359251 0.400735 0.049805 0.049587
0 0.348979 0.395422 0.049805 0.049587
0 0.367812 0.385762 0.049805 0.049587
0 0.369239 0.408946 0.049805 0.049587
0 0.380653 0.393490 0.049805 0.049587
0 0.383507 0.409912 0.049805 0.049587
0 0.374090 0.371756 0.049805 0.049587
0 0.362961 0.374171 0.049805 0.049587
0 0.364388 0.357266 0.049805 0.049587
0 0.351547 0.347124 0.049805 0.049587
0 0.345554 0.343743 0.049805 0.049587
0 0.335567 0.364028 0.049805 0.049587
0 0.315021 0.370307 0.049805 0.049587
0 0.309885 0.367892 0.049805 0.049587
0 0.299041 0.365960 0.049805 0.049587
0 0.293905 0.353885 0.049805 0.049587
0 0.290481 0.340362 0.049805 0.049587
0 0.276213 0.342777 0.049805 0.049587
0 0.270791 0.331185 0.049805 0.049587
0 0.280208 0.337947 0.049805 0.049587
0 0.281920 0.318145 0.049805 0.049587
0 0.294476 0.332634 0.049805 0.049587
0 0.299041 0.328287 0.049805 0.049587
0 0.302466 0.329736 0.049805 0.049587
0 0.307317 0.325390 0.049805 0.049587
0 0.312738 0.340845 0.049805 0.049587
0 0.320443 0.347124 0.049805 0.049587
0 0.326435 0.350505 0.049805 0.049587
0 0.331857 0.340362 0.049805 0.049587
0 0.338706 0.336015 0.049805 0.049587
0 0.205159 0.337464 0.049805 0.049587
0 0.199737 0.337947 0.049805 0.049587
0 0.169490 0.341811 0.049805 0.049587
0 0.158646 0.356300 0.049805 0.049587
0 0.147803 0.356783 0.049805 0.049587
0 0.142951 0.347124 0.049805 0.049587
0 0.127257 0.345675 0.049805 0.049587
0 0.117555 0.335049 0.049805 0.049587
0 0.106997 0.326355 0.049805 0.049587
0 0.113560 0.328287 0.049805 0.049587
0 0.126686 0.328770 0.049805 0.049587
0 0.116984 0.312832 0.049805 0.049587
0 0.132679 0.310417 0.049805 0.049587
0 0.138386 0.324424 0.049805 0.049587
0 0.155507 0.332634 0.049805 0.049587
0 0.181475 0.329736 0.049805 0.049587
0 0.212578 0.327321 0.049805 0.049587
0 0.207727 0.319111 0.049805 0.049587
0 0.215432 0.315247 0.049805 0.049587
0 0.078746 0.345192 0.049805 0.049587
0 0.092729 0.379484 0.049805 0.049587
0 0.075322 0.386728 0.049805 0.049587
0 0.078461 0.407014 0.049805 0.049587
0 0.103287 0.389143 0.049805 0.049587
0 0.101860 0.346158 0.049805 0.049587
0 0.093014 0.342294 0.049805 0.049587
0 0.060198 0.332634 0.049805 0.049587
0 0.047642 0.342777 0.049805 0.049587
0 0.036228 0.336015 0.049805 0.049587
0 0.037940 0.325390 0.049805 0.049587
0 0.227132 0.325872 0.049805 0.049587
0 0.218856 0.323941 0.049805 0.049587
0 0.239402 0.323941 0.049805 0.049587
0 0.253384 0.324424 0.049805 0.049587
0 0.545336 0.665945 0.049805 0.049587
0 0.501610 0.630703 0.049805 0.049587
0 0.412078 0.703536 0.049805 0.049587
0 0.488423 0.684741 0.049805 0.049587
0 0.551582 0.549647 0.049805 0.049587
0 0.110165 0.602510 0.049805 0.049587
0 0.406525 0.418078 0.049805 0.049587
0 0.415548 0.440398 0.049805 0.049587
0 0.425265 0.420427 0.049805 0.049587
0 0.453027 0.428650 0.049805 0.049587
0 0.433593 0.407505 0.049805 0.049587
0 0.421794 0.394583 0.049805 0.049587
0 0.405137 0.391059 0.049805 0.049587
0 0.397503 0.387535 0.049805 0.049587
0 0.521391 0.356258 0.049805 0.049587
0 0.529373 0.355671 0.049805 0.049587
0 0.537875 0.355377 0.049805 0.049587
0 0.546811 0.358901 0.049805 0.049587
0 0.505514 0.345685 0.049805 0.049587
0 0.498227 0.349650 0.049805 0.049587
0 0.501524 0.332176 0.049805 0.049587
0 0.511848 0.321457 0.049805 0.049587
0 0.547938 0.335260 0.049805 0.049587
0 0.541085 0.334819 0.049805 0.049587
0 0.533710 0.330708 0.049805 0.049587
0 0.555573 0.345245 0.049805 0.049587
0 0.489638 0.329973 0.049805 0.049587
0 0.491026 0.343776 0.049805 0.049587
0 0.481656 0.337903 0.049805 0.049587
0 0.453721 0.334966 0.049805 0.049587
0 0.442442 0.333204 0.049805 0.049587
0 0.431511 0.328211 0.049805 0.049587
0 0.483045 0.389591 0.049805 0.049587
0 0.466561 0.397814 0.049805 0.049587
0 0.452680 0.404569 0.049805 0.049587
0 0.441748 0.393996 0.049805 0.049587
0 0.471246 0.411911 0.049805 0.049587
0 0.502131 0.398695 0.049805 0.049587
0 0.507857 0.393996 0.049805 0.049587
0 0.522779 0.409561 0.049805 0.049587
0 0.510286 0.384305 0.049805 0.049587
0 0.547071 0.385773 0.049805 0.049587
0 0.532496 0.342602 0.049805 0.049587
0 0.220693 0.334085 0.049805 0.049587
0 0.216355 0.342602 0.049805 0.049587
0 0.093855 0.307066 0.049805 0.049587
0 0.095243 0.319401 0.049805 0.049587
0 0.168465 0.324100 0.049805 0.049587
0 0.159443 0.324100 0.049805 0.049587
0 0.144000 0.331148 0.049805 0.049587
0 0.185817 0.319695 0.049805 0.049587
0 0.177315 0.314702 0.049805 0.049587
0 0.172630 0.321457 0.049805 0.049587
0 0.164128 0.320869 0.049805 0.049587
0 0.154237 0.310297 0.049805 0.049587
0 0.142438 0.314996 0.049805 0.049587
0 0.137927 0.308535 0.049805 0.049587
0 0.149379 0.300312 0.049805 0.049587
0 0.145735 0.307654 0.049805 0.049587
0 0.145909 0.296494 0.049805 0.049587
0 0.152849 0.282397 0.049805 0.049587
0 0.161351 0.279754 0.049805 0.049587
0 0.167945 0.289152 0.049805 0.049587
0 0.177315 0.256847 0.049805 0.049587
0 0.186858 0.257140 0.049805 0.049587
0 0.192410 0.239226 0.049805 0.049587
0 0.197442 0.240107 0.049805 0.049587
0 0.206812 0.247449 0.049805 0.049587
0 0.214099 0.243337 0.049805 0.049587
0 0.109124 0.250679 0.049805 0.049587
0 0.106521 0.252735 0.049805 0.049587
0 0.102704 0.250386 0.049805 0.049587
0 0.105133 0.311472 0.049805 0.049587
0 0.111553 0.303836 0.049805 0.049587
0 0.110859 0.291207 0.049805 0.049587
0 0.116758 0.288271 0.049805 0.049587
0 0.120749 0.296494 0.049805 0.049587
0 0.122311 0.304129 0.049805 0.049587
0 0.124740 0.312940 0.049805 0.049587
0 0.113115 0.344658 0.049805 0.049587
0 0.085873 0.304129 0.049805 0.049587
0 0.085526 0.288564 0.049805 0.049587
0 0.192237 0.319107 0.049805 0.049587
0 0.203341 0.304129 0.049805 0.049587
0 0.199698 0.306773 0.049805 0.049587
0 0.200392 0.320869 0.049805 0.049587
0 0.220693 0.301780 0.049805 0.049587
0 0.221213 0.311178 0.049805 0.049587
0 0.161178 0.296200 0.049805 0.049587
0 0.158575 0.308241 0.049805 0.049587
0 0.153370 0.295319 0.049805 0.049587
0 0.170374 0.303248 0.049805 0.049587
0 0.175753 0.305304 0.049805 0.049587
0 0.198136 0.301193 0.049805 0.049587
0 0.141050 0.289445 0.049805 0.049587
0 0.139489 0.268888 0.049805 0.049587
0 0.142959 0.269769 0.049805 0.049587
0 0.136018 0.282397 0.049805 0.049587
0 0.146429 0.268888 0.049805 0.049587
0 0.195533 0.292970 0.049805 0.049587
0 0.200565 0.288858 0.049805 0.049587
0 0.208547 0.280635 0.049805 0.049587
0 0.190849 0.295613 0.049805 0.049587
0 0.191716 0.275055 0.049805 0.049587
0 0.193625 0.270943 0.049805 0.049587
0 0.146082 0.255085 0.049805 0.049587
0 0.174018 0.287977 0.049805 0.049587
0 0.234400 0.304717 0.049805 0.049587
0 0.243944 0.317051 0.049805 0.049587
0 0.246546 0.320869 0.049805 0.049587
0 0.259733 0.317345 0.049805 0.049587
0 0.268929 0.305304 0.049805 0.049587
0 0.265286 0.301780 0.049805 0.049587
0 0.262509 0.298256 0.049805 0.049587
0 0.252446 0.297375 0.049805 0.049587
0 0.265633 0.282397 0.049805 0.049587
0 0.223469 0.255672 0.049805 0.049587
0 0.230236 0.253910 0.049805 0.049587
0 0.238565 0.262427 0.049805 0.049587
0 0.242902 0.261839 0.049805 0.049587
0 0.247067 0.263014 0.049805 0.049587
0 0.271879 0.262133 0.049805 0.049587
0 0.274655 0.263308 0.049805 0.049587
0 0.298774 0.245981 0.049805 0.049587
0 0.282637 0.270650 0.049805 0.049587
0 0.293568 0.291501 0.049805 0.049587
0 0.291139 0.297962 0.049805 0.049587
0 0.291313 0.312059 0.049805 0.049587
0 0.233533 0.293263 0.049805 0.049587
0 0.212017 0.293851 0.049805 0.049587
0 0.214099 0.292382 0.049805 0.049587
0 0.199351 0.273293 0.049805 0.049587
0 0.182520 0.293557 0.049805 0.049587
0 0.276911 0.286509 0.049805 0.049587
0 0.272400 0.281516 0.049805 0.049587
0 0.270144 0.279167 0.049805 0.049587
0 0.248628 0.295025 0.049805 0.049587
0 0.251578 0.311765 0.049805 0.049587
0 0.245852 0.303836 0.049805 0.049587
0 0.280381 0.296787 0.049805 0.049587
0 0.299988 0.302367 0.049805 0.049587
0 0.329832 0.318226 0.049805 0.049587
0 0.338855 0.322925 0.049805 0.049587
0 0.347184 0.322338 0.049805 0.049587
0 0.362453 0.343483 0.049805 0.049587
0 0.358983 0.325275 0.049805 0.049587
0 0.368352 0.330561 0.049805 0.049587
0 0.342325 0.309416 0.049805 0.049587
0 0.325668 0.307654 0.049805 0.049587
0 0.336079 0.295906 0.049805 0.049587
0 0.345102 0.288858 0.049805 0.049587
0 0.357942 0.300018 0.049805 0.049587
0 0.351695 0.305304 0.049805 0.049587
0 0.298947 0.289445 0.049805 0.049587
0 0.310746 0.290620 0.049805 0.049587
0 0.322198 0.276523 0.049805 0.049587
0 0.364535 0.284159 0.049805 0.049587
0 0.229195 0.274761 0.049805 0.049587
0 0.096978 0.258903 0.049805 0.049587
0 0.102530 0.258315 0.049805 0.049587
0 0.342325 0.280048 0.049805 0.049587
0 0.337120 0.277111 0.049805 0.049587
0 0.335732 0.265364 0.049805 0.049587
0 0.340590 0.267126 0.049805 0.049587
0 0.139662 0.470941 0.049805 0.049587
0 0.154931 0.254204 0.049805 0.049587
0 0.141744 0.278873 0.049805 0.049587
0 0.187899 0.278285 0.049805 0.049587
0 0.184776 0.283572 0.049805 0.049587
0 0.178182 0.288858 0.049805 0.049587
0 0.311093 0.313527 0.049805 0.049587
0 0.323586 0.319988 0.049805 0.049587
0 0.336773 0.307066 0.049805 0.049587
0 0.341631 0.294732 0.049805 0.049587
0 0.372517 0.352881 0.049805 0.049587
0 0.292007 0.275936 0.049805 0.049587
0 0.237524 0.277698 0.049805 0.049587
0 0.307970 0.250679 0.049805 0.049587
0 0.311093 0.251854 0.049805 0.049587
0 0.315604 0.248917 0.049805 0.049587
0 0.356206 0.272412 0.049805 0.049587
0 0.360024 0.270650 0.049805 0.049587
0 0.353430 0.249505 0.049805 0.049587
0 0.348572 0.248330 0.049805 0.049587
0 0.358636 0.249505 0.049805 0.049587
0 0.370435 0.281810 0.049805 0.049587
0 0.368699 0.317639 0.049805 0.049587
0 0.372517 0.306479 0.049805 0.049587
0 0.372864 0.296494 0.049805 0.049587
0 0.302070 0.275936 0.049805 0.049587
0 0.243423 0.273587 0.049805 0.049587
0 0.208026 0.298843 0.049805 0.049587
0 0.221560 0.281222 0.049805 0.049587
0 0.354124 0.324100 0.049805 0.049587
0 0.024000 0.424937 0.049805 0.049587
0 0.009514 0.487499 0.049805 0.049587
0 0.031992 0.482426 0.049805 0.049587
0 0.020503 0.520471 0.049805 0.049587
0 0.039984 0.535689 0.049805 0.049587
0 0.116407 0.533998 0.049805 0.049587
0 0.054969 0.397037 0.049805 0.049587
0 0.030993 0.410564 0.049805 0.049587
0 0.017007 0.400419 0.049805 0.049587
0 0.004519 0.407182 0.049805 0.049587
0 0.009514 0.364065 0.049805 0.049587
0 0.016507 0.356456 0.049805 0.049587
0 0.023500 0.386892 0.049805 0.049587
0 0.034489 0.380128 0.049805 0.049587
0 0.031492 0.353920 0.049805 0.049587
0 0.055468 0.375056 0.049805 0.049587
0 0.062461 0.359838 0.049805 0.049587
0 0.067956 0.358147 0.049805 0.049587
0 0.006517 0.327711 0.049805 0.049587
0 0.009015 0.342084 0.049805 0.049587
0 0.020503 0.324330 0.049805 0.049587
0 0.009514 0.310803 0.049805 0.049587
0 0.002022 0.315030 0.049805 0.049587
0 0.029994 0.311648 0.049805 0.049587
0 0.049974 0.309112 0.049805 0.049587
0 0.044979 0.315030 0.049805 0.049587
0 0.055968 0.315875 0.049805 0.049587
0 0.059964 0.315875 0.049805 0.049587
0 0.065458 0.318412 0.049805 0.049587
0 0.069954 0.318412 0.049805 0.049587
0 0.066457 0.305730 0.049805 0.049587
0 0.067956 0.293894 0.049805 0.049587
0 0.062961 0.293049 0.049805 0.049587
0 0.057966 0.302348 0.049805 0.049587
0 0.057966 0.292203 0.049805 0.049587
0 0.073950 0.296430 0.049805 0.049587
0 0.072951 0.302348 0.049805 0.049587
0 0.278495 0.924589 0.049805 0.049587
0 0.227546 0.875554 0.049805 0.049587
0 0.218555 0.968552 0.049805 0.049587
0 0.261512 0.833282 0.049805 0.049587
0 0.276497 0.796083 0.049805 0.049587
0 0.310463 0.769029 0.049805 0.049587
0 0.321452 0.713230 0.049805 0.049587
0 0.284489 0.704776 0.049805 0.049587
0 0.632142 0.726757 0.049805 0.049587
0 0.584189 0.696321 0.049805 0.049587
0 0.614159 0.669267 0.049805 0.049587
0 0.636138 0.667577 0.049805 0.049587
0 0.659115 0.655740 0.049805 0.049587
0 0.620153 0.599942 0.049805 0.049587
0 0.631143 0.567815 0.049805 0.049587
0 0.608165 0.540761 0.049805 0.049587
0 0.596177 0.510326 0.049805 0.049587
0 0.586187 0.545834 0.049805 0.049587
0 0.540233 0.528925 0.049805 0.049587
0 0.529244 0.513707 0.049805 0.049587
0 0.524249 0.491726 0.049805 0.049587
0 0.545228 0.484962 0.049805 0.049587
0 0.532241 0.442691 0.049805 0.049587
0 0.546227 0.429164 0.049805 0.049587
0 0.564209 0.405492 0.049805 0.049587
0 0.563210 0.473126 0.049805 0.049587
0 0.592181 0.457909 0.049805 0.049587
0 0.601172 0.464672 0.049805 0.049587
0 0.675099 0.738593 0.049805 0.049587
0 0.701073 0.726757 0.049805 0.049587
0 0.747027 0.765647 0.049805 0.049587
0 0.785988 0.740284 0.049805 0.049587
0 0.797976 0.647286 0.049805 0.049587
0 0.766008 0.635450 0.049805 0.049587
0 0.741033 0.594869 0.049805 0.049587
0 0.725049 0.601633 0.049805 0.049587
0 0.695079 0.620232 0.049805 0.049587
0 0.676098 0.567815 0.049805 0.049587
0 0.651123 0.549216 0.049805 0.049587
0 0.630144 0.525543 0.049805 0.049587
0 0.608165 0.496799 0.049805 0.049587
0 0.632142 0.495108 0.049805 0.049587
0 0.646128 0.500180 0.049805 0.049587
0 0.628146 0.479890 0.049805 0.049587
0 0.667107 0.488344 0.049805 0.049587
0 0.672102 0.512016 0.049805 0.049587
0 0.673101 0.535689 0.049805 0.049587
0 0.822951 0.718303 0.049805 0.049587
0 0.875898 0.757193 0.049805 0.049587
0 0.993780 0.875554 0.049805 0.049587
0 0.916857 0.738593 0.049805 0.049587
0 0.906867 0.664195 0.049805 0.049587
0 0.864909 0.703085 0.049805 0.049587
0 0.867906 0.669267 0.049805 0.049587
0 0.837936 0.648977 0.049805 0.049587
0 0.837936 0.613469 0.049805 0.049587
0 0.804969 0.584724 0.049805 0.049587
0 0.805968 0.554288 0.049805 0.049587
0 0.708815 0.556824 0.049805 0.049587
0 0.724299 0.538225 0.049805 0.049587
0 0.722801 0.504407 0.049805 0.049587
0 0.707816 0.521316 0.049805 0.049587
0 0.697826 0.509480 0.049805 0.049587
0 0.698325 0.468899 0.049805 0.049587
0 0.690833 0.474817 0.049805 0.049587
0 0.740783 0.530616 0.049805 0.049587
0 0.753270 0.566970 0.049805 0.049587
0 0.772751 0.528080 0.049805 0.049587
0 0.765758 0.569506 0.049805 0.049587
0 0.891632 0.606705 0.049805 0.049587
0 0.854669 0.622768 0.049805 0.049587
0 0.870153 0.588951 0.049805 0.049587
0 0.893630 0.576269 0.049805 0.049587
0 0.951073 0.628686 0.049805 0.049587
0 0.923600 0.667577 0.049805 0.049587
0 0.932092 0.682794 0.049805 0.049587
0 0.993031 0.639677 0.049805 0.049587
0 0.957566 0.536534 0.049805 0.049587
0 0.921602 0.497644 0.049805 0.049587
0 0.865658 0.503562 0.049805 0.049587
0 0.888635 0.490880 0.049805 0.049587
0 0.651123 0.403801 0.049805 0.049587
0 0.561462 0.372520 0.049805 0.049587
0 0.571952 0.380128 0.049805 0.049587
0 0.585938 0.380128 0.049805 0.049587
0 0.593930 0.391119 0.049805 0.049587
0 0.605918 0.390274 0.049805 0.049587
0 0.622901 0.377592 0.049805 0.049587
0 0.611912 0.376747 0.049805 0.049587
0 0.598425 0.366601 0.049805 0.049587
0 0.589934 0.358993 0.049805 0.049587
0 0.580943 0.362374 0.049805 0.049587
0 0.573450 0.364065 0.049805 0.049587
0 0.562961 0.353920 0.049805 0.049587
0 0.570453 0.348847 0.049805 0.049587
0 0.580443 0.344620 0.049805 0.049587
0 0.594929 0.337011 0.049805 0.049587
0 0.601422 0.337011 0.049805 0.049587
0 0.609414 0.342084 0.049805 0.049587
0 0.609414 0.364911 0.049805 0.049587
0 0.613910 0.352229 0.049805 0.049587
0 0.625898 0.363220 0.049805 0.049587
0 0.631392 0.373365 0.049805 0.049587
0 0.629394 0.388583 0.049805 0.049587
0 0.638385 0.405492 0.049805 0.049587
0 0.645378 0.391965 0.049805 0.049587
0 0.638385 0.384356 0.049805 0.049587
0 0.644379 0.375901 0.049805 0.049587
0 0.653870 0.369983 0.049805 0.049587
0 0.664359 0.376747 0.049805 0.049587
0 0.661862 0.391119 0.049805 0.049587
0 0.669854 0.408028 0.049805 0.049587
0 0.680343 0.398728 0.049805 0.049587
0 0.693330 0.403801 0.049805 0.049587
0 0.700823 0.424937 0.049805 0.049587
0 0.715308 0.430855 0.049805 0.049587
0 0.715808 0.409719 0.049805 0.049587
0 0.704319 0.409719 0.049805 0.049587
0 0.733290 0.427473 0.049805 0.049587
0 0.746277 0.428318 0.049805 0.049587
0 0.737786 0.419018 0.049805 0.049587
0 0.758765 0.430009 0.049805 0.049587
0 0.749274 0.415637 0.049805 0.049587
0 0.746777 0.399573 0.049805 0.049587
0 0.737786 0.392810 0.049805 0.049587
0 0.758265 0.401264 0.049805 0.049587
0 0.765258 0.402110 0.049805 0.049587
0 0.776747 0.412255 0.049805 0.049587
0 0.767256 0.415637 0.049805 0.049587
0 0.790733 0.433391 0.049805 0.049587
0 0.797726 0.425782 0.049805 0.049587
0 0.802721 0.427473 0.049805 0.049587
0 0.812211 0.446072 0.049805 0.049587
0 0.809714 0.423246 0.049805 0.049587
0 0.812711 0.409719 0.049805 0.049587
0 0.833190 0.436773 0.049805 0.049587
0 0.819204 0.481581 0.049805 0.049587
0 0.844679 0.481581 0.049805 0.049587
0 0.841682 0.455372 0.049805 0.049587
0 0.869154 0.468899 0.049805 0.049587
0 0.871152 0.442691 0.049805 0.049587
0 0.859664 0.435927 0.049805 0.049587
0 0.845678 0.427473 0.049805 0.049587
0 0.903620 0.490880 0.049805 0.049587
0 0.914110 0.475663 0.049805 0.049587
0 0.905618 0.458754 0.049805 0.049587
0 0.898126 0.436773 0.049805 0.049587
0 0.888136 0.423246 0.049805 0.049587
0 0.874649 0.405492 0.049805 0.049587
0 0.886637 0.400419 0.049805 0.049587
0 0.893630 0.394501 0.049805 0.049587
0 0.916607 0.423246 0.049805 0.049587
0 0.912112 0.437618 0.049805 0.049587
0 0.899624 0.404646 0.049805 0.049587
0 0.925598 0.440154 0.049805 0.049587
0 0.938585 0.501026 0.049805 0.049587
0 0.930094 0.500180 0.049805 0.049587
0 0.947576 0.467208 0.049805 0.049587
0 0.946078 0.504407 0.049805 0.049587
0 0.990034 0.530616 0.049805 0.049587
0 0.990034 0.499335 0.049805 0.049587
0 0.970054 0.509480 0.049805 0.049587
0 0.973550 0.489190 0.049805 0.049587
0 0.977047 0.477354 0.049805 0.049587
0 0.963560 0.448609 0.049805 0.049587
0 0.978545 0.449454 0.049805 0.049587
0 0.992531 0.451145 0.049805 0.049587
0 0.967057 0.433391 0.049805 0.049587
0 0.974050 0.432545 0.049805 0.049587
0 0.985039 0.430009 0.049805 0.049587
0 0.969055 0.405492 0.049805 0.049587
0 0.943580 0.419018 0.049805 0.049587
0 0.951073 0.410564 0.049805 0.049587
0 0.953071 0.397883 0.049805 0.049587
0 0.959065 0.409719 0.049805 0.049587
0 0.986038 0.402955 0.049805 0.049587
0 0.977047 0.396192 0.049805 0.049587
0 0.994030 0.396192 0.049805 0.049587
0 0.979544 0.384356 0.049805 0.049587
0 0.971053 0.375056 0.049805 0.049587
0 0.961063 0.378438 0.049805 0.049587
0 0.949075 0.386046 0.049805 0.049587
0 0.931592 0.402955 0.049805 0.049587
0 0.925099 0.415637 0.049805 0.049587
0 0.914110 0.403801 0.049805 0.049587
0 0.908116 0.385201 0.049805 0.049587
0 0.893131 0.375901 0.049805 0.049587
0 0.891632 0.364065 0.049805 0.049587
0 0.914609 0.373365 0.049805 0.049587
0 0.925099 0.374210 0.049805 0.049587
0 0.934589 0.366601 0.049805 0.049587
0 0.940583 0.376747 0.049805 0.049587
0 0.926098 0.363220 0.049805 0.049587
0 0.921103 0.361529 0.049805 0.049587
0 0.926098 0.351384 0.049805 0.049587
0 0.940583 0.360683 0.049805 0.049587
0 0.952571 0.364911 0.049805 0.049587
0 0.860163 0.412255 0.049805 0.049587
0 0.855168 0.414791 0.049805 0.049587
0 0.838185 0.411410 0.049805 0.049587
0 0.847176 0.406337 0.049805 0.049587
0 0.849674 0.392810 0.049805 0.049587
0 0.864659 0.394501 0.049805 0.049587
0 0.907616 0.360683 0.049805 0.049587
0 0.905618 0.349693 0.049805 0.049587
0 0.899125 0.349693 0.049805 0.049587
0 0.913610 0.353075 0.049805 0.049587
0 0.871652 0.372520 0.049805 0.049587
0 0.881143 0.368292 0.049805 0.049587
0 0.865158 0.363220 0.049805 0.049587
0 0.858165 0.375056 0.049805 0.049587
0 0.854169 0.369138 0.049805 0.049587
0 0.842181 0.384356 0.049805 0.049587
0 0.827696 0.402955 0.049805 0.049587
0 0.818705 0.395346 0.049805 0.049587
0 0.951073 0.351384 0.049805 0.049587
0 0.945578 0.348002 0.049805 0.049587
0 0.938086 0.348847 0.049805 0.049587
0 0.956567 0.350538 0.049805 0.049587
0 0.961063 0.360683 0.049805 0.049587
0 0.970553 0.363220 0.049805 0.049587
0 0.978046 0.364911 0.049805 0.049587
0 0.984040 0.367447 0.049805 0.049587
0 0.993031 0.362374 0.049805 0.049587
0 0.981542 0.354765 0.049805 0.049587
0 0.830693 0.383510 0.049805 0.049587
0 0.823700 0.363220 0.049805 0.049587
0 0.815708 0.375901 0.049805 0.049587
0 0.805718 0.383510 0.049805 0.049587
0 0.799724 0.382665 0.049805 0.049587
0 0.791732 0.402110 0.049805 0.049587
0 0.786237 0.406337 0.049805 0.049587
0 0.783240 0.390274 0.049805 0.049587
0 0.780243 0.378438 0.049805 0.049587
0 0.775248 0.368292 0.049805 0.049587
0 0.754769 0.364911 0.049805 0.049587
0 0.757766 0.364911 0.049805 0.049587
0 0.747776 0.370829 0.049805 0.049587
0 0.745278 0.380128 0.049805 0.049587
0 0.734289 0.358993 0.049805 0.049587
0 0.722801 0.370829 0.049805 0.049587
0 0.714309 0.389428 0.049805 0.049587
0 0.708315 0.387737 0.049805 0.049587
0 0.695328 0.372520 0.049805 0.049587
0 0.691332 0.380128 0.049805 0.049587
0 0.686837 0.374210 0.049805 0.049587
0 0.686837 0.383510 0.049805 0.049587
0 0.674349 0.378438 0.049805 0.049587
0 0.680843 0.360683 0.049805 0.049587
0 0.664859 0.366601 0.049805 0.049587
0 0.665358 0.348002 0.049805 0.049587
0 0.654869 0.352229 0.049805 0.049587
0 0.714809 0.371674 0.049805 0.049587
0 0.707316 0.371674 0.049805 0.049587
0 0.702321 0.372520 0.049805 0.049587
0 0.703320 0.358147 0.049805 0.049587
0 0.696827 0.360683 0.049805 0.049587
0 0.692831 0.357302 0.049805 0.049587
0 0.639884 0.352229 0.049805 0.049587
0 0.631392 0.342929 0.049805 0.049587
0 0.618905 0.342929 0.049805 0.049587
0 0.779244 0.360683 0.049805 0.049587
0 0.771252 0.355611 0.049805 0.049587
0 0.769254 0.381819 0.049805 0.049587
0 0.759264 0.380974 0.049805 0.049587
0 0.791232 0.355611 0.049805 0.049587
0 0.804219 0.369983 0.049805 0.049587
0 0.806217 0.360683 0.049805 0.049587
0 0.800223 0.358147 0.049805 0.049587
0 0.804219 0.346311 0.049805 0.049587
0 0.800223 0.344620 0.049805 0.049587
0 0.794729 0.344620 0.049805 0.049587
0 0.787236 0.338702 0.049805 0.049587
0 0.782241 0.339548 0.049805 0.049587
0 0.779244 0.336166 0.049805 0.049587
0 0.757266 0.346311 0.049805 0.049587
0 0.751272 0.348847 0.049805 0.049587
0 0.742781 0.342929 0.049805 0.049587
0 0.736287 0.342929 0.049805 0.049587
0 0.729794 0.341238 0.049805 0.049587
0 0.726297 0.348002 0.049805 0.049587
0 0.722301 0.339548 0.049805 0.049587
0 0.714309 0.351384 0.049805 0.049587
0 0.698825 0.346311 0.049805 0.049587
0 0.704319 0.347156 0.049805 0.049587
0 0.685338 0.344620 0.049805 0.049587
0 0.692831 0.341238 0.049805 0.049587
0 0.674849 0.338702 0.049805 0.049587
0 0.673350 0.351384 0.049805 0.049587
0 0.660863 0.343775 0.049805 0.049587
0 0.646877 0.337011 0.049805 0.049587
0 0.651872 0.337857 0.049805 0.049587
0 0.657866 0.329402 0.049805 0.049587
0 0.662861 0.332784 0.049805 0.049587
0 0.667356 0.337011 0.049805 0.049587
0 0.646377 0.345466 0.049805 0.049587
0 0.639384 0.338702 0.049805 0.049587
0 0.627396 0.335320 0.049805 0.049587
0 0.622901 0.334475 0.049805 0.049587
0 0.590933 0.485808 0.049805 0.049587
0 0.501522 0.430855 0.049805 0.049587
0 0.523001 0.320948 0.049805 0.049587
0 0.509015 0.332784 0.049805 0.049587
0 0.519005 0.332784 0.049805 0.049587
0 0.534489 0.311648 0.049805 0.049587
0 0.527996 0.320103 0.049805 0.049587
0 0.526497 0.332784 0.049805 0.049587
0 0.551972 0.328557 0.049805 0.049587
0 0.560963 0.321793 0.049805 0.049587
0 0.556467 0.331093 0.049805 0.049587
0 0.817206 0.353075 0.049805 0.049587
0 0.829194 0.348847 0.049805 0.049587
0 0.840183 0.348847 0.049805 0.049587
0 0.834189 0.348002 0.049805 0.049587
0 0.849174 0.359838 0.049805 0.049587
0 0.844179 0.367447 0.049805 0.049587
0 0.840683 0.360683 0.049805 0.049587
0 0.852671 0.349693 0.049805 0.049587
0 0.858165 0.351384 0.049805 0.049587
0 0.868655 0.352229 0.049805 0.049587
0 0.875148 0.344620 0.049805 0.049587
0 0.888635 0.348002 0.049805 0.049587
0 0.892132 0.349693 0.049805 0.049587
0 0.730293 0.331939 0.049805 0.049587
0 0.736787 0.333629 0.049805 0.049587
0 0.766257 0.342929 0.049805 0.049587
0 0.761762 0.331093 0.049805 0.049587
0 0.756267 0.334475 0.049805 0.049587
0 0.689834 0.324330 0.049805 0.049587
0 0.964559 0.342084 0.049805 0.049587
0 0.676847 0.324330 0.049805 0.049587
0 0.694329 0.331093 0.049805 0.049587
0 0.702321 0.334475 0.049805 0.049587
0 0.706817 0.325175 0.049805 0.049587
0 0.707316 0.337011 0.049805 0.049587
0 0.711312 0.330248 0.049805 0.049587
0 0.710813 0.319257 0.049805 0.049587
0 0.606917 0.328557 0.049805 0.049587
0 0.600423 0.328557 0.049805 0.049587
0 0.585938 0.325175 0.049805 0.049587
0 0.592931 0.321793 0.049805 0.049587
0 0.571452 0.315875 0.049805 0.049587
0 0.387886 0.377592 0.049805 0.049587
0 0.392381 0.403801 0.049805 0.049587
0 0.398875 0.414791 0.049805 0.049587
0 0.408365 0.372520 0.049805 0.049587
0 0.398375 0.371674 0.049805 0.049587
0 0.399374 0.347156 0.049805 0.049587
0 0.377896 0.350538 0.049805 0.049587
0 0.384889 0.353075 0.049805 0.049587
0 0.375898 0.336166 0.049805 0.049587
0 0.379894 0.329402 0.049805 0.049587
0 0.390383 0.323484 0.049805 0.049587
0 0.391382 0.329402 0.049805 0.049587
0 0.395378 0.334475 0.049805 0.049587
0 0.406367 0.346311 0.049805 0.049587
0 0.411362 0.344620 0.049805 0.049587
0 0.420353 0.345466 0.049805 0.049587
0 0.416357 0.355611 0.049805 0.049587
0 0.421852 0.366601 0.049805 0.049587
0 0.431842 0.374210 0.049805 0.049587
0 0.454319 0.376747 0.049805 0.049587
0 0.445328 0.379283 0.049805 0.049587
0 0.435838 0.358147 0.049805 0.049587
0 0.433840 0.351384 0.049805 0.049587
0 0.418355 0.326866 0.049805 0.049587
0 0.406367 0.331939 0.049805 0.049587
0 0.410363 0.326866 0.049805 0.049587
0 0.402371 0.320948 0.049805 0.049587
0 0.408365 0.321793 0.049805 0.049587
0 0.377896 0.315030 0.049805 0.049587
0 0.385888 0.315030 0.049805 0.049587
0 0.394879 0.313339 0.049805 0.049587
0 0.399874 0.311648 0.049805 0.049587
0 0.404869 0.311648 0.049805 0.049587
0 0.409864 0.310803 0.049805 0.049587
0 0.414859 0.310803 0.049805 0.049587
0 0.425348 0.319257 0.049805 0.049587
0 0.429844 0.320103 0.049805 0.049587
0 0.435838 0.319257 0.049805 0.049587
0 0.442331 0.313339 0.049805 0.049587
0 0.435338 0.307421 0.049805 0.049587
0 0.428845 0.305730 0.049805 0.049587
0 0.415358 0.302348 0.049805 0.049587
0 0.406867 0.298967 0.049805 0.049587
0 0.408865 0.298967 0.049805 0.049587
0 0.398875 0.301503 0.049805 0.049587
0 0.389384 0.304039 0.049805 0.049587
0 0.387886 0.304039 0.049805 0.049587
0 0.381892 0.308266 0.049805 0.049587
0 0.375898 0.300657 0.049805 0.049587
0 0.165109 0.244859 0.049805 0.049587
0 0.162611 0.264304 0.049805 0.049587
0 0.169105 0.264304 0.049805 0.049587
0 0.171602 0.264304 0.049805 0.049587
0 0.175099 0.264304 0.049805 0.049587
0 0.162611 0.270222 0.049805 0.049587
0 0.168106 0.270222 0.049805 0.049587
0 0.171602 0.271913 0.049805 0.049587
0 0.175099 0.271913 0.049805 0.049587
0 0.177596 0.273604 0.049805 0.049587
0 0.164110 0.281212 0.049805 0.049587
0 0.171602 0.281212 0.049805 0.049587
0 0.176597 0.277831 0.049805 0.049587
0 0.200573 0.262613 0.049805 0.049587
0 0.212561 0.272758 0.049805 0.049587
0 0.218555 0.274449 0.049805 0.049587
0 0.215558 0.268531 0.049805 0.049587
0 0.221552 0.264304 0.049805 0.049587
0 0.216557 0.264304 0.049805 0.049587
0 0.214559 0.263458 0.049805 0.049587
0 0.206567 0.265995 0.049805 0.049587
0 0.248525 0.270222 0.049805 0.049587
0 0.255518 0.279522 0.049805 0.049587
0 0.265009 0.258386 0.049805 0.049587
0 0.254020 0.267686 0.049805 0.049587
0 0.378895 0.279522 0.049805 0.049587
0 0.382391 0.277831 0.049805 0.049587
0 0.388885 0.285440 0.049805 0.049587
0 0.392381 0.285440 0.049805 0.049587
0 0.384889 0.294739 0.049805 0.049587
0 0.414359 0.287131 0.049805 0.049587
0 0.454819 0.318412 0.049805 0.049587
0 0.447326 0.307421 0.049805 0.049587
0 0.436837 0.297276 0.049805 0.049587
0 0.441832 0.298121 0.049805 0.049587
0 0.447326 0.301503 0.049805 0.049587
0 0.449824 0.295585 0.049805 0.049587
0 0.457816 0.301503 0.049805 0.049587
0 0.467806 0.325175 0.049805 0.049587
0 0.462311 0.325175 0.049805 0.049587
0 0.476797 0.320948 0.049805 0.049587
0 0.482791 0.322639 0.049805 0.049587
0 0.446327 0.364065 0.049805 0.049587
0 0.363910 0.301503 0.049805 0.049587
0 0.357916 0.309957 0.049805 0.049587
0 0.362411 0.314184 0.049805 0.049587
0 0.468805 0.314184 0.049805 0.049587
0 0.478295 0.314184 0.049805 0.049587
0 0.482791 0.304885 0.049805 0.049587
0 0.477296 0.305730 0.049805 0.049587
0 0.471302 0.305730 0.049805 0.049587
0 0.464309 0.299812 0.049805 0.049587
0 0.468805 0.299812 0.049805 0.049587
0 0.465308 0.291358 0.049805 0.049587
0 0.461812 0.291358 0.049805 0.049587
0 0.458315 0.291358 0.049805 0.049587
0 0.428845 0.281212 0.049805 0.049587
0 0.422851 0.282903 0.049805 0.049587
0 0.374899 0.265995 0.049805 0.049587
0 0.377896 0.265995 0.049805 0.049587
0 0.386887 0.264304 0.049805 0.049587
0 0.392381 0.269376 0.049805 0.049587
0 0.398375 0.271913 0.049805 0.049587
0 0.401872 0.269376 0.049805 0.049587
0 0.403370 0.268531 0.049805 0.049587
0 0.413360 0.271913 0.049805 0.049587
0 0.426347 0.271913 0.049805 0.049587
0 0.428345 0.271913 0.049805 0.049587
0 0.421852 0.272758 0.049805 0.049587
0 0.434339 0.274449 0.049805 0.049587
0 0.445328 0.264304 0.049805 0.049587
0 0.439834 0.275294 0.049805 0.049587
0 0.452821 0.273604 0.049805 0.049587
0 0.456317 0.272758 0.049805 0.049587
0 0.386387 0.273604 0.049805 0.049587
0 0.354919 0.283749 0.049805 0.049587
0 0.359914 0.290512 0.049805 0.049587
0 0.349424 0.293049 0.049805 0.049587
0 0.299974 0.268531 0.049805 0.049587
0 0.295478 0.267686 0.049805 0.049587
0 0.281492 0.262613 0.049805 0.049587
0 0.286987 0.266840 0.049805 0.049587
0 0.465808 0.277831 0.049805 0.049587
0 0.478295 0.294739 0.049805 0.049587
0 0.482791 0.294739 0.049805 0.049587
0 0.491282 0.316721 0.049805 0.049587
0 0.485288 0.311648 0.049805 0.049587
0 0.491782 0.299812 0.049805 0.049587
0 0.498275 0.303194 0.049805 0.049587
0 0.480793 0.274449 0.049805 0.049587
0 0.474299 0.274449 0.049805 0.049587
0 0.488785 0.287976 0.049805 0.049587
0 0.483790 0.285440 0.049805 0.049587
0 0.479294 0.284594 0.049805 0.049587
0 0.487286 0.272758 0.049805 0.049587
0 0.493780 0.276140 0.049805 0.049587
0 0.497276 0.276140 0.049805 0.049587
0 0.502771 0.274449 0.049805 0.049587
0 0.498275 0.290512 0.049805 0.049587
0 0.503770 0.293049 0.049805 0.049587
0 0.505768 0.304885 0.049805 0.049587
0 0.508765 0.299812 0.049805 0.049587
0 0.513260 0.289667 0.049805 0.049587
0 0.517756 0.287131 0.049805 0.049587
0 0.518255 0.276140 0.049805 0.049587
0 0.512761 0.279522 0.049805 0.049587
0 0.521752 0.277831 0.049805 0.049587
0 0.520753 0.279522 0.049805 0.049587
0 0.529744 0.279522 0.049805 0.049587
0 0.531242 0.285440 0.049805 0.049587
0 0.528745 0.296430 0.049805 0.049587
0 0.520253 0.304885 0.049805 0.049587
0 0.544229 0.313339 0.049805 0.049587
0 0.547726 0.313339 0.049805 0.049587
0 0.553720 0.314184 0.049805 0.049587
0 0.551722 0.303194 0.049805 0.049587
0 0.542731 0.297276 0.049805 0.049587
0 0.013510 0.306576 0.049805 0.049587
0 0.009015 0.301503 0.049805 0.049587
0 0.002022 0.296430 0.049805 0.049587
0 0.016008 0.295585 0.049805 0.049587
0 0.020503 0.286285 0.049805 0.049587
0 0.023500 0.295585 0.049805 0.049587
0 0.026497 0.287976 0.049805 0.049587
0 0.028495 0.296430 0.049805 0.049587
0 0.032991 0.287976 0.049805 0.049587
0 0.029994 0.277831 0.049805 0.049587
0 0.016008 0.279522 0.049805 0.049587
0 0.008515 0.277831 0.049805 0.049587
0 0.002022 0.275294 0.049805 0.049587
0 0.047976 0.299812 0.049805 0.049587
0 0.037486 0.304039 0.049805 0.049587
0 0.032491 0.304885 0.049805 0.049587
0 0.045978 0.284594 0.049805 0.049587
0 0.037986 0.277831 0.049805 0.049587
0 0.048475 0.274449 0.049805 0.049587
0 0.051972 0.280367 0.049805 0.049587
0 0.056467 0.276140 0.049805 0.049587
0 0.063960 0.277831 0.049805 0.049587
0 0.063960 0.268531 0.049805 0.049587
0 0.071452 0.267686 0.049805 0.049587
0 0.075948 0.263458 0.049805 0.049587
0 0.083440 0.265149 0.049805 0.049587
0 0.081442 0.249931 0.049805 0.049587
0 0.077946 0.250777 0.049805 0.049587
0 0.073950 0.253313 0.049805 0.049587
0 0.069954 0.254159 0.049805 0.049587
0 0.065458 0.258386 0.049805 0.049587
0 0.063460 0.255849 0.049805 0.049587
0 0.059964 0.256695 0.049805 0.049587
0 0.056967 0.248240 0.049805 0.049587
0 0.058465 0.249086 0.049805 0.049587
0 0.027996 0.270222 0.049805 0.049587
0 0.003520 0.246550 0.049805 0.049587
0 0.002022 0.252468 0.049805 0.049587
0 0.008016 0.247395 0.049805 0.049587
0 0.008016 0.253313 0.049805 0.049587
0 0.008016 0.264304 0.049805 0.049587
0 0.013011 0.243168 0.049805 0.049587
0 0.015508 0.256695 0.049805 0.049587
0 0.023001 0.246550 0.049805 0.049587
0 0.023001 0.249931 0.049805 0.049587
0 0.021502 0.259231 0.049805 0.049587
0 0.031992 0.244859 0.049805 0.049587
0 0.028495 0.253313 0.049805 0.049587
0 0.028495 0.258386 0.049805 0.049587
0 0.024000 0.271067 0.049805 0.049587
0 0.018505 0.260922 0.049805 0.049587
0 0.013011 0.262613 0.049805 0.049587
0 0.013011 0.262613 0.049805 0.049587
0 0.046977 0.250777 0.049805 0.049587
0 0.041982 0.257540 0.049805 0.049587
0 0.038485 0.248240 0.049805 0.049587
0 0.094429 0.274449 0.049805 0.049587
0 0.086437 0.276140 0.049805 0.049587
0 0.076947 0.276985 0.049805 0.049587
0 0.110413 0.265995 0.049805 0.049587
0 0.116407 0.267686 0.049805 0.049587
0 0.118905 0.265995 0.049805 0.049587
0 0.116907 0.254159 0.049805 0.049587
0 0.122401 0.240632 0.049805 0.049587
0 0.105418 0.281212 0.049805 0.049587
0 0.111912 0.282903 0.049805 0.049587
0 0.126397 0.270222 0.049805 0.049587
0 0.131392 0.266840 0.049805 0.049587
0 0.128895 0.283749 0.049805 0.049587
0 0.547476 0.284594 0.049805 0.049587
0 0.535488 0.288821 0.049805 0.049587
0 0.535988 0.278676 0.049805 0.049587
0 0.925848 0.889081 0.049805 0.049587
0 0.559464 0.304885 0.049805 0.049587
0 0.565458 0.305730 0.049805 0.049587
0 0.575448 0.307421 0.049805 0.049587
0 0.569954 0.301503 0.049805 0.049587
0 0.579444 0.308266 0.049805 0.049587
0 0.581442 0.302348 0.049805 0.049587
0 0.588435 0.307421 0.049805 0.049587
0 0.593430 0.305730 0.049805 0.049587
0 0.596927 0.315030 0.049805 0.049587
0 0.605418 0.320103 0.049805 0.049587
0 0.605418 0.315030 0.049805 0.049587
0 0.609414 0.312494 0.049805 0.049587
0 0.623900 0.323484 0.049805 0.049587
0 0.616907 0.324330 0.049805 0.049587
0 0.610913 0.323484 0.049805 0.049587
0 0.618405 0.315030 0.049805 0.049587
0 0.624399 0.309957 0.049805 0.049587
0 0.626897 0.309112 0.049805 0.049587
0 0.635388 0.316721 0.049805 0.049587
0 0.550973 0.294739 0.049805 0.049587
0 0.560463 0.295585 0.049805 0.049587
0 0.554969 0.283749 0.049805 0.049587
0 0.562461 0.284594 0.049805 0.049587
0 0.567956 0.291358 0.049805 0.049587
0 0.570953 0.280367 0.049805 0.049587
0 0.566457 0.278676 0.049805 0.049587
0 0.560463 0.279522 0.049805 0.049587
0 0.578945 0.288821 0.049805 0.049587
0 0.574449 0.287131 0.049805 0.049587
0 0.583940 0.296430 0.049805 0.049587
0 0.589934 0.284594 0.049805 0.049587
0 0.583940 0.283749 0.049805 0.049587
0 0.588935 0.295585 0.049805 0.049587
0 0.600923 0.300657 0.049805 0.049587
0 0.603420 0.305730 0.049805 0.049587
0 0.598925 0.291358 0.049805 0.049587
0 0.599924 0.285440 0.049805 0.049587
0 0.608415 0.283749 0.049805 0.049587
0 0.615908 0.300657 0.049805 0.049587
0 0.621902 0.286285 0.049805 0.049587
0 0.621902 0.291358 0.049805 0.049587
0 0.628895 0.292203 0.049805 0.049587
0 0.633390 0.294739 0.049805 0.049587
0 0.634389 0.307421 0.049805 0.049587
0 0.638385 0.329402 0.049805 0.049587
0 0.633890 0.322639 0.049805 0.049587
0 0.643880 0.313339 0.049805 0.049587
0 0.639884 0.298121 0.049805 0.049587
0 0.641882 0.296430 0.049805 0.049587
0 0.643380 0.288821 0.049805 0.049587
0 0.639884 0.291358 0.049805 0.049587
0 0.637386 0.284594 0.049805 0.049587
0 0.627896 0.282058 0.049805 0.049587
0 0.662861 0.263458 0.049805 0.049587
0 0.670853 0.267686 0.049805 0.049587
0 0.679344 0.267686 0.049805 0.049587
0 0.652871 0.309112 0.049805 0.049587
0 0.659364 0.306576 0.049805 0.049587
0 0.656367 0.293894 0.049805 0.049587
0 0.652371 0.285440 0.049805 0.049587
0 0.652871 0.290512 0.049805 0.049587
0 0.647376 0.283749 0.049805 0.049587
0 0.656867 0.282058 0.049805 0.049587
0 0.665858 0.286285 0.049805 0.049587
0 0.660363 0.289667 0.049805 0.049587
0 0.663360 0.303194 0.049805 0.049587
0 0.670853 0.304885 0.049805 0.049587
0 0.662861 0.320103 0.049805 0.049587
0 0.654869 0.323484 0.049805 0.049587
0 0.674349 0.313339 0.049805 0.049587
0 0.669854 0.313339 0.049805 0.049587
0 0.661362 0.313339 0.049805 0.049587
0 0.677846 0.307421 0.049805 0.049587
0 0.680343 0.291358 0.049805 0.049587
0 0.679344 0.298121 0.049805 0.049587
0 0.685338 0.334475 0.049805 0.049587
0 0.684339 0.326021 0.049805 0.049587
0 0.646377 0.324330 0.049805 0.049587
0 0.684339 0.298967 0.049805 0.049587
0 0.688835 0.298967 0.049805 0.049587
0 0.692331 0.298967 0.049805 0.049587
0 0.694829 0.297276 0.049805 0.049587
0 0.703320 0.298121 0.049805 0.049587
0 0.700323 0.298967 0.049805 0.049587
0 0.689834 0.291358 0.049805 0.049587
0 0.696827 0.282903 0.049805 0.049587
0 0.701322 0.284594 0.049805 0.049587
0 0.701322 0.290512 0.049805 0.049587
0 0.708315 0.295585 0.049805 0.049587
0 0.712811 0.296430 0.049805 0.049587
0 0.703320 0.311648 0.049805 0.049587
0 0.702321 0.320103 0.049805 0.049587
0 0.694329 0.320948 0.049805 0.049587
0 0.696327 0.312494 0.049805 0.049587
0 0.730793 0.321793 0.049805 0.049587
0 0.720303 0.325175 0.049805 0.049587
0 0.724799 0.321793 0.049805 0.049587
0 0.724799 0.304885 0.049805 0.049587
0 0.725298 0.290512 0.049805 0.049587
0 0.720303 0.293894 0.049805 0.049587
0 0.710813 0.284594 0.049805 0.049587
0 0.714309 0.286285 0.049805 0.049587
0 0.717306 0.285440 0.049805 0.049587
0 0.684339 0.290512 0.049805 0.049587
0 0.671852 0.298121 0.049805 0.049587
0 0.667856 0.296430 0.049805 0.049587
0 0.771752 0.330248 0.049805 0.049587
0 0.742281 0.330248 0.049805 0.049587
0 0.745778 0.335320 0.049805 0.049587
0 0.748775 0.327711 0.049805 0.049587
0 0.752771 0.313339 0.049805 0.049587
0 0.742781 0.315030 0.049805 0.049587
0 0.738785 0.322639 0.049805 0.049587
0 0.745778 0.315875 0.049805 0.049587
0 0.748775 0.315875 0.049805 0.049587
0 0.742281 0.307421 0.049805 0.049587
0 0.733290 0.315030 0.049805 0.049587
0 0.730793 0.298121 0.049805 0.049587
0 0.729794 0.293049 0.049805 0.049587
0 0.736787 0.294739 0.049805 0.049587
0 0.740783 0.290512 0.049805 0.049587
0 0.741782 0.295585 0.049805 0.049587
0 0.752771 0.298121 0.049805 0.049587
0 0.752271 0.304039 0.049805 0.049587
0 0.747776 0.294739 0.049805 0.049587
0 0.750273 0.287131 0.049805 0.049587
0 0.750273 0.277831 0.049805 0.049587
0 0.759764 0.268531 0.049805 0.049587
0 0.774749 0.271067 0.049805 0.049587
0 0.768255 0.294739 0.049805 0.049587
0 0.763260 0.293049 0.049805 0.049587
0 0.758765 0.297276 0.049805 0.049587
0 0.764759 0.318412 0.049805 0.049587
0 0.771252 0.308266 0.049805 0.049587
0 0.776747 0.319257 0.049805 0.049587
0 0.773250 0.318412 0.049805 0.049587
0 0.782741 0.287131 0.049805 0.049587
0 0.779744 0.300657 0.049805 0.049587
0 0.776247 0.293894 0.049805 0.049587
0 0.764259 0.301503 0.049805 0.049587
0 0.789734 0.289667 0.049805 0.049587
0 0.786237 0.296430 0.049805 0.049587
0 0.785738 0.315030 0.049805 0.049587
0 0.784739 0.320948 0.049805 0.049587
0 0.789734 0.312494 0.049805 0.049587
0 0.793730 0.300657 0.049805 0.049587
0 0.789234 0.300657 0.049805 0.049587
0 0.785238 0.304039 0.049805 0.049587
0 0.793730 0.289667 0.049805 0.049587
0 0.802221 0.284594 0.049805 0.049587
0 0.790733 0.319257 0.049805 0.049587
0 0.793730 0.304885 0.049805 0.049587
0 0.803720 0.317566 0.049805 0.049587
0 0.801222 0.314184 0.049805 0.049587
0 0.799224 0.329402 0.049805 0.049587
0 0.797226 0.332784 0.049805 0.049587
0 0.804219 0.334475 0.049805 0.049587
0 0.809714 0.334475 0.049805 0.049587
0 0.810713 0.346311 0.049805 0.049587
0 0.816707 0.335320 0.049805 0.049587
0 0.816707 0.339548 0.049805 0.049587
0 0.813210 0.326866 0.049805 0.049587
0 0.813210 0.301503 0.049805 0.049587
0 0.805218 0.304885 0.049805 0.049587
0 0.809714 0.303194 0.049805 0.049587
0 0.816207 0.315030 0.049805 0.049587
0 0.819704 0.302348 0.049805 0.049587
0 0.823700 0.301503 0.049805 0.049587
0 0.821202 0.309957 0.049805 0.049587
0 0.823200 0.326866 0.049805 0.049587
0 0.820203 0.327711 0.049805 0.049587
0 0.833690 0.331939 0.049805 0.049587
0 0.829194 0.326021 0.049805 0.049587
0 0.832691 0.323484 0.049805 0.049587
0 0.831692 0.295585 0.049805 0.049587
0 0.838685 0.305730 0.049805 0.049587
0 0.834689 0.313339 0.049805 0.049587
0 0.840183 0.330248 0.049805 0.049587
0 0.846177 0.316721 0.049805 0.049587
0 0.851172 0.320103 0.049805 0.049587
0 0.857166 0.337011 0.049805 0.049587
0 0.852671 0.332784 0.049805 0.049587
0 0.850673 0.329402 0.049805 0.049587
0 0.866157 0.335320 0.049805 0.049587
0 0.862661 0.332784 0.049805 0.049587
0 0.862161 0.306576 0.049805 0.049587
0 0.857166 0.305730 0.049805 0.049587
0 0.852171 0.304039 0.049805 0.049587
0 0.848175 0.304885 0.049805 0.049587
0 0.889135 0.330248 0.049805 0.049587
0 0.877147 0.337857 0.049805 0.049587
0 0.882641 0.337857 0.049805 0.049587
0 0.883141 0.348002 0.049805 0.049587
0 0.869154 0.309112 0.049805 0.049587
0 0.880144 0.307421 0.049805 0.049587
0 0.876147 0.303194 0.049805 0.049587
0 0.897127 0.330248 0.049805 0.049587
0 0.905618 0.341238 0.049805 0.049587
0 0.911113 0.333629 0.049805 0.049587
0 0.903121 0.333629 0.049805 0.049587
0 0.885139 0.307421 0.049805 0.049587
0 0.883141 0.303194 0.049805 0.049587
0 0.887636 0.302348 0.049805 0.049587
0 0.891133 0.305730 0.049805 0.049587
0 0.898625 0.316721 0.049805 0.049587
0 0.897127 0.305730 0.049805 0.049587
0 0.905618 0.307421 0.049805 0.049587
0 0.911612 0.304039 0.049805 0.049587
0 0.917107 0.304885 0.049805 0.049587
0 0.917606 0.309957 0.049805 0.049587
0 0.924599 0.330248 0.049805 0.049587
0 0.927097 0.337011 0.049805 0.049587
0 0.931592 0.324330 0.049805 0.049587
0 0.929594 0.309112 0.049805 0.049587
0 0.923101 0.305730 0.049805 0.049587
0 0.934090 0.307421 0.049805 0.049587
0 0.940084 0.333629 0.049805 0.049587
0 0.956068 0.335320 0.049805 0.049587
0 0.942082 0.309112 0.049805 0.049587
0 0.948076 0.304885 0.049805 0.049587
0 0.956068 0.304039 0.049805 0.049587
0 0.961562 0.307421 0.049805 0.049587
0 0.964559 0.315875 0.049805 0.049587
0 0.968056 0.305730 0.049805 0.049587
0 0.968555 0.323484 0.049805 0.049587
0 0.973550 0.313339 0.049805 0.049587
0 0.971552 0.305730 0.049805 0.049587
0 0.978545 0.306576 0.049805 0.049587
0 0.982541 0.326866 0.049805 0.049587
0 0.985039 0.337011 0.049805 0.049587
0 0.997526 0.347156 0.049805 0.049587
0 0.986038 0.314184 0.049805 0.049587
0 0.981043 0.314184 0.049805 0.049587
0 0.990034 0.305730 0.049805 0.049587
0 0.993530 0.316721 0.049805 0.049587
0 0.997526 0.311648 0.049805 0.049587
0 0.906617 0.313339 0.049805 0.049587
0 0.913111 0.340393 0.049805 0.049587
0 0.932591 0.343775 0.049805 0.049587
0 0.433340 0.851881 0.049805 0.049587
0 0.390383 0.853572 0.049805 0.049587
0 0.966807 0.709848 0.049805 0.049587
0 0.948825 0.745357 0.049805 0.049587
0 0.995778 0.706467 0.049805 0.049587
0 0.284489 0.474817 0.049805 0.049587
0 0.578195 0.862027 0.049805 0.049587
0 0.908865 0.884008 0.049805 0.049587
0 0.991782 0.769029 0.049805 0.049587