0 0.016585 0.049500 0.049805 0.049479
0 0.104613 0.071409 0.049805 0.049479
0 0.088181 0.165306 0.049805 0.049479
0 0.003674 0.238858 0.049805 0.049479
0 0.149214 0.379703 0.049805 0.049479
0 0.108134 0.711472 0.049805 0.049479
0 0.232548 0.401613 0.049805 0.049479
0 0.352266 0.500204 0.049805 0.049479
0 0.464942 0.835103 0.049805 0.049479
0 0.535364 0.548718 0.049805 0.049479
0 0.402735 0.570627 0.049805 0.049479
0 0.340529 0.348405 0.049805 0.049479
0 0.341702 0.198170 0.049805 0.049479
0 0.288886 0.159046 0.049805 0.049479
0 0.256022 0.126182 0.049805 0.049479
0 0.254848 0.051065 0.049805 0.049479
0 0.310012 0.065149 0.049805 0.049479
0 0.349918 0.104273 0.049805 0.049479
0 0.402735 0.115228 0.049805 0.049479
0 0.416820 0.196605 0.049805 0.049479
0 0.446163 0.226339 0.049805 0.049479
0 0.501327 0.060455 0.049805 0.049479
0 0.536538 0.055760 0.049805 0.049479
0 0.518933 0.029156 0.049805 0.049479
0 0.599918 0.163741 0.049805 0.049479
0 0.642172 0.204430 0.049805 0.049479
0 0.583487 0.406308 0.049805 0.049479
0 0.791233 0.484555 0.049805 0.049479
0 0.821749 0.180955 0.049805 0.049479
0 0.865177 0.134007 0.049805 0.049479
0 0.969637 0.170001 0.049805 0.049479
0 0.112242 0.017027 0.049805 0.049479