0 0.282290 0.569526 0.049485 0.048780
0 0.351035 0.611131 0.049485 0.048780
0 0.005112 0.690611 0.049485 0.048780
0 0.055072 0.720869 0.049485 0.048780
0 0.041083 0.758062 0.049485 0.048780
0 0.002714 0.759323 0.049485 0.048780
0 0.014704 0.822993 0.049485 0.048780
0 0.008709 0.862707 0.049485 0.048780
0 0.024296 0.877206 0.049485 0.048780
0 0.037486 0.847578 0.049485 0.048780
0 0.073057 0.875315 0.049485 0.048780
0 0.066663 0.831188 0.049485 0.048780
0 0.098237 0.829297 0.049485 0.048780
0 0.071858 0.773822 0.049485 0.048780
0 0.063465 0.746085 0.049485 0.048780
0 0.008109 0.951542 0.049485 0.048780
0 0.027294 0.986844 0.049485 0.048780
0 0.112026 0.788901 0.049485 0.048780
0 0.116223 0.855773 0.049485 0.048780
0 0.134209 0.863968 0.049485 0.048780
0 0.093041 0.874054 0.049485 0.048780
0 0.116623 0.969243 0.049485 0.048780
0 0.129013 0.965461 0.049485 0.048780
0 0.075056 0.974286 0.049485 0.048780
0 0.162985 0.954114 0.049485 0.048780
0 0.133009 0.941506 0.049485 0.048780
0 0.149396 0.836861 0.049485 0.048780
0 0.165384 0.853882 0.049485 0.048780
0 0.180172 0.857664 0.049485 0.048780
0 0.166982 0.887923 0.049485 0.048780
0 0.190563 0.899270 0.049485 0.048780
0 0.204153 0.883510 0.049485 0.048780
0 0.231730 0.925116 0.049485 0.048780
0 0.222538 0.974286 0.049485 0.048780
0 0.184968 0.983112 0.049485 0.048780
0 0.204153 0.823623 0.049485 0.048780
0 0.178973 0.820471 0.049485 0.048780
0 0.168581 0.713935 0.049485 0.048780
0 0.214544 0.741672 0.049485 0.048780
0 0.220140 0.792104 0.049485 0.048780
0 0.234928 0.786430 0.049485 0.048780
0 0.248917 0.834340 0.049485 0.048780
0 0.244920 0.814798 0.049485 0.048780
0 0.239324 0.875945 0.049485 0.048780
0 0.224137 0.876576 0.049485 0.048780
0 0.264904 0.891705 0.049485 0.048780
0 0.285288 0.867750 0.049485 0.048780
0 0.307270 0.888553 0.049485 0.048780
0 0.294880 0.961678 0.049485 0.048780
0 0.263705 0.978699 0.049485 0.048780
0 0.328853 0.937724 0.049485 0.048780
0 0.334848 0.918812 0.049485 0.048780
0 0.352834 0.937093 0.049485 0.048780
0 0.358829 0.976177 0.049485 0.048780
0 0.325655 0.863968 0.049485 0.048780
0 0.318861 0.845687 0.049485 0.048780
0 0.357630 0.863968 0.049485 0.048780
0 0.338045 0.831188 0.049485 0.048780
0 0.345639 0.814798 0.049485 0.048780
0 0.319260 0.797147 0.049485 0.048780
0 0.330052 0.788952 0.049485 0.048780
0 0.299676 0.819210 0.049485 0.048780
0 0.257310 0.798407 0.049485 0.048780
0 0.272098 0.786430 0.049485 0.048780
0 0.278893 0.770670 0.049485 0.048780
0 0.276095 0.739151 0.049485 0.048780
0 0.314464 0.758693 0.049485 0.048780
0 0.344440 0.766888 0.049485 0.048780
0 0.364824 0.775083 0.049485 0.048780
0 0.382410 0.734738 0.049485 0.048780
0 0.380811 0.794625 0.049485 0.048780
0 0.383609 0.816689 0.049485 0.048780
0 0.379612 0.845056 0.049485 0.048780
0 0.390803 0.858295 0.049485 0.048780
0 0.406790 0.882249 0.049485 0.048780
0 0.378413 0.983112 0.049485 0.048780
0 0.396399 0.945919 0.049485 0.048780
0 0.385208 0.960418 0.049485 0.048780
0 0.420380 0.896118 0.049485 0.048780
0 0.455551 0.901161 0.049485 0.048780
0 0.484728 0.924485 0.049485 0.048780
0 0.453553 0.978069 0.049485 0.048780
0 0.425575 0.951592 0.049485 0.048780
0 0.406790 0.991937 0.049485 0.048780
0 0.448357 0.867750 0.049485 0.048780
0 0.451555 0.822362 0.049485 0.048780
0 0.409988 0.817319 0.049485 0.048780
0 0.418381 0.740412 0.049485 0.048780
0 0.401994 0.723391 0.049485 0.048780
0 0.410388 0.718978 0.049485 0.048780
0 0.388405 0.698806 0.049485 0.048780
0 0.439964 0.747976 0.049485 0.048780
0 0.435967 0.719609 0.049485 0.048780
0 0.456750 0.720869 0.049485 0.048780
0 0.439564 0.695023 0.049485 0.048780
0 0.451155 0.628202 0.049485 0.048780
0 0.473537 0.648375 0.049485 0.048780
0 0.496719 0.669808 0.049485 0.048780
0 0.487126 0.711414 0.049485 0.048780
0 0.469540 0.797777 0.049485 0.048780
0 0.497518 0.805342 0.049485 0.048780
0 0.481531 0.865859 0.049485 0.048780
0 0.384009 0.598574 0.049485 0.048780
0 0.473537 0.589748 0.049485 0.048780
0 0.499316 0.962309 0.049485 0.048780
0 0.512906 0.946549 0.049485 0.048780
0 0.512506 0.922594 0.049485 0.048780
0 0.524097 0.870272 0.049485 0.048780
0 0.522498 0.844426 0.049485 0.048780
0 0.526095 0.802190 0.049485 0.048780
0 0.539684 0.791473 0.049485 0.048780
0 0.539684 0.747976 0.049485 0.048780
0 0.511307 0.723391 0.049485 0.048780
0 0.535687 0.703219 0.049485 0.048780
0 0.558469 0.682416 0.049485 0.048780
0 0.556471 0.728434 0.049485 0.048780
0 0.574856 0.759954 0.049485 0.048780
0 0.571659 0.805342 0.049485 0.048780
0 0.562466 0.821101 0.049485 0.048780
0 0.590843 0.815428 0.049485 0.048780
0 0.580851 0.805972 0.049485 0.048780
0 0.616423 0.906204 0.049485 0.048780
0 0.621619 0.937093 0.049485 0.048780
0 0.673977 0.904943 0.049485 0.048780
0 0.647598 0.908095 0.049485 0.048780
0 0.663585 0.953483 0.049485 0.048780
0 0.676375 0.963570 0.049485 0.048780
0 0.714344 0.957266 0.049485 0.048780
0 0.612826 0.968613 0.049485 0.048780
0 0.638005 0.933941 0.049485 0.048780
0 0.657590 0.933311 0.049485 0.048780
0 0.640004 0.799038 0.049485 0.048780
0 0.308269 0.986264 0.049485 0.048780
0 0.507310 0.773192 0.049485 0.048780
0 0.604033 0.731586 0.049485 0.048780
0 0.615224 0.685568 0.049485 0.048780
0 0.608429 0.787691 0.049485 0.048780
0 0.522898 0.989365 0.049485 0.048780
0 0.554073 0.873373 0.049485 0.048780
0 0.665184 0.755541 0.049485 0.048780
0 0.642402 0.737890 0.049485 0.048780
0 0.666782 0.678633 0.049485 0.048780
0 0.705951 0.686828 0.049485 0.048780
0 0.698357 0.720239 0.049485 0.048780
0 0.676375 0.737890 0.049485 0.048780
0 0.694760 0.748607 0.049485 0.048780
0 0.686367 0.773822 0.049485 0.048780
0 0.714744 0.788321 0.049485 0.048780
0 0.685967 0.817319 0.049485 0.048780
0 0.711946 0.830557 0.049485 0.048780
0 0.693161 0.870902 0.049485 0.048780
0 0.711946 0.906204 0.049485 0.048780
0 0.740324 0.868381 0.049485 0.048780
0 0.701155 0.966091 0.049485 0.048780
0 0.763505 0.951592 0.049485 0.048780
0 0.780292 0.945919 0.049485 0.048780
0 0.779093 0.921334 0.049485 0.048780
0 0.753513 0.801559 0.049485 0.048780
0 0.751115 0.770040 0.049485 0.048780
0 0.764704 0.761845 0.049485 0.048780
0 0.775495 0.794625 0.049485 0.048780
0 0.745519 0.710153 0.049485 0.048780
0 0.745519 0.641440 0.049485 0.048780
0 0.747518 0.676742 0.049485 0.048780
0 0.779093 0.651527 0.049485 0.048780
0 0.786287 0.681155 0.049485 0.048780
0 0.779492 0.732847 0.049485 0.048780
0 0.800675 0.717718 0.049485 0.048780
0 0.812266 0.717718 0.049485 0.048780
0 0.799077 0.772561 0.049485 0.048780
0 0.811267 0.962309 0.049485 0.048780
0 0.830851 0.967352 0.049485 0.048780
0 0.848837 0.964830 0.049485 0.048780
0 0.845240 0.935202 0.049485 0.048780
0 0.849236 0.920073 0.049485 0.048780
0 0.846838 0.897379 0.049485 0.048780
0 0.819260 0.919442 0.049485 0.048780
0 0.802474 0.816058 0.049485 0.048780
0 0.838845 0.782017 0.049485 0.048780
0 0.852434 0.809124 0.049485 0.048780
0 0.846838 0.768149 0.049485 0.048780
0 0.867622 0.800299 0.049485 0.048780
0 0.876415 0.780757 0.049485 0.048780
0 0.860028 0.742933 0.049485 0.048780
0 0.846039 0.732217 0.049485 0.048780
0 0.833249 0.709522 0.049485 0.048780
0 0.822058 0.684307 0.049485 0.048780
0 0.836447 0.674851 0.049485 0.048780
0 0.867222 0.677373 0.049485 0.048780
0 0.872418 0.703849 0.049485 0.048780
0 0.891603 0.649635 0.049485 0.048780
0 0.901994 0.755541 0.049485 0.048780
0 0.907590 0.788321 0.049485 0.048780
0 0.911587 0.816689 0.049485 0.048780
0 0.893201 0.874054 0.049485 0.048780
0 0.870819 0.850730 0.049485 0.048780
0 0.949956 0.746085 0.049485 0.048780
0 0.941563 0.716457 0.049485 0.048780
0 0.913585 0.703219 0.049485 0.048780
0 0.931970 0.680525 0.049485 0.048780
0 0.945559 0.689350 0.049485 0.048780
0 0.957550 0.650266 0.049485 0.048780
0 0.897198 0.591640 0.049485 0.048780
0 0.987926 0.886032 0.049485 0.048780
0 0.956351 0.827405 0.049485 0.048780
0 0.926774 0.840013 0.049485 0.048780
0 0.930771 0.904313 0.049485 0.048780
0 0.924776 0.927007 0.049485 0.048780
0 0.909988 0.952853 0.049485 0.048780
0 0.790483 0.532383 0.049485 0.048780
0 0.980731 0.544360 0.049485 0.048780
0 0.974336 0.697545 0.049485 0.048780
0 0.991922 0.728434 0.049485 0.048780
0 0.995919 0.760584 0.049485 0.048780
0 0.973937 0.771301 0.049485 0.048780
0 0.962746 0.725282 0.049485 0.048780
0 0.880412 0.758693 0.049485 0.048780
0 0.590643 0.741672 0.049485 0.048780
0 0.562266 0.778235 0.049485 0.048780
0 0.556271 0.759954 0.049485 0.048780
0 0.547078 0.817950 0.049485 0.048780
0 0.525895 0.920073 0.049485 0.048780
0 0.600036 0.956005 0.049485 0.048780
0 0.479332 0.818580 0.049485 0.048780
0 0.526095 0.418232 0.049485 0.048780
0 0.559668 0.362758 0.049485 0.048780
0 0.112226 0.354512 0.049485 0.048780
0 0.034688 0.321101 0.049485 0.048780
0 0.048277 0.326775 0.049485 0.048780
0 0.001515 0.322993 0.049485 0.048780
0 0.005911 0.271301 0.049485 0.048780
0 0.023897 0.253650 0.049485 0.048780
0 0.059468 0.234738 0.049485 0.048780
0 0.045479 0.221500 0.049485 0.048780
0 0.022698 0.196284 0.049485 0.048780
0 0.043481 0.176742 0.049485 0.048780
0 0.039484 0.055077 0.049485 0.048780
0 0.067462 0.056338 0.049485 0.048780
0 0.106631 0.022927 0.049485 0.048780
0 0.115024 0.048143 0.049485 0.048780
0 0.078253 0.140810 0.049485 0.048780
0 0.097438 0.108660 0.049485 0.048780
0 0.084248 0.108030 0.049485 0.048780
0 0.084248 0.028601 0.049485 0.048780
0 0.139804 0.110551 0.049485 0.048780
0 0.107830 0.135767 0.049485 0.048780
0 0.139005 0.164765 0.049485 0.048780
0 0.117822 0.206371 0.049485 0.048780
0 0.085448 0.224021 0.049485 0.048780
0 0.083849 0.274453 0.049485 0.048780
0 0.180971 0.351360 0.049485 0.048780
0 0.174976 0.278865 0.049485 0.048780
0 0.208949 0.411878 0.049485 0.048780
0 0.157390 0.279496 0.049485 0.048780
0 0.160188 0.225913 0.049485 0.048780
0 0.179372 0.167286 0.049485 0.048780
0 0.117822 0.250498 0.049485 0.048780
0 0.162586 0.139549 0.049485 0.048780
0 0.179372 0.116855 0.049485 0.048780
0 0.166982 0.082184 0.049485 0.048780
0 0.162586 0.055077 0.049485 0.048780
0 0.175775 0.059490 0.049485 0.048780
0 0.138205 0.076510 0.049485 0.048780
0 0.135008 0.024818 0.049485 0.048780
0 0.183369 0.007167 0.049485 0.048780
0 0.209748 0.014102 0.049485 0.048780
0 0.227734 0.033013 0.049485 0.048780
0 0.242522 0.054447 0.049485 0.048780
0 0.254512 0.055077 0.049485 0.048780
0 0.273297 0.069576 0.049485 0.048780
0 0.287286 0.056338 0.049485 0.048780
0 0.261707 0.109921 0.049485 0.048780
0 0.236127 0.135136 0.049485 0.048780
0 0.216543 0.172960 0.049485 0.048780
0 0.206551 0.196284 0.049485 0.048780
0 0.240523 0.177373 0.049485 0.048780
0 0.238525 0.227804 0.049485 0.048780
0 0.216942 0.254280 0.049485 0.048780
0 0.183969 0.250548 0.049485 0.048780
0 0.253513 0.278285 0.049485 0.048780
0 0.289484 0.318630 0.049485 0.048780
0 0.287886 0.261895 0.049485 0.048780
0 0.344640 0.256852 0.049485 0.048780
0 0.360627 0.283328 0.049485 0.048780
0 0.397398 0.318630 0.049485 0.048780
0 0.426175 0.317370 0.049485 0.048780
0 0.492522 0.304762 0.049485 0.048780
0 0.646798 0.410667 0.049485 0.048780
0 0.719540 0.385452 0.049485 0.048780
0 0.793081 0.361497 0.049485 0.048780
0 0.870619 0.360236 0.049485 0.048780
0 0.865823 0.317370 0.049485 0.048780
0 0.948157 0.316109 0.049485 0.048780
0 0.973737 0.377887 0.049485 0.048780
0 0.968941 0.299719 0.049485 0.048780
0 0.916982 0.263156 0.049485 0.048780
0 0.789085 0.304762 0.049485 0.048780
0 0.761107 0.318630 0.049485 0.048780
0 0.730731 0.240462 0.049485 0.048780
0 0.734728 0.290893 0.049485 0.048780
0 0.765903 0.181205 0.049485 0.048780
0 0.759508 0.279546 0.049485 0.048780
0 0.863625 0.244824 0.049485 0.048780
0 0.828853 0.289582 0.049485 0.048780
0 0.810068 0.249237 0.049485 0.048780
0 0.820460 0.189980 0.049485 0.048780
0 0.856431 0.179894 0.049485 0.048780
0 0.867622 0.203849 0.049485 0.048780
0 0.875216 0.202588 0.049485 0.048780
0 0.884808 0.206371 0.049485 0.048780
0 0.818061 0.360816 0.049485 0.048780
0 0.693361 0.251128 0.049485 0.048780
0 0.656591 0.240412 0.049485 0.048780
0 0.560268 0.292104 0.049485 0.048780
0 0.515503 0.268779 0.049485 0.048780
0 0.567062 0.261214 0.049485 0.048780
0 0.543081 0.203219 0.049485 0.048780
0 0.545879 0.168547 0.049485 0.048780
0 0.580252 0.151527 0.049485 0.048780
0 0.551475 0.103617 0.049485 0.048780
0 0.701754 0.164134 0.049485 0.048780
0 0.661387 0.133876 0.049485 0.048780
0 0.631011 0.090379 0.049485 0.048780
0 0.657390 0.056338 0.049485 0.048780
0 0.694560 0.046251 0.049485 0.048780
0 0.673777 0.050664 0.049485 0.048780
0 0.638205 0.007798 0.049485 0.048780
0 0.620619 0.038056 0.049485 0.048780
0 0.587046 0.053816 0.049485 0.048780
0 0.576255 0.078401 0.049485 0.048780
0 0.592642 0.016623 0.049485 0.048780
0 0.591842 0.031122 0.049485 0.048780
0 0.559069 0.007167 0.049485 0.048780
0 0.536687 0.057598 0.049485 0.048780
0 0.528693 0.070206 0.049485 0.048780
0 0.519101 0.052555 0.049485 0.048780
0 0.503913 0.094791 0.049485 0.048780
0 0.595040 0.116225 0.049485 0.048780
0 0.624217 0.147744 0.049485 0.048780
0 0.635408 0.124420 0.049485 0.048780
0 0.659788 0.172329 0.049485 0.048780
0 0.696159 0.136397 0.049485 0.048780
0 0.730531 0.179264 0.049485 0.048780
0 0.728133 0.150896 0.049485 0.048780
0 0.721738 0.097943 0.049485 0.048780
0 0.735328 0.094161 0.049485 0.048780
0 0.778093 0.123159 0.049485 0.048780
0 0.773697 0.108030 0.049485 0.048780
0 0.776495 0.082184 0.049485 0.048780
0 0.778093 0.063902 0.049485 0.048780
0 0.780092 0.039948 0.049485 0.048780
0 0.794880 0.037426 0.049485 0.048780
0 0.765703 0.003385 0.049485 0.048780
0 0.715344 0.007798 0.049485 0.048780
0 0.806870 0.021036 0.049485 0.048780
0 0.828053 0.018514 0.049485 0.048780
0 0.865224 0.073989 0.049485 0.048780
0 0.856431 0.120007 0.049485 0.048780
0 0.874017 0.110551 0.049485 0.048780
0 0.897997 0.130093 0.049485 0.048780
0 0.913985 0.132615 0.049485 0.048780
0 0.934368 0.168547 0.049485 0.048780
0 0.930372 0.197545 0.049485 0.048780
0 0.992722 0.215826 0.049485 0.048780
0 0.989125 0.152157 0.049485 0.048780
0 0.957550 0.147744 0.049485 0.048780
0 0.967142 0.118116 0.049485 0.048780
0 0.972338 0.041839 0.049485 0.048780
0 0.978733 0.019145 0.049485 0.048780
0 0.932770 0.015993 0.049485 0.048780
0 0.917182 0.025449 0.049485 0.048780
0 0.899996 0.034904 0.049485 0.048780
0 0.905591 0.011580 0.049485 0.048780
0 0.992722 0.057598 0.049485 0.048780
0 0.910388 0.087227 0.049485 0.048780
0 0.808069 0.125681 0.049485 0.048780
0 0.609228 0.264997 0.049485 0.048780
0 0.598437 0.241042 0.049485 0.048780
0 0.596439 0.301559 0.049485 0.048780
0 0.728733 0.065794 0.049485 0.048780
0 0.487326 0.332449 0.049485 0.048780
0 0.410188 0.285800 0.049485 0.048780
0 0.398997 0.172329 0.049485 0.048780
0 0.403793 0.123159 0.049485 0.048780
0 0.395400 0.105508 0.049485 0.048780
0 0.420579 0.041208 0.049485 0.048780
0 0.458549 0.019775 0.049485 0.048780
0 0.485328 0.034274 0.049485 0.048780
0 0.433769 0.089748 0.049485 0.048780
0 0.314464 0.035270 0.049485 0.048780
0 0.335647 0.052291 0.049485 0.048780
0 0.344440 0.038422 0.049485 0.048780
0 0.380412 0.119742 0.049485 0.048780
0 0.366423 0.064268 0.049485 0.048780
0 0.367622 0.028336 0.049485 0.048780
0 0.344440 0.118481 0.049485 0.048780
0 0.338845 0.097679 0.049485 0.048780
0 0.326055 0.110917 0.049485 0.048780
0 0.295679 0.100200 0.049485 0.048780
0 0.327254 0.141806 0.049485 0.048780
0 0.276894 0.145588 0.049485 0.048780
0 0.262906 0.152523 0.049485 0.048780
0 0.264105 0.189716 0.049485 0.048780
0 0.310068 0.217453 0.049485 0.048780
0 0.304073 0.255276 0.049485 0.048780
0 0.364824 0.155674 0.049485 0.048780
0 0.347638 0.134241 0.049485 0.048780
0 0.333249 0.353617 0.049485 0.048780
0 0.514105 0.186198 0.049485 0.048780
0 0.482930 0.144592 0.049485 0.048780
0 0.476135 0.230956 0.049485 0.048780
0 0.449356 0.190611 0.049485 0.048780
0 0.425775 0.248607 0.049485 0.048780
0 0.490523 0.282648 0.049485 0.048780
0 0.288685 0.171069 0.049485 0.048780
0 0.359029 0.010319 0.049485 0.048780
0 0.807270 0.173590 0.049485 0.048780
0 0.881611 0.143332 0.049485 0.048780
0 0.940364 0.094161 0.049485 0.048780
0 0.957550 0.073989 0.049485 0.048780
0 0.950755 0.029231 0.049485 0.048780
0 0.772498 0.024188 0.049485 0.048780
0 0.544880 0.080923 0.049485 0.048780
0 0.437766 0.299038 0.049485 0.048780
0 0.416183 0.183046 0.049485 0.048780
0 0.055471 0.318315 0.049485 0.048780
0 0.229732 0.291839 0.049485 0.048780
0 0.310068 0.178999 0.049485 0.048780
0 0.389205 0.328401 0.049485 0.048780
0 0.484528 0.121268 0.049485 0.048780
0 0.844440 0.058859 0.049485 0.048780
0 0.838445 0.094791 0.049485 0.048780
0 0.375016 0.667551 0.049485 0.048780
0 0.323057 0.825149 0.049485 0.048780
0 0.225935 0.765892 0.049485 0.048780
0 0.177574 0.799933 0.049485 0.048780
0 0.151994 0.884405 0.049485 0.048780
0 0.849436 0.709522 0.049485 0.048780
0 0.776695 0.703849 0.049485 0.048780
0 0.769500 0.691872 0.049485 0.048780
0 0.798277 0.945288 0.049485 0.048780
0 0.954752 0.798407 0.049485 0.048780
0 0.947558 0.660982 0.049485 0.048780
0 0.720539 0.923225 0.049485 0.048780
0 0.649796 0.967352 0.049485 0.048780
0 0.630212 0.967982 0.049485 0.048780
0 0.599436 0.790843 0.049485 0.048780
0 0.597838 0.920073 0.049485 0.048780
0 0.312066 0.014732 0.049485 0.048780
0 0.198157 0.115594 0.049485 0.048780
0 0.173777 0.104878 0.049485 0.048780
0 0.155392 0.072728 0.049485 0.048780
0 0.408789 0.067054 0.049485 0.048780
0 0.924092 0.773402 0.049485 0.048780
0 0.725291 0.867942 0.049485 0.048780
0 0.954062 0.266040 0.049485 0.048780