0 0.113592 0.987750 0.049399 0.049929
0 0.162121 0.993923 0.049399 0.049929
0 0.013068 0.953182 0.049399 0.049929
0 0.047731 0.814911 0.049399 0.049929
0 0.180608 0.876639 0.049399 0.049929
0 0.159810 0.853182 0.049399 0.049929
0 0.128613 0.824787 0.049399 0.049929
0 0.105504 0.845775 0.049399 0.049929
0 0.169053 0.834664 0.049399 0.049929
0 0.248779 0.898861 0.049399 0.049929
0 0.352770 0.940837 0.049399 0.049929
0 0.342371 0.872935 0.049399 0.049929
0 0.308863 0.902565 0.049399 0.049929
0 0.289220 0.864294 0.049399 0.049929
0 0.263800 0.859355 0.049399 0.049929
0 0.240691 0.858121 0.049399 0.049929
0 0.211805 0.807503 0.049399 0.049929
0 0.226826 0.797627 0.049399 0.049929
0 0.182919 0.796392 0.049399 0.049929
0 0.267267 0.809973 0.049399 0.049929
0 0.322728 0.832195 0.049399 0.049929
0 0.394366 0.830960 0.049399 0.049929
0 0.487958 0.879108 0.049399 0.049929
0 0.474092 0.835898 0.049399 0.049929
0 0.450983 0.788985 0.049399 0.049929
0 0.533020 0.855652 0.049399 0.049929
0 0.502978 0.788985 0.049399 0.049929
0 0.548041 0.808738 0.049399 0.049929
0 0.566528 0.813676 0.049399 0.049929
0 0.569995 0.842071 0.049399 0.049929
0 0.602347 0.871701 0.049399 0.049929
0 0.610435 0.950713 0.049399 0.049929
0 0.657809 0.932195 0.049399 0.049929
0 0.713270 0.892689 0.049399 0.049929
0 0.742157 0.986516 0.049399 0.049929
0 0.880811 0.956886 0.049399 0.049929
0 0.760644 0.917380 0.049399 0.049929
0 0.732913 0.821084 0.049399 0.049929
0 0.801085 0.866763 0.049399 0.049929
0 0.847303 0.860590 0.049399 0.049929
0 0.839214 0.881577 0.049399 0.049929
0 0.910852 0.898861 0.049399 0.049929
0 0.960537 0.929726 0.049399 0.049929
0 0.946671 0.874170 0.049399 0.049929
0 0.944360 0.847010 0.049399 0.049929
0 0.989423 0.867997 0.049399 0.049929
0 0.998667 0.859355 0.049399 0.049929
0 0.883122 0.822318 0.049399 0.049929
0 0.792996 0.840837 0.049399 0.049929
0 0.791841 0.807503 0.049399 0.049929
0 0.754867 0.802565 0.049399 0.049929
0 0.720203 0.791454 0.049399 0.049929
0 0.708649 0.819849 0.049399 0.049929
0 0.677451 0.823553 0.049399 0.049929
0 0.691317 0.842071 0.049399 0.049929
0 0.643943 0.860590 0.049399 0.049929
0 0.652032 0.885281 0.049399 0.049929
0 0.616213 0.835898 0.049399 0.049929
0 0.591948 0.819849 0.049399 0.049929
0 0.137856 0.801331 0.049399 0.049929
0 0.105504 0.790219 0.049399 0.049929
0 0.119369 0.760590 0.049399 0.049929
0 0.067374 0.767997 0.049399 0.049929
0 0.011912 0.737133 0.049399 0.049929
0 0.017689 0.706269 0.049399 0.049929
0 0.078928 0.717380 0.049399 0.049929
0 0.068529 0.688985 0.049399 0.049929
0 0.080084 0.680343 0.049399 0.049929
0 0.209494 0.772935 0.049399 0.049929
0 0.238380 0.771701 0.049399 0.049929
0 0.231448 0.745775 0.049399 0.049929
0 0.279977 0.732195 0.049399 0.049929
0 0.273044 0.709973 0.049399 0.049929
0 0.256868 0.698861 0.049399 0.049929
0 0.222204 0.672935 0.049399 0.049929
0 0.453294 0.742071 0.049399 0.049929
0 0.472937 0.765528 0.049399 0.049929
0 0.511067 0.742071 0.049399 0.049929
0 0.565373 0.774170 0.049399 0.049929
0 0.580394 0.771701 0.049399 0.049929
0 0.590793 0.751948 0.049399 0.049929
0 0.641632 0.770466 0.049399 0.049929
0 0.628923 0.786516 0.049399 0.049929
0 0.647410 0.823553 0.049399 0.049929
0 0.667052 0.801331 0.049399 0.049929
0 0.668208 0.777874 0.049399 0.049929
0 0.704027 0.749479 0.049399 0.049929
0 0.712115 0.737133 0.049399 0.049929
0 0.734068 0.755652 0.049399 0.049929
0 0.759488 0.771701 0.049399 0.049929
0 0.839214 0.769232 0.049399 0.049929
0 0.848458 0.726022 0.049399 0.049929
0 0.873878 0.787750 0.049399 0.049929
0 0.657809 0.728491 0.049399 0.049929
0 0.645099 0.707503 0.049399 0.049929
0 0.700560 0.695158 0.049399 0.049929
0 0.724825 0.698861 0.049399 0.049929
0 0.717892 0.669232 0.049399 0.049929
0 0.678607 0.674170 0.049399 0.049929
0 0.669363 0.669232 0.049399 0.049929
0 0.624301 0.663059 0.049399 0.049929
0 0.587326 0.681577 0.049399 0.049929
0 0.539953 0.681577 0.049399 0.049929
0 0.517999 0.679108 0.049399 0.049929
0 0.466004 0.707503 0.049399 0.049929
0 0.430185 0.688985 0.049399 0.049929
0 0.463693 0.684047 0.049399 0.049929
0 0.370102 0.677874 0.049399 0.049929
0 0.387433 0.671701 0.049399 0.049929
0 0.419786 0.669232 0.049399 0.049929
0 0.330816 0.654417 0.049399 0.049929
0 0.286909 0.650713 0.049399 0.049929
0 0.279977 0.633429 0.049399 0.049929
0 0.285754 0.613676 0.049399 0.049929
0 0.271888 0.616145 0.049399 0.049929
0 0.320417 0.629726 0.049399 0.049929
0 0.335438 0.626022 0.049399 0.049929
0 0.319262 0.614911 0.049399 0.049929
0 0.344682 0.596392 0.049399 0.049929
0 0.363169 0.609973 0.049399 0.049929
0 0.387433 0.608738 0.049399 0.049929
0 0.416320 0.603800 0.049399 0.049929
0 0.456760 0.587750 0.049399 0.049929
0 0.486802 0.622318 0.049399 0.049929
0 0.493735 0.654417 0.049399 0.049929
0 0.434807 0.650713 0.049399 0.049929
0 0.445206 0.671701 0.049399 0.049929
0 0.520310 0.654417 0.049399 0.049929
0 0.556129 0.659355 0.049399 0.049929
0 0.595414 0.623553 0.049399 0.049929
0 0.628923 0.622318 0.049399 0.049929
0 0.670519 0.632195 0.049399 0.049929
0 0.686695 0.670466 0.049399 0.049929
0 0.550352 0.619849 0.049399 0.049929
0 0.529554 0.592689 0.049399 0.049929
0 0.561906 0.587750 0.049399 0.049929
0 0.608124 0.586516 0.049399 0.049929
0 0.660120 0.576639 0.049399 0.049929
0 0.501823 0.592689 0.049399 0.049929
0 0.498357 0.572935 0.049399 0.049929
0 0.477559 0.572935 0.049399 0.049929
0 0.459071 0.563059 0.049399 0.049929
0 0.442895 0.561824 0.049399 0.049929
0 0.419786 0.561824 0.049399 0.049929
0 0.392055 0.566763 0.049399 0.049929
0 0.379345 0.590219 0.049399 0.049929
0 0.378190 0.561824 0.049399 0.049929
0 0.394366 0.555652 0.049399 0.049929
0 0.352770 0.556886 0.049399 0.049929
0 0.330816 0.561824 0.049399 0.049929
0 0.290376 0.575405 0.049399 0.049929
0 0.275355 0.593923 0.049399 0.049929
0 0.266111 0.559355 0.049399 0.049929
0 0.279977 0.566763 0.049399 0.049929
0 0.215271 0.574170 0.049399 0.049929
0 0.308863 0.486824 0.049399 0.049929
0 0.320417 0.482503 0.049399 0.049929
0 0.353925 0.525096 0.049399 0.049929
0 0.403032 0.521392 0.049399 0.049929
0 0.451561 0.526948 0.049399 0.049929
0 0.462538 0.533121 0.049399 0.049929
0 0.476981 0.513985 0.049399 0.049929
0 0.493157 0.518306 0.049399 0.049929
0 0.503556 0.532503 0.049399 0.049929
0 0.516844 0.534973 0.049399 0.049929
0 0.529554 0.551639 0.049399 0.049929
0 0.511067 0.567071 0.049399 0.049929
0 0.522621 0.576948 0.049399 0.049929
0 0.543419 0.572627 0.049399 0.049929
0 0.555551 0.541763 0.049399 0.049929
0 0.588482 0.516454 0.049399 0.049929
0 0.597725 0.507195 0.049399 0.049929
0 0.609280 0.501639 0.049399 0.049929
0 0.628923 0.478800 0.049399 0.049929
0 0.632967 0.444232 0.049399 0.049929
0 0.642210 0.452256 0.049399 0.049929
0 0.615057 0.457195 0.049399 0.049929
0 0.686695 0.436824 0.049399 0.049929
0 0.703449 0.439294 0.049399 0.049929
0 0.591370 0.598553 0.049399 0.049929
0 0.571728 0.574479 0.049399 0.049929
0 0.599459 0.568923 0.049399 0.049929
0 0.563640 0.559047 0.049399 0.049929
0 0.524354 0.518306 0.049399 0.049929
0 0.552663 0.497318 0.049399 0.049929
0 0.576350 0.483738 0.049399 0.049929
0 0.588482 0.463985 0.049399 0.049929
0 0.572305 0.459664 0.049399 0.049929
0 0.526087 0.457195 0.049399 0.049929
0 0.532442 0.473861 0.049399 0.049929
0 0.524932 0.483738 0.049399 0.049929
0 0.447517 0.492380 0.049399 0.049929
0 0.466582 0.473244 0.049399 0.049929
0 0.482180 0.478800 0.049399 0.049929
0 0.498357 0.468306 0.049399 0.049929
0 0.439429 0.476948 0.049399 0.049929
0 0.448672 0.468306 0.049399 0.049929
0 0.448095 0.450405 0.049399 0.049929
0 0.437118 0.455960 0.049399 0.049929
0 0.424408 0.455343 0.049399 0.049929
0 0.412853 0.480034 0.049399 0.049929
0 0.407654 0.492997 0.049399 0.049929
0 0.379345 0.483738 0.049399 0.049929
0 0.374723 0.467689 0.049399 0.049929
0 0.360280 0.467071 0.049399 0.049929
0 0.347570 0.470775 0.049399 0.049929
0 0.286332 0.565219 0.049399 0.049929
0 0.387433 0.433738 0.049399 0.049929
0 0.388011 0.459664 0.049399 0.049929
0 0.414009 0.436824 0.049399 0.049929
0 0.411120 0.462133 0.049399 0.049929
0 0.397255 0.468306 0.049399 0.049929
0 0.403610 0.475713 0.049399 0.049929
0 0.450405 0.431886 0.049399 0.049929
0 0.483336 0.444232 0.049399 0.049929
0 0.467737 0.457195 0.049399 0.049929
0 0.512800 0.434973 0.049399 0.049929
0 0.545730 0.438059 0.049399 0.049929
0 0.538797 0.423861 0.049399 0.049929
0 0.573461 0.448553 0.049399 0.049929
0 0.584438 0.423244 0.049399 0.049929
0 0.594837 0.433121 0.049399 0.049929
0 0.612746 0.437442 0.049399 0.049929
0 0.556129 0.417071 0.049399 0.049929
0 0.493157 0.412750 0.049399 0.049929
0 0.476981 0.420775 0.049399 0.049929
0 0.451561 0.407812 0.049399 0.049929
0 0.429607 0.381886 0.049399 0.049929
0 0.455605 0.383738 0.049399 0.049929
0 0.489113 0.394849 0.049399 0.049929
0 0.478136 0.381886 0.049399 0.049929
0 0.517999 0.395466 0.049399 0.049929
0 0.502978 0.381269 0.049399 0.049929
0 0.501823 0.372010 0.049399 0.049929
0 0.493735 0.373244 0.049399 0.049929
0 0.539953 0.375713 0.049399 0.049929
0 0.548041 0.375096 0.049399 0.049929
0 0.559596 0.396701 0.049399 0.049929
0 0.530132 0.401022 0.049399 0.049929
0 0.542264 0.404108 0.049399 0.049929
0 0.540531 0.411516 0.049399 0.049929
0 0.394366 0.371392 0.049399 0.049929
0 0.346993 0.384355 0.049399 0.049929
0 0.383967 0.370775 0.049399 0.049929
0 0.583860 0.506577 0.049399 0.049929
0 0.194473 0.506269 0.049399 0.049929
0 0.227981 0.493923 0.049399 0.049929
0 0.248779 0.459355 0.049399 0.049929
0 0.196784 0.488985 0.049399 0.049929
0 0.140167 0.508738 0.049399 0.049929
0 0.187541 0.424787 0.049399 0.049929
0 0.208339 0.354417 0.049399 0.049929
0 0.247624 0.358121 0.049399 0.049929
0 0.290376 0.372935 0.049399 0.049929
0 0.305396 0.306269 0.049399 0.049929
0 0.360858 0.337133 0.049399 0.049929
0 0.367213 0.317071 0.049399 0.049929
0 0.377034 0.307812 0.049399 0.049929
0 0.371257 0.295466 0.049399 0.049929
0 0.347570 0.297318 0.049399 0.049929
0 0.384545 0.339911 0.049399 0.049929
0 0.352770 0.365219 0.049399 0.049929
0 0.316951 0.363985 0.049399 0.049929
0 0.324461 0.326948 0.049399 0.049929
0 0.323306 0.298553 0.049399 0.049929
0 0.418053 0.299787 0.049399 0.049929
0 0.429607 0.302874 0.049399 0.049929
0 0.407076 0.351022 0.049399 0.049929
0 0.434807 0.367689 0.049399 0.049929
0 0.413431 0.371392 0.049399 0.049929
0 0.469470 0.373861 0.049399 0.049929
0 0.484491 0.360281 0.049399 0.049929
0 0.501245 0.355343 0.049399 0.049929
0 0.504712 0.341145 0.049399 0.049929
0 0.485647 0.331886 0.049399 0.049929
0 0.475248 0.342997 0.049399 0.049929
0 0.460227 0.342380 0.049399 0.049929
0 0.440006 0.347935 0.049399 0.049929
0 0.454450 0.308429 0.049399 0.049929
0 0.458494 0.330034 0.049399 0.049929
0 0.476981 0.307195 0.049399 0.049929
0 0.497201 0.304108 0.049399 0.049929
0 0.460805 0.297935 0.049399 0.049929
0 0.447517 0.294849 0.049399 0.049929
0 0.474092 0.284973 0.049399 0.049929
0 0.549196 0.305960 0.049399 0.049929
0 0.535331 0.352256 0.049399 0.049929
0 0.557285 0.339911 0.049399 0.049929
0 0.545730 0.342997 0.049399 0.049929
0 0.530132 0.299787 0.049399 0.049929
0 0.519732 0.294232 0.049399 0.049929
0 0.520888 0.280652 0.049399 0.049929
0 0.537642 0.272010 0.049399 0.049929
0 0.498357 0.271392 0.049399 0.049929
0 0.519732 0.301022 0.049399 0.049929
0 0.503556 0.304108 0.049399 0.049929
0 0.475825 0.255343 0.049399 0.049929
0 0.464849 0.271392 0.049399 0.049929
0 0.438273 0.278182 0.049399 0.049929
0 0.411698 0.277565 0.049399 0.049929
0 0.402454 0.261516 0.049399 0.049929
0 0.422675 0.259047 0.049399 0.049929
0 0.379345 0.252256 0.049399 0.049929
0 0.359703 0.287442 0.049399 0.049929
0 0.477559 0.215837 0.049399 0.049929
0 0.517422 0.226948 0.049399 0.049929
0 0.515688 0.237442 0.049399 0.049929
0 0.504712 0.226331 0.049399 0.049929
0 0.493157 0.230034 0.049399 0.049929
0 0.408809 0.228182 0.049399 0.049929
0 0.396677 0.231269 0.049399 0.049929
0 0.387433 0.234355 0.049399 0.049929
0 0.375301 0.234355 0.049399 0.049929
0 0.355081 0.234355 0.049399 0.049929
0 0.344682 0.231269 0.049399 0.049929
0 0.323884 0.247318 0.049399 0.049929
0 0.342949 0.253491 0.049399 0.049929
0 0.356236 0.252874 0.049399 0.049929
0 0.357969 0.246701 0.049399 0.049929
0 0.252824 0.303491 0.049399 0.049929
0 0.264378 0.308429 0.049399 0.049929
0 0.229137 0.309047 0.049399 0.049929
0 0.235492 0.290528 0.049399 0.049929
0 0.245313 0.281886 0.049399 0.049929
0 0.234336 0.278182 0.049399 0.049929
0 0.234336 0.261516 0.049399 0.049929
0 0.255712 0.265837 0.049399 0.049929
0 0.260912 0.255343 0.049399 0.049929
0 0.262645 0.240528 0.049399 0.049929
0 0.250513 0.244849 0.049399 0.049929
0 0.237225 0.246701 0.049399 0.049929
0 0.228559 0.244232 0.049399 0.049929
0 0.353925 0.275713 0.049399 0.049929
0 0.348726 0.265837 0.049399 0.049929
0 0.303086 0.249787 0.049399 0.049929
0 0.281132 0.275713 0.049399 0.049929
0 0.282865 0.260898 0.049399 0.049929
0 0.288642 0.246084 0.049399 0.049929
0 0.288065 0.233121 0.049399 0.049929
0 0.307707 0.275096 0.049399 0.049929
0 0.461382 0.242997 0.049399 0.049929
0 0.443473 0.238676 0.049399 0.049929
0 0.428452 0.229417 0.049399 0.049929
0 0.436540 0.226948 0.049399 0.049929
0 0.418053 0.234355 0.049399 0.049929
0 0.415164 0.229417 0.049399 0.049929
0 0.421519 0.249787 0.049399 0.049929
0 0.433074 0.254108 0.049399 0.049929
0 0.428452 0.241763 0.049399 0.049929
0 0.412276 0.242997 0.049399 0.049929
0 0.500090 0.254108 0.049399 0.049929
0 0.496623 0.260281 0.049399 0.049929
0 0.487380 0.244849 0.049399 0.049929
0 0.498357 0.242380 0.049399 0.049929
0 0.515111 0.250405 0.049399 0.049929
0 0.535331 0.227565 0.049399 0.049929
0 0.522043 0.270775 0.049399 0.049929
0 0.533020 0.248553 0.049399 0.049929
0 0.479869 0.237133 0.049399 0.049929
0 0.486802 0.229726 0.049399 0.049929
0 0.401299 0.245775 0.049399 0.049929
0 0.385123 0.243306 0.049399 0.049929
0 0.318106 0.240837 0.049399 0.049929
0 0.962848 0.438368 0.049399 0.049929
0 0.944360 0.443306 0.049399 0.049929
0 0.888899 0.469232 0.049399 0.049929
0 0.866945 0.409973 0.049399 0.049929
0 0.842681 0.416145 0.049399 0.049929
0 0.814950 0.430960 0.049399 0.049929
0 0.757177 0.364294 0.049399 0.049929
0 0.875033 0.403800 0.049399 0.049929
0 0.986379 0.554108 0.049399 0.049929
0 0.926296 0.448553 0.049399 0.049929
0 0.772043 0.409664 0.049399 0.049929
0 0.498357 0.484047 0.049399 0.049929
0 0.066951 0.709664 0.049399 0.049929
0 0.268577 0.783738 0.049399 0.049929
0 0.330394 0.811516 0.049399 0.049929
0 0.304396 0.658429 0.049399 0.049929
0 0.348303 0.660898 0.049399 0.049929
0 0.642788 0.611516 0.049399 0.049929
0 0.648565 0.686207 0.049399 0.049929
0 0.586749 0.665219 0.049399 0.049929
0 0.446939 0.578800 0.049399 0.049929
0 0.628923 0.770158 0.049399 0.049929
0 0.563062 0.532812 0.049399 0.049929
0 0.569995 0.410590 0.049399 0.049929
0 0.535331 0.364911 0.049399 0.049929
0 0.432496 0.275713 0.049399 0.049929
0 0.450983 0.260898 0.049399 0.049929
0 0.462538 0.259664 0.049399 0.049929
0 0.449828 0.251639 0.049399 0.049929
0 0.453872 0.241763 0.049399 0.049929
0 0.449250 0.222627 0.049399 0.049929
0 0.456183 0.228800 0.049399 0.049929
0 0.465426 0.234973 0.049399 0.049929
0 0.486224 0.296701 0.049399 0.049929
0 0.442317 0.254108 0.049399 0.049929
0 0.362014 0.270158 0.049399 0.049929
0 0.298464 0.237442 0.049399 0.049929
0 0.523199 0.235590 0.049399 0.049929
0 0.166149 0.809517 0.049399 0.049929
0 0.996500 0.924662 0.049399 0.049929
0 0.327259 0.289478 0.049399 0.049929
0 0.297743 0.291449 0.049399 0.049929