0 0.452669 0.812704 0.049805 0.049479
0 0.427101 0.986406 0.049805 0.049479
0 0.377182 0.554587 0.049805 0.049479
0 0.273692 0.216925 0.049805 0.049479
0 0.277345 0.200691 0.049805 0.049479
0 0.255429 0.168224 0.049805 0.049479
0 0.287085 0.176341 0.049805 0.049479
0 0.278562 0.140626 0.049805 0.049479
0 0.318741 0.106535 0.049805 0.049479
0 0.360137 0.088678 0.049805 0.049479
0 0.382053 0.095172 0.049805 0.049479
0 0.400316 0.134133 0.049805 0.049479
0 0.408838 0.101665 0.049805 0.049479
0 0.430754 0.122769 0.049805 0.049479
0 0.439277 0.160107 0.049805 0.049479
0 0.446582 0.197445 0.049805 0.049479
0 0.422231 0.225042 0.049805 0.049479
0 0.478238 0.176341 0.049805 0.049479
0 0.456322 0.281860 0.049805 0.049479
0 0.507458 0.254263 0.049805 0.049479
0 0.530591 0.247769 0.049805 0.049479
0 0.529374 0.289977 0.049805 0.049479
0 0.539114 0.197445 0.049805 0.049479
0 0.558595 0.158483 0.049805 0.049479
0 0.624341 0.208808 0.049805 0.049479
0 0.662085 0.301341 0.049805 0.049479
0 0.976208 0.171470 0.049805 0.049479
0 0.965251 0.114652 0.049805 0.049479
0 0.992036 0.004263 0.049805 0.049479
0 0.841062 0.176341 0.049805 0.049479
0 0.820364 0.189328 0.049805 0.049479
0 0.657215 0.177964 0.049805 0.049479
0 0.664520 0.117899 0.049805 0.049479
0 0.621906 0.117899 0.049805 0.049479
0 0.580510 0.117899 0.049805 0.049479
0 0.567117 0.111406 0.049805 0.049479
0 0.587816 0.101665 0.049805 0.049479
0 0.548854 0.072445 0.049805 0.049479
0 0.535462 0.065951 0.049805 0.049479
0 0.490413 0.035107 0.049805 0.049479
0 0.461192 0.072445 0.049805 0.049479
0 0.438059 0.054587 0.049805 0.049479
0 0.433189 0.038354 0.049805 0.049479
0 0.416143 0.057834 0.049805 0.049479
0 0.379617 0.043224 0.049805 0.049479
0 0.371095 0.054587 0.049805 0.049479
0 0.334569 0.077315 0.049805 0.049479
0 0.304130 0.078938 0.049805 0.049479
0 0.265169 0.083808 0.049805 0.049479
0 0.220121 0.113029 0.049805 0.049479
0 0.164114 0.085432 0.049805 0.049479
0 0.138546 0.083808 0.049805 0.049479
0 0.114195 0.088678 0.049805 0.049479
0 0.255429 0.038354 0.049805 0.049479
0 0.271257 0.044847 0.049805 0.049479
0 0.273692 0.069198 0.049805 0.049479
0 0.302913 0.049717 0.049805 0.049479
0 0.332134 0.044847 0.049805 0.049479
0 0.330916 0.017250 0.049805 0.049479
0 0.349179 0.033483 0.049805 0.049479
0 0.358919 0.028613 0.049805 0.049479
0 0.151939 0.015626 0.049805 0.049479
0 0.126574 0.030643 0.049805 0.049479
0 0.097962 0.024961 0.049805 0.049479
0 0.085786 0.024961 0.049805 0.049479
0 0.158229 0.011162 0.049805 0.049479
0 0.179536 0.003045 0.049805 0.049479
0 0.209975 0.038759 0.049805 0.049479
0 0.238587 0.028207 0.049805 0.049479
0 0.252588 0.019279 0.049805 0.049479
0 0.247109 0.008727 0.049805 0.049479
0 0.262937 0.016032 0.049805 0.049479
0 0.273286 0.016032 0.049805 0.049479
0 0.286070 0.007915 0.049805 0.049479
0 0.267807 0.002233 0.049805 0.049479
0 0.295202 0.007915 0.049805 0.049479
0 0.300681 0.027396 0.049805 0.049479
0 0.296419 0.050123 0.049805 0.049479
0 0.369471 0.010350 0.049805 0.049479
0 0.351208 0.002233 0.049805 0.049479
0 0.337816 0.004669 0.049805 0.049479
0 0.395648 0.002233 0.049805 0.049479
0 0.427304 0.051746 0.049805 0.049479
0 0.449829 0.028207 0.049805 0.049479
0 0.520242 0.028207 0.049805 0.049479
0 0.628603 0.048500 0.049805 0.049479
0 0.656606 0.053370 0.049805 0.049479
0 0.660259 0.038759 0.049805 0.049479
0 0.674260 0.007915 0.049805 0.049479
0 0.716874 0.030643 0.049805 0.049479
0 0.725397 0.033078 0.049805 0.049479
0 0.747921 0.031454 0.049805 0.049479
0 0.579902 0.148337 0.049805 0.049479
0 0.964689 0.457580 0.049805 0.049479
0 0.758894 0.283088 0.049805 0.049479
0 0.746906 0.192512 0.049805 0.049479
0 0.704948 0.199172 0.049805 0.049479
0 0.296357 0.352352 0.049805 0.049479
0 0.284369 0.299072 0.049805 0.049479
0 0.287366 0.253784 0.049805 0.049479
0 0.430223 0.004700 0.049805 0.049479
0 0.168631 0.018181 0.049805 0.049479
0 0.201658 0.107506 0.049805 0.049479
0 0.528581 0.009820 0.049805 0.049479
0 0.547812 0.021247 0.049805 0.049479
0 0.456257 0.033788 0.049805 0.049479
0 0.827494 0.278075 0.049805 0.049479
0 0.993464 0.394017 0.049805 0.049479