0 0.139764 0.952315 0.049805 0.049479
0 0.092280 0.811081 0.049805 0.049479
0 0.136111 0.776990 0.049805 0.049479
0 0.046014 0.517250 0.049805 0.049479
0 0.015575 0.502639 0.049805 0.049479
0 0.054536 0.437704 0.049805 0.049479
0 0.039926 0.416600 0.049805 0.049479
0 0.018010 0.353289 0.049805 0.049479
0 0.049666 0.356535 0.049805 0.049479
0 0.064277 0.340302 0.049805 0.049479
0 0.086192 0.338678 0.049805 0.049479
0 0.121501 0.345172 0.049805 0.049479
0 0.144634 0.346795 0.049805 0.049479
0 0.193335 0.330561 0.049805 0.049479
0 0.189682 0.315951 0.049805 0.049479
0 0.142199 0.419847 0.049805 0.049479
0 0.149504 0.468548 0.049805 0.049479
0 0.187247 0.536730 0.049805 0.049479
0 0.164114 0.551341 0.049805 0.049479
0 0.252994 0.528613 0.049805 0.049479
0 0.276127 0.525367 0.049805 0.049479
0 0.298043 0.452315 0.049805 0.049479
0 0.207945 0.419847 0.049805 0.049479
0 0.229861 0.314328 0.049805 0.049479
0 0.250559 0.322445 0.049805 0.049479
0 0.266387 0.311081 0.049805 0.049479
0 0.289520 0.307834 0.049805 0.049479
0 0.332134 0.509133 0.049805 0.049479
0 0.561030 0.627639 0.049805 0.049479
0 0.520851 0.551341 0.049805 0.049479
0 0.323002 0.312298 0.049805 0.049479
0 0.366833 0.308240 0.049805 0.049479
0 0.375356 0.301746 0.049805 0.049479
0 0.396054 0.309052 0.049805 0.049479
0 0.389358 0.293630 0.049805 0.049479
0 0.394837 0.353695 0.049805 0.049479
0 0.416752 0.296065 0.049805 0.049479
0 0.434406 0.283889 0.049805 0.049479
0 0.431971 0.306617 0.049805 0.049479
0 0.459975 0.317980 0.049805 0.049479
0 0.478238 0.341519 0.049805 0.049479
0 0.464845 0.291195 0.049805 0.049479
0 0.487978 0.293630 0.049805 0.049479
0 0.498936 0.289571 0.049805 0.049479
0 0.515372 0.283889 0.049805 0.049479
0 0.527548 0.300935 0.049805 0.049479
0 0.521460 0.319604 0.049805 0.049479
0 0.515981 0.408889 0.049805 0.049479
0 0.537288 0.438922 0.049805 0.049479
0 0.537288 0.438922 0.049805 0.049479
0 0.558595 0.336649 0.049805 0.049479
0 0.561639 0.306617 0.049805 0.049479
0 0.548854 0.285513 0.049805 0.049479
0 0.540332 0.273337 0.049805 0.049479
0 0.564682 0.279019 0.049805 0.049479
0 0.581119 0.283889 0.049805 0.049479
0 0.587816 0.325285 0.049805 0.049479
0 0.610340 0.325285 0.049805 0.049479
0 0.611557 0.364246 0.049805 0.049479
0 0.652954 0.304993 0.049805 0.049479
0 0.640169 0.299311 0.049805 0.049479
0 0.650518 0.279019 0.049805 0.049479
0 0.637734 0.270902 0.049805 0.049479
0 0.613992 0.279831 0.049805 0.049479
0 0.606687 0.270902 0.049805 0.049479
0 0.594512 0.267656 0.049805 0.049479
0 0.666955 0.250610 0.049805 0.049479
0 0.667564 0.273337 0.049805 0.049479
0 0.302913 0.322039 0.049805 0.049479
0 0.694958 0.489652 0.049805 0.049479
0 0.760705 0.413354 0.049805 0.049479
0 0.826452 0.619522 0.049805 0.049479
0 0.964033 0.611406 0.049805 0.049479
0 0.953075 0.752639 0.049805 0.049479
0 0.730064 0.328532 0.049805 0.049479
0 0.689277 0.300123 0.049805 0.049479
0 0.700843 0.283889 0.049805 0.049479
0 0.713627 0.296065 0.049805 0.049479
0 0.713627 0.296065 0.049805 0.049479
0 0.699017 0.256292 0.049805 0.049479
0 0.716062 0.245740 0.049805 0.049479
0 0.719715 0.257104 0.049805 0.049479
0 0.735543 0.253045 0.049805 0.049479
0 0.744066 0.257104 0.049805 0.049479
0 0.758676 0.254669 0.049805 0.049479
0 0.773286 0.238435 0.049805 0.049479
0 0.786679 0.233565 0.049805 0.049479
0 0.811030 0.302558 0.049805 0.049479
0 0.828684 0.247363 0.049805 0.049479
0 0.821988 0.231941 0.049805 0.049479
0 0.858514 0.234376 0.049805 0.049479
0 0.877385 0.301746 0.049805 0.049479
0 0.862775 0.268467 0.049805 0.049479
0 0.877994 0.230318 0.049805 0.049479
0 0.899301 0.227071 0.049805 0.049479
0 0.905389 0.221389 0.049805 0.049479
0 0.932783 0.233565 0.049805 0.049479
0 0.941306 0.213272 0.049805 0.049479
0 0.937653 0.168630 0.049805 0.049479
0 0.957742 0.226259 0.049805 0.049479
0 0.974788 0.215707 0.049805 0.049479
0 0.991225 0.210837 0.049805 0.049479
0 0.991225 0.210837 0.049805 0.049479
0 0.977223 0.247363 0.049805 0.049479
0 0.930348 0.279831 0.049805 0.049479
0 0.885299 0.354506 0.049805 0.049479
0 0.949220 0.343143 0.049805 0.049479
0 0.846338 0.240058 0.049805 0.049479
0 0.350303 0.286418 0.049805 0.049479
0 0.895220 0.219268 0.049805 0.049479