0 0.075860 0.885525 0.050000 0.049307
0 0.040524 0.979899 0.050000 0.049307
0 0.148004 0.910934 0.050000 0.049307
0 0.030218 0.780262 0.050000 0.049307
0 0.018439 0.856487 0.050000 0.049307
0 0.064081 0.716741 0.050000 0.049307
0 0.102362 0.780262 0.050000 0.049307
0 0.150948 0.769373 0.050000 0.049307
0 0.180395 0.825634 0.050000 0.049307
0 0.134753 0.822005 0.050000 0.049307
0 0.183339 0.724001 0.050000 0.049307
0 0.221620 0.825634 0.050000 0.049307
0 0.336461 0.929083 0.050000 0.049307
0 0.337933 0.901859 0.050000 0.049307
0 0.337933 0.843783 0.050000 0.049307
0 0.274623 0.720371 0.050000 0.049307
0 0.145059 0.629627 0.050000 0.049307
0 0.167144 0.551587 0.050000 0.049307
0 0.128863 0.518919 0.050000 0.049307
0 0.068498 0.500770 0.050000 0.049307
0 0.019912 0.502585 0.050000 0.049307
0 0.055247 0.359210 0.050000 0.049307
0 0.093528 0.362839 0.050000 0.049307
0 0.097945 0.408211 0.050000 0.049307
0 0.127391 0.331986 0.050000 0.049307
0 0.097945 0.310208 0.050000 0.049307
0 0.084694 0.270280 0.050000 0.049307
0 0.106779 0.230353 0.050000 0.049307
0 0.043469 0.215834 0.050000 0.049307
0 0.049358 0.183166 0.050000 0.049307
0 0.075860 0.126905 0.050000 0.049307
0 0.108251 0.106941 0.050000 0.049307
0 0.127391 0.141424 0.050000 0.049307
0 0.102362 0.170462 0.050000 0.049307
0 0.050830 0.110571 0.050000 0.049307
0 0.043469 0.039790 0.050000 0.049307
0 0.019912 0.012567 0.050000 0.049307
0 0.097945 0.018012 0.050000 0.049307
0 0.084621 0.035707 0.050000 0.049307
0 0.103025 0.066560 0.050000 0.049307
0 0.167807 0.086524 0.050000 0.049307
0 0.224491 0.082894 0.050000 0.049307
0 0.264244 0.066560 0.050000 0.049307
0 0.231853 0.127358 0.050000 0.049307
0 0.234061 0.186342 0.050000 0.049307
0 0.223019 0.218103 0.050000 0.049307
0 0.155292 0.224455 0.050000 0.049307
0 0.146458 0.278901 0.050000 0.049307
0 0.172960 0.257123 0.050000 0.049307
0 0.205351 0.283438 0.050000 0.049307
0 0.157501 0.322458 0.050000 0.049307
0 0.199462 0.348774 0.050000 0.049307
0 0.186211 0.378720 0.050000 0.049307
0 0.147930 0.420462 0.050000 0.049307
0 0.175905 0.405035 0.050000 0.049307
0 0.114803 0.468556 0.050000 0.049307
0 0.111122 0.442240 0.050000 0.049307
0 0.176641 0.477631 0.050000 0.049307
0 0.181794 0.445870 0.050000 0.049307
0 0.195781 0.417740 0.050000 0.049307
0 0.208296 0.385979 0.050000 0.049307
0 0.231117 0.329718 0.050000 0.049307
0 0.248048 0.363293 0.050000 0.049307
0 0.268661 0.346052 0.050000 0.049307
0 0.219338 0.441333 0.050000 0.049307
0 0.264244 0.146415 0.050000 0.049307
0 0.298844 0.091061 0.050000 0.049307
0 0.298107 0.174545 0.050000 0.049307
0 0.287065 0.208121 0.050000 0.049307
0 0.331971 0.063838 0.050000 0.049307
0 0.381294 0.022095 0.050000 0.049307
0 0.357000 0.129173 0.050000 0.049307
0 0.320192 0.150952 0.050000 0.049307
0 0.337124 0.199046 0.050000 0.049307
0 0.314303 0.236251 0.050000 0.049307
0 0.282648 0.299772 0.050000 0.049307
0 0.320928 0.334255 0.050000 0.049307
0 0.346694 0.339700 0.050000 0.049307
0 0.372460 0.304309 0.050000 0.049307
0 0.390864 0.232622 0.050000 0.049307
0 0.405587 0.152767 0.050000 0.049307
0 0.423991 0.057485 0.050000 0.049307
0 0.462271 0.111932 0.050000 0.049307
0 0.470369 0.191787 0.050000 0.049307
0 0.432089 0.253493 0.050000 0.049307
0 0.395281 0.344237 0.050000 0.049307
0 0.365098 0.387794 0.050000 0.049307
0 0.336388 0.396868 0.050000 0.049307
0 0.300316 0.371460 0.050000 0.049307
0 0.296635 0.445870 0.050000 0.049307
0 0.248785 0.444963 0.050000 0.049307
0 0.248785 0.461297 0.050000 0.049307
0 0.229644 0.471279 0.050000 0.049307
0 0.345222 0.478538 0.050000 0.049307
0 0.320928 0.464926 0.050000 0.049307
0 0.358473 0.439518 0.050000 0.049307
0 0.379821 0.422277 0.050000 0.049307
0 0.406323 0.409573 0.050000 0.049307
0 0.417366 0.434981 0.050000 0.049307
0 0.373932 0.484890 0.050000 0.049307
0 0.402642 0.492150 0.050000 0.049307
0 0.431353 0.468556 0.050000 0.049307
0 0.476259 0.458574 0.050000 0.049307
0 0.485092 0.415925 0.050000 0.049307
0 0.458591 0.395054 0.050000 0.049307
0 0.495399 0.035707 0.050000 0.049307
0 0.577922 0.050680 0.050000 0.049307
0 0.533752 0.094237 0.050000 0.049307
0 0.589701 0.076088 0.050000 0.049307
0 0.576450 0.152313 0.050000 0.049307
0 0.504306 0.152313 0.050000 0.049307
0 0.505778 0.204945 0.050000 0.049307
0 0.504306 0.244872 0.050000 0.049307
0 0.520501 0.308393 0.050000 0.049307
0 0.549948 0.259391 0.050000 0.049307
0 0.601479 0.179536 0.050000 0.049307
0 0.598534 0.261206 0.050000 0.049307
0 0.644176 0.230353 0.050000 0.049307
0 0.683929 0.181351 0.050000 0.049307
0 0.711903 0.132349 0.050000 0.049307
0 0.769324 0.116015 0.050000 0.049307
0 0.791409 0.094237 0.050000 0.049307
0 0.658900 0.007123 0.050000 0.049307
0 0.804660 0.266651 0.050000 0.049307
0 0.735461 0.259391 0.050000 0.049307
0 0.700125 0.284799 0.050000 0.049307
0 0.820855 0.190426 0.050000 0.049307
0 0.860608 0.143239 0.050000 0.049307
0 0.888582 0.130534 0.050000 0.049307
0 0.916556 0.253946 0.050000 0.049307
0 0.876804 0.208574 0.050000 0.049307
0 0.944530 0.083348 0.050000 0.049307
0 0.966615 0.110571 0.050000 0.049307
0 0.976259 0.009391 0.050000 0.049307
0 0.995399 0.091968 0.050000 0.049307
0 0.840805 0.296142 0.050000 0.049307
0 0.942395 0.354219 0.050000 0.049307
0 0.916629 0.445870 0.050000 0.049307
0 0.927672 0.489427 0.050000 0.049307
0 0.800316 0.432259 0.050000 0.049307
0 0.790010 0.414110 0.050000 0.049307
0 0.803997 0.490335 0.050000 0.049307
0 0.662654 0.415925 0.050000 0.049307
0 0.608914 0.461297 0.050000 0.049307
0 0.579467 0.478538 0.050000 0.049307
0 0.588301 0.401406 0.050000 0.049307
0 0.591982 0.358756 0.050000 0.049307
0 0.530881 0.454037 0.050000 0.049307
0 0.550021 0.492150 0.050000 0.049307
0 0.968161 0.675907 0.050000 0.049307
0 0.977731 0.548865 0.050000 0.049307
0 0.899698 0.525271 0.050000 0.049307
0 0.941659 0.669554 0.050000 0.049307
0 0.918838 0.838338 0.050000 0.049307
0 0.914421 0.922730 0.050000 0.049307
0 0.963744 0.866469 0.050000 0.049307
0 0.996871 0.850135 0.050000 0.049307
0 0.851847 0.944509 0.050000 0.049307
0 0.798844 0.962658 0.050000 0.049307
0 0.847430 0.888248 0.050000 0.049307
0 0.807678 0.872821 0.050000 0.049307
0 0.788537 0.903674 0.050000 0.049307
0 0.739951 0.920916 0.050000 0.049307
0 0.689156 0.939972 0.050000 0.049307
0 0.637624 0.957213 0.050000 0.049307
0 0.602288 0.973547 0.050000 0.049307
0 0.554438 0.965380 0.050000 0.049307
0 0.513213 0.962658 0.050000 0.049307
0 0.550021 0.898230 0.050000 0.049307
0 0.605969 0.897322 0.050000 0.049307
0 0.634680 0.851043 0.050000 0.049307
0 0.675168 0.853765 0.050000 0.049307
0 0.685475 0.885525 0.050000 0.049307
0 0.724491 0.885525 0.050000 0.049307
0 0.751729 0.831986 0.050000 0.049307
0 0.796635 0.830172 0.050000 0.049307
0 0.829026 0.823819 0.050000 0.049307
0 0.854056 0.786614 0.050000 0.049307
0 0.887919 0.743965 0.050000 0.049307
0 0.880558 0.707667 0.050000 0.049307
0 0.855528 0.735798 0.050000 0.049307
0 0.820928 0.731260 0.050000 0.049307
0 0.819456 0.766651 0.050000 0.049307
0 0.831971 0.700407 0.050000 0.049307
0 0.829762 0.655943 0.050000 0.049307
0 0.791482 0.645961 0.050000 0.049307
0 0.792954 0.589700 0.050000 0.049307
0 0.817984 0.541605 0.050000 0.049307
0 0.847430 0.544328 0.050000 0.049307
0 0.756882 0.527086 0.050000 0.049307
0 0.764244 0.563384 0.050000 0.049307
0 0.748048 0.600589 0.050000 0.049307
0 0.753202 0.646868 0.050000 0.049307
0 0.721547 0.638701 0.050000 0.049307
0 0.724491 0.665925 0.050000 0.049307
0 0.759091 0.694055 0.050000 0.049307
0 0.781176 0.684981 0.050000 0.049307
0 0.777495 0.733075 0.050000 0.049307
0 0.776759 0.761206 0.050000 0.049307
0 0.753938 0.783892 0.050000 0.049307
0 0.710504 0.831986 0.050000 0.049307
0 0.690628 0.799319 0.050000 0.049307
0 0.713449 0.758484 0.050000 0.049307
0 0.732589 0.724001 0.050000 0.049307
0 0.689892 0.710389 0.050000 0.049307
0 0.676641 0.760299 0.050000 0.049307
0 0.636888 0.811115 0.050000 0.049307
0 0.574314 0.830172 0.050000 0.049307
0 0.553702 0.802948 0.050000 0.049307
0 0.601552 0.782077 0.050000 0.049307
0 0.641305 0.743057 0.050000 0.049307
0 0.634680 0.682259 0.050000 0.049307
0 0.680322 0.675907 0.050000 0.049307
0 0.687683 0.621460 0.050000 0.049307
0 0.616276 0.516197 0.050000 0.049307
0 0.589774 0.519827 0.050000 0.049307
0 0.619956 0.567921 0.050000 0.049307
0 0.611859 0.617830 0.050000 0.049307
0 0.614067 0.633257 0.050000 0.049307
0 0.595663 0.672277 0.050000 0.049307
0 0.583148 0.625090 0.050000 0.049307
0 0.555910 0.636887 0.050000 0.049307
0 0.544868 0.689518 0.050000 0.049307
0 0.538242 0.741242 0.050000 0.049307
0 0.510268 0.660480 0.050000 0.049307
0 0.510268 0.603311 0.050000 0.049307
0 0.524991 0.541605 0.050000 0.049307
0 0.305910 0.627812 0.050000 0.049307
0 0.277936 0.676814 0.050000 0.049307
0 0.241128 0.689518 0.050000 0.049307
0 0.313272 0.708574 0.050000 0.049307
0 0.361122 0.685888 0.050000 0.049307
0 0.389833 0.692240 0.050000 0.049307
0 0.410445 0.754854 0.050000 0.049307
0 0.436211 0.723093 0.050000 0.049307
0 0.461240 0.706760 0.050000 0.049307
0 0.469338 0.668647 0.050000 0.049307
0 0.451670 0.615108 0.050000 0.049307
0 0.433266 0.684981 0.050000 0.049307
0 0.413390 0.647776 0.050000 0.049307
0 0.407501 0.595144 0.050000 0.049307
0 0.436947 0.568828 0.050000 0.049307
0 0.393513 0.550680 0.050000 0.049307
0 0.372165 0.524364 0.050000 0.049307
0 0.473755 0.511660 0.050000 0.049307
0 0.495840 0.562476 0.050000 0.049307
0 0.301493 0.519827 0.050000 0.049307
0 0.293396 0.501678 0.050000 0.049307
0 0.335357 0.580625 0.050000 0.049307
0 0.297076 0.576088 0.050000 0.049307
0 0.251434 0.591515 0.050000 0.049307
0 0.227141 0.549772 0.050000 0.049307
0 0.212418 0.536161 0.050000 0.049307
0 0.226405 0.510752 0.050000 0.049307
0 0.201375 0.507123 0.050000 0.049307
0 0.183266 0.498048 0.050000 0.049307
0 0.364435 0.168647 0.050000 0.049307
0 0.273151 0.892785 0.050000 0.049307
0 0.376214 0.958121 0.050000 0.049307
0 0.423328 0.974455 0.050000 0.049307
0 0.458664 0.985344 0.050000 0.049307
0 0.879748 0.994418 0.050000 0.049307
0 0.788537 0.995779 0.050000 0.049307
0 0.448358 0.847413 0.050000 0.049307
0 0.505778 0.872821 0.050000 0.049307
0 0.502833 0.787522 0.050000 0.049307
0 0.454247 0.785707 0.050000 0.049307
0 0.476332 0.742150 0.050000 0.049307
0 0.505778 0.691333 0.050000 0.049307