0 0.010608 0.769471 0.049805 0.049927
0 0.096865 0.777578 0.049805 0.049927
0 0.076379 0.868369 0.049805 0.049927
0 0.010608 0.897552 0.049805 0.049927
0 0.134602 0.754880 0.049805 0.049927
0 0.161558 0.758123 0.049805 0.049927
0 0.193904 0.754880 0.049805 0.049927
0 0.035407 0.685165 0.049805 0.049927
0 0.053736 0.694893 0.049805 0.049927
0 0.074223 0.701378 0.049805 0.049927
0 0.105491 0.694893 0.049805 0.049927
0 0.142150 0.707863 0.049805 0.049927
0 0.116273 0.641391 0.049805 0.049927
0 0.085005 0.652740 0.049805 0.049927
0 0.058049 0.655982 0.049805 0.049927
0 0.102401 0.660441 0.049805 0.049927
0 0.043639 0.644228 0.049805 0.049927
0 0.036091 0.654766 0.049805 0.049927
0 0.012910 0.654766 0.049805 0.049927
0 0.154156 0.653145 0.049805 0.049927
0 0.141217 0.649092 0.049805 0.049927
0 0.127200 0.658819 0.049805 0.049927
0 0.144991 0.669358 0.049805 0.049927
0 0.178955 0.666115 0.049805 0.049927
0 0.191893 0.668547 0.049805 0.049927
0 0.177337 0.645038 0.049805 0.049927
0 0.173024 0.713132 0.049805 0.049927
0 0.198362 0.709079 0.049805 0.049927
0 0.208605 0.679085 0.049805 0.049927
0 0.227474 0.698541 0.049805 0.049927
0 0.248499 0.707458 0.049805 0.049927
0 0.210223 0.652334 0.049805 0.049927
0 0.273837 0.732587 0.049805 0.049927
0 0.267907 0.799060 0.049805 0.049927
0 0.229631 0.799870 0.049805 0.049927
0 0.182189 0.851751 0.049805 0.049927
0 0.178955 0.979022 0.049805 0.049927
0 0.226935 0.910928 0.049805 0.049927
0 0.307801 0.810409 0.049805 0.049927
0 0.356860 0.790143 0.049805 0.049927
0 0.367103 0.898768 0.049805 0.049927
0 0.416700 0.944164 0.049805 0.049927
0 0.436108 0.810409 0.049805 0.049927
0 0.264672 0.668547 0.049805 0.049927
0 0.230170 0.662872 0.049805 0.049927
0 0.252273 0.655577 0.049805 0.049927
0 0.238795 0.660441 0.049805 0.049927
0 0.246343 0.662062 0.049805 0.049927
0 0.279228 0.666115 0.049805 0.049927
0 0.313731 0.705836 0.049805 0.049927
0 0.378963 0.743936 0.049805 0.049927
0 0.419396 0.759338 0.049805 0.049927
0 0.485706 0.921466 0.049805 0.049927
0 0.340147 0.747990 0.049805 0.049927
0 0.350930 0.686381 0.049805 0.049927
0 0.332600 0.709079 0.049805 0.049927
0 0.335835 0.683138 0.049805 0.049927
0 0.327209 0.666926 0.049805 0.049927
0 0.313192 0.656387 0.049805 0.049927
0 0.300254 0.649902 0.049805 0.049927
0 0.331791 0.650916 0.049805 0.049927
0 0.318583 0.660643 0.049805 0.049927
0 0.340147 0.660643 0.049805 0.049927
0 0.343112 0.647268 0.049805 0.049927
0 0.326400 0.695501 0.049805 0.049927
0 0.359286 0.645646 0.049805 0.049927
0 0.381659 0.648484 0.049805 0.049927
0 0.395136 0.639972 0.049805 0.049927
0 0.403223 0.644025 0.049805 0.049927
0 0.394597 0.653753 0.049805 0.049927
0 0.392441 0.662670 0.049805 0.049927
0 0.392441 0.679693 0.049805 0.049927
0 0.378963 0.687800 0.049805 0.049927
0 0.402953 0.721036 0.049805 0.049927
0 0.401606 0.674829 0.049805 0.049927
0 0.412388 0.652942 0.049805 0.049927
0 0.382467 0.660238 0.049805 0.049927
0 0.321818 0.669966 0.049805 0.049927
0 0.492714 0.890257 0.049805 0.049927
0 0.522365 0.813246 0.049805 0.049927
0 0.462525 0.724076 0.049805 0.049927
0 0.451742 0.702999 0.049805 0.049927
0 0.501879 0.728129 0.049805 0.049927
0 0.520209 0.736235 0.049805 0.049927
0 0.442038 0.673005 0.049805 0.049927
0 0.432874 0.645444 0.049805 0.049927
0 0.423170 0.656793 0.049805 0.049927
0 0.432335 0.661657 0.049805 0.049927
0 0.460907 0.665710 0.049805 0.049927
0 0.471150 0.655982 0.049805 0.049927
0 0.488941 0.675437 0.049805 0.049927
0 0.501879 0.681112 0.049805 0.049927
0 0.492175 0.656793 0.049805 0.049927
0 0.502418 0.661657 0.049805 0.049927
0 0.527756 0.677059 0.049805 0.049927
0 0.535843 0.684354 0.049805 0.049927
0 0.606860 0.973752 0.049805 0.049927
0 0.604703 0.891067 0.049805 0.049927
0 0.575592 0.848914 0.049805 0.049927
0 0.559418 0.795412 0.049805 0.049927
0 0.555105 0.741910 0.049805 0.049927
0 0.604703 0.730561 0.049805 0.049927
0 0.596078 0.690029 0.049805 0.049927
0 0.570200 0.683544 0.049805 0.049927
0 0.708212 0.879718 0.049805 0.049927
0 0.728698 0.976995 0.049805 0.049927
0 0.758888 0.900795 0.049805 0.049927
0 0.789078 0.855399 0.049805 0.049927
0 0.860240 0.949433 0.049805 0.049927
0 0.900134 0.795412 0.049805 0.049927
0 0.836519 0.784063 0.049805 0.049927
0 0.770748 0.795412 0.049805 0.049927
0 0.734089 0.775957 0.049805 0.049927
0 0.692038 0.795412 0.049805 0.049927
0 0.649988 0.772714 0.049805 0.049927
0 0.664005 0.714348 0.049805 0.049927
0 0.637050 0.724076 0.049805 0.049927
0 0.616564 0.678680 0.049805 0.049927
0 0.609016 0.655982 0.049805 0.049927
0 0.693117 0.698135 0.049805 0.049927
0 0.682335 0.725697 0.049805 0.049927
0 0.727620 0.702999 0.049805 0.049927
0 0.769670 0.715969 0.049805 0.049927
0 0.784765 0.714348 0.049805 0.049927
0 0.850536 0.717591 0.049805 0.049927
0 0.946497 0.724076 0.049805 0.049927
0 0.989625 0.798654 0.049805 0.049927
0 0.991782 0.730561 0.049805 0.049927
0 0.986391 0.904038 0.049805 0.049927
0 0.517368 0.644836 0.049805 0.049927
0 0.470196 0.644836 0.049805 0.049927
0 0.485022 0.646052 0.049805 0.049927
0 0.479900 0.644836 0.049805 0.049927
0 0.509821 0.647673 0.049805 0.049927
0 0.513594 0.644025 0.049805 0.049927
0 0.529498 0.648078 0.049805 0.049927
0 0.533811 0.648889 0.049805 0.049927
0 0.543515 0.657401 0.049805 0.049927
0 0.539202 0.654563 0.049805 0.049927
0 0.561575 0.658617 0.049805 0.049927
0 0.579365 0.664696 0.049805 0.049927
0 0.585295 0.660238 0.049805 0.049927
0 0.602008 0.659427 0.049805 0.049927
0 0.596617 0.652537 0.049805 0.049927
0 0.589069 0.652537 0.049805 0.049927
0 0.569392 0.650510 0.049805 0.049927
0 0.547288 0.697933 0.049805 0.049927
0 0.628963 0.671587 0.049805 0.049927
0 0.636511 0.652537 0.049805 0.049927
0 0.641902 0.663075 0.049805 0.049927
0 0.639745 0.685773 0.049805 0.049927
0 0.552545 0.664392 0.049805 0.049927
0 0.628424 0.818110 0.049805 0.049927
0 0.924932 0.772714 0.049805 0.049927
0 0.656188 0.656185 0.049805 0.049927
0 0.664544 0.673208 0.049805 0.049927
0 0.676135 0.676045 0.049805 0.049927
0 0.683682 0.680504 0.049805 0.049927
0 0.674518 0.708066 0.049805 0.049927
0 0.705516 0.678883 0.049805 0.049927
0 0.720611 0.678883 0.049805 0.049927
0 0.716298 0.702391 0.049805 0.049927
0 0.711177 0.722657 0.049805 0.049927
0 0.758079 0.697933 0.049805 0.049927
0 0.749453 0.718199 0.049805 0.049927
0 0.737054 0.686178 0.049805 0.049927
0 0.766705 0.668344 0.049805 0.049927
0 0.774252 0.669155 0.049805 0.049927
0 0.774252 0.653347 0.049805 0.049927
0 0.765627 0.642404 0.049805 0.049927
0 0.717916 0.653347 0.049805 0.049927
0 0.723846 0.665507 0.049805 0.049927
0 0.731393 0.665912 0.049805 0.049927
0 0.736515 0.664696 0.049805 0.049927
0 0.713064 0.669155 0.049805 0.049927
0 0.668857 0.656185 0.049805 0.049927
0 0.618181 0.656185 0.049805 0.049927
0 0.698777 0.648889 0.049805 0.049927
0 0.705786 0.654969 0.049805 0.049927
0 0.711446 0.655374 0.049805 0.049927
0 0.697969 0.663886 0.049805 0.049927
0 0.690691 0.650510 0.049805 0.049927
0 0.799590 0.680099 0.049805 0.049927
0 0.782339 0.686584 0.049805 0.049927
0 0.807946 0.678883 0.049805 0.049927
0 0.786652 0.646457 0.049805 0.049927
0 0.778296 0.641593 0.049805 0.049927
0 0.670205 0.670675 0.049805 0.049927
0 0.731393 0.655273 0.049805 0.049927
0 0.752688 0.642303 0.049805 0.049927
0 0.743119 0.636223 0.049805 0.049927
0 0.750262 0.635412 0.049805 0.049927
0 0.754710 0.633386 0.049805 0.049927
0 0.765627 0.634601 0.049805 0.049927
0 0.730180 0.646558 0.049805 0.049927
0 0.817785 0.655475 0.049805 0.049927
0 0.828298 0.656894 0.049805 0.049927
0 0.818324 0.662974 0.049805 0.049927
0 0.823176 0.673107 0.049805 0.049927
0 0.800668 0.644126 0.049805 0.049927
0 0.792447 0.633993 0.049805 0.049927
0 0.812394 0.630751 0.049805 0.049927
0 0.821559 0.638452 0.049805 0.049927
0 0.842988 0.657299 0.049805 0.049927
0 0.844066 0.683645 0.049805 0.049927
0 0.828028 0.697831 0.049805 0.049927
0 0.836654 0.703708 0.049805 0.049927
0 0.798512 0.649598 0.049805 0.049927
0 0.793930 0.640073 0.049805 0.049927
0 0.844201 0.646153 0.049805 0.049927
0 0.827085 0.637236 0.049805 0.049927
0 0.836384 0.641492 0.049805 0.049927
0 0.858083 0.676856 0.049805 0.049927
0 0.851884 0.678883 0.049805 0.049927
0 0.853231 0.659833 0.049805 0.049927
0 0.868326 0.681720 0.049805 0.049927
0 0.882343 0.691448 0.049805 0.049927
0 0.897708 0.678883 0.049805 0.049927
0 0.908759 0.679693 0.049805 0.049927
0 0.910377 0.712524 0.049805 0.049927
0 0.892856 0.712524 0.049805 0.049927
0 0.850536 0.650814 0.049805 0.049927
0 0.874930 0.663176 0.049805 0.049927
0 0.909837 0.665203 0.049805 0.049927
0 0.912937 0.657502 0.049805 0.049927
0 0.935041 0.664595 0.049805 0.049927
0 0.941510 0.654665 0.049805 0.049927
0 0.941510 0.684253 0.049805 0.049927
0 0.928302 0.680200 0.049805 0.049927
0 0.860509 0.641897 0.049805 0.049927
0 0.879108 0.642911 0.049805 0.049927
0 0.876413 0.635209 0.049805 0.049927
0 0.875200 0.630751 0.049805 0.049927
0 0.887060 0.643518 0.049805 0.049927
0 0.895821 0.644329 0.049805 0.049927
0 0.903773 0.640479 0.049805 0.049927
0 0.907951 0.640479 0.049805 0.049927
0 0.893664 0.656489 0.049805 0.049927
0 0.923719 0.660745 0.049805 0.049927
0 0.927898 0.658110 0.049805 0.049927
0 0.927493 0.695602 0.049805 0.049927
0 0.900807 0.694791 0.049805 0.049927
0 0.825063 0.645849 0.049805 0.049927
0 0.861992 0.653955 0.049805 0.049927
0 0.877222 0.654969 0.049805 0.049927
0 0.816842 0.715969 0.049805 0.049927
0 0.848245 0.644481 0.049805 0.049927
0 0.853905 0.646710 0.049805 0.049927
0 0.851479 0.636679 0.049805 0.049927
0 0.843123 0.637084 0.049805 0.049927
0 0.830387 0.636375 0.049805 0.049927
0 0.828635 0.632930 0.049805 0.049927
0 0.821424 0.633841 0.049805 0.049927
0 0.821896 0.630295 0.049805 0.049927
0 0.859633 0.635868 0.049805 0.049927
0 0.867585 0.651068 0.049805 0.049927
0 0.860644 0.647217 0.049805 0.049927
0 0.840158 0.674677 0.049805 0.049927
0 0.841371 0.668902 0.049805 0.049927
0 0.843999 0.640935 0.049805 0.049927
0 0.871628 0.635361 0.049805 0.049927
0 0.860038 0.629991 0.049805 0.049927
0 0.823513 0.631815 0.049805 0.049927
0 0.921210 0.716577 0.049805 0.049927
0 0.935227 0.699554 0.049805 0.049927
0 0.963261 0.702391 0.049805 0.049927
0 0.977008 0.706444 0.049805 0.049927
0 0.428270 0.744950 0.049805 0.049927
0 0.424496 0.637945 0.049805 0.049927
0 0.497545 0.646457 0.049805 0.049927
0 0.488920 0.645241 0.049805 0.049927
0 0.478946 0.674424 0.049805 0.049927
0 0.516684 0.690637 0.049805 0.049927
0 0.518031 0.676451 0.049805 0.049927
0 0.523692 0.649294 0.049805 0.049927
0 0.526657 0.658211 0.049805 0.049927
0 0.554151 0.649294 0.049805 0.049927
0 0.561699 0.643620 0.049805 0.049927
0 0.549030 0.645646 0.049805 0.049927
0 0.590541 0.667939 0.049805 0.049927
0 0.586228 0.644836 0.049805 0.049927
0 0.628818 0.714551 0.049805 0.049927
0 0.506171 0.649700 0.049805 0.049927
0 0.382042 0.673309 0.049805 0.049927
0 0.387837 0.669459 0.049805 0.049927
0 0.398080 0.660745 0.049805 0.049927
0 0.421801 0.644937 0.049805 0.049927
0 0.461425 0.645545 0.049805 0.049927
0 0.451856 0.638047 0.049805 0.049927
0 0.442152 0.653651 0.049805 0.049927
0 0.009530 0.709484 0.049805 0.049927
0 0.971446 0.667027 0.049805 0.049927
0 0.977915 0.666216 0.049805 0.049927
0 0.955542 0.681619 0.049805 0.049927
0 0.943682 0.668446 0.049805 0.049927
0 0.956620 0.653651 0.049805 0.049927
0 0.945568 0.654259 0.049805 0.049927
0 0.921848 0.649396 0.049805 0.049927
0 0.919287 0.641289 0.049805 0.049927
0 0.907157 0.648585 0.049805 0.049927
0 0.907292 0.633791 0.049805 0.049927
0 0.933978 0.634399 0.049805 0.049927
0 0.923061 0.637439 0.049805 0.049927
0 0.927374 0.635817 0.049805 0.049927
0 0.923869 0.632778 0.049805 0.049927
0 0.917804 0.679795 0.049805 0.049927
0 0.917804 0.664798 0.049805 0.049927
0 0.939908 0.647774 0.049805 0.049927
0 0.947321 0.645748 0.049805 0.049927
0 0.973602 0.650612 0.049805 0.049927
0 0.991662 0.668851 0.049805 0.049927
0 0.913357 0.637236 0.049805 0.049927
0 0.919287 0.636425 0.049805 0.049927
0 0.879393 0.673613 0.049805 0.049927
0 0.899610 0.632879 0.049805 0.049927
0 0.898666 0.628218 0.049805 0.049927
0 0.865107 0.632879 0.049805 0.049927
0 0.919691 0.633487 0.049805 0.049927
0 0.915783 0.636324 0.049805 0.049927
0 0.914839 0.631460 0.049805 0.049927
0 0.913087 0.632474 0.049805 0.049927
0 0.961876 0.658009 0.049805 0.049927
0 0.961203 0.665710 0.049805 0.049927
0 0.946108 0.636324 0.049805 0.049927
0 0.948938 0.636121 0.049805 0.049927
0 0.952038 0.646457 0.049805 0.049927
0 0.952038 0.653753 0.049805 0.049927
0 0.956485 0.633892 0.049805 0.049927
0 0.958911 0.626191 0.049805 0.049927
0 0.966863 0.630447 0.049805 0.049927
0 0.969963 0.631055 0.049805 0.049927
0 0.918613 0.624367 0.049805 0.049927
0 0.917939 0.629028 0.049805 0.049927
0 0.900688 0.623962 0.049805 0.049927
0 0.871307 0.649041 0.049805 0.049927
0 0.792867 0.655982 0.049805 0.049927
0 0.793271 0.665710 0.049805 0.049927
0 0.788688 0.675640 0.049805 0.049927
0 0.775211 0.636932 0.049805 0.049927
0 0.789767 0.637540 0.049805 0.049927
0 0.807018 0.631460 0.049805 0.049927
0 0.816722 0.630447 0.049805 0.049927
0 0.817531 0.632676 0.049805 0.049927
0 0.819418 0.644633 0.049805 0.049927
0 0.808770 0.645241 0.049805 0.049927
0 0.815239 0.685570 0.049805 0.049927
0 0.814970 0.641593 0.049805 0.049927
0 0.832895 0.646660 0.049805 0.049927
0 0.848125 0.667128 0.049805 0.049927
0 0.855538 0.639567 0.049805 0.049927
0 0.709010 0.645241 0.049805 0.049927
0 0.722757 0.638148 0.049805 0.049927
0 0.734483 0.639769 0.049805 0.049927
0 0.727474 0.635513 0.049805 0.049927
0 0.744186 0.648281 0.049805 0.049927
0 0.748904 0.640783 0.049805 0.049927
0 0.744995 0.641796 0.049805 0.049927
0 0.738391 0.645038 0.049805 0.049927
0 0.779363 0.636527 0.049805 0.049927
0 0.782059 0.635716 0.049805 0.049927
0 0.783811 0.633892 0.049805 0.049927
0 0.757260 0.636729 0.049805 0.049927
0 0.803892 0.637540 0.049805 0.049927
0 0.662522 0.649396 0.049805 0.049927
0 0.664679 0.642708 0.049805 0.049927
0 0.654975 0.645950 0.049805 0.049927
0 0.675596 0.637641 0.049805 0.049927
0 0.667240 0.638452 0.049805 0.049927
0 0.684626 0.641492 0.049805 0.049927
0 0.681391 0.640276 0.049805 0.049927
0 0.676674 0.654665 0.049805 0.049927
0 0.689747 0.640884 0.049805 0.049927
0 0.697160 0.638047 0.049805 0.049927
0 0.705381 0.637033 0.049805 0.049927
0 0.706055 0.640479 0.049805 0.049927
0 0.702282 0.641289 0.049805 0.049927
0 0.739076 0.652233 0.049805 0.049927
0 0.735841 0.636223 0.049805 0.049927
0 0.712794 0.641897 0.049805 0.049927
0 0.716029 0.639465 0.049805 0.049927
0 0.678291 0.646153 0.049805 0.049927
0 0.638128 0.639871 0.049805 0.049927
0 0.639476 0.657907 0.049805 0.049927
0 0.651201 0.658718 0.049805 0.049927
0 0.650123 0.654057 0.049805 0.049927
0 0.897453 0.639060 0.049805 0.049927
0 0.895297 0.633993 0.049805 0.049927
0 0.944490 0.617375 0.049805 0.049927
0 0.942873 0.619199 0.049805 0.049927
0 0.940986 0.619199 0.049805 0.049927
0 0.938156 0.618186 0.049805 0.049927
0 0.927374 0.622239 0.049805 0.049927
0 0.925756 0.622239 0.049805 0.049927
0 0.923600 0.622239 0.049805 0.049927
0 0.946512 0.630548 0.049805 0.049927
0 0.941390 0.627914 0.049805 0.049927
0 0.936404 0.640073 0.049805 0.049927
0 0.931686 0.640884 0.049805 0.049927
0 0.901362 0.649801 0.049805 0.049927
0 0.951633 0.641087 0.049805 0.049927
0 0.943008 0.644126 0.049805 0.049927
0 0.943412 0.639060 0.049805 0.049927
0 0.938964 0.640681 0.049805 0.049927
0 0.944760 0.622037 0.049805 0.049927
0 0.954059 0.617781 0.049805 0.049927
0 0.951633 0.619402 0.049805 0.049927
0 0.929597 0.613170 0.049805 0.049927
0 0.928856 0.626444 0.049805 0.049927
0 0.942401 0.634956 0.049805 0.049927
0 0.934045 0.632626 0.049805 0.049927
0 0.939706 0.631106 0.049805 0.049927
0 0.951094 0.627154 0.049805 0.049927
0 0.950623 0.632828 0.049805 0.049927
0 0.948399 0.631714 0.049805 0.049927
0 0.926026 0.631612 0.049805 0.049927
0 0.926363 0.615906 0.049805 0.049927
0 0.917265 0.618845 0.049805 0.049927
0 0.919489 0.618845 0.049805 0.049927
0 0.914839 0.624823 0.049805 0.049927
0 0.946310 0.617325 0.049805 0.049927
0 0.949881 0.614994 0.049805 0.049927
0 0.947455 0.620770 0.049805 0.049927
0 0.947792 0.626951 0.049805 0.049927
0 0.957092 0.621682 0.049805 0.049927
0 0.958979 0.622493 0.049805 0.049927
0 0.955811 0.615501 0.049805 0.049927
0 0.959248 0.643366 0.049805 0.049927
0 0.953790 0.642556 0.049805 0.049927
0 0.965044 0.635767 0.049805 0.049927
0 0.966594 0.641137 0.049805 0.049927
0 0.910055 0.629991 0.049805 0.049927
0 0.912076 0.641340 0.049805 0.049927
0 0.948062 0.624316 0.049805 0.049927
0 0.960394 0.629738 0.049805 0.049927
0 0.961337 0.648990 0.049805 0.049927
0 0.965111 0.652030 0.049805 0.049927
0 0.969828 0.649193 0.049805 0.049927
0 0.969963 0.641289 0.049805 0.049927
0 0.975758 0.636628 0.049805 0.049927
0 0.978993 0.639060 0.049805 0.049927
0 0.985597 0.638655 0.049805 0.049927
0 0.982362 0.634399 0.049805 0.049927
0 0.979128 0.630751 0.049805 0.049927
0 0.986136 0.654665 0.049805 0.049927
0 0.990719 0.646153 0.049805 0.049927
0 0.992201 0.640479 0.049805 0.049927
0 0.996514 0.647166 0.049805 0.049927
0 0.984923 0.634399 0.049805 0.049927
0 0.973198 0.626292 0.049805 0.049927
0 0.924543 0.626292 0.049805 0.049927
0 0.905270 0.621631 0.049805 0.049927
0 0.907561 0.626495 0.049805 0.049927
0 0.905270 0.628116 0.049805 0.049927
0 0.878045 0.619605 0.049805 0.049927
0 0.974815 0.641087 0.049805 0.049927
0 0.975219 0.646761 0.049805 0.049927
0 0.883841 0.642911 0.049805 0.049927
0 0.900823 0.639465 0.049805 0.049927
0 0.901901 0.630548 0.049805 0.049927
0 0.918344 0.617375 0.049805 0.049927
0 0.290404 0.653955 0.049805 0.049927
0 0.813607 0.670371 0.049805 0.049927
0 0.808485 0.658617 0.049805 0.049927
0 0.833015 0.657806 0.049805 0.049927
0 0.838945 0.637439 0.049805 0.049927
0 0.843393 0.627103 0.049805 0.049927
0 0.838675 0.631562 0.049805 0.049927
0 0.852827 0.625482 0.049805 0.049927
0 0.857409 0.624874 0.049805 0.049927
0 0.885847 0.663379 0.049805 0.049927
0 0.884904 0.653246 0.049805 0.049927
0 0.870213 0.628116 0.049805 0.049927
0 0.866979 0.626090 0.049805 0.049927
0 0.875874 0.623050 0.049805 0.049927
0 0.902357 0.660086 0.049805 0.049927
0 0.908288 0.654006 0.049805 0.049927
0 0.932817 0.620365 0.049805 0.049927
0 0.935378 0.620973 0.049805 0.049927
0 0.898433 0.619199 0.049805 0.049927
0 0.895333 0.628116 0.049805 0.049927
0 0.895737 0.626292 0.049805 0.049927
0 0.896142 0.622645 0.049805 0.049927
0 0.877812 0.627306 0.049805 0.049927
0 0.889268 0.619605 0.049805 0.049927
0 0.881721 0.621429 0.049805 0.049927
0 0.884281 0.619807 0.049805 0.049927
0 0.902476 0.617781 0.049805 0.049927
0 0.910832 0.622645 0.049805 0.049927
0 0.894794 0.667838 0.049805 0.049927
0 0.368248 0.651248 0.049805 0.049927
0 0.367249 0.642235 0.049805 0.049927
0 0.219397 0.666270 0.049805 0.049927
0 0.077539 0.670776 0.049805 0.049927