0 0.502276 0.743382 0.049805 0.049635
0 0.463315 0.647804 0.049805 0.049635
0 0.469309 0.559694 0.049805 0.049635
0 0.389389 0.597029 0.049805 0.049635
0 0.311467 0.519372 0.049805 0.049635
0 0.343435 0.519372 0.049805 0.049635
0 0.281497 0.613456 0.049805 0.049635
0 0.255523 0.580601 0.049805 0.049635
0 0.239539 0.688126 0.049805 0.049635
0 0.245533 0.870320 0.049805 0.049635
0 0.154623 0.701566 0.049805 0.049635
0 0.206571 0.623910 0.049805 0.049635
0 0.210567 0.553720 0.049805 0.049635
0 0.098679 0.608976 0.049805 0.049635
0 0.100677 0.605989 0.049805 0.049635
0 0.570208 0.619430 0.049805 0.049635
0 0.645133 0.870320 0.049805 0.049635
0 0.741037 0.816558 0.049805 0.049635
0 0.688090 0.659751 0.049805 0.049635
0 0.717061 0.614949 0.049805 0.049635
0 0.819958 0.595535 0.049805 0.049635
0 0.882895 0.564174 0.049805 0.049635
0 0.934843 0.712020 0.049805 0.049635
0 0.992785 0.644817 0.049805 0.049635
0 0.954823 0.479050 0.049805 0.049635
0 0.889888 0.468596 0.049805 0.049635
0 0.901876 0.399900 0.049805 0.049635
0 0.865912 0.389446 0.049805 0.049635
0 0.063714 0.529826 0.049805 0.049635
0 0.028749 0.598522 0.049805 0.049635
0 0.032745 0.519372 0.049805 0.049635
0 0.015762 0.501451 0.049805 0.049635
0 0.023754 0.483530 0.049805 0.049635
0 0.056721 0.486517 0.049805 0.049635
0 0.086691 0.496971 0.049805 0.049635
0 0.110667 0.474570 0.049805 0.049635
0 0.110667 0.519372 0.049805 0.049635
0 0.139638 0.513398 0.049805 0.049635
0 0.171606 0.489504 0.049805 0.049635
0 0.214563 0.516385 0.049805 0.049635
0 0.244534 0.513398 0.049805 0.049635
0 0.245533 0.474570 0.049805 0.049635
0 0.255523 0.495478 0.049805 0.049635
0 0.259519 0.529826 0.049805 0.049635
0 0.015013 0.442462 0.049805 0.049635
0 0.024504 0.437982 0.049805 0.049635
0 0.039988 0.436488 0.049805 0.049635
0 0.047481 0.423048 0.049805 0.049635
0 0.045982 0.450676 0.049805 0.049635
0 0.065962 0.445449 0.049805 0.049635
0 0.079449 0.457396 0.049805 0.049635
0 0.076951 0.433502 0.049805 0.049635
0 0.062965 0.416328 0.049805 0.049635
0 0.064963 0.384966 0.049805 0.049635
0 0.041487 0.391687 0.049805 0.049635
0 0.021007 0.425288 0.049805 0.049635
0 0.011517 0.422301 0.049805 0.049635
0 0.024004 0.401394 0.049805 0.049635
0 0.089439 0.388700 0.049805 0.049635
0 0.100927 0.384220 0.049805 0.049635
0 0.115912 0.379739 0.049805 0.049635
0 0.131896 0.378993 0.049805 0.049635
0 0.104923 0.394673 0.049805 0.049635
0 0.101427 0.402887 0.049805 0.049635
0 0.095932 0.416328 0.049805 0.049635
0 0.003525 0.407367 0.049805 0.049635
0 0.117411 0.440969 0.049805 0.049635
0 0.127900 0.449929 0.049805 0.049635
0 0.154873 0.484277 0.049805 0.049635
0 0.157371 0.442462 0.049805 0.049635
0 0.159868 0.427528 0.049805 0.049635
0 0.140887 0.427528 0.049805 0.049635
0 0.128400 0.412594 0.049805 0.049635
0 0.136891 0.402887 0.049805 0.049635
0 0.151377 0.405874 0.049805 0.049635
0 0.143385 0.387953 0.049805 0.049635
0 0.161866 0.373019 0.049805 0.049635
0 0.161866 0.394673 0.049805 0.049635
0 0.160368 0.412594 0.049805 0.049635
0 0.170857 0.409607 0.049805 0.049635
0 0.182845 0.408861 0.049805 0.049635
0 0.177351 0.396167 0.049805 0.049635
0 0.180348 0.390940 0.049805 0.049635
0 0.177850 0.370779 0.049805 0.049635
0 0.195832 0.369286 0.049805 0.049635
0 0.193834 0.390940 0.049805 0.049635
0 0.205822 0.397660 0.049805 0.049635
0 0.209319 0.384966 0.049805 0.049635
0 0.220807 0.364805 0.049805 0.049635
0 0.204324 0.369286 0.049805 0.049635
0 0.209319 0.417074 0.049805 0.049635
0 0.214813 0.406621 0.049805 0.049635
0 0.196831 0.436488 0.049805 0.049635
0 0.186342 0.427528 0.049805 0.049635
0 0.203824 0.469343 0.049805 0.049635
0 0.222306 0.474570 0.049805 0.049635
0 0.245283 0.403634 0.049805 0.049635
0 0.227301 0.399154 0.049805 0.049635
0 0.233794 0.387953 0.049805 0.049635
0 0.221806 0.383473 0.049805 0.049635
0 0.233295 0.373019 0.049805 0.049635
0 0.259768 0.393927 0.049805 0.049635
0 0.269758 0.379739 0.049805 0.049635
0 0.272256 0.394673 0.049805 0.049635
0 0.283744 0.387953 0.049805 0.049635
0 0.280747 0.369286 0.049805 0.049635
0 0.260767 0.358085 0.049805 0.049635
0 0.252276 0.367792 0.049805 0.049635
0 0.279748 0.431262 0.049805 0.049635
0 0.267261 0.470090 0.049805 0.049635
0 0.293734 0.460383 0.049805 0.049635
0 0.288240 0.479797 0.049805 0.049635
0 0.322206 0.441715 0.049805 0.049635
0 0.349179 0.436488 0.049805 0.049635
0 0.325702 0.400647 0.049805 0.049635
0 0.309219 0.387206 0.049805 0.049635
0 0.301726 0.370779 0.049805 0.049635
0 0.294733 0.379739 0.049805 0.049635
0 0.291237 0.363312 0.049805 0.049635
0 0.297730 0.346138 0.049805 0.049635
0 0.311217 0.347631 0.049805 0.049635
0 0.341686 0.349125 0.049805 0.049635
0 0.336691 0.346885 0.049805 0.049635
0 0.349678 0.346138 0.049805 0.049635
0 0.329199 0.378993 0.049805 0.049635
0 0.314713 0.378993 0.049805 0.049635
0 0.353674 0.383473 0.049805 0.049635
0 0.346681 0.376753 0.049805 0.049635
0 0.358669 0.359578 0.049805 0.049635
0 0.342186 0.370032 0.049805 0.049635
0 0.370657 0.388700 0.049805 0.049635
0 0.364164 0.376753 0.049805 0.049635
0 0.358170 0.382726 0.049805 0.049635
0 0.373654 0.376006 0.049805 0.049635
0 0.370657 0.363312 0.049805 0.049635
0 0.373654 0.355845 0.049805 0.049635
0 0.386641 0.377499 0.049805 0.049635
0 0.388639 0.395420 0.049805 0.049635
0 0.380148 0.344645 0.049805 0.049635
0 0.390637 0.342404 0.049805 0.049635
0 0.399129 0.375259 0.049805 0.049635
0 0.405622 0.373766 0.049805 0.049635
0 0.411117 0.371526 0.049805 0.049635
0 0.417610 0.364805 0.049805 0.049635
0 0.421606 0.379739 0.049805 0.049635
0 0.419608 0.412594 0.049805 0.049635
0 0.334693 0.464863 0.049805 0.049635
0 0.315712 0.467850 0.049805 0.049635
0 0.447580 0.379739 0.049805 0.049635
0 0.439588 0.373766 0.049805 0.049635
0 0.424603 0.355098 0.049805 0.049635
0 0.420607 0.341658 0.049805 0.049635
0 0.453824 0.367792 0.049805 0.049635
0 0.439838 0.359578 0.049805 0.049635
0 0.448330 0.346885 0.049805 0.049635
0 0.455822 0.351365 0.049805 0.049635
0 0.461816 0.348378 0.049805 0.049635
0 0.463814 0.362565 0.049805 0.049635
0 0.469808 0.374512 0.049805 0.049635
0 0.474803 0.362565 0.049805 0.049635
0 0.482296 0.366299 0.049805 0.049635
0 0.485792 0.378246 0.049805 0.049635
0 0.492286 0.368539 0.049805 0.049635
0 0.509768 0.377499 0.049805 0.049635
0 0.519259 0.378993 0.049805 0.049635
0 0.527750 0.370779 0.049805 0.049635
0 0.520258 0.357338 0.049805 0.049635
0 0.510268 0.301336 0.049805 0.049635
0 0.470308 0.338671 0.049805 0.049635
0 0.474304 0.344645 0.049805 0.049635
0 0.477301 0.333444 0.049805 0.049635
0 0.485792 0.336431 0.049805 0.049635
0 0.482296 0.343898 0.049805 0.049635
0 0.491786 0.328217 0.049805 0.049635
0 0.494284 0.317763 0.049805 0.049635
0 0.507770 0.332697 0.049805 0.049635
0 0.512266 0.324484 0.049805 0.049635
0 0.520258 0.302083 0.049805 0.049635
0 0.515762 0.324484 0.049805 0.049635
0 0.525752 0.342404 0.049805 0.049635
0 0.509768 0.365552 0.049805 0.049635
0 0.531247 0.346138 0.049805 0.049635
0 0.533744 0.325977 0.049805 0.049635
0 0.541237 0.312536 0.049805 0.049635
0 0.553225 0.314777 0.049805 0.049635
0 0.549728 0.337924 0.049805 0.049635
0 0.541736 0.339418 0.049805 0.049635
0 0.534244 0.363312 0.049805 0.049635
0 0.543734 0.357338 0.049805 0.049635
0 0.548729 0.349871 0.049805 0.049635
0 0.542236 0.373019 0.049805 0.049635
0 0.558220 0.373019 0.049805 0.049635
0 0.548230 0.373019 0.049805 0.049635
0 0.570208 0.361072 0.049805 0.049635
0 0.572705 0.375259 0.049805 0.049635
0 0.579199 0.369286 0.049805 0.049635
0 0.565712 0.328964 0.049805 0.049635
0 0.561217 0.328217 0.049805 0.049635
0 0.587690 0.331204 0.049805 0.049635
0 0.579698 0.330457 0.049805 0.049635
0 0.592186 0.357338 0.049805 0.049635
0 0.587191 0.372272 0.049805 0.049635
0 0.601676 0.378246 0.049805 0.049635
0 0.616162 0.387206 0.049805 0.049635
0 0.583195 0.422301 0.049805 0.049635
0 0.608170 0.353605 0.049805 0.049635
0 0.605672 0.363312 0.049805 0.049635
0 0.619159 0.366299 0.049805 0.049635
0 0.628150 0.365552 0.049805 0.049635
0 0.631646 0.354352 0.049805 0.049635
0 0.629149 0.333444 0.049805 0.049635
0 0.614663 0.336431 0.049805 0.049635
0 0.609668 0.333444 0.049805 0.049635
0 0.593684 0.328217 0.049805 0.049635
0 0.607670 0.327470 0.049805 0.049635
0 0.602675 0.334191 0.049805 0.049635
0 0.615662 0.325230 0.049805 0.049635
0 0.619658 0.325977 0.049805 0.049635
0 0.631646 0.312536 0.049805 0.049635
0 0.619658 0.314030 0.049805 0.049635
0 0.640138 0.324484 0.049805 0.049635
0 0.648130 0.302083 0.049805 0.049635
0 0.646631 0.315523 0.049805 0.049635
0 0.656621 0.312536 0.049805 0.049635
0 0.652625 0.323737 0.049805 0.049635
0 0.657620 0.334937 0.049805 0.049635
0 0.654124 0.354352 0.049805 0.049635
0 0.640637 0.367045 0.049805 0.049635
0 0.639638 0.346885 0.049805 0.049635
0 0.665612 0.369286 0.049805 0.049635
0 0.666112 0.354352 0.049805 0.049635
0 0.665612 0.334937 0.049805 0.049635
0 0.683594 0.332697 0.049805 0.049635
0 0.677600 0.339418 0.049805 0.049635
0 0.682595 0.351365 0.049805 0.049635
0 0.677101 0.359578 0.049805 0.049635
0 0.684094 0.370032 0.049805 0.049635
0 0.713564 0.366299 0.049805 0.049635
0 0.719558 0.369286 0.049805 0.049635
0 0.729549 0.364805 0.049805 0.049635
0 0.729049 0.354352 0.049805 0.049635
0 0.707071 0.354352 0.049805 0.049635
0 0.703075 0.337924 0.049805 0.049635
0 0.695083 0.330457 0.049805 0.049635
0 0.689588 0.327470 0.049805 0.049635
0 0.691586 0.311043 0.049805 0.049635
0 0.680597 0.299843 0.049805 0.049635
0 0.704573 0.314030 0.049805 0.049635
0 0.715562 0.321497 0.049805 0.049635
0 0.726552 0.293869 0.049805 0.049635
0 0.707570 0.296856 0.049805 0.049635
0 0.725053 0.320003 0.049805 0.049635
0 0.739039 0.336431 0.049805 0.049635
0 0.739539 0.357338 0.049805 0.049635
0 0.748530 0.349871 0.049805 0.049635
0 0.758520 0.364059 0.049805 0.049635
0 0.769509 0.366299 0.049805 0.049635
0 0.766512 0.349125 0.049805 0.049635
0 0.777001 0.347631 0.049805 0.049635
0 0.775503 0.327470 0.049805 0.049635
0 0.788989 0.337178 0.049805 0.049635
0 0.802975 0.358832 0.049805 0.049635
0 0.788490 0.352858 0.049805 0.049635
0 0.801976 0.375259 0.049805 0.049635
0 0.814464 0.365552 0.049805 0.049635
0 0.826452 0.360325 0.049805 0.049635
0 0.836941 0.360325 0.049805 0.049635
0 0.784244 0.317017 0.049805 0.049635
0 0.787740 0.309550 0.049805 0.049635
0 0.777750 0.299096 0.049805 0.049635
0 0.787740 0.295362 0.049805 0.049635
0 0.797730 0.292376 0.049805 0.049635
0 0.795233 0.296856 0.049805 0.049635
0 0.805722 0.311043 0.049805 0.049635
0 0.809718 0.307310 0.049805 0.049635
0 0.817710 0.322990 0.049805 0.049635
0 0.823704 0.317763 0.049805 0.049635
0 0.830697 0.305070 0.049805 0.049635
0 0.820208 0.290136 0.049805 0.049635
0 0.842685 0.314030 0.049805 0.049635
0 0.852675 0.311043 0.049805 0.049635
0 0.858669 0.308056 0.049805 0.049635
0 0.860168 0.296109 0.049805 0.049635
0 0.853674 0.291629 0.049805 0.049635
0 0.845183 0.295362 0.049805 0.049635
0 0.697331 0.311790 0.049805 0.049635
0 0.887640 0.319257 0.049805 0.049635
0 0.868160 0.311043 0.049805 0.049635
0 0.915612 0.361819 0.049805 0.049635
0 0.879149 0.355098 0.049805 0.049635
0 0.872156 0.358832 0.049805 0.049635
0 0.921606 0.338671 0.049805 0.049635
0 0.917610 0.325977 0.049805 0.049635
0 0.912116 0.307310 0.049805 0.049635
0 0.906621 0.305816 0.049805 0.049635
0 0.895632 0.306563 0.049805 0.049635
0 0.897630 0.288642 0.049805 0.049635
0 0.910118 0.287149 0.049805 0.049635
0 0.917610 0.290136 0.049805 0.049635
0 0.926102 0.301336 0.049805 0.049635
0 0.933594 0.291629 0.049805 0.049635
0 0.947580 0.314030 0.049805 0.049635
0 0.947081 0.302083 0.049805 0.049635
0 0.934094 0.312536 0.049805 0.049635
0 0.926102 0.311043 0.049805 0.049635
0 0.939588 0.298349 0.049805 0.049635
0 0.954074 0.305070 0.049805 0.049635
0 0.959069 0.293122 0.049805 0.049635
0 0.964563 0.305070 0.049805 0.049635
0 0.958569 0.300589 0.049805 0.049635
0 0.973555 0.308803 0.049805 0.049635
0 0.977051 0.305070 0.049805 0.049635
0 0.969558 0.294616 0.049805 0.049635
0 0.982546 0.302829 0.049805 0.049635
0 0.988040 0.290136 0.049805 0.049635
0 0.997031 0.284162 0.049805 0.049635
0 0.976552 0.337178 0.049805 0.049635
0 0.944084 0.363312 0.049805 0.049635
0 0.978050 0.372272 0.049805 0.049635
0 0.993784 0.346138 0.049805 0.049635
0 0.986791 0.334191 0.049805 0.049635