0 0.200345 0.955926 0.049805 0.049780
0 0.362615 0.933155 0.049805 0.049780
0 0.275485 0.617962 0.049805 0.049780
0 0.342631 0.637137 0.049805 0.049780
0 0.338634 0.590397 0.049805 0.049780
0 0.353023 0.584405 0.049805 0.049780
0 0.311456 0.519688 0.049805 0.049780
0 0.275485 0.494521 0.049805 0.049780
0 0.267491 0.553245 0.049805 0.049780
0 0.262695 0.501711 0.049805 0.049780
0 0.236316 0.511299 0.049805 0.049780
0 0.213135 0.519688 0.049805 0.049780
0 0.209138 0.565230 0.049805 0.049780
0 0.198746 0.609572 0.049805 0.049780
0 0.160377 0.687472 0.049805 0.049780
0 0.034078 0.812111 0.049805 0.049780
0 0.187555 0.807318 0.049805 0.049780
0 0.167571 0.484933 0.049805 0.049780
0 0.150785 0.502910 0.049805 0.049780
0 0.147587 0.469353 0.049805 0.049780
0 0.190753 0.452575 0.049805 0.049780
0 0.165973 0.407033 0.049805 0.049780
0 0.138794 0.417820 0.049805 0.049780
0 0.153982 0.395049 0.049805 0.049780
0 0.206740 0.409430 0.049805 0.049780
0 0.223526 0.454972 0.049805 0.049780
0 0.205941 0.454972 0.049805 0.049780
0 0.214734 0.446582 0.049805 0.049780
0 0.208339 0.431003 0.049805 0.049780
0 0.232319 0.434598 0.049805 0.049780
0 0.256300 0.395049 0.049805 0.049780
0 0.276284 0.415423 0.049805 0.049780
0 0.252303 0.431003 0.049805 0.049780
0 0.273087 0.451376 0.049805 0.049780
0 0.293870 0.447781 0.049805 0.049780
0 0.293870 0.411827 0.049805 0.049780
0 0.329042 0.489727 0.049805 0.049780
0 0.352224 0.506505 0.049805 0.049780
0 0.341032 0.506505 0.049805 0.049780
0 0.386596 0.523284 0.049805 0.049780
0 0.412975 0.490925 0.049805 0.049780
0 0.420969 0.447781 0.049805 0.049780
0 0.410577 0.407033 0.049805 0.049780
0 0.417771 0.387858 0.049805 0.049780
0 0.412975 0.372278 0.049805 0.049780
0 0.446548 0.385461 0.049805 0.049780
0 0.436956 0.381866 0.049805 0.049780
0 0.428962 0.393850 0.049805 0.049780
0 0.429761 0.413026 0.049805 0.049780
0 0.442551 0.421415 0.049805 0.049780
0 0.463335 0.392652 0.049805 0.049780
0 0.472128 0.444186 0.049805 0.049780
0 0.460937 0.456170 0.049805 0.049780
0 0.447347 0.514894 0.049805 0.049780
0 0.432959 0.562833 0.049805 0.049780
0 0.427363 0.647923 0.049805 0.049780
0 0.450545 0.687472 0.049805 0.049780
0 0.500905 0.821699 0.049805 0.049780
0 0.564853 0.785745 0.049805 0.049780
0 0.555261 0.715037 0.049805 0.049780
0 0.585637 0.700655 0.049805 0.049780
0 0.546468 0.665900 0.049805 0.049780
0 0.514494 0.656312 0.049805 0.049780
0 0.500105 0.626351 0.049805 0.049780
0 0.556060 0.603580 0.049805 0.049780
0 0.476124 0.637137 0.049805 0.049780
0 0.540073 0.548451 0.049805 0.049780
0 0.560857 0.536467 0.049805 0.049780
0 0.468131 0.481338 0.049805 0.049780
0 0.484917 0.502910 0.049805 0.049780
0 0.508099 0.510101 0.049805 0.049780
0 0.525685 0.498116 0.049805 0.049780
0 0.524885 0.465758 0.049805 0.049780
0 0.510497 0.442987 0.049805 0.049780
0 0.533678 0.428606 0.049805 0.049780
0 0.500905 0.421415 0.049805 0.049780
0 0.484917 0.440590 0.049805 0.049780
0 0.494510 0.438193 0.049805 0.049780
0 0.469730 0.417820 0.049805 0.049780
0 0.472128 0.385461 0.049805 0.049780
0 0.466532 0.375874 0.049805 0.049780
0 0.603223 0.803722 0.049805 0.049780
0 0.655181 0.813310 0.049805 0.049780
0 0.723127 0.830088 0.049805 0.049780
0 0.763894 0.971506 0.049805 0.049780
0 0.834238 0.818104 0.049805 0.049780
0 0.796668 0.756982 0.049805 0.049780
0 0.856620 0.709044 0.049805 0.049780
0 0.914973 0.790539 0.049805 0.049780
0 0.905381 0.723426 0.049805 0.049780
0 0.975725 0.791738 0.049805 0.049780
0 0.959738 0.804921 0.049805 0.049780
0 0.991712 0.586802 0.049805 0.049780
0 0.968530 0.567626 0.049805 0.049780
0 0.882200 0.512498 0.049805 0.049780
0 0.861416 0.580809 0.049805 0.049780
0 0.831840 0.578413 0.049805 0.049780
0 0.809458 0.574817 0.049805 0.049780
0 0.744710 0.548451 0.049805 0.049780
0 0.730321 0.536467 0.049805 0.049780
0 0.700745 0.526879 0.049805 0.049780
0 0.666372 0.536467 0.049805 0.049780
0 0.672767 0.474147 0.049805 0.049780
0 0.621608 0.480139 0.049805 0.049780
0 0.588834 0.456170 0.049805 0.049780
0 0.607220 0.565230 0.049805 0.049780
0 0.632799 0.584405 0.049805 0.049780
0 0.678363 0.607176 0.049805 0.049780
0 0.612016 0.614366 0.049805 0.049780
0 0.639194 0.667098 0.049805 0.049780
0 0.631200 0.723426 0.049805 0.049780
0 0.666372 0.753387 0.049805 0.049780
0 0.683159 0.725823 0.049805 0.049780
0 0.808658 0.476544 0.049805 0.049780
0 0.798267 0.511299 0.049805 0.049780
0 0.792671 0.432201 0.049805 0.049780
0 0.818251 0.448979 0.049805 0.049780
0 0.757499 0.451376 0.049805 0.049780
0 0.972527 0.540062 0.049805 0.049780
0 0.636796 0.463361 0.049805 0.049780
0 0.655181 0.413026 0.049805 0.049780
0 0.651984 0.439392 0.049805 0.049780
0 0.578443 0.419018 0.049805 0.049780
0 0.572847 0.451376 0.049805 0.049780
0 0.566452 0.421415 0.049805 0.049780
0 0.538475 0.402240 0.049805 0.049780
0 0.188355 0.426209 0.049805 0.049780
0 0.554462 0.503209 0.049805 0.049780
0 0.574845 0.381566 0.049805 0.049780
0 0.452543 0.417520 0.049805 0.049780
0 0.473726 0.401940 0.049805 0.049780
0 0.608419 0.391753 0.049805 0.049780
0 0.603622 0.413325 0.049805 0.049780
0 0.594030 0.404337 0.049805 0.049780
0 0.584038 0.398345 0.049805 0.049780
0 0.591232 0.422913 0.049805 0.049780
0 0.657180 0.391753 0.049805 0.049780
0 0.484518 0.409131 0.049805 0.049780
0 0.291472 0.630246 0.049805 0.049780
0 0.587236 0.371379 0.049805 0.049780
0 0.591632 0.368982 0.049805 0.049780
0 0.579642 0.361192 0.049805 0.049780
0 0.639594 0.510400 0.049805 0.049780
0 0.428163 0.489427 0.049805 0.049780
0 0.621008 0.393701 0.049805 0.049780
0 0.590433 0.383214 0.049805 0.049780
0 0.598826 0.376023 0.049805 0.049780
0 0.154182 0.422913 0.049805 0.049780
0 0.248506 0.406135 0.049805 0.049780
0 0.233319 0.414524 0.049805 0.049780
0 0.148986 0.537965 0.049805 0.049780
0 0.170169 0.557140 0.049805 0.049780
0 0.212535 0.606277 0.049805 0.049780
0 0.413574 0.582308 0.049805 0.049780
0 0.176564 0.414524 0.049805 0.049780
0 0.285877 0.452575 0.049805 0.049780
0 0.294670 0.486131 0.049805 0.049780
0 0.225125 0.487330 0.049805 0.049780
0 0.452144 0.396247 0.049805 0.049780
0 0.893391 0.898400 0.049805 0.049780
0 0.928562 0.983491 0.049805 0.049780
0 0.876604 0.991880 0.049805 0.049780
0 0.793471 0.486131 0.049805 0.049780