0 0.018866 0.842187 0.049805 0.049419
0 0.094790 0.796093 0.049805 0.049419
0 0.041843 0.706880 0.049805 0.049419
0 0.075809 0.693498 0.049805 0.049419
0 0.027857 0.654839 0.049805 0.049419
0 0.044840 0.620641 0.049805 0.049419
0 0.029855 0.571574 0.049805 0.049419
0 0.076808 0.568600 0.049805 0.049419
0 0.031853 0.463031 0.049805 0.049419
0 0.050834 0.452623 0.049805 0.049419
0 0.005879 0.431806 0.049805 0.049419
0 0.007877 0.396121 0.049805 0.049419
0 0.041843 0.351515 0.049805 0.049419
0 0.066818 0.360436 0.049805 0.049419
0 0.046838 0.314342 0.049805 0.049419
0 0.011873 0.317316 0.049805 0.049419
0 0.428457 0.815423 0.049805 0.049419
0 0.369515 0.833265 0.049805 0.049419
0 0.376508 0.943295 0.049805 0.049419
0 0.336548 0.970059 0.049805 0.049419
0 0.333551 0.879359 0.049805 0.049419
0 0.302582 0.935860 0.049805 0.049419
0 0.253631 0.980467 0.049805 0.049419
0 0.218666 0.903149 0.049805 0.049419
0 0.207677 0.964111 0.049805 0.049419
0 0.178706 0.937347 0.049805 0.049419
0 0.192692 0.879359 0.049805 0.049419
0 0.166718 0.855569 0.049805 0.049419
0 0.113771 0.904636 0.049805 0.049419
0 0.110774 0.714315 0.049805 0.049419
0 0.109775 0.626588 0.049805 0.049419
0 0.096788 0.583469 0.049805 0.049419
0 0.133751 0.559678 0.049805 0.049419
0 0.125759 0.610233 0.049805 0.049419
0 0.174710 0.599824 0.049805 0.049419
0 0.191693 0.581982 0.049805 0.049419
0 0.166718 0.651865 0.049805 0.049419
0 0.175709 0.678629 0.049805 0.049419
0 0.227657 0.665247 0.049805 0.049419
0 0.243641 0.683090 0.049805 0.049419
0 0.301583 0.696472 0.049805 0.049419
0 0.323561 0.755947 0.049805 0.049419
0 0.334550 0.782711 0.049805 0.049419
0 0.287597 0.846647 0.049805 0.049419
0 0.359525 0.687551 0.049805 0.049419
0 0.225659 0.815423 0.049805 0.049419
0 0.102782 0.984928 0.049805 0.049419
0 0.417468 0.973033 0.049805 0.049419
0 0.463422 0.983441 0.049805 0.049419
0 0.493392 0.912070 0.049805 0.049419
0 0.579306 0.962624 0.049805 0.049419
0 0.564321 0.901662 0.049805 0.049419
0 0.533352 0.916531 0.049805 0.049419
0 0.564321 0.852595 0.049805 0.049419
0 0.627258 0.865977 0.049805 0.049419
0 0.609276 0.831778 0.049805 0.049419
0 0.626259 0.959651 0.049805 0.049419
0 0.649236 0.907610 0.049805 0.049419
0 0.672213 0.806501 0.049805 0.049419
0 0.624261 0.918018 0.049805 0.049419
0 0.723162 0.870437 0.049805 0.049419
0 0.762123 0.842187 0.049805 0.049419
0 0.663222 0.989388 0.049805 0.049419
0 0.684201 0.984928 0.049805 0.049419
0 0.733152 0.996823 0.049805 0.049419
0 0.779106 0.983441 0.049805 0.049419
0 0.828057 0.974519 0.049805 0.049419
0 0.808077 0.865977 0.049805 0.049419
0 0.828057 0.868951 0.049805 0.049419
0 0.982902 0.831778 0.049805 0.049419
0 0.990894 0.776764 0.049805 0.049419
0 0.983901 0.751487 0.049805 0.049419
0 0.964920 0.758921 0.049805 0.049419
0 0.932952 0.755947 0.049805 0.049419
0 0.889995 0.689037 0.049805 0.049419
0 0.863022 0.724723 0.049805 0.049419
0 0.867018 0.750000 0.049805 0.049419
0 0.874011 0.677142 0.049805 0.049419
0 0.831054 0.672682 0.049805 0.049419
0 0.810075 0.686064 0.049805 0.049419
0 0.471414 0.755947 0.049805 0.049419
0 0.403482 0.785685 0.049805 0.049419
0 0.398487 0.742565 0.049805 0.049419
0 0.429456 0.706880 0.049805 0.049419
0 0.443442 0.659300 0.049805 0.049419
0 0.516369 0.662274 0.049805 0.049419
0 0.531354 0.717288 0.049805 0.049419
0 0.562323 0.735131 0.049805 0.049419
0 0.566319 0.696472 0.049805 0.049419
0 0.595290 0.730670 0.049805 0.049419
0 0.627258 0.741078 0.049805 0.049419
0 0.652233 0.745539 0.049805 0.049419
0 0.681204 0.751487 0.049805 0.049419
0 0.661224 0.672682 0.049805 0.049419
0 0.671214 0.647405 0.049805 0.049419
0 0.709176 0.717288 0.049805 0.049419
0 0.734151 0.665247 0.049805 0.049419
0 0.715170 0.784198 0.049805 0.049419
0 0.491394 0.825831 0.049805 0.049419
0 0.506379 0.865977 0.049805 0.049419
0 0.477408 0.879359 0.049805 0.049419
0 0.396489 0.623615 0.049805 0.049419
0 0.348536 0.628075 0.049805 0.049419
0 0.361523 0.592390 0.049805 0.049419
0 0.338546 0.586442 0.049805 0.049419
0 0.322562 0.599824 0.049805 0.049419
0 0.284600 0.547783 0.049805 0.049419
0 0.266618 0.593877 0.049805 0.049419
0 0.273611 0.631049 0.049805 0.049419
0 0.234650 0.526967 0.049805 0.049419
0 0.187697 0.552244 0.049805 0.049419
0 0.164720 0.543323 0.049805 0.049419
0 0.080804 0.439241 0.049805 0.049419
0 0.101783 0.457083 0.049805 0.049419
0 0.112772 0.437754 0.049805 0.049419
0 0.123761 0.479387 0.049805 0.049419
0 0.140744 0.479387 0.049805 0.049419
0 0.196688 0.491282 0.049805 0.049419
0 0.183701 0.476413 0.049805 0.049419
0 0.195689 0.443701 0.049805 0.049419
0 0.163721 0.427346 0.049805 0.049419
0 0.148736 0.394634 0.049805 0.049419
0 0.156728 0.363410 0.049805 0.049419
0 0.162722 0.351515 0.049805 0.049419
0 0.135749 0.348541 0.049805 0.049419
0 0.114770 0.372331 0.049805 0.049419
0 0.102782 0.354488 0.049805 0.049419
0 0.090794 0.379765 0.049805 0.049419
0 0.086798 0.348541 0.049805 0.049419
0 0.072812 0.329211 0.049805 0.049419
0 0.044840 0.283118 0.049805 0.049419
0 0.055829 0.271223 0.049805 0.049419
0 0.084051 0.318431 0.049805 0.049419
0 0.089046 0.310253 0.049805 0.049419
0 0.082053 0.243344 0.049805 0.049419
0 0.095040 0.250035 0.049805 0.049419
0 0.106528 0.241113 0.049805 0.049419
0 0.118017 0.259699 0.049805 0.049419
0 0.118516 0.235909 0.049805 0.049419
0 0.125509 0.232935 0.049805 0.049419
0 0.127507 0.246317 0.049805 0.049419
0 0.142992 0.235166 0.049805 0.049419
0 0.151983 0.235166 0.049805 0.049419
0 0.136998 0.276055 0.049805 0.049419
0 0.136998 0.257469 0.049805 0.049419
0 0.149486 0.281259 0.049805 0.049419
0 0.111523 0.277542 0.049805 0.049419
0 0.120514 0.308767 0.049805 0.049419
0 0.106029 0.318431 0.049805 0.049419
0 0.100035 0.296872 0.049805 0.049419
0 0.095539 0.282746 0.049805 0.049419
0 0.144990 0.316944 0.049805 0.049419
0 0.153981 0.313227 0.049805 0.049419
0 0.115519 0.331070 0.049805 0.049419
0 0.199436 0.324379 0.049805 0.049419
0 0.203931 0.319918 0.049805 0.049419
0 0.197438 0.349656 0.049805 0.049419
0 0.187448 0.366012 0.049805 0.049419
0 0.187448 0.388315 0.049805 0.049419
0 0.204431 0.407644 0.049805 0.049419
0 0.156479 0.420283 0.049805 0.049419
0 0.211923 0.430691 0.049805 0.049419
0 0.225909 0.370472 0.049805 0.049419
0 0.236898 0.355603 0.049805 0.049419
0 0.240395 0.334787 0.049805 0.049419
0 0.237398 0.306536 0.049805 0.049419
0 0.242892 0.283490 0.049805 0.049419
0 0.220914 0.272338 0.049805 0.049419
0 0.209426 0.272338 0.049805 0.049419
0 0.210425 0.245574 0.049805 0.049419
0 0.215919 0.244087 0.049805 0.049419
0 0.222912 0.238883 0.049805 0.049419
0 0.182952 0.224014 0.049805 0.049419
0 0.174960 0.222527 0.049805 0.049419
0 0.183452 0.264903 0.049805 0.049419
0 0.167967 0.252265 0.049805 0.049419
0 0.169466 0.270108 0.049805 0.049419
0 0.173462 0.287950 0.049805 0.049419
0 0.195440 0.273081 0.049805 0.049419
0 0.188946 0.307280 0.049805 0.049419
0 0.255879 0.308767 0.049805 0.049419
0 0.262373 0.303562 0.049805 0.049419
0 0.277857 0.299102 0.049805 0.049419
0 0.257378 0.286463 0.049805 0.049419
0 0.259376 0.275312 0.049805 0.049419
0 0.268866 0.285720 0.049805 0.049419
0 0.285350 0.296128 0.049805 0.049419
0 0.301334 0.295385 0.049805 0.049419
0 0.288846 0.313227 0.049805 0.049419
0 0.275360 0.322149 0.049805 0.049419
0 0.261374 0.314714 0.049805 0.049419
0 0.264870 0.337761 0.049805 0.049419
0 0.249386 0.377163 0.049805 0.049419
0 0.277358 0.382367 0.049805 0.049419
0 0.308327 0.330326 0.049805 0.049419
0 0.299336 0.325122 0.049805 0.049419
0 0.312822 0.319175 0.049805 0.049419
0 0.322812 0.327353 0.049805 0.049419
0 0.316818 0.334044 0.049805 0.049419
0 0.319316 0.342965 0.049805 0.049419
0 0.310325 0.350399 0.049805 0.049419
0 0.325310 0.391289 0.049805 0.049419
0 0.284850 0.396493 0.049805 0.049419
0 0.290345 0.430691 0.049805 0.049419
0 0.282353 0.443330 0.049805 0.049419
0 0.295340 0.464146 0.049805 0.049419
0 0.305829 0.444817 0.049805 0.049419
0 0.257378 0.424000 0.049805 0.049419
0 0.245390 0.429204 0.049805 0.049419
0 0.248387 0.453738 0.049805 0.049419
0 0.225410 0.440356 0.049805 0.049419
0 0.256379 0.493884 0.049805 0.049419
0 0.309825 0.509496 0.049805 0.049419
0 0.264870 0.528826 0.049805 0.049419
0 0.313322 0.547412 0.049805 0.049419
0 0.340295 0.535517 0.049805 0.049419
0 0.337797 0.509496 0.049805 0.049419
0 0.363771 0.551129 0.049805 0.049419
0 0.383751 0.535517 0.049805 0.049419
0 0.375759 0.508753 0.049805 0.049419
0 0.399236 0.507266 0.049805 0.049419
0 0.402233 0.485706 0.049805 0.049419
0 0.430704 0.496858 0.049805 0.049419
0 0.445689 0.538490 0.049805 0.049419
0 0.447188 0.480502 0.049805 0.049419
0 0.462672 0.482732 0.049805 0.049419
0 0.447188 0.461916 0.049805 0.049419
0 0.456678 0.453738 0.049805 0.049419
0 0.470664 0.436639 0.049805 0.049419
0 0.435200 0.440356 0.049805 0.049419
0 0.422213 0.425487 0.049805 0.049419
0 0.448686 0.447047 0.049805 0.049419
0 0.458177 0.422513 0.049805 0.049419
0 0.460674 0.432921 0.049805 0.049419
0 0.347787 0.440356 0.049805 0.049419
0 0.338796 0.438869 0.049805 0.049419
0 0.357777 0.415822 0.049805 0.049419
0 0.351284 0.386085 0.049805 0.049419
0 0.362273 0.374190 0.049805 0.049419
0 0.346289 0.353373 0.049805 0.049419
0 0.334800 0.348169 0.049805 0.049419
0 0.333801 0.329583 0.049805 0.049419
0 0.282852 0.357090 0.049805 0.049419
0 0.312323 0.276055 0.049805 0.049419
0 0.299336 0.264903 0.049805 0.049419
0 0.280854 0.259699 0.049805 0.049419
0 0.263871 0.251522 0.049805 0.049419
0 0.240395 0.264903 0.049805 0.049419
0 0.231404 0.261186 0.049805 0.049419
0 0.341793 0.311740 0.049805 0.049419
0 0.328806 0.293154 0.049805 0.049419
0 0.342792 0.293154 0.049805 0.049419
0 0.352283 0.298358 0.049805 0.049419
0 0.349286 0.329583 0.049805 0.049419
0 0.342293 0.331070 0.049805 0.049419
0 0.361274 0.328840 0.049805 0.049419
0 0.367767 0.315458 0.049805 0.049419
0 0.356279 0.319175 0.049805 0.049419
0 0.376259 0.319175 0.049805 0.049419
0 0.378257 0.342965 0.049805 0.049419
0 0.388746 0.374190 0.049805 0.049419
0 0.381753 0.377907 0.049805 0.049419
0 0.392243 0.358577 0.049805 0.049419
0 0.390245 0.342965 0.049805 0.049419
0 0.393741 0.315458 0.049805 0.049419
0 0.414720 0.330326 0.049805 0.049419
0 0.405230 0.334787 0.049805 0.049419
0 0.392742 0.192790 0.049805 0.049419
0 0.379755 0.186842 0.049805 0.049419
0 0.301334 0.082760 0.049805 0.049419
0 0.295340 0.082017 0.049805 0.049419
0 0.442193 0.382367 0.049805 0.049419
0 0.406728 0.353373 0.049805 0.049419
0 0.400734 0.346682 0.049805 0.049419
0 0.428706 0.370472 0.049805 0.049419
0 0.412722 0.391289 0.049805 0.049419
0 0.422213 0.386085 0.049805 0.049419
0 0.418217 0.389802 0.049805 0.049419
0 0.408726 0.414335 0.049805 0.049419
0 0.401733 0.412105 0.049805 0.049419
0 0.394740 0.410618 0.049805 0.049419
0 0.399236 0.438126 0.049805 0.049419
0 0.355779 0.431435 0.049805 0.049419
0 0.481154 0.481245 0.049805 0.049419
0 0.490644 0.477528 0.049805 0.049419
0 0.493142 0.456712 0.049805 0.049419
0 0.484650 0.456712 0.049805 0.049419
0 0.479156 0.448534 0.049805 0.049419
0 0.475659 0.425487 0.049805 0.049419
0 0.481653 0.422513 0.049805 0.049419
0 0.498137 0.377907 0.049805 0.049419
0 0.477158 0.371959 0.049805 0.049419
0 0.468666 0.366755 0.049805 0.049419
0 0.451683 0.356347 0.049805 0.049419
0 0.438696 0.360064 0.049805 0.049419
0 0.460175 0.374190 0.049805 0.049419
0 0.454680 0.382367 0.049805 0.049419
0 0.456678 0.398723 0.049805 0.049419
0 0.446189 0.405414 0.049805 0.049419
0 0.437697 0.396493 0.049805 0.049419
0 0.464171 0.409875 0.049805 0.049419
0 0.472662 0.406901 0.049805 0.049419
0 0.476658 0.392032 0.049805 0.049419
0 0.484151 0.400210 0.049805 0.049419
0 0.478157 0.408388 0.049805 0.049419
0 0.485649 0.413592 0.049805 0.049419
0 0.472662 0.316944 0.049805 0.049419
0 0.485150 0.314714 0.049805 0.049419
0 0.426459 0.565998 0.049805 0.049419
0 0.429456 0.585327 0.049805 0.049419
0 0.383501 0.577893 0.049805 0.049419
0 0.540345 0.550385 0.049805 0.049419
0 0.509875 0.510240 0.049805 0.049419
0 0.517368 0.496858 0.049805 0.049419
0 0.533851 0.477528 0.049805 0.049419
0 0.315070 0.461172 0.049805 0.049419
0 0.149735 0.438126 0.049805 0.049419
0 0.551334 0.502062 0.049805 0.049419
0 0.544341 0.493140 0.049805 0.049419
0 0.562822 0.447047 0.049805 0.049419
0 0.556329 0.448534 0.049805 0.049419
0 0.556329 0.433665 0.049805 0.049419
0 0.541843 0.431435 0.049805 0.049419
0 0.533352 0.421026 0.049805 0.049419
0 0.523861 0.432921 0.049805 0.049419
0 0.519366 0.418053 0.049805 0.049419
0 0.501384 0.423257 0.049805 0.049419
0 0.504381 0.393519 0.049805 0.049419
0 0.520365 0.383854 0.049805 0.049419
0 0.508377 0.353373 0.049805 0.049419
0 0.526858 0.354117 0.049805 0.049419
0 0.535849 0.221784 0.049805 0.049419
0 0.526359 0.217323 0.049805 0.049419
0 0.513871 0.326609 0.049805 0.049419
0 0.540844 0.403927 0.049805 0.049419
0 0.533352 0.406901 0.049805 0.049419
0 0.524860 0.400210 0.049805 0.049419
0 0.507877 0.406901 0.049805 0.049419
0 0.554331 0.409875 0.049805 0.049419
0 0.539845 0.457455 0.049805 0.049419
0 0.536349 0.446303 0.049805 0.049419
0 0.511873 0.469350 0.049805 0.049419
0 0.506878 0.420283 0.049805 0.049419
0 0.823811 0.643316 0.049805 0.049419
0 0.839795 0.650750 0.049805 0.049419
0 0.843791 0.617295 0.049805 0.049419
0 0.833801 0.603170 0.049805 0.049419
0 0.775859 0.582353 0.049805 0.049419
0 0.755380 0.575662 0.049805 0.049419
0 0.744391 0.625473 0.049805 0.049419
0 0.771364 0.630677 0.049805 0.049419
0 0.728906 0.585327 0.049805 0.049419
0 0.728407 0.600940 0.049805 0.049419
0 0.715420 0.615065 0.049805 0.049419
0 0.722413 0.619526 0.049805 0.049419
0 0.707428 0.603170 0.049805 0.049419
0 0.698437 0.606887 0.049805 0.049419
0 0.704930 0.559307 0.049805 0.049419
0 0.720914 0.543694 0.049805 0.049419
0 0.724910 0.554103 0.049805 0.049419
0 0.728407 0.567485 0.049805 0.049419
0 0.735400 0.571202 0.049805 0.049419
0 0.679955 0.570458 0.049805 0.049419
0 0.669466 0.562281 0.049805 0.049419
0 0.676459 0.554846 0.049805 0.049419
0 0.652483 0.561537 0.049805 0.049419
0 0.653482 0.548899 0.049805 0.049419
0 0.661973 0.541464 0.049805 0.049419
0 0.649486 0.593505 0.049805 0.049419
0 0.624510 0.559307 0.049805 0.049419
0 0.634001 0.528082 0.049805 0.049419
0 0.644990 0.521391 0.049805 0.049419
0 0.697438 0.520648 0.049805 0.049419
0 0.703931 0.512470 0.049805 0.049419
0 0.623012 0.508009 0.049805 0.049419
0 0.607028 0.516187 0.049805 0.049419
0 0.589545 0.559307 0.049805 0.049419
0 0.570564 0.538490 0.049805 0.049419
0 0.574560 0.512470 0.049805 0.049419
0 0.587048 0.512470 0.049805 0.049419
0 0.563571 0.502062 0.049805 0.049419
0 0.562073 0.483476 0.049805 0.049419
0 0.571064 0.457455 0.049805 0.049419
0 0.566069 0.435152 0.049805 0.049419
0 0.578556 0.437382 0.049805 0.049419
0 0.587048 0.436639 0.049805 0.049419
0 0.570564 0.429948 0.049805 0.049419
0 0.602033 0.429204 0.049805 0.049419
0 0.609525 0.429948 0.049805 0.049419
0 0.626009 0.427717 0.049805 0.049419
0 0.629505 0.440356 0.049805 0.049419
0 0.632003 0.447047 0.049805 0.049419
0 0.641494 0.453738 0.049805 0.049419
0 0.645989 0.455225 0.049805 0.049419
0 0.662972 0.455968 0.049805 0.049419
0 0.662972 0.488680 0.049805 0.049419
0 0.647488 0.483476 0.049805 0.049419
0 0.648986 0.505035 0.049805 0.049419
0 0.633501 0.467863 0.049805 0.049419
0 0.626508 0.484219 0.049805 0.049419
0 0.625509 0.460429 0.049805 0.049419
0 0.596538 0.473811 0.049805 0.049419
0 0.591044 0.455968 0.049805 0.049419
0 0.581553 0.455225 0.049805 0.049419
0 0.578057 0.470837 0.049805 0.049419
0 0.584051 0.481989 0.049805 0.049419
0 0.608526 0.458199 0.049805 0.049419
0 0.619016 0.457455 0.049805 0.049419
0 0.598536 0.455225 0.049805 0.049419
0 0.653981 0.458942 0.049805 0.049419
0 0.658477 0.466376 0.049805 0.049419
0 0.668966 0.479758 0.049805 0.049419
0 0.688946 0.463403 0.049805 0.049419
0 0.684451 0.470837 0.049805 0.049419
0 0.634500 0.502062 0.049805 0.049419
0 0.774860 0.572689 0.049805 0.049419
0 0.852782 0.599453 0.049805 0.049419
0 0.869266 0.618039 0.049805 0.049419
0 0.883252 0.626960 0.049805 0.049419
0 0.913721 0.650007 0.049805 0.049419
0 0.930704 0.682718 0.049805 0.049419
0 0.949186 0.675284 0.049805 0.049419
0 0.963671 0.672310 0.049805 0.049419
0 0.947687 0.694613 0.049805 0.049419
0 0.938197 0.709482 0.049805 0.049419
0 0.965669 0.692383 0.049805 0.049419
0 0.908726 0.707995 0.049805 0.049419
0 0.916718 0.726581 0.049805 0.049419
0 0.860275 0.658928 0.049805 0.049419
0 0.863272 0.700561 0.049805 0.049419
0 0.640744 0.334044 0.049805 0.049419