0 0.309252 0.808170 0.049805 0.049479
0 0.452844 0.903107 0.049805 0.049479
0 0.438604 0.749626 0.049805 0.049479
0 0.611863 0.797094 0.049805 0.049479
0 0.572702 0.861967 0.049805 0.049479
0 0.577449 0.740132 0.049805 0.049479
0 0.651025 0.741714 0.049805 0.049479
0 0.712733 0.784436 0.049805 0.049479
0 0.743588 0.809752 0.049805 0.049479
0 0.767322 0.806588 0.049805 0.049479
0 0.759015 0.751208 0.049805 0.049479
0 0.814790 0.770195 0.049805 0.049479
0 0.875313 0.740132 0.049805 0.049479
0 0.937021 0.738550 0.049805 0.049479
0 0.899047 0.800258 0.049805 0.049479
0 0.210756 0.918929 0.049805 0.049479
0 0.137180 0.822410 0.049805 0.049479
0 0.217876 0.786018 0.049805 0.049479
0 0.190581 0.797094 0.049805 0.049479
0 0.057670 0.896777 0.049805 0.049479
0 0.023256 0.800258 0.049805 0.049479
0 0.092085 0.700575 0.049805 0.049479
0 0.111072 0.659436 0.049805 0.049479
0 0.137180 0.683170 0.049805 0.049479
0 0.188208 0.678423 0.049805 0.049479
0 0.226183 0.684752 0.049805 0.049479
0 0.252290 0.691081 0.049805 0.049479
0 0.392322 0.681983 0.049805 0.049479
0 0.401222 0.728660 0.049805 0.049479
0 0.341887 0.711255 0.049805 0.049479
0 0.308066 0.687521 0.049805 0.049479
0 0.283738 0.684357 0.049805 0.049479
0 0.301539 0.726287 0.049805 0.049479
0 0.429703 0.672489 0.049805 0.049479
0 0.497346 0.659831 0.049805 0.049479
0 0.501499 0.702553 0.049805 0.049479
0 0.536507 0.673281 0.049805 0.049479
0 0.539474 0.698597 0.049805 0.049479
0 0.590502 0.680401 0.049805 0.049479
0 0.617797 0.661414 0.049805 0.049479
0 0.634411 0.659831 0.049805 0.049479
0 0.256444 0.665369 0.049805 0.049479
0 0.267124 0.681983 0.049805 0.049479
0 0.280178 0.666951 0.049805 0.049479
0 0.290858 0.652711 0.049805 0.049479
0 0.290858 0.637679 0.049805 0.049479
0 0.283145 0.644800 0.049805 0.049479
0 0.435934 0.656864 0.049805 0.049479
0 0.431187 0.643020 0.049805 0.049479
0 0.431187 0.627197 0.049805 0.049479
0 0.476578 0.654887 0.049805 0.049479
0 0.458778 0.654887 0.049805 0.049479
0 0.461744 0.677039 0.049805 0.049479
0 0.489039 0.646580 0.049805 0.049479
0 0.347524 0.665963 0.049805 0.049479
0 0.340997 0.652909 0.049805 0.049479
0 0.357017 0.642624 0.049805 0.049479
0 0.360281 0.631152 0.049805 0.049479
0 0.349007 0.627988 0.049805 0.049479
0 0.340403 0.630757 0.049805 0.049479
0 0.324976 0.624428 0.049805 0.049479
0 0.330910 0.624428 0.049805 0.049479
0 0.332987 0.610583 0.049805 0.049479
0 0.382235 0.639459 0.049805 0.049479
0 0.396475 0.631548 0.049805 0.049479
0 0.535914 0.650931 0.049805 0.049479
0 0.378972 0.665171 0.049805 0.049479
0 0.472722 0.696026 0.049805 0.049479
0 0.368588 0.607814 0.049805 0.049479
0 0.377488 0.610583 0.049805 0.049479
0 0.382532 0.609001 0.049805 0.049479
0 0.356721 0.583289 0.049805 0.049479
0 0.367994 0.585266 0.049805 0.049479
0 0.387872 0.585266 0.049805 0.049479
0 0.329723 0.577355 0.049805 0.049479
0 0.338030 0.588035 0.049805 0.049479
0 0.344260 0.586057 0.049805 0.049479
0 0.349304 0.582497 0.049805 0.049479
0 0.341590 0.608209 0.049805 0.049479
0 0.346040 0.603463 0.049805 0.049479
0 0.351677 0.607418 0.049805 0.049479
0 0.407749 0.607814 0.049805 0.049479
0 0.510103 0.652118 0.049805 0.049479
0 0.525530 0.650535 0.049805 0.049479
0 0.529387 0.640251 0.049805 0.049479
0 0.536210 0.627988 0.049805 0.049479
0 0.430000 0.690883 0.049805 0.049479
0 0.413979 0.686532 0.049805 0.049479
0 0.392619 0.658447 0.049805 0.049479
0 0.397662 0.641833 0.049805 0.049479
0 0.402409 0.620472 0.049805 0.049479
0 0.388465 0.620472 0.049805 0.049479
0 0.395882 0.614934 0.049805 0.049479
0 0.400629 0.613352 0.049805 0.049479
0 0.403299 0.609396 0.049805 0.049479
0 0.370665 0.620076 0.049805 0.049479
0 0.329426 0.680599 0.049805 0.049479
0 0.352864 0.679807 0.049805 0.049479
0 0.511290 0.636295 0.049805 0.049479
0 0.556978 0.631944 0.049805 0.049479
0 0.483402 0.622845 0.049805 0.049479
0 0.476578 0.617703 0.049805 0.049479
0 0.412793 0.650140 0.049805 0.049479
0 0.412793 0.614539 0.049805 0.049479
0 0.421693 0.612165 0.049805 0.049479
0 0.778299 0.656073 0.049805 0.049479
0 0.813900 0.653700 0.049805 0.049479
0 0.827547 0.654491 0.049805 0.049479
0 0.841195 0.656469 0.049805 0.049479
0 0.825767 0.635899 0.049805 0.049479
0 0.841788 0.634713 0.049805 0.049479
0 0.798473 0.676643 0.049805 0.049479
0 0.791353 0.661611 0.049805 0.049479
0 0.762278 0.687719 0.049805 0.049479
0 0.734094 0.675456 0.049805 0.049479
0 0.728161 0.650535 0.049805 0.049479
0 0.731127 0.638668 0.049805 0.049479
0 0.717480 0.638668 0.049805 0.049479
0 0.689889 0.658842 0.049805 0.049479
0 0.694339 0.647766 0.049805 0.049479
0 0.697900 0.638668 0.049805 0.049479
0 0.645091 0.631548 0.049805 0.049479
0 0.625510 0.644997 0.049805 0.049479
0 0.606820 0.630757 0.049805 0.049479
0 0.618093 0.631548 0.049805 0.049479
0 0.633817 0.630361 0.049805 0.049479
0 0.629070 0.622054 0.049805 0.049479
0 0.722227 0.718573 0.049805 0.049479
0 0.734391 0.703937 0.049805 0.049479
0 0.798770 0.706706 0.049805 0.049479
0 0.821317 0.706706 0.049805 0.049479
0 0.802033 0.691279 0.049805 0.049479
0 0.823691 0.680203 0.049805 0.049479
0 0.842381 0.688114 0.049805 0.049479
0 0.761982 0.661611 0.049805 0.049479
0 0.751301 0.656073 0.049805 0.049479
0 0.757828 0.619681 0.049805 0.049479
0 0.740028 0.631548 0.049805 0.049479
0 0.722524 0.623241 0.049805 0.049479
0 0.726084 0.627592 0.049805 0.049479
0 0.730237 0.633921 0.049805 0.049479
0 0.713623 0.680203 0.049805 0.049479
0 0.678912 0.686532 0.049805 0.049479
0 0.676539 0.672687 0.049805 0.049479
0 0.664375 0.660029 0.049805 0.049479
0 0.710360 0.694048 0.049805 0.049479
0 0.709173 0.668336 0.049805 0.049479
0 0.800253 0.641437 0.049805 0.049479
0 0.671495 0.624428 0.049805 0.049479
0 0.659331 0.627197 0.049805 0.049479
0 0.640047 0.618099 0.049805 0.049479
0 0.697306 0.620868 0.049805 0.049479
0 0.712733 0.624428 0.049805 0.049479
0 0.707097 0.633130 0.049805 0.049479
0 0.712437 0.630757 0.049805 0.049479
0 0.805000 0.626406 0.049805 0.049479
0 0.779189 0.623241 0.049805 0.049479
0 0.842678 0.619681 0.049805 0.049479
0 0.764355 0.645393 0.049805 0.049479
0 0.651025 0.647766 0.049805 0.049479
0 0.681582 0.638668 0.049805 0.049479
0 0.623137 0.613747 0.049805 0.049479
0 0.613050 0.609396 0.049805 0.049479
0 0.607116 0.618890 0.049805 0.049479
0 0.615127 0.619285 0.049805 0.049479
0 0.812417 0.609792 0.049805 0.049479
0 0.817460 0.611374 0.049805 0.049479
0 0.817757 0.627988 0.049805 0.049479
0 0.136388 0.713629 0.049805 0.049479
0 0.368983 0.737363 0.049805 0.049479
0 0.153596 0.637482 0.049805 0.049479
0 0.161606 0.634713 0.049805 0.049479
0 0.176143 0.665171 0.049805 0.049479
0 0.198097 0.650535 0.049805 0.049479
0 0.222425 0.646184 0.049805 0.049479
0 0.249719 0.615725 0.049805 0.049479
0 0.231325 0.659633 0.049805 0.049479
0 0.134015 0.639459 0.049805 0.049479
0 0.135795 0.620076 0.049805 0.049479
0 0.113544 0.611770 0.049805 0.049479
0 0.120665 0.609001 0.049805 0.049479
0 0.099304 0.611374 0.049805 0.049479
0 0.084767 0.606232 0.049805 0.049479
0 0.075273 0.607814 0.049805 0.049479
0 0.059846 0.610187 0.049805 0.049479
0 0.054506 0.632339 0.049805 0.049479
0 0.082393 0.663194 0.049805 0.049479
0 0.069043 0.667940 0.049805 0.049479
0 0.056879 0.660029 0.049805 0.049479
0 0.076460 0.652513 0.049805 0.049479
0 0.097820 0.635899 0.049805 0.049479
0 0.126895 0.629175 0.049805 0.049479
0 0.117104 0.643020 0.049805 0.049479
0 0.177033 0.616516 0.049805 0.049479
0 0.176737 0.606232 0.049805 0.049479
0 0.181780 0.601089 0.049805 0.049479
0 0.205514 0.608605 0.049805 0.049479
0 0.211744 0.605045 0.049805 0.049479
0 0.188900 0.615725 0.049805 0.049479
0 0.220941 0.631152 0.049805 0.049479
0 0.258026 0.609001 0.049805 0.049479
0 0.275233 0.608605 0.049805 0.049479
0 0.284727 0.609001 0.049805 0.049479
0 0.282057 0.621263 0.049805 0.049479
0 0.209371 0.621263 0.049805 0.049479
0 0.174363 0.637482 0.049805 0.049479
0 0.150036 0.658842 0.049805 0.049479
0 0.131048 0.662402 0.049805 0.049479
0 0.144695 0.669918 0.049805 0.049479
0 0.123038 0.660425 0.049805 0.049479
0 0.085657 0.645789 0.049805 0.049479
0 0.139652 0.610187 0.049805 0.049479
0 0.194241 0.604649 0.049805 0.049479
0 0.233402 0.610583 0.049805 0.049479
0 0.247346 0.602276 0.049805 0.049479
0 0.223018 0.620868 0.049805 0.049479
0 0.182373 0.637482 0.049805 0.049479
0 0.149739 0.619285 0.049805 0.049479
0 0.233105 0.635899 0.049805 0.049479
0 0.057472 0.740527 0.049805 0.049479
0 0.012377 0.701762 0.049805 0.049479
0 0.046199 0.674863 0.049805 0.049479
0 0.019498 0.632932 0.049805 0.049479
0 0.010597 0.600496 0.049805 0.049479
0 0.563604 0.513470 0.049805 0.049479
0 0.211151 0.561730 0.049805 0.049479
0 0.248532 0.577553 0.049805 0.049479
0 0.251203 0.579333 0.049805 0.049479
0 0.298374 0.579728 0.049805 0.049479
0 0.304308 0.578542 0.049805 0.049479
0 0.312911 0.581311 0.049805 0.049479
0 0.314098 0.582497 0.049805 0.049479
0 0.262476 0.579333 0.049805 0.049479
0 0.274937 0.581311 0.049805 0.049479
0 0.278497 0.576959 0.049805 0.049479
0 0.232809 0.574190 0.049805 0.049479
0 0.215305 0.567466 0.049805 0.049479
0 0.177923 0.565092 0.049805 0.049479
0 0.266630 0.649349 0.049805 0.049479
0 0.879070 0.662996 0.049805 0.049479
0 0.863643 0.628977 0.049805 0.049479
0 0.852369 0.622648 0.049805 0.049479
0 0.962140 0.621857 0.049805 0.049479
0 0.982907 0.639262 0.049805 0.049479
0 0.943746 0.628186 0.049805 0.049479
0 0.937813 0.632932 0.049805 0.049479
0 0.926539 0.640053 0.049805 0.049479
0 0.909925 0.640053 0.049805 0.049479
0 0.893904 0.633724 0.049805 0.049479
0 0.876697 0.627395 0.049805 0.049479
0 0.920605 0.674072 0.049805 0.049479
0 0.922385 0.701762 0.049805 0.049479
0 0.986468 0.670907 0.049805 0.049479
0 0.947900 0.664578 0.049805 0.049479
0 0.956800 0.647964 0.049805 0.049479
0 0.607907 0.712838 0.049805 0.049479
0 0.571713 0.705717 0.049805 0.049479
0 0.972227 0.588629 0.049805 0.049479
0 0.979941 0.577553 0.049805 0.049479
0 0.995368 0.708882 0.049805 0.049479
0 0.568153 0.619483 0.049805 0.049479
0 0.567559 0.606825 0.049805 0.049479
0 0.561626 0.608407 0.049805 0.049479
0 0.555692 0.612363 0.049805 0.049479
0 0.543232 0.613945 0.049805 0.049479
0 0.549165 0.610781 0.049805 0.049479
0 0.516531 0.610781 0.049805 0.049479
0 0.509411 0.605243 0.049805 0.049479
0 0.574086 0.659040 0.049805 0.049479
0 0.566373 0.662996 0.049805 0.049479
0 0.559252 0.650338 0.049805 0.049479
0 0.581800 0.650338 0.049805 0.049479
0 0.515938 0.697806 0.049805 0.049479
0 0.596040 0.636097 0.049805 0.049479
0 0.581206 0.633724 0.049805 0.049479
0 0.227369 0.722727 0.049805 0.049479
0 0.173968 0.752790 0.049805 0.049479
0 0.419713 0.587394 0.049805 0.049479
0 0.433186 0.588472 0.049805 0.049479
0 0.435881 0.583801 0.049805 0.049479
0 0.445043 0.584879 0.049805 0.049479
0 0.455552 0.588113 0.049805 0.049479
0 0.455282 0.594221 0.049805 0.049479
0 0.459594 0.586676 0.049805 0.049479
0 0.396000 0.587394 0.049805 0.049479
0 0.408934 0.584879 0.049805 0.049479
0 0.402737 0.586676 0.049805 0.049479
0 0.309771 0.643802 0.049805 0.049479
0 0.302765 0.624760 0.049805 0.049479
0 0.488696 0.663922 0.049805 0.049479
0 0.521301 0.679731 0.049805 0.049479
0 0.439384 0.732187 0.049805 0.049479
0 0.921594 0.781271 0.049805 0.049479
0 0.444314 0.630805 0.049805 0.049479
0 0.449131 0.619567 0.049805 0.049479
0 0.449933 0.612075 0.049805 0.049479
0 0.458763 0.615286 0.049805 0.049479
0 0.456756 0.621708 0.049805 0.049479
0 0.459967 0.622778 0.049805 0.049479
0 0.462375 0.609400 0.049805 0.049479
0 0.466389 0.607259 0.049805 0.049479
0 0.469198 0.612075 0.049805 0.049479
0 0.474416 0.605654 0.049805 0.049479
0 0.486056 0.609935 0.049805 0.049479
0 0.485654 0.601908 0.049805 0.049479
0 0.494083 0.599232 0.049805 0.049479
0 0.492879 0.608329 0.049805 0.049479
0 0.498498 0.608329 0.049805 0.049479
0 0.504117 0.609935 0.049805 0.049479
0 0.501307 0.602978 0.049805 0.049479
0 0.498096 0.600837 0.049805 0.049479
0 0.503314 0.600302 0.049805 0.049479
0 0.370464 0.643649 0.049805 0.049479
0 0.516960 0.617427 0.049805 0.049479
0 0.504518 0.624919 0.049805 0.049479
0 0.500504 0.621173 0.049805 0.049479
0 0.493280 0.629200 0.049805 0.049479
0 0.488865 0.632411 0.049805 0.049479
0 0.480437 0.626524 0.049805 0.049479
0 0.451137 0.644719 0.049805 0.049479
0 0.451137 0.634016 0.049805 0.049479
0 0.411001 0.634016 0.049805 0.049479
0 0.526135 0.612569 0.049805 0.049479
0 0.526135 0.604467 0.049805 0.049479
0 0.539806 0.613581 0.049805 0.049479
0 0.536009 0.611556 0.049805 0.049479
0 0.535249 0.602442 0.049805 0.049479
0 0.539806 0.600417 0.049805 0.049479
0 0.547401 0.602442 0.049805 0.049479
0 0.556515 0.602442 0.049805 0.049479
0 0.543604 0.629784 0.049805 0.049479
0 0.548920 0.629784 0.049805 0.049479
0 0.577612 0.616260 0.049805 0.049479
0 0.576973 0.608594 0.049805 0.049479
0 0.573779 0.601780 0.049805 0.049479
0 0.582084 0.605187 0.049805 0.049479
0 0.583362 0.612001 0.049805 0.049479
0 0.589111 0.608594 0.049805 0.049479
0 0.591028 0.617964 0.049805 0.049479
0 0.595500 0.612853 0.049805 0.049479
0 0.603166 0.605187 0.049805 0.049479
0 0.601888 0.613705 0.049805 0.049479
0 0.599972 0.610297 0.049805 0.049479
0 0.617859 0.608594 0.049805 0.049479
0 0.635108 0.610297 0.049805 0.049479
0 0.634469 0.614556 0.049805 0.049479
0 0.642135 0.607742 0.049805 0.049479
0 0.649801 0.611149 0.049805 0.049479
0 0.656190 0.606890 0.049805 0.049479
0 0.654273 0.620519 0.049805 0.049479
0 0.662578 0.611149 0.049805 0.049479
0 0.670244 0.609446 0.049805 0.049479
0 0.675355 0.606890 0.049805 0.049479
0 0.680466 0.607742 0.049805 0.049479
0 0.686854 0.606890 0.049805 0.049479
0 0.686854 0.612853 0.049805 0.049479
0 0.694520 0.611149 0.049805 0.049479
0 0.698992 0.606038 0.049805 0.049479
0 0.704742 0.610297 0.049805 0.049479
0 0.707297 0.617112 0.049805 0.049479
0 0.711130 0.614556 0.049805 0.049479
0 0.710491 0.609446 0.049805 0.049479
0 0.718157 0.612853 0.049805 0.049479
0 0.721991 0.612001 0.049805 0.049479
0 0.731573 0.616260 0.049805 0.049479
0 0.738600 0.618815 0.049805 0.049479
0 0.744350 0.617964 0.049805 0.049479
0 0.749461 0.616260 0.049805 0.049479
0 0.765645 0.619667 0.049805 0.049479
0 0.788643 0.614556 0.049805 0.049479
0 0.796309 0.612853 0.049805 0.049479
0 0.789921 0.632444 0.049805 0.049479
0 0.784171 0.648628 0.049805 0.049479
0 0.793754 0.649480 0.049805 0.049479
0 0.781616 0.637555 0.049805 0.049479
0 0.779060 0.605187 0.049805 0.049479
0 0.784810 0.601780 0.049805 0.049479
0 0.803975 0.603483 0.049805 0.049479
0 0.786726 0.594113 0.049805 0.049479
0 0.779060 0.592410 0.049805 0.049479