0 0.419770 0.080071 0.049805 0.048991
0 0.427272 0.046864 0.049805 0.048991
0 0.473354 0.064258 0.049805 0.048991
0 0.523724 0.059514 0.049805 0.048991
0 0.501218 0.015238 0.049805 0.048991
0 0.464781 0.015238 0.049805 0.048991
0 0.337250 0.048445 0.049805 0.048991
0 0.286881 0.064258 0.049805 0.048991
0 0.202218 0.031051 0.049805 0.048991
0 0.631964 0.019982 0.049805 0.048991
0 0.874165 0.097465 0.049805 0.048991
0 0.951327 0.097465 0.049805 0.048991
0 0.982405 0.102208 0.049805 0.048991
0 0.977047 0.152809 0.049805 0.048991
0 0.993122 0.119603 0.049805 0.048991
0 0.945968 0.155972 0.049805 0.048991
0 0.926678 0.167041 0.049805 0.048991
0 0.908459 0.149647 0.049805 0.048991
0 0.884882 0.165460 0.049805 0.048991
0 0.860233 0.170203 0.049805 0.048991
0 0.866663 0.198666 0.049805 0.048991
0 0.919176 0.230292 0.049805 0.048991
0 0.985620 0.216061 0.049805 0.048991
0 0.977047 0.277730 0.049805 0.048991
0 0.937395 0.265080 0.049805 0.048991
0 0.933108 0.282474 0.049805 0.048991
0 0.909531 0.285637 0.049805 0.048991
0 0.874165 0.277730 0.049805 0.048991
0 0.860233 0.269824 0.049805 0.048991
0 0.893455 0.334656 0.049805 0.048991
0 0.919176 0.331494 0.049805 0.048991
0 0.956685 0.353632 0.049805 0.048991
0 0.943825 0.382095 0.049805 0.048991
0 0.911674 0.391582 0.049805 0.048991
0 0.838799 0.334656 0.049805 0.048991
0 0.823796 0.266661 0.049805 0.048991
0 0.806649 0.279312 0.049805 0.048991
0 0.779857 0.274568 0.049805 0.048991
0 0.526939 0.461159 0.049805 0.048991
0 0.555874 0.420045 0.049805 0.048991
0 0.575164 0.404233 0.049805 0.048991
0 0.568734 0.371026 0.049805 0.048991
0 0.546229 0.369445 0.049805 0.048991
0 0.522652 0.391582 0.049805 0.048991
0 0.502290 0.386839 0.049805 0.048991
0 0.520508 0.318844 0.049805 0.048991
0 0.522652 0.279312 0.049805 0.048991
0 0.447634 0.325169 0.049805 0.048991
0 0.471211 0.323587 0.049805 0.048991
0 0.467996 0.375770 0.049805 0.048991
0 0.425128 0.386839 0.049805 0.048991
0 0.406910 0.353632 0.049805 0.048991
0 0.414411 0.309356 0.049805 0.048991
0 0.351182 0.322006 0.049805 0.048991
0 0.337250 0.269824 0.049805 0.048991
0 0.286881 0.312519 0.049805 0.048991
0 0.215078 0.301450 0.049805 0.048991
0 0.222580 0.331494 0.049805 0.048991
0 0.156135 0.348888 0.049805 0.048991
0 0.123984 0.329913 0.049805 0.048991
0 0.130414 0.369445 0.049805 0.048991
0 0.168995 0.393164 0.049805 0.048991
0 0.129343 0.410558 0.049805 0.048991
0 0.140060 0.408976 0.049805 0.048991
0 0.100407 0.399489 0.049805 0.048991
0 0.036106 0.364701 0.049805 0.048991
0 0.061827 0.358376 0.049805 0.048991
0 0.015744 0.420045 0.049805 0.048991
0 0.093977 0.478553 0.049805 0.048991
0 0.092905 0.527572 0.049805 0.048991
0 0.060755 0.533897 0.049805 0.048991
0 0.030748 0.519666 0.049805 0.048991
0 0.059683 0.575011 0.049805 0.048991
0 0.057540 0.624030 0.049805 0.048991
0 0.022174 0.590824 0.049805 0.048991
0 0.038249 0.688863 0.049805 0.048991
0 0.093977 0.802715 0.049805 0.048991
0 0.119698 0.723651 0.049805 0.048991
0 0.146490 0.794808 0.049805 0.048991
0 0.152920 0.711001 0.049805 0.048991
0 0.158278 0.666725 0.049805 0.048991
0 0.128271 0.570267 0.049805 0.048991
0 0.202218 0.616124 0.049805 0.048991
0 0.221508 0.541804 0.049805 0.048991
0 0.227938 0.478553 0.049805 0.048991
0 0.194716 0.469065 0.049805 0.048991
0 0.136845 0.483297 0.049805 0.048991
0 0.158278 0.469065 0.049805 0.048991
0 0.117554 0.443765 0.049805 0.048991
0 0.377974 0.486459 0.049805 0.048991
0 0.412268 0.486459 0.049805 0.048991
0 0.427272 0.448508 0.049805 0.048991
0 0.372616 0.388420 0.049805 0.048991
0 0.328677 0.375770 0.049805 0.048991
0 0.317960 0.418464 0.049805 0.048991
0 0.455136 0.429533 0.049805 0.048991
0 0.500146 0.424789 0.049805 0.048991
0 0.486214 0.508597 0.049805 0.048991
0 0.459422 0.508597 0.049805 0.048991
0 0.485143 0.567104 0.049805 0.048991
0 0.294383 0.619287 0.049805 0.048991
0 0.359755 0.726813 0.049805 0.048991
0 0.361899 0.685700 0.049805 0.048991
0 0.416555 0.699932 0.049805 0.048991
0 0.568734 0.682538 0.049805 0.048991
0 0.582666 0.633518 0.049805 0.048991
0 0.515150 0.603474 0.049805 0.048991
0 0.499075 0.641424 0.049805 0.048991
0 0.461566 0.619287 0.049805 0.048991
0 0.755208 0.544966 0.049805 0.048991
0 0.842014 0.533897 0.049805 0.048991
0 0.883810 0.541804 0.049805 0.048991
0 0.933108 0.578173 0.049805 0.048991
0 0.952398 0.519666 0.049805 0.048991
0 0.977047 0.530735 0.049805 0.048991
0 0.859161 0.402651 0.049805 0.048991
0 0.836656 0.385257 0.049805 0.048991
0 0.820581 0.388420 0.049805 0.048991
0 0.795932 0.326750 0.049805 0.048991
0 0.772355 0.307775 0.049805 0.048991
0 0.745563 0.279312 0.049805 0.048991
0 0.726272 0.301450 0.049805 0.048991
0 0.680190 0.285637 0.049805 0.048991
0 0.653398 0.222386 0.049805 0.048991
0 0.601957 0.274568 0.049805 0.048991
0 0.609458 0.329913 0.049805 0.048991
0 0.624462 0.296706 0.049805 0.048991
0 0.563376 0.303031 0.049805 0.048991
0 0.577308 0.293543 0.049805 0.048991
0 0.193644 0.699932 0.049805 0.048991
0 0.241870 0.695188 0.049805 0.048991
0 0.321175 0.763183 0.049805 0.048991
0 0.334035 0.843828 0.049805 0.048991
0 0.235440 0.832759 0.049805 0.048991
0 0.196859 0.845409 0.049805 0.048991
0 0.095049 0.937123 0.049805 0.048991
0 0.039321 0.853316 0.049805 0.048991
0 0.017887 0.777414 0.049805 0.048991
0 0.446562 0.820109 0.049805 0.048991
0 0.446562 0.820109 0.049805 0.048991
0 0.501218 0.918148 0.049805 0.048991
0 0.545157 0.968749 0.049805 0.048991
0 0.633036 0.891266 0.049805 0.048991
0 0.592311 0.861222 0.049805 0.048991
0 0.625534 0.772671 0.049805 0.048991
0 0.725201 0.913404 0.049805 0.048991
0 0.679118 0.964005 0.049805 0.048991
0 0.838799 0.888104 0.049805 0.048991
0 0.828083 0.774252 0.049805 0.048991
0 0.790574 0.688863 0.049805 0.048991
0 0.804505 0.666725 0.049805 0.048991
0 0.885954 0.688863 0.049805 0.048991
0 0.703767 0.589242 0.049805 0.048991
0 0.678046 0.494366 0.049805 0.048991
0 0.718771 0.513341 0.049805 0.048991
0 0.708054 0.461159 0.049805 0.048991
0 0.694122 0.420045 0.049805 0.048991
0 0.715555 0.337819 0.049805 0.048991
0 0.732702 0.375770 0.049805 0.048991
0 0.748778 0.344144 0.049805 0.048991
0 0.769140 0.353632 0.049805 0.048991
0 0.798075 0.407395 0.049805 0.048991
0 0.780928 0.431114 0.049805 0.048991
0 0.982405 0.813784 0.049805 0.048991
0 0.282594 0.464321 0.049805 0.048991
0 0.237583 0.380513 0.049805 0.048991
0 0.212934 0.404233 0.049805 0.048991
0 0.091834 0.682538 0.049805 0.048991
0 0.623390 0.429533 0.049805 0.048991
0 0.607315 0.457996 0.049805 0.048991
0 0.642681 0.443765 0.049805 0.048991
0 0.554802 0.525991 0.049805 0.048991
0 0.567663 0.494366 0.049805 0.048991
0 0.625534 0.563942 0.049805 0.048991
0 0.629821 0.503853 0.049805 0.048991
0 0.321175 0.503853 0.049805 0.048991
0 0.312601 0.467484 0.049805 0.048991
0 0.337250 0.461159 0.049805 0.048991
0 0.374759 0.589242 0.049805 0.048991
0 0.668401 0.391582 0.049805 0.048991
0 0.664114 0.345725 0.049805 0.048991
0 0.650183 0.293543 0.049805 0.048991
0 0.959900 0.726813 0.049805 0.048991
0 0.675903 0.622449 0.049805 0.048991
0 0.634107 0.624030 0.049805 0.048991
0 0.464781 0.744208 0.049805 0.048991
0 0.461185 0.583183 0.049805 0.048991
0 0.403243 0.597923 0.049805 0.048991
0 0.851660 0.318844 0.049805 0.048991
0 0.238655 0.070583 0.049805 0.048991
0 0.014672 0.481715 0.049805 0.048991
0 0.818437 0.522829 0.049805 0.048991
0 0.870950 0.511760 0.049805 0.048991
0 0.688763 0.358376 0.049805 0.048991
0 0.462637 0.301450 0.049805 0.048991
0 0.283666 0.358376 0.049805 0.048991
0 0.199002 0.337819 0.049805 0.048991
0 0.330820 0.557617 0.049805 0.048991
0 0.652326 0.413720 0.049805 0.048991
0 0.615889 0.386839 0.049805 0.048991
0 0.582666 0.563942 0.049805 0.048991
0 0.268662 0.399489 0.049805 0.048991
0 0.248300 0.461159 0.049805 0.048991
0 0.764853 0.402651 0.049805 0.048991
0 0.086475 0.582917 0.049805 0.048991
0 0.362971 0.472228 0.049805 0.048991
0 0.268662 0.570267 0.049805 0.048991
0 0.057071 0.399452 0.049805 0.048991
0 0.990530 0.928930 0.049805 0.048991
0 0.734377 0.537355 0.049805 0.048991
0 0.354762 0.355187 0.049805 0.048991
0 0.373224 0.067465 0.049805 0.048991
0 0.084763 0.012985 0.049805 0.048991
0 0.505141 0.740904 0.049805 0.048991
0 0.657989 0.776281 0.049805 0.048991
0 0.686960 0.760066 0.049805 0.048991