0 0.058926 0.593668 0.049805 0.049479
0 0.143215 0.689998 0.049805 0.049479
0 0.829568 0.848255 0.049805 0.049479
0 0.980944 0.349401 0.049805 0.049479
0 0.930199 0.312704 0.049805 0.049479
0 0.879454 0.359723 0.049805 0.049479
0 0.926759 0.130365 0.049805 0.049479
0 0.703995 0.156741 0.049805 0.049479
0 0.627447 0.192291 0.049805 0.049479
0 0.622286 0.212934 0.049805 0.049479
0 0.610245 0.261099 0.049805 0.049479
0 0.532837 0.168209 0.049805 0.049479
0 0.500153 0.220961 0.049805 0.049479
0 0.508754 0.249631 0.049805 0.049479
0 0.519935 0.282888 0.049805 0.049479
0 0.568961 0.106282 0.049805 0.049479
0 0.544878 0.092521 0.049805 0.049479
0 0.423605 0.277154 0.049805 0.049479
0 0.397802 0.157888 0.049805 0.049479
0 0.348777 0.226695 0.049805 0.049479
0 0.304912 0.160181 0.049805 0.049479
0 0.293731 0.176236 0.049805 0.049479
0 0.272229 0.217521 0.049805 0.049479
0 0.260188 0.216374 0.049805 0.049479
0 0.236965 0.152154 0.049805 0.049479
0 0.200841 0.173943 0.049805 0.049479
0 0.162137 0.232429 0.049805 0.049479
0 0.140635 0.168209 0.049805 0.049479
0 0.042584 0.146420 0.049805 0.049479
0 0.016782 0.206053 0.049805 0.049479
0 0.024522 0.246190 0.049805 0.049479
0 0.007607 0.087074 0.049805 0.049479
0 0.006317 0.161041 0.049805 0.049479
0 0.093616 0.102555 0.049805 0.049479
0 0.150813 0.122624 0.049805 0.049479
0 0.164574 0.052670 0.049805 0.049479
0 0.140922 0.048083 0.049805 0.049479
0 0.234672 0.073312 0.049805 0.049479
0 0.273806 0.096248 0.049805 0.049479
0 0.317670 0.077326 0.049805 0.049479
0 0.394219 0.074459 0.049805 0.049479
0 0.448834 0.048083 0.049805 0.049479
0 0.021942 0.039338 0.049805 0.049479
0 0.048390 0.039338 0.049805 0.049479
0 0.017319 0.009271 0.049805 0.049479
0 0.027479 0.009271 0.049805 0.049479
0 0.039037 0.013213 0.049805 0.049479
0 0.058711 0.009056 0.049805 0.049479
0 0.164825 0.026795 0.049805 0.049479
0 0.184930 0.011744 0.049805 0.049479
0 0.213850 0.017764 0.049805 0.049479
0 0.190735 0.007694 0.049805 0.049479
0 0.222397 0.010991 0.049805 0.049479
0 0.258037 0.013213 0.049805 0.049479
0 0.391567 0.038407 0.049805 0.049479
0 0.550039 0.018768 0.049805 0.049479
0 0.597344 0.032243 0.049805 0.049479
0 0.611750 0.029376 0.049805 0.049479
0 0.631640 0.012747 0.049805 0.049479
0 0.653680 0.052885 0.049805 0.049479
0 0.674859 0.031526 0.049805 0.049479
0 0.692061 0.042277 0.049805 0.049479
0 0.738184 0.017191 0.049805 0.049479
0 0.731625 0.058045 0.049805 0.049479
0 0.766137 0.052025 0.049805 0.049479
0 0.683675 0.003985 0.049805 0.049479
0 0.788015 0.024932 0.049805 0.049479
0 0.816506 0.021205 0.049805 0.049479
0 0.848652 0.019485 0.049805 0.049479
0 0.534557 0.007658 0.049805 0.049479
0 0.876873 0.007658 0.049805 0.049479