0 0.173161 0.934317 0.050000 0.050000
0 0.122212 0.775476 0.050000 0.050000
0 0.050284 0.732019 0.050000 0.050000
0 0.026308 0.655596 0.050000 0.050000
0 0.058276 0.550701 0.050000 0.050000
0 0.013321 0.579172 0.050000 0.050000
0 0.027307 0.493757 0.050000 0.050000
0 0.064270 0.490760 0.050000 0.050000
0 0.018316 0.424826 0.050000 0.050000
0 0.132202 0.627124 0.050000 0.050000
0 0.143191 0.570181 0.050000 0.050000
0 0.174160 0.558193 0.050000 0.050000
0 0.146188 0.526725 0.050000 0.050000
0 0.166168 0.478772 0.050000 0.050000
0 0.106228 0.472778 0.050000 0.050000
0 0.122212 0.456295 0.050000 0.050000
0 0.080254 0.430820 0.050000 0.050000
0 0.062272 0.409841 0.050000 0.050000
0 0.076258 0.373877 0.050000 0.050000
0 0.086248 0.405346 0.050000 0.050000
0 0.105229 0.403847 0.050000 0.050000
0 0.101233 0.378373 0.050000 0.050000
0 0.132202 0.405346 0.050000 0.050000
0 0.130204 0.298952 0.050000 0.050000
0 0.143191 0.279472 0.050000 0.050000
0 0.162172 0.291460 0.050000 0.050000
0 0.178156 0.288463 0.050000 0.050000
0 0.190144 0.268982 0.050000 0.050000
0 0.105229 0.274976 0.050000 0.050000
0 0.094240 0.286964 0.050000 0.050000
0 0.073261 0.306445 0.050000 0.050000
0 0.052282 0.297454 0.050000 0.050000
0 0.036298 0.289961 0.050000 0.050000
0 0.021313 0.312439 0.050000 0.050000
0 0.006328 0.315436 0.050000 0.050000
0 0.013321 0.382868 0.050000 0.050000
0 0.027307 0.378373 0.050000 0.050000
0 0.162172 0.375376 0.050000 0.050000
0 0.174160 0.415835 0.050000 0.050000
0 0.150184 0.412838 0.050000 0.050000
0 0.188146 0.385865 0.050000 0.050000
0 0.196138 0.408343 0.050000 0.050000
0 0.186148 0.444307 0.050000 0.050000
0 0.208126 0.453298 0.050000 0.050000
0 0.199135 0.517734 0.050000 0.050000
0 0.214120 0.550701 0.050000 0.050000
0 0.260074 0.550701 0.050000 0.050000
0 0.274060 0.610641 0.050000 0.050000
0 0.231103 0.618133 0.050000 0.050000
0 0.251083 0.664587 0.050000 0.050000
0 0.197137 0.724527 0.050000 0.050000
0 0.293041 0.778473 0.050000 0.050000
0 0.357976 0.736515 0.050000 0.050000
0 0.419914 0.920830 0.050000 0.050000
0 0.488845 0.624127 0.050000 0.050000
0 0.392941 0.570181 0.050000 0.050000
0 0.381952 0.514737 0.050000 0.050000
0 0.347986 0.594157 0.050000 0.050000
0 0.589744 0.685566 0.050000 0.050000
0 0.649684 0.769482 0.050000 0.050000
0 0.751583 0.890860 0.050000 0.050000
0 0.847487 0.790461 0.050000 0.050000
0 0.959375 0.723028 0.050000 0.050000
0 0.909425 0.627124 0.050000 0.050000
0 0.818516 0.682569 0.050000 0.050000
0 0.803531 0.634617 0.050000 0.050000
0 0.721613 0.619632 0.050000 0.050000
0 0.774560 0.564187 0.050000 0.050000
0 0.715619 0.565686 0.050000 0.050000
0 0.693641 0.505746 0.050000 0.050000
0 0.713621 0.483268 0.050000 0.050000
0 0.748586 0.466784 0.050000 0.050000
0 0.716618 0.430820 0.050000 0.050000
0 0.696638 0.448802 0.050000 0.050000
0 0.645688 0.531220 0.050000 0.050000
0 0.609724 0.555196 0.050000 0.050000
0 0.616717 0.627124 0.050000 0.050000
0 0.568765 0.523728 0.050000 0.050000
0 0.535798 0.486265 0.050000 0.050000
0 0.567766 0.451799 0.050000 0.050000
0 0.515818 0.573178 0.050000 0.050000
0 0.473860 0.531220 0.050000 0.050000
0 0.423910 0.495256 0.050000 0.050000
0 0.449884 0.387364 0.050000 0.050000
0 0.385948 0.333418 0.050000 0.050000
0 0.329005 0.337913 0.050000 0.050000
0 0.278056 0.400850 0.050000 0.050000
0 0.256078 0.421829 0.050000 0.050000
0 0.241093 0.481769 0.050000 0.050000
0 0.242092 0.388862 0.050000 0.050000
0 0.247087 0.340910 0.050000 0.050000
0 0.261073 0.313937 0.050000 0.050000
0 0.264070 0.358892 0.050000 0.050000
0 0.284050 0.337913 0.050000 0.050000
0 0.286048 0.271979 0.050000 0.050000
0 0.306028 0.276475 0.050000 0.050000
0 0.327007 0.286964 0.050000 0.050000
0 0.317017 0.273478 0.050000 0.050000
0 0.234100 0.370880 0.050000 0.050000
0 0.220114 0.372379 0.050000 0.050000
0 0.190144 0.349901 0.050000 0.050000
0 0.202132 0.375376 0.050000 0.050000
0 0.365968 0.283967 0.050000 0.050000
0 0.346987 0.279472 0.050000 0.050000
0 0.336997 0.279472 0.050000 0.050000
0 0.373960 0.256994 0.050000 0.050000
0 0.384949 0.264487 0.050000 0.050000
0 0.385948 0.249502 0.050000 0.050000
0 0.398935 0.256994 0.050000 0.050000
0 0.410923 0.256994 0.050000 0.050000
0 0.417916 0.283967 0.050000 0.050000
0 0.440893 0.262988 0.050000 0.050000
0 0.428905 0.255496 0.050000 0.050000
0 0.471862 0.259991 0.050000 0.050000
0 0.458875 0.268982 0.050000 0.050000
0 0.488845 0.253997 0.050000 0.050000
0 0.504829 0.249502 0.050000 0.050000
0 0.505828 0.316934 0.050000 0.050000
0 0.475858 0.372379 0.050000 0.050000
0 0.488845 0.352898 0.050000 0.050000
0 0.441892 0.361889 0.050000 0.050000
0 0.559774 0.418832 0.050000 0.050000
0 0.608725 0.454796 0.050000 0.050000
0 0.600733 0.502749 0.050000 0.050000
0 0.644689 0.493757 0.050000 0.050000
0 0.642691 0.445805 0.050000 0.050000
0 0.648685 0.408343 0.050000 0.050000
0 0.600733 0.417334 0.050000 0.050000
0 0.609724 0.388862 0.050000 0.050000
0 0.621712 0.364886 0.050000 0.050000
0 0.575758 0.370880 0.050000 0.050000
0 0.561772 0.375376 0.050000 0.050000
0 0.578755 0.346904 0.050000 0.050000
0 0.669665 0.313937 0.050000 0.050000
0 0.634699 0.358892 0.050000 0.050000
0 0.656677 0.288463 0.050000 0.050000
0 0.650683 0.265985 0.050000 0.050000
0 0.637696 0.251000 0.050000 0.050000
0 0.625708 0.259991 0.050000 0.050000
0 0.597736 0.262988 0.050000 0.050000
0 0.597736 0.245006 0.050000 0.050000
0 0.573760 0.239012 0.050000 0.050000
0 0.567766 0.249502 0.050000 0.050000
0 0.552781 0.255496 0.050000 0.050000
0 0.533800 0.248003 0.050000 0.050000
0 0.519814 0.256994 0.050000 0.050000
0 0.674660 0.277973 0.050000 0.050000
0 0.678656 0.262988 0.050000 0.050000
0 0.689645 0.256994 0.050000 0.050000
0 0.681653 0.248003 0.050000 0.050000
0 0.756827 0.424077 0.050000 0.050000
0 0.771313 0.403098 0.050000 0.050000
0 0.743840 0.391110 0.050000 0.050000
0 0.721363 0.370131 0.050000 0.050000
0 0.699385 0.388862 0.050000 0.050000
0 0.776308 0.364886 0.050000 0.050000
0 0.754829 0.363388 0.050000 0.050000
0 0.753830 0.307943 0.050000 0.050000
0 0.738346 0.253997 0.050000 0.050000
0 0.705379 0.257744 0.050000 0.050000
0 0.752831 0.255496 0.050000 0.050000
0 0.755329 0.268233 0.050000 0.050000
0 0.771313 0.268233 0.050000 0.050000
0 0.774809 0.255496 0.050000 0.050000
0 0.788795 0.262239 0.050000 0.050000
0 0.814270 0.247254 0.050000 0.050000
0 0.830753 0.314687 0.050000 0.050000
0 0.841742 0.274227 0.050000 0.050000
0 0.851233 0.259242 0.050000 0.050000
0 0.881203 0.267484 0.050000 0.050000
0 0.906178 0.280221 0.050000 0.050000
0 0.939645 0.265236 0.050000 0.050000
0 0.960624 0.259242 0.050000 0.050000
0 0.985599 0.268233 0.050000 0.050000
0 0.962122 0.360391 0.050000 0.050000
0 0.975109 0.368633 0.050000 0.050000
0 0.944640 0.349901 0.050000 0.050000
0 0.909674 0.364137 0.050000 0.050000
0 0.886697 0.363388 0.050000 0.050000
0 0.900184 0.385865 0.050000 0.050000
0 0.918666 0.346155 0.050000 0.050000
0 0.915169 0.478023 0.050000 0.050000
0 0.935649 0.449552 0.050000 0.050000
0 0.967117 0.397104 0.050000 0.050000
0 0.980104 0.412089 0.050000 0.050000
0 0.935149 0.382119 0.050000 0.050000
0 0.978606 0.454047 0.050000 0.050000
0 0.967117 0.252499 0.050000 0.050000
0 0.940394 0.585166 0.050000 0.050000
0 0.905429 0.432319 0.050000 0.050000