0 0.210433 0.046919 0.049805 0.049479
0 0.230246 0.042409 0.049805 0.049479
0 0.261658 0.028878 0.049805 0.049479
0 0.289204 0.008903 0.049805 0.049479
0 0.312883 0.065605 0.049805 0.049479
0 0.328348 0.087513 0.049805 0.049479
0 0.378606 0.072049 0.049805 0.049479
0 0.252476 0.071404 0.049805 0.049479
0 0.385372 0.023078 0.049805 0.049479
0 0.391171 0.017924 0.049805 0.049479
0 0.412918 0.012769 0.049805 0.049479
0 0.424999 0.015991 0.049805 0.049479
0 0.460760 0.017279 0.049805 0.049479
0 0.464143 0.005037 0.049805 0.049479
0 0.479607 0.008259 0.049805 0.049479
0 0.477674 0.047563 0.049805 0.049479
0 0.464626 0.034032 0.049805 0.049479
0 0.405669 0.030811 0.049805 0.049479
0 0.358793 0.121019 0.049805 0.049479
0 0.359759 0.108132 0.049805 0.049479
0 0.300319 0.158391 0.049805 0.049479
0 0.287271 0.184164 0.049805 0.049479
0 0.263591 0.208649 0.049805 0.049479
0 0.235079 0.215737 0.049805 0.049479
0 0.306601 0.202206 0.049805 0.049479
0 0.353960 0.173855 0.049805 0.049479
0 0.384406 0.187386 0.049805 0.049479
0 0.404219 0.169344 0.049805 0.049479
0 0.439014 0.155169 0.049805 0.049479
0 0.472842 0.178365 0.049805 0.049479
0 0.485890 0.181587 0.049805 0.049479
0 0.439014 0.184164 0.049805 0.049479
0 0.549680 0.184809 0.049805 0.049479
0 0.557412 0.290481 0.049805 0.049479
0 0.555479 0.247954 0.049805 0.049479
0 0.516818 0.244733 0.049805 0.049479
0 0.601388 0.209938 0.049805 0.049479
0 0.476225 0.289837 0.049805 0.049479
0 0.501837 0.338807 0.049805 0.049479
0 0.536632 0.371024 0.049805 0.049479
0 0.402286 0.387133 0.049805 0.049479
0 0.252476 0.337518 0.049805 0.049479
0 0.208017 0.113287 0.049805 0.049479
0 0.178308 0.139003 0.049805 0.049479
0 0.067450 0.230334 0.049805 0.049479
0 0.039510 0.239947 0.049805 0.049479
0 0.137750 0.225527 0.049805 0.049479
0 0.117922 0.334883 0.049805 0.049479
0 0.028694 0.414197 0.049805 0.049479
0 0.177407 0.461064 0.049805 0.049479
0 0.208952 0.504326 0.049805 0.049479
0 0.264832 0.509133 0.049805 0.049479
0 0.379296 0.427416 0.049805 0.049479
0 0.508180 0.453854 0.049805 0.049479
0 0.601013 0.680979 0.049805 0.049479
0 0.681228 0.399776 0.049805 0.049479
0 0.616335 0.215913 0.049805 0.049479
0 0.622644 0.196686 0.049805 0.049479
0 0.648782 0.142608 0.049805 0.049479
0 0.724490 0.113767 0.049805 0.049479
0 0.694748 0.171449 0.049805 0.049479
0 0.685735 0.256772 0.049805 0.049479
0 0.668610 0.268789 0.049805 0.049479
0 0.698353 0.278403 0.049805 0.049479
0 0.733503 0.197887 0.049805 0.049479
0 0.421657 0.601665 0.049805 0.049479
0 0.191828 0.653339 0.049805 0.049479
0 0.144960 0.730249 0.049805 0.049479
0 0.057535 0.566815 0.049805 0.049479
0 0.095932 0.833808 0.049805 0.049479
0 0.224991 0.898743 0.049805 0.049479
0 0.288303 0.788354 0.049805 0.049479
0 0.742320 0.162065 0.049805 0.049479
0 0.854980 0.082731 0.049805 0.049479
0 0.871562 0.085332 0.049805 0.049479
0 0.933500 0.137354 0.049805 0.049479
0 0.948131 0.134753 0.049805 0.049479
0 0.972029 0.207584 0.049805 0.049479
0 0.898385 0.296671 0.049805 0.049479
0 0.847176 0.207584 0.049805 0.049479
0 0.835472 0.174420 0.049805 0.049479
0 0.791578 0.250502 0.049805 0.049479
0 0.774508 0.261556 0.049805 0.049479
0 0.241583 0.041871 0.049805 0.049479
0 0.258723 0.063610 0.049805 0.049479
0 0.238238 0.076709 0.049805 0.049479