0 0.255414 0.924239 0.050000 0.049057
0 0.278537 0.908817 0.050000 0.049057
0 0.301660 0.942908 0.050000 0.049057
0 0.296820 0.893395 0.050000 0.049057
0 0.345755 0.984304 0.050000 0.049057
0 0.383397 0.978622 0.050000 0.049057
0 0.414048 0.957518 0.050000 0.049057
0 0.443624 0.941284 0.050000 0.049057
0 0.481804 0.919369 0.050000 0.049057
0 0.542569 0.975375 0.050000 0.049057
0 0.522672 0.995667 0.050000 0.049057
0 0.523210 0.954271 0.050000 0.049057
0 0.518908 0.907193 0.050000 0.049057
0 0.574834 0.947778 0.050000 0.049057
0 0.556013 0.921804 0.050000 0.049057
0 0.570532 0.857680 0.050000 0.049057
0 0.616240 0.918557 0.050000 0.049057
0 0.615702 0.859304 0.050000 0.049057
0 0.576447 0.825213 0.050000 0.049057
0 0.534503 0.871479 0.050000 0.049057
0 0.520522 0.856057 0.050000 0.049057
0 0.477502 0.883654 0.050000 0.049057
0 0.469436 0.863362 0.050000 0.049057
0 0.372642 0.905976 0.050000 0.049057
0 0.344679 0.935197 0.050000 0.049057
0 0.345755 0.881625 0.050000 0.049057
0 0.371567 0.886495 0.050000 0.049057
0 0.358661 0.857275 0.050000 0.049057
0 0.340377 0.815067 0.050000 0.049057
0 0.313490 0.834547 0.050000 0.049057
0 0.314566 0.823184 0.050000 0.049057
0 0.256489 0.891365 0.050000 0.049057
0 0.265093 0.880002 0.050000 0.049057
0 0.272622 0.935197 0.050000 0.049057
0 0.287679 0.944937 0.050000 0.049057
0 0.298433 0.977404 0.050000 0.049057
0 0.418888 0.828054 0.050000 0.049057
0 0.373718 0.785846 0.050000 0.049057
0 0.358661 0.777729 0.050000 0.049057
0 0.368340 0.763119 0.050000 0.049057
0 0.400605 0.751755 0.050000 0.049057
0 0.380170 0.753378 0.050000 0.049057
0 0.438247 0.815067 0.050000 0.049057
0 0.460832 0.904352 0.050000 0.049057
0 0.475889 0.836171 0.050000 0.049057
0 0.452228 0.836171 0.050000 0.049057
0 0.466209 0.808573 0.050000 0.049057
0 0.617853 0.824807 0.050000 0.049057
0 0.643665 0.819937 0.050000 0.049057
0 0.680231 0.847534 0.050000 0.049057
0 0.670552 0.836171 0.050000 0.049057
0 0.675929 0.815067 0.050000 0.049057
0 0.665175 0.816690 0.050000 0.049057
0 0.669476 0.813443 0.050000 0.049057
0 0.703892 0.828054 0.050000 0.049057
0 0.731855 0.894612 0.050000 0.049057
0 0.744761 0.837794 0.050000 0.049057
0 0.754440 0.763119 0.050000 0.049057
0 0.759817 0.732275 0.050000 0.049057
0 0.749062 0.740391 0.050000 0.049057
0 0.739383 0.719288 0.050000 0.049057
0 0.731855 0.755002 0.050000 0.049057
0 0.716798 0.743638 0.050000 0.049057
0 0.715722 0.779352 0.050000 0.049057
0 0.704968 0.785846 0.050000 0.049057
0 0.692062 0.777729 0.050000 0.049057
0 0.494172 0.816690 0.050000 0.049057
0 0.493097 0.800456 0.050000 0.049057
0 0.521059 0.789093 0.050000 0.049057
0 0.500625 0.837794 0.050000 0.049057
0 0.501700 0.808573 0.050000 0.049057
0 0.525361 0.763119 0.050000 0.049057
0 0.484493 0.745262 0.050000 0.049057
0 0.459756 0.771236 0.050000 0.049057
0 0.439322 0.763119 0.050000 0.049057
0 0.431794 0.782599 0.050000 0.049057
0 0.426416 0.751755 0.050000 0.049057
0 0.438247 0.743638 0.050000 0.049057
0 0.431794 0.706301 0.050000 0.049057
0 0.410284 0.720911 0.050000 0.049057
0 0.416737 0.725781 0.050000 0.049057
0 0.404907 0.707924 0.050000 0.049057
0 0.416737 0.664093 0.050000 0.049057
0 0.404907 0.673833 0.050000 0.049057
0 0.367265 0.720911 0.050000 0.049057
0 0.356510 0.720911 0.050000 0.049057
0 0.314566 0.719288 0.050000 0.049057
0 0.319943 0.696560 0.050000 0.049057
0 0.316717 0.617015 0.050000 0.049057
0 0.364038 0.685197 0.050000 0.049057
0 0.383397 0.657599 0.050000 0.049057
0 0.241433 0.742015 0.050000 0.049057
0 0.265093 0.766365 0.050000 0.049057
0 0.242508 0.777729 0.050000 0.049057
0 0.252188 0.811820 0.050000 0.049057
0 0.668401 0.756625 0.050000 0.049057
0 0.652269 0.763119 0.050000 0.049057
0 0.660873 0.733898 0.050000 0.049057
0 0.652269 0.699807 0.050000 0.049057
0 0.640438 0.681950 0.050000 0.049057
0 0.631834 0.668963 0.050000 0.049057
0 0.616778 0.673833 0.050000 0.049057
0 0.615702 0.696560 0.050000 0.049057
0 0.620004 0.740391 0.050000 0.049057
0 0.625381 0.789093 0.050000 0.049057
0 0.614627 0.779352 0.050000 0.049057
0 0.617853 0.763119 0.050000 0.049057
0 0.608174 0.763119 0.050000 0.049057
0 0.607098 0.748508 0.050000 0.049057
0 0.596343 0.722534 0.050000 0.049057
0 0.570532 0.766365 0.050000 0.049057
0 0.558701 0.759872 0.050000 0.049057
0 0.575909 0.732275 0.050000 0.049057
0 0.578060 0.714417 0.050000 0.049057
0 0.545795 0.717664 0.050000 0.049057
0 0.538267 0.737145 0.050000 0.049057
0 0.529663 0.729028 0.050000 0.049057
0 0.521059 0.740391 0.050000 0.049057
0 0.531814 0.719288 0.050000 0.049057
0 0.532890 0.698184 0.050000 0.049057
0 0.543644 0.696560 0.050000 0.049057
0 0.511380 0.688443 0.050000 0.049057
0 0.493097 0.719288 0.050000 0.049057
0 0.478040 0.699807 0.050000 0.049057
0 0.470511 0.714417 0.050000 0.049057
0 0.465134 0.694937 0.050000 0.049057
0 0.442549 0.668963 0.050000 0.049057
0 0.449002 0.646236 0.050000 0.049057
0 0.460832 0.646236 0.050000 0.049057
0 0.481266 0.657599 0.050000 0.049057
0 0.501700 0.646236 0.050000 0.049057
0 0.516757 0.670586 0.050000 0.049057
0 0.503851 0.657599 0.050000 0.049057
0 0.528588 0.659223 0.050000 0.049057
0 0.542569 0.681950 0.050000 0.049057
0 0.563003 0.681950 0.050000 0.049057
0 0.585588 0.677080 0.050000 0.049057
0 0.601721 0.691690 0.050000 0.049057
0 0.606023 0.660846 0.050000 0.049057
0 0.598494 0.638119 0.050000 0.049057
0 0.514606 0.654352 0.050000 0.049057
0 0.500625 0.613768 0.050000 0.049057
0 0.509229 0.600781 0.050000 0.049057
0 0.472662 0.604028 0.050000 0.049057
0 0.462983 0.608898 0.050000 0.049057
0 0.429643 0.612145 0.050000 0.049057
0 0.425341 0.612145 0.050000 0.049057
0 0.412435 0.592664 0.050000 0.049057
0 0.404907 0.604028 0.050000 0.049057
0 0.394152 0.592664 0.050000 0.049057
0 0.321019 0.597534 0.050000 0.049057
0 0.314566 0.574807 0.050000 0.049057
0 0.314566 0.555327 0.050000 0.049057
0 0.307037 0.547210 0.050000 0.049057
0 0.312415 0.532599 0.050000 0.049057
0 0.305962 0.517989 0.050000 0.049057
0 0.313490 0.498508 0.050000 0.049057
0 0.318868 0.495262 0.050000 0.049057
0 0.308113 0.477404 0.050000 0.049057
0 0.353283 0.440067 0.050000 0.049057
0 0.382321 0.605651 0.050000 0.049057
0 0.396303 0.555327 0.050000 0.049057
0 0.389850 0.517989 0.050000 0.049057
0 0.376944 0.483898 0.050000 0.049057
0 0.355434 0.487145 0.050000 0.049057
0 0.364038 0.457924 0.050000 0.049057
0 0.375869 0.438443 0.050000 0.049057
0 0.386623 0.436820 0.050000 0.049057
0 0.397378 0.438443 0.050000 0.049057
0 0.379095 0.409223 0.050000 0.049057
0 0.368340 0.397859 0.050000 0.049057
0 0.397378 0.375132 0.050000 0.049057
0 0.360812 0.357275 0.050000 0.049057
0 0.307037 0.313443 0.050000 0.049057
0 0.350057 0.323184 0.050000 0.049057
0 0.364038 0.315067 0.050000 0.049057
0 0.354359 0.308573 0.050000 0.049057
0 0.343604 0.272859 0.050000 0.049057
0 0.371567 0.292340 0.050000 0.049057
0 0.398454 0.300456 0.050000 0.049057
0 0.421039 0.318314 0.050000 0.049057
0 0.424265 0.300456 0.050000 0.049057
0 0.432869 0.352404 0.050000 0.049057
0 0.466209 0.357275 0.050000 0.049057
0 0.414586 0.444937 0.050000 0.049057
0 0.417812 0.415716 0.050000 0.049057
0 0.438247 0.415716 0.050000 0.049057
0 0.456530 0.436820 0.050000 0.049057
0 0.465134 0.404352 0.050000 0.049057
0 0.484493 0.404352 0.050000 0.049057
0 0.480191 0.449807 0.050000 0.049057
0 0.469436 0.438443 0.050000 0.049057
0 0.453304 0.449807 0.050000 0.049057
0 0.443624 0.472534 0.050000 0.049057
0 0.427492 0.464417 0.050000 0.049057
0 0.478040 0.464417 0.050000 0.049057
0 0.489870 0.466041 0.050000 0.049057
0 0.500625 0.440067 0.050000 0.049057
0 0.509229 0.414093 0.050000 0.049057
0 0.515682 0.404352 0.050000 0.049057
0 0.511380 0.436820 0.050000 0.049057
0 0.515682 0.427080 0.050000 0.049057
0 0.515682 0.469288 0.050000 0.049057
0 0.504927 0.469288 0.050000 0.049057
0 0.537192 0.466041 0.050000 0.049057
0 0.549022 0.449807 0.050000 0.049057
0 0.532890 0.410846 0.050000 0.049057
0 0.527512 0.399482 0.050000 0.049057
0 0.553324 0.428703 0.050000 0.049057
0 0.568381 0.425456 0.050000 0.049057
0 0.583437 0.427080 0.050000 0.049057
0 0.582362 0.394612 0.050000 0.049057
0 0.566230 0.472534 0.050000 0.049057
0 0.565154 0.440067 0.050000 0.049057
0 0.588815 0.483898 0.050000 0.049057
0 0.600645 0.391365 0.050000 0.049057
0 0.604947 0.417340 0.050000 0.049057
0 0.621080 0.405976 0.050000 0.049057
0 0.626457 0.397859 0.050000 0.049057
0 0.650118 0.370262 0.050000 0.049057
0 0.660873 0.341041 0.050000 0.049057
0 0.680231 0.392989 0.050000 0.049057
0 0.670552 0.370262 0.050000 0.049057
0 0.708194 0.680327 0.050000 0.049057
0 0.683458 0.683573 0.050000 0.049057
0 0.669476 0.681950 0.050000 0.049057
0 0.657646 0.665716 0.050000 0.049057
0 0.700666 0.698184 0.050000 0.049057
0 0.685609 0.704677 0.050000 0.049057
0 0.723251 0.683573 0.050000 0.049057
0 0.729704 0.685197 0.050000 0.049057
0 0.754440 0.670586 0.050000 0.049057
0 0.754440 0.636495 0.050000 0.049057
0 0.735081 0.642989 0.050000 0.049057
0 0.690986 0.615391 0.050000 0.049057
0 0.712496 0.600781 0.050000 0.049057
0 0.741534 0.574807 0.050000 0.049057
0 0.721100 0.592664 0.050000 0.049057
0 0.780252 0.639742 0.050000 0.049057
0 0.791006 0.628378 0.050000 0.049057
0 0.829724 0.631625 0.050000 0.049057
0 0.804988 0.589417 0.050000 0.049057
0 0.780252 0.563443 0.050000 0.049057
0 0.759817 0.574807 0.050000 0.049057
0 0.763044 0.558573 0.050000 0.049057
0 0.772723 0.537469 0.050000 0.049057
0 0.768421 0.521236 0.050000 0.049057
0 0.755515 0.464417 0.050000 0.049057
0 0.794233 0.472534 0.050000 0.049057
0 0.412435 0.534223 0.050000 0.049057
0 0.384472 0.566690 0.050000 0.049057
0 0.423190 0.529352 0.050000 0.049057
0 0.431794 0.532599 0.050000 0.049057
0 0.445775 0.568314 0.050000 0.049057
0 0.447926 0.552080 0.050000 0.049057
0 0.427492 0.591041 0.050000 0.049057
0 0.471587 0.578054 0.050000 0.049057
0 0.480191 0.563443 0.050000 0.049057
0 0.466209 0.532599 0.050000 0.049057
0 0.456530 0.529352 0.050000 0.049057
0 0.462983 0.498508 0.050000 0.049057
0 0.452228 0.479028 0.050000 0.049057
0 0.464058 0.461171 0.050000 0.049057
0 0.454379 0.498508 0.050000 0.049057
0 0.507078 0.521236 0.050000 0.049057
0 0.524286 0.509872 0.050000 0.049057
0 0.538267 0.509872 0.050000 0.049057
0 0.549022 0.526106 0.050000 0.049057
0 0.526437 0.540716 0.050000 0.049057
0 0.518908 0.556950 0.050000 0.049057
0 0.510304 0.568314 0.050000 0.049057
0 0.497399 0.586171 0.050000 0.049057
0 0.545795 0.563443 0.050000 0.049057
0 0.532890 0.597534 0.050000 0.049057
0 0.524286 0.589417 0.050000 0.049057
0 0.561928 0.578054 0.050000 0.049057
0 0.551173 0.578054 0.050000 0.049057
0 0.571607 0.566690 0.050000 0.049057
0 0.587739 0.589417 0.050000 0.049057
0 0.584513 0.545586 0.050000 0.049057
0 0.579136 0.540716 0.050000 0.049057
0 0.571607 0.543963 0.050000 0.049057
0 0.564079 0.543963 0.050000 0.049057
0 0.567305 0.524482 0.050000 0.049057
0 0.585588 0.529352 0.050000 0.049057
0 0.610325 0.552080 0.050000 0.049057
0 0.631834 0.578054 0.050000 0.049057
0 0.618929 0.597534 0.050000 0.049057
0 0.632910 0.615391 0.050000 0.049057
0 0.626457 0.634872 0.050000 0.049057
0 0.611400 0.623508 0.050000 0.049057
0 0.598494 0.578054 0.050000 0.049057
0 0.678080 0.620262 0.050000 0.049057
0 0.629683 0.540716 0.050000 0.049057
0 0.624306 0.555327 0.050000 0.049057
0 0.615702 0.517989 0.050000 0.049057
0 0.602796 0.509872 0.050000 0.049057
0 0.557626 0.479028 0.050000 0.049057
0 0.668401 0.563443 0.050000 0.049057
0 0.677005 0.547210 0.050000 0.049057
0 0.672703 0.532599 0.050000 0.049057
0 0.666250 0.543963 0.050000 0.049057
0 0.679156 0.498508 0.050000 0.049057
0 0.686684 0.500132 0.050000 0.049057
0 0.712496 0.501755 0.050000 0.049057
0 0.741534 0.506625 0.050000 0.049057
0 0.727553 0.552080 0.050000 0.049057
0 0.742610 0.547210 0.050000 0.049057
0 0.679156 0.568314 0.050000 0.049057
0 0.686684 0.537469 0.050000 0.049057
0 0.696364 0.552080 0.050000 0.049057
0 0.708194 0.571560 0.050000 0.049057
0 0.692062 0.582924 0.050000 0.049057
0 0.731855 0.506625 0.050000 0.049057
0 0.717873 0.475781 0.050000 0.049057
0 0.723251 0.475781 0.050000 0.049057
0 0.701741 0.461171 0.050000 0.049057
0 0.693137 0.466041 0.050000 0.049057
0 0.686684 0.472534 0.050000 0.049057
0 0.684533 0.456301 0.050000 0.049057
0 0.670552 0.446560 0.050000 0.049057
0 0.655495 0.427080 0.050000 0.049057
0 0.607098 0.454677 0.050000 0.049057
0 0.638287 0.475781 0.050000 0.049057
0 0.652269 0.492015 0.050000 0.049057
0 0.646891 0.574807 0.050000 0.049057
0 0.656571 0.503378 0.050000 0.049057
0 0.800686 0.488768 0.050000 0.049057
0 0.793157 0.526106 0.050000 0.049057
0 0.807139 0.495262 0.050000 0.049057
0 0.823271 0.503378 0.050000 0.049057
0 0.842630 0.532599 0.050000 0.049057
0 0.846932 0.543963 0.050000 0.049057
0 0.855536 0.540716 0.050000 0.049057
0 0.880272 0.558573 0.050000 0.049057
0 0.880272 0.571560 0.050000 0.049057
0 0.863064 0.592664 0.050000 0.049057
0 0.851234 0.589417 0.050000 0.049057
0 0.841554 0.571560 0.050000 0.049057
0 0.823271 0.563443 0.050000 0.049057
0 0.838328 0.608898 0.050000 0.049057
0 0.829724 0.608898 0.050000 0.049057
0 0.825422 0.582924 0.050000 0.049057
0 0.934046 0.646236 0.050000 0.049057
0 0.912537 0.623508 0.050000 0.049057
0 0.905008 0.625132 0.050000 0.049057
0 0.928669 0.623508 0.050000 0.049057
0 0.898555 0.631625 0.050000 0.049057
0 0.889951 0.634872 0.050000 0.049057
0 0.888876 0.651106 0.050000 0.049057
0 0.879196 0.608898 0.050000 0.049057
0 0.872744 0.634872 0.050000 0.049057
0 0.845856 0.628378 0.050000 0.049057
0 0.801761 0.612145 0.050000 0.049057
0 0.607098 0.331301 0.050000 0.049057
0 0.611400 0.302080 0.050000 0.049057
0 0.609249 0.318314 0.050000 0.049057
0 0.606023 0.313443 0.050000 0.049057
0 0.587739 0.285846 0.050000 0.049057
0 0.569456 0.274482 0.050000 0.049057
0 0.553324 0.337794 0.050000 0.049057
0 0.539343 0.341041 0.050000 0.049057
0 0.507078 0.339417 0.050000 0.049057
0 0.503851 0.308573 0.050000 0.049057
0 0.509229 0.323184 0.050000 0.049057
0 0.523210 0.297210 0.050000 0.049057
0 0.554399 0.318314 0.050000 0.049057
0 0.537192 0.302080 0.050000 0.049057
0 0.561928 0.261495 0.050000 0.049057
0 0.529663 0.259872 0.050000 0.049057
0 0.545795 0.272859 0.050000 0.049057
0 0.515682 0.263119 0.050000 0.049057
0 0.492021 0.285846 0.050000 0.049057
0 0.480191 0.279352 0.050000 0.049057
0 0.486644 0.266365 0.050000 0.049057
0 0.493097 0.250132 0.050000 0.049057
0 0.482342 0.251755 0.050000 0.049057
0 0.506002 0.246885 0.050000 0.049057
0 0.492021 0.216041 0.050000 0.049057
0 0.481266 0.225781 0.050000 0.049057
0 0.462983 0.209547 0.050000 0.049057
0 0.474813 0.188443 0.050000 0.049057
0 0.462983 0.168963 0.050000 0.049057
0 0.456530 0.175456 0.050000 0.049057
0 0.452228 0.214417 0.050000 0.049057
0 0.441473 0.225781 0.050000 0.049057
0 0.429643 0.225781 0.050000 0.049057
0 0.423190 0.214417 0.050000 0.049057
0 0.419963 0.204677 0.050000 0.049057
0 0.407058 0.224158 0.050000 0.049057
0 0.402756 0.206301 0.050000 0.049057
0 0.395227 0.227404 0.050000 0.049057
0 0.374793 0.225781 0.050000 0.049057
0 0.442549 0.280976 0.050000 0.049057
0 0.422114 0.277729 0.050000 0.049057
0 0.456530 0.292340 0.050000 0.049057
0 0.470511 0.302080 0.050000 0.049057
0 0.462983 0.267989 0.050000 0.049057
0 0.401680 0.280976 0.050000 0.049057
0 0.374793 0.255002 0.050000 0.049057
0 0.357585 0.245262 0.050000 0.049057
0 0.418888 0.184791 0.050000 0.049057
0 0.394152 0.196966 0.050000 0.049057
0 0.380170 0.193719 0.050000 0.049057
0 0.392539 0.124726 0.050000 0.049057
0 0.434483 0.255408 0.050000 0.049057
0 0.482342 0.318719 0.050000 0.049057
0 0.512993 0.301674 0.050000 0.049057
0 0.595806 0.327648 0.050000 0.049057
0 0.402218 0.363362 0.050000 0.049057
0 0.382859 0.357680 0.050000 0.049057
0 0.392001 0.165716 0.050000 0.049057
0 0.386623 0.175456 0.050000 0.049057
0 0.408133 0.160846 0.050000 0.049057
0 0.424265 0.170586 0.050000 0.049057
0 0.426416 0.149482 0.050000 0.049057
0 0.414586 0.147859 0.050000 0.049057
0 0.442549 0.164093 0.050000 0.049057
0 0.430718 0.194937 0.050000 0.049057
0 0.436096 0.209547 0.050000 0.049057
0 0.514606 0.199807 0.050000 0.049057
0 0.346830 0.194937 0.050000 0.049057
0 0.348981 0.165716 0.050000 0.049057
0 0.323170 0.165716 0.050000 0.049057
0 0.311339 0.142989 0.050000 0.049057
0 0.378019 0.107275 0.050000 0.049057
0 0.368340 0.107275 0.050000 0.049057
0 0.362963 0.131625 0.050000 0.049057
0 0.354359 0.123508 0.050000 0.049057
0 0.357585 0.102404 0.050000 0.049057
0 0.392001 0.112145 0.050000 0.049057
0 0.311339 0.052080 0.050000 0.049057
0 0.327472 0.039093 0.050000 0.049057
0 0.323170 0.013119 0.050000 0.049057
0 0.330698 0.081301 0.050000 0.049057
0 0.312415 0.097534 0.050000 0.049057
0 0.389850 0.842664 0.050000 0.049057
0 0.402756 0.829677 0.050000 0.049057
0 0.392001 0.826430 0.050000 0.049057
0 0.410284 0.811820 0.050000 0.049057
0 0.321019 0.217664 0.050000 0.049057
0 0.332849 0.206301 0.050000 0.049057
0 0.326396 0.261495 0.050000 0.049057
0 0.371567 0.164093 0.050000 0.049057
0 0.364038 0.142989 0.050000 0.049057