0 0.987519 0.944474 0.049485 0.048889
0 0.948273 0.990617 0.049485 0.048889
0 0.949802 0.942277 0.049485 0.048889
0 0.909027 0.979631 0.049485 0.048889
0 0.893737 0.991716 0.049485 0.048889
0 0.850414 0.996111 0.049485 0.048889
0 0.873349 0.949967 0.049485 0.048889
0 0.920750 0.899429 0.049485 0.048889
0 0.951841 0.912613 0.049485 0.048889
0 0.906988 0.824721 0.049485 0.048889
0 0.977835 0.790663 0.049485 0.048889
0 0.954899 0.770887 0.049485 0.048889
0 0.969170 0.756604 0.049485 0.048889
0 0.980893 0.707165 0.049485 0.048889
0 0.996183 0.915909 0.049485 0.048889
0 0.893227 0.873062 0.049485 0.048889
0 0.884053 0.809340 0.049485 0.048889
0 0.865194 0.833510 0.049485 0.048889
0 0.841239 0.873062 0.049485 0.048889
0 0.793329 0.918106 0.049485 0.048889
0 0.807600 0.973039 0.049485 0.048889
0 0.772942 0.959855 0.049485 0.048889
0 0.813207 0.866470 0.049485 0.048889
0 0.796387 0.878555 0.049485 0.048889
0 0.782626 0.846694 0.049485 0.048889
0 0.830026 0.825819 0.049485 0.048889
0 0.845826 0.785169 0.049485 0.048889
0 0.875388 0.744519 0.049485 0.048889
0 0.834104 0.757703 0.049485 0.048889
0 0.875388 0.708264 0.049485 0.048889
0 0.923808 0.734631 0.049485 0.048889
0 0.919731 0.786268 0.049485 0.048889
0 0.937569 0.700573 0.049485 0.048889
0 0.939608 0.636851 0.049485 0.048889
0 0.980383 0.674205 0.049485 0.048889
0 0.962034 0.654430 0.049485 0.048889
0 0.983951 0.606089 0.049485 0.048889
0 0.976815 0.578623 0.049485 0.048889
0 0.951331 0.594004 0.049485 0.048889
0 0.940118 0.609385 0.049485 0.048889
0 0.838691 0.678600 0.049485 0.048889
0 0.963563 0.516000 0.049485 0.048889
0 0.935021 0.554452 0.049485 0.048889
0 0.880485 0.550058 0.049485 0.048889
0 0.909537 0.530282 0.049485 0.048889
0 0.909537 0.609385 0.049485 0.048889
0 0.919221 0.591807 0.049485 0.048889
0 0.898324 0.650035 0.049485 0.048889
0 0.888640 0.670910 0.049485 0.048889
0 0.851433 0.594004 0.049485 0.048889
0 0.842768 0.583017 0.049485 0.048889
0 0.818813 0.514901 0.049485 0.048889
0 0.806581 0.569834 0.049485 0.048889
0 0.830536 0.657726 0.049485 0.048889
0 0.813207 0.640147 0.049485 0.048889
0 0.795877 0.720349 0.049485 0.048889
0 0.784155 0.677501 0.049485 0.048889
0 0.773961 0.677501 0.049485 0.048889
0 0.759690 0.693981 0.049485 0.048889
0 0.755612 0.712658 0.049485 0.048889
0 0.782626 0.777479 0.049485 0.048889
0 0.816265 0.792860 0.049485 0.048889
0 0.743380 0.938981 0.049485 0.048889
0 0.762748 0.878555 0.049485 0.048889
0 0.759180 0.836257 0.049485 0.048889
0 0.755612 0.778577 0.049485 0.048889
0 0.740322 0.791212 0.049485 0.048889
0 0.713563 0.780775 0.049485 0.048889
0 0.677121 0.823073 0.049485 0.048889
0 0.663105 0.839553 0.049485 0.048889
0 0.681453 0.793959 0.049485 0.048889
0 0.677376 0.736279 0.049485 0.048889
0 0.697508 0.850539 0.049485 0.048889
0 0.724012 0.858779 0.049485 0.048889
0 0.579262 0.891133 0.049485 0.048889
0 0.543074 0.884541 0.049485 0.048889
0 0.524216 0.877949 0.049485 0.048889
0 0.552758 0.753801 0.049485 0.048889
0 0.571616 0.779070 0.049485 0.048889
0 0.591494 0.730729 0.049485 0.048889
0 0.638385 0.732927 0.049485 0.048889
0 0.637366 0.804339 0.049485 0.048889
0 0.614940 0.843891 0.049485 0.048889
0 0.581300 0.844989 0.049485 0.048889
0 0.664889 0.951559 0.049485 0.048889
0 0.695470 0.663712 0.049485 0.048889
0 0.709231 0.647232 0.049485 0.048889
0 0.730638 0.646133 0.049485 0.048889
0 0.720954 0.580214 0.049485 0.048889
0 0.771922 0.599990 0.049485 0.048889
0 0.761219 0.642837 0.049485 0.048889
0 0.668456 0.662613 0.049485 0.048889
0 0.676102 0.697770 0.049485 0.048889
0 0.651637 0.690079 0.049485 0.048889
0 0.646030 0.657120 0.049485 0.048889
0 0.634308 0.662613 0.049485 0.048889
0 0.652656 0.597793 0.049485 0.048889
0 0.676102 0.592299 0.049485 0.048889
0 0.699547 0.575819 0.049485 0.048889
0 0.656734 0.562636 0.049485 0.048889
0 0.627172 0.583510 0.049485 0.048889
0 0.594552 0.584609 0.049485 0.048889
0 0.588946 0.651626 0.049485 0.048889
0 0.616469 0.627456 0.049485 0.048889
0 0.611372 0.668106 0.049485 0.048889
0 0.550210 0.723039 0.049485 0.048889
0 0.540016 0.702164 0.049485 0.048889
0 0.548171 0.657120 0.049485 0.048889
0 0.532880 0.613174 0.049485 0.048889
0 0.507906 0.716447 0.049485 0.048889
0 0.508925 0.792254 0.049485 0.048889
0 0.509435 0.823016 0.049485 0.048889
0 0.509435 0.887837 0.049485 0.048889
0 0.575184 0.541761 0.049485 0.048889
0 0.532880 0.586806 0.049485 0.048889
0 0.602197 0.552748 0.049485 0.048889
0 0.635327 0.526380 0.049485 0.048889
0 0.688334 0.548353 0.049485 0.048889
0 0.735225 0.596694 0.049485 0.048889
0 0.789761 0.542860 0.049485 0.048889
0 0.711270 0.968644 0.049485 0.048889
0 0.720444 0.944474 0.049485 0.048889
0 0.556326 0.966447 0.049485 0.048889
0 0.522687 0.978532 0.049485 0.048889
0 0.622585 0.955460 0.049485 0.048889
0 0.608823 0.976335 0.049485 0.048889
0 0.631249 0.929093 0.049485 0.048889
0 0.566774 0.604441 0.049485 0.048889
0 0.507396 0.568186 0.049485 0.048889
0 0.487009 0.593455 0.049485 0.048889
0 0.472993 0.591257 0.049485 0.048889
0 0.503319 0.648936 0.049485 0.048889
0 0.498986 0.671459 0.049485 0.048889
0 0.483951 0.719250 0.049485 0.048889
0 0.452605 0.670910 0.049485 0.048889
0 0.479109 0.637950 0.049485 0.048889
0 0.453370 0.752210 0.049485 0.048889
0 0.443176 0.594004 0.049485 0.048889
0 0.429415 0.615977 0.049485 0.048889
0 0.431963 0.559946 0.049485 0.048889
0 0.420750 0.578623 0.049485 0.048889
0 0.380485 0.562143 0.049485 0.048889
0 0.351943 0.626963 0.049485 0.048889
0 0.393227 0.622569 0.049485 0.048889
0 0.399343 0.650035 0.049485 0.048889
0 0.412595 0.679699 0.049485 0.048889
0 0.386601 0.730237 0.049485 0.048889
0 0.389659 0.759900 0.049485 0.048889
0 0.432982 0.755506 0.049485 0.048889
0 0.461525 0.807142 0.049485 0.048889
0 0.354491 0.821425 0.049485 0.048889
0 0.370801 0.798353 0.049485 0.048889
0 0.385582 0.812636 0.049485 0.048889
0 0.352452 0.760999 0.049485 0.048889
0 0.352962 0.715954 0.049485 0.048889
0 0.375388 0.689587 0.049485 0.048889
0 0.375388 0.645641 0.049485 0.048889
0 0.392208 0.879653 0.049485 0.048889
0 0.376917 0.516000 0.049485 0.048889
0 0.396795 0.488533 0.049485 0.048889
0 0.433492 0.478645 0.049485 0.048889
0 0.452350 0.461067 0.049485 0.048889
0 0.524725 0.516000 0.049485 0.048889
0 0.546642 0.499520 0.049485 0.048889
0 0.531861 0.480843 0.049485 0.048889
0 0.489557 0.461067 0.049485 0.048889
0 0.497712 0.488533 0.049485 0.048889
0 0.489048 0.517098 0.049485 0.048889
0 0.473247 0.520394 0.049485 0.048889
0 0.472738 0.561044 0.049485 0.048889
0 0.361881 0.535226 0.049485 0.048889
0 0.358568 0.468758 0.049485 0.048889
0 0.439099 0.508858 0.049485 0.048889
0 0.343533 0.566538 0.049485 0.048889
0 0.337162 0.590708 0.049485 0.048889
0 0.026764 0.995012 0.049485 0.048889
0 0.038997 0.922501 0.049485 0.048889
0 0.004848 0.915909 0.049485 0.048889
0 0.074165 0.980729 0.049485 0.048889
0 0.081300 0.934586 0.049485 0.048889
0 0.108314 0.918106 0.049485 0.048889
0 0.132269 0.902725 0.049485 0.048889
0 0.130740 0.856582 0.049485 0.048889
0 0.169985 0.864272 0.049485 0.048889
0 0.184257 0.896133 0.049485 0.048889
0 0.228089 0.882949 0.049485 0.048889
0 0.113410 0.766492 0.049485 0.048889
0 0.124624 0.739026 0.049485 0.048889
0 0.129211 0.722546 0.049485 0.048889
0 0.159282 0.656627 0.049485 0.048889
0 0.325439 0.785169 0.049485 0.048889
0 0.306581 0.896133 0.049485 0.048889
0 0.330026 0.957658 0.049485 0.048889
0 0.380485 0.927994 0.049485 0.048889
0 0.459996 0.970842 0.049485 0.048889
0 0.484460 0.978532 0.049485 0.048889
0 0.337162 0.931290 0.049485 0.048889
0 0.477070 0.874463 0.049485 0.048889
0 0.358568 0.905225 0.049485 0.048889
0 0.095572 0.814833 0.049485 0.048889
0 0.031351 0.743421 0.049485 0.048889
0 0.028803 0.802748 0.049485 0.048889
0 0.034409 0.834609 0.049485 0.048889
0 0.070087 0.691784 0.049485 0.048889
0 0.107931 0.698925 0.049485 0.048889
0 0.093151 0.742871 0.049485 0.048889
0 0.080154 0.781873 0.049485 0.048889
0 0.189736 0.614878 0.049485 0.048889
0 0.207065 0.608286 0.049485 0.048889
0 0.184894 0.649486 0.049485 0.048889
0 0.236881 0.728039 0.049485 0.048889
0 0.178777 0.780225 0.049485 0.048889
0 0.212162 0.814284 0.049485 0.048889
0 0.140041 0.601145 0.049485 0.048889
0 0.151764 0.597300 0.049485 0.048889
0 0.244527 0.608286 0.049485 0.048889
0 0.068686 0.652232 0.049485 0.048889
0 0.014404 0.764295 0.049485 0.048889
0 0.258161 0.819228 0.049485 0.048889
0 0.270393 0.790663 0.049485 0.048889
0 0.278548 0.726941 0.049485 0.048889
0 0.397814 0.798902 0.049485 0.048889
0 0.418711 0.765943 0.049485 0.048889
0 0.444450 0.706066 0.049485 0.048889
0 0.321362 0.684093 0.049485 0.048889
0 0.326968 0.714306 0.049485 0.048889
0 0.315755 0.753308 0.049485 0.048889
0 0.266061 0.574777 0.049485 0.048889
0 0.314481 0.567087 0.049485 0.048889
0 0.321107 0.625865 0.049485 0.048889
0 0.313461 0.662120 0.049485 0.048889
0 0.283390 0.670360 0.049485 0.048889
0 0.248732 0.667064 0.049485 0.048889
0 0.148196 0.176649 0.049485 0.048889
0 0.176994 0.168409 0.049485 0.048889
0 0.166035 0.156873 0.049485 0.048889
0 0.154313 0.219497 0.049485 0.048889
0 0.118635 0.245315 0.049485 0.048889
0 0.113538 0.204115 0.049485 0.048889
0 0.078370 0.177748 0.049485 0.048889
0 0.064608 0.220595 0.049485 0.048889
0 0.033518 0.149732 0.049485 0.048889
0 0.020775 0.116773 0.049485 0.048889
0 0.021285 0.159620 0.049485 0.048889
0 0.007778 0.166761 0.049485 0.048889
0 0.006504 0.226638 0.049485 0.048889
0 0.031479 0.143140 0.049485 0.048889
0 0.235352 0.125012 0.049485 0.048889
0 0.238665 0.149732 0.049485 0.048889
0 0.211907 0.177748 0.049485 0.048889
0 0.219552 0.127210 0.049485 0.048889
0 0.202987 0.128858 0.049485 0.048889
0 0.188971 0.114026 0.049485 0.048889
0 0.204262 0.162367 0.049485 0.048889
0 0.200439 0.174452 0.049485 0.048889
0 0.198145 0.183790 0.049485 0.048889
0 0.163742 0.179396 0.049485 0.048889
0 0.158645 0.156873 0.049485 0.048889
0 0.164506 0.148084 0.049485 0.048889
0 0.178013 0.127210 0.049485 0.048889
0 0.095954 0.191481 0.049485 0.048889
0 0.074292 0.193129 0.049485 0.048889
0 0.072508 0.081066 0.049485 0.048889
0 0.022050 0.047557 0.049485 0.048889
0 0.028676 0.033275 0.049485 0.048889
0 0.005485 0.032176 0.049485 0.048889
0 0.135199 0.066784 0.049485 0.048889
0 0.125515 0.090405 0.049485 0.048889
0 0.159155 0.118421 0.049485 0.048889
0 0.182345 0.057445 0.049485 0.048889
0 0.170368 0.054149 0.049485 0.048889
0 0.160429 0.049755 0.049485 0.048889
0 0.082638 0.074048 0.049485 0.048889
0 0.103918 0.017193 0.049485 0.048889
0 0.063525 0.109755 0.049485 0.048889
0 0.052185 0.118818 0.049485 0.048889
0 0.079835 0.035595 0.049485 0.048889
0 0.048872 0.044110 0.049485 0.048889
0 0.054478 0.012524 0.049485 0.048889
0 0.060467 0.071027 0.049485 0.048889
0 0.057345 0.587905 0.049485 0.048889
0 0.006377 0.654922 0.049485 0.048889
0 0.005357 0.726335 0.049485 0.048889
0 0.014532 0.625259 0.049485 0.048889
0 0.051739 0.524183 0.049485 0.048889
0 0.032880 0.502210 0.049485 0.048889
0 0.013003 0.462658 0.049485 0.048889
0 0.022687 0.487927 0.049485 0.048889
0 0.094552 0.490125 0.049485 0.048889
0 0.070597 0.506604 0.049485 0.048889
0 0.100159 0.606582 0.049485 0.048889
0 0.129720 0.584609 0.049485 0.048889
0 0.104236 0.665909 0.049485 0.048889
0 0.038487 0.585707 0.049485 0.048889
0 0.124624 0.459362 0.049485 0.048889
0 0.110352 0.501111 0.049485 0.048889
0 0.116978 0.525281 0.049485 0.048889
0 0.131249 0.506604 0.049485 0.048889
0 0.147050 0.482434 0.049485 0.048889
0 0.155714 0.470349 0.049485 0.048889
0 0.145011 0.442883 0.049485 0.048889
0 0.183747 0.524183 0.049485 0.048889
0 0.164889 0.574721 0.049485 0.048889
0 0.194450 0.572524 0.049485 0.048889
0 0.252554 0.538465 0.049485 0.048889
0 0.222483 0.479138 0.049485 0.048889
0 0.191902 0.468152 0.049485 0.048889
0 0.201586 0.441784 0.049485 0.048889
0 0.220444 0.442883 0.049485 0.048889
0 0.255612 0.438488 0.049485 0.048889
0 0.268354 0.419811 0.049485 0.048889
0 0.247457 0.407726 0.049485 0.048889
0 0.256122 0.406627 0.049485 0.048889
0 0.264787 0.394542 0.049485 0.048889
0 0.256122 0.373667 0.049485 0.048889
0 0.260199 0.344004 0.049485 0.048889
0 0.294348 0.362681 0.049485 0.048889
0 0.355001 0.384654 0.049485 0.048889
0 0.343278 0.414318 0.049485 0.048889
0 0.331555 0.407726 0.049485 0.048889
0 0.321362 0.426403 0.049485 0.048889
0 0.320342 0.473645 0.049485 0.048889
0 0.281606 0.527479 0.049485 0.048889
0 0.040016 0.396739 0.049485 0.048889
0 0.080791 0.476941 0.049485 0.048889
0 0.063844 0.560438 0.049485 0.048889
0 0.160429 0.418163 0.049485 0.048889
0 0.090602 0.413768 0.049485 0.048889
0 0.065118 0.397838 0.049485 0.048889
0 0.065373 0.376963 0.049485 0.048889
0 0.078370 0.368724 0.049485 0.048889
0 0.157626 0.350046 0.049485 0.048889
0 0.188971 0.379710 0.049485 0.048889
0 0.208594 0.373667 0.049485 0.048889
0 0.206555 0.333567 0.049485 0.048889
0 0.022050 0.531324 0.049485 0.048889
0 0.003701 0.559889 0.049485 0.048889
0 0.015169 0.424205 0.049485 0.048889
0 0.033772 0.358286 0.049485 0.048889
0 0.057982 0.339060 0.049485 0.048889
0 0.067921 0.346750 0.049485 0.048889
0 0.112264 0.305551 0.049485 0.048889
0 0.115831 0.289621 0.049485 0.048889
0 0.089838 0.272591 0.049485 0.048889
0 0.079899 0.294015 0.049485 0.048889
0 0.207829 0.278634 0.049485 0.048889
0 0.220826 0.306100 0.049485 0.048889
0 0.244272 0.328073 0.049485 0.048889
0 0.237646 0.303354 0.049485 0.048889
0 0.172661 0.321481 0.049485 0.048889
0 0.179797 0.328623 0.049485 0.048889
0 0.166035 0.306650 0.049485 0.048889
0 0.169093 0.262704 0.049485 0.048889
0 0.184894 0.280831 0.049485 0.048889
0 0.178268 0.237435 0.049485 0.048889
0 0.123986 0.357737 0.049485 0.048889
0 0.129593 0.336863 0.049485 0.048889
0 0.044731 0.251717 0.049485 0.048889
0 0.033518 0.237435 0.049485 0.048889
0 0.024853 0.228645 0.049485 0.048889
0 0.131632 0.156134 0.049485 0.048889
0 0.146413 0.145148 0.049485 0.048889
0 0.149216 0.163276 0.049485 0.048889
0 0.133161 0.230843 0.049485 0.048889
0 0.223375 0.166022 0.049485 0.048889
0 0.189736 0.152289 0.049485 0.048889
0 0.187697 0.133612 0.049485 0.048889
0 0.192284 0.125921 0.049485 0.048889
0 0.195597 0.113836 0.049485 0.048889
0 0.211525 0.108618 0.049485 0.048889
0 0.220954 0.087743 0.049485 0.048889
0 0.263385 0.137183 0.049485 0.048889
0 0.077924 0.261056 0.049485 0.048889
0 0.096527 0.297036 0.049485 0.048889
0 0.095126 0.326700 0.049485 0.048889
0 0.009371 0.298959 0.049485 0.048889
0 0.575694 0.448376 0.049485 0.048889
0 0.536958 0.396739 0.049485 0.048889
0 0.510964 0.412120 0.049485 0.048889
0 0.525745 0.401134 0.049485 0.048889
0 0.509435 0.381358 0.049485 0.048889
0 0.513003 0.345103 0.049485 0.048889
0 0.529313 0.338511 0.049485 0.048889
0 0.539506 0.319834 0.049485 0.048889
0 0.568558 0.309946 0.049485 0.048889
0 0.560913 0.351694 0.049485 0.048889
0 0.564990 0.337412 0.049485 0.048889
0 0.568558 0.376963 0.049485 0.048889
0 0.607294 0.438488 0.049485 0.048889
0 0.615959 0.384654 0.049485 0.048889
0 0.622585 0.380259 0.049485 0.048889
0 0.634817 0.395641 0.049485 0.048889
0 0.661321 0.431896 0.049485 0.048889
0 0.667947 0.439587 0.049485 0.048889
0 0.662850 0.473645 0.049485 0.048889
0 0.652146 0.468152 0.049485 0.048889
0 0.634817 0.490125 0.049485 0.048889
0 0.608314 0.508802 0.049485 0.048889
0 0.621565 0.462658 0.049485 0.048889
0 0.860607 0.461560 0.049485 0.048889
0 0.876917 0.473645 0.049485 0.048889
0 0.876917 0.437389 0.049485 0.048889
0 0.914124 0.483533 0.049485 0.048889
0 0.888640 0.496717 0.049485 0.048889
0 0.972228 0.494519 0.049485 0.048889
0 0.966621 0.462658 0.049485 0.048889
0 0.930944 0.475842 0.049485 0.048889
0 0.926866 0.441784 0.049485 0.048889
0 0.912085 0.452770 0.049485 0.048889
0 0.933492 0.419811 0.049485 0.048889
0 0.909027 0.379161 0.049485 0.048889
0 0.895266 0.379161 0.049485 0.048889
0 0.932473 0.401134 0.049485 0.048889
0 0.967641 0.351694 0.049485 0.048889
0 0.966621 0.308847 0.049485 0.048889
0 0.997712 0.439587 0.049485 0.048889
0 0.997203 0.484631 0.049485 0.048889
0 0.962034 0.428600 0.049485 0.048889
0 0.931453 0.286874 0.049485 0.048889
0 0.983441 0.296762 0.049485 0.048889
0 0.889150 0.336313 0.049485 0.048889
0 0.877936 0.335215 0.049485 0.048889
0 0.874369 0.358286 0.049485 0.048889
0 0.880995 0.404430 0.049485 0.048889
0 0.844807 0.442883 0.049485 0.048889
0 0.848375 0.419811 0.049485 0.048889
0 0.821362 0.409923 0.049485 0.048889
0 0.814736 0.467053 0.049485 0.048889
0 0.826968 0.341807 0.049485 0.048889
0 0.767845 0.350596 0.049485 0.048889
0 0.759180 0.358286 0.049485 0.048889
0 0.727580 0.368174 0.049485 0.048889
0 0.792310 0.425304 0.049485 0.048889
0 0.801994 0.404430 0.049485 0.048889
0 0.776000 0.408824 0.049485 0.048889
0 0.760709 0.412120 0.049485 0.048889
0 0.737773 0.375865 0.049485 0.048889
0 0.716876 0.385753 0.049485 0.048889
0 0.722483 0.521986 0.049485 0.048889
0 0.689353 0.513196 0.049485 0.048889
0 0.699037 0.435192 0.049485 0.048889
0 0.692411 0.395641 0.049485 0.048889
0 0.649088 0.368174 0.049485 0.048889
0 0.640424 0.369273 0.049485 0.048889
0 0.672024 0.326425 0.049485 0.048889
0 0.691902 0.311044 0.049485 0.048889
0 0.704644 0.305551 0.049485 0.048889
0 0.718915 0.301156 0.049485 0.048889
0 0.724012 0.327524 0.049485 0.048889
0 0.700057 0.350596 0.049485 0.048889
0 0.676611 0.362681 0.049485 0.048889
0 0.684257 0.373667 0.049485 0.048889
0 0.667947 0.361582 0.049485 0.048889
0 0.601688 0.418712 0.049485 0.048889
0 0.595572 0.356089 0.049485 0.048889
0 0.592513 0.303354 0.049485 0.048889
0 0.623094 0.298959 0.049485 0.048889
0 0.628701 0.271493 0.049485 0.048889
0 0.626153 0.338511 0.049485 0.048889
0 0.589965 0.334116 0.049485 0.048889
0 0.541035 0.291269 0.049485 0.048889
0 0.565500 0.284677 0.049485 0.048889
0 0.575694 0.287973 0.049485 0.048889
0 0.791290 0.476941 0.049485 0.048889
0 0.783645 0.493421 0.049485 0.048889
0 0.751025 0.292367 0.049485 0.048889
0 0.741851 0.333017 0.049485 0.048889
0 0.731657 0.351694 0.049485 0.048889
0 0.724522 0.488477 0.049485 0.048889
0 0.752045 0.445080 0.049485 0.048889
0 0.748477 0.428051 0.049485 0.048889
0 0.756887 0.461010 0.049485 0.048889
0 0.782371 0.457714 0.049485 0.048889
0 0.741086 0.522535 0.049485 0.048889
0 0.763512 0.555494 0.049485 0.048889
0 0.590220 0.445629 0.049485 0.048889
0 0.477325 0.419811 0.049485 0.048889
0 0.465347 0.413219 0.049485 0.048889
0 0.445215 0.434643 0.049485 0.048889
0 0.446234 0.409374 0.049485 0.048889
0 0.452605 0.380809 0.049485 0.048889
0 0.458212 0.364878 0.049485 0.048889
0 0.452095 0.340159 0.049485 0.048889
0 0.470444 0.376963 0.049485 0.048889
0 0.484970 0.370921 0.049485 0.048889
0 0.490067 0.388499 0.049485 0.048889
0 0.501280 0.398936 0.049485 0.048889
0 0.544348 0.450024 0.049485 0.048889
0 0.562697 0.474743 0.049485 0.048889
0 0.578752 0.392345 0.049485 0.048889
0 0.499496 0.574171 0.049485 0.048889
0 0.586907 0.477490 0.049485 0.048889
0 0.641443 0.448925 0.049485 0.048889
0 0.592513 0.267098 0.049485 0.048889
0 0.571871 0.259957 0.049485 0.048889
0 0.564481 0.237435 0.049485 0.048889
0 0.570597 0.228096 0.049485 0.048889
0 0.588691 0.190742 0.049485 0.048889
0 0.607039 0.197883 0.049485 0.048889
0 0.606530 0.231941 0.049485 0.048889
0 0.619782 0.233589 0.049485 0.048889
0 0.615704 0.248970 0.049485 0.048889
0 0.648834 0.233589 0.049485 0.048889
0 0.646540 0.244576 0.049485 0.048889
0 0.676356 0.268197 0.049485 0.048889
0 0.663869 0.284677 0.049485 0.048889
0 0.655459 0.286874 0.049485 0.048889
0 0.650363 0.294015 0.049485 0.048889
0 0.653676 0.336863 0.049485 0.048889
0 0.692921 0.286325 0.049485 0.048889
0 0.700057 0.274239 0.049485 0.048889
0 0.731147 0.292367 0.049485 0.048889
0 0.722993 0.279733 0.049485 0.048889
0 0.723502 0.257760 0.049485 0.048889
0 0.701841 0.241829 0.049485 0.048889
0 0.721973 0.235787 0.049485 0.048889
0 0.714328 0.214363 0.049485 0.048889
0 0.737264 0.201728 0.049485 0.048889
0 0.730893 0.208320 0.049485 0.048889
0 0.727325 0.189643 0.049485 0.048889
0 0.732167 0.175361 0.049485 0.048889
0 0.730383 0.165473 0.049485 0.048889
0 0.720444 0.162726 0.049485 0.048889
0 0.742106 0.174262 0.049485 0.048889
0 0.743890 0.190742 0.049485 0.048889
0 0.748222 0.240731 0.049485 0.048889
0 0.748222 0.262704 0.049485 0.048889
0 0.776000 0.264352 0.049485 0.048889
0 0.787468 0.248421 0.049485 0.048889
0 0.784409 0.230843 0.049485 0.048889
0 0.782626 0.190193 0.049485 0.048889
0 0.779313 0.172614 0.049485 0.048889
0 0.778548 0.146246 0.049485 0.048889
0 0.767335 0.156134 0.049485 0.048889
0 0.758670 0.146796 0.049485 0.048889
0 0.787977 0.358836 0.049485 0.048889
0 0.789251 0.376414 0.049485 0.048889
0 0.704134 0.379710 0.049485 0.048889
0 0.618507 0.320383 0.049485 0.048889
0 0.617743 0.187995 0.049485 0.048889
0 0.629975 0.189643 0.049485 0.048889
0 0.621820 0.203376 0.049485 0.048889
0 0.640424 0.169318 0.049485 0.048889
0 0.645266 0.158332 0.049485 0.048889
0 0.649343 0.148444 0.049485 0.048889
0 0.664889 0.172614 0.049485 0.048889
0 0.657243 0.208870 0.049485 0.048889
0 0.671260 0.206123 0.049485 0.048889
0 0.684257 0.213264 0.049485 0.048889
0 0.647559 0.265450 0.049485 0.048889
0 0.648834 0.184150 0.049485 0.048889
0 0.656988 0.192390 0.049485 0.048889
0 0.659537 0.166022 0.049485 0.048889
0 0.667437 0.156134 0.049485 0.048889
0 0.681453 0.185249 0.049485 0.048889
0 0.680179 0.172614 0.049485 0.048889
0 0.549955 0.202827 0.049485 0.048889
0 0.560658 0.205574 0.049485 0.048889
0 0.552758 0.185798 0.049485 0.048889
0 0.554797 0.162726 0.049485 0.048889
0 0.548681 0.159430 0.049485 0.048889
0 0.593023 0.173163 0.049485 0.048889
0 0.594297 0.166022 0.049485 0.048889
0 0.610862 0.156684 0.049485 0.048889
0 0.789506 0.309946 0.049485 0.048889
0 0.787468 0.329721 0.049485 0.048889
0 0.712034 0.357737 0.049485 0.048889
0 0.623604 0.164924 0.049485 0.048889
0 0.988156 0.245125 0.049485 0.048889
0 0.978472 0.269845 0.049485 0.048889
0 0.970826 0.254464 0.049485 0.048889
0 0.972610 0.190742 0.049485 0.048889
0 0.986117 0.204475 0.049485 0.048889
0 0.903038 0.257210 0.049485 0.048889
0 0.879593 0.283578 0.049485 0.048889
0 0.879338 0.258858 0.049485 0.048889
0 0.894119 0.229744 0.049485 0.048889
0 0.854873 0.197334 0.049485 0.048889
0 0.860989 0.188545 0.049485 0.048889
0 0.844934 0.206672 0.049485 0.048889
0 0.826841 0.198432 0.049485 0.048889
0 0.818431 0.202278 0.049485 0.048889
0 0.835505 0.184150 0.049485 0.048889
0 0.838309 0.169318 0.049485 0.048889
0 0.831428 0.159430 0.049485 0.048889
0 0.814353 0.160529 0.049485 0.048889
0 0.809002 0.173163 0.049485 0.048889
0 0.815118 0.181953 0.049485 0.048889
0 0.799573 0.187995 0.049485 0.048889
0 0.803395 0.206123 0.049485 0.048889
0 0.793966 0.219307 0.049485 0.048889
0 0.805179 0.239083 0.049485 0.048889
0 0.824037 0.284127 0.049485 0.048889
0 0.830408 0.266000 0.049485 0.048889
0 0.840857 0.289071 0.049485 0.048889
0 0.857677 0.273141 0.049485 0.048889
0 0.858696 0.312143 0.049485 0.048889
0 0.856912 0.293466 0.049485 0.048889
0 0.816137 0.324777 0.049485 0.048889
0 0.840602 0.318735 0.049485 0.048889
0 0.835250 0.345103 0.049485 0.048889
0 0.794731 0.279183 0.049485 0.048889
0 0.814608 0.278634 0.049485 0.048889
0 0.774598 0.214912 0.049485 0.048889
0 0.791418 0.162177 0.049485 0.048889
0 0.801611 0.160529 0.049485 0.048889
0 0.808747 0.134161 0.049485 0.048889
0 0.812569 0.145697 0.049485 0.048889
0 0.792437 0.138007 0.049485 0.048889
0 0.780714 0.131964 0.049485 0.048889
0 0.773834 0.123724 0.049485 0.048889
0 0.760072 0.253365 0.049485 0.048889
0 0.762111 0.229195 0.049485 0.048889
0 0.949674 0.192390 0.049485 0.048889
0 0.940245 0.212715 0.049485 0.048889
0 0.943558 0.238533 0.049485 0.048889
0 0.929797 0.187446 0.049485 0.048889
0 0.917055 0.179755 0.049485 0.048889
0 0.923681 0.209419 0.049485 0.048889
0 0.927758 0.248421 0.049485 0.048889
0 0.922152 0.237435 0.049485 0.048889
0 0.889787 0.146246 0.049485 0.048889
0 0.889787 0.146246 0.049485 0.048889
0 0.906606 0.164374 0.049485 0.048889
0 0.882141 0.186347 0.049485 0.048889
0 0.858696 0.174262 0.049485 0.048889
0 0.848757 0.138007 0.049485 0.048889
0 0.834996 0.130865 0.049485 0.048889
0 0.812569 0.120428 0.049485 0.048889
0 0.766188 0.138556 0.049485 0.048889
0 0.946362 0.141852 0.049485 0.048889
0 0.953497 0.155036 0.049485 0.048889
0 0.943813 0.174262 0.049485 0.048889
0 0.845699 0.236336 0.049485 0.048889
0 0.830918 0.239083 0.049485 0.048889
0 0.869909 0.235237 0.049485 0.048889
0 0.875770 0.224800 0.049485 0.048889
0 0.868380 0.212166 0.049485 0.048889
0 0.859970 0.236885 0.049485 0.048889
0 0.857931 0.254464 0.049485 0.048889
0 0.878828 0.305551 0.049485 0.048889
0 0.892080 0.312143 0.049485 0.048889
0 0.848247 0.159430 0.049485 0.048889
0 0.894629 0.187995 0.049485 0.048889
0 0.868380 0.164924 0.049485 0.048889
0 0.846973 0.121527 0.049485 0.048889
0 0.994527 0.192883 0.049485 0.048889
0 0.999114 0.253308 0.049485 0.048889
0 0.994272 0.320326 0.049485 0.048889
0 0.905077 0.182445 0.049485 0.048889
0 0.862264 0.127513 0.049485 0.048889
0 0.822253 0.109934 0.049485 0.048889
0 0.790398 0.110484 0.049485 0.048889
0 0.780205 0.091257 0.049485 0.048889
0 0.929032 0.113230 0.049485 0.048889
0 0.946107 0.113780 0.049485 0.048889
0 0.970062 0.111582 0.049485 0.048889
0 0.963436 0.135753 0.049485 0.048889
0 0.888512 0.111582 0.049485 0.048889
0 0.985098 0.096750 0.049485 0.048889
0 0.917564 0.296156 0.049485 0.048889
0 0.971846 0.134654 0.049485 0.048889
0 0.905077 0.102244 0.049485 0.048889
0 0.814863 0.087412 0.049485 0.048889
0 0.921960 0.086957 0.049485 0.048889
0 0.915080 0.081739 0.049485 0.048889
0 0.932664 0.059491 0.049485 0.048889
0 0.946553 0.086957 0.049485 0.048889
0 0.941711 0.078168 0.049485 0.048889
0 0.954580 0.058942 0.049485 0.048889
0 0.964009 0.071027 0.049485 0.048889
0 0.966303 0.092725 0.049485 0.048889
0 0.986690 0.033398 0.049485 0.048889
0 0.996884 0.053998 0.049485 0.048889
0 0.968597 0.057843 0.049485 0.048889
0 0.905141 0.028729 0.049485 0.048889
0 0.915207 0.041913 0.049485 0.048889
0 0.916609 0.064710 0.049485 0.048889
0 0.921833 0.021313 0.049485 0.048889
0 0.931772 0.026806 0.049485 0.048889
0 0.945278 0.024334 0.049485 0.048889
0 0.893928 0.055371 0.049485 0.048889
0 0.898388 0.066358 0.049485 0.048889
0 0.903102 0.074323 0.049485 0.048889
0 0.881695 0.022961 0.049485 0.048889
0 0.888704 0.036694 0.049485 0.048889
0 0.890615 0.048230 0.049485 0.048889
0 0.890360 0.021588 0.049485 0.048889
0 0.930370 0.077344 0.049485 0.048889
0 0.933683 0.086957 0.049485 0.048889
0 0.938015 0.102339 0.049485 0.048889
0 0.954325 0.110578 0.049485 0.048889
0 0.956364 0.081739 0.049485 0.048889
0 0.944387 0.052075 0.049485 0.048889
0 0.954198 0.043561 0.049485 0.048889
0 0.898897 0.011150 0.049485 0.048889
0 0.938270 0.013622 0.049485 0.048889
0 0.947062 0.010326 0.049485 0.048889
0 0.995355 0.105635 0.049485 0.048889
0 0.877873 0.113600 0.049485 0.048889
0 0.785174 0.059491 0.049485 0.048889
0 0.779058 0.029828 0.049485 0.048889
0 0.777274 0.075147 0.049485 0.048889
0 0.765679 0.055921 0.049485 0.048889
0 0.802121 0.068830 0.049485 0.048889
0 0.821234 0.061414 0.049485 0.048889
0 0.833849 0.079816 0.049485 0.048889
0 0.869527 0.021313 0.049485 0.048889
0 0.862136 0.014446 0.049485 0.048889
0 0.817794 0.043835 0.049485 0.048889
0 0.808747 0.022137 0.049485 0.048889
0 0.834486 0.018841 0.049485 0.048889
0 0.826841 0.026532 0.049485 0.048889
0 0.818558 0.020764 0.049485 0.048889
0 0.886346 0.114424 0.049485 0.048889
0 0.873732 0.047131 0.049485 0.048889
0 0.811550 0.108931 0.049485 0.048889
0 0.752682 0.110304 0.049485 0.048889
0 0.760072 0.083936 0.049485 0.048889
0 0.736372 0.041913 0.049485 0.048889
0 0.744144 0.050702 0.049485 0.048889
0 0.755740 0.035595 0.049485 0.048889
0 0.740577 0.023236 0.049485 0.048889
0 0.730638 0.027081 0.049485 0.048889
0 0.716749 0.021313 0.049485 0.048889
0 0.714200 0.050427 0.049485 0.048889
0 0.701458 0.020214 0.049485 0.048889
0 0.683365 0.110853 0.049485 0.048889
0 0.696871 0.109205 0.049485 0.048889
0 0.694195 0.083662 0.049485 0.048889
0 0.713054 0.089155 0.049485 0.048889
0 0.704134 0.070478 0.049485 0.048889
0 0.697253 0.063062 0.049485 0.048889
0 0.700057 0.023236 0.049485 0.048889
0 0.685403 0.018017 0.049485 0.048889
0 0.669476 0.124037 0.049485 0.048889
0 0.740194 0.099592 0.049485 0.048889
0 0.729491 0.102339 0.049485 0.048889
0 0.747075 0.099317 0.049485 0.048889
0 0.749878 0.088605 0.049485 0.048889
0 0.744654 0.067456 0.049485 0.048889
0 0.735989 0.080640 0.049485 0.048889
0 0.692666 0.139570 0.049485 0.048889
0 0.678650 0.148084 0.049485 0.048889
0 0.711525 0.145338 0.049485 0.048889
0 0.715857 0.127759 0.049485 0.048889
0 0.709613 0.124188 0.049485 0.048889
0 0.714200 0.112378 0.049485 0.048889
0 0.732422 0.128858 0.049485 0.048889
0 0.740831 0.128858 0.049485 0.048889
0 0.706046 0.192030 0.049485 0.048889
0 0.784537 0.161817 0.049485 0.048889
0 0.292055 0.316538 0.049485 0.048889
0 0.263003 0.303354 0.049485 0.048889
0 0.292055 0.273141 0.049485 0.048889
0 0.274216 0.279183 0.049485 0.048889
0 0.256887 0.277535 0.049485 0.048889
0 0.256887 0.242928 0.049485 0.048889
0 0.282371 0.235787 0.049485 0.048889
0 0.228089 0.352793 0.049485 0.048889
0 0.155459 0.384105 0.049485 0.048889
0 0.231147 0.208320 0.049485 0.048889
0 0.228854 0.233040 0.049485 0.048889
0 0.254338 0.186897 0.049485 0.048889
0 0.282880 0.179755 0.049485 0.048889
0 0.272942 0.220955 0.049485 0.048889
0 0.320342 0.208870 0.049485 0.048889
0 0.324420 0.247872 0.049485 0.048889
0 0.308619 0.267098 0.049485 0.048889
0 0.303013 0.245674 0.049485 0.048889
0 0.297661 0.221504 0.049485 0.048889
0 0.302758 0.207771 0.049485 0.048889
0 0.362901 0.196235 0.049485 0.048889
0 0.358059 0.258309 0.049485 0.048889
0 0.368762 0.253365 0.049485 0.048889
0 0.346846 0.242379 0.049485 0.048889
0 0.335888 0.295114 0.049485 0.048889
0 0.357549 0.312692 0.049485 0.048889
0 0.365194 0.342905 0.049485 0.048889
0 0.370291 0.358286 0.049485 0.048889
0 0.366723 0.384105 0.049485 0.048889
0 0.336907 0.370372 0.049485 0.048889
0 0.331300 0.387401 0.049485 0.048889
0 0.308110 0.378611 0.049485 0.048889
0 0.312697 0.362132 0.049485 0.048889
0 0.315245 0.307748 0.049485 0.048889
0 0.284155 0.373118 0.049485 0.048889
0 0.283390 0.355540 0.049485 0.048889
0 0.275745 0.376414 0.049485 0.048889
0 0.209996 0.386851 0.049485 0.048889
0 0.403421 0.331369 0.049485 0.048889
0 0.417692 0.367076 0.049485 0.048889
0 0.415653 0.358836 0.049485 0.048889
0 0.414379 0.384654 0.049485 0.048889
0 0.450821 0.316538 0.049485 0.048889
0 0.483951 0.311044 0.049485 0.048889
0 0.481657 0.331369 0.049485 0.048889
0 0.515296 0.318735 0.049485 0.048889
0 0.503574 0.250069 0.049485 0.048889
0 0.506122 0.198432 0.049485 0.048889
0 0.384053 0.330271 0.049485 0.048889
0 0.389914 0.296762 0.049485 0.048889
0 0.380740 0.306100 0.049485 0.048889
0 0.419476 0.300607 0.049485 0.048889
0 0.428395 0.291269 0.049485 0.048889
0 0.407498 0.229744 0.049485 0.048889
0 0.401637 0.185798 0.049485 0.048889
0 0.405205 0.162726 0.049485 0.048889
0 0.386601 0.163825 0.049485 0.048889
0 0.417182 0.177558 0.049485 0.048889
0 0.441392 0.200080 0.049485 0.048889
0 0.435021 0.169867 0.049485 0.048889
0 0.439608 0.164374 0.049485 0.048889
0 0.445979 0.159430 0.049485 0.048889
0 0.429160 0.188545 0.049485 0.048889
0 0.454134 0.160529 0.049485 0.048889
0 0.480383 0.174811 0.049485 0.048889
0 0.485735 0.202827 0.049485 0.048889
0 0.491596 0.204475 0.049485 0.048889
0 0.489048 0.226448 0.049485 0.048889
0 0.496183 0.219856 0.049485 0.048889
0 0.517845 0.218208 0.049485 0.048889
0 0.527529 0.222603 0.049485 0.048889
0 0.531351 0.192939 0.049485 0.048889
0 0.540780 0.185798 0.049485 0.048889
0 0.530587 0.166022 0.049485 0.048889
0 0.520648 0.173163 0.049485 0.048889
0 0.506122 0.168769 0.049485 0.048889
0 0.538232 0.268746 0.049485 0.048889
0 0.485989 0.273690 0.049485 0.048889
0 0.457957 0.273141 0.049485 0.048889
0 0.323655 0.314890 0.049485 0.048889
0 0.317794 0.328623 0.049485 0.048889
0 0.308365 0.330820 0.049485 0.048889
0 0.343278 0.179206 0.049485 0.048889
0 0.329516 0.156684 0.049485 0.048889
0 0.424827 0.159430 0.049485 0.048889
0 0.469170 0.153388 0.049485 0.048889
0 0.461525 0.212166 0.049485 0.048889
0 0.443176 0.230293 0.049485 0.048889
0 0.430689 0.235787 0.049485 0.048889
0 0.424318 0.222053 0.049485 0.048889
0 0.411066 0.191291 0.049485 0.048889
0 0.394246 0.207771 0.049485 0.048889
0 0.387366 0.263802 0.049485 0.048889
0 0.384053 0.275887 0.049485 0.048889
0 0.409792 0.276437 0.049485 0.048889
0 0.425847 0.356638 0.049485 0.048889
0 0.388385 0.320932 0.049485 0.048889
0 0.480128 0.098645 0.049485 0.048889
0 0.490577 0.111279 0.049485 0.048889
0 0.495419 0.129956 0.049485 0.048889
0 0.506122 0.138196 0.049485 0.048889
0 0.495673 0.149732 0.049485 0.048889
0 0.474267 0.127759 0.049485 0.048889
0 0.468915 0.115674 0.049485 0.048889
0 0.457702 0.088208 0.049485 0.048889
0 0.453370 0.079418 0.049485 0.048889
0 0.445215 0.084362 0.049485 0.048889
0 0.447508 0.144239 0.049485 0.048889
0 0.441392 0.148633 0.049485 0.048889
0 0.419731 0.146986 0.049485 0.048889
0 0.429160 0.122815 0.049485 0.048889
0 0.421005 0.107983 0.049485 0.048889
0 0.405205 0.146986 0.049485 0.048889
0 0.414634 0.093701 0.049485 0.048889
0 0.410047 0.081616 0.049485 0.048889
0 0.418966 0.063488 0.049485 0.048889
0 0.405714 0.056896 0.049485 0.048889
0 0.399853 0.034923 0.049485 0.048889
0 0.410556 0.038768 0.049485 0.048889
0 0.421769 0.022288 0.049485 0.048889
0 0.404185 0.072277 0.049485 0.048889
0 0.425337 0.081616 0.049485 0.048889
0 0.444450 0.055248 0.049485 0.048889
0 0.454134 0.063488 0.049485 0.048889
0 0.456683 0.038219 0.049485 0.048889
0 0.439608 0.030528 0.049485 0.048889
0 0.462799 0.054149 0.049485 0.048889
0 0.464838 0.087109 0.049485 0.048889
0 0.491851 0.051403 0.049485 0.048889
0 0.516061 0.088208 0.049485 0.048889
0 0.506632 0.105237 0.049485 0.048889
0 0.498222 0.107434 0.049485 0.048889
0 0.540526 0.073376 0.049485 0.048889
0 0.534919 0.087109 0.049485 0.048889
0 0.524471 0.116223 0.049485 0.048889
0 0.513003 0.133802 0.049485 0.048889
0 0.572126 0.160719 0.049485 0.048889
0 0.563716 0.116773 0.049485 0.048889
0 0.558365 0.108533 0.049485 0.048889
0 0.554032 0.079968 0.049485 0.048889
0 0.567794 0.083813 0.049485 0.048889
0 0.539251 0.108533 0.049485 0.048889
0 0.534919 0.045360 0.049485 0.048889
0 0.552248 0.040966 0.049485 0.048889
0 0.540780 0.025035 0.049485 0.048889
0 0.520903 0.037120 0.049485 0.048889
0 0.522942 0.053051 0.049485 0.048889
0 0.477580 0.012950 0.049485 0.048889
0 0.610098 0.077221 0.049485 0.048889
0 0.615449 0.063488 0.049485 0.048889
0 0.627936 0.074474 0.049485 0.048889
0 0.636601 0.083264 0.049485 0.048889
0 0.625643 0.153028 0.049485 0.048889
0 0.620546 0.138196 0.049485 0.048889
0 0.613156 0.110730 0.049485 0.048889
0 0.659537 0.104687 0.049485 0.048889
0 0.618762 0.099743 0.049485 0.048889
0 0.643992 0.135450 0.049485 0.048889
0 0.659792 0.131055 0.049485 0.048889
0 0.654185 0.070629 0.049485 0.048889
0 0.643227 0.065685 0.049485 0.048889
0 0.635582 0.049755 0.049485 0.048889
0 0.630740 0.036022 0.049485 0.048889
0 0.612646 0.017894 0.049485 0.048889
0 0.613665 0.042614 0.049485 0.048889
0 0.574165 0.067883 0.049485 0.048889
0 0.588181 0.068981 0.049485 0.048889
0 0.579516 0.083264 0.049485 0.048889
0 0.585123 0.087109 0.049485 0.048889
0 0.590475 0.103039 0.049485 0.048889
0 0.602197 0.026683 0.049485 0.048889
0 0.583849 0.023387 0.049485 0.048889
0 0.574420 0.032726 0.049485 0.048889
0 0.569832 0.025584 0.049485 0.048889
0 0.646540 0.031627 0.049485 0.048889
0 0.588181 0.134900 0.049485 0.048889
0 0.560148 0.058544 0.049485 0.048889
0 0.563461 0.051403 0.049485 0.048889
0 0.678395 0.086010 0.049485 0.048889
0 0.673808 0.072277 0.049485 0.048889
0 0.679160 0.051952 0.049485 0.048889
0 0.668711 0.038768 0.049485 0.048889
0 0.345062 0.150281 0.049485 0.048889
0 0.351943 0.149732 0.049485 0.048889
0 0.363665 0.146986 0.049485 0.048889
0 0.383288 0.138196 0.049485 0.048889
0 0.373349 0.107434 0.049485 0.048889
0 0.383288 0.112378 0.049485 0.048889
0 0.366214 0.176100 0.049485 0.048889
0 0.384053 0.074474 0.049485 0.048889
0 0.391188 0.066235 0.049485 0.048889
0 0.382269 0.051952 0.049485 0.048889
0 0.371820 0.059093 0.049485 0.048889
0 0.354746 0.042064 0.049485 0.048889
0 0.345572 0.041515 0.049485 0.048889
0 0.337671 0.027232 0.049485 0.048889
0 0.325184 0.017345 0.049485 0.048889
0 0.332065 0.044811 0.049485 0.048889
0 0.324674 0.049755 0.049485 0.048889
0 0.330791 0.100293 0.049485 0.048889
0 0.321871 0.105237 0.049485 0.048889
0 0.304287 0.123914 0.049485 0.048889
0 0.309894 0.138196 0.049485 0.048889
0 0.283390 0.126660 0.049485 0.048889
0 0.283390 0.112927 0.049485 0.048889
0 0.271158 0.102490 0.049485 0.048889
0 0.279567 0.074474 0.049485 0.048889
0 0.245928 0.028331 0.049485 0.048889
0 0.283135 0.020641 0.049485 0.048889
0 0.285429 0.037120 0.049485 0.048889
0 0.380740 0.025584 0.049485 0.048889
0 0.371311 0.012950 0.049485 0.048889
0 0.352962 0.022288 0.049485 0.048889
0 0.350159 0.010203 0.049485 0.048889
0 0.419476 0.026683 0.049485 0.048889
0 0.429924 0.035472 0.049485 0.048889
0 0.189608 0.085736 0.049485 0.048889
0 0.175847 0.089581 0.049485 0.048889
0 0.239430 0.059368 0.049485 0.048889
0 0.229109 0.057171 0.049485 0.048889
0 0.230001 0.040142 0.049485 0.048889
0 0.209231 0.022014 0.049485 0.048889
0 0.175974 0.023662 0.049485 0.048889
0 0.146667 0.022563 0.049485 0.048889
0 0.220572 0.022838 0.049485 0.048889
0 0.237009 0.017894 0.049485 0.048889
0 0.162340 0.017345 0.049485 0.048889
0 0.188334 0.018718 0.049485 0.048889
0 0.199292 0.017619 0.049485 0.048889
0 0.209613 0.014323 0.049485 0.048889
0 0.094042 0.172255 0.049485 0.048889
0 0.068947 0.438662 0.049485 0.048889
0 0.051964 0.845655 0.049485 0.048889
0 0.291724 0.488191 0.049485 0.048889
0 0.177838 0.992087 0.049485 0.048889
0 0.195820 0.966246 0.049485 0.048889
0 0.515500 0.468810 0.049485 0.048889