0 0.222467 0.450617 0.049805 0.049479
0 0.286930 0.439047 0.049805 0.049479
0 0.415856 0.620865 0.049805 0.049479
0 0.776599 0.901857 0.049805 0.049479
0 0.869575 0.807642 0.049805 0.049479
0 0.572054 0.435741 0.049805 0.049479
0 0.363790 0.316733 0.049805 0.049479
0 0.378666 0.252270 0.049805 0.049479
0 0.293128 0.153097 0.049805 0.049479
0 0.162963 0.115080 0.049805 0.049479
0 0.191476 0.133262 0.049805 0.049479
0 0.055112 0.065494 0.049805 0.049479
0 0.020401 0.083675 0.049805 0.049479
0 0.005525 0.004336 0.049805 0.049479
0 0.206352 0.025824 0.049805 0.049479
0 0.280732 0.101857 0.049805 0.049479
0 0.293128 0.005989 0.049805 0.049479
0 0.345195 0.029130 0.049805 0.049479
0 0.358831 0.020865 0.049805 0.049479
0 0.394781 0.010948 0.049805 0.049479
0 0.399740 0.103510 0.049805 0.049479
0 0.431971 0.136568 0.049805 0.049479
0 0.430732 0.022518 0.049805 0.049479
0 0.449327 0.034089 0.049805 0.049479
0 0.462963 0.055576 0.049805 0.049479
0 0.471641 0.055576 0.049805 0.049479
0 0.492715 0.082022 0.049805 0.049479
0 0.515029 0.055576 0.049805 0.049479
0 0.584451 0.196072 0.049805 0.049479
0 0.614203 0.244006 0.049805 0.049479
0 0.627839 0.280370 0.049805 0.049479
0 0.648914 0.164667 0.049805 0.049479
0 0.599327 0.111774 0.049805 0.049479
0 0.591889 0.088634 0.049805 0.049479
0 0.574533 0.012601 0.049805 0.049479
0 0.669988 0.129956 0.049805 0.049479
0 0.774120 0.138221 0.049805 0.049479
0 0.793955 0.189460 0.049805 0.049479
0 0.775360 0.220865 0.049805 0.049479
0 0.932798 0.234089 0.049805 0.049479
0 0.947674 0.245659 0.049805 0.049479
0 0.958831 0.381196 0.049805 0.049479
0 0.992302 0.556403 0.049805 0.049479
0 0.308004 0.013014 0.049805 0.049479
0 0.611310 0.004750 0.049805 0.049479
0 0.634864 0.009708 0.049805 0.049479
0 0.648500 0.006403 0.049805 0.049479
0 0.624327 0.005576 0.049805 0.049479
0 0.701806 0.020452 0.049805 0.049479
0 0.667715 0.008882 0.049805 0.049479
0 0.742095 0.011361 0.049805 0.049479
0 0.735277 0.011361 0.049805 0.049479
0 0.755732 0.007229 0.049805 0.049479
0 0.792922 0.005576 0.049805 0.049479
0 0.822674 0.028717 0.049805 0.049479
0 0.844368 0.052684 0.049805 0.049479
0 0.858624 0.059295 0.049805 0.049479
0 0.844988 0.036981 0.049805 0.049479
0 0.854285 0.013841 0.049805 0.049479
0 0.918128 0.067560 0.049805 0.049479
0 0.935484 0.041113 0.049805 0.049479
0 0.940442 0.055163 0.049805 0.049479
0 0.957798 0.025411 0.049805 0.049479
0 0.969575 0.046898 0.049805 0.049479
0 0.989409 0.094006 0.049805 0.049479