0 0.125791 0.945444 0.049805 0.049479
0 0.121795 0.902820 0.049805 0.049479
0 0.100816 0.836220 0.049805 0.049479
0 0.097819 0.785604 0.049805 0.049479
0 0.040876 0.770952 0.049805 0.049479
0 0.032884 0.737652 0.049805 0.049479
0 0.051865 0.716340 0.049805 0.049479
0 0.026890 0.685704 0.049805 0.049479
0 0.037879 0.592464 0.049805 0.049479
0 0.035881 0.529860 0.049805 0.049479
0 0.042874 0.504552 0.049805 0.049479
0 0.008908 0.625764 0.049805 0.049479
0 0.020896 0.468588 0.049805 0.049479
0 0.024892 0.444611 0.049805 0.049479
0 0.058858 0.391331 0.049805 0.049479
0 0.072844 0.427295 0.049805 0.049479
0 0.048868 0.348707 0.049805 0.049479
0 0.036880 0.331391 0.049805 0.049479
0 0.018898 0.314075 0.049805 0.049479
0 0.031885 0.226163 0.049805 0.049479
0 0.054862 0.266123 0.049805 0.049479
0 0.073843 0.284771 0.049805 0.049479
0 0.076840 0.319403 0.049805 0.049479
0 0.057859 0.160895 0.049805 0.049479
0 0.039877 0.148907 0.049805 0.049479
0 0.069847 0.147575 0.049805 0.049479
0 0.078838 0.130259 0.049805 0.049479
0 0.021895 0.066323 0.049805 0.049479
0 0.041875 0.023699 0.049805 0.049479
0 0.072844 0.042347 0.049805 0.049479
0 0.111805 0.111611 0.049805 0.049479
0 0.120796 0.029027 0.049805 0.049479
0 0.147769 0.102287 0.049805 0.049479
0 0.140776 0.175547 0.049805 0.049479
0 0.144772 0.212843 0.049805 0.049479
0 0.125791 0.236819 0.049805 0.049479
0 0.131785 0.258131 0.049805 0.049479
0 0.103813 0.235487 0.049805 0.049479
0 0.101815 0.204851 0.049805 0.049479
0 0.150766 0.278111 0.049805 0.049479
0 0.128788 0.292763 0.049805 0.049479
0 0.148768 0.322067 0.049805 0.049479
0 0.170746 0.334055 0.049805 0.049479
0 0.136780 0.376679 0.049805 0.049479
0 0.101815 0.432623 0.049805 0.049479
0 0.092824 0.471252 0.049805 0.049479
0 0.116800 0.476580 0.049805 0.049479
0 0.128788 0.508548 0.049805 0.049479
0 0.125791 0.528528 0.049805 0.049479
0 0.137779 0.564492 0.049805 0.049479
0 0.176740 0.593796 0.049805 0.049479
0 0.121795 0.683040 0.049805 0.049479
0 0.131785 0.741648 0.049805 0.049479
0 0.145771 0.754968 0.049805 0.049479
0 0.157759 0.758964 0.049805 0.049479
0 0.167749 0.772284 0.049805 0.049479
0 0.198718 0.801588 0.049805 0.049479
0 0.215701 0.842880 0.049805 0.049479
0 0.232684 0.869520 0.049805 0.049479
0 0.246670 0.917472 0.049805 0.049479
0 0.257659 0.956100 0.049805 0.049479
0 0.280636 0.934788 0.049805 0.049479
0 0.312604 0.881508 0.049805 0.049479
0 0.312604 0.801588 0.049805 0.049479
0 0.281635 0.790932 0.049805 0.049479
0 0.272644 0.753636 0.049805 0.049479
0 0.254662 0.768288 0.049805 0.049479
0 0.274642 0.715008 0.049805 0.049479
0 0.247669 0.677712 0.049805 0.049479
0 0.288628 0.652404 0.049805 0.049479
0 0.250666 0.609780 0.049805 0.049479
0 0.260656 0.583140 0.049805 0.049479
0 0.220696 0.536520 0.049805 0.049479
0 0.216700 0.499224 0.049805 0.049479
0 0.192724 0.488568 0.049805 0.049479
0 0.191725 0.463260 0.049805 0.049479
0 0.182734 0.449940 0.049805 0.049479
0 0.167749 0.417971 0.049805 0.049479
0 0.148768 0.404651 0.049805 0.049479
0 0.188728 0.375347 0.049805 0.049479
0 0.204712 0.304751 0.049805 0.049479
0 0.190726 0.276779 0.049805 0.049479
0 0.203713 0.263459 0.049805 0.049479
0 0.179737 0.252803 0.049805 0.049479
0 0.186730 0.235487 0.049805 0.049479
0 0.172744 0.167555 0.049805 0.049479
0 0.196720 0.192863 0.049805 0.049479
0 0.185731 0.106283 0.049805 0.049479
0 0.218698 0.134255 0.049805 0.049479
0 0.221695 0.015707 0.049805 0.049479
0 0.188728 0.013043 0.049805 0.049479
0 0.253663 0.009047 0.049805 0.049479
0 0.296620 0.007715 0.049805 0.049479
0 0.317599 0.009047 0.049805 0.049479
0 0.260656 0.128927 0.049805 0.049479
0 0.260656 0.212843 0.049805 0.049479
0 0.236680 0.210179 0.049805 0.049479
0 0.238678 0.242147 0.049805 0.049479
0 0.265651 0.287435 0.049805 0.049479
0 0.222694 0.316739 0.049805 0.049479
0 0.227689 0.332723 0.049805 0.049479
0 0.236680 0.364691 0.049805 0.049479
0 0.249667 0.331391 0.049805 0.049479
0 0.252664 0.386003 0.049805 0.049479
0 0.272644 0.382007 0.049805 0.049479
0 0.286630 0.403319 0.049805 0.049479
0 0.260656 0.451272 0.049805 0.049479
0 0.275641 0.492564 0.049805 0.049479
0 0.288628 0.535188 0.049805 0.049479
0 0.248668 0.548508 0.049805 0.049479
0 0.315601 0.568488 0.049805 0.049479
0 0.322594 0.627096 0.049805 0.049479
0 0.350567 0.625764 0.049805 0.049479
0 0.368549 0.652404 0.049805 0.049479
0 0.371546 0.687036 0.049805 0.049479
0 0.399518 0.671052 0.049805 0.049479
0 0.360557 0.784272 0.049805 0.049479
0 0.388529 0.782940 0.049805 0.049479
0 0.344573 0.908148 0.049805 0.049479
0 0.372545 0.852204 0.049805 0.049479
0 0.381536 0.944112 0.049805 0.049479
0 0.417500 0.986736 0.049805 0.049479
0 0.457460 0.921468 0.049805 0.049479
0 0.476441 0.961428 0.049805 0.049479
0 0.509408 0.973416 0.049805 0.049479
0 0.527390 0.910812 0.049805 0.049479
0 0.498419 0.884172 0.049805 0.049479
0 0.475442 0.856200 0.049805 0.049479
0 0.422495 0.869520 0.049805 0.049479
0 0.400517 0.836220 0.049805 0.049479
0 0.406511 0.720336 0.049805 0.049479
0 0.421496 0.685704 0.049805 0.049479
0 0.416501 0.592464 0.049805 0.049479
0 0.400517 0.559164 0.049805 0.049479
0 0.377540 0.547176 0.049805 0.049479
0 0.362555 0.508548 0.049805 0.049479
0 0.321595 0.484572 0.049805 0.049479
0 0.353564 0.404651 0.049805 0.049479
0 0.333583 0.389999 0.049805 0.049479
0 0.319597 0.380675 0.049805 0.049479
0 0.317599 0.366023 0.049805 0.049479
0 0.298618 0.328727 0.049805 0.049479
0 0.298618 0.307415 0.049805 0.049479
0 0.283633 0.292763 0.049805 0.049479
0 0.309607 0.271451 0.049805 0.049479
0 0.322594 0.304751 0.049805 0.049479
0 0.349568 0.332723 0.049805 0.049479
0 0.377540 0.420635 0.049805 0.049479
0 0.381536 0.448608 0.049805 0.049479
0 0.403514 0.403319 0.049805 0.049479
0 0.382535 0.378011 0.049805 0.049479
0 0.369548 0.362027 0.049805 0.049479
0 0.359558 0.350039 0.049805 0.049479
0 0.333583 0.255467 0.049805 0.049479
0 0.348569 0.242147 0.049805 0.049479
0 0.309607 0.204851 0.049805 0.049479
0 0.281635 0.171551 0.049805 0.049479
0 0.317599 0.083639 0.049805 0.049479
0 0.343574 0.180875 0.049805 0.049479
0 0.365552 0.228827 0.049805 0.049479
0 0.404513 0.234155 0.049805 0.049479
0 0.421496 0.167555 0.049805 0.049479
0 0.378539 0.083639 0.049805 0.049479
0 0.357560 0.059663 0.049805 0.049479
0 0.393524 0.053003 0.049805 0.049479
0 0.443474 0.110279 0.049805 0.049479
0 0.453464 0.046343 0.049805 0.049479
0 0.496421 0.021035 0.049805 0.049479
0 0.481436 0.067655 0.049805 0.049479
0 0.472445 0.130259 0.049805 0.049479
0 0.500417 0.127595 0.049805 0.049479
0 0.509408 0.190199 0.049805 0.049479
0 0.534383 0.203519 0.049805 0.049479
0 0.571346 0.167555 0.049805 0.049479
0 0.560357 0.116939 0.049805 0.049479
0 0.531386 0.116939 0.049805 0.049479
0 0.547370 0.064991 0.049805 0.049479
0 0.593324 0.106283 0.049805 0.049479
0 0.603314 0.159563 0.049805 0.049479
0 0.634283 0.170219 0.049805 0.049479
0 0.576341 0.248807 0.049805 0.049479
0 0.617300 0.244811 0.049805 0.049479
0 0.633284 0.220835 0.049805 0.049479
0 0.647270 0.292763 0.049805 0.049479
0 0.569348 0.314075 0.049805 0.049479
0 0.528389 0.340715 0.049805 0.049479
0 0.506411 0.356699 0.049805 0.049479
0 0.501416 0.388667 0.049805 0.049479
0 0.490427 0.408647 0.049805 0.049479
0 0.486431 0.435287 0.049805 0.049479
0 0.467450 0.397991 0.049805 0.049479
0 0.447470 0.409979 0.049805 0.049479
0 0.431486 0.391331 0.049805 0.049479
0 0.422495 0.441947 0.049805 0.049479
0 0.432485 0.473916 0.049805 0.049479
0 0.449468 0.495228 0.049805 0.049479
0 0.447470 0.532524 0.049805 0.049479
0 0.461456 0.561828 0.049805 0.049479
0 0.494423 0.571152 0.049805 0.049479
0 0.522395 0.497892 0.049805 0.049479
0 0.523394 0.472584 0.049805 0.049479
0 0.510407 0.447276 0.049805 0.049479
0 0.534383 0.404651 0.049805 0.049479
0 0.419498 0.348707 0.049805 0.049479
0 0.433484 0.298091 0.049805 0.049479
0 0.423494 0.323399 0.049805 0.049479
0 0.453464 0.307415 0.049805 0.049479
0 0.472445 0.287435 0.049805 0.049479
0 0.632285 0.372683 0.049805 0.049479
0 0.607310 0.384671 0.049805 0.049479
0 0.612305 0.417971 0.049805 0.049479
0 0.589328 0.404651 0.049805 0.049479
0 0.567350 0.455268 0.049805 0.049479
0 0.591326 0.461928 0.049805 0.049479
0 0.625292 0.520536 0.049805 0.049479
0 0.610307 0.495228 0.049805 0.049479
0 0.635282 0.456600 0.049805 0.049479
0 0.649268 0.469920 0.049805 0.049479
0 0.660257 0.489900 0.049805 0.049479
0 0.645272 0.552504 0.049805 0.049479
0 0.513404 0.753636 0.049805 0.049479
0 0.520397 0.784272 0.049805 0.049479
0 0.543374 0.794928 0.049805 0.049479
0 0.570347 0.932124 0.049805 0.049479
0 0.557360 0.969420 0.049805 0.049479
0 0.600317 0.889500 0.049805 0.049479
0 0.605312 0.957432 0.049805 0.049479
0 0.611306 0.988068 0.049805 0.049479
0 0.642275 0.946776 0.049805 0.049479
0 0.680237 0.937452 0.049805 0.049479
0 0.677240 0.822900 0.049805 0.049479
0 0.648269 0.800256 0.049805 0.049479
0 0.648269 0.772284 0.049805 0.049479
0 0.679238 0.761628 0.049805 0.049479
0 0.651266 0.726996 0.049805 0.049479
0 0.619298 0.754968 0.049805 0.049479
0 0.592325 0.748308 0.049805 0.049479
0 0.576341 0.708348 0.049805 0.049479
0 0.570347 0.692364 0.049805 0.049479
0 0.567350 0.667056 0.049805 0.049479
0 0.552365 0.643080 0.049805 0.049479
0 0.521396 0.649740 0.049805 0.049479
0 0.488429 0.655068 0.049805 0.049479
0 0.503414 0.617772 0.049805 0.049479
0 0.484433 0.609780 0.049805 0.049479
0 0.457460 0.637752 0.049805 0.049479
0 0.453464 0.616440 0.049805 0.049479
0 0.539378 0.540516 0.049805 0.049479
0 0.553364 0.581808 0.049805 0.049479
0 0.589328 0.604452 0.049805 0.049479
0 0.599318 0.569820 0.049805 0.049479
0 0.608309 0.665724 0.049805 0.049479
0 0.630287 0.681708 0.049805 0.049479
0 0.673244 0.665724 0.049805 0.049479
0 0.669248 0.628428 0.049805 0.049479
0 0.694223 0.692364 0.049805 0.049479
0 0.711206 0.725664 0.049805 0.049479
0 0.737180 0.721668 0.049805 0.049479
0 0.740177 0.745644 0.049805 0.049479
0 0.713204 0.794928 0.049805 0.049479
0 0.742175 0.788268 0.049805 0.049479
0 0.770147 0.798924 0.049805 0.049479
0 0.760157 0.836220 0.049805 0.049479
0 0.740177 0.810912 0.049805 0.049479
0 0.772145 0.894828 0.049805 0.049479
0 0.773144 0.861528 0.049805 0.049479
0 0.798119 0.980076 0.049805 0.049479
0 0.841076 0.845544 0.049805 0.049479
0 0.820097 0.820236 0.049805 0.049479
0 0.797120 0.818904 0.049805 0.049479
0 0.809108 0.782940 0.049805 0.049479
0 0.804113 0.726996 0.049805 0.049479
0 0.770147 0.709680 0.049805 0.049479
0 0.745172 0.661728 0.049805 0.049479
0 0.728189 0.648408 0.049805 0.049479
0 0.738179 0.620436 0.049805 0.049479
0 0.713204 0.580476 0.049805 0.049479
0 0.689228 0.571152 0.049805 0.049479
0 0.710207 0.525864 0.049805 0.049479
0 0.689228 0.525864 0.049805 0.049479
0 0.674243 0.465924 0.049805 0.049479
0 0.686231 0.447276 0.049805 0.049479
0 0.701216 0.417971 0.049805 0.049479
0 0.859058 0.897492 0.049805 0.049479
0 0.895022 0.926796 0.049805 0.049479
0 0.881036 0.981408 0.049805 0.049479
0 0.905012 0.990732 0.049805 0.049479
0 0.935981 0.894828 0.049805 0.049479
0 0.971945 0.932124 0.049805 0.049479
0 0.988928 0.952104 0.049805 0.049479
0 0.991925 0.874848 0.049805 0.049479
0 0.982934 0.836220 0.049805 0.049479
0 0.928988 0.849540 0.049805 0.049479
0 0.876041 0.830892 0.049805 0.049479
0 0.909008 0.798924 0.049805 0.049479
0 0.856061 0.786936 0.049805 0.049479
0 0.874043 0.750972 0.049805 0.049479
0 0.865052 0.719004 0.049805 0.049479
0 0.835082 0.737652 0.049805 0.049479
0 0.836081 0.695028 0.049805 0.049479
0 0.918998 0.752304 0.049805 0.049479
0 0.932984 0.705684 0.049805 0.049479
0 0.913004 0.680376 0.049805 0.049479
0 0.905012 0.644412 0.049805 0.049479
0 0.895022 0.663060 0.049805 0.049479
0 0.880037 0.649740 0.049805 0.049479
0 0.847070 0.644412 0.049805 0.049479
0 0.858059 0.619104 0.049805 0.049479
0 0.822095 0.637752 0.049805 0.049479
0 0.844073 0.599124 0.049805 0.049479
0 0.823094 0.565824 0.049805 0.049479
0 0.789128 0.585804 0.049805 0.049479
0 0.781136 0.549840 0.049805 0.049479
0 0.763154 0.555168 0.049805 0.049479
0 0.744173 0.544512 0.049805 0.049479
0 0.734183 0.521868 0.049805 0.049479
0 0.765152 0.509880 0.049805 0.049479
0 0.782135 0.497892 0.049805 0.049479
0 0.767150 0.491232 0.049805 0.049479
0 0.782135 0.467256 0.049805 0.049479
0 0.721196 0.409979 0.049805 0.049479
0 0.729188 0.335387 0.049805 0.049479
0 0.674243 0.291431 0.049805 0.049479
0 0.667250 0.222167 0.049805 0.049479
0 0.713204 0.280775 0.049805 0.049479
0 0.731186 0.286103 0.049805 0.049479
0 0.733184 0.216839 0.049805 0.049479
0 0.701216 0.231491 0.049805 0.049479
0 0.681236 0.152903 0.049805 0.049479
0 0.635282 0.100955 0.049805 0.049479
0 0.659258 0.019703 0.049805 0.049479
0 0.686231 0.010379 0.049805 0.049479
0 0.720197 0.071651 0.049805 0.049479
0 0.741176 0.075647 0.049805 0.049479
0 0.733184 0.015707 0.049805 0.049479
0 0.777140 0.056999 0.049805 0.049479
0 0.807110 0.045011 0.049805 0.049479
0 0.846071 0.056999 0.049805 0.049479
0 0.761156 0.198191 0.049805 0.049479
0 0.792125 0.260795 0.049805 0.049479
0 0.761156 0.276779 0.049805 0.049479
0 0.757160 0.347375 0.049805 0.049479
0 0.792125 0.356699 0.049805 0.049479
0 0.805112 0.404651 0.049805 0.049479
0 0.845072 0.543180 0.049805 0.049479
0 0.809108 0.548508 0.049805 0.049479
0 0.892025 0.621768 0.049805 0.049479
0 0.976940 0.738984 0.049805 0.049479
0 0.978938 0.801588 0.049805 0.049479
0 0.996920 0.778944 0.049805 0.049479
0 0.954962 0.812244 0.049805 0.049479
0 0.926990 0.788268 0.049805 0.049479
0 0.940976 0.536520 0.049805 0.049479
0 0.966950 0.511212 0.049805 0.049479
0 0.899018 0.459264 0.049805 0.049479
0 0.867050 0.456600 0.049805 0.049479
0 0.829088 0.404651 0.049805 0.049479
0 0.841076 0.322067 0.049805 0.049479
0 0.869048 0.366023 0.049805 0.049479
0 0.893024 0.371351 0.049805 0.049479
0 0.921995 0.347375 0.049805 0.049479
0 0.870047 0.292763 0.049805 0.049479
0 0.877040 0.222167 0.049805 0.049479
0 0.941975 0.207515 0.049805 0.049479
0 0.985931 0.107615 0.049805 0.049479
0 0.962954 0.042347 0.049805 0.049479
0 0.929987 0.094295 0.049805 0.049479
0 0.893024 0.037019 0.049805 0.049479
0 0.931985 0.007715 0.049805 0.049479