0 0.157470 0.835164 0.049805 0.049479
0 0.203812 0.661180 0.049805 0.049479
0 0.619665 0.872562 0.049805 0.049479
0 0.703812 0.929473 0.049805 0.049479
0 0.795275 0.661180 0.049805 0.049479
0 0.720885 0.511586 0.049805 0.049479
0 0.944056 0.576627 0.049805 0.049479
0 0.948934 0.490448 0.049805 0.049479
0 0.989178 0.444920 0.049805 0.049479
0 0.850153 0.397765 0.049805 0.049479
0 0.803812 0.358741 0.049805 0.049479
0 0.779421 0.329473 0.049805 0.049479
0 0.659909 0.347359 0.049805 0.049479
0 0.633080 0.344107 0.049805 0.049479
0 0.605031 0.295326 0.049805 0.049479
0 0.547714 0.241668 0.049805 0.049479
0 0.491617 0.240042 0.049805 0.049479
0 0.464787 0.254676 0.049805 0.049479
0 0.498934 0.298578 0.049805 0.049479
0 0.508690 0.288822 0.049805 0.049479
0 0.506251 0.339229 0.049805 0.049479
0 0.516007 0.394513 0.049805 0.049479
0 0.409909 0.300204 0.049805 0.049479
0 0.314787 0.309960 0.049805 0.049479
0 0.302592 0.409147 0.049805 0.049479
0 0.308690 0.448172 0.049805 0.049479
0 0.275763 0.350611 0.049805 0.049479
0 0.263568 0.244920 0.049805 0.049479
0 0.237958 0.223781 0.049805 0.049479
0 0.255031 0.196139 0.049805 0.049479
0 0.283080 0.214025 0.049805 0.049479
0 0.353812 0.218903 0.049805 0.049479
0 0.417226 0.201017 0.049805 0.049479
0 0.398934 0.194513 0.049805 0.049479
0 0.136739 0.269310 0.049805 0.049479
0 0.122104 0.283944 0.049805 0.049479
0 0.108690 0.292074 0.049805 0.049479
0 0.009909 0.277440 0.049805 0.049479
0 0.018446 0.335977 0.049805 0.049479
0 0.002592 0.360367 0.049805 0.049479
0 0.011129 0.168090 0.049805 0.049479
0 0.021495 0.171342 0.049805 0.049479
0 0.031251 0.187603 0.049805 0.049479
0 0.040397 0.153456 0.049805 0.049479
0 0.053812 0.155082 0.049805 0.049479
0 0.064178 0.155082 0.049805 0.049479
0 0.078812 0.151830 0.049805 0.049479
0 0.084909 0.147765 0.049805 0.049479
0 0.094056 0.153456 0.049805 0.049479
0 0.120885 0.135570 0.049805 0.049479
0 0.087348 0.185977 0.049805 0.049479
0 0.075153 0.182725 0.049805 0.049479
0 0.208690 0.150204 0.049805 0.049479
0 0.209909 0.118497 0.049805 0.049479
0 0.207470 0.110367 0.049805 0.049479
0 0.204421 0.103863 0.049805 0.049479
0 0.220275 0.107115 0.049805 0.049479
0 0.222714 0.122562 0.049805 0.049479
0 0.230031 0.124188 0.049805 0.049479
0 0.239178 0.111180 0.049805 0.049479
0 0.254421 0.131505 0.049805 0.049479
0 0.254421 0.104676 0.049805 0.049479
0 0.253202 0.092481 0.049805 0.049479
0 0.261129 0.097359 0.049805 0.049479
0 0.266617 0.103863 0.049805 0.049479
0 0.276373 0.116871 0.049805 0.049479
0 0.282470 0.102237 0.049805 0.049479
0 0.301982 0.133131 0.049805 0.049479
0 0.315397 0.125814 0.049805 0.049479
0 0.292836 0.089432 0.049805 0.049479
0 0.302287 0.094310 0.049805 0.049479
0 0.304421 0.104066 0.049805 0.049479
0 0.309604 0.114229 0.049805 0.049479
0 0.297714 0.126017 0.049805 0.049479
0 0.310519 0.094310 0.049805 0.049479
0 0.318446 0.088619 0.049805 0.049479
0 0.328812 0.101221 0.049805 0.049479
0 0.331251 0.109757 0.049805 0.049479
0 0.331251 0.123578 0.049805 0.049479
0 0.344970 0.096749 0.049805 0.049479
0 0.335824 0.083334 0.049805 0.049479
0 0.344665 0.080489 0.049805 0.049479
0 0.355641 0.091464 0.049805 0.049479
0 0.362043 0.091464 0.049805 0.049479
0 0.366312 0.089432 0.049805 0.049479
0 0.371800 0.091464 0.049805 0.049479
0 0.375763 0.086180 0.049805 0.049479
0 0.379421 0.091464 0.049805 0.049479
0 0.389482 0.117074 0.049805 0.049479
0 0.362958 0.148781 0.049805 0.049479
0 0.391921 0.148781 0.049805 0.049479
0 0.412958 0.077643 0.049805 0.049479
0 0.429421 0.082521 0.049805 0.049479
0 0.433995 0.063009 0.049805 0.049479
0 0.440702 0.073985 0.049805 0.049479
0 0.445885 0.066668 0.049805 0.049479
0 0.454726 0.060164 0.049805 0.049479
0 0.455031 0.063822 0.049805 0.049479
0 0.466007 0.061383 0.049805 0.049479
0 0.468141 0.084960 0.049805 0.049479
0 0.477592 0.061383 0.049805 0.049479
0 0.481556 0.043497 0.049805 0.049479
0 0.486739 0.044716 0.049805 0.049479
0 0.499239 0.057725 0.049805 0.049479
0 0.502897 0.051221 0.049805 0.049479
0 0.497104 0.042684 0.049805 0.049479
0 0.510519 0.043903 0.049805 0.049479
0 0.512653 0.055692 0.049805 0.049479
0 0.488263 0.107725 0.049805 0.049479
0 0.494970 0.109757 0.049805 0.049479
0 0.447714 0.150814 0.049805 0.049479
0 0.795885 0.046139 0.049805 0.049479
0 0.770275 0.063212 0.049805 0.049479
0 0.754421 0.041261 0.049805 0.049479
0 0.806861 0.085164 0.049805 0.049479
0 0.834300 0.127440 0.049805 0.049479
0 0.815397 0.160773 0.049805 0.049479
0 0.802592 0.160773 0.049805 0.049479
0 0.784300 0.160773 0.049805 0.049479
0 0.821495 0.206302 0.049805 0.049479
0 0.834909 0.213619 0.049805 0.049479
0 0.890397 0.169716 0.049805 0.049479
0 0.908080 0.125814 0.049805 0.049479
0 0.953202 0.178660 0.049805 0.049479
0 0.695275 0.122562 0.049805 0.049479
0 0.736129 0.137196 0.049805 0.049479
0 0.740397 0.147765 0.049805 0.049479
0 0.745580 0.002034 0.049805 0.049479
0 0.677592 0.006099 0.049805 0.049479
0 0.671495 0.010570 0.049805 0.049479
0 0.669665 0.022359 0.049805 0.049479
0 0.661434 0.012196 0.049805 0.049479
0 0.662958 0.006912 0.049805 0.049479
0 0.656251 0.010570 0.049805 0.049479
0 0.655031 0.025611 0.049805 0.049479
0 0.648629 0.126830 0.049805 0.049479
0 0.556251 0.193294 0.049805 0.049479
0 0.568446 0.159147 0.049805 0.049479
0 0.549543 0.133131 0.049805 0.049479
0 0.634300 0.115245 0.049805 0.049479
0 0.634909 0.151830 0.049805 0.049479
0 0.621495 0.088416 0.049805 0.049479
0 0.598934 0.081099 0.049805 0.049479
0 0.598324 0.098172 0.049805 0.049479
0 0.565397 0.098172 0.049805 0.049479
0 0.543446 0.087603 0.049805 0.049479
0 0.522714 0.039025 0.049805 0.049479
0 0.524239 0.046749 0.049805 0.049479
0 0.545885 0.041871 0.049805 0.049479
0 0.581861 0.039025 0.049805 0.049479
0 0.643446 0.031708 0.049805 0.049479
0 0.640397 0.026830 0.049805 0.049479
0 0.632165 0.033741 0.049805 0.049479