0 0.845338 0.986906 0.050000 0.048565
0 0.889749 0.853573 0.050000 0.048565
0 0.873301 0.633820 0.050000 0.048565
0 0.878235 0.590610 0.050000 0.048565
0 0.818197 0.706659 0.050000 0.048565
0 0.793524 0.653573 0.050000 0.048565
0 0.818197 0.611598 0.050000 0.048565
0 0.763094 0.569622 0.050000 0.048565
0 0.751580 0.644931 0.050000 0.048565
0 0.726084 0.664684 0.050000 0.048565
0 0.726906 0.580733 0.050000 0.048565
0 0.756514 0.515301 0.050000 0.048565
0 0.835468 0.514067 0.050000 0.048565
0 0.804216 0.459746 0.050000 0.048565
0 0.666868 0.839993 0.050000 0.048565
0 0.640550 0.725178 0.050000 0.048565
0 0.670980 0.944931 0.050000 0.048565
0 0.607653 0.959746 0.050000 0.048565
0 0.742533 0.993079 0.050000 0.048565
0 0.847805 0.430116 0.050000 0.048565
0 0.832179 0.396783 0.050000 0.048565
0 0.858497 0.381968 0.050000 0.048565
0 0.893862 0.436289 0.050000 0.048565
0 0.787767 0.425178 0.050000 0.048565
0 0.784477 0.399252 0.050000 0.048565
0 0.776253 0.368388 0.050000 0.048565
0 0.758981 0.344931 0.050000 0.048565
0 0.795991 0.314067 0.050000 0.048565
0 0.782010 0.239993 0.050000 0.048565
0 0.798459 0.219005 0.050000 0.048565
0 0.774608 0.219005 0.050000 0.048565
0 0.784477 0.204190 0.050000 0.048565
0 0.759804 0.244931 0.050000 0.048565
0 0.823132 0.232585 0.050000 0.048565
0 0.825599 0.216536 0.050000 0.048565
0 0.852740 0.193079 0.050000 0.048565
0 0.834646 0.175795 0.050000 0.048565
0 0.875768 0.180733 0.050000 0.048565
0 0.895507 0.186906 0.050000 0.048565
0 0.894684 0.225178 0.050000 0.048565
0 0.866721 0.214067 0.050000 0.048565
0 0.847805 0.235054 0.050000 0.048565
0 0.830534 0.247400 0.050000 0.048565
0 0.843693 0.272091 0.050000 0.048565
0 0.863431 0.258511 0.050000 0.048565
0 0.868366 0.237524 0.050000 0.048565
0 0.899619 0.254807 0.050000 0.048565
0 0.846160 0.298017 0.050000 0.048565
0 0.879058 0.291844 0.050000 0.048565
0 0.812440 0.346165 0.050000 0.048565
0 0.842048 0.341227 0.050000 0.048565
0 0.893862 0.353573 0.050000 0.048565
0 0.740065 0.439993 0.050000 0.048565
0 0.732663 0.380733 0.050000 0.048565
0 0.699766 0.400486 0.050000 0.048565
0 0.705523 0.480733 0.050000 0.048565
0 0.649597 0.474561 0.050000 0.048565
0 0.638083 0.515301 0.050000 0.048565
0 0.596961 0.491844 0.050000 0.048565
0 0.623279 0.448635 0.050000 0.048565
0 0.621634 0.417770 0.050000 0.048565
0 0.658644 0.373326 0.050000 0.048565
0 0.667691 0.326412 0.050000 0.048565
0 0.678382 0.291844 0.050000 0.048565
0 0.690719 0.298017 0.050000 0.048565
0 0.671803 0.265919 0.050000 0.048565
0 0.710458 0.237524 0.050000 0.048565
0 0.728551 0.221474 0.050000 0.048565
0 0.759804 0.198017 0.050000 0.048565
0 0.767206 0.179499 0.050000 0.048565
0 0.726084 0.195548 0.050000 0.048565
0 0.514717 0.611598 0.050000 0.048565
0 0.555839 0.643696 0.050000 0.048565
0 0.550082 0.474561 0.050000 0.048565
0 0.579690 0.452338 0.050000 0.048565
0 0.574755 0.411598 0.050000 0.048565
0 0.615054 0.328882 0.050000 0.048565
0 0.638905 0.320240 0.050000 0.048565
0 0.633971 0.254807 0.050000 0.048565
0 0.666046 0.223943 0.050000 0.048565
0 0.679205 0.235054 0.050000 0.048565
0 0.678382 0.211598 0.050000 0.048565
0 0.689074 0.210363 0.050000 0.048565
0 0.694831 0.177030 0.050000 0.048565
0 0.662756 0.188141 0.050000 0.048565
0 0.648775 0.202956 0.050000 0.048565
0 0.607653 0.243696 0.050000 0.048565
0 0.617522 0.193079 0.050000 0.048565
0 0.615877 0.323943 0.050000 0.048565
0 0.606830 0.281968 0.050000 0.048565
0 0.576400 0.291844 0.050000 0.048565
0 0.585447 0.320240 0.050000 0.048565
0 0.578867 0.348635 0.050000 0.048565
0 0.557484 0.339993 0.050000 0.048565
0 0.551727 0.377030 0.050000 0.048565
0 0.546792 0.407894 0.050000 0.048565
0 0.549259 0.467153 0.050000 0.048565
0 0.513894 0.480733 0.050000 0.048565
0 0.514717 0.435054 0.050000 0.048565
0 0.502380 0.379499 0.050000 0.048565
0 0.487576 0.460980 0.050000 0.048565
0 0.459613 0.469622 0.050000 0.048565
0 0.476062 0.410363 0.050000 0.048565
0 0.448099 0.501721 0.050000 0.048565
0 0.490044 0.548635 0.050000 0.048565
0 0.521296 0.599252 0.050000 0.048565
0 0.477707 0.585672 0.050000 0.048565
0 0.477707 0.660980 0.050000 0.048565
0 0.337070 0.793079 0.050000 0.048565
0 0.272919 0.974561 0.050000 0.048565
0 0.153666 0.884437 0.050000 0.048565
0 0.171759 0.791844 0.050000 0.048565
0 0.219461 0.751104 0.050000 0.048565
0 0.271275 0.696783 0.050000 0.048565
0 0.357631 0.644931 0.050000 0.048565
0 0.367500 0.575795 0.050000 0.048565
0 0.356808 0.542462 0.050000 0.048565
0 0.404510 0.539993 0.050000 0.048565
0 0.420136 0.541227 0.050000 0.048565
0 0.524586 0.321474 0.050000 0.048565
0 0.550904 0.306659 0.050000 0.048565
0 0.541035 0.293079 0.050000 0.048565
0 0.561596 0.246165 0.050000 0.048565
0 0.564886 0.223943 0.050000 0.048565
0 0.587914 0.180733 0.050000 0.048565
0 0.601895 0.174561 0.050000 0.048565
0 0.566531 0.183203 0.050000 0.048565
0 0.545969 0.179499 0.050000 0.048565
0 0.528698 0.220240 0.050000 0.048565
0 0.527053 0.253573 0.050000 0.048565
0 0.517184 0.298017 0.050000 0.048565
0 0.486754 0.327647 0.050000 0.048565
0 0.461258 0.357277 0.050000 0.048565
0 0.467838 0.384437 0.050000 0.048565
0 0.422603 0.384437 0.050000 0.048565
0 0.419314 0.433820 0.050000 0.048565
0 0.430005 0.356042 0.050000 0.048565
0 0.388883 0.417770 0.050000 0.048565
0 0.370790 0.436289 0.050000 0.048565
0 0.358453 0.504190 0.050000 0.048565
0 0.350229 0.464684 0.050000 0.048565
0 0.411912 0.509128 0.050000 0.048565
0 0.297593 0.533820 0.050000 0.048565
0 0.008916 0.785672 0.050000 0.048565
0 0.054973 0.612832 0.050000 0.048565
0 0.073889 0.684437 0.050000 0.048565
0 0.140507 0.635054 0.050000 0.048565
0 0.122413 0.599252 0.050000 0.048565
0 0.101852 0.567153 0.050000 0.048565
0 0.155310 0.535054 0.050000 0.048565
0 0.179161 0.491844 0.050000 0.048565
0 0.216171 0.532585 0.050000 0.048565
0 0.249891 0.511598 0.050000 0.048565
0 0.323088 0.467153 0.050000 0.048565
0 0.264695 0.469622 0.050000 0.048565
0 0.254826 0.435054 0.050000 0.048565
0 0.285256 0.473326 0.050000 0.048565
0 0.306639 0.431351 0.050000 0.048565
0 0.272919 0.399252 0.050000 0.048565
0 0.310752 0.383203 0.050000 0.048565
0 0.337892 0.409128 0.050000 0.048565
0 0.364210 0.378264 0.050000 0.048565
0 0.356808 0.333820 0.050000 0.048565
0 0.395463 0.367153 0.050000 0.048565
0 0.379837 0.309128 0.050000 0.048565
0 0.421781 0.315301 0.050000 0.048565
0 0.449744 0.312832 0.050000 0.048565
0 0.448099 0.291844 0.050000 0.048565
0 0.459613 0.275795 0.050000 0.048565
0 0.476885 0.259746 0.050000 0.048565
0 0.487576 0.233820 0.050000 0.048565
0 0.490044 0.215301 0.050000 0.048565
0 0.492511 0.204190 0.050000 0.048565
0 0.521296 0.191844 0.050000 0.048565
0 0.467838 0.196783 0.050000 0.048565
0 0.457968 0.216536 0.050000 0.048565
0 0.436585 0.252338 0.050000 0.048565
0 0.421781 0.223943 0.050000 0.048565
0 0.432473 0.204190 0.050000 0.048565
0 0.442342 0.179499 0.050000 0.048565
0 0.405332 0.236289 0.050000 0.048565
0 0.416846 0.272091 0.050000 0.048565
0 0.401220 0.267153 0.050000 0.048565
0 0.382304 0.301721 0.050000 0.048565
0 0.369145 0.238758 0.050000 0.048565
0 0.381481 0.283203 0.050000 0.048565
0 0.351051 0.279499 0.050000 0.048565
0 0.346939 0.305425 0.050000 0.048565
0 0.323088 0.325178 0.050000 0.048565
0 0.304172 0.306659 0.050000 0.048565
0 0.310752 0.285672 0.050000 0.048565
0 0.321443 0.268388 0.050000 0.048565
0 0.334602 0.272091 0.050000 0.048565
0 0.342827 0.248635 0.050000 0.048565
0 0.350229 0.214067 0.050000 0.048565
0 0.362565 0.204190 0.050000 0.048565
0 0.389706 0.188141 0.050000 0.048565
0 0.363388 0.185672 0.050000 0.048565
0 0.323088 0.226412 0.050000 0.048565
0 0.314041 0.200486 0.050000 0.048565
0 0.298415 0.190610 0.050000 0.048565
0 0.295125 0.217770 0.050000 0.048565
0 0.273742 0.242462 0.050000 0.048565
0 0.273742 0.280733 0.050000 0.048565
0 0.290191 0.314067 0.050000 0.048565
0 0.263873 0.299252 0.050000 0.048565
0 0.249891 0.273326 0.050000 0.048565
0 0.250714 0.236289 0.050000 0.048565
0 0.268807 0.198017 0.050000 0.048565
0 0.230975 0.220240 0.050000 0.048565
0 0.219461 0.238758 0.050000 0.048565
0 0.203012 0.225178 0.050000 0.048565
0 0.178339 0.198017 0.050000 0.048565
0 0.174227 0.212832 0.050000 0.048565
0 0.159423 0.223943 0.050000 0.048565
0 0.137217 0.195548 0.050000 0.048565
0 0.149553 0.168388 0.050000 0.048565
0 0.115011 0.170857 0.050000 0.048565
0 0.086225 0.191844 0.050000 0.048565
0 0.042636 0.190610 0.050000 0.048565
0 0.041814 0.209128 0.050000 0.048565
0 0.005626 0.195548 0.050000 0.048565
0 0.017963 0.223943 0.050000 0.048565
0 0.044281 0.223943 0.050000 0.048565
0 0.082113 0.243696 0.050000 0.048565
0 0.101029 0.227647 0.050000 0.048565
0 0.099385 0.202956 0.050000 0.048565
0 0.123235 0.248635 0.050000 0.048565
0 0.142151 0.241227 0.050000 0.048565
0 0.138862 0.274561 0.050000 0.048565
0 0.104319 0.260980 0.050000 0.048565
0 0.078824 0.302956 0.050000 0.048565
0 0.065664 0.272091 0.050000 0.048565
0 0.039346 0.254807 0.050000 0.048565
0 0.050038 0.284437 0.050000 0.048565
0 0.053328 0.317770 0.050000 0.048565
0 0.045926 0.335054 0.050000 0.048565
0 0.026187 0.396783 0.050000 0.048565
0 0.014673 0.454807 0.050000 0.048565
0 0.063197 0.389375 0.050000 0.048565
0 0.076356 0.421474 0.050000 0.048565
0 0.073066 0.400486 0.050000 0.048565
0 0.091160 0.359746 0.050000 0.048565
0 0.092805 0.315301 0.050000 0.048565
0 0.124058 0.305425 0.050000 0.048565
0 0.135572 0.332585 0.050000 0.048565
0 0.117478 0.335054 0.050000 0.048565
0 0.152021 0.381968 0.050000 0.048565
0 0.166825 0.344931 0.050000 0.048565
0 0.158600 0.307894 0.050000 0.048565
0 0.176694 0.288141 0.050000 0.048565
0 0.193143 0.267153 0.050000 0.048565
0 0.201367 0.305425 0.050000 0.048565
0 0.218638 0.285672 0.050000 0.048565
0 0.228508 0.263449 0.050000 0.048565
0 0.242489 0.311598 0.050000 0.048565
0 0.248246 0.330116 0.050000 0.048565
0 0.208769 0.353573 0.050000 0.048565
0 0.203012 0.391844 0.050000 0.048565
0 0.218638 0.379499 0.050000 0.048565
0 0.249069 0.370857 0.050000 0.048565
0 0.270452 0.347400 0.050000 0.048565
0 0.204657 0.431351 0.050000 0.048565
0 0.170114 0.406659 0.050000 0.048565
0 0.134749 0.425178 0.050000 0.048565
0 0.117478 0.417770 0.050000 0.048565
0 0.115011 0.496783 0.050000 0.048565
0 0.017141 0.562215 0.050000 0.048565
0 0.056618 0.556042 0.050000 0.048565
0 0.919736 0.786443 0.050000 0.048565
0 0.924259 0.719777 0.050000 0.048565
0 0.957979 0.688295 0.050000 0.048565
0 0.957774 0.612369 0.050000 0.048565
0 0.973811 0.565456 0.050000 0.048565
0 0.902876 0.521320 0.050000 0.048565
0 0.811585 0.171011 0.050000 0.048565
0 0.777659 0.141382 0.050000 0.048565
0 0.799865 0.134591 0.050000 0.048565
0 0.841604 0.149406 0.050000 0.048565
0 0.825772 0.137061 0.050000 0.048565
0 0.877586 0.155579 0.050000 0.048565
0 0.900820 0.155270 0.050000 0.048565
0 0.897530 0.168233 0.050000 0.048565
0 0.906577 0.184900 0.050000 0.048565
0 0.913362 0.176258 0.050000 0.048565
0 0.938858 0.154344 0.050000 0.048565
0 0.961886 0.153419 0.050000 0.048565
0 0.960858 0.114530 0.050000 0.048565
0 0.967437 0.133048 0.050000 0.048565
0 0.937418 0.127801 0.050000 0.048565
0 0.918913 0.121011 0.050000 0.048565
0 0.893007 0.105270 0.050000 0.048565
0 0.877791 0.135209 0.050000 0.048565
0 0.913156 0.100641 0.050000 0.048565
0 0.929194 0.096628 0.050000 0.048565
0 0.954073 0.061443 0.050000 0.048565
0 0.971138 0.053727 0.050000 0.048565
0 0.972578 0.072554 0.050000 0.048565
0 0.973811 0.105579 0.050000 0.048565
0 0.936390 0.058048 0.050000 0.048565
0 0.914596 0.066999 0.050000 0.048565
0 0.889717 0.071011 0.050000 0.048565
0 0.824744 0.075332 0.050000 0.048565
0 0.856202 0.073480 0.050000 0.048565
0 0.847772 0.093851 0.050000 0.048565
0 0.792463 0.066690 0.050000 0.048565
0 0.803566 0.055888 0.050000 0.048565
0 0.778687 0.071320 0.050000 0.048565
0 0.759566 0.071320 0.050000 0.048565
0 0.778482 0.055579 0.050000 0.048565
0 0.803772 0.092616 0.050000 0.048565
0 0.793697 0.084591 0.050000 0.048565
0 0.792052 0.108048 0.050000 0.048565
0 0.784033 0.106505 0.050000 0.048565
0 0.766762 0.112986 0.050000 0.048565
0 0.761622 0.096628 0.050000 0.048565
0 0.752164 0.155579 0.050000 0.048565
0 0.788351 0.169159 0.050000 0.048565
0 0.787117 0.092307 0.050000 0.048565
0 0.943175 0.076875 0.050000 0.048565
0 0.967643 0.183974 0.050000 0.048565
0 0.960035 0.194468 0.050000 0.048565
0 0.949344 0.185517 0.050000 0.048565
0 0.930839 0.191382 0.050000 0.048565
0 0.945242 0.303264 0.050000 0.048565
0 0.917279 0.316227 0.050000 0.048565
0 0.922214 0.292770 0.050000 0.048565
0 0.938663 0.381659 0.050000 0.048565
0 0.920569 0.368696 0.050000 0.048565
0 0.909466 0.396474 0.050000 0.048565
0 0.927971 0.424252 0.050000 0.048565
0 0.930850 0.474252 0.050000 0.048565
0 0.915635 0.248943 0.050000 0.048565
0 0.855596 0.141536 0.050000 0.048565
0 0.857653 0.117462 0.050000 0.048565
0 0.866699 0.105116 0.050000 0.048565
0 0.871223 0.095857 0.050000 0.048565
0 0.837914 0.105116 0.050000 0.048565
0 0.812007 0.125486 0.050000 0.048565
0 0.707557 0.134746 0.050000 0.048565
0 0.715782 0.112524 0.050000 0.048565
0 0.733464 0.123635 0.050000 0.048565
0 0.742922 0.103264 0.050000 0.048565
0 0.729352 0.153264 0.050000 0.048565
0 0.742100 0.164375 0.050000 0.048565
0 0.685351 0.150795 0.050000 0.048565
0 0.673426 0.144622 0.050000 0.048565
0 0.665202 0.105116 0.050000 0.048565
0 0.668080 0.089067 0.050000 0.048565
0 0.714137 0.089067 0.050000 0.048565
0 0.648753 0.131659 0.050000 0.048565
0 0.652865 0.112524 0.050000 0.048565
0 0.646285 0.086598 0.050000 0.048565
0 0.626547 0.104499 0.050000 0.048565
0 0.615033 0.133511 0.050000 0.048565
0 0.640528 0.150795 0.050000 0.048565
0 0.654099 0.163141 0.050000 0.048565
0 0.607219 0.152030 0.050000 0.048565
0 0.580901 0.133511 0.050000 0.048565
0 0.604341 0.109437 0.050000 0.048565
0 0.576789 0.105116 0.050000 0.048565
0 0.557873 0.105733 0.050000 0.048565
0 0.531966 0.105116 0.050000 0.048565
0 0.513050 0.092770 0.050000 0.048565
0 0.534434 0.088449 0.050000 0.048565
0 0.547181 0.132277 0.050000 0.048565
0 0.561574 0.153882 0.050000 0.048565
0 0.511405 0.171783 0.050000 0.048565
0 0.521686 0.164993 0.050000 0.048565
0 0.566509 0.095857 0.050000 0.048565
0 0.610509 0.102030 0.050000 0.048565
0 0.524975 0.130425 0.050000 0.048565
0 0.504826 0.140301 0.050000 0.048565
0 0.517162 0.119314 0.050000 0.048565
0 0.534022 0.142770 0.050000 0.048565
0 0.986862 0.472323 0.050000 0.048565
0 0.934334 0.262986 0.050000 0.048565
0 0.958391 0.259900 0.050000 0.048565
0 0.959830 0.288912 0.050000 0.048565
0 0.943381 0.242307 0.050000 0.048565
0 0.789001 0.818079 0.050000 0.048565
0 0.486959 0.167616 0.050000 0.048565
0 0.466193 0.176567 0.050000 0.048565
0 0.462081 0.158665 0.050000 0.048565
0 0.476885 0.139221 0.050000 0.048565
0 0.494773 0.148480 0.050000 0.048565
0 0.458791 0.134746 0.050000 0.048565
0 0.448099 0.086598 0.050000 0.048565
0 0.442753 0.103882 0.050000 0.048565
0 0.425482 0.086598 0.050000 0.048565
0 0.411089 0.151412 0.050000 0.048565
0 0.425071 0.165610 0.050000 0.048565
0 0.448922 0.146474 0.050000 0.048565
0 0.436174 0.165610 0.050000 0.048565
0 0.436174 0.146474 0.050000 0.048565
0 0.440286 0.127338 0.050000 0.048565
0 0.396697 0.145240 0.050000 0.048565
0 0.383538 0.151412 0.050000 0.048565
0 0.374491 0.133511 0.050000 0.048565
0 0.365855 0.118696 0.050000 0.048565
0 0.355986 0.095240 0.050000 0.048565
0 0.370379 0.107585 0.050000 0.048565
0 0.399575 0.129190 0.050000 0.048565
0 0.407388 0.191536 0.050000 0.048565
0 0.347350 0.160054 0.050000 0.048565
0 0.341593 0.138449 0.050000 0.048565
0 0.326789 0.129807 0.050000 0.048565
0 0.348584 0.118696 0.050000 0.048565
0 0.330490 0.111906 0.050000 0.048565
0 0.298415 0.105733 0.050000 0.048565
0 0.279910 0.123635 0.050000 0.048565
0 0.266751 0.151412 0.050000 0.048565
0 0.280733 0.146474 0.050000 0.048565
0 0.258938 0.104499 0.050000 0.048565
0 0.277443 0.102647 0.050000 0.048565
0 0.297593 0.088449 0.050000 0.048565
0 0.231797 0.152647 0.050000 0.048565
0 0.236732 0.103882 0.050000 0.048565
0 0.215760 0.092770 0.050000 0.048565
0 0.572699 0.058974 0.050000 0.048565
0 0.555222 0.062061 0.050000 0.048565
0 0.536306 0.062061 0.050000 0.048565
0 0.500735 0.076875 0.050000 0.048565
0 0.512455 0.049406 0.050000 0.048565
0 0.509577 0.072863 0.050000 0.048565
0 0.499707 0.063604 0.050000 0.048565
0 0.490660 0.068542 0.050000 0.048565
0 0.477707 0.049406 0.050000 0.048565
0 0.487165 0.051875 0.050000 0.048565
0 0.476062 0.073789 0.050000 0.048565
0 0.470922 0.076258 0.050000 0.048565
0 0.477090 0.090456 0.050000 0.048565
0 0.483670 0.119159 0.050000 0.048565
0 0.448716 0.056196 0.050000 0.048565
0 0.434734 0.049715 0.050000 0.048565
0 0.461464 0.045703 0.050000 0.048565
0 0.430211 0.071628 0.050000 0.048565
0 0.395669 0.060826 0.050000 0.048565
0 0.415818 0.064530 0.050000 0.048565
0 0.015528 0.139530 0.050000 0.048565
0 0.039790 0.130888 0.050000 0.048565
0 0.023547 0.102184 0.050000 0.048565
0 0.024575 0.075024 0.050000 0.048565
0 0.051099 0.085826 0.050000 0.048565
0 0.063847 0.111135 0.050000 0.048565
0 0.053772 0.058974 0.050000 0.048565
0 0.070632 0.050949 0.050000 0.048565
0 0.104352 0.079962 0.050000 0.048565
0 0.096539 0.062061 0.050000 0.048565
0 0.123885 0.061752 0.050000 0.048565
0 0.144651 0.077801 0.050000 0.048565
0 0.137661 0.051875 0.050000 0.048565
0 0.163773 0.066073 0.050000 0.048565
0 0.173437 0.076875 0.050000 0.048565
0 0.191531 0.063912 0.050000 0.048565
0 0.199344 0.050949 0.050000 0.048565
0 0.212297 0.048480 0.050000 0.048565
0 0.217026 0.091073 0.050000 0.048565
0 0.213325 0.133665 0.050000 0.048565
0 0.188858 0.094777 0.050000 0.048565
0 0.188035 0.118542 0.050000 0.048565
0 0.176932 0.098789 0.050000 0.048565
0 0.199961 0.157740 0.050000 0.048565
0 0.177755 0.144159 0.050000 0.048565
0 0.173848 0.159900 0.050000 0.048565
0 0.139717 0.150949 0.050000 0.048565
0 0.125941 0.114530 0.050000 0.048565
0 0.099417 0.118851 0.050000 0.048565
0 0.081529 0.138912 0.050000 0.048565
0 0.063435 0.094159 0.050000 0.048565
0 0.159044 0.053110 0.050000 0.048565
0 0.152876 0.066690 0.050000 0.048565
0 0.199755 0.074406 0.050000 0.048565
0 0.074950 0.126567 0.050000 0.048565
0 0.096539 0.104962 0.050000 0.048565
0 0.302343 0.077801 0.050000 0.048565
0 0.332568 0.078727 0.050000 0.048565
0 0.358064 0.056196 0.050000 0.048565
0 0.369167 0.090456 0.050000 0.048565
0 0.283427 0.073789 0.050000 0.048565
0 0.269035 0.052801 0.050000 0.048565
0 0.273764 0.061443 0.050000 0.048565
0 0.599017 0.052801 0.050000 0.048565
0 0.611353 0.060826 0.050000 0.048565
0 0.602718 0.073480 0.050000 0.048565
0 0.591409 0.104344 0.050000 0.048565
0 0.572904 0.083665 0.050000 0.048565
0 0.583802 0.090147 0.050000 0.048565
0 0.986250 0.048223 0.050000 0.048565
0 0.995241 0.201183 0.050000 0.048565
0 0.989247 0.186187 0.050000 0.048565
0 0.984252 0.144198 0.050000 0.048565
0 0.994242 0.126203 0.050000 0.048565
0 0.994242 0.100709 0.050000 0.048565
0 0.986250 0.085713 0.050000 0.048565
0 0.982254 0.078215 0.050000 0.048565
0 0.961275 0.081215 0.050000 0.048565
0 0.966270 0.073717 0.050000 0.048565
0 0.961275 0.051223 0.050000 0.048565
0 0.951285 0.045224 0.050000 0.048565
0 0.962274 0.217679 0.050000 0.048565
0 0.996240 0.274664 0.050000 0.048565
0 0.996240 0.291159 0.050000 0.048565
0 0.983253 0.339147 0.050000 0.048565
0 0.984252 0.373637 0.050000 0.048565
0 0.966270 0.375137 0.050000 0.048565
0 0.952284 0.348144 0.050000 0.048565
0 0.991245 0.675058 0.050000 0.048565
0 0.907329 0.037726 0.050000 0.048565
0 0.893343 0.046724 0.050000 0.048565
0 0.896340 0.036226 0.050000 0.048565
0 0.926310 0.040725 0.050000 0.048565
0 0.942294 0.042225 0.050000 0.048565
0 0.947289 0.033227 0.050000 0.048565
0 0.950286 0.036226 0.050000 0.048565
0 0.971265 0.039226 0.050000 0.048565
0 0.978258 0.034727 0.050000 0.048565
0 0.986250 0.034727 0.050000 0.048565
0 0.869367 0.033227 0.050000 0.048565
0 0.859377 0.034727 0.050000 0.048565
0 0.858378 0.039226 0.050000 0.048565
0 0.847389 0.051223 0.050000 0.048565
0 0.849387 0.055721 0.050000 0.048565
0 0.856380 0.064719 0.050000 0.048565
0 0.862374 0.066219 0.050000 0.048565
0 0.872364 0.063219 0.050000 0.048565
0 0.879357 0.043724 0.050000 0.048565
0 0.833403 0.040725 0.050000 0.048565
0 0.816420 0.037726 0.050000 0.048565
0 0.816420 0.030228 0.050000 0.048565
0 0.795441 0.040725 0.050000 0.048565
0 0.792444 0.043724 0.050000 0.048565
0 0.802434 0.039226 0.050000 0.048565
0 0.804432 0.033227 0.050000 0.048565
0 0.824412 0.042225 0.050000 0.048565
0 0.828408 0.067718 0.050000 0.048565
0 0.854382 0.045224 0.050000 0.048565
0 0.857379 0.048223 0.050000 0.048565
0 0.924312 0.070717 0.050000 0.048565
0 0.934302 0.081215 0.050000 0.048565
0 0.783453 0.042225 0.050000 0.048565
0 0.743493 0.058721 0.050000 0.048565
0 0.754482 0.045224 0.050000 0.048565
0 0.735501 0.030228 0.050000 0.048565
0 0.949412 0.011759 0.050000 0.048565
0 0.945166 0.023756 0.050000 0.048565
0 0.959402 0.021131 0.050000 0.048565
0 0.985126 0.013259 0.050000 0.048565
0 0.973887 0.010259 0.050000 0.048565
0 0.918942 0.029754 0.050000 0.048565
0 0.924936 0.019632 0.050000 0.048565
0 0.931180 0.031629 0.050000 0.048565
0 0.933677 0.020007 0.050000 0.048565
0 0.912449 0.024131 0.050000 0.048565
0 0.901460 0.027130 0.050000 0.048565
0 0.900211 0.012884 0.050000 0.048565
0 0.886724 0.011384 0.050000 0.048565
0 0.872489 0.029754 0.050000 0.048565
0 0.870990 0.013259 0.050000 0.048565
0 0.861999 0.011759 0.050000 0.048565
0 0.851759 0.019257 0.050000 0.048565
0 0.838523 0.027880 0.050000 0.048565
0 0.843518 0.014383 0.050000 0.048565
0 0.832529 0.011384 0.050000 0.048565
0 0.793567 0.029004 0.050000 0.048565
0 0.780081 0.036128 0.050000 0.048565
0 0.784077 0.020757 0.050000 0.048565
0 0.769342 0.043626 0.050000 0.048565
0 0.751859 0.027880 0.050000 0.048565
0 0.769841 0.019257 0.050000 0.048565
0 0.805056 0.023006 0.050000 0.048565
0 0.826035 0.030129 0.050000 0.048565
0 0.816295 0.015508 0.050000 0.048565
0 0.886225 0.028255 0.050000 0.048565
0 0.993368 0.029754 0.050000 0.048565
0 0.995865 0.013633 0.050000 0.048565
0 0.982379 0.021131 0.050000 0.048565
0 0.031330 0.034628 0.050000 0.048565
0 0.043567 0.041001 0.050000 0.048565
0 0.060301 0.033503 0.050000 0.048565
0 0.066045 0.023006 0.050000 0.048565
0 0.089022 0.036128 0.050000 0.048565
0 0.097264 0.020007 0.050000 0.048565
0 0.108503 0.042501 0.050000 0.048565
0 0.186425 0.041001 0.050000 0.048565
0 0.222389 0.018132 0.050000 0.048565
0 0.242618 0.027505 0.050000 0.048565
0 0.241370 0.058247 0.050000 0.048565
0 0.225635 0.085614 0.050000 0.048565
0 0.232628 0.018507 0.050000 0.048565
0 0.165196 0.009510 0.050000 0.048565
0 0.287199 0.036660 0.050000 0.048565
0 0.304681 0.038910 0.050000 0.048565
0 0.288697 0.026163 0.050000 0.048565
0 0.280206 0.023164 0.050000 0.048565
0 0.241744 0.044158 0.050000 0.048565
0 0.202783 0.045658 0.050000 0.048565
0 0.308178 0.023164 0.050000 0.048565
0 0.339646 0.027663 0.050000 0.048565
0 0.357129 0.019415 0.050000 0.048565
0 0.386599 0.017166 0.050000 0.048565
0 0.392094 0.039660 0.050000 0.048565
0 0.408078 0.026163 0.050000 0.048565
0 0.414072 0.041909 0.050000 0.048565
0 0.419067 0.022414 0.050000 0.048565
0 0.450036 0.025413 0.050000 0.048565
0 0.467019 0.017166 0.050000 0.048565
0 0.484002 0.032162 0.050000 0.048565
0 0.384601 0.059904 0.050000 0.048565
0 0.386599 0.077899 0.050000 0.048565
0 0.370615 0.041159 0.050000 0.048565
0 0.381105 0.039660 0.050000 0.048565
0 0.432054 0.101143 0.050000 0.048565
0 0.417568 0.129636 0.050000 0.048565
0 0.691544 0.087647 0.050000 0.048565
0 0.682553 0.109391 0.050000 0.048565
0 0.693542 0.155879 0.050000 0.048565
0 0.682553 0.073401 0.050000 0.048565
0 0.683053 0.054656 0.050000 0.048565
0 0.702533 0.046408 0.050000 0.048565
0 0.725011 0.047158 0.050000 0.048565
0 0.736500 0.049407 0.050000 0.048565
0 0.717519 0.033661 0.050000 0.048565
0 0.720516 0.025413 0.050000 0.048565
0 0.721515 0.035161 0.050000 0.048565
0 0.697538 0.033661 0.050000 0.048565
0 0.684551 0.030662 0.050000 0.048565
0 0.686549 0.018665 0.050000 0.048565
0 0.670565 0.033661 0.050000 0.048565
0 0.668567 0.047158 0.050000 0.048565
0 0.663572 0.059904 0.050000 0.048565
0 0.640595 0.073401 0.050000 0.048565
0 0.646589 0.060654 0.050000 0.048565
0 0.638098 0.049407 0.050000 0.048565
0 0.627109 0.058405 0.050000 0.048565
0 0.636599 0.024664 0.050000 0.048565
0 0.647588 0.040409 0.050000 0.048565
0 0.654082 0.029912 0.050000 0.048565
0 0.653083 0.015666 0.050000 0.048565
0 0.663572 0.034411 0.050000 0.048565
0 0.542194 0.032162 0.050000 0.048565
0 0.521714 0.036660 0.050000 0.048565
0 0.499237 0.020915 0.050000 0.048565
0 0.555181 0.047907 0.050000 0.048565
0 0.554681 0.029162 0.050000 0.048565
0 0.710526 0.074900 0.050000 0.048565
0 0.702034 0.060654 0.050000 0.048565
0 0.738997 0.014916 0.050000 0.048565
0 0.792444 0.193369 0.050000 0.048565
0 0.728508 0.326084 0.050000 0.048565
0 0.716520 0.345579 0.050000 0.048565
0 0.691544 0.380070 0.050000 0.048565
0 0.709027 0.323835 0.050000 0.048565
0 0.342893 0.082398 0.050000 0.048565
0 0.437798 0.083898 0.050000 0.048565
0 0.216020 0.015232 0.050000 0.048565
0 0.207029 0.010733 0.050000 0.048565
0 0.703532 0.013732 0.050000 0.048565