0 0.325153 0.951439 0.049805 0.049479
0 0.264968 0.837859 0.049805 0.049479
0 0.016820 0.856377 0.049805 0.049479
0 0.005709 0.716871 0.049805 0.049479
0 0.014968 0.606994 0.049805 0.049479
0 0.445524 0.690945 0.049805 0.049479
0 0.411264 0.600822 0.049805 0.049479
0 0.389968 0.518105 0.049805 0.049479
0 0.368672 0.466254 0.049805 0.049479
0 0.377005 0.416871 0.049805 0.049479
0 0.376079 0.368723 0.049805 0.049479
0 0.353857 0.318105 0.049805 0.049479
0 0.743672 0.279834 0.049805 0.049479
0 0.864968 0.652673 0.049805 0.049479
0 0.755709 0.757612 0.049805 0.049479
0 0.858487 0.166562 0.049805 0.049479
0 0.894135 0.167797 0.049805 0.049479
0 0.920987 0.158538 0.049805 0.049479
0 0.970987 0.086315 0.049805 0.049479
0 0.608949 0.098044 0.049805 0.049479
0 0.528394 0.113476 0.049805 0.049479
0 0.753220 0.014440 0.049805 0.049479
0 0.760396 0.017681 0.049805 0.049479
0 0.458949 0.141408 0.049805 0.049479
0 0.465894 0.051593 0.049805 0.049479
0 0.491588 0.043877 0.049805 0.049479
0 0.553683 0.029564 0.049805 0.049479
0 0.372723 0.035621 0.049805 0.049479
0 0.411149 0.053676 0.049805 0.049479
0 0.447954 0.028059 0.049805 0.049479
0 0.061727 0.126439 0.049805 0.049479
0 0.056635 0.063939 0.049805 0.049479
0 0.109644 0.051902 0.049805 0.049479
0 0.042746 0.028561 0.049805 0.049479
0 0.052989 0.022774 0.049805 0.049479
0 0.062235 0.006754 0.049805 0.049479
0 0.914451 0.009402 0.049805 0.049479
0 0.963364 0.016648 0.049805 0.049479
0 0.986775 0.016648 0.049805 0.049479
0 0.374735 0.003827 0.049805 0.049479
0 0.347979 0.002713 0.049805 0.049479
0 0.378498 0.095243 0.049805 0.049479