0 0.361455 0.725253 0.049805 0.049479
0 0.433372 0.582396 0.049805 0.049479
0 0.370261 0.347562 0.049805 0.049479
0 0.271924 0.210576 0.049805 0.049479
0 0.379067 0.171437 0.049805 0.049479
0 0.458323 0.040322 0.049805 0.049479
0 0.549321 0.020752 0.049805 0.049479
0 0.615368 0.034451 0.049805 0.049479
0 0.493548 0.151868 0.049805 0.049479
0 0.531709 0.282983 0.049805 0.049479
0 0.665271 0.470850 0.049805 0.049479
0 0.897169 0.748737 0.049805 0.049479
0 0.935329 0.484549 0.049805 0.049479
0 0.989635 0.145997 0.049805 0.049479
0 0.939732 0.040322 0.049805 0.049479
0 0.891298 0.063805 0.049805 0.049479
0 0.810574 0.061848 0.049805 0.049479
0 0.704899 0.038365 0.049805 0.049479
0 0.671141 0.075547 0.049805 0.049479
0 0.678480 0.022709 0.049805 0.049479
0 0.728382 0.161652 0.049805 0.049479
0 0.803235 0.277112 0.049805 0.049479
0 0.948732 0.227908 0.049805 0.049479
0 0.955839 0.054552 0.049805 0.049479
0 0.817879 0.008844 0.049805 0.049479
0 0.334183 0.004942 0.049805 0.049479
0 0.509351 0.108621 0.049805 0.049479
0 0.509769 0.193348 0.049805 0.049479