0 0.405552 0.681692 0.049805 0.049479
0 0.500834 0.614542 0.049805 0.049479
0 0.832957 0.665359 0.049805 0.049479
0 0.914627 0.817809 0.049805 0.049479
0 0.705008 0.623616 0.049805 0.049479
0 0.801650 0.443943 0.049805 0.049479
0 0.936405 0.601838 0.049805 0.049479
0 0.143642 0.472981 0.049805 0.049479
0 0.180394 0.408553 0.049805 0.049479
0 0.276356 0.502927 0.049805 0.049479
0 0.310385 0.538317 0.049805 0.049479
0 0.360067 0.364088 0.049805 0.049479
0 0.468279 0.501112 0.049805 0.049479
0 0.333524 0.349569 0.049805 0.049479
0 0.326038 0.283326 0.049805 0.049479
0 0.284523 0.282418 0.049805 0.049479
0 0.216464 0.282418 0.049805 0.049479
0 0.164060 0.277881 0.049805 0.049479
0 0.159976 0.332328 0.049805 0.049479
0 0.135475 0.368625 0.049805 0.049479
0 0.134795 0.281511 0.049805 0.049479
0 0.105530 0.302382 0.049805 0.049479
0 0.038833 0.256103 0.049805 0.049479
0 0.010929 0.383144 0.049805 0.049479
0 0.021138 0.193489 0.049805 0.049479
0 0.006165 0.127700 0.049805 0.049479
0 0.047680 0.143126 0.049805 0.049479
0 0.063334 0.152201 0.049805 0.049479
0 0.083751 0.164905 0.049805 0.049479
0 0.165421 0.109551 0.049805 0.049479
0 0.187880 0.112273 0.049805 0.049479
0 0.238243 0.124070 0.049805 0.049479
0 0.270230 0.164905 0.049805 0.049479
0 0.295412 0.177609 0.049805 0.049479
0 0.370956 0.146756 0.049805 0.049479
0 0.395457 0.120440 0.049805 0.049479
0 0.402263 0.165812 0.049805 0.049479
0 0.396818 0.301928 0.049805 0.049479
0 0.449904 0.301021 0.049805 0.049479
0 0.481891 0.372709 0.049805 0.049479
0 0.468279 0.187591 0.049805 0.049479
0 0.661337 0.382237 0.049805 0.049479
0 0.570820 0.403108 0.049805 0.049479
0 0.681074 0.340495 0.049805 0.049479
0 0.730076 0.430331 0.049805 0.049479
0 0.824677 0.383144 0.049805 0.049479
0 0.722590 0.316901 0.049805 0.049479
0 0.728715 0.276974 0.049805 0.049479
0 0.756619 0.281511 0.049805 0.049479
0 0.782481 0.297845 0.049805 0.049479
0 0.858025 0.336865 0.049805 0.049479
0 0.906346 0.328698 0.049805 0.049479
0 0.990058 0.327790 0.049805 0.049479
0 0.992780 0.553743 0.049805 0.049479
0 0.958751 0.261547 0.049805 0.049479
0 0.988697 0.261547 0.049805 0.049479
0 0.898180 0.271529 0.049805 0.049479
0 0.885248 0.247028 0.049805 0.049479
0 0.898860 0.200749 0.049805 0.049479
0 0.865512 0.188045 0.049805 0.049479
0 0.815829 0.224342 0.049805 0.049479
0 0.795412 0.204378 0.049805 0.049479
0 0.759341 0.209823 0.049805 0.049479
0 0.762063 0.178970 0.049805 0.049479
0 0.745049 0.171711 0.049805 0.049479
0 0.734840 0.188045 0.049805 0.049479
0 0.730076 0.209823 0.049805 0.049479
0 0.719187 0.200749 0.049805 0.049479
0 0.704214 0.190767 0.049805 0.049479
0 0.721909 0.178970 0.049805 0.049479
0 0.681074 0.194397 0.049805 0.049479
0 0.673588 0.239769 0.049805 0.049479
0 0.671546 0.271529 0.049805 0.049479
0 0.643642 0.248843 0.049805 0.049479
0 0.623905 0.257917 0.049805 0.049479
0 0.555167 0.266992 0.049805 0.049479
0 0.510248 0.181692 0.049805 0.049479
0 0.602807 0.182600 0.049805 0.049479
0 0.656573 0.198026 0.049805 0.049479
0 0.651809 0.175340 0.049805 0.049479
0 0.638878 0.172618 0.049805 0.049479
0 0.640920 0.224342 0.049805 0.049479
0 0.545809 0.150386 0.049805 0.049479
0 0.560782 0.148117 0.049805 0.049479
0 0.566907 0.136774 0.049805 0.049479
0 0.577116 0.119986 0.049805 0.049479
0 0.590727 0.113634 0.049805 0.049479
0 0.613186 0.112727 0.049805 0.049479
0 0.622034 0.130876 0.049805 0.049479
0 0.648236 0.110458 0.049805 0.049479
0 0.653341 0.119079 0.049805 0.049479
0 0.661167 0.129515 0.049805 0.049479
0 0.678182 0.125431 0.049805 0.049479
0 0.695196 0.141311 0.049805 0.049479
0 0.710850 0.132237 0.049805 0.049479
0 0.720378 0.144034 0.049805 0.049479
0 0.715273 0.159460 0.049805 0.049479
0 0.734670 0.150386 0.049805 0.049479
0 0.723440 0.121348 0.049805 0.049479
0 0.733649 0.110458 0.049805 0.049479
0 0.711871 0.115903 0.049805 0.049479
0 0.700301 0.122709 0.049805 0.049479
0 0.692474 0.119079 0.049805 0.049479
0 0.771421 0.130422 0.049805 0.049479
0 0.695196 0.210277 0.049805 0.049479
0 0.665591 0.202564 0.049805 0.049479
0 0.495616 0.281965 0.049805 0.049479
0 0.675119 0.064406 0.049805 0.049479
0 0.699620 0.065767 0.049805 0.049479
0 0.732628 0.062137 0.049805 0.049479
0 0.738753 0.091175 0.049805 0.049479
0 0.757810 0.089814 0.049805 0.049479
0 0.790478 0.065767 0.049805 0.049479
0 0.812937 0.121121 0.049805 0.049479
0 0.811235 0.168761 0.049805 0.049479
0 0.849348 0.165585 0.049805 0.049479
0 0.751684 0.028562 0.049805 0.049479
0 0.740115 0.028562 0.049805 0.049479
0 0.714253 0.034914 0.049805 0.049479
0 0.697919 0.025386 0.049805 0.049479
0 0.707106 0.019034 0.049805 0.049479
0 0.781970 0.058054 0.049805 0.049479
0 0.814638 0.038997 0.049805 0.049479
0 0.838118 0.028562 0.049805 0.049479
0 0.828930 0.011774 0.049805 0.049479
0 0.844584 0.006783 0.049805 0.049479
0 0.847646 0.003153 0.049805 0.049479
0 0.852751 0.030377 0.049805 0.049479
0 0.866022 0.035821 0.049805 0.049479
0 0.879067 0.150613 0.049805 0.049479
0 0.901866 0.145622 0.049805 0.049479
0 0.991362 0.198253 0.049805 0.049479
0 0.975028 0.208689 0.049805 0.049479
0 0.990341 0.144261 0.049805 0.049479
0 0.988300 0.094351 0.049805 0.049479
0 0.997488 0.072119 0.049805 0.049479
0 0.975028 0.054424 0.049805 0.049479
0 0.957333 0.057600 0.049805 0.049479
0 0.952569 0.049887 0.049805 0.049479
0 0.925346 0.048072 0.049805 0.049479
0 0.895060 0.077110 0.049805 0.049479
0 0.901185 0.024025 0.049805 0.049479
0 0.905609 0.014043 0.049805 0.049479
0 0.875664 0.027201 0.049805 0.049479
0 0.436859 0.119079 0.049805 0.049479
0 0.491306 0.443943 0.049805 0.049479