0 0.080939 0.906290 0.049805 0.049927
0 0.135127 0.909993 0.049805 0.049927
0 0.086686 0.811228 0.049805 0.049927
0 0.053024 0.735919 0.049805 0.049927
0 0.083402 0.717401 0.049805 0.049927
0 0.005404 0.711228 0.049805 0.049927
0 0.115422 0.743327 0.049805 0.049927
0 0.176179 0.787771 0.049805 0.049927
0 0.230367 0.845796 0.049805 0.049927
0 0.306724 0.881598 0.049805 0.049927
0 0.378154 0.927277 0.049805 0.049927
0 0.432342 0.890240 0.049805 0.049927
0 0.486531 0.948265 0.049805 0.049927
0 0.552214 0.838389 0.049805 0.049927
0 0.588339 0.792710 0.049805 0.049927
0 0.636780 0.939623 0.049805 0.049927
0 0.622002 0.869253 0.049805 0.049927
0 0.681116 0.747031 0.049805 0.049927
0 0.662232 0.692710 0.049805 0.049927
0 0.591623 0.712463 0.049805 0.049927
0 0.760757 0.795179 0.049805 0.049927
0 0.741873 0.885302 0.049805 0.049927
0 0.787030 0.954438 0.049805 0.049927
0 0.851071 0.842092 0.049805 0.049927
0 0.857639 0.744561 0.049805 0.049927
0 0.768967 0.682833 0.049805 0.049927
0 0.759936 0.745796 0.049805 0.049927
0 0.794419 0.523574 0.049805 0.049927
0 0.874060 0.565549 0.049805 0.049927
0 0.873239 0.502586 0.049805 0.049927
0 0.851071 0.480364 0.049805 0.049927
0 0.860102 0.444561 0.049805 0.049927
0 0.806735 0.469253 0.049805 0.049927
0 0.777998 0.489006 0.049805 0.049927
0 0.794419 0.444561 0.049805 0.049927
0 0.806735 0.414932 0.049805 0.049927
0 0.854355 0.402586 0.049805 0.049927
0 0.736126 0.556907 0.049805 0.049927
0 0.725452 0.521105 0.049805 0.049927
0 0.741052 0.486537 0.049805 0.049927
0 0.752546 0.490240 0.049805 0.049927
0 0.732841 0.501351 0.049805 0.049927
0 0.737768 0.437154 0.049805 0.049927
0 0.684400 0.460611 0.049805 0.049927
0 0.699179 0.447031 0.049805 0.049927
0 0.651559 0.528512 0.049805 0.049927
0 0.669622 0.532216 0.049805 0.049927
0 0.657306 0.576660 0.049805 0.049927
0 0.567813 0.614932 0.049805 0.049927
0 0.530046 0.654438 0.049805 0.049927
0 0.540719 0.605055 0.049805 0.049927
0 0.516088 0.579129 0.049805 0.049927
0 0.466005 0.618635 0.049805 0.049927
0 0.477499 0.575426 0.049805 0.049927
0 0.439732 0.589006 0.049805 0.049927
0 0.413458 0.660611 0.049805 0.049927
0 0.482425 0.796413 0.049805 0.049927
0 0.476678 0.728512 0.049805 0.049927
0 0.386364 0.796413 0.049805 0.049927
0 0.395396 0.738389 0.049805 0.049927
0 0.352702 0.680364 0.049805 0.049927
0 0.382259 0.642092 0.049805 0.049927
0 0.369123 0.582833 0.049805 0.049927
0 0.415101 0.528512 0.049805 0.049927
0 0.462721 0.506290 0.049805 0.049927
0 0.482425 0.480364 0.049805 0.049927
0 0.547287 0.491475 0.049805 0.049927
0 0.612970 0.498882 0.049805 0.049927
0 0.286198 0.672956 0.049805 0.049927
0 0.251714 0.689006 0.049805 0.049927
0 0.292766 0.614932 0.049805 0.049927
0 0.222157 0.626043 0.049805 0.049927
0 0.182747 0.672956 0.049805 0.049927
0 0.204094 0.737154 0.049805 0.049927
0 0.265672 0.789006 0.049805 0.049927
0 0.314934 0.807524 0.049805 0.049927
0 0.340386 0.534685 0.049805 0.049927
0 0.357628 0.486537 0.049805 0.049927
0 0.386364 0.501351 0.049805 0.049927
0 0.339565 0.496413 0.049805 0.049927
0 0.313292 0.496413 0.049805 0.049927
0 0.329713 0.448265 0.049805 0.049927
0 0.337102 0.416166 0.049805 0.049927
0 0.374870 0.397648 0.049805 0.049927
0 0.394575 0.411228 0.049805 0.049927
0 0.397038 0.444561 0.049805 0.049927
0 0.428237 0.486537 0.049805 0.049927
0 0.436447 0.451969 0.049805 0.049927
0 0.457794 0.445796 0.049805 0.049927
0 0.478320 0.411228 0.049805 0.049927
0 0.427416 0.406290 0.049805 0.049927
0 0.443016 0.380364 0.049805 0.049927
0 0.520193 0.390240 0.049805 0.049927
0 0.546466 0.390240 0.049805 0.049927
0 0.511983 0.430981 0.049805 0.049927
0 0.502951 0.453203 0.049805 0.049927
0 0.578487 0.430981 0.049805 0.049927
0 0.566992 0.475426 0.049805 0.049927
0 0.562066 0.447031 0.049805 0.049927
0 0.623644 0.474191 0.049805 0.049927
0 0.635959 0.459376 0.049805 0.049927
0 0.612149 0.445796 0.049805 0.049927
0 0.631854 0.417401 0.049805 0.049927
0 0.643349 0.368018 0.049805 0.049927
0 0.594086 0.376660 0.049805 0.049927
0 0.681116 0.396413 0.049805 0.049927
0 0.694253 0.370487 0.049805 0.049927
0 0.690148 0.342092 0.049805 0.049927
0 0.664695 0.433450 0.049805 0.049927
0 0.714779 0.421105 0.049805 0.049927
0 0.728736 0.384068 0.049805 0.049927
0 0.750083 0.379129 0.049805 0.049927
0 0.788672 0.393944 0.049805 0.049927
0 0.786209 0.358142 0.049805 0.049927
0 0.820692 0.356907 0.049805 0.049927
0 0.862565 0.363080 0.049805 0.049927
0 0.838755 0.402586 0.049805 0.049927
0 0.105570 0.624808 0.049805 0.049927
0 0.139232 0.653203 0.049805 0.049927
0 0.192600 0.589006 0.049805 0.049927
0 0.136769 0.568018 0.049805 0.049927
0 0.011972 0.640858 0.049805 0.049927
0 0.006225 0.600117 0.049805 0.049927
0 0.045634 0.581598 0.049805 0.049927
0 0.015256 0.539623 0.049805 0.049927
0 0.037424 0.530981 0.049805 0.049927
0 0.071908 0.517401 0.049805 0.049927
0 0.066981 0.559376 0.049805 0.049927
0 0.147443 0.522339 0.049805 0.049927
0 0.198347 0.538389 0.049805 0.049927
0 0.264851 0.535919 0.049805 0.049927
0 0.259925 0.492710 0.049805 0.049927
0 0.237757 0.493944 0.049805 0.049927
0 0.261567 0.458142 0.049805 0.049927
0 0.249251 0.435919 0.049805 0.049927
0 0.209021 0.477895 0.049805 0.049927
0 0.175358 0.470487 0.049805 0.049927
0 0.199989 0.433450 0.049805 0.049927
0 0.166327 0.444561 0.049805 0.049927
0 0.183568 0.406290 0.049805 0.049927
0 0.153190 0.435919 0.049805 0.049927
0 0.129380 0.406290 0.049805 0.049927
0 0.149906 0.391475 0.049805 0.049927
0 0.178642 0.363080 0.049805 0.049927
0 0.236115 0.390240 0.049805 0.049927
0 0.238578 0.361845 0.049805 0.049927
0 0.222978 0.353203 0.049805 0.049927
0 0.212305 0.348265 0.049805 0.049927
0 0.185211 0.334685 0.049805 0.049927
0 0.285377 0.407524 0.049805 0.049927
0 0.308366 0.402586 0.049805 0.049927
0 0.329713 0.372956 0.049805 0.049927
0 0.334639 0.347031 0.049805 0.049927
0 0.278809 0.361845 0.049805 0.049927
0 0.272240 0.345796 0.049805 0.049927
0 0.267314 0.312463 0.049805 0.049927
0 0.310008 0.329747 0.049805 0.049927
0 0.323966 0.309993 0.049805 0.049927
0 0.308366 0.295179 0.049805 0.049927
0 0.332176 0.269253 0.049805 0.049927
0 0.351060 0.282833 0.049805 0.049927
0 0.356807 0.311228 0.049805 0.049927
0 0.370765 0.316166 0.049805 0.049927
0 0.384722 0.293944 0.049805 0.049927
0 0.406069 0.300117 0.049805 0.049927
0 0.425774 0.303821 0.049805 0.049927
0 0.412637 0.330981 0.049805 0.049927
0 0.416743 0.350734 0.049805 0.049927
0 0.452047 0.326043 0.049805 0.049927
0 0.470110 0.343327 0.049805 0.049927
0 0.486531 0.326043 0.049805 0.049927
0 0.499667 0.305055 0.049805 0.049927
0 0.466826 0.282833 0.049805 0.049927
0 0.452047 0.295179 0.049805 0.049927
0 0.530867 0.323574 0.049805 0.049927
0 0.548929 0.287771 0.049805 0.049927
0 0.511983 0.303821 0.049805 0.049927
0 0.514446 0.276660 0.049805 0.049927
0 0.576845 0.349500 0.049805 0.049927
0 0.577666 0.321105 0.049805 0.049927
0 0.607223 0.318635 0.049805 0.049927
0 0.593265 0.277895 0.049805 0.049927
0 0.560424 0.277895 0.049805 0.049927
0 0.577666 0.284068 0.049805 0.049927
0 0.571097 0.255672 0.049805 0.049927
0 0.607223 0.247031 0.049805 0.049927
0 0.613791 0.247031 0.049805 0.049927
0 0.633496 0.298882 0.049805 0.049927
0 0.645812 0.282833 0.049805 0.049927
0 0.644991 0.260611 0.049805 0.049927
0 0.657306 0.247031 0.049805 0.049927
0 0.667980 0.338389 0.049805 0.049927
0 0.676190 0.306290 0.049805 0.049927
0 0.679474 0.281598 0.049805 0.049927
0 0.685221 0.256907 0.049805 0.049927
0 0.686042 0.233450 0.049805 0.049927
0 0.713137 0.272956 0.049805 0.049927
0 0.719705 0.309993 0.049805 0.049927
0 0.714779 0.351969 0.049805 0.049927
0 0.759115 0.313697 0.049805 0.049927
0 0.773893 0.306290 0.049805 0.049927
0 0.811661 0.302586 0.049805 0.049927
0 0.820692 0.279129 0.049805 0.049927
0 0.852713 0.263080 0.049805 0.049927
0 0.862565 0.298882 0.049805 0.049927
0 0.851071 0.230981 0.049805 0.049927
0 0.839576 0.222339 0.049805 0.049927
0 0.842860 0.205055 0.049805 0.049927
0 0.848607 0.190240 0.049805 0.049927
0 0.854355 0.172956 0.049805 0.049927
0 0.876523 0.180364 0.049805 0.049927
0 0.826440 0.172956 0.049805 0.049927
0 0.810019 0.203821 0.049805 0.049927
0 0.805914 0.248265 0.049805 0.049927
0 0.821513 0.242092 0.049805 0.049927
0 0.805093 0.275426 0.049805 0.049927
0 0.779640 0.181598 0.049805 0.049927
0 0.778819 0.209993 0.049805 0.049927
0 0.770609 0.219870 0.049805 0.049927
0 0.764041 0.248265 0.049805 0.049927
0 0.761578 0.284068 0.049805 0.049927
0 0.752546 0.182833 0.049805 0.049927
0 0.736947 0.213697 0.049805 0.049927
0 0.732020 0.235919 0.049805 0.049927
0 0.732020 0.266784 0.049805 0.049927
0 0.712316 0.180364 0.049805 0.049927
0 0.721347 0.166784 0.049805 0.049927
0 0.685221 0.174191 0.049805 0.049927
0 0.676190 0.189006 0.049805 0.049927
0 0.662232 0.212463 0.049805 0.049927
0 0.656485 0.221105 0.049805 0.049927
0 0.630212 0.234685 0.049805 0.049927
0 0.624465 0.209993 0.049805 0.049927
0 0.644170 0.186537 0.049805 0.049927
0 0.663874 0.170487 0.049805 0.049927
0 0.620360 0.189006 0.049805 0.049927
0 0.592444 0.212463 0.049805 0.049927
0 0.579308 0.197648 0.049805 0.049927
0 0.584234 0.177895 0.049805 0.049927
0 0.594086 0.168018 0.049805 0.049927
0 0.555498 0.214932 0.049805 0.049927
0 0.543182 0.200117 0.049805 0.049927
0 0.557961 0.189006 0.049805 0.049927
0 0.546466 0.179129 0.049805 0.049927
0 0.561245 0.240858 0.049805 0.049927
0 0.617075 0.227277 0.049805 0.049927
0 0.534972 0.247031 0.049805 0.049927
0 0.546466 0.247031 0.049805 0.049927
0 0.521014 0.216166 0.049805 0.049927
0 0.510341 0.179129 0.049805 0.049927
0 0.499667 0.206290 0.049805 0.049927
0 0.484889 0.209993 0.049805 0.049927
0 0.471752 0.228512 0.049805 0.049927
0 0.461900 0.242092 0.049805 0.049927
0 0.481604 0.255672 0.049805 0.049927
0 0.475857 0.271722 0.049805 0.049927
0 0.446300 0.254438 0.049805 0.049927
0 0.426595 0.281598 0.049805 0.049927
0 0.410174 0.264314 0.049805 0.049927
0 0.428237 0.250734 0.049805 0.049927
0 0.432342 0.235919 0.049805 0.049927
0 0.432342 0.198882 0.049805 0.049927
0 0.464363 0.193944 0.049805 0.049927
0 0.479962 0.184068 0.049805 0.049927
0 0.445479 0.186537 0.049805 0.049927
0 0.452047 0.181598 0.049805 0.049927
0 0.392933 0.233450 0.049805 0.049927
0 0.402785 0.229747 0.049805 0.049927
0 0.398680 0.202586 0.049805 0.049927
0 0.408532 0.191475 0.049805 0.049927
0 0.397038 0.171722 0.049805 0.049927
0 0.374049 0.175426 0.049805 0.049927
0 0.360912 0.184068 0.049805 0.049927
0 0.362554 0.208759 0.049805 0.049927
0 0.352702 0.232216 0.049805 0.049927
0 0.339565 0.244561 0.049805 0.049927
0 0.363375 0.250734 0.049805 0.049927
0 0.342028 0.172956 0.049805 0.049927
0 0.329713 0.216166 0.049805 0.049927
0 0.319039 0.240858 0.049805 0.049927
0 0.306724 0.249500 0.049805 0.049927
0 0.296050 0.237154 0.049805 0.049927
0 0.291124 0.184068 0.049805 0.049927
0 0.291945 0.170487 0.049805 0.049927
0 0.292766 0.212463 0.049805 0.049927
0 0.279630 0.206290 0.049805 0.049927
0 0.259925 0.203821 0.049805 0.049927
0 0.244325 0.208759 0.049805 0.049927
0 0.232010 0.227277 0.049805 0.049927
0 0.243504 0.242092 0.049805 0.049927
0 0.244325 0.265549 0.049805 0.049927
0 0.273882 0.240858 0.049805 0.049927
0 0.284556 0.228512 0.049805 0.049927
0 0.242683 0.332216 0.049805 0.049927
0 0.239399 0.171722 0.049805 0.049927
0 0.222978 0.195179 0.049805 0.049927
0 0.213126 0.177895 0.049805 0.049927
0 0.208200 0.233450 0.049805 0.049927
0 0.191779 0.227277 0.049805 0.049927
0 0.183568 0.260611 0.049805 0.049927
0 0.207378 0.260611 0.049805 0.049927
0 0.203273 0.284068 0.049805 0.049927
0 0.122812 0.343327 0.049805 0.049927
0 0.138411 0.281598 0.049805 0.049927
0 0.154832 0.280364 0.049805 0.049927
0 0.169611 0.249500 0.049805 0.049927
0 0.166327 0.211228 0.049805 0.049927
0 0.180284 0.181598 0.049805 0.049927
0 0.192600 0.185302 0.049805 0.049927
0 0.146622 0.190240 0.049805 0.049927
0 0.134306 0.187771 0.049805 0.049927
0 0.135948 0.208759 0.049805 0.049927
0 0.140875 0.223574 0.049805 0.049927
0 0.132664 0.243327 0.049805 0.049927
0 0.143338 0.244561 0.049805 0.049927
0 0.123633 0.260611 0.049805 0.049927
0 0.105570 0.248265 0.049805 0.049927
0 0.099823 0.213697 0.049805 0.049927
0 0.122812 0.192710 0.049805 0.049927
0 0.101465 0.190240 0.049805 0.049927
0 0.076834 0.213697 0.049805 0.049927
0 0.062055 0.238389 0.049805 0.049927
0 0.064518 0.208759 0.049805 0.049927
0 0.037424 0.218635 0.049805 0.049927
0 0.042350 0.176660 0.049805 0.049927
0 0.016077 0.265549 0.049805 0.049927
0 0.009509 0.339623 0.049805 0.049927
0 0.007046 0.314932 0.049805 0.049927
0 0.034961 0.332216 0.049805 0.049927
0 0.055487 0.343327 0.049805 0.049927
0 0.086686 0.297648 0.049805 0.049927
0 0.114601 0.296413 0.049805 0.049927
0 0.099002 0.345796 0.049805 0.049927
0 0.094897 0.372956 0.049805 0.049927
0 0.088328 0.400117 0.049805 0.049927
0 0.089970 0.433450 0.049805 0.049927
0 0.066160 0.465549 0.049805 0.049927
0 0.048919 0.474191 0.049805 0.049927
0 0.019361 0.426043 0.049805 0.049927
0 0.027572 0.397648 0.049805 0.049927
0 0.042350 0.377895 0.049805 0.049927
0 0.028393 0.482833 0.049805 0.049927
0 0.001298 0.465549 0.049805 0.049927
0 0.362554 0.365549 0.049805 0.049927
0 0.441374 0.339623 0.049805 0.049927
0 0.511983 0.360611 0.049805 0.049927
0 0.996992 0.158240 0.049805 0.049927
0 0.971018 0.784644 0.049805 0.049927
0 0.976013 0.721553 0.049805 0.049927
0 0.953036 0.652453 0.049805 0.049927
0 0.980009 0.862757 0.049805 0.049927
0 0.994994 0.915333 0.049805 0.049927
0 0.983006 0.978424 0.049805 0.049927
0 0.974015 0.530778 0.049805 0.049927
0 0.941048 0.512752 0.049805 0.049927
0 0.988001 0.490219 0.049805 0.049927
0 0.989000 0.431634 0.049805 0.049927
0 0.984005 0.410604 0.049805 0.049927
0 0.956033 0.392578 0.049805 0.049927
0 0.973016 0.361033 0.049805 0.049927
0 0.941048 0.371548 0.049805 0.049927
0 0.905084 0.419617 0.049805 0.049927
0 0.909080 0.386569 0.049805 0.049927
0 0.909080 0.364037 0.049805 0.049927
0 0.921068 0.350517 0.049805 0.049927
0 0.912077 0.332491 0.049805 0.049927
0 0.905084 0.314465 0.049805 0.049927
0 0.916073 0.478202 0.049805 0.049927
0 0.930059 0.511249 0.049805 0.049927
0 0.903086 0.551808 0.049805 0.049927
0 0.879110 0.377556 0.049805 0.049927
0 0.959030 0.343006 0.049805 0.049927
0 0.954035 0.306954 0.049805 0.049927
0 0.948041 0.263392 0.049805 0.049927
0 0.902087 0.267898 0.049805 0.049927
0 0.938051 0.239357 0.049805 0.049927
0 0.891098 0.248370 0.049805 0.049927
0 0.885104 0.194292 0.049805 0.049927
0 0.920069 0.198798 0.049805 0.049927
0 0.920069 0.176266 0.049805 0.049927
0 0.920069 0.159742 0.049805 0.049927
0 0.883106 0.164248 0.049805 0.049927
0 0.881108 0.153733 0.049805 0.049927
0 0.913076 0.134205 0.049805 0.049927
0 0.976013 0.140214 0.049805 0.049927
0 0.963026 0.135707 0.049805 0.049927
0 0.957032 0.102659 0.049805 0.049927
0 0.972017 0.101157 0.049805 0.049927
0 0.975014 0.086136 0.049805 0.049927
0 0.969020 0.063603 0.049805 0.049927
0 0.968021 0.042573 0.049805 0.049927
0 0.939050 0.078625 0.049805 0.049927
0 0.956033 0.072616 0.049805 0.049927
0 0.928061 0.068110 0.049805 0.049927
0 0.910079 0.069612 0.049805 0.049927
0 0.848141 0.096651 0.049805 0.049927
0 0.870119 0.155235 0.049805 0.049927
0 0.847142 0.149227 0.049805 0.049927
0 0.835154 0.143218 0.049805 0.049927
0 0.830159 0.114677 0.049805 0.049927
0 0.821168 0.111672 0.049805 0.049927
0 0.808181 0.099655 0.049805 0.049927
0 0.799190 0.107166 0.049805 0.049927
0 0.798191 0.129698 0.049805 0.049927
0 0.814175 0.150729 0.049805 0.049927
0 0.816173 0.131201 0.049805 0.049927
0 0.780209 0.119183 0.049805 0.049927
0 0.784205 0.086136 0.049805 0.049927
0 0.776213 0.084633 0.049805 0.049927
0 0.764225 0.089140 0.049805 0.049927
0 0.757232 0.114677 0.049805 0.049927
0 0.759230 0.128196 0.049805 0.049927
0 0.757232 0.168755 0.049805 0.049927
0 0.747242 0.147725 0.049805 0.049927
0 0.733256 0.132703 0.049805 0.049927
0 0.730259 0.110170 0.049805 0.049927
0 0.739250 0.108668 0.049805 0.049927
0 0.743246 0.087638 0.049805 0.049927
0 0.718270 0.096651 0.049805 0.049927
0 0.703285 0.102659 0.049805 0.049927
0 0.705283 0.122188 0.049805 0.049927
0 0.707281 0.141716 0.049805 0.049927
0 0.715273 0.153733 0.049805 0.049927
0 0.697291 0.131201 0.049805 0.049927
0 0.688300 0.159742 0.049805 0.049927
0 0.690298 0.150729 0.049805 0.049927
0 0.680308 0.135707 0.049805 0.049927
0 0.684304 0.129698 0.049805 0.049927
0 0.678310 0.119183 0.049805 0.049927
0 0.687301 0.114677 0.049805 0.049927
0 0.678310 0.101157 0.049805 0.049927
0 0.652336 0.101157 0.049805 0.049927
0 0.636352 0.102659 0.049805 0.049927
0 0.645343 0.129698 0.049805 0.049927
0 0.639349 0.135707 0.049805 0.049927
0 0.620368 0.152231 0.049805 0.049927
0 0.624364 0.144720 0.049805 0.049927
0 0.619369 0.128196 0.049805 0.049927
0 0.619369 0.107166 0.049805 0.049927
0 0.613375 0.090642 0.049805 0.049927
0 0.563425 0.116179 0.049805 0.049927
0 0.582406 0.110170 0.049805 0.049927
0 0.592396 0.104162 0.049805 0.049927
0 0.595393 0.120685 0.049805 0.049927
0 0.600388 0.153733 0.049805 0.049927
0 0.590398 0.141716 0.049805 0.049927
0 0.558430 0.170257 0.049805 0.049927
0 0.563425 0.161244 0.049805 0.049927
0 0.530458 0.101157 0.049805 0.049927
0 0.532456 0.113175 0.049805 0.049927
0 0.535453 0.129698 0.049805 0.049927
0 0.523465 0.147725 0.049805 0.049927
0 0.492496 0.126694 0.049805 0.049927
0 0.503485 0.119183 0.049805 0.049927
0 0.513475 0.104162 0.049805 0.049927
0 0.492496 0.101157 0.049805 0.049927
0 0.484504 0.113175 0.049805 0.049927
0 0.474514 0.125192 0.049805 0.049927
0 0.468520 0.104162 0.049805 0.049927
0 0.463525 0.116179 0.049805 0.049927
0 0.460528 0.126694 0.049805 0.049927
0 0.453535 0.125192 0.049805 0.049927
0 0.454534 0.156738 0.049805 0.049927
0 0.440548 0.161244 0.049805 0.049927
0 0.418570 0.156738 0.049805 0.049927
0 0.404584 0.155235 0.049805 0.049927
0 0.412576 0.137209 0.049805 0.049927
0 0.417571 0.128196 0.049805 0.049927
0 0.420568 0.107166 0.049805 0.049927
0 0.429559 0.105664 0.049805 0.049927
0 0.399589 0.119183 0.049805 0.049927
0 0.394594 0.138712 0.049805 0.049927
0 0.385603 0.158240 0.049805 0.049927
0 0.345643 0.153733 0.049805 0.049927
0 0.367621 0.138712 0.049805 0.049927
0 0.360628 0.122188 0.049805 0.049927
0 0.374614 0.128196 0.049805 0.049927
0 0.374614 0.110170 0.049805 0.049927
0 0.382606 0.129698 0.049805 0.049927
0 0.345643 0.108668 0.049805 0.049927
0 0.349639 0.123690 0.049805 0.049927
0 0.337651 0.119183 0.049805 0.049927
0 0.333655 0.135707 0.049805 0.049927
0 0.322666 0.144720 0.049805 0.049927
0 0.320668 0.167253 0.049805 0.049927
0 0.294694 0.159742 0.049805 0.049927
0 0.303685 0.146222 0.049805 0.049927
0 0.309679 0.131201 0.049805 0.049927
0 0.321667 0.123690 0.049805 0.049927
0 0.321667 0.105664 0.049805 0.049927
0 0.297691 0.120685 0.049805 0.049927
0 0.282706 0.138712 0.049805 0.049927
0 0.270718 0.143218 0.049805 0.049927
0 0.260728 0.120685 0.049805 0.049927
0 0.235753 0.120685 0.049805 0.049927
0 0.213775 0.104162 0.049805 0.049927
0 0.243745 0.147725 0.049805 0.049927
0 0.259729 0.158240 0.049805 0.049927
0 0.234754 0.152231 0.049805 0.049927
0 0.141847 0.099655 0.049805 0.049927
0 0.121867 0.132703 0.049805 0.049927
0 0.103885 0.129698 0.049805 0.049927
0 0.083905 0.141716 0.049805 0.049927
0 0.065923 0.083131 0.049805 0.049927
0 0.062926 0.117681 0.049805 0.049927
0 0.071917 0.149227 0.049805 0.049927
0 0.038950 0.128196 0.049805 0.049927
0 0.022966 0.161244 0.049805 0.049927
0 0.008980 0.134205 0.049805 0.049927
0 0.021967 0.135707 0.049805 0.049927
0 0.003985 0.170257 0.049805 0.049927
0 0.002986 0.194292 0.049805 0.049927
0 0.009979 0.212318 0.049805 0.049927
0 0.035953 0.054590 0.049805 0.049927
0 0.069919 0.051586 0.049805 0.049927
0 0.060928 0.051586 0.049805 0.049927
0 0.079909 0.041071 0.049805 0.049927
0 0.098890 0.030555 0.049805 0.049927
0 0.127861 0.036564 0.049805 0.049927
0 0.201787 0.045577 0.049805 0.049927
0 0.217771 0.045577 0.049805 0.049927
0 0.276712 0.033560 0.049805 0.049927
0 0.300688 0.039568 0.049805 0.049927
0 0.328660 0.033560 0.049805 0.049927
0 0.026712 0.034422 0.049805 0.049927
0 0.040199 0.052448 0.049805 0.049927
0 0.087651 0.022405 0.049805 0.049927
0 0.112127 0.017898 0.049805 0.049927
0 0.105633 0.051697 0.049805 0.049927
0 0.147591 0.021653 0.049805 0.049927
0 0.132606 0.026911 0.049805 0.049927
0 0.174564 0.022405 0.049805 0.049927
0 0.177561 0.034422 0.049805 0.049927
0 0.198540 0.027662 0.049805 0.049927
0 0.214025 0.026911 0.049805 0.049927
0 0.241997 0.026160 0.049805 0.049927
0 0.252986 0.039679 0.049805 0.049927
0 0.264474 0.022405 0.049805 0.049927
0 0.292946 0.024658 0.049805 0.049927
0 0.317921 0.021653 0.049805 0.049927
0 0.355383 0.036675 0.049805 0.049927
0 0.370368 0.019400 0.049805 0.049927
0 0.389349 0.022405 0.049805 0.049927
0 0.382356 0.020151 0.049805 0.049927
0 0.410328 0.026911 0.049805 0.049927
0 0.454784 0.026160 0.049805 0.049927
0 0.432806 0.031418 0.049805 0.049927
0 0.487252 0.026911 0.049805 0.049927
0 0.492247 0.019400 0.049805 0.049927
0 0.066672 0.032169 0.049805 0.049927
0 0.076662 0.265756 0.049805 0.049927
0 0.033705 0.263503 0.049805 0.049927
0 0.168071 0.183888 0.049805 0.049927
0 0.251987 0.188394 0.049805 0.049927
0 0.179060 0.318332 0.049805 0.049927
0 0.438300 0.217686 0.049805 0.049927
0 0.421817 0.226700 0.049805 0.049927
0 0.485753 0.167364 0.049805 0.049927
0 0.400838 0.109530 0.049805 0.049927
0 0.493745 0.250734 0.049805 0.049927
0 0.392846 0.298053 0.049805 0.049927
0 0.378380 0.035451 0.049805 0.049927
0 0.425255 0.018974 0.049805 0.049927
0 0.449301 0.015313 0.049805 0.049927
0 0.511091 0.022178 0.049805 0.049927
0 0.521440 0.016228 0.049805 0.049927
0 0.589317 0.017601 0.049805 0.049927
0 0.559183 0.101359 0.049805 0.049927
0 0.558879 0.146670 0.049805 0.049927
0 0.545182 0.134770 0.049805 0.049927
0 0.517483 0.172759 0.049805 0.049927
0 0.525397 0.169097 0.049805 0.049927
0 0.533920 0.169555 0.049805 0.049927
0 0.533920 0.154451 0.049805 0.049927
0 0.508047 0.251482 0.049805 0.049927
0 0.440170 0.146670 0.049805 0.049927
0 0.338506 0.219978 0.049805 0.049927
0 0.344137 0.016686 0.049805 0.049927
0 0.358747 0.010278 0.049805 0.049927
0 0.287217 0.011193 0.049805 0.049927
0 0.207164 0.015770 0.049805 0.049927
0 0.032956 0.020040 0.049805 0.049927
0 0.050938 0.021542 0.049805 0.049927
0 0.020968 0.011027 0.049805 0.049927
0 0.008980 0.015534 0.049805 0.049927
0 0.639349 0.011027 0.049805 0.049927
0 0.619369 0.011027 0.049805 0.049927
0 0.446542 0.838722 0.049805 0.049927