0 0.041616 0.899744 0.049231 0.048193
0 0.119351 0.883510 0.049231 0.048193
0 0.090330 0.800718 0.049231 0.048193
0 0.186721 0.829939 0.049231 0.048193
0 0.413706 0.851042 0.049231 0.048193
0 0.526681 0.873770 0.049231 0.048193
0 0.941266 0.857536 0.049231 0.048193
0 0.889443 0.847796 0.049231 0.048193
0 0.845912 0.906237 0.049231 0.048193
0 0.769213 0.872146 0.049231 0.048193
0 0.697697 0.774744 0.049231 0.048193
0 0.728791 0.789354 0.049231 0.048193
0 0.599233 0.755263 0.049231 0.048193
0 0.494550 0.813705 0.049231 0.048193
0 0.238544 0.782861 0.049231 0.048193
0 0.369138 0.696822 0.049231 0.048193
0 0.347373 0.680588 0.049231 0.048193
0 0.387795 0.674094 0.049231 0.048193
0 0.406451 0.661107 0.049231 0.048193
0 0.391941 0.636757 0.049231 0.048193
0 0.368102 0.627017 0.049231 0.048193
0 0.349446 0.601042 0.049231 0.048193
0 0.330789 0.591302 0.049231 0.048193
0 0.307987 0.602666 0.049231 0.048193
0 0.317315 0.597796 0.049231 0.048193
0 0.477967 0.680588 0.049231 0.048193
0 0.065455 0.714679 0.049231 0.048193
0 0.081001 0.661107 0.049231 0.048193
0 0.028142 0.649744 0.049231 0.048193
0 0.014668 0.646497 0.049231 0.048193
0 0.016741 0.578315 0.049231 0.048193
0 0.049908 0.549094 0.049231 0.048193
0 0.032288 0.589679 0.049231 0.048193
0 0.045762 0.643250 0.049231 0.048193
0 0.081001 0.601042 0.049231 0.048193
0 0.063382 0.594549 0.049231 0.048193
0 0.114168 0.578315 0.049231 0.048193
0 0.082038 0.558835 0.049231 0.048193
0 0.102767 0.532861 0.049231 0.048193
0 0.124533 0.536107 0.049231 0.048193
0 0.138007 0.552341 0.049231 0.048193
0 0.075819 0.627017 0.049231 0.048193
0 0.178429 0.524744 0.049231 0.048193
0 0.196049 0.540978 0.049231 0.048193
0 0.205377 0.510133 0.049231 0.048193
0 0.158736 0.487406 0.049231 0.048193
0 0.126606 0.427341 0.049231 0.048193
0 0.111059 0.402991 0.049231 0.048193
0 0.138007 0.422471 0.049231 0.048193
0 0.094476 0.383510 0.049231 0.048193
0 0.050944 0.476042 0.049231 0.048193
0 0.014668 0.417601 0.049231 0.048193
0 0.021923 0.398120 0.049231 0.048193
0 0.036434 0.273120 0.049231 0.048193
0 0.043689 0.289354 0.049231 0.048193
0 0.131788 0.268250 0.049231 0.048193
0 0.151481 0.269874 0.049231 0.048193
0 0.169101 0.240653 0.049231 0.048193
0 0.216778 0.255263 0.049231 0.048193
0 0.240617 0.498770 0.049231 0.048193
0 0.233362 0.547471 0.049231 0.048193
0 0.257200 0.506887 0.049231 0.048193
0 0.253054 0.526367 0.049231 0.048193
0 0.244763 0.605913 0.049231 0.048193
0 0.224033 0.581562 0.049231 0.048193
0 0.192940 0.566952 0.049231 0.048193
0 0.391941 0.589679 0.049231 0.048193
0 0.391941 0.555588 0.049231 0.048193
0 0.408524 0.568575 0.049231 0.048193
0 0.423034 0.544224 0.049231 0.048193
0 0.581613 0.568575 0.049231 0.048193
0 0.528754 0.591302 0.049231 0.048193
0 0.557775 0.597796 0.049231 0.048193
0 0.480040 0.586432 0.049231 0.048193
0 0.486259 0.549094 0.049231 0.048193
0 0.503879 0.586432 0.049231 0.048193
0 0.416816 0.601042 0.049231 0.048193
0 0.406451 0.602666 0.049231 0.048193
0 0.333380 0.548689 0.049231 0.048193
0 0.306432 0.554370 0.049231 0.048193
0 0.260310 0.605507 0.049231 0.048193
0 0.294513 0.615247 0.049231 0.048193
0 0.328716 0.505669 0.049231 0.048193
0 0.360847 0.490247 0.049231 0.048193
0 0.342190 0.520279 0.049231 0.048193
0 0.386240 0.492682 0.049231 0.048193
0 0.413188 0.490247 0.049231 0.048193
0 0.466048 0.539760 0.049231 0.048193
0 0.451019 0.535702 0.049231 0.048193
0 0.568658 0.564111 0.049231 0.048193
0 0.565030 0.543007 0.049231 0.048193
0 0.548447 0.535702 0.049231 0.048193
0 0.538082 0.552747 0.049231 0.048193
0 0.519426 0.554370 0.049231 0.048193
0 0.512170 0.504857 0.049231 0.048193
0 0.526681 0.527585 0.049231 0.048193
0 0.549483 0.507292 0.049231 0.048193
0 0.575913 0.520279 0.049231 0.048193
0 0.481076 0.514598 0.049231 0.048193
0 0.458274 0.492682 0.049231 0.048193
0 0.466566 0.456156 0.049231 0.048193
0 0.504397 0.450474 0.049231 0.048193
0 0.492996 0.435052 0.049231 0.048193
0 0.535491 0.481318 0.049231 0.048193
0 0.617890 0.481318 0.049231 0.048193
0 0.608043 0.533267 0.049231 0.048193
0 0.588869 0.538948 0.049231 0.048193
0 0.587832 0.481318 0.049231 0.048193
0 0.552074 0.418818 0.049231 0.048193
0 0.519426 0.424500 0.049231 0.048193
0 0.440136 0.461838 0.049231 0.048193
0 0.416816 0.455344 0.049231 0.048193
0 0.428217 0.436676 0.049231 0.048193
0 0.398159 0.447228 0.049231 0.048193
0 0.373284 0.444792 0.049231 0.048193
0 0.345300 0.435052 0.049231 0.048193
0 0.353073 0.425312 0.049231 0.048193
0 0.332862 0.422065 0.049231 0.048193
0 0.317315 0.418818 0.049231 0.048193
0 0.353591 0.405831 0.049231 0.048193
0 0.388831 0.416383 0.049231 0.048193
0 0.381058 0.383104 0.049231 0.048193
0 0.368620 0.375799 0.049231 0.048193
0 0.359810 0.275961 0.049231 0.048193
0 0.400232 0.373364 0.049231 0.048193
0 0.412152 0.404208 0.049231 0.048193
0 0.435990 0.413137 0.049231 0.048193
0 0.435472 0.389598 0.049231 0.048193
0 0.452055 0.409890 0.049231 0.048193
0 0.491959 0.413137 0.049231 0.048193
0 0.534973 0.400150 0.049231 0.048193
0 0.516834 0.391221 0.049231 0.048193
0 0.438581 0.373364 0.049231 0.048193
0 0.472266 0.370117 0.049231 0.048193
0 0.451019 0.364435 0.049231 0.048193
0 0.490923 0.353072 0.049231 0.048193
0 0.501287 0.359565 0.049231 0.048193
0 0.483149 0.331156 0.049231 0.048193
0 0.505433 0.341708 0.049231 0.048193
0 0.515280 0.353883 0.049231 0.048193
0 0.531345 0.358754 0.049231 0.048193
0 0.463457 0.371741 0.049231 0.048193
0 0.452055 0.353072 0.049231 0.048193
0 0.466048 0.314111 0.049231 0.048193
0 0.455165 0.308429 0.049231 0.048193
0 0.460865 0.296254 0.049231 0.048193
0 0.460865 0.324663 0.049231 0.048193
0 0.441173 0.318981 0.049231 0.048193
0 0.373802 0.310864 0.049231 0.048193
0 0.375357 0.287325 0.049231 0.048193
0 0.581613 0.381481 0.049231 0.048193
0 0.569176 0.395279 0.049231 0.048193
0 0.604416 0.417195 0.049231 0.048193
0 0.581095 0.456156 0.049231 0.048193
0 0.646392 0.395279 0.049231 0.048193
0 0.617890 0.400150 0.049231 0.048193
0 0.632400 0.392844 0.049231 0.048193
0 0.626181 0.394468 0.049231 0.048193
0 0.528754 0.427341 0.049231 0.048193
0 0.050944 0.268250 0.049231 0.048193
0 0.064418 0.269874 0.049231 0.048193
0 0.323534 0.240653 0.049231 0.048193
0 0.303841 0.247146 0.049231 0.048193
0 0.634473 0.545848 0.049231 0.048193
0 0.558811 0.484159 0.049231 0.048193
0 0.504915 0.466302 0.049231 0.048193
0 0.484186 0.480913 0.049231 0.048193
0 0.401269 0.547471 0.049231 0.048193
0 0.376394 0.555588 0.049231 0.048193
0 0.367065 0.540978 0.049231 0.048193
0 0.339081 0.464679 0.049231 0.048193
0 0.474858 0.391627 0.049231 0.048193
0 0.474858 0.427341 0.049231 0.048193
0 0.499733 0.394874 0.049231 0.048193
0 0.491441 0.381887 0.049231 0.048193
0 0.486259 0.368900 0.049231 0.048193
0 0.419925 0.359159 0.049231 0.048193
0 0.382612 0.354289 0.049231 0.048193
0 0.701843 0.506887 0.049231 0.048193
0 0.765067 0.518250 0.049231 0.048193
0 0.754703 0.480913 0.049231 0.048193
0 0.754703 0.381887 0.049231 0.048193
0 0.681114 0.406237 0.049231 0.048193
0 0.716872 0.425312 0.049231 0.048193
0 0.816372 0.357130 0.049231 0.048193
0 0.795125 0.340085 0.049231 0.048193
0 0.765067 0.329533 0.049231 0.048193
0 0.784760 0.312487 0.049231 0.048193
0 0.682669 0.318169 0.049231 0.048193
0 0.665049 0.325474 0.049231 0.048193
0 0.672822 0.376611 0.049231 0.048193
0 0.681632 0.348202 0.049231 0.048193
0 0.658312 0.362812 0.049231 0.048193
0 0.618926 0.362812 0.049231 0.048193
0 0.603897 0.352260 0.049231 0.048193
0 0.640174 0.328721 0.049231 0.048193
0 0.620481 0.336838 0.049231 0.048193
0 0.642765 0.347390 0.049231 0.048193
0 0.634473 0.366870 0.049231 0.048193
0 0.656757 0.323851 0.049231 0.048193
0 0.660385 0.298689 0.049231 0.048193
0 0.702361 0.314922 0.049231 0.048193
0 0.690960 0.296254 0.049231 0.048193
0 0.736046 0.336026 0.049231 0.048193
0 0.737083 0.315734 0.049231 0.048193
0 0.723091 0.315734 0.049231 0.048193
0 0.735010 0.293007 0.049231 0.048193
0 0.725682 0.258104 0.049231 0.048193
0 0.698216 0.210215 0.049231 0.048193
0 0.696143 0.142844 0.049231 0.048193
0 0.754703 0.229695 0.049231 0.048193
0 0.745375 0.256481 0.049231 0.048193
0 0.759367 0.256481 0.049231 0.048193
0 0.740192 0.232942 0.049231 0.048193
0 0.727755 0.235377 0.049231 0.048193
0 0.721018 0.231318 0.049231 0.048193
0 0.711690 0.241870 0.049231 0.048193
0 0.799789 0.295442 0.049231 0.048193
0 0.816891 0.295442 0.049231 0.048193
0 0.831401 0.304370 0.049231 0.048193
0 0.829846 0.346578 0.049231 0.048193
0 0.859386 0.316546 0.049231 0.048193
0 0.855240 0.301124 0.049231 0.048193
0 0.855758 0.276773 0.049231 0.048193
0 0.860422 0.265409 0.049231 0.048193
0 0.835029 0.263786 0.049231 0.048193
0 0.832438 0.246741 0.049231 0.048193
0 0.815854 0.248364 0.049231 0.048193
0 0.815336 0.266221 0.049231 0.048193
0 0.795125 0.249176 0.049231 0.048193
0 0.769732 0.279208 0.049231 0.048193
0 0.784242 0.279208 0.049231 0.048193
0 0.756776 0.281643 0.049231 0.048193
0 0.823109 0.206968 0.049231 0.048193
0 0.829328 0.228072 0.049231 0.048193
0 0.823628 0.239435 0.049231 0.048193
0 0.857313 0.258104 0.049231 0.048193
0 0.850057 0.237812 0.049231 0.048193
0 0.859904 0.245117 0.049231 0.048193
0 0.872860 0.263786 0.049231 0.048193
0 0.891516 0.310864 0.049231 0.048193
0 0.939193 0.275961 0.049231 0.048193
0 0.930902 0.275961 0.049231 0.048193
0 0.911209 0.267033 0.049231 0.048193
0 0.893589 0.252422 0.049231 0.048193
0 0.872860 0.237812 0.049231 0.048193
0 0.859386 0.213461 0.049231 0.048193
0 0.849021 0.221578 0.049231 0.048193
0 0.842802 0.209403 0.049231 0.048193
0 0.777505 0.266627 0.049231 0.048193
0 0.670749 0.289354 0.049231 0.048193
0 0.778541 0.239029 0.049231 0.048193
0 0.787870 0.226042 0.049231 0.048193
0 0.747448 0.352666 0.049231 0.048193
0 0.728791 0.370523 0.049231 0.048193
0 0.715317 0.339679 0.049231 0.048193
0 0.704953 0.354289 0.049231 0.048193
0 0.692515 0.364029 0.049231 0.048193
0 0.704953 0.303965 0.049231 0.048193
0 0.724645 0.277991 0.049231 0.048193
0 0.737083 0.274744 0.049231 0.048193
0 0.738119 0.437081 0.049231 0.048193
0 0.961171 0.242682 0.049231 0.048193
0 0.946661 0.237000 0.049231 0.048193
0 0.951843 0.213461 0.049231 0.048193
0 0.945624 0.205344 0.049231 0.048193
0 0.934742 0.191546 0.049231 0.048193
0 0.916603 0.222390 0.049231 0.048193
0 0.906239 0.228072 0.049231 0.048193
0 0.918158 0.231318 0.049231 0.048193
0 0.897429 0.215085 0.049231 0.048193
0 0.897429 0.182617 0.049231 0.048193
0 0.873072 0.183429 0.049231 0.048193
0 0.896911 0.122552 0.049231 0.048193
0 0.877736 0.168818 0.049231 0.048193
0 0.877736 0.146903 0.049231 0.048193
0 0.844051 0.192357 0.049231 0.048193
0 0.858561 0.199663 0.049231 0.048193
0 0.854934 0.157455 0.049231 0.048193
0 0.928523 0.098202 0.049231 0.048193
0 0.994338 0.222390 0.049231 0.048193
0 0.936814 0.219955 0.049231 0.048193
0 0.911209 0.175718 0.049231 0.048193
0 0.908099 0.152991 0.049231 0.048193
0 0.920537 0.135133 0.049231 0.048193
0 0.850057 0.144874 0.049231 0.048193
0 0.858349 0.131887 0.049231 0.048193
0 0.915355 0.303965 0.049231 0.048193
0 0.881151 0.227666 0.049231 0.048193
0 0.888407 0.224419 0.049231 0.048193
0 0.888407 0.198445 0.049231 0.048193
0 0.794088 0.217926 0.049231 0.048193
0 0.840729 0.289354 0.049231 0.048193
0 0.781651 0.370523 0.049231 0.048193
0 0.747448 0.289354 0.049231 0.048193
0 0.774396 0.315328 0.049231 0.048193
0 0.469675 0.286107 0.049231 0.048193
0 0.487295 0.300718 0.049231 0.048193
0 0.438581 0.297471 0.049231 0.048193
0 0.481076 0.646497 0.049231 0.048193
0 0.484186 0.575068 0.049231 0.048193
0 0.382612 0.774744 0.049231 0.048193
0 0.338044 0.794224 0.049231 0.048193
0 0.731901 0.927341 0.049231 0.048193
0 0.971324 0.847796 0.049231 0.048193
0 0.046798 0.722796 0.049231 0.048193
0 0.035397 0.709809 0.049231 0.048193
0 0.029178 0.700068 0.049231 0.048193
0 0.046798 0.675718 0.049231 0.048193
0 0.018814 0.763380 0.049231 0.048193
0 0.530827 0.252017 0.049231 0.048193
0 0.530827 0.187081 0.049231 0.048193
0 0.500769 0.209809 0.049231 0.048193
0 0.477967 0.206562 0.049231 0.048193
0 0.460347 0.217926 0.049231 0.048193
0 0.433399 0.250393 0.049231 0.048193
0 0.448946 0.203315 0.049231 0.048193
0 0.536009 0.073445 0.049231 0.048193
0 0.515280 0.089679 0.049231 0.048193
0 0.584723 0.201692 0.049231 0.048193
0 0.597160 0.198445 0.049231 0.048193
0 0.607525 0.190328 0.049231 0.048193
0 0.512170 0.255263 0.049231 0.048193
0 0.485222 0.277991 0.049231 0.048193
0 0.573322 0.354289 0.049231 0.048193
0 0.613744 0.341302 0.049231 0.048193
0 0.602343 0.328315 0.049231 0.048193
0 0.576431 0.464679 0.049231 0.048193
0 0.599233 0.456562 0.049231 0.048193
0 0.631364 0.464679 0.049231 0.048193
0 0.809635 0.221172 0.049231 0.048193
0 0.334935 0.266627 0.049231 0.048193
0 0.219888 0.453315 0.049231 0.048193
0 0.236471 0.461432 0.049231 0.048193
0 0.257200 0.458185 0.049231 0.048193
0 0.235435 0.427341 0.049231 0.048193
0 0.250982 0.445198 0.049231 0.048193
0 0.320425 0.568575 0.049231 0.048193
0 0.320425 0.518250 0.049231 0.048193
0 0.680589 0.210171 0.049231 0.048193
0 0.652617 0.164794 0.049231 0.048193
0 0.743526 0.205476 0.049231 0.048193
0 0.739530 0.192959 0.049231 0.048193
0 0.722547 0.203912 0.049231 0.048193
0 0.722547 0.174182 0.049231 0.048193
0 0.785485 0.183571 0.049231 0.048193
0 0.820450 0.192959 0.049231 0.048193
0 0.829441 0.188265 0.049231 0.048193
0 0.894376 0.089689 0.049231 0.048193
0 0.900370 0.059959 0.049231 0.048193
0 0.909361 0.091253 0.049231 0.048193