0 0.591468 0.648743 0.049805 0.049479
0 0.417361 0.645496 0.049805 0.049479
0 0.373530 0.645496 0.049805 0.049479
0 0.226208 0.546470 0.049805 0.049479
0 0.198205 0.497769 0.049805 0.049479
0 0.378400 0.463678 0.049805 0.049479
0 0.318741 0.387380 0.049805 0.049479
0 0.285867 0.393873 0.049805 0.049479
0 0.228643 0.351665 0.049805 0.049479
0 0.130023 0.335432 0.049805 0.049479
0 0.026533 0.379263 0.049805 0.049479
0 0.008270 0.197445 0.049805 0.049479
0 0.002182 0.065951 0.049805 0.049479
0 0.025316 0.046470 0.049805 0.049479
0 0.049869 0.050123 0.049805 0.049479
0 0.027345 0.007915 0.049805 0.049479
0 0.007864 0.007915 0.049805 0.049479
0 0.001168 0.020091 0.049805 0.049479
0 0.085786 0.013597 0.049805 0.049479
0 0.094309 0.033889 0.049805 0.049479
0 0.113181 0.010350 0.049805 0.049479
0 0.125356 0.013597 0.049805 0.049479
0 0.159447 0.010350 0.049805 0.049479
0 0.167970 0.048500 0.049805 0.049479
0 0.175275 0.047688 0.049805 0.049479
0 0.139358 0.061487 0.049805 0.049479
0 0.121095 0.054182 0.049805 0.049479
0 0.143619 0.093954 0.049805 0.049479
0 0.085178 0.107753 0.049805 0.049479
0 0.167970 0.150772 0.049805 0.049479
0 0.177101 0.173500 0.049805 0.049479
0 0.144837 0.210026 0.049805 0.049479
0 0.260502 0.222201 0.049805 0.049479
0 0.238587 0.132915 0.049805 0.049479
0 0.199017 0.097201 0.049805 0.049479
0 0.192929 0.134539 0.049805 0.049479
0 0.245892 0.090707 0.049805 0.049479
0 0.214236 0.033078 0.049805 0.049479
0 0.188668 0.033078 0.049805 0.049479
0 0.234934 0.010350 0.049805 0.049479
0 0.275721 0.010350 0.049805 0.049479
0 0.328684 0.221389 0.049805 0.049479
0 0.354252 0.254669 0.049805 0.049479
0 0.408432 0.386974 0.049805 0.049479
0 0.439479 0.412136 0.049805 0.049479
0 0.478441 0.388597 0.049805 0.049479
0 0.487572 0.189733 0.049805 0.049479
0 0.429130 0.087461 0.049805 0.049479
0 0.427913 0.061487 0.049805 0.049479
0 0.374341 0.067980 0.049805 0.049479
0 0.411476 0.145902 0.049805 0.049479
0 0.423043 0.146714 0.049805 0.049479
0 0.349382 0.161324 0.049805 0.049479
0 0.296419 0.082591 0.049805 0.049479
0 0.314682 0.059863 0.049805 0.049479
0 0.316509 0.019279 0.049805 0.049479
0 0.301290 0.011974 0.049805 0.049479
0 0.617645 0.033889 0.049805 0.049479
0 0.704090 0.059863 0.049805 0.049479
0 0.715048 0.016844 0.049805 0.049479
0 0.738790 0.048500 0.049805 0.049479
0 0.798449 0.004669 0.049805 0.049479
0 0.848367 0.027396 0.049805 0.049479
0 0.940291 0.019279 0.049805 0.049479
0 0.964642 0.078532 0.049805 0.049479
0 0.797231 0.155643 0.049805 0.049479
0 0.746704 0.123987 0.049805 0.049479
0 0.680957 0.253045 0.049805 0.049479
0 0.543376 0.348824 0.049805 0.049479
0 0.668781 0.421065 0.049805 0.049479
0 0.990819 0.057834 0.049805 0.049479
0 0.998124 0.984782 0.049805 0.049479
0 0.150503 0.969735 0.049805 0.049479
0 0.939714 0.355682 0.049805 0.049479
0 0.859794 0.127910 0.049805 0.049479
0 0.074579 0.434270 0.049805 0.049479
0 0.197456 0.237134 0.049805 0.049479
0 0.074568 0.334095 0.049805 0.049479
0 0.131424 0.130360 0.049805 0.049479
0 0.043213 0.002016 0.049805 0.049479
0 0.254961 0.002295 0.049805 0.049479
0 0.527745 0.016648 0.049805 0.049479
0 0.506842 0.087439 0.049805 0.049479
0 0.459183 0.108621 0.049805 0.049479
0 0.486357 0.130360 0.049805 0.049479
0 0.576240 0.186938 0.049805 0.049479
0 0.597979 0.259123 0.049805 0.049479