0 0.818129 0.931427 0.049805 0.049242
0 0.918008 0.804962 0.049805 0.049242
0 0.725138 0.838805 0.049805 0.049242
0 0.668655 0.947458 0.049805 0.049242
0 0.581175 0.941223 0.049805 0.049242
0 0.382105 0.895803 0.049805 0.049242
0 0.457187 0.773791 0.049805 0.049242
0 0.553622 0.806743 0.049805 0.049242
0 0.626637 0.776463 0.049805 0.049242
0 0.572220 0.686513 0.049805 0.049242
0 0.670032 0.658014 0.049805 0.049242
0 0.768534 0.752417 0.049805 0.049242
0 0.827084 0.698090 0.049805 0.049242
0 0.946250 0.701653 0.049805 0.049242
0 0.962093 0.636639 0.049805 0.049242
0 0.911120 0.635749 0.049805 0.049242
0 0.938673 0.576969 0.049805 0.049242
0 0.969670 0.549361 0.049805 0.049242
0 0.935917 0.496816 0.049805 0.049242
0 0.851881 0.511065 0.049805 0.049242
0 0.776800 0.499487 0.049805 0.049242
0 0.838105 0.572516 0.049805 0.049242
0 0.966914 0.492363 0.049805 0.049242
0 0.971736 0.387272 0.049805 0.049242
0 0.941428 0.322259 0.049805 0.049242
0 0.931096 0.278619 0.049805 0.049242
0 0.898721 0.323149 0.049805 0.049242
0 0.905609 0.259026 0.049805 0.049242
0 0.944183 0.226965 0.049805 0.049242
0 0.963470 0.178873 0.049805 0.049242
0 0.962093 0.292869 0.049805 0.049242
0 0.959337 0.266151 0.049805 0.049242
0 0.900787 0.190450 0.049805 0.049242
0 0.884256 0.240324 0.049805 0.049242
0 0.848437 0.294650 0.049805 0.049242
0 0.839482 0.331165 0.049805 0.049242
0 0.849126 0.259026 0.049805 0.049242
0 0.823640 0.286635 0.049805 0.049242
0 0.853948 0.231418 0.049805 0.049242
0 0.815374 0.234980 0.049805 0.049242
0 0.790576 0.296431 0.049805 0.049242
0 0.784377 0.347195 0.049805 0.049242
0 0.800220 0.411318 0.049805 0.049242
0 0.725138 0.482566 0.049805 0.049242
0 0.679676 0.480785 0.049805 0.049242
0 0.692764 0.556486 0.049805 0.049242
0 0.741670 0.630405 0.049805 0.049242
0 0.774044 0.628624 0.049805 0.049242
0 0.600462 0.564501 0.049805 0.049242
0 0.652812 0.565392 0.049805 0.049242
0 0.661767 0.451395 0.049805 0.049242
0 0.617682 0.414881 0.049805 0.049242
0 0.574286 0.419334 0.049805 0.049242
0 0.540534 0.483457 0.049805 0.049242
0 0.524691 0.536002 0.049805 0.049242
0 0.481296 0.583203 0.049805 0.049242
0 0.448232 0.476332 0.049805 0.049242
0 0.475785 0.475441 0.049805 0.049242
0 0.415169 0.640202 0.049805 0.049242
0 0.428945 0.731933 0.049805 0.049242
0 0.333888 0.704325 0.049805 0.049242
0 0.248474 0.728371 0.049805 0.049242
0 0.215411 0.792494 0.049805 0.049242
0 0.131374 0.802290 0.049805 0.049242
0 0.026674 0.824555 0.049805 0.049242
0 0.106577 0.959035 0.049805 0.049242
0 0.090045 0.734605 0.049805 0.049242
0 0.019097 0.714121 0.049805 0.049242
0 0.122420 0.575188 0.049805 0.049242
0 0.054227 0.636639 0.049805 0.049242
0 0.082468 0.556486 0.049805 0.049242
0 0.035628 0.509284 0.049805 0.049242
0 0.097622 0.487019 0.049805 0.049242
0 0.154106 0.462973 0.049805 0.049242
0 0.205767 0.524424 0.049805 0.049242
0 0.183725 0.522643 0.049805 0.049242
0 0.265006 0.451395 0.049805 0.049242
0 0.323556 0.474551 0.049805 0.049242
0 0.314601 0.414881 0.049805 0.049242
0 0.400015 0.411318 0.049805 0.049242
0 0.441344 0.387272 0.049805 0.049242
0 0.480607 0.382819 0.049805 0.049242
0 0.517803 0.382819 0.049805 0.049242
0 0.542601 0.342742 0.049805 0.049242
0 0.563265 0.348086 0.049805 0.049242
0 0.632147 0.360554 0.049805 0.049242
0 0.608727 0.336508 0.049805 0.049242
0 0.582552 0.326712 0.049805 0.049242
0 0.639724 0.304447 0.049805 0.049242
0 0.656945 0.307118 0.049805 0.049242
0 0.688631 0.358773 0.049805 0.049242
0 0.708606 0.419334 0.049805 0.049242
0 0.722383 0.367679 0.049805 0.049242
0 0.743736 0.275057 0.049805 0.049242
0 0.759579 0.216278 0.049805 0.049242
0 0.805730 0.184216 0.049805 0.049242
0 0.825017 0.172638 0.049805 0.049242
0 0.776111 0.161951 0.049805 0.049242
0 0.754757 0.153045 0.049805 0.049242
0 0.729960 0.175310 0.049805 0.049242
0 0.693452 0.161951 0.049805 0.049242
0 0.672788 0.175310 0.049805 0.049242
0 0.688631 0.212715 0.049805 0.049242
0 0.684498 0.272385 0.049805 0.049242
0 0.738226 0.396178 0.049805 0.049242
0 0.812618 0.319587 0.049805 0.049242
0 0.612860 0.185997 0.049805 0.049242
0 0.620437 0.158389 0.049805 0.049242
0 0.590818 0.182435 0.049805 0.049242
0 0.630081 0.220731 0.049805 0.049242
0 0.025296 0.152155 0.049805 0.049242
0 0.054915 0.166404 0.049805 0.049242
0 0.076958 0.152155 0.049805 0.049242
0 0.084535 0.202028 0.049805 0.049242
0 0.074202 0.227855 0.049805 0.049242
0 0.045961 0.234090 0.049805 0.049242
0 0.032184 0.240324 0.049805 0.049242
0 0.020474 0.251011 0.049805 0.049242
0 0.041828 0.258136 0.049805 0.049242
0 0.060426 0.328493 0.049805 0.049242
0 0.070758 0.430911 0.049805 0.049242
0 0.137574 0.340071 0.049805 0.049242
0 0.147217 0.381038 0.049805 0.049242
0 0.127930 0.276838 0.049805 0.049242
0 0.192680 0.288416 0.049805 0.049242
0 0.214033 0.292869 0.049805 0.049242
0 0.178214 0.242995 0.049805 0.049242
0 0.169260 0.223402 0.049805 0.049242
0 0.154794 0.202028 0.049805 0.049242
0 0.137574 0.168185 0.049805 0.049242
0 0.195435 0.160170 0.049805 0.049242
0 0.235386 0.162842 0.049805 0.049242
0 0.160994 0.160170 0.049805 0.049242
0 0.257429 0.158389 0.049805 0.049242
0 0.291181 0.180654 0.049805 0.049242
0 0.274649 0.232308 0.049805 0.049242
0 0.324244 0.170857 0.049805 0.049242
0 0.311157 0.202919 0.049805 0.049242
0 0.305646 0.310681 0.049805 0.049242
0 0.263628 0.352539 0.049805 0.049242
0 0.331133 0.366788 0.049805 0.049242
0 0.377284 0.327602 0.049805 0.049242
0 0.402770 0.366788 0.049805 0.049242
0 0.393126 0.350758 0.049805 0.049242
0 0.405525 0.296431 0.049805 0.049242
0 0.375906 0.283072 0.049805 0.049242
0 0.382105 0.220731 0.049805 0.049242
0 0.351797 0.202028 0.049805 0.049242
0 0.392438 0.180654 0.049805 0.049242
0 0.425501 0.176201 0.049805 0.049242
0 0.417924 0.234980 0.049805 0.049242
0 0.462009 0.275057 0.049805 0.049242
0 0.466830 0.202919 0.049805 0.049242
0 0.490250 0.218949 0.049805 0.049242
0 0.512292 0.231418 0.049805 0.049242
0 0.524691 0.232308 0.049805 0.049242
0 0.496450 0.290197 0.049805 0.049242
0 0.572220 0.230527 0.049805 0.049242
0 0.570842 0.207372 0.049805 0.049242
0 0.554311 0.170857 0.049805 0.049242
0 0.530891 0.190450 0.049805 0.049242
0 0.496450 0.172638 0.049805 0.049242
0 0.601839 0.232308 0.049805 0.049242
0 0.652123 0.176201 0.049805 0.049242
0 0.304957 0.152155 0.049805 0.049242
0 0.382794 0.150373 0.049805 0.049242
0 0.356619 0.148592 0.049805 0.049242
0 0.111399 0.194013 0.049805 0.049242
0 0.099000 0.268823 0.049805 0.049242
0 0.128619 0.234980 0.049805 0.049242
0 0.187858 0.416662 0.049805 0.049242
0 0.034940 0.316024 0.049805 0.049242
0 0.364885 0.548470 0.049805 0.049242
0 0.569465 0.567173 0.049805 0.049242
0 0.067314 0.279510 0.049805 0.049242
0 0.616304 0.271495 0.049805 0.049242
0 0.504715 0.332055 0.049805 0.049242
0 0.229432 0.090958 0.049805 0.049242
0 0.186627 0.106225 0.049805 0.049242
0 0.246554 0.097447 0.049805 0.049242
0 0.304710 0.123401 0.049805 0.049242
0 0.291426 0.087141 0.049805 0.049242
0 0.317109 0.097447 0.049805 0.049242
0 0.353715 0.121493 0.049805 0.049242
0 0.403605 0.152409 0.049805 0.049242
0 0.101606 0.135233 0.049805 0.049242
0 0.118433 0.132180 0.049805 0.049242
0 0.142936 0.138668 0.049805 0.049242
0 0.091274 0.101645 0.049805 0.049242
0 0.077104 0.073019 0.049805 0.049242
0 0.158286 0.076454 0.049805 0.049242
0 0.182198 0.078744 0.049805 0.049242
0 0.199321 0.077217 0.049805 0.049242
0 0.453999 0.129840 0.049805 0.049242
0 0.410695 0.125095 0.049805 0.049242
0 0.386475 0.132687 0.049805 0.049242
0 0.434916 0.108963 0.049805 0.049242
0 0.464274 0.083341 0.049805 0.049242
0 0.513449 0.126993 0.049805 0.049242
0 0.495100 0.129840 0.049805 0.049242
0 0.579505 0.112759 0.049805 0.049242
0 0.545743 0.141228 0.049805 0.049242
0 0.926667 0.129840 0.049805 0.049242
0 0.940613 0.087137 0.049805 0.049242
0 0.875290 0.124146 0.049805 0.049242
0 0.832721 0.105167 0.049805 0.049242
0 0.798225 0.115606 0.049805 0.049242
0 0.769600 0.116555 0.049805 0.049242
0 0.735838 0.129840 0.049805 0.049242
0 0.708682 0.099474 0.049805 0.049242
0 0.686663 0.094729 0.049805 0.049242
0 0.661709 0.090933 0.049805 0.049242
0 0.671250 0.126044 0.049805 0.049242
0 0.636754 0.130789 0.049805 0.049242
0 0.642626 0.104218 0.049805 0.049242
0 0.641892 0.082392 0.049805 0.049242
0 0.591249 0.088086 0.049805 0.049242
0 0.771802 0.084290 0.049805 0.049242
0 0.740242 0.071954 0.049805 0.049242
0 0.878226 0.080495 0.049805 0.049242
0 0.978778 0.076699 0.049805 0.049242
0 0.849602 0.072903 0.049805 0.049242
0 0.878960 0.406935 0.049805 0.049242
0 0.898043 0.296856 0.049805 0.049242
0 0.542808 0.087137 0.049805 0.049242
0 0.535468 0.073852 0.049805 0.049242
0 0.600790 0.146921 0.049805 0.049242
0 0.189470 0.045609 0.049805 0.049242
0 0.143769 0.050861 0.049805 0.049242
0 0.110255 0.044296 0.049805 0.049242
0 0.084865 0.033791 0.049805 0.049242
0 0.045258 0.074497 0.049805 0.049242
0 0.021899 0.063992 0.049805 0.049242
0 0.021899 0.040357 0.049805 0.049242
0 0.144785 0.083688 0.049805 0.049242
0 0.162050 0.116515 0.049805 0.049242
0 0.154941 0.104697 0.049805 0.049242
0 0.253452 0.041670 0.049805 0.049242
0 0.213844 0.052174 0.049805 0.049242
0 0.280873 0.031165 0.049805 0.049242
0 0.272748 0.074497 0.049805 0.049242
0 0.199626 0.024600 0.049805 0.049242
0 0.129551 0.031165 0.049805 0.049242
0 0.053382 0.036417 0.049805 0.049242
0 0.300169 0.041670 0.049805 0.049242
0 0.324543 0.029852 0.049805 0.049242
0 0.383446 0.045609 0.049805 0.049242
0 0.385477 0.086314 0.049805 0.049242
0 0.417976 0.046922 0.049805 0.049242
0 0.420007 0.088940 0.049805 0.049242
0 0.459615 0.028539 0.049805 0.049242
0 0.502269 0.050861 0.049805 0.049242
0 0.580469 0.062679 0.049805 0.049242
0 0.588594 0.048235 0.049805 0.049242
0 0.571329 0.028539 0.049805 0.049242
0 0.542892 0.029852 0.049805 0.049242
0 0.517503 0.041670 0.049805 0.049242
0 0.640388 0.058740 0.049805 0.049242
0 0.660700 0.058740 0.049805 0.049242
0 0.710463 0.046922 0.049805 0.049242
0 0.725697 0.044296 0.049805 0.049242
0 0.792725 0.037730 0.049805 0.049242
0 0.830302 0.053487 0.049805 0.049242
0 0.905455 0.061366 0.049805 0.049242
0 0.954203 0.071870 0.049805 0.049242
0 0.970452 0.056114 0.049805 0.049242
0 0.954203 0.123080 0.049805 0.049242
0 0.445397 0.291154 0.049805 0.049242
0 0.554064 0.275397 0.049805 0.049242
0 0.526643 0.293780 0.049805 0.049242