0 0.014358 0.616276 0.049805 0.049479
0 0.089845 0.414977 0.049805 0.049479
0 0.007053 0.385756 0.049805 0.049479
0 0.043579 0.294847 0.049805 0.049479
0 0.082540 0.255886 0.049805 0.049479
0 0.108108 0.273743 0.049805 0.049479
0 0.128806 0.259133 0.049805 0.049479
0 0.043579 0.236406 0.049805 0.049479
0 0.026533 0.220172 0.049805 0.049479
0 0.726614 0.892250 0.049805 0.049479
0 0.911679 0.765626 0.049805 0.049479
0 0.675478 0.702315 0.049805 0.049479
0 0.771663 0.301341 0.049805 0.049479
0 0.169796 0.159701 0.049805 0.049479
0 0.042564 0.106130 0.049805 0.049479
0 0.040129 0.083402 0.049805 0.049479
0 0.016996 0.077720 0.049805 0.049479
0 0.186841 0.059052 0.049805 0.049479
0 0.241630 0.076909 0.049805 0.049479
0 0.226411 0.047688 0.049805 0.049479
0 0.073002 0.002233 0.049805 0.049479
0 0.104658 0.005480 0.049805 0.049479
0 0.178928 0.030643 0.049805 0.049479
0 0.210583 0.034701 0.049805 0.049479
0 0.260502 0.084214 0.049805 0.049479
0 0.260502 0.084214 0.049805 0.049479
0 0.289723 0.091519 0.049805 0.049479
0 0.303116 0.096389 0.049805 0.049479
0 0.307377 0.127233 0.049805 0.049479
0 0.368863 0.213272 0.049805 0.049479
0 0.385908 0.223013 0.049805 0.049479
0 0.421216 0.236000 0.049805 0.049479
0 0.396257 0.081779 0.049805 0.049479
0 0.354861 0.065545 0.049805 0.049479
0 0.337816 0.067169 0.049805 0.049479
0 0.310421 0.072039 0.049805 0.049479
0 0.316509 0.061487 0.049805 0.049479
0 0.335380 0.047688 0.049805 0.049479
0 0.295202 0.039571 0.049805 0.049479
0 0.351817 0.045253 0.049805 0.049479
0 0.351208 0.029019 0.049805 0.049479
0 0.376168 0.004669 0.049805 0.049479
0 0.382255 0.042006 0.049805 0.049479
0 0.432783 0.027396 0.049805 0.049479
0 0.452872 0.070415 0.049805 0.049479
0 0.476005 0.087461 0.049805 0.049479
0 0.472962 0.042615 0.049805 0.049479
0 0.487268 0.064936 0.049805 0.049479
0 0.518619 0.050732 0.049805 0.049479
0 0.552710 0.063719 0.049805 0.049479
0 0.580713 0.137988 0.049805 0.049479
0 0.594715 0.076300 0.049805 0.049479
0 0.580409 0.025164 0.049805 0.049479
0 0.570060 0.025975 0.049805 0.049479
0 0.530490 0.005277 0.049805 0.049479
0 0.509183 0.008118 0.049805 0.049479
0 0.458960 0.043832 0.049805 0.049479
0 0.446785 0.019482 0.049805 0.049479
0 0.443436 0.016641 0.049805 0.049479
0 0.432174 0.010959 0.049805 0.049479
0 0.473570 0.008524 0.049805 0.049479
0 0.551188 0.027193 0.049805 0.049479
0 0.554841 0.027193 0.049805 0.049479
0 0.558798 0.038151 0.049805 0.049479
0 0.554232 0.043832 0.049805 0.049479
0 0.585583 0.049920 0.049805 0.049479
0 0.596846 0.021105 0.049805 0.049479
0 0.572191 0.014612 0.049805 0.049479
0 0.567929 0.011771 0.049805 0.049479
0 0.556363 0.005683 0.049805 0.049479
0 0.552101 0.006089 0.049805 0.049479
0 0.543579 0.004466 0.049805 0.049479
0 0.539622 0.005277 0.049805 0.049479
0 0.546318 0.012988 0.049805 0.049479
0 0.626777 0.077923 0.049805 0.049479
0 0.605470 0.063719 0.049805 0.049479
0 0.605774 0.063719 0.049805 0.049479
0 0.612775 0.044238 0.049805 0.049479
0 0.606992 0.032875 0.049805 0.049479
0 0.618254 0.033686 0.049805 0.049479
0 0.612775 0.034498 0.049805 0.049479
0 0.606079 0.008118 0.049805 0.049479
0 0.619776 0.012582 0.049805 0.049479
0 0.617645 0.012988 0.049805 0.049479
0 0.617645 0.012988 0.049805 0.049479
0 0.595425 0.002436 0.049805 0.049479
0 0.658128 0.009742 0.049805 0.049479
0 0.653867 0.001219 0.049805 0.049479
0 0.662085 0.003248 0.049805 0.049479
0 0.678826 0.092534 0.049805 0.049479
0 0.659041 0.116479 0.049805 0.049479
0 0.649301 0.099839 0.049805 0.049479
0 0.673043 0.081982 0.049805 0.049479
0 0.664824 0.074271 0.049805 0.049479
0 0.650823 0.023946 0.049805 0.049479
0 0.634386 0.026787 0.049805 0.049479
0 0.635299 0.012582 0.049805 0.049479
0 0.622515 0.055602 0.049805 0.049479
0 0.631647 0.044238 0.049805 0.049479
0 0.607905 0.019888 0.049805 0.049479
0 0.753400 0.212258 0.049805 0.049479
0 0.704394 0.080764 0.049805 0.049479
0 0.703177 0.032469 0.049805 0.049479
0 0.712308 0.031657 0.049805 0.049479
0 0.727832 0.033686 0.049805 0.049479
0 0.677000 0.002436 0.049805 0.049479
0 0.736963 0.025164 0.049805 0.049479
0 0.737268 0.039368 0.049805 0.049479
0 0.743660 0.041397 0.049805 0.049479
0 0.754922 0.035716 0.049805 0.049479
0 0.754922 0.048297 0.049805 0.049479
0 0.765575 0.050326 0.049805 0.049479
0 0.773489 0.047485 0.049805 0.049479
0 0.765271 0.062501 0.049805 0.049479
0 0.746704 0.085229 0.049805 0.049479
0 0.802406 0.099839 0.049805 0.049479
0 0.794492 0.066560 0.049805 0.049479
0 0.791752 0.056008 0.049805 0.049479
0 0.787795 0.039774 0.049805 0.049479
0 0.795100 0.044238 0.049805 0.049479
0 0.803623 0.040992 0.049805 0.049479
0 0.810320 0.058037 0.049805 0.049479
0 0.810624 0.038151 0.049805 0.049479
0 0.780490 0.002436 0.049805 0.049479
0 0.878501 0.049514 0.049805 0.049479
0 0.835279 0.046673 0.049805 0.049479
0 0.837714 0.062095 0.049805 0.049479
0 0.834670 0.077923 0.049805 0.049479
0 0.819147 0.041397 0.049805 0.049479
0 0.813972 0.038557 0.049805 0.049479
0 0.833148 0.032875 0.049805 0.049479
0 0.839236 0.030845 0.049805 0.049479
0 0.841367 0.025975 0.049805 0.049479
0 0.849585 0.026787 0.049805 0.049479
0 0.863282 0.029628 0.049805 0.049479
0 0.870587 0.017047 0.049805 0.049479
0 0.875458 0.017453 0.049805 0.049479
0 0.884589 0.013800 0.049805 0.049479
0 0.880632 0.036527 0.049805 0.049479
0 0.902852 0.088475 0.049805 0.049479
0 0.888242 0.075082 0.049805 0.049479
0 0.899199 0.035716 0.049805 0.049479
0 0.893721 0.018670 0.049805 0.049479
0 0.898895 0.015423 0.049805 0.049479
0 0.904374 0.014206 0.049805 0.049479
0 0.908635 0.012582 0.049805 0.049479
0 0.922637 0.004466 0.049805 0.049479
0 0.927811 0.006901 0.049805 0.049479
0 0.946379 0.005277 0.049805 0.049479
0 0.958250 0.007307 0.049805 0.049479
0 0.951249 0.005277 0.049805 0.049479
0 0.964033 0.007307 0.049805 0.049479
0 0.972251 0.023946 0.049805 0.049479
0 0.972860 0.012582 0.049805 0.049479
0 0.976208 0.001625 0.049805 0.049479
0 0.984122 0.015423 0.049805 0.049479
0 0.814885 0.134336 0.049805 0.049479
0 0.827669 0.131089 0.049805 0.049479
0 0.828278 0.114449 0.049805 0.049479
0 0.857195 0.092534 0.049805 0.049479
0 0.842280 0.184660 0.049805 0.049479
0 0.865109 0.221592 0.049805 0.049479
0 0.899808 0.151381 0.049805 0.049479
0 0.938160 0.170050 0.049805 0.049479
0 0.938465 0.151381 0.049805 0.049479
0 0.923550 0.149352 0.049805 0.049479
0 0.955510 0.140829 0.049805 0.049479
0 0.963424 0.154222 0.049805 0.049479
0 0.958859 0.223216 0.049805 0.049479
0 0.980165 0.215910 0.049805 0.049479
0 0.996602 0.153005 0.049805 0.049479
0 0.991123 0.107956 0.049805 0.049479
0 0.961598 0.064936 0.049805 0.049479
0 0.944553 0.087258 0.049805 0.049479
0 0.929333 0.106738 0.049805 0.049479
0 0.908940 0.075894 0.049805 0.049479
0 0.926594 0.056414 0.049805 0.049479
0 0.935421 0.055196 0.049805 0.049479
0 0.927507 0.022729 0.049805 0.049479
0 0.942422 0.019482 0.049805 0.049479
0 0.946988 0.018264 0.049805 0.049479
0 0.953380 0.018670 0.049805 0.049479
0 0.949118 0.025975 0.049805 0.049479
0 0.959467 0.031251 0.049805 0.049479
0 0.965251 0.035716 0.049805 0.049479
0 0.970121 0.033686 0.049805 0.049479
0 0.995080 0.003248 0.049805 0.049479
0 0.987775 0.056414 0.049805 0.049479
0 0.995689 0.021105 0.049805 0.049479
0 0.939378 0.075082 0.049805 0.049479
0 0.879415 0.017047 0.049805 0.049479
0 0.859325 0.023134 0.049805 0.049479
0 0.951867 0.048560 0.049805 0.049479
0 0.956466 0.047445 0.049805 0.049479
0 0.954376 0.070020 0.049805 0.049479
0 0.852369 0.043473 0.049805 0.049479
0 0.912570 0.001389 0.049805 0.049479
0 0.853728 0.029399 0.049805 0.049479