0 0.018672 0.411933 0.049805 0.049479
0 0.012190 0.320575 0.049805 0.049479
0 0.055709 0.305760 0.049805 0.049479
0 0.101079 0.223044 0.049805 0.049479
0 0.124227 0.214402 0.049805 0.049479
0 0.065894 0.363784 0.049805 0.049479
0 0.128857 0.384772 0.049805 0.049479
0 0.135338 0.497118 0.049805 0.049479
0 0.184412 0.481068 0.049805 0.049479
0 0.270524 0.224278 0.049805 0.049479
0 0.567746 0.353908 0.049805 0.049479
0 0.575153 0.381068 0.049805 0.049479
0 0.625153 0.479834 0.049805 0.049479
0 0.481635 0.231686 0.049805 0.049479
0 0.421449 0.192180 0.049805 0.049479
0 0.437190 0.178599 0.049805 0.049479
0 0.488116 0.193414 0.049805 0.049479
0 0.524227 0.187241 0.049805 0.049479
0 0.403857 0.168723 0.049805 0.049479
0 0.823301 0.308229 0.049805 0.049479
0 0.824227 0.232920 0.049805 0.049479
0 0.868672 0.237859 0.049805 0.049479
0 0.886264 0.178599 0.049805 0.049479
0 0.096449 0.173661 0.049805 0.049479
0 0.010917 0.049973 0.049805 0.049479
0 0.013348 0.038553 0.049805 0.049479
0 0.047838 0.056763 0.049805 0.049479
0 0.020292 0.109309 0.049805 0.049479
0 0.054551 0.155914 0.049805 0.049479
0 0.064042 0.104988 0.049805 0.049479
0 0.083718 0.058075 0.049805 0.049479
0 0.111496 0.095729 0.049805 0.049479
0 0.167283 0.157920 0.049805 0.049479
0 0.242746 0.102365 0.049805 0.049479
0 0.272375 0.161007 0.049805 0.049479
0 0.289968 0.146192 0.049805 0.049479
0 0.302931 0.140019 0.049805 0.049479
0 0.331635 0.136315 0.049805 0.049479
0 0.398301 0.112859 0.049805 0.049479
0 0.418672 0.102982 0.049805 0.049479
0 0.272838 0.090636 0.049805 0.049479
0 0.169135 0.059926 0.049805 0.049479
0 0.193903 0.078445 0.049805 0.049479
0 0.215199 0.072272 0.049805 0.049479
0 0.183024 0.053136 0.049805 0.049479
0 0.247607 0.079680 0.049805 0.049479
0 0.264968 0.068568 0.049805 0.049479
0 0.294135 0.067951 0.049805 0.049479
0 0.137827 0.031801 0.049805 0.049479
0 0.148475 0.022156 0.049805 0.049479
0 0.155130 0.011894 0.049805 0.049479
0 0.140605 0.026632 0.049805 0.049479
0 0.189042 0.043954 0.049805 0.049479
0 0.194713 0.027596 0.049805 0.049479
0 0.180130 0.039942 0.049805 0.049479
0 0.207676 0.037936 0.049805 0.049479
0 0.195061 0.048893 0.049805 0.049479
0 0.351079 0.052828 0.049805 0.049479
0 0.373070 0.064556 0.049805 0.049479
0 0.379783 0.045729 0.049805 0.049479
0 0.399690 0.052519 0.049805 0.049479
0 0.409875 0.052519 0.049805 0.049479
0 0.420061 0.060852 0.049805 0.049479
0 0.472838 0.062704 0.049805 0.049479
0 0.492977 0.058383 0.049805 0.049479
0 0.593209 0.116562 0.049805 0.049479
0 0.618672 0.117797 0.049805 0.049479
0 0.615894 0.092488 0.049805 0.049479
0 0.597375 0.096192 0.049805 0.049479
0 0.588116 0.085698 0.049805 0.049479
0 0.387769 0.021269 0.049805 0.049479
0 0.379899 0.024047 0.049805 0.049479
0 0.363463 0.026825 0.049805 0.049479
0 0.463000 0.026516 0.049805 0.049479
0 0.348996 0.030065 0.049805 0.049479
0 0.326079 0.027751 0.049805 0.049479
0 0.285686 0.035930 0.049805 0.049479
0 0.300385 0.031609 0.049805 0.049479
0 0.231866 0.030374 0.049805 0.049479
0 0.415026 0.016447 0.049805 0.049479
0 0.393556 0.011200 0.049805 0.049479
0 0.373591 0.012280 0.049805 0.049479
0 0.322781 0.014209 0.049805 0.049479
0 0.341010 0.011277 0.049805 0.049479
0 0.353452 0.017604 0.049805 0.049479
0 0.360512 0.013437 0.049805 0.049479
0 0.356519 0.012126 0.049805 0.049479
0 0.349285 0.012357 0.049805 0.049479
0 0.312017 0.019224 0.049805 0.049479
0 0.246623 0.018839 0.049805 0.049479
0 0.237364 0.016061 0.049805 0.049479
0 0.267514 0.015675 0.049805 0.049479
0 0.275037 0.017990 0.049805 0.049479
0 0.804320 0.140019 0.049805 0.049479
0 0.942746 0.151130 0.049805 0.049479
0 0.805477 0.072889 0.049805 0.049479
0 0.786033 0.079680 0.049805 0.049479
0 0.771449 0.076902 0.049805 0.049479
0 0.784181 0.069494 0.049805 0.049479
0 0.792977 0.056531 0.049805 0.049479
0 0.818903 0.043568 0.049805 0.049479
0 0.842051 0.055914 0.049805 0.049479
0 0.855709 0.050050 0.049805 0.049479
0 0.858487 0.070112 0.049805 0.049479
0 0.869135 0.071038 0.049805 0.049479
0 0.883487 0.064247 0.049805 0.049479
0 0.894135 0.055297 0.049805 0.049479
0 0.914505 0.050359 0.049805 0.049479
0 0.912190 0.061778 0.049805 0.049479
0 0.894829 0.087704 0.049805 0.049479
0 0.899690 0.071655 0.049805 0.049479
0 0.928162 0.065173 0.049805 0.049479
0 0.940894 0.051902 0.049805 0.049479
0 0.954551 0.060544 0.049805 0.049479
0 0.961727 0.051593 0.049805 0.049479
0 0.970755 0.059309 0.049805 0.049479
0 0.982561 0.048198 0.049805 0.049479
0 0.956403 0.105297 0.049805 0.049479
0 0.794916 0.017315 0.049805 0.049479
0 0.818903 0.020305 0.049805 0.049479
0 0.867919 0.025744 0.049805 0.049479
0 0.879956 0.029757 0.049805 0.049479
0 0.979320 0.028368 0.049805 0.049479
0 0.915199 0.017295 0.049805 0.049479
0 0.902005 0.011431 0.049805 0.049479
0 0.936091 0.002972 0.049805 0.049479
0 0.952237 0.014132 0.049805 0.049479
0 0.964852 0.012434 0.049805 0.049479
0 0.974517 0.015598 0.049805 0.049479
0 0.834644 0.012203 0.049805 0.049479
0 0.857040 0.018298 0.049805 0.049479
0 0.982271 0.017064 0.049805 0.049479
0 0.432387 0.018453 0.049805 0.049479
0 0.417688 0.006705 0.049805 0.049479
0 0.995907 0.138982 0.049805 0.049479
0 0.998904 0.112342 0.049805 0.049479
0 0.629274 0.083704 0.049805 0.049479
0 0.579824 0.077044 0.049805 0.049479
0 0.561841 0.105682 0.049805 0.049479
0 0.555972 0.060873 0.049805 0.049479
0 0.553100 0.051549 0.049805 0.049479
0 0.563090 0.034566 0.049805 0.049479
0 0.569958 0.030070 0.049805 0.049479
0 0.566837 0.044223 0.049805 0.049479
0 0.575952 0.036730 0.049805 0.049479
0 0.590313 0.011589 0.049805 0.049479
0 0.608545 0.012088 0.049805 0.049479
0 0.614164 0.017583 0.049805 0.049479
0 0.611667 0.079021 0.049805 0.049479
0 0.625902 0.113487 0.049805 0.049479
0 0.546981 0.020913 0.049805 0.049479
0 0.467186 0.012057 0.049805 0.049479
0 0.473992 0.015470 0.049805 0.049479
0 0.482483 0.009310 0.049805 0.049479
0 0.490163 0.007645 0.049805 0.049479
0 0.473680 0.007645 0.049805 0.049479
0 0.242411 0.004674 0.049805 0.049479
0 0.233077 0.012556 0.049805 0.049479
0 0.312403 0.008129 0.049805 0.049479
0 0.326140 0.002884 0.049805 0.049479
0 0.256522 0.001544 0.049805 0.049479
0 0.275097 0.002842 0.049805 0.049479
0 0.364320 0.013056 0.049805 0.049479
0 0.354455 0.005813 0.049805 0.049479
0 0.520196 0.008961 0.049805 0.049479
0 0.528656 0.003425 0.049805 0.049479
0 0.596463 0.005839 0.049805 0.049479
0 0.949110 0.008810 0.049805 0.049479
0 0.957571 0.002967 0.049805 0.049479
0 0.922918 0.006255 0.049805 0.049479
0 0.907589 0.005730 0.049805 0.049479
0 0.874435 0.011417 0.049805 0.049479
0 0.883395 0.018327 0.049805 0.049479
0 0.861807 0.001523 0.049805 0.049479
0 0.998467 0.019914 0.049805 0.049479
0 0.998717 0.043890 0.049805 0.049479
0 0.215688 0.003493 0.049805 0.049479
0 0.434968 0.004825 0.049805 0.049479
0 0.504149 0.002494 0.049805 0.049479
0 0.538115 0.001828 0.049805 0.049479
0 0.542111 0.002494 0.049805 0.049479
0 0.786733 0.001389 0.049805 0.049479
0 0.821851 0.001946 0.049805 0.049479
0 0.878393 0.002364 0.049805 0.049479
0 0.889785 0.049396 0.049805 0.049479
0 0.998690 0.011492 0.049805 0.049479
0 0.945074 0.007520 0.049805 0.049479
0 0.965454 0.045146 0.049805 0.049479
0 0.922080 0.074549 0.049805 0.049479
0 0.883723 0.008356 0.049805 0.049479
0 0.889472 0.005325 0.049805 0.049479