0 0.009909 0.324594 0.049805 0.049479
0 0.024543 0.274188 0.049805 0.049479
0 0.036739 0.280692 0.049805 0.049479
0 0.067226 0.244920 0.049805 0.049479
0 0.113568 0.251424 0.049805 0.049479
0 0.159909 0.233538 0.049805 0.049479
0 0.184300 0.236790 0.049805 0.049479
0 0.205031 0.251424 0.049805 0.049479
0 0.222104 0.202643 0.049805 0.049479
0 0.256251 0.205895 0.049805 0.049479
0 0.279421 0.269310 0.049805 0.049479
0 0.294056 0.283944 0.049805 0.049479
0 0.240397 0.300204 0.049805 0.049479
0 0.292836 0.474188 0.049805 0.049479
0 0.336739 0.511586 0.049805 0.049479
0 0.622104 0.735977 0.049805 0.049479
0 0.651373 0.814025 0.049805 0.049479
0 0.451373 0.438416 0.049805 0.049479
0 0.414787 0.418903 0.049805 0.049479
0 0.480641 0.389635 0.049805 0.049479
0 0.509909 0.353863 0.049805 0.049479
0 0.487958 0.309960 0.049805 0.049479
0 0.507470 0.383131 0.049805 0.049479
0 0.539178 0.415651 0.049805 0.049479
0 0.430641 0.244920 0.049805 0.049479
0 0.412348 0.324594 0.049805 0.049479
0 0.363568 0.288822 0.049805 0.049479
0 0.363568 0.244920 0.049805 0.049479
0 0.380641 0.236790 0.049805 0.049479
0 0.366007 0.225408 0.049805 0.049479
0 0.340397 0.222155 0.049805 0.049479
0 0.457470 0.163619 0.049805 0.049479
0 0.490397 0.165245 0.049805 0.049479
0 0.535519 0.214025 0.049805 0.049479
0 0.536739 0.199391 0.049805 0.049479
0 0.567226 0.188009 0.049805 0.049479
0 0.590397 0.236790 0.049805 0.049479
0 0.558690 0.236790 0.049805 0.049479
0 0.583080 0.295326 0.049805 0.049479
0 0.616007 0.277440 0.049805 0.049479
0 0.623324 0.254676 0.049805 0.049479
0 0.607470 0.241668 0.049805 0.049479
0 0.613568 0.230286 0.049805 0.049479
0 0.686739 0.423781 0.049805 0.049479
0 0.681861 0.383131 0.049805 0.049479
0 0.828202 0.441668 0.049805 0.049479
0 0.825763 0.358741 0.049805 0.049479
0 0.863568 0.353863 0.049805 0.049479
0 0.779421 0.358741 0.049805 0.049479
0 0.741617 0.329473 0.049805 0.049479
0 0.691617 0.306708 0.049805 0.049479
0 0.669665 0.217277 0.049805 0.049479
0 0.701373 0.240042 0.049805 0.049479
0 0.735519 0.244920 0.049805 0.049479
0 0.770885 0.262806 0.049805 0.049479
0 0.850153 0.300204 0.049805 0.049479
0 0.886739 0.321342 0.049805 0.049479
0 0.996495 0.303456 0.049805 0.049479
0 0.998934 0.259554 0.049805 0.049479
0 0.975763 0.230286 0.049805 0.049479
0 0.961129 0.205895 0.049805 0.049479
0 0.945275 0.217277 0.049805 0.049479
0 0.945275 0.199391 0.049805 0.049479
0 0.937958 0.176627 0.049805 0.049479
0 0.923324 0.197765 0.049805 0.049479
0 0.902592 0.170123 0.049805 0.049479
0 0.633690 0.171342 0.049805 0.049479
0 0.647104 0.160773 0.049805 0.049479
0 0.662958 0.164838 0.049805 0.049479
0 0.689178 0.185977 0.049805 0.049479
0 0.733080 0.112806 0.049805 0.049479
0 0.784909 0.198985 0.049805 0.049479
0 0.797104 0.193294 0.049805 0.049479
0 0.808690 0.220936 0.049805 0.049479
0 0.848324 0.232318 0.049805 0.049479
0 0.848934 0.270529 0.049805 0.049479
0 0.893446 0.228253 0.049805 0.049479
0 0.914787 0.238822 0.049805 0.049479
0 0.881251 0.190042 0.049805 0.049479
0 0.855031 0.186790 0.049805 0.049479
0 0.843446 0.175408 0.049805 0.049479
0 0.860519 0.146139 0.049805 0.049479
0 0.872714 0.162399 0.049805 0.049479
0 0.930641 0.125814 0.049805 0.049479
0 0.976982 0.140448 0.049805 0.049479
0 0.956884 0.149312 0.049805 0.049479
0 0.961065 0.150985 0.049805 0.049479
0 0.969008 0.150149 0.049805 0.049479
0 0.828330 0.251876 0.049805 0.049479