0 0.162963 0.756403 0.049805 0.049479
0 0.308004 0.513427 0.049805 0.049479
0 0.280732 0.483675 0.049805 0.049479
0 0.436930 0.592766 0.049805 0.049479
0 0.482798 0.801031 0.049805 0.049479
0 0.469161 0.518386 0.049805 0.049479
0 0.660071 0.536568 0.049805 0.049479
0 0.614203 0.924998 0.049805 0.049479
0 0.802633 0.685328 0.049805 0.049479
0 0.812550 0.741527 0.049805 0.049479
0 0.921641 0.630783 0.049805 0.049479
0 0.761723 0.523345 0.049805 0.049479
0 0.787756 0.574584 0.049805 0.049479
0 0.798914 0.478717 0.049805 0.049479
0 0.750566 0.435741 0.049805 0.049479
0 0.826186 0.412601 0.049805 0.049479
0 0.838583 0.382849 0.049805 0.049479
0 0.879492 0.422518 0.049805 0.049479
0 0.953872 0.533262 0.049805 0.049479
0 0.998500 0.566320 0.049805 0.049479
0 0.627839 0.472105 0.049805 0.049479
0 0.630318 0.417560 0.049805 0.049479
0 0.666269 0.382849 0.049805 0.049479
0 0.569575 0.377890 0.049805 0.049479
0 0.650153 0.371279 0.049805 0.049479
0 0.296847 0.363014 0.049805 0.049479
0 0.165442 0.253923 0.049805 0.049479
0 0.186517 0.250617 0.049805 0.049479
0 0.267095 0.318386 0.049805 0.049479
0 0.280732 0.293593 0.049805 0.049479
0 0.304285 0.280370 0.049805 0.049479
0 0.352633 0.303510 0.049805 0.049479
0 0.434451 0.293593 0.049805 0.049479
0 0.288170 0.237394 0.049805 0.049479
0 0.371228 0.280783 0.049805 0.049479
0 0.371228 0.236155 0.049805 0.049479
0 0.358831 0.236981 0.049805 0.049479
0 0.443128 0.222932 0.049805 0.049479
0 0.372467 0.194006 0.049805 0.049479
0 0.377426 0.178303 0.049805 0.049479
0 0.381145 0.162601 0.049805 0.049479
0 0.347054 0.191527 0.049805 0.049479
0 0.333418 0.180783 0.049805 0.049479
0 0.331558 0.167560 0.049805 0.049479
0 0.278872 0.222932 0.049805 0.049479
0 0.265236 0.181609 0.049805 0.049479
0 0.236104 0.149378 0.049805 0.049479
0 0.224947 0.137808 0.049805 0.049479
0 0.203872 0.149378 0.049805 0.049479
0 0.189616 0.136155 0.049805 0.049479
0 0.122054 0.165080 0.049805 0.049479
0 0.118955 0.117146 0.049805 0.049479
0 0.105318 0.111361 0.049805 0.049479
0 0.143748 0.139460 0.049805 0.049479
0 0.162963 0.141113 0.049805 0.049479
0 0.136310 0.085741 0.049805 0.049479
0 0.109037 0.065907 0.049805 0.049479
0 0.115236 0.070865 0.049805 0.049479
0 0.102839 0.045246 0.049805 0.049479
0 0.118955 0.059295 0.049805 0.049479
0 0.123914 0.058469 0.049805 0.049479
0 0.130112 0.048551 0.049805 0.049479
0 0.143748 0.065080 0.049805 0.049479
0 0.147467 0.055163 0.049805 0.049479
0 0.143748 0.047725 0.049805 0.049479
0 0.187756 0.051031 0.049805 0.049479
0 0.213170 0.079130 0.049805 0.049479
0 0.216889 0.127064 0.049805 0.049479
0 0.206971 0.132849 0.049805 0.049479
0 0.179699 0.137808 0.049805 0.049479
0 0.259657 0.082436 0.049805 0.049479
0 0.266476 0.084915 0.049805 0.049479
0 0.262756 0.109708 0.049805 0.049479
0 0.268955 0.144419 0.049805 0.049479
0 0.295608 0.127890 0.049805 0.049479
0 0.312343 0.103097 0.049805 0.049479
0 0.333418 0.095659 0.049805 0.049479
0 0.355112 0.074998 0.049805 0.049479
0 0.343955 0.030370 0.049805 0.049479
0 0.376806 0.031196 0.049805 0.049479
0 0.380525 0.025411 0.049805 0.049479
0 0.368748 0.094006 0.049805 0.049479
0 0.371228 0.082436 0.049805 0.049479
0 0.397880 0.160122 0.049805 0.049479
0 0.417095 0.123758 0.049805 0.049479
0 0.407798 0.103097 0.049805 0.049479
0 0.412756 0.103923 0.049805 0.049479
0 0.414616 0.096485 0.049805 0.049479
0 0.423914 0.099791 0.049805 0.049479
0 0.451186 0.113841 0.049805 0.049479
0 0.461104 0.051031 0.049805 0.049479
0 0.445608 0.058469 0.049805 0.049479
0 0.464823 0.058469 0.049805 0.049479
0 0.439409 0.128717 0.049805 0.049479
0 0.459864 0.178303 0.049805 0.049479
0 0.484657 0.115494 0.049805 0.049479
0 0.487137 0.104750 0.049805 0.049479
0 0.488996 0.138634 0.049805 0.049479
0 0.498914 0.145246 0.049805 0.049479
0 0.509451 0.135328 0.049805 0.049479
0 0.504492 0.190700 0.049805 0.049479
0 0.510071 0.214667 0.049805 0.049479
0 0.517509 0.217146 0.049805 0.049479
0 0.515649 0.236981 0.049805 0.049479
0 0.537343 0.234502 0.049805 0.049479
0 0.539203 0.205576 0.049805 0.049479
0 0.520608 0.184089 0.049805 0.049479
0 0.524327 0.118799 0.049805 0.049479
0 0.528046 0.127890 0.049805 0.049479
0 0.536104 0.111361 0.049805 0.049479
0 0.549120 0.132022 0.049805 0.049479
0 0.556558 0.146072 0.049805 0.049479
0 0.556558 0.279956 0.049805 0.049479
0 0.567715 0.259295 0.049805 0.049479
0 0.583831 0.184089 0.049805 0.049479
0 0.602013 0.210535 0.049805 0.049479
0 0.600153 0.162601 0.049805 0.049479
0 0.606971 0.135328 0.049805 0.049479
0 0.610071 0.151857 0.049805 0.049479
0 0.610071 0.251857 0.049805 0.049479
0 0.609451 0.233675 0.049805 0.049479
0 0.600153 0.284915 0.049805 0.049479
0 0.637343 0.326237 0.049805 0.049479
0 0.667095 0.224584 0.049805 0.049479
0 0.714823 0.275824 0.049805 0.049479
0 0.643542 0.203097 0.049805 0.049479
0 0.639203 0.194006 0.049805 0.049479
0 0.630525 0.165080 0.049805 0.049479
0 0.618128 0.165080 0.049805 0.049479
0 0.641062 0.136155 0.049805 0.049479
0 0.654079 0.150204 0.049805 0.049479
0 0.657798 0.144419 0.049805 0.049479
0 0.662756 0.140287 0.049805 0.049479
0 0.664616 0.169213 0.049805 0.049479
0 0.674533 0.203097 0.049805 0.049479
0 0.701806 0.216320 0.049805 0.049479
0 0.753872 0.234502 0.049805 0.049479
0 0.765649 0.219626 0.049805 0.049479
0 0.774327 0.239460 0.049805 0.049479
0 0.772467 0.227890 0.049805 0.049479
0 0.797880 0.234502 0.049805 0.049479
0 0.797261 0.191527 0.049805 0.049479
0 0.815236 0.200617 0.049805 0.049479
0 0.825153 0.249378 0.049805 0.049479
0 0.856145 0.248551 0.049805 0.049479
0 0.846847 0.241113 0.049805 0.049479
0 0.829492 0.183262 0.049805 0.049479
0 0.815856 0.167560 0.049805 0.049479
0 0.878459 0.200617 0.049805 0.049479
0 0.861104 0.189874 0.049805 0.049479
0 0.897674 0.249378 0.049805 0.049479
0 0.913790 0.251857 0.049805 0.049479
0 0.923087 0.261774 0.049805 0.049479
0 0.921847 0.196485 0.049805 0.049479
0 0.898914 0.234502 0.049805 0.049479
0 0.986930 0.230370 0.049805 0.049479
0 0.948500 0.208882 0.049805 0.049479
0 0.931145 0.192353 0.049805 0.049479
0 0.913170 0.174998 0.049805 0.049479
0 0.906971 0.177477 0.049805 0.049479
0 0.897054 0.180783 0.049805 0.049479
0 0.890856 0.186568 0.049805 0.049479
0 0.885897 0.160122 0.049805 0.049479
0 0.894575 0.157642 0.049805 0.049479
0 0.867922 0.134502 0.049805 0.049479
0 0.873500 0.138634 0.049805 0.049479
0 0.819575 0.155163 0.049805 0.049479
0 0.894575 0.138634 0.049805 0.049479
0 0.899533 0.141940 0.049805 0.049479
0 0.913170 0.118799 0.049805 0.049479
0 0.919988 0.122105 0.049805 0.049479
0 0.937343 0.128717 0.049805 0.049479
0 0.914409 0.154336 0.049805 0.049479
0 0.937963 0.177477 0.049805 0.049479
0 0.956558 0.188221 0.049805 0.049479
0 0.952219 0.174998 0.049805 0.049479
0 0.954079 0.152684 0.049805 0.049479
0 0.939823 0.150204 0.049805 0.049479
0 0.561723 0.111361 0.049805 0.049479
0 0.553046 0.102270 0.049805 0.049479
0 0.541269 0.101444 0.049805 0.049479
0 0.569781 0.114667 0.049805 0.049479
0 0.609451 0.127890 0.049805 0.049479
0 0.904905 0.160535 0.049805 0.049479
0 0.997880 0.174171 0.049805 0.049479
0 0.044983 0.101228 0.049805 0.049479
0 0.077451 0.072590 0.049805 0.049479
0 0.083695 0.069926 0.049805 0.049479
0 0.565338 0.084578 0.049805 0.049479
0 0.527875 0.095567 0.049805 0.049479
0 0.525877 0.087908 0.049805 0.049479
0 0.534868 0.090239 0.049805 0.049479
0 0.550353 0.091238 0.049805 0.049479
0 0.558595 0.095234 0.049805 0.049479
0 0.583570 0.083912 0.049805 0.049479
0 0.572581 0.075920 0.049805 0.049479
0 0.577576 0.077918 0.049805 0.049479
0 0.615038 0.085910 0.049805 0.049479
0 0.642761 0.099563 0.049805 0.049479
0 0.654249 0.102893 0.049805 0.049479
0 0.649504 0.119876 0.049805 0.049479
0 0.658745 0.128867 0.049805 0.049479
0 0.663989 0.124205 0.049805 0.049479
0 0.672481 0.125204 0.049805 0.049479
0 0.681472 0.124205 0.049805 0.049479
0 0.674729 0.106889 0.049805 0.049479
0 0.673230 0.098897 0.049805 0.049479
0 0.664739 0.083579 0.049805 0.049479
0 0.643760 0.079583 0.049805 0.049479
0 0.535867 0.104329 0.049805 0.049479
0 0.591562 0.056377 0.049805 0.049479
0 0.586317 0.056544 0.049805 0.049479
0 0.580573 0.053047 0.049805 0.049479
0 0.551976 0.063870 0.049805 0.049479
0 0.532746 0.057876 0.049805 0.049479
0 0.538365 0.058542 0.049805 0.049479
0 0.541487 0.059874 0.049805 0.049479
0 0.544109 0.059041 0.049805 0.049479
0 0.550353 0.057543 0.049805 0.049479
0 0.548605 0.063037 0.049805 0.049479
0 0.555972 0.065035 0.049805 0.049479
0 0.554099 0.057709 0.049805 0.049479
0 0.563090 0.064536 0.049805 0.049479
0 0.563964 0.072694 0.049805 0.049479
0 0.558470 0.074193 0.049805 0.049479
0 0.566587 0.073693 0.049805 0.049479
0 0.579449 0.040060 0.049805 0.049479
0 0.576452 0.039894 0.049805 0.049479
0 0.565588 0.049384 0.049805 0.049479
0 0.571956 0.051216 0.049805 0.049479
0 0.523879 0.045055 0.049805 0.049479
0 0.528125 0.049218 0.049805 0.049479
0 0.547731 0.052548 0.049805 0.049479
0 0.576077 0.065264 0.049805 0.049479
0 0.530872 0.051278 0.049805 0.049479
0 0.533120 0.050945 0.049805 0.049479
0 0.536617 0.053609 0.049805 0.049479
0 0.537366 0.055274 0.049805 0.049479
0 0.538615 0.056273 0.049805 0.049479
0 0.577826 0.069593 0.049805 0.049479
0 0.573830 0.066929 0.049805 0.049479
0 0.587816 0.074921 0.049805 0.049479
0 0.539114 0.051611 0.049805 0.049479
0 0.541861 0.051611 0.049805 0.049479
0 0.544359 0.051944 0.049805 0.049479
0 0.544858 0.053942 0.049805 0.049479
0 0.537116 0.047948 0.049805 0.049479
0 0.631022 0.078584 0.049805 0.049479
0 0.624029 0.072257 0.049805 0.049479
0 0.627276 0.068594 0.049805 0.049479
0 0.628775 0.070592 0.049805 0.049479
0 0.621282 0.067928 0.049805 0.049479
0 0.657246 0.079583 0.049805 0.049479
0 0.634019 0.055274 0.049805 0.049479
0 0.620533 0.055940 0.049805 0.049479
0 0.636517 0.068927 0.049805 0.049479
0 0.661492 0.076586 0.049805 0.049479
0 0.667736 0.079250 0.049805 0.049479
0 0.663989 0.062933 0.049805 0.049479
0 0.663240 0.068927 0.049805 0.049479
0 0.672481 0.087242 0.049805 0.049479
0 0.533620 0.037625 0.049805 0.049479
0 0.528625 0.036959 0.049805 0.049479
0 0.661492 0.082913 0.049805 0.049479
0 0.489913 0.058604 0.049805 0.049479
0 0.805598 0.163957 0.049805 0.049479
0 0.773630 0.092029 0.049805 0.049479
0 0.770882 0.085702 0.049805 0.049479
0 0.755148 0.086701 0.049805 0.049479
0 0.848805 0.105349 0.049805 0.049479
0 0.300320 0.330751 0.049805 0.049479
0 0.196223 0.139558 0.049805 0.049479
0 0.266039 0.102211 0.049805 0.049479
0 0.509141 0.122975 0.049805 0.049479
0 0.655985 0.060405 0.049805 0.049479
0 0.862820 0.254385 0.049805 0.049479
0 0.949986 0.196693 0.049805 0.049479
0 0.697478 0.312077 0.049805 0.049479
0 0.695805 0.312077 0.049805 0.049479
0 0.934204 0.154329 0.049805 0.049479
0 0.956779 0.163526 0.049805 0.049479
0 0.932950 0.168404 0.049805 0.049479