0 0.040063 0.949864 0.049550 0.050000
0 0.107094 0.969344 0.049550 0.050000
0 0.204594 0.893045 0.049550 0.050000
0 0.255782 0.829734 0.049550 0.050000
0 0.326469 0.927136 0.049550 0.050000
0 0.249688 0.980708 0.049550 0.050000
0 0.176563 0.790773 0.049550 0.050000
0 0.142438 0.742071 0.049550 0.050000
0 0.102219 0.789149 0.049550 0.050000
0 0.023000 0.797266 0.049550 0.050000
0 0.025438 0.694994 0.049550 0.050000
0 0.071750 0.634929 0.049550 0.050000
0 0.111969 0.586227 0.049550 0.050000
0 0.144875 0.660903 0.049550 0.050000
0 0.164375 0.706357 0.049550 0.050000
0 0.200938 0.643045 0.049550 0.050000
0 0.252126 0.714474 0.049550 0.050000
0 0.277719 0.738825 0.049550 0.050000
0 0.339876 0.782656 0.049550 0.050000
0 0.332563 0.863825 0.049550 0.050000
0 0.404469 0.789149 0.049550 0.050000
0 0.417876 0.938500 0.049550 0.050000
0 0.391063 0.988825 0.049550 0.050000
0 0.480032 0.858955 0.049550 0.050000
0 0.465407 0.771292 0.049550 0.050000
0 0.082471 0.463504 0.049550 0.050000
0 0.072897 0.449012 0.049550 0.050000
0 0.060276 0.439737 0.049550 0.050000
0 0.033728 0.460026 0.049550 0.050000
0 0.017190 0.443215 0.049550 0.050000
0 0.035469 0.555097 0.049550 0.050000
0 0.124687 0.498866 0.049550 0.050000
0 0.136002 0.460026 0.049550 0.050000
0 0.115112 0.421766 0.049550 0.050000
0 0.135132 0.426983 0.049550 0.050000
0 0.175606 0.412491 0.049550 0.050000
0 0.098139 0.417128 0.049550 0.050000
0 0.193885 0.425824 0.049550 0.050000
0 0.214775 0.420607 0.049550 0.050000
0 0.231748 0.439157 0.049550 0.050000
0 0.228702 0.416549 0.049550 0.050000
0 0.256120 0.414810 0.049550 0.050000
0 0.299205 0.414810 0.049550 0.050000
0 0.320531 0.450171 0.049550 0.050000
0 0.349690 0.436838 0.049550 0.050000
0 0.349690 0.408433 0.049550 0.050000
0 0.343597 0.496547 0.049550 0.050000
0 0.320966 0.482055 0.049550 0.050000
0 0.336198 0.530749 0.049550 0.050000
0 0.305734 0.530749 0.049550 0.050000
0 0.266565 0.520894 0.049550 0.050000
0 0.252203 0.532488 0.049550 0.050000
0 0.222609 0.533648 0.049550 0.050000
0 0.215645 0.506402 0.049550 0.050000
0 0.199107 0.536546 0.049550 0.050000
0 0.176476 0.532488 0.049550 0.050000
0 0.182134 0.553357 0.049550 0.050000
0 0.246032 0.594344 0.049550 0.050000
0 0.271626 0.654409 0.049550 0.050000
0 0.306969 0.662526 0.049550 0.050000
0 0.291126 0.612201 0.049550 0.050000
0 0.299657 0.568370 0.049550 0.050000
0 0.316719 0.592721 0.049550 0.050000
0 0.335001 0.600838 0.049550 0.050000
0 0.369126 0.578110 0.049550 0.050000
0 0.389844 0.617071 0.049550 0.050000
0 0.355719 0.716097 0.049550 0.050000
0 0.408126 0.669019 0.049550 0.050000
0 0.432501 0.625188 0.049550 0.050000
0 0.448344 0.669019 0.049550 0.050000
0 0.460532 0.714474 0.049550 0.050000
0 0.556813 0.722591 0.049550 0.050000
0 0.615313 0.743695 0.049550 0.050000
0 0.623845 0.815123 0.049550 0.050000
0 0.586063 0.870318 0.049550 0.050000
0 0.644563 0.914149 0.049550 0.050000
0 0.534876 0.985578 0.049550 0.050000
0 0.394719 0.555383 0.049550 0.050000
0 0.371563 0.529409 0.049550 0.050000
0 0.400813 0.522916 0.049550 0.050000
0 0.411782 0.509929 0.049550 0.050000
0 0.439813 0.483955 0.049550 0.050000
0 0.445907 0.540773 0.049550 0.050000
0 0.439813 0.518045 0.049550 0.050000
0 0.421532 0.571617 0.049550 0.050000
0 0.408126 0.600838 0.049550 0.050000
0 0.004719 0.620318 0.049550 0.050000
0 0.138782 0.397916 0.049550 0.050000
0 0.118592 0.196871 0.049550 0.050000
0 0.102122 0.194781 0.049550 0.050000
0 0.074673 0.212540 0.049550 0.050000
0 0.061340 0.198960 0.049550 0.050000
0 0.041733 0.222987 0.049550 0.050000
0 0.025264 0.224031 0.049550 0.050000
0 0.004873 0.245969 0.049550 0.050000
0 0.125650 0.249103 0.049550 0.050000
0 0.113102 0.234478 0.049550 0.050000
0 0.095848 0.263728 0.049550 0.050000
0 0.108396 0.278353 0.049550 0.050000
0 0.049576 0.285665 0.049550 0.050000
0 0.022127 0.307603 0.049550 0.050000
0 0.047223 0.315960 0.049550 0.050000
0 0.026832 0.338942 0.049550 0.050000
0 0.156236 0.286710 0.049550 0.050000
0 0.143688 0.267907 0.049550 0.050000
0 0.150747 0.252237 0.049550 0.050000
0 0.153884 0.235523 0.049550 0.050000
0 0.169569 0.245969 0.049550 0.050000
0 0.171138 0.187469 0.049550 0.050000
0 0.196234 0.188514 0.049550 0.050000
0 0.205645 0.249103 0.049550 0.050000
0 0.198587 0.267907 0.049550 0.050000
0 0.157021 0.335808 0.049550 0.050000
0 0.133493 0.328496 0.049550 0.050000
0 0.114670 0.348344 0.049550 0.050000
0 0.102122 0.388041 0.049550 0.050000
0 0.040165 0.392219 0.049550 0.050000
0 0.029969 0.411023 0.049550 0.050000
0 0.254270 0.374460 0.049550 0.050000
0 0.242506 0.390130 0.049550 0.050000
0 0.231526 0.365058 0.049550 0.050000
0 0.217409 0.358791 0.049550 0.050000
0 0.210351 0.336853 0.049550 0.050000
0 0.189176 0.335808 0.049550 0.050000
0 0.179764 0.366103 0.049550 0.050000
0 0.240937 0.291933 0.049550 0.050000
0 0.247211 0.271040 0.049550 0.050000
0 0.244859 0.241790 0.049550 0.050000
0 0.224468 0.224031 0.049550 0.050000
0 0.211135 0.231344 0.049550 0.050000
0 0.227605 0.193737 0.049550 0.050000
0 0.249564 0.183290 0.049550 0.050000
0 0.236232 0.182246 0.049550 0.050000
0 0.207998 0.172844 0.049550 0.050000
0 0.196234 0.155085 0.049550 0.050000
0 0.195450 0.128969 0.049550 0.050000
0 0.202508 0.120612 0.049550 0.050000
0 0.211919 0.079871 0.049550 0.050000
0 0.204861 0.158219 0.049550 0.050000
0 0.232310 0.098674 0.049550 0.050000
0 0.254270 0.087183 0.049550 0.050000
0 0.247211 0.079871 0.049550 0.050000
0 0.252701 0.066290 0.049550 0.050000
0 0.244074 0.060022 0.049550 0.050000
0 0.250348 0.135237 0.049550 0.050000
0 0.258191 0.162397 0.049550 0.050000
0 0.253486 0.151951 0.049550 0.050000
0 0.237800 0.169710 0.049550 0.050000
0 0.264465 0.190603 0.049550 0.050000
0 0.250348 0.227165 0.049550 0.050000
0 0.257407 0.241790 0.049550 0.050000
0 0.277014 0.386996 0.049550 0.050000
0 0.991907 0.917396 0.049550 0.050000
0 0.949251 0.863825 0.049550 0.050000
0 0.952907 0.800513 0.049550 0.050000
0 0.905376 0.862201 0.049550 0.050000
0 0.871251 0.922266 0.049550 0.050000
0 0.879782 0.813500 0.049550 0.050000
0 0.820064 0.818370 0.049550 0.050000
0 0.798126 0.871942 0.049550 0.050000
0 0.768876 0.805383 0.049550 0.050000
0 0.784720 0.742071 0.049550 0.050000
0 0.693313 0.834604 0.049550 0.050000
0 0.744501 0.737201 0.049550 0.050000
0 0.753032 0.703110 0.049550 0.050000
0 0.750595 0.675513 0.049550 0.050000
0 0.745720 0.659279 0.049550 0.050000
0 0.725001 0.685253 0.049550 0.050000
0 0.700626 0.649539 0.049550 0.050000
0 0.687220 0.625188 0.049550 0.050000
0 0.718907 0.594344 0.049550 0.050000
0 0.688438 0.579734 0.049550 0.050000
0 0.978501 0.657656 0.049550 0.050000
0 0.982157 0.557006 0.049550 0.050000
0 0.911470 0.613825 0.049550 0.050000
0 0.916345 0.540773 0.049550 0.050000
0 0.856626 0.535903 0.049550 0.050000
0 0.815189 0.594344 0.049550 0.050000
0 0.800564 0.597591 0.049550 0.050000
0 0.787157 0.566747 0.049550 0.050000
0 0.794470 0.521292 0.049550 0.050000
0 0.768876 0.518045 0.049550 0.050000
0 0.722563 0.544019 0.049550 0.050000
0 0.610438 0.664149 0.049550 0.050000
0 0.625063 0.646292 0.049550 0.050000
0 0.604345 0.586227 0.049550 0.050000
0 0.612876 0.560253 0.049550 0.050000
0 0.616532 0.537526 0.049550 0.050000
0 0.539751 0.638175 0.049550 0.050000
0 0.488563 0.597591 0.049550 0.050000
0 0.487344 0.558630 0.049550 0.050000
0 0.497094 0.537526 0.049550 0.050000
0 0.480032 0.511552 0.049550 0.050000
0 0.493438 0.503435 0.049550 0.050000
0 0.505626 0.483955 0.049550 0.050000
0 0.512938 0.453110 0.049550 0.050000
0 0.543407 0.498565 0.049550 0.050000
0 0.517813 0.524539 0.049550 0.050000
0 0.540970 0.579734 0.049550 0.050000
0 0.545845 0.555383 0.049550 0.050000
0 0.542188 0.532656 0.049550 0.050000
0 0.556813 0.498565 0.049550 0.050000
0 0.564126 0.479084 0.049550 0.050000
0 0.558032 0.433630 0.049550 0.050000
0 0.395938 0.453110 0.049550 0.050000
0 0.422751 0.433630 0.049550 0.050000
0 0.421532 0.393045 0.049550 0.050000
0 0.399594 0.393045 0.049550 0.050000
0 0.375219 0.365448 0.049550 0.050000
0 0.359376 0.323240 0.049550 0.050000
0 0.308188 0.308630 0.049550 0.050000
0 0.308188 0.345968 0.049550 0.050000
0 0.288688 0.357331 0.049550 0.050000
0 0.267969 0.349214 0.049550 0.050000
0 0.152188 0.198240 0.049550 0.050000
0 0.070532 0.269669 0.049550 0.050000
0 0.242375 0.118695 0.049550 0.050000
0 0.271626 0.073240 0.049550 0.050000
0 0.280157 0.044019 0.049550 0.050000
0 0.296001 0.055383 0.049550 0.050000
0 0.288688 0.066747 0.049550 0.050000
0 0.281376 0.095968 0.049550 0.050000
0 0.275282 0.084604 0.049550 0.050000
0 0.275282 0.108955 0.049550 0.050000
0 0.287469 0.108955 0.049550 0.050000
0 0.287469 0.120318 0.049550 0.050000
0 0.283813 0.134929 0.049550 0.050000
0 0.309407 0.130058 0.049550 0.050000
0 0.316719 0.123565 0.049550 0.050000
0 0.327688 0.130058 0.049550 0.050000
0 0.320376 0.136552 0.049550 0.050000
0 0.287469 0.156032 0.049550 0.050000
0 0.275282 0.149539 0.049550 0.050000
0 0.300876 0.172266 0.049550 0.050000
0 0.308188 0.152786 0.049550 0.050000
0 0.333782 0.149539 0.049550 0.050000
0 0.332563 0.164149 0.049550 0.050000
0 0.327688 0.183630 0.049550 0.050000
0 0.328907 0.194994 0.049550 0.050000
0 0.315501 0.198240 0.049550 0.050000
0 0.304532 0.191747 0.049550 0.050000
0 0.289907 0.194994 0.049550 0.050000
0 0.287469 0.177136 0.049550 0.050000
0 0.285032 0.203110 0.049550 0.050000
0 0.277719 0.224214 0.049550 0.050000
0 0.283813 0.232331 0.049550 0.050000
0 0.300876 0.214474 0.049550 0.050000
0 0.320376 0.227461 0.049550 0.050000
0 0.352063 0.204734 0.049550 0.050000
0 0.365469 0.175513 0.049550 0.050000
0 0.365469 0.191747 0.049550 0.050000
0 0.365469 0.149539 0.049550 0.050000
0 0.354501 0.134929 0.049550 0.050000
0 0.358157 0.107331 0.049550 0.050000
0 0.349626 0.063500 0.049550 0.050000
0 0.388626 0.044019 0.049550 0.050000
0 0.393501 0.027786 0.049550 0.050000
0 0.364251 0.050513 0.049550 0.050000
0 0.363032 0.029409 0.049550 0.050000
0 0.341094 0.047266 0.049550 0.050000
0 0.328907 0.044019 0.049550 0.050000
0 0.328907 0.074864 0.049550 0.050000
0 0.377657 0.061877 0.049550 0.050000
0 0.389844 0.061877 0.049550 0.050000
0 0.406907 0.055383 0.049550 0.050000
0 0.413001 0.044019 0.049550 0.050000
0 0.427626 0.029409 0.049550 0.050000
0 0.428844 0.039149 0.049550 0.050000
0 0.426407 0.050513 0.049550 0.050000
0 0.415438 0.061877 0.049550 0.050000
0 0.403251 0.089474 0.049550 0.050000
0 0.416657 0.078110 0.049550 0.050000
0 0.386188 0.084604 0.049550 0.050000
0 0.384969 0.100838 0.049550 0.050000
0 0.358157 0.095968 0.049550 0.050000
0 0.364251 0.073240 0.049550 0.050000
0 0.360594 0.089474 0.049550 0.050000
0 0.335001 0.100838 0.049550 0.050000
0 0.324032 0.091097 0.049550 0.050000
0 0.308188 0.086227 0.049550 0.050000
0 0.306969 0.066747 0.049550 0.050000
0 0.305751 0.055383 0.049550 0.050000
0 0.308188 0.045643 0.049550 0.050000
0 0.313063 0.032656 0.049550 0.050000
0 0.296001 0.089474 0.049550 0.050000
0 0.286251 0.050513 0.049550 0.050000
0 0.445907 0.034279 0.049550 0.050000
0 0.456876 0.047266 0.049550 0.050000
0 0.471501 0.044019 0.049550 0.050000
0 0.469063 0.057006 0.049550 0.050000
0 0.508063 0.032656 0.049550 0.050000
0 0.517813 0.061877 0.049550 0.050000
0 0.519032 0.050513 0.049550 0.050000
0 0.527563 0.050513 0.049550 0.050000
0 0.527563 0.066747 0.049550 0.050000
0 0.506845 0.052136 0.049550 0.050000
0 0.525126 0.035903 0.049550 0.050000
0 0.499532 0.057006 0.049550 0.050000
0 0.483688 0.069994 0.049550 0.050000
0 0.443469 0.066747 0.049550 0.050000
0 0.475157 0.100838 0.049550 0.050000
0 0.462969 0.102461 0.049550 0.050000
0 0.462969 0.073240 0.049550 0.050000
0 0.462969 0.084604 0.049550 0.050000
0 0.445907 0.089474 0.049550 0.050000
0 0.431282 0.089474 0.049550 0.050000
0 0.437376 0.100838 0.049550 0.050000
0 0.442251 0.107331 0.049550 0.050000
0 0.433719 0.107331 0.049550 0.050000
0 0.423969 0.100838 0.049550 0.050000
0 0.409344 0.104084 0.049550 0.050000
0 0.398376 0.104084 0.049550 0.050000
0 0.393501 0.123565 0.049550 0.050000
0 0.409344 0.123565 0.049550 0.050000
0 0.384969 0.130058 0.049550 0.050000
0 0.371563 0.120318 0.049550 0.050000
0 0.392282 0.143045 0.049550 0.050000
0 0.371563 0.146292 0.049550 0.050000
0 0.703063 0.518045 0.049550 0.050000
0 0.725001 0.483955 0.049550 0.050000
0 0.739626 0.487201 0.049550 0.050000
0 0.735970 0.464474 0.049550 0.050000
0 0.768876 0.487201 0.049550 0.050000
0 0.751814 0.475838 0.049550 0.050000
0 0.784720 0.483955 0.049550 0.050000
0 0.807876 0.490448 0.049550 0.050000
0 0.821282 0.498565 0.049550 0.050000
0 0.873689 0.457981 0.049550 0.050000
0 0.873689 0.432006 0.049550 0.050000
0 0.896845 0.443370 0.049550 0.050000
0 0.922439 0.453110 0.049550 0.050000
0 0.940720 0.409279 0.049550 0.050000
0 0.988251 0.436877 0.049550 0.050000
0 0.974845 0.409279 0.049550 0.050000
0 0.995564 0.402786 0.049550 0.050000
0 0.996782 0.352461 0.049550 0.050000
0 0.982157 0.334604 0.049550 0.050000
0 0.985814 0.261552 0.049550 0.050000
0 0.966314 0.255058 0.049550 0.050000
0 0.956564 0.256682 0.049550 0.050000
0 0.930970 0.271292 0.049550 0.050000
0 0.917564 0.365448 0.049550 0.050000
0 0.876126 0.391422 0.049550 0.050000
0 0.861501 0.402786 0.049550 0.050000
0 0.844439 0.397916 0.049550 0.050000
0 0.470282 0.375188 0.049550 0.050000
0 0.491001 0.368695 0.049550 0.050000
0 0.510501 0.334604 0.049550 0.050000
0 0.492219 0.329734 0.049550 0.050000
0 0.492219 0.308630 0.049550 0.050000
0 0.473938 0.307006 0.049550 0.050000
0 0.443469 0.358955 0.049550 0.050000
0 0.656751 0.777786 0.049550 0.050000
0 0.395938 0.324864 0.049550 0.050000
0 0.391063 0.305383 0.049550 0.050000
0 0.372782 0.323240 0.049550 0.050000
0 0.394719 0.240448 0.049550 0.050000
0 0.382532 0.258305 0.049550 0.050000
0 0.347188 0.255058 0.049550 0.050000
0 0.324032 0.238825 0.049550 0.050000
0 0.335001 0.263175 0.049550 0.050000
0 0.293563 0.268045 0.049550 0.050000
0 0.292344 0.256682 0.049550 0.050000
0 0.300876 0.243695 0.049550 0.050000
0 0.281376 0.284279 0.049550 0.050000
0 0.337438 0.371942 0.049550 0.050000
0 0.348407 0.393045 0.049550 0.050000
0 0.378876 0.201487 0.049550 0.050000
0 0.403251 0.198240 0.049550 0.050000
0 0.388626 0.198240 0.049550 0.050000
0 0.388626 0.183630 0.049550 0.050000
0 0.404469 0.141422 0.049550 0.050000
0 0.410563 0.146292 0.049550 0.050000
0 0.428844 0.165773 0.049550 0.050000
0 0.420313 0.186877 0.049550 0.050000
0 0.411782 0.183630 0.049550 0.050000
0 0.422751 0.175513 0.049550 0.050000
0 0.431282 0.183630 0.049550 0.050000
0 0.439813 0.170643 0.049550 0.050000
0 0.453219 0.164149 0.049550 0.050000
0 0.434938 0.211227 0.049550 0.050000
0 0.448344 0.198240 0.049550 0.050000
0 0.442251 0.232331 0.049550 0.050000
0 0.422751 0.227461 0.049550 0.050000
0 0.405688 0.225838 0.049550 0.050000
0 0.419094 0.206357 0.049550 0.050000
0 0.392282 0.220968 0.049550 0.050000
0 0.356938 0.233955 0.049550 0.050000
0 0.349626 0.240448 0.049550 0.050000
0 0.399594 0.285903 0.049550 0.050000
0 0.399594 0.266422 0.049550 0.050000
0 0.426407 0.250188 0.049550 0.050000
0 0.465407 0.251812 0.049550 0.050000
0 0.456876 0.233955 0.049550 0.050000
0 0.455657 0.217721 0.049550 0.050000
0 0.472719 0.186877 0.049550 0.050000
0 0.467844 0.172266 0.049550 0.050000
0 0.456876 0.144669 0.049550 0.050000
0 0.450782 0.118695 0.049550 0.050000
0 0.437376 0.126812 0.049550 0.050000
0 0.427626 0.118695 0.049550 0.050000
0 0.462969 0.123565 0.049550 0.050000
0 0.450782 0.141422 0.049550 0.050000
0 0.443469 0.152786 0.049550 0.050000
0 0.471501 0.120318 0.049550 0.050000
0 0.497094 0.079734 0.049550 0.050000
0 0.492219 0.092721 0.049550 0.050000
0 0.480032 0.143045 0.049550 0.050000
0 0.466626 0.136552 0.049550 0.050000
0 0.489782 0.118695 0.049550 0.050000
0 0.482469 0.107331 0.049550 0.050000
0 0.500751 0.147916 0.049550 0.050000
0 0.495876 0.164149 0.049550 0.050000
0 0.480032 0.198240 0.049550 0.050000
0 0.480032 0.217721 0.049550 0.050000
0 0.482469 0.235578 0.049550 0.050000
0 0.469063 0.229084 0.049550 0.050000
0 0.444688 0.285903 0.049550 0.050000
0 0.469063 0.272916 0.049550 0.050000
0 0.480032 0.271292 0.049550 0.050000
0 0.409344 0.315123 0.049550 0.050000
0 0.436157 0.318370 0.049550 0.050000
0 0.442251 0.305383 0.049550 0.050000
0 0.438594 0.334604 0.049550 0.050000
0 0.488563 0.425513 0.049550 0.050000
0 0.470282 0.406032 0.049550 0.050000
0 0.466626 0.438500 0.049550 0.050000
0 0.516595 0.433630 0.049550 0.050000
0 0.500751 0.394669 0.049550 0.050000
0 0.537313 0.370318 0.049550 0.050000
0 0.571438 0.399539 0.049550 0.050000
0 0.572657 0.386552 0.049550 0.050000
0 0.561688 0.381682 0.049550 0.050000
0 0.545845 0.349214 0.049550 0.050000
0 0.564126 0.342721 0.049550 0.050000
0 0.576313 0.339474 0.049550 0.050000
0 0.573876 0.316747 0.049550 0.050000
0 0.559251 0.316747 0.049550 0.050000
0 0.525126 0.274539 0.049550 0.050000
0 0.499532 0.261552 0.049550 0.050000
0 0.512938 0.266422 0.049550 0.050000
0 0.522688 0.245318 0.049550 0.050000
0 0.503188 0.243695 0.049550 0.050000
0 0.495876 0.227461 0.049550 0.050000
0 0.495876 0.217721 0.049550 0.050000
0 0.491001 0.198240 0.049550 0.050000
0 0.505626 0.206357 0.049550 0.050000
0 0.506845 0.175513 0.049550 0.050000
0 0.509282 0.146292 0.049550 0.050000
0 0.511720 0.123565 0.049550 0.050000
0 0.517813 0.107331 0.049550 0.050000
0 0.508063 0.102461 0.049550 0.050000
0 0.519032 0.089474 0.049550 0.050000
0 0.508063 0.079734 0.049550 0.050000
0 0.531220 0.089474 0.049550 0.050000
0 0.548282 0.044019 0.049550 0.050000
0 0.560470 0.044019 0.049550 0.050000
0 0.567782 0.027786 0.049550 0.050000
0 0.586063 0.032656 0.049550 0.050000
0 0.572657 0.044019 0.049550 0.050000
0 0.571438 0.050513 0.049550 0.050000
0 0.561688 0.055383 0.049550 0.050000
0 0.549501 0.066747 0.049550 0.050000
0 0.544626 0.055383 0.049550 0.050000
0 0.579970 0.066747 0.049550 0.050000
0 0.579970 0.078110 0.049550 0.050000
0 0.604345 0.061877 0.049550 0.050000
0 0.608001 0.035903 0.049550 0.050000
0 0.614095 0.050513 0.049550 0.050000
0 0.638470 0.039149 0.049550 0.050000
0 0.671376 0.032656 0.049550 0.050000
0 0.696970 0.032656 0.049550 0.050000
0 0.687220 0.044019 0.049550 0.050000
0 0.687220 0.055383 0.049550 0.050000
0 0.701845 0.045643 0.049550 0.050000
0 0.700626 0.055383 0.049550 0.050000
0 0.666501 0.044019 0.049550 0.050000
0 0.666501 0.055383 0.049550 0.050000
0 0.642126 0.050513 0.049550 0.050000
0 0.653095 0.055383 0.049550 0.050000
0 0.628720 0.066747 0.049550 0.050000
0 0.638470 0.078110 0.049550 0.050000
0 0.649438 0.091097 0.049550 0.050000
0 0.653095 0.078110 0.049550 0.050000
0 0.665282 0.084604 0.049550 0.050000
0 0.666501 0.063500 0.049550 0.050000
0 0.677470 0.078110 0.049550 0.050000
0 0.686001 0.084604 0.049550 0.050000
0 0.707938 0.089474 0.049550 0.050000
0 0.721345 0.091097 0.049550 0.050000
0 0.715251 0.066747 0.049550 0.050000
0 0.720126 0.040773 0.049550 0.050000
0 0.759126 0.032656 0.049550 0.050000
0 0.776189 0.039149 0.049550 0.050000
0 0.762782 0.066747 0.049550 0.050000
0 0.776189 0.073240 0.049550 0.050000
0 0.770095 0.058630 0.049550 0.050000
0 0.787157 0.044019 0.049550 0.050000
0 0.545845 0.245318 0.049550 0.050000
0 0.534876 0.266422 0.049550 0.050000
0 0.550720 0.259929 0.049550 0.050000
0 0.560470 0.266422 0.049550 0.050000
0 0.567782 0.246942 0.049550 0.050000
0 0.566563 0.206357 0.049550 0.050000
0 0.566563 0.186877 0.049550 0.050000
0 0.577532 0.180383 0.049550 0.050000
0 0.554376 0.170643 0.049550 0.050000
0 0.547063 0.164149 0.049550 0.050000
0 0.561688 0.149539 0.049550 0.050000
0 0.548282 0.141422 0.049550 0.050000
0 0.539751 0.118695 0.049550 0.050000
0 0.542188 0.100838 0.049550 0.050000
0 0.550720 0.089474 0.049550 0.050000
0 0.555595 0.118695 0.049550 0.050000
0 0.582407 0.107331 0.049550 0.050000
0 0.570220 0.089474 0.049550 0.050000
0 0.587282 0.084604 0.049550 0.050000
0 0.555595 0.078110 0.049550 0.050000
0 0.618970 0.081357 0.049550 0.050000
0 0.614095 0.061877 0.049550 0.050000
0 0.606782 0.089474 0.049550 0.050000
0 0.623845 0.100838 0.049550 0.050000
0 0.628720 0.089474 0.049550 0.050000
0 0.612876 0.107331 0.049550 0.050000
0 0.600688 0.107331 0.049550 0.050000
0 0.589720 0.123565 0.049550 0.050000
0 0.583626 0.131682 0.049550 0.050000
0 0.614095 0.118695 0.049550 0.050000
0 0.603126 0.130058 0.049550 0.050000
0 0.593376 0.143045 0.049550 0.050000
0 0.597032 0.160903 0.049550 0.050000
0 0.584845 0.167396 0.049550 0.050000
0 0.589720 0.182006 0.049550 0.050000
0 0.604345 0.186877 0.049550 0.050000
0 0.606782 0.198240 0.049550 0.050000
0 0.594595 0.191747 0.049550 0.050000
0 0.588501 0.203110 0.049550 0.050000
0 0.570220 0.232331 0.049550 0.050000
0 0.519032 0.147916 0.049550 0.050000
0 0.525126 0.220968 0.049550 0.050000
0 0.536095 0.211227 0.049550 0.050000
0 0.547063 0.217721 0.049550 0.050000
0 0.542188 0.227461 0.049550 0.050000
0 0.623845 0.475838 0.049550 0.050000
0 0.657970 0.477461 0.049550 0.050000
0 0.587282 0.477461 0.049550 0.050000
0 0.603126 0.432006 0.049550 0.050000
0 0.618970 0.446617 0.049550 0.050000
0 0.629938 0.427136 0.049550 0.050000
0 0.601907 0.391422 0.049550 0.050000
0 0.603126 0.331357 0.049550 0.050000
0 0.593376 0.300513 0.049550 0.050000
0 0.587282 0.266422 0.049550 0.050000
0 0.579970 0.245318 0.049550 0.050000
0 0.595813 0.235578 0.049550 0.050000
0 0.606782 0.211227 0.049550 0.050000
0 0.616532 0.256682 0.049550 0.050000
0 0.604345 0.248565 0.049550 0.050000
0 0.611657 0.274539 0.049550 0.050000
0 0.617751 0.289149 0.049550 0.050000
0 0.634813 0.274539 0.049550 0.050000
0 0.634813 0.255058 0.049550 0.050000
0 0.637251 0.243695 0.049550 0.050000
0 0.647001 0.232331 0.049550 0.050000
0 0.637251 0.232331 0.049550 0.050000
0 0.649438 0.209604 0.049550 0.050000
0 0.642126 0.188500 0.049550 0.050000
0 0.629938 0.146292 0.049550 0.050000
0 0.615313 0.149539 0.049550 0.050000
0 0.636032 0.131682 0.049550 0.050000
0 0.656751 0.112201 0.049550 0.050000
0 0.664063 0.118695 0.049550 0.050000
0 0.668938 0.108955 0.049550 0.050000
0 0.656751 0.143045 0.049550 0.050000
0 0.640907 0.123565 0.049550 0.050000
0 0.755470 0.073240 0.049550 0.050000
0 0.754251 0.092721 0.049550 0.050000
0 0.784720 0.112201 0.049550 0.050000
0 0.773751 0.118695 0.049550 0.050000
0 0.767657 0.141422 0.049550 0.050000
0 0.764001 0.112201 0.049550 0.050000
0 0.772532 0.095968 0.049550 0.050000
0 0.767657 0.079734 0.049550 0.050000
0 0.805439 0.084604 0.049550 0.050000
0 0.799345 0.069994 0.049550 0.050000
0 0.787157 0.073240 0.049550 0.050000
0 0.801782 0.113825 0.049550 0.050000
0 0.828595 0.118695 0.049550 0.050000
0 0.822501 0.068370 0.049550 0.050000
0 0.845657 0.092721 0.049550 0.050000
0 0.874907 0.157656 0.049550 0.050000
0 0.868814 0.102461 0.049550 0.050000
0 0.793251 0.089474 0.049550 0.050000
0 0.782282 0.147916 0.049550 0.050000
0 0.787157 0.167396 0.049550 0.050000
0 0.811532 0.186877 0.049550 0.050000
0 0.828595 0.172266 0.049550 0.050000
0 0.834689 0.194994 0.049550 0.050000
0 0.871251 0.180383 0.049550 0.050000
0 0.884657 0.164149 0.049550 0.050000
0 0.894407 0.186877 0.049550 0.050000
0 0.905376 0.224214 0.049550 0.050000
0 0.909032 0.182006 0.049550 0.050000
0 0.918782 0.227461 0.049550 0.050000
0 0.891970 0.261552 0.049550 0.050000
0 0.831032 0.229084 0.049550 0.050000
0 0.849314 0.204734 0.049550 0.050000
0 0.855407 0.238825 0.049550 0.050000
0 0.823720 0.217721 0.049550 0.050000
0 0.647080 0.456287 0.049550 0.050000
0 0.649923 0.424730 0.049550 0.050000
0 0.647080 0.403902 0.049550 0.050000
0 0.639499 0.391279 0.049550 0.050000
0 0.621493 0.340157 0.049550 0.050000
0 0.639972 0.342050 0.049550 0.050000
0 0.623862 0.309231 0.049550 0.050000
0 0.606804 0.297240 0.049550 0.050000
0 0.637603 0.308600 0.049550 0.050000
0 0.654187 0.275781 0.049550 0.050000
0 0.660347 0.213298 0.049550 0.050000
0 0.664138 0.193733 0.049550 0.050000
0 0.677405 0.186159 0.049550 0.050000
0 0.675983 0.204462 0.049550 0.050000
0 0.672193 0.226552 0.049550 0.050000
0 0.663664 0.255584 0.049550 0.050000
0 0.664611 0.285879 0.049550 0.050000
0 0.667454 0.315543 0.049550 0.050000
0 0.666981 0.330690 0.049550 0.050000
0 0.683091 0.341419 0.049550 0.050000
0 0.685934 0.324378 0.049550 0.050000
0 0.705361 0.254953 0.049550 0.050000
0 0.707730 0.234757 0.049550 0.050000
0 0.690672 0.175430 0.049550 0.050000
0 0.731421 0.190577 0.049550 0.050000
0 0.740424 0.184266 0.049550 0.050000
0 0.760325 0.229076 0.049550 0.050000
0 0.727157 0.244855 0.049550 0.050000
0 0.739476 0.265051 0.049550 0.050000
0 0.752744 0.259371 0.049550 0.050000
0 0.751322 0.301657 0.049550 0.050000
0 0.725261 0.310493 0.049550 0.050000
0 0.717206 0.330690 0.049550 0.050000
0 0.700149 0.328796 0.049550 0.050000
0 0.739002 0.328165 0.049550 0.050000
0 0.721945 0.342050 0.049550 0.050000
0 0.753691 0.349624 0.049550 0.050000
0 0.774540 0.318067 0.049550 0.050000
0 0.785911 0.302289 0.049550 0.050000
0 0.803917 0.312387 0.049550 0.050000
0 0.820975 0.278305 0.049550 0.050000
0 0.835663 0.319329 0.049550 0.050000
0 0.848931 0.349624 0.049550 0.050000
0 0.873570 0.325641 0.049550 0.050000
0 0.793967 0.354042 0.049550 0.050000
0 0.682617 0.412107 0.049550 0.050000
0 0.704887 0.395066 0.049550 0.050000
0 0.713416 0.422205 0.049550 0.050000
0 0.752270 0.411476 0.049550 0.050000
0 0.752270 0.393804 0.049550 0.050000
0 0.766011 0.443033 0.049550 0.050000
0 0.796336 0.420312 0.049550 0.050000
0 0.821922 0.388124 0.049550 0.050000
0 0.814815 0.359722 0.049550 0.050000
0 0.828082 0.363509 0.049550 0.050000
0 0.693041 0.468909 0.049550 0.050000
0 0.694463 0.444926 0.049550 0.050000
0 0.567003 0.534548 0.049550 0.050000
0 0.721945 0.225921 0.049550 0.050000
0 0.717680 0.215823 0.049550 0.050000
0 0.793019 0.200044 0.049550 0.050000
0 0.787333 0.277043 0.049550 0.050000
0 0.778330 0.266314 0.049550 0.050000
0 0.837085 0.388124 0.049550 0.050000
0 0.670157 0.159279 0.049550 0.050000
0 0.677470 0.131682 0.049550 0.050000
0 0.687220 0.107331 0.049550 0.050000
0 0.681126 0.100838 0.049550 0.050000
0 0.699407 0.123565 0.049550 0.050000
0 0.709157 0.138175 0.049550 0.050000
0 0.701845 0.147916 0.049550 0.050000
0 0.705501 0.156032 0.049550 0.050000
0 0.696970 0.160903 0.049550 0.050000
0 0.728657 0.147916 0.049550 0.050000
0 0.734751 0.149539 0.049550 0.050000
0 0.727438 0.165773 0.049550 0.050000
0 0.739626 0.165773 0.049550 0.050000
0 0.647001 0.131682 0.049550 0.050000
0 0.743282 0.104084 0.049550 0.050000
0 0.890751 0.313500 0.049550 0.050000
0 0.940720 0.386552 0.049550 0.050000
0 0.937064 0.363825 0.049550 0.050000
0 0.821282 0.417396 0.049550 0.050000
0 0.807876 0.393045 0.049550 0.050000
0 0.526345 0.112201 0.049550 0.050000
0 0.661626 0.126812 0.049550 0.050000
0 0.668938 0.130058 0.049550 0.050000
0 0.909032 0.404409 0.049550 0.050000
0 0.891970 0.414149 0.049550 0.050000
0 0.887095 0.349214 0.049550 0.050000
0 0.208250 0.393045 0.049550 0.050000
0 0.704282 0.352461 0.049550 0.050000