0 0.278250 0.917062 0.049805 0.049479
0 0.529396 0.687704 0.049805 0.049479
0 0.673032 0.464080 0.049805 0.049479
0 0.716036 0.381512 0.049805 0.049479
0 0.825268 0.415915 0.049805 0.049479
0 0.874293 0.328759 0.049805 0.049479
0 0.768502 0.186557 0.049805 0.049479
0 0.566380 0.172796 0.049805 0.049479
0 0.501873 0.136099 0.049805 0.049479
0 0.464029 0.128071 0.049805 0.049479
0 0.443387 0.092521 0.049805 0.049479
0 0.293731 0.103989 0.049805 0.049479
0 0.267928 0.117750 0.049805 0.049479
0 0.230084 0.200319 0.049805 0.049479
0 0.169878 0.170502 0.049805 0.049479
0 0.179339 0.222108 0.049805 0.049479
0 0.061506 0.294356 0.049805 0.049479
0 0.013341 0.296649 0.049805 0.049479
0 0.009901 0.116603 0.049805 0.049479
0 0.765922 0.103989 0.049805 0.049479
0 0.810646 0.112016 0.049805 0.049479
0 0.876873 0.172796 0.049805 0.049479
0 0.895795 0.186557 0.049805 0.049479
0 0.941380 0.168209 0.049805 0.049479
0 0.956002 0.106282 0.049805 0.049479
0 0.973204 0.106282 0.049805 0.049479
0 0.982665 0.113163 0.049805 0.049479
0 0.971483 0.194585 0.049805 0.049479
0 0.807636 0.080623 0.049805 0.049479
0 0.815162 0.092377 0.049805 0.049479
0 0.780543 0.072309 0.049805 0.049479
0 0.758611 0.085783 0.049805 0.049479
0 0.821827 0.063421 0.049805 0.049479
0 0.816237 0.073455 0.049805 0.049479
0 0.834514 0.095818 0.049805 0.049479
0 0.876228 0.084637 0.049805 0.049479
0 0.996856 0.033318 0.049805 0.049479
0 0.964424 0.017764 0.049805 0.049479
0 0.976787 0.020918 0.049805 0.049479
0 0.940556 0.025792 0.049805 0.049479
0 0.910990 0.022925 0.049805 0.049479
0 0.888305 0.020775 0.049805 0.049479
0 0.961445 0.002399 0.049805 0.049479
0 0.887660 0.003878 0.049805 0.049479
0 0.913194 0.004021 0.049805 0.049479
0 0.884489 0.091876 0.049805 0.049479
0 0.825429 0.014288 0.049805 0.049479
0 0.837578 0.012281 0.049805 0.049479
0 0.724180 0.009844 0.049805 0.049479
0 0.742672 0.008268 0.049805 0.049479
0 0.758638 0.009988 0.049805 0.049479
0 0.690314 0.030917 0.049805 0.049479
0 0.703699 0.025756 0.049805 0.049479
0 0.628871 0.016510 0.049805 0.049479
0 0.644245 0.011995 0.049805 0.049479
0 0.609627 0.020524 0.049805 0.049479
0 0.602329 0.002148 0.049805 0.049479
0 0.530418 0.023821 0.049805 0.049479
0 0.544663 0.036292 0.049805 0.049479
0 0.541706 0.007479 0.049805 0.049479
0 0.561381 0.018374 0.049805 0.049479
0 0.534664 0.062633 0.049805 0.049479
0 0.034414 0.029591 0.049805 0.049479
0 0.052045 0.040485 0.049805 0.049479
0 0.064947 0.042205 0.049805 0.049479
0 0.090965 0.030451 0.049805 0.049479
0 0.110747 0.031311 0.049805 0.049479
0 0.361535 0.075032 0.049805 0.049479
0 0.404110 0.057257 0.049805 0.049479
0 0.323261 0.076752 0.049805 0.049479
0 0.297028 0.078473 0.049805 0.049479
0 0.051347 0.018302 0.049805 0.049479
0 0.080446 0.007551 0.049805 0.049479
0 0.148662 0.020524 0.049805 0.049479
0 0.134740 0.006332 0.049805 0.049479
0 0.121677 0.009558 0.049805 0.049479
0 0.203923 0.016582 0.049805 0.049479
0 0.252814 0.011439 0.049805 0.049479
0 0.239966 0.004773 0.049805 0.049479
0 0.283052 0.009199 0.049805 0.049479
0 0.281439 0.019019 0.049805 0.049479
0 0.301651 0.008769 0.049805 0.049479
0 0.340409 0.025219 0.049805 0.049479
0 0.423193 0.012783 0.049805 0.049479
0 0.438244 0.023534 0.049805 0.049479
0 0.960952 0.003698 0.049805 0.049479