0 0.055734 0.607282 0.049805 0.049479
0 0.108819 0.743398 0.049805 0.049479
0 0.283048 0.850476 0.049805 0.049479
0 0.725425 0.766992 0.049805 0.049479
0 0.800289 0.785141 0.049805 0.049479
0 0.739037 0.667173 0.049805 0.049479
0 0.988130 0.895849 0.049805 0.049479
0 0.751287 0.356829 0.049805 0.049479
0 0.639672 0.433054 0.049805 0.049479
0 0.507640 0.342310 0.049805 0.049479
0 0.536224 0.258825 0.049805 0.049479
0 0.597476 0.208008 0.049805 0.049479
0 0.797567 0.218898 0.049805 0.049479
0 0.729509 0.171711 0.049805 0.049479
0 0.337494 0.246121 0.049805 0.049479
0 0.155099 0.064633 0.049805 0.049479
0 0.099291 0.050114 0.049805 0.049479
0 0.016260 0.075522 0.049805 0.049479
0 0.242213 0.068262 0.049805 0.049479
0 0.280326 0.122709 0.049805 0.049479
0 0.325244 0.031965 0.049805 0.049479
0 0.477694 0.044669 0.049805 0.049479
0 0.615171 0.008371 0.049805 0.049479
0 0.751287 0.037409 0.049805 0.049479
0 0.892848 0.012001 0.049805 0.049479
0 0.679146 0.044669 0.049805 0.049479
0 0.943211 0.080966 0.049805 0.049479
0 0.826151 0.037409 0.049805 0.049479
0 0.970053 0.502434 0.049805 0.049479
0 0.794468 0.797863 0.049805 0.049479
0 0.133096 0.569324 0.049805 0.049479
0 0.967126 0.052880 0.049805 0.049479
0 0.919050 0.021665 0.049805 0.049479