0 0.432257 0.729393 0.049805 0.048601
0 0.317949 0.848739 0.049805 0.048601
0 0.222825 0.763147 0.049805 0.048601
0 0.149284 0.733009 0.049805 0.048601
0 0.165271 0.640184 0.049805 0.048601
0 0.141290 0.665500 0.049805 0.048601
0 0.285974 0.640184 0.049805 0.048601
0 0.256398 0.593169 0.049805 0.048601
0 0.269987 0.548565 0.049805 0.048601
0 0.198844 0.548565 0.049805 0.048601
0 0.135695 0.578703 0.049805 0.048601
0 0.018988 0.506372 0.049805 0.048601
0 0.062953 0.490700 0.049805 0.048601
0 0.094927 0.529277 0.049805 0.048601
0 0.005399 0.479851 0.049805 0.048601
0 0.006997 0.459357 0.049805 0.048601
0 0.029380 0.418369 0.049805 0.048601
0 0.929460 0.713721 0.049805 0.048601
0 0.943049 0.606430 0.049805 0.048601
0 0.969428 0.506372 0.049805 0.048601
0 0.938252 0.511194 0.049805 0.048601
0 0.915870 0.567853 0.049805 0.048601
0 0.897485 0.612458 0.049805 0.048601
0 0.811154 0.641390 0.049805 0.048601
0 0.732017 0.659473 0.049805 0.048601
0 0.609715 0.805340 0.049805 0.048601
0 0.686454 0.751092 0.049805 0.048601
0 0.482617 0.578703 0.049805 0.048601
0 0.359515 0.606430 0.049805 0.048601
0 0.394687 0.606430 0.049805 0.048601
0 0.404280 0.479851 0.049805 0.048601
0 0.376302 0.544949 0.049805 0.048601
0 0.333936 0.552182 0.049805 0.048601
0 0.323544 0.506372 0.049805 0.048601
0 0.334735 0.478645 0.049805 0.048601
0 0.286774 0.455740 0.049805 0.048601
0 0.308356 0.464179 0.049805 0.048601
0 0.265990 0.460563 0.049805 0.048601
0 0.245207 0.489495 0.049805 0.048601
0 0.234016 0.456946 0.049805 0.048601
0 0.222825 0.494317 0.049805 0.048601
0 0.181258 0.476234 0.049805 0.048601
0 0.170067 0.507578 0.049805 0.048601
0 0.162073 0.456946 0.049805 0.048601
0 0.148484 0.459357 0.049805 0.048601
0 0.134096 0.476234 0.049805 0.048601
0 0.099723 0.437658 0.049805 0.048601
0 0.075742 0.425603 0.049805 0.048601
0 0.059755 0.446096 0.049805 0.048601
0 0.043768 0.447302 0.049805 0.048601
0 0.087733 0.426808 0.049805 0.048601
0 0.123704 0.428014 0.049805 0.048601
0 0.145287 0.421986 0.049805 0.048601
0 0.754400 0.563031 0.049805 0.048601
0 0.782377 0.541332 0.049805 0.048601
0 0.799164 0.548565 0.049805 0.048601
0 0.808756 0.514811 0.049805 0.048601
0 0.878300 0.511194 0.049805 0.048601
0 0.843928 0.557004 0.049805 0.048601
0 0.911074 0.465385 0.049805 0.048601
0 0.947845 0.473823 0.049805 0.048601
0 0.955838 0.469001 0.049805 0.048601
0 0.964631 0.450918 0.049805 0.048601
0 0.989412 0.476234 0.049805 0.048601
0 0.978221 0.421986 0.049805 0.048601
0 0.989412 0.418369 0.049805 0.048601
0 0.991810 0.413547 0.049805 0.048601
0 0.983017 0.400287 0.049805 0.048601
0 0.984615 0.355683 0.049805 0.048601
0 0.975822 0.362916 0.049805 0.048601
0 0.963033 0.360505 0.049805 0.048601
0 0.949444 0.355683 0.049805 0.048601
0 0.955838 0.355683 0.049805 0.048601
0 0.933456 0.354477 0.049805 0.048601
0 0.913472 0.359299 0.049805 0.048601
0 0.919867 0.379793 0.049805 0.048601
0 0.913472 0.374971 0.049805 0.048601
0 0.924663 0.394259 0.049805 0.048601
0 0.945447 0.385821 0.049805 0.048601
0 0.956638 0.374971 0.049805 0.048601
0 0.974224 0.389437 0.049805 0.048601
0 0.963832 0.387026 0.049805 0.048601
0 0.967829 0.387026 0.049805 0.048601
0 0.955838 0.409931 0.049805 0.048601
0 0.935854 0.425603 0.049805 0.048601
0 0.926262 0.442480 0.049805 0.048601
0 0.888692 0.425603 0.049805 0.048601
0 0.865511 0.442480 0.049805 0.048601
0 0.848724 0.454535 0.049805 0.048601
0 0.806358 0.473823 0.049805 0.048601
0 0.819148 0.473823 0.049805 0.048601
0 0.783976 0.472618 0.049805 0.048601
0 0.775982 0.494317 0.049805 0.048601
0 0.740011 0.459357 0.049805 0.048601
0 0.728820 0.442480 0.049805 0.048601
0 0.729619 0.476234 0.049805 0.048601
0 0.712033 0.495522 0.049805 0.048601
0 0.688053 0.591964 0.049805 0.048601
0 0.619308 0.597991 0.049805 0.048601
0 0.577741 0.623307 0.049805 0.048601
0 0.577741 0.553387 0.049805 0.048601
0 0.596126 0.546154 0.049805 0.048601
0 0.625703 0.518427 0.049805 0.048601
0 0.651282 0.558209 0.049805 0.048601
0 0.827141 0.450918 0.049805 0.048601
0 0.815151 0.438863 0.049805 0.048601
0 0.803960 0.442480 0.049805 0.048601
0 0.775183 0.438863 0.049805 0.048601
0 0.765591 0.443685 0.049805 0.048601
0 0.740810 0.426808 0.049805 0.048601
0 0.745607 0.450918 0.049805 0.048601
0 0.725623 0.408725 0.049805 0.048601
0 0.763992 0.397876 0.049805 0.048601
0 0.795966 0.389437 0.049805 0.048601
0 0.780778 0.391848 0.049805 0.048601
0 0.808756 0.414753 0.049805 0.048601
0 0.785575 0.414753 0.049805 0.048601
0 0.839931 0.420781 0.049805 0.048601
0 0.853520 0.418369 0.049805 0.048601
0 0.830339 0.417164 0.049805 0.048601
0 0.842329 0.394259 0.049805 0.048601
0 0.862313 0.396670 0.049805 0.048601
0 0.874304 0.396670 0.049805 0.048601
0 0.898284 0.396670 0.049805 0.048601
0 0.912673 0.393054 0.049805 0.048601
0 0.890291 0.395465 0.049805 0.048601
0 0.875103 0.384615 0.049805 0.048601
0 0.869507 0.389437 0.049805 0.048601
0 0.876702 0.344833 0.049805 0.048601
0 0.859116 0.344833 0.049805 0.048601
0 0.849523 0.360505 0.049805 0.048601
0 0.847125 0.370149 0.049805 0.048601
0 0.852721 0.372560 0.049805 0.048601
0 0.859915 0.367738 0.049805 0.048601
0 0.850323 0.383410 0.049805 0.048601
0 0.850323 0.391848 0.049805 0.048601
0 0.836734 0.384615 0.049805 0.048601
0 0.820746 0.383410 0.049805 0.048601
0 0.807957 0.400287 0.049805 0.048601
0 0.065351 0.397876 0.049805 0.048601
0 0.052561 0.394259 0.049805 0.048601
0 0.030179 0.400287 0.049805 0.048601
0 0.011794 0.409931 0.049805 0.048601
0 0.012593 0.376176 0.049805 0.048601
0 0.005399 0.385821 0.049805 0.048601
0 0.006198 0.332778 0.049805 0.048601
0 0.048564 0.327956 0.049805 0.048601
0 0.042169 0.330367 0.049805 0.048601
0 0.037373 0.332778 0.049805 0.048601
0 0.032577 0.327956 0.049805 0.048601
0 0.053360 0.346039 0.049805 0.048601
0 0.056558 0.374971 0.049805 0.048601
0 0.044567 0.366532 0.049805 0.048601
0 0.053360 0.364121 0.049805 0.048601
0 0.054959 0.359299 0.049805 0.048601
0 0.061354 0.360505 0.049805 0.048601
0 0.038972 0.360505 0.049805 0.048601
0 0.043768 0.359299 0.049805 0.048601
0 0.084535 0.402698 0.049805 0.048601
0 0.103720 0.384615 0.049805 0.048601
0 0.090131 0.380998 0.049805 0.048601
0 0.101322 0.360505 0.049805 0.048601
0 0.115711 0.372560 0.049805 0.048601
0 0.120507 0.385821 0.049805 0.048601
0 0.133296 0.393054 0.049805 0.048601
0 0.147685 0.393054 0.049805 0.048601
0 0.163672 0.413547 0.049805 0.048601
0 0.139691 0.400287 0.049805 0.048601
0 0.177261 0.423192 0.049805 0.048601
0 0.190051 0.413547 0.049805 0.048601
0 0.178061 0.393054 0.049805 0.048601
0 0.164472 0.388232 0.049805 0.048601
0 0.162873 0.376176 0.049805 0.048601
0 0.150882 0.377382 0.049805 0.048601
0 0.133296 0.372560 0.049805 0.048601
0 0.148484 0.361710 0.049805 0.048601
0 0.139691 0.366532 0.049805 0.048601
0 0.109316 0.344833 0.049805 0.048601
0 0.274783 0.418369 0.049805 0.048601
0 0.253201 0.418369 0.049805 0.048601
0 0.238013 0.425603 0.049805 0.048601
0 0.215631 0.434041 0.049805 0.048601
0 0.210035 0.417164 0.049805 0.048601
0 0.201242 0.413547 0.049805 0.048601
0 0.193248 0.403903 0.049805 0.048601
0 0.201242 0.395465 0.049805 0.048601
0 0.186854 0.379793 0.049805 0.048601
0 0.193248 0.387026 0.049805 0.048601
0 0.193248 0.374971 0.049805 0.048601
0 0.170067 0.371354 0.049805 0.048601
0 0.155679 0.366532 0.049805 0.048601
0 0.158876 0.360505 0.049805 0.048601
0 0.152481 0.359299 0.049805 0.048601
0 0.198045 0.346039 0.049805 0.048601
0 0.037573 0.384808 0.049805 0.048601
0 0.083137 0.373356 0.049805 0.048601
0 0.073544 0.379383 0.049805 0.048601
0 0.065551 0.384206 0.049805 0.048601
0 0.156678 0.394452 0.049805 0.048601
0 0.194248 0.365520 0.049805 0.048601
0 0.187453 0.363109 0.049805 0.048601
0 0.177061 0.363109 0.049805 0.048601
0 0.172665 0.358287 0.049805 0.048601
0 0.165870 0.361301 0.049805 0.048601
0 0.233017 0.402891 0.049805 0.048601
0 0.260195 0.408919 0.049805 0.048601
0 0.265790 0.394452 0.049805 0.048601
0 0.224623 0.394452 0.049805 0.048601
0 0.215431 0.394452 0.049805 0.048601
0 0.219428 0.383000 0.049805 0.048601
0 0.199444 0.354068 0.049805 0.048601
0 0.206238 0.358890 0.049805 0.048601
0 0.193049 0.356479 0.049805 0.048601
0 0.223025 0.374561 0.049805 0.048601
0 0.212233 0.370342 0.049805 0.048601
0 0.211434 0.360698 0.049805 0.048601
0 0.208236 0.381795 0.049805 0.048601
0 0.201842 0.379383 0.049805 0.048601
0 0.201042 0.373356 0.049805 0.048601
0 0.202241 0.364917 0.049805 0.048601
0 0.245806 0.370342 0.049805 0.048601
0 0.236214 0.375164 0.049805 0.048601
0 0.227821 0.383000 0.049805 0.048601
0 0.225023 0.364917 0.049805 0.048601
0 0.232617 0.365520 0.049805 0.048601
0 0.233017 0.360698 0.049805 0.048601
0 0.227421 0.358287 0.049805 0.048601
0 0.216230 0.363109 0.049805 0.048601
0 0.217829 0.355876 0.049805 0.048601
0 0.341330 0.263051 0.049805 0.048601
0 0.361714 0.478839 0.049805 0.048601
0 0.377701 0.499332 0.049805 0.048601
0 0.297765 0.433632 0.049805 0.048601
0 0.312953 0.423988 0.049805 0.048601
0 0.289771 0.412535 0.049805 0.048601
0 0.304559 0.404097 0.049805 0.048601
0 0.313352 0.396863 0.049805 0.048601
0 0.296966 0.386014 0.049805 0.048601
0 0.288972 0.370342 0.049805 0.048601
0 0.294168 0.360698 0.049805 0.048601
0 0.283376 0.358287 0.049805 0.048601
0 0.263792 0.375164 0.049805 0.048601
0 0.273784 0.370342 0.049805 0.048601
0 0.209436 0.348040 0.049805 0.048601
0 0.214232 0.345629 0.049805 0.048601
0 0.247805 0.356479 0.049805 0.048601
0 0.256198 0.360698 0.049805 0.048601
0 0.252201 0.387219 0.049805 0.048601
0 0.243808 0.390233 0.049805 0.048601
0 0.267389 0.363109 0.049805 0.048601
0 0.274583 0.358287 0.049805 0.048601
0 0.313352 0.373356 0.049805 0.048601
0 0.322945 0.376370 0.049805 0.048601
0 0.300563 0.364917 0.049805 0.048601
0 0.309755 0.370342 0.049805 0.048601
0 0.304959 0.371548 0.049805 0.048601
0 0.242209 0.348040 0.049805 0.048601
0 0.388093 0.401083 0.049805 0.048601
0 0.373704 0.417357 0.049805 0.048601
0 0.356518 0.440865 0.049805 0.048601
0 0.332537 0.436645 0.049805 0.048601
0 0.344128 0.418563 0.049805 0.048601
0 0.359316 0.420974 0.049805 0.048601
0 0.344527 0.404097 0.049805 0.048601
0 0.375303 0.389028 0.049805 0.048601
0 0.366110 0.375767 0.049805 0.048601
0 0.367309 0.365520 0.049805 0.048601
0 0.376902 0.360698 0.049805 0.048601
0 0.375303 0.345629 0.049805 0.048601
0 0.372905 0.334779 0.049805 0.048601
0 0.356918 0.360698 0.049805 0.048601
0 0.360914 0.361301 0.049805 0.048601
0 0.311354 0.360698 0.049805 0.048601
0 0.426862 0.448701 0.049805 0.048601
0 0.392889 0.445084 0.049805 0.048601
0 0.380499 0.463167 0.049805 0.048601
0 0.387293 0.422782 0.049805 0.048601
0 0.408476 0.356479 0.049805 0.048601
0 0.452041 0.448098 0.049805 0.048601
0 0.466830 0.450509 0.049805 0.048601
0 0.481618 0.467386 0.049805 0.048601
0 0.491210 0.505963 0.049805 0.048601
0 0.459236 0.531881 0.049805 0.048601
0 0.469627 0.488483 0.049805 0.048601
0 0.452041 0.484263 0.049805 0.048601
0 0.496006 0.422179 0.049805 0.048601
0 0.485215 0.420974 0.049805 0.048601
0 0.475223 0.401686 0.049805 0.048601
0 0.442849 0.418563 0.049805 0.048601
0 0.450842 0.410124 0.049805 0.048601
0 0.434456 0.415549 0.049805 0.048601
0 0.421266 0.407110 0.049805 0.048601
0 0.406878 0.422782 0.049805 0.048601
0 0.418868 0.395658 0.049805 0.048601
0 0.418868 0.390233 0.049805 0.048601
0 0.411674 0.375164 0.049805 0.048601
0 0.428061 0.367931 0.049805 0.048601
0 0.454040 0.383603 0.049805 0.048601
0 0.486814 0.396261 0.049805 0.048601
0 0.486014 0.379383 0.049805 0.048601
0 0.470826 0.375767 0.049805 0.048601
0 0.464831 0.378781 0.049805 0.048601
0 0.485615 0.363109 0.049805 0.048601
0 0.494008 0.367931 0.049805 0.048601
0 0.253400 0.373356 0.049805 0.048601
0 0.263392 0.355876 0.049805 0.048601
0 0.227421 0.350451 0.049805 0.048601
0 0.169068 0.352259 0.049805 0.048601
0 0.058756 0.343821 0.049805 0.048601
0 0.260195 0.328149 0.049805 0.048601
0 0.264991 0.411330 0.049805 0.048601
0 0.273784 0.401686 0.049805 0.048601
0 0.279380 0.404097 0.049805 0.048601
0 0.292569 0.396863 0.049805 0.048601
0 0.487613 0.354068 0.049805 0.048601
0 0.470826 0.356479 0.049805 0.048601
0 0.464831 0.354068 0.049805 0.048601
0 0.453640 0.356479 0.049805 0.048601
0 0.444448 0.358890 0.049805 0.048601
0 0.441250 0.364917 0.049805 0.048601
0 0.438452 0.355876 0.049805 0.048601
0 0.427661 0.354068 0.049805 0.048601
0 0.431258 0.345629 0.049805 0.048601
0 0.424464 0.348040 0.049805 0.048601
0 0.420866 0.341410 0.049805 0.048601
0 0.287373 0.348643 0.049805 0.048601
0 0.255998 0.357232 0.049805 0.048601
0 0.239012 0.357835 0.049805 0.048601
0 0.323544 0.362958 0.049805 0.048601
0 0.321146 0.409672 0.049805 0.048601
0 0.357517 0.375918 0.049805 0.048601
0 0.338732 0.457893 0.049805 0.048601
0 0.404080 0.434988 0.049805 0.048601
0 0.475423 0.360246 0.049805 0.048601
0 0.495207 0.352410 0.049805 0.048601
0 0.476222 0.354218 0.049805 0.048601
0 0.376502 0.373808 0.049805 0.048601
0 0.359915 0.346081 0.049805 0.048601
0 0.282377 0.375616 0.049805 0.048601
0 0.538472 0.361828 0.049805 0.048601
0 0.547965 0.366047 0.049805 0.048601
0 0.544468 0.389254 0.049805 0.048601
0 0.548165 0.407939 0.049805 0.048601
0 0.504100 0.383829 0.049805 0.048601
0 0.478820 0.385637 0.049805 0.048601
0 0.494907 0.388651 0.049805 0.048601
0 0.500303 0.364088 0.049805 0.048601
0 0.502701 0.357307 0.049805 0.048601
0 0.443348 0.349321 0.049805 0.048601
0 0.478920 0.367253 0.049805 0.048601
0 0.553209 0.451714 0.049805 0.048601
0 0.531626 0.423686 0.049805 0.048601
0 0.522833 0.420974 0.049805 0.048601
0 0.522034 0.383000 0.049805 0.048601
0 0.565399 0.381795 0.049805 0.048601
0 0.569796 0.403494 0.049805 0.048601
0 0.557406 0.407713 0.049805 0.048601
0 0.578189 0.429714 0.049805 0.048601
0 0.585583 0.472208 0.049805 0.048601
0 0.529228 0.475222 0.049805 0.048601
0 0.503049 0.464674 0.049805 0.048601
0 0.579388 0.353766 0.049805 0.048601
0 0.595375 0.396562 0.049805 0.048601
0 0.588181 0.390233 0.049805 0.048601
0 0.581586 0.401987 0.049805 0.048601
0 0.587182 0.423988 0.049805 0.048601
0 0.594176 0.448399 0.049805 0.048601
0 0.523832 0.441166 0.049805 0.048601
0 0.502050 0.390233 0.049805 0.048601
0 0.560203 0.368835 0.049805 0.048601
0 0.556406 0.366726 0.049805 0.048601
0 0.588381 0.363410 0.049805 0.048601
0 0.586382 0.370643 0.049805 0.048601
0 0.581187 0.364616 0.049805 0.048601
0 0.570195 0.366424 0.049805 0.048601
0 0.421314 0.360095 0.049805 0.048601
0 0.418117 0.348341 0.049805 0.048601
0 0.510843 0.354068 0.049805 0.048601
0 0.507845 0.359191 0.049805 0.048601
0 0.464080 0.365821 0.049805 0.048601
0 0.566698 0.489688 0.049805 0.048601
0 0.513940 0.495716 0.049805 0.048601
0 0.593077 0.374561 0.049805 0.048601
0 0.600671 0.370945 0.049805 0.048601
0 0.561502 0.362506 0.049805 0.048601
0 0.127050 0.349848 0.049805 0.048601
0 0.136242 0.348643 0.049805 0.048601
0 0.117857 0.358287 0.049805 0.048601
0 0.110663 0.370342 0.049805 0.048601
0 0.127250 0.408467 0.049805 0.048601
0 0.137641 0.356931 0.049805 0.048601
0 0.148033 0.355122 0.049805 0.048601
0 0.142238 0.358739 0.049805 0.048601
0 0.179408 0.382849 0.049805 0.048601
0 0.198593 0.391288 0.049805 0.048601
0 0.223173 0.402138 0.049805 0.048601
0 0.150231 0.438303 0.049805 0.048601
0 0.126250 0.443125 0.049805 0.048601
0 0.063501 0.356027 0.049805 0.048601
0 0.062501 0.350300 0.049805 0.048601
0 0.062302 0.372904 0.049805 0.048601
0 0.101870 0.399124 0.049805 0.048601
0 0.117657 0.404549 0.049805 0.048601
0 0.142038 0.374712 0.049805 0.048601
0 0.149432 0.369589 0.049805 0.048601
0 0.153029 0.373507 0.049805 0.048601
0 0.159224 0.370493 0.049805 0.048601
0 0.221574 0.359945 0.049805 0.048601
0 0.241558 0.358739 0.049805 0.048601
0 0.260343 0.389480 0.049805 0.048601
0 0.079839 0.357835 0.049805 0.048601
0 0.323989 0.354501 0.049805 0.048601
0 0.298611 0.354138 0.049805 0.048601
0 0.292958 0.356315 0.049805 0.048601
0 0.360674 0.367923 0.049805 0.048601
0 0.380158 0.402569 0.049805 0.048601
0 0.431757 0.408373 0.049805 0.048601
0 0.349247 0.387242 0.049805 0.048601
0 0.364643 0.360396 0.049805 0.048601
0 0.401929 0.373456 0.049805 0.048601
0 0.400245 0.358219 0.049805 0.048601
0 0.418046 0.422431 0.049805 0.048601
0 0.457497 0.424971 0.049805 0.048601
0 0.440898 0.430050 0.049805 0.048601
0 0.447393 0.499341 0.049805 0.048601
0 0.600386 0.353503 0.049805 0.048601
0 0.572001 0.348424 0.049805 0.048601
0 0.580660 0.341168 0.049805 0.048601
0 0.574887 0.350601 0.049805 0.048601
0 0.573925 0.361484 0.049805 0.048601
0 0.558529 0.360033 0.049805 0.048601
0 0.570076 0.444924 0.049805 0.048601
0 0.500315 0.378898 0.049805 0.048601
0 0.101957 0.495713 0.049805 0.048601
0 0.196255 0.513126 0.049805 0.048601
0 0.202990 0.472495 0.049805 0.048601
0 0.278043 0.600193 0.049805 0.048601
0 0.337220 0.588584 0.049805 0.048601
0 0.391585 0.596566 0.049805 0.048601
0 0.554199 0.383976 0.049805 0.048601
0 0.579217 0.375270 0.049805 0.048601
0 0.601829 0.426785 0.049805 0.048601
0 0.514267 0.446375 0.049805 0.048601
0 0.458940 0.356405 0.049805 0.048601
0 0.583547 0.338992 0.049805 0.048601
0 0.407461 0.401390 0.049805 0.048601
0 0.314126 0.350601 0.049805 0.048601
0 0.189519 0.320127 0.049805 0.048601
0 0.016320 0.338992 0.049805 0.048601
0 0.013433 0.349875 0.049805 0.048601
0 0.008622 0.344796 0.049805 0.048601
0 0.017763 0.344796 0.049805 0.048601
0 0.016801 0.366563 0.049805 0.048601
0 0.002368 0.346247 0.049805 0.048601
0 0.003811 0.429687 0.049805 0.048601
0 0.571038 0.584957 0.049805 0.048601
0 0.513305 0.341168 0.049805 0.048601
0 0.436809 0.362210 0.049805 0.048601
0 0.432720 0.361303 0.049805 0.048601
0 0.433441 0.352959 0.049805 0.048601
0 0.343714 0.357312 0.049805 0.048601
0 0.421895 0.368921 0.049805 0.048601
0 0.449077 0.360940 0.049805 0.048601
0 0.575128 0.368196 0.049805 0.048601
0 0.939763 0.866597 0.049805 0.048601
0 0.632071 0.462830 0.049805 0.048601
0 0.663040 0.462830 0.049805 0.048601
0 0.679024 0.474883 0.049805 0.048601
0 0.644309 0.440985 0.049805 0.048601
0 0.625827 0.437218 0.049805 0.048601
0 0.612341 0.430438 0.049805 0.048601
0 0.615338 0.455297 0.049805 0.048601
0 0.607845 0.447764 0.049805 0.048601
0 0.609344 0.407840 0.049805 0.048601
0 0.612341 0.395034 0.049805 0.048601
0 0.617835 0.384487 0.049805 0.048601
0 0.613340 0.380721 0.049805 0.048601
0 0.605348 0.370928 0.049805 0.048601
0 0.608345 0.364902 0.049805 0.048601
0 0.613839 0.363395 0.049805 0.048601
0 0.616836 0.360382 0.049805 0.048601
0 0.619334 0.337030 0.049805 0.048601
0 0.609843 0.337030 0.049805 0.048601
0 0.603849 0.337030 0.049805 0.048601
0 0.600852 0.337783 0.049805 0.048601
0 0.624329 0.342303 0.049805 0.048601
0 0.633320 0.340043 0.049805 0.048601
0 0.636317 0.339290 0.049805 0.048601
0 0.643809 0.339290 0.049805 0.048601
0 0.649803 0.342303 0.049805 0.048601
0 0.654798 0.342303 0.049805 0.048601
0 0.661791 0.337783 0.049805 0.048601
0 0.669783 0.340043 0.049805 0.048601
0 0.676277 0.342303 0.049805 0.048601
0 0.678774 0.342303 0.049805 0.048601
0 0.692760 0.352096 0.049805 0.048601
0 0.708744 0.363395 0.049805 0.048601
0 0.716736 0.370175 0.049805 0.048601
0 0.712740 0.379214 0.049805 0.048601
0 0.710243 0.385994 0.049805 0.048601
0 0.715238 0.398047 0.049805 0.048601
0 0.719733 0.384487 0.049805 0.048601
0 0.731222 0.380721 0.049805 0.048601
0 0.740213 0.375448 0.049805 0.048601
0 0.761192 0.379214 0.049805 0.048601
0 0.751701 0.375448 0.049805 0.048601
0 0.774179 0.380721 0.049805 0.048601
0 0.785168 0.375448 0.049805 0.048601
0 0.795657 0.375448 0.049805 0.048601
0 0.797655 0.370928 0.049805 0.048601
0 0.809643 0.372435 0.049805 0.048601
0 0.825627 0.355109 0.049805 0.048601
0 0.833620 0.366408 0.049805 0.048601
0 0.815637 0.366408 0.049805 0.048601
0 0.793659 0.367162 0.049805 0.048601
0 0.778674 0.364902 0.049805 0.048601
0 0.772181 0.355862 0.049805 0.048601
0 0.762690 0.349836 0.049805 0.048601
0 0.756696 0.352849 0.049805 0.048601
0 0.733220 0.349836 0.049805 0.048601
0 0.720233 0.355109 0.049805 0.048601
0 0.720732 0.347576 0.049805 0.048601
0 0.716237 0.347576 0.049805 0.048601
0 0.695757 0.344563 0.049805 0.048601
0 0.689264 0.344563 0.049805 0.048601
0 0.685767 0.348329 0.049805 0.048601
0 0.733719 0.349836 0.049805 0.048601
0 0.741212 0.345316 0.049805 0.048601
0 0.737715 0.345316 0.049805 0.048601
0 0.657795 0.387501 0.049805 0.048601
0 0.647306 0.381474 0.049805 0.048601
0 0.643809 0.403320 0.049805 0.048601
0 0.661292 0.407086 0.049805 0.048601
0 0.671781 0.430438 0.049805 0.048601
0 0.688764 0.429685 0.049805 0.048601
0 0.625827 0.409346 0.049805 0.048601
0 0.627326 0.393527 0.049805 0.048601
0 0.637815 0.396540 0.049805 0.048601
0 0.634818 0.381474 0.049805 0.048601
0 0.622830 0.371681 0.049805 0.048601
0 0.631821 0.366408 0.049805 0.048601
0 0.633819 0.361888 0.049805 0.048601
0 0.619334 0.358122 0.049805 0.048601
0 0.631821 0.368668 0.049805 0.048601
0 0.641312 0.368668 0.049805 0.048601
0 0.640812 0.364902 0.049805 0.048601
0 0.643809 0.356615 0.049805 0.048601
0 0.645807 0.367162 0.049805 0.048601
0 0.654798 0.361888 0.049805 0.048601
0 0.674778 0.366408 0.049805 0.048601
0 0.657296 0.370175 0.049805 0.048601
0 0.672780 0.384487 0.049805 0.048601
0 0.668285 0.384487 0.049805 0.048601
0 0.670283 0.375448 0.049805 0.048601
0 0.679773 0.375448 0.049805 0.048601
0 0.682770 0.384487 0.049805 0.048601
0 0.693759 0.400307 0.049805 0.048601
0 0.683769 0.409346 0.049805 0.048601
0 0.700752 0.400307 0.049805 0.048601
0 0.709244 0.408593 0.049805 0.048601
0 0.699254 0.386747 0.049805 0.048601
0 0.699254 0.372435 0.049805 0.048601
0 0.689264 0.375448 0.049805 0.048601
0 0.690263 0.384487 0.049805 0.048601
0 0.693260 0.366408 0.049805 0.048601
0 0.704748 0.363395 0.049805 0.048601
0 0.687266 0.361135 0.049805 0.048601
0 0.745707 0.361135 0.049805 0.048601
0 0.725228 0.364902 0.049805 0.048601
0 0.720233 0.365655 0.049805 0.048601
0 0.722231 0.379214 0.049805 0.048601
0 0.749703 0.371681 0.049805 0.048601
0 0.763190 0.373941 0.049805 0.048601
0 0.766187 0.365655 0.049805 0.048601
0 0.827126 0.400307 0.049805 0.048601
0 0.836117 0.405580 0.049805 0.048601
0 0.931522 0.372435 0.049805 0.048601
0 0.937516 0.382227 0.049805 0.048601
0 0.939514 0.397293 0.049805 0.048601
0 0.925028 0.417632 0.049805 0.048601
0 0.909544 0.421399 0.049805 0.048601
0 0.908545 0.435712 0.049805 0.048601
0 0.952501 0.588631 0.049805 0.048601
0 0.883570 0.585618 0.049805 0.048601
0 0.995458 0.449271 0.049805 0.048601