0 0.067912 0.789832 0.049805 0.049479
0 0.158911 0.709598 0.049805 0.049479
0 0.258715 0.541300 0.049805 0.049479
0 0.267521 0.351476 0.049805 0.049479
0 0.346777 0.261457 0.049805 0.049479
0 0.450985 0.302553 0.049805 0.049479
0 0.530241 0.173394 0.049805 0.049479
0 0.580143 0.106858 0.049805 0.049479
0 0.565466 0.042279 0.049805 0.049479
0 0.737188 0.110772 0.049805 0.049479
0 0.794429 0.010967 0.049805 0.049479
0 0.942668 0.012924 0.049805 0.049479
0 0.958813 0.044236 0.049805 0.049479
0 0.726914 0.277112 0.049805 0.049479
0 0.373196 0.009011 0.049805 0.049479
0 0.310085 0.083375 0.049805 0.049479
0 0.302746 0.034451 0.049805 0.049479
0 0.248441 0.104901 0.049805 0.049479
0 0.114879 0.071633 0.049805 0.049479
0 0.147169 0.083375 0.049805 0.049479
0 0.133959 0.022709 0.049805 0.049479
0 0.063509 0.020752 0.049805 0.049479
0 0.067912 0.063805 0.049805 0.049479
0 0.006269 0.091202 0.049805 0.049479
0 0.113412 0.236016 0.049805 0.049479
0 0.001866 0.144040 0.049805 0.049479
0 0.726742 0.064028 0.049805 0.049479
0 0.357177 0.002713 0.049805 0.049479