0 0.651288 0.922857 0.048387 0.048689
0 0.580145 0.916917 0.048387 0.048689
0 0.612119 0.970376 0.048387 0.048689
0 0.704845 0.974831 0.048387 0.048689
0 0.729625 0.954041 0.048387 0.048689
0 0.742415 0.919887 0.048387 0.048689
0 0.849529 0.922857 0.048387 0.048689
0 0.810361 0.991165 0.048387 0.048689
0 0.752007 0.881278 0.048387 0.048689
0 0.775189 0.821880 0.048387 0.048689
0 0.795972 0.832275 0.048387 0.048689
0 0.831943 0.856034 0.048387 0.048689
0 0.883902 0.815941 0.048387 0.048689
0 0.855125 0.759512 0.048387 0.048689
0 0.883902 0.734268 0.048387 0.048689
0 0.884701 0.897613 0.048387 0.048689
0 0.815956 0.789211 0.048387 0.048689
0 0.753606 0.738723 0.048387 0.048689
0 0.779186 0.704569 0.048387 0.048689
0 0.835141 0.676355 0.048387 0.048689
0 0.859122 0.648141 0.048387 0.048689
0 0.863918 0.606562 0.048387 0.048689
0 0.773590 0.631806 0.048387 0.048689
0 0.740816 0.677840 0.048387 0.048689
0 0.704046 0.630321 0.048387 0.048689
0 0.704845 0.569438 0.048387 0.048689
0 0.744014 0.618442 0.048387 0.048689
0 0.756004 0.529344 0.048387 0.048689
0 0.768794 0.573893 0.048387 0.048689
0 0.799170 0.562013 0.048387 0.048689
0 0.817555 0.498160 0.048387 0.048689
0 0.843134 0.521920 0.048387 0.048689
0 0.847931 0.513010 0.048387 0.048689
0 0.889497 0.520435 0.048387 0.048689
0 0.845532 0.468461 0.048387 0.048689
0 0.836739 0.444702 0.048387 0.048689
0 0.807163 0.434307 0.048387 0.048689
0 0.804765 0.349665 0.048387 0.048689
0 0.839937 0.319966 0.048387 0.048689
0 0.864717 0.308086 0.048387 0.048689
0 0.864717 0.247203 0.048387 0.048689
0 0.866316 0.178895 0.048387 0.048689
0 0.800768 0.178895 0.048387 0.048689
0 0.771192 0.169985 0.048387 0.048689
0 0.837539 0.205624 0.048387 0.048689
0 0.800768 0.207109 0.048387 0.048689
0 0.742415 0.293237 0.048387 0.048689
0 0.771991 0.281357 0.048387 0.048689
0 0.750409 0.208594 0.048387 0.048689
0 0.739217 0.233838 0.048387 0.048689
0 0.708842 0.382334 0.048387 0.048689
0 0.706444 0.305116 0.048387 0.048689
0 0.763998 0.461036 0.048387 0.048689
0 0.686460 0.446187 0.048387 0.048689
0 0.690457 0.398668 0.048387 0.048689
0 0.694453 0.499645 0.048387 0.048689
0 0.657683 0.591712 0.048387 0.048689
0 0.670472 0.741693 0.048387 0.048689
0 0.683262 0.704569 0.048387 0.048689
0 0.674469 0.820395 0.048387 0.048689
0 0.729625 0.818910 0.048387 0.048689
0 0.634501 0.823365 0.048387 0.048689
0 0.606524 0.820395 0.048387 0.048689
0 0.591336 0.706054 0.048387 0.048689
0 0.614517 0.660020 0.048387 0.048689
0 0.596132 0.591712 0.048387 0.048689
0 0.556963 0.611017 0.048387 0.048689
0 0.523390 0.689719 0.048387 0.048689
0 0.551368 0.847125 0.048387 0.048689
0 0.498610 0.906523 0.048387 0.048689
0 0.535381 0.912463 0.048387 0.048689
0 0.476228 0.977801 0.048387 0.048689
0 0.427467 0.952556 0.048387 0.048689
0 0.428266 0.873854 0.048387 0.048689
0 0.459441 0.864944 0.048387 0.048689
0 0.470632 0.821880 0.048387 0.048689
0 0.442655 0.762482 0.048387 0.048689
0 0.473830 0.746148 0.048387 0.048689
0 0.463438 0.691204 0.048387 0.048689
0 0.479425 0.613987 0.048387 0.048689
0 0.516995 0.602107 0.048387 0.048689
0 0.566556 0.484796 0.048387 0.048689
0 0.599329 0.486281 0.048387 0.048689
0 0.549769 0.458067 0.048387 0.048689
0 0.584142 0.380849 0.048387 0.048689
0 0.626508 0.412033 0.048387 0.048689
0 0.640097 0.358575 0.048387 0.048689
0 0.593734 0.354120 0.048387 0.048689
0 0.560161 0.361544 0.048387 0.048689
0 0.493814 0.380849 0.048387 0.048689
0 0.489817 0.303631 0.048387 0.048689
0 0.030984 0.120982 0.048387 0.048689
0 0.026188 0.193745 0.048387 0.048689
0 0.068554 0.132862 0.048387 0.048689
0 0.102927 0.129892 0.048387 0.048689
0 0.090936 0.253143 0.048387 0.048689
0 0.050169 0.263537 0.048387 0.048689
0 0.017395 0.334815 0.048387 0.048689
0 0.031783 0.290267 0.048387 0.048689
0 0.088538 0.337785 0.048387 0.048689
0 0.074150 0.377879 0.048387 0.048689
0 0.126907 0.266507 0.048387 0.048689
0 0.138898 0.373424 0.048387 0.048689
0 0.160480 0.426882 0.048387 0.048689
0 0.110920 0.514495 0.048387 0.048689
0 0.082943 0.495190 0.048387 0.048689
0 0.146092 0.514495 0.048387 0.048689
0 0.050169 0.490736 0.048387 0.048689
0 0.015796 0.450642 0.048387 0.048689
0 0.022990 0.590227 0.048387 0.048689
0 0.170073 0.306601 0.048387 0.048689
0 0.154885 0.233838 0.048387 0.048689
0 0.158882 0.183350 0.048387 0.048689
0 0.183662 0.171470 0.048387 0.048689
0 0.224429 0.159591 0.048387 0.048689
0 0.209241 0.115042 0.048387 0.048689
0 0.148490 0.140286 0.048387 0.048689
0 0.266795 0.169985 0.048387 0.048689
0 0.281184 0.232353 0.048387 0.048689
0 0.321951 0.177410 0.048387 0.048689
0 0.302767 0.131377 0.048387 0.048689
0 0.337139 0.112072 0.048387 0.048689
0 0.361120 0.218989 0.048387 0.048689
0 0.349929 0.275417 0.048387 0.048689
0 0.345932 0.325906 0.048387 0.048689
0 0.355524 0.360060 0.048387 0.048689
0 0.301168 0.308086 0.048387 0.048689
0 0.256404 0.354120 0.048387 0.048689
0 0.206843 0.318481 0.048387 0.048689
0 0.215636 0.260568 0.048387 0.048689
0 0.266795 0.403123 0.048387 0.048689
0 0.248410 0.422428 0.048387 0.048689
0 0.224429 0.437277 0.048387 0.048689
0 0.260401 0.477371 0.048387 0.048689
0 0.293974 0.441732 0.048387 0.048689
0 0.308362 0.398668 0.048387 0.048689
0 0.335540 0.428367 0.048387 0.048689
0 0.427467 0.351150 0.048387 0.048689
0 0.391496 0.315511 0.048387 0.048689
0 0.442655 0.278387 0.048387 0.048689
0 0.420273 0.244233 0.048387 0.048689
0 0.481823 0.220474 0.048387 0.048689
0 0.429066 0.165530 0.048387 0.048689
0 0.462639 0.153651 0.048387 0.048689
0 0.398690 0.122467 0.048387 0.048689
0 0.369913 0.126922 0.048387 0.048689
0 0.430664 0.113557 0.048387 0.048689
0 0.600129 0.120982 0.048387 0.048689
0 0.531384 0.149196 0.048387 0.048689
0 0.548170 0.131377 0.048387 0.048689
0 0.504206 0.119497 0.048387 0.048689
0 0.440257 0.413518 0.048387 0.048689
0 0.388298 0.432822 0.048387 0.048689
0 0.429066 0.474401 0.048387 0.048689
0 0.433862 0.520435 0.048387 0.048689
0 0.463438 0.573893 0.048387 0.048689
0 0.444253 0.602107 0.048387 0.048689
0 0.401088 0.613987 0.048387 0.048689
0 0.357923 0.508555 0.048387 0.048689
0 0.342735 0.524889 0.048387 0.048689
0 0.329146 0.481826 0.048387 0.048689
0 0.318754 0.548649 0.048387 0.048689
0 0.293974 0.492220 0.048387 0.048689
0 0.349130 0.450642 0.048387 0.048689
0 0.200449 0.490736 0.048387 0.048689
0 0.225229 0.489251 0.048387 0.048689
0 0.189257 0.553104 0.048387 0.048689
0 0.098930 0.673385 0.048387 0.048689
0 0.065357 0.725358 0.048387 0.048689
0 0.034182 0.811486 0.048387 0.048689
0 0.020592 0.968891 0.048387 0.048689
0 0.022990 0.887218 0.048387 0.048689
0 0.093334 0.891673 0.048387 0.048689
0 0.056564 0.945132 0.048387 0.048689
0 0.100528 0.949586 0.048387 0.048689
0 0.139697 0.859004 0.048387 0.048689
0 0.100528 0.808516 0.048387 0.048689
0 0.154885 0.740208 0.048387 0.048689
0 0.183662 0.848610 0.048387 0.048689
0 0.189257 0.924342 0.048387 0.048689
0 0.226028 0.942162 0.048387 0.048689
0 0.254006 0.940677 0.048387 0.048689
0 0.278786 0.900583 0.048387 0.048689
0 0.286779 0.995620 0.048387 0.048689
0 0.239617 0.872369 0.048387 0.048689
0 0.277187 0.807031 0.048387 0.048689
0 0.301168 0.717934 0.048387 0.048689
0 0.317155 0.682295 0.048387 0.048689
0 0.264397 0.713479 0.048387 0.048689
0 0.223630 0.636261 0.048387 0.048689
0 0.255604 0.665960 0.048387 0.048689
0 0.198850 0.706054 0.048387 0.048689
0 0.355524 0.894643 0.048387 0.048689
0 0.338738 0.961466 0.048387 0.048689
0 0.379505 0.979285 0.048387 0.048689
0 0.385101 0.826335 0.048387 0.048689
0 0.355524 0.758027 0.048387 0.048689
0 0.381903 0.707539 0.048387 0.048689
0 0.357923 0.728328 0.048387 0.048689
0 0.391496 0.664475 0.048387 0.048689
0 0.416276 0.655565 0.048387 0.048689
0 0.365117 0.569438 0.048387 0.048689
0 0.112519 0.190775 0.048387 0.048689
0 0.400289 0.192260 0.048387 0.048689
0 0.775988 0.386789 0.048387 0.048689
0 0.145293 0.602107 0.048387 0.048689
0 0.162079 0.648141 0.048387 0.048689
0 0.122111 0.633291 0.048387 0.048689
0 0.083742 0.622896 0.048387 0.048689
0 0.055764 0.585773 0.048387 0.048689
0 0.104525 0.570923 0.048387 0.048689
0 0.094134 0.379364 0.048387 0.048689
0 0.026188 0.665960 0.048387 0.048689
0 0.894614 0.642915 0.048387 0.048689
0 0.916592 0.806227 0.048387 0.048689
0 0.970539 0.878605 0.048387 0.048689
0 0.937572 0.817362 0.048387 0.048689
0 0.973536 0.826642 0.048387 0.048689
0 0.956553 0.774679 0.048387 0.048689
0 0.990519 0.731995 0.048387 0.048689
0 0.969540 0.644771 0.048387 0.048689
0 0.926582 0.702301 0.048387 0.048689
0 0.980529 0.368253 0.048387 0.048689
0 0.957552 0.260616 0.048387 0.048689
0 0.946563 0.303300 0.048387 0.048689
0 0.898610 0.286597 0.048387 0.048689
0 0.899609 0.101015 0.048387 0.048689
0 0.918590 0.101015 0.048387 0.048689
0 0.937572 0.026782 0.048387 0.048689
0 0.918590 0.058331 0.048387 0.048689
0 0.882626 0.058331 0.048387 0.048689
0 0.833675 0.089880 0.048387 0.048689
0 0.856652 0.084313 0.048387 0.048689
0 0.843665 0.043485 0.048387 0.048689
0 0.885623 0.019359 0.048387 0.048689
0 0.963546 0.067610 0.048387 0.048689
0 0.081428 0.045340 0.048387 0.048689
0 0.135374 0.013791 0.048387 0.048689
0 0.305204 0.082457 0.048387 0.048689
0 0.329180 0.030494 0.048387 0.048689
0 0.375134 0.019359 0.048387 0.048689
0 0.399110 0.019359 0.048387 0.048689
0 0.441068 0.019359 0.048387 0.048689
0 0.459050 0.015647 0.048387 0.048689
0 0.440069 0.088024 0.048387 0.048689
0 0.469040 0.067610 0.048387 0.048689
0 0.518990 0.056475 0.048387 0.048689
0 0.634874 0.034205 0.048387 0.048689
0 0.696812 0.041629 0.048387 0.048689
0 0.725783 0.043485 0.048387 0.048689
0 0.784724 0.050908 0.048387 0.048689
0 0.647861 0.121429 0.048387 0.048689
0 0.706802 0.095448 0.048387 0.048689
0 0.930578 0.201229 0.048387 0.048689
0 0.969540 0.190095 0.048387 0.048689
0 0.541967 0.566826 0.048387 0.048689
0 0.273236 0.058331 0.048387 0.048689
0 0.134375 0.932423 0.048387 0.048689
0 0.515993 0.524143 0.048387 0.048689
0 0.501008 0.414649 0.048387 0.048689
0 0.941568 0.490738 0.048387 0.048689
0 0.971538 0.494449 0.048387 0.048689
0 0.980529 0.423928 0.048387 0.048689
0 0.834674 0.570538 0.048387 0.048689
0 0.586922 0.073178 0.048387 0.048689
0 0.241268 0.782102 0.048387 0.048689
0 0.922586 0.897163 0.048387 0.048689
0 0.344165 0.062043 0.048387 0.048689
0 0.793715 0.611366 0.048387 0.048689
0 0.920588 0.340416 0.048387 0.048689
0 0.123386 0.104727 0.048387 0.048689