0 0.017457 0.028469 0.049805 0.049805
0 0.054284 0.024137 0.049805 0.049805
0 0.065837 0.010417 0.049805 0.049805
0 0.087139 0.025220 0.049805 0.049805
0 0.095443 0.034246 0.049805 0.049805
0 0.122160 0.034246 0.049805 0.049805
0 0.110967 0.034246 0.049805 0.049805
0 0.187148 0.007529 0.049805 0.049805
0 0.208088 0.005723 0.049805 0.049805
0 0.152849 0.003918 0.049805 0.049805
0 0.169818 0.005362 0.049805 0.049805
0 0.166207 0.032802 0.049805 0.049805
0 0.154293 0.017638 0.049805 0.049805
0 0.122521 0.016916 0.049805 0.049805
0 0.083889 0.042189 0.049805 0.049805
0 0.062227 0.037495 0.049805 0.049805
0 0.030094 0.046882 0.049805 0.049805
0 0.016735 0.047604 0.049805 0.049805
0 0.012403 0.058075 0.049805 0.049805
0 0.001932 0.042911 0.049805 0.049805
0 0.043091 0.042550 0.049805 0.049805
0 0.055006 0.052659 0.049805 0.049805
0 0.018540 0.011861 0.049805 0.049805
0 0.035148 0.017638 0.049805 0.049805
0 0.147433 0.047965 0.049805 0.049805
0 0.149960 0.037495 0.049805 0.049805
0 0.183176 0.054464 0.049805 0.049805
0 0.207727 0.066379 0.049805 0.049805
0 0.197257 0.081542 0.049805 0.049805
0 0.205922 0.093096 0.049805 0.049805
0 0.212421 0.085153 0.049805 0.049805
0 0.186787 0.087680 0.049805 0.049805
0 0.186787 0.103566 0.049805 0.049805
0 0.175594 0.082265 0.049805 0.049805
0 0.158264 0.066379 0.049805 0.049805
0 0.129381 0.072877 0.049805 0.049805
0 0.135518 0.077571 0.049805 0.049805
0 0.155737 0.082626 0.049805 0.049805
0 0.149599 0.081181 0.049805 0.049805
0 0.058977 0.091291 0.049805 0.049805
0 0.057533 0.073600 0.049805 0.049805
0 0.013847 0.080098 0.049805 0.049805
0 0.018901 0.095262 0.049805 0.049805
0 0.036593 0.095262 0.049805 0.049805
0 0.029733 0.124507 0.049805 0.049805
0 0.021790 0.112231 0.049805 0.049805
0 0.008792 0.140031 0.049805 0.049805
0 0.035509 0.151585 0.049805 0.049805
0 0.021068 0.145808 0.049805 0.049805
0 0.008431 0.157000 0.049805 0.049805
0 0.008792 0.185884 0.049805 0.049805
0 0.010597 0.205741 0.049805 0.049805
0 0.017457 0.180829 0.049805 0.049805
0 0.027928 0.186967 0.049805 0.049805
0 0.033704 0.174331 0.049805 0.049805
0 0.039842 0.188411 0.049805 0.049805
0 0.053923 0.201409 0.049805 0.049805
0 0.035148 0.219461 0.049805 0.049805
0 0.032260 0.213323 0.049805 0.049805
0 0.023956 0.212601 0.049805 0.049805
0 0.066559 0.159528 0.049805 0.049805
0 0.056089 0.159167 0.049805 0.049805
0 0.063310 0.141476 0.049805 0.049805
0 0.052840 0.128117 0.049805 0.049805
0 0.048507 0.107177 0.049805 0.049805
0 0.065115 0.104649 0.049805 0.049805
0 0.059699 0.114036 0.049805 0.049805
0 0.071253 0.183718 0.049805 0.049805
0 0.089305 0.194549 0.049805 0.049805
0 0.093998 0.208991 0.049805 0.049805
0 0.073419 0.212962 0.049805 0.049805
0 0.126853 0.175775 0.049805 0.049805
0 0.110967 0.163138 0.049805 0.049805
0 0.123604 0.153390 0.049805 0.049805
0 0.107718 0.127034 0.049805 0.049805
0 0.084250 0.129922 0.049805 0.049805
0 0.080640 0.114758 0.049805 0.049805
0 0.095804 0.110426 0.049805 0.049805
0 0.087861 0.100317 0.049805 0.049805
0 0.086778 0.086597 0.049805 0.049805
0 0.111329 0.073600 0.049805 0.049805
0 0.093998 0.058075 0.049805 0.049805
0 0.153571 0.100317 0.049805 0.049805
0 0.195452 0.116925 0.049805 0.049805
0 0.218919 0.119452 0.049805 0.049805
0 0.199784 0.134977 0.049805 0.049805
0 0.194730 0.146891 0.049805 0.049805
0 0.194730 0.163499 0.049805 0.049805
0 0.183537 0.158084 0.049805 0.049805
0 0.214226 0.154834 0.049805 0.049805
0 0.200506 0.180107 0.049805 0.049805
0 0.210615 0.201409 0.049805 0.049805
0 0.185342 0.198882 0.049805 0.049805
0 0.173428 0.192744 0.049805 0.049805
0 0.151765 0.183718 0.049805 0.049805
0 0.143822 0.160611 0.049805 0.049805
0 0.162597 0.156639 0.049805 0.049805
0 0.123243 0.114758 0.049805 0.049805
0 0.135157 0.130644 0.049805 0.049805
0 0.161514 0.170720 0.049805 0.049805
0 0.140573 0.194549 0.049805 0.049805
0 0.173789 0.216934 0.049805 0.049805
0 0.131908 0.203936 0.049805 0.049805
0 0.014487 0.226285 0.049805 0.049805
0 0.013412 0.243489 0.049805 0.049805
0 0.005527 0.261768 0.049805 0.049805
0 0.027748 0.254241 0.049805 0.049805
0 0.024881 0.288648 0.049805 0.049805
0 0.037425 0.295458 0.049805 0.049805
0 0.024164 0.318396 0.049805 0.049805
0 0.044235 0.310869 0.049805 0.049805
0 0.044235 0.329148 0.049805 0.049805
0 0.029182 0.352445 0.049805 0.049805
0 0.006602 0.340976 0.049805 0.049805
0 0.011978 0.359971 0.049805 0.049805
0 0.008036 0.383985 0.049805 0.049805
0 0.024881 0.409432 0.049805 0.049805
0 0.042443 0.383985 0.049805 0.049805
0 0.036350 0.421976 0.049805 0.049805
0 0.062156 0.346710 0.049805 0.049805
0 0.080434 0.314095 0.049805 0.049805
0 0.073983 0.273595 0.049805 0.049805
0 0.050686 0.275387 0.049805 0.049805
0 0.066456 0.368215 0.049805 0.049805
0 0.081510 0.362839 0.049805 0.049805
0 0.104448 0.346710 0.049805 0.049805
0 0.085810 0.337392 0.049805 0.049805
0 0.099072 0.299400 0.049805 0.049805
0 0.105523 0.395095 0.049805 0.049805
0 0.068607 0.399396 0.049805 0.049805
0 0.068607 0.420184 0.049805 0.049805
0 0.050686 0.370007 0.049805 0.049805
0 0.124160 0.322697 0.049805 0.049805
0 0.122726 0.287573 0.049805 0.049805
0 0.101580 0.262126 0.049805 0.049805
0 0.095846 0.232378 0.049805 0.049805
0 0.116633 0.227719 0.049805 0.049805
0 0.138496 0.254241 0.049805 0.049805
0 0.137063 0.240980 0.049805 0.049805
0 0.125952 0.234529 0.049805 0.049805
0 0.166452 0.224852 0.049805 0.049805
0 0.193333 0.223776 0.049805 0.049805
0 0.211970 0.221984 0.049805 0.049805
0 0.214479 0.240980 0.049805 0.049805
0 0.191541 0.260334 0.049805 0.049805
0 0.149607 0.268936 0.049805 0.049805
0 0.169319 0.289365 0.049805 0.049805
0 0.131687 0.300117 0.049805 0.049805
0 0.151757 0.308361 0.049805 0.049805
0 0.111616 0.308361 0.049805 0.049805
0 0.185448 0.304060 0.049805 0.049805
0 0.211970 0.303701 0.049805 0.049805
0 0.217346 0.337750 0.049805 0.049805
0 0.184014 0.341693 0.049805 0.049805
0 0.168961 0.328073 0.049805 0.049805
0 0.198350 0.375024 0.049805 0.049805
0 0.148173 0.350294 0.049805 0.049805
0 0.120218 0.384343 0.049805 0.049805
0 0.122726 0.372516 0.049805 0.049805
0 0.166811 0.385060 0.049805 0.049805
0 0.172187 0.401905 0.049805 0.049805
0 0.150682 0.384343 0.049805 0.049805
0 0.197992 0.404055 0.049805 0.049805
0 0.218780 0.404414 0.049805 0.049805
0 0.070757 0.231303 0.049805 0.049805
0 0.059520 0.431495 0.049805 0.049805
0 0.037594 0.438241 0.049805 0.049805
0 0.022752 0.484455 0.049805 0.049805
0 0.004199 0.477708 0.049805 0.049805
0 0.070989 0.472311 0.049805 0.049805
0 0.080434 0.442289 0.049805 0.049805
0 0.098313 0.435880 0.049805 0.049805
0 0.122937 0.433519 0.049805 0.049805
0 0.153297 0.450385 0.049805 0.049805
0 0.164428 0.438241 0.049805 0.049805
0 0.197486 0.450722 0.049805 0.049805
0 0.135756 0.459493 0.049805 0.049805
0 0.095614 0.470287 0.049805 0.049805
0 0.117877 0.465565 0.049805 0.049805
0 0.096626 0.503345 0.049805 0.049805
0 0.051424 0.506718 0.049805 0.049805
0 0.033546 0.543487 0.049805 0.049805
0 0.065592 0.534042 0.049805 0.049805
0 0.110456 0.540113 0.049805 0.049805
0 0.158356 0.527295 0.049805 0.049805
0 0.160718 0.503345 0.049805 0.049805
0 0.172187 0.482431 0.049805 0.049805
0 0.141153 0.491539 0.049805 0.049805
0 0.135756 0.512453 0.049805 0.049805
0 0.203558 0.497273 0.049805 0.049805
0 0.203221 0.555968 0.049805 0.049805
0 0.161055 0.592061 0.049805 0.049805
0 0.167127 0.615674 0.049805 0.049805
0 0.203895 0.599483 0.049805 0.049805
0 0.120239 0.584978 0.049805 0.049805
0 0.098313 0.566762 0.049805 0.049805
0 0.051762 0.563052 0.049805 0.049805
0 0.008584 0.594085 0.049805 0.049805
0 0.046364 0.591050 0.049805 0.049805
0 0.072676 0.609602 0.049805 0.049805
0 0.026800 0.618036 0.049805 0.049805
0 0.002850 0.536403 0.049805 0.049805
0 0.008605 0.428248 0.049805 0.049805
0 0.005358 0.559742 0.049805 0.049805
0 0.089774 0.631170 0.049805 0.049805
0 0.020910 0.680806 0.049805 0.049805
0 0.098220 0.699116 0.049805 0.049805
0 0.092117 0.663004 0.049805 0.049805
0 0.067194 0.667073 0.049805 0.049805
0 0.143996 0.684366 0.049805 0.049805
0 0.141453 0.707763 0.049805 0.049805
0 0.165359 0.708780 0.049805 0.049805
0 0.123651 0.741840 0.049805 0.049805
0 0.106867 0.754047 0.049805 0.049805
0 0.074315 0.733194 0.049805 0.049805
0 0.029048 0.718952 0.049805 0.049805
0 0.031591 0.743366 0.049805 0.049805
0 0.078893 0.781004 0.049805 0.049805
0 0.097203 0.795246 0.049805 0.049805
0 0.141962 0.822203 0.049805 0.049805
0 0.131789 0.876625 0.049805 0.049805
0 0.067703 0.841022 0.049805 0.049805
0 0.061091 0.884763 0.049805 0.049805
0 0.034134 0.909686 0.049805 0.049805
0 0.081436 0.922910 0.049805 0.049805
0 0.017858 0.909177 0.049805 0.049805
0 0.128738 0.957496 0.049805 0.049805
0 0.178074 0.875100 0.049805 0.049805
0 0.201471 0.859332 0.049805 0.049805
0 0.224867 0.834410 0.049805 0.049805
0 0.188755 0.807961 0.049805 0.049805
0 0.184686 0.736246 0.049805 0.049805
0 0.213169 0.726582 0.049805 0.049805
0 0.213678 0.705220 0.049805 0.049805
0 0.204014 0.687926 0.049805 0.049805
0 0.180109 0.661478 0.049805 0.049805
0 0.251316 0.665547 0.049805 0.049805
0 0.281325 0.698099 0.049805 0.049805
0 0.285394 0.769306 0.049805 0.049805
0 0.236566 0.773884 0.049805 0.049805
0 0.256402 0.806944 0.049805 0.049805
0 0.297092 0.833901 0.049805 0.049805
0 0.243178 0.880694 0.049805 0.049805
0 0.258437 0.907143 0.049805 0.049805
0 0.320997 0.673685 0.049805 0.049805
0 0.006982 0.816235 0.049805 0.049805
0 0.003735 0.881170 0.049805 0.049805
0 0.049190 0.985066 0.049805 0.049805
0 0.123865 0.988313 0.049805 0.049805
0 0.261852 0.967209 0.049805 0.049805
0 0.300813 0.985066 0.049805 0.049805
0 0.331657 0.978573 0.049805 0.049805
0 0.356008 0.976949 0.049805 0.049805
0 0.349514 0.895780 0.049805 0.049805
0 0.323540 0.793508 0.049805 0.049805
0 0.334904 0.624677 0.049805 0.049805
0 0.308930 0.593832 0.049805 0.049805
0 0.261852 0.611690 0.049805 0.049805
0 0.224514 0.603573 0.049805 0.049805
0 0.235878 0.551625 0.049805 0.049805
0 0.214774 0.540261 0.049805 0.049805
0 0.224514 0.475326 0.049805 0.049805
0 0.302895 0.037676 0.049805 0.049805
0 0.283351 0.005646 0.049805 0.049805
0 0.298552 0.020846 0.049805 0.049805
0 0.257293 0.003474 0.049805 0.049805
0 0.263807 0.048533 0.049805 0.049805
0 0.245892 0.046362 0.049805 0.049805
0 0.237206 0.028447 0.049805 0.049805
0 0.231777 0.060477 0.049805 0.049805
0 0.231777 0.070792 0.049805 0.049805
0 0.225806 0.085449 0.049805 0.049805
0 0.256391 0.078600 0.049805 0.049805
0 0.289829 0.079696 0.049805 0.049805
0 0.285992 0.034200 0.049805 0.049805
0 0.317785 0.041874 0.049805 0.049805
0 0.267355 0.307180 0.049805 0.049805
0 0.256940 0.323625 0.049805 0.049805
0 0.258584 0.334588 0.049805 0.049805
0 0.260229 0.283609 0.049805 0.049805
0 0.242139 0.282513 0.049805 0.049805
0 0.222406 0.301150 0.049805 0.049805
0 0.242139 0.247979 0.049805 0.049805
0 0.226243 0.240305 0.049805 0.049805
0 0.235013 0.180008 0.049805 0.049805
0 0.233917 0.218379 0.049805 0.049805
0 0.256391 0.222764 0.049805 0.049805
0 0.264614 0.237565 0.049805 0.049805
0 0.277221 0.251268 0.049805 0.049805
0 0.274481 0.274291 0.049805 0.049805
0 0.292021 0.314306 0.049805 0.049805
0 0.294762 0.333491 0.049805 0.049805
0 0.316140 0.311017 0.049805 0.049805
0 0.311755 0.287446 0.049805 0.049805
0 0.329844 0.286350 0.049805 0.049805
0 0.337518 0.317595 0.049805 0.049805
0 0.358348 0.321980 0.049805 0.049805
0 0.374244 0.301150 0.049805 0.049805
0 0.407682 0.314854 0.049805 0.049805
0 0.418097 0.297313 0.049805 0.049805
0 0.415356 0.274291 0.049805 0.049805
0 0.451534 0.314306 0.049805 0.049805
0 0.460853 0.322528 0.049805 0.049805
0 0.469075 0.306632 0.049805 0.049805
0 0.458660 0.298958 0.049805 0.049805
0 0.445504 0.288543 0.049805 0.049805
0 0.521149 0.330202 0.049805 0.049805
0 0.505253 0.332943 0.049805 0.049805
0 0.546364 0.327462 0.049805 0.049805
0 0.525535 0.309921 0.049805 0.049805
0 0.543076 0.294024 0.049805 0.049805
0 0.511831 0.295669 0.049805 0.049805
0 0.493194 0.274839 0.049805 0.049805
0 0.466334 0.272098 0.049805 0.049805
0 0.485519 0.256750 0.049805 0.049805
0 0.440571 0.255105 0.049805 0.049805
0 0.462497 0.247979 0.049805 0.049805
0 0.462497 0.230987 0.049805 0.049805
0 0.508542 0.249076 0.049805 0.049805
0 0.524438 0.249076 0.049805 0.049805
0 0.548557 0.262780 0.049805 0.049805
0 0.520601 0.230439 0.049805 0.049805
0 0.492645 0.239209 0.049805 0.049805
0 0.552942 0.215090 0.049805 0.049805
0 0.535401 0.213446 0.049805 0.049805
0 0.546913 0.191520 0.049805 0.049805
0 0.529920 0.184942 0.049805 0.049805
0 0.524438 0.168497 0.049805 0.049805
0 0.503060 0.187683 0.049805 0.049805
0 0.487712 0.201935 0.049805 0.049805
0 0.476749 0.173979 0.049805 0.049805
0 0.449890 0.194260 0.049805 0.049805
0 0.447697 0.215090 0.049805 0.049805
0 0.431252 0.211801 0.049805 0.049805
0 0.431252 0.191520 0.049805 0.049805
0 0.415904 0.210705 0.049805 0.049805
0 0.408230 0.199194 0.049805 0.049805
0 0.376437 0.229890 0.049805 0.049805
0 0.375341 0.258942 0.049805 0.049805
0 0.370955 0.279772 0.049805 0.049805
0 0.393978 0.253461 0.049805 0.049805
0 0.394526 0.222764 0.049805 0.049805
0 0.355607 0.257846 0.049805 0.049805
0 0.335874 0.267165 0.049805 0.049805
0 0.311207 0.254009 0.049805 0.049805
0 0.344644 0.236468 0.049805 0.049805
0 0.323266 0.223313 0.049805 0.049805
0 0.294762 0.238661 0.049805 0.049805
0 0.297503 0.224409 0.049805 0.049805
0 0.274481 0.184394 0.049805 0.049805
0 0.254199 0.182749 0.049805 0.049805
0 0.237206 0.168497 0.049805 0.049805
0 0.228436 0.144927 0.049805 0.049805
0 0.244880 0.118067 0.049805 0.049805
0 0.229532 0.105460 0.049805 0.049805
0 0.276125 0.111489 0.049805 0.049805
0 0.255843 0.109297 0.049805 0.049805
0 0.278866 0.131223 0.049805 0.049805
0 0.256940 0.148764 0.049805 0.049805
0 0.277221 0.164660 0.049805 0.049805
0 0.308466 0.102171 0.049805 0.049805
0 0.297503 0.092852 0.049805 0.049805
0 0.283251 0.056126 0.049805 0.049805
0 0.324362 0.071474 0.049805 0.049805
0 0.342452 0.034200 0.049805 0.049805
0 0.372052 0.010081 0.049805 0.049805
0 0.390689 0.007888 0.049805 0.049805
0 0.366022 0.034200 0.049805 0.049805
0 0.356703 0.070926 0.049805 0.049805
0 0.348481 0.059415 0.049805 0.049805
0 0.333133 0.059963 0.049805 0.049805
0 0.367667 0.050096 0.049805 0.049805
0 0.379178 0.063252 0.049805 0.049805
0 0.367118 0.087371 0.049805 0.049805
0 0.396719 0.074763 0.049805 0.049805
0 0.390689 0.102171 0.049805 0.049805
0 0.379178 0.125741 0.049805 0.049805
0 0.366022 0.129030 0.049805 0.049805
0 0.374244 0.146571 0.049805 0.049805
0 0.359444 0.146023 0.049805 0.049805
0 0.340259 0.110941 0.049805 0.049805
0 0.352318 0.096689 0.049805 0.049805
0 0.327651 0.154245 0.049805 0.049805
0 0.313948 0.163564 0.049805 0.049805
0 0.302984 0.158630 0.049805 0.049805
0 0.306273 0.140541 0.049805 0.049805
0 0.295310 0.136704 0.049805 0.049805
0 0.296955 0.115875 0.049805 0.049805
0 0.319977 0.132867 0.049805 0.049805
0 0.309562 0.173979 0.049805 0.049805
0 0.296407 0.176720 0.049805 0.049805
0 0.310659 0.193164 0.049805 0.049805
0 0.299147 0.209609 0.049805 0.049805
0 0.331488 0.188231 0.049805 0.049805
0 0.335874 0.176171 0.049805 0.049805
0 0.376437 0.177268 0.049805 0.049805
0 0.365474 0.172334 0.049805 0.049805
0 0.365474 0.153149 0.049805 0.049805
0 0.343548 0.200838 0.049805 0.049805
0 0.349578 0.224409 0.049805 0.049805
0 0.330392 0.210705 0.049805 0.049805
0 0.359992 0.239757 0.049805 0.049805
0 0.381919 0.203031 0.049805 0.049805
0 0.395074 0.127386 0.049805 0.049805
0 0.370407 0.108200 0.049805 0.049805
0 0.424674 0.017207 0.049805 0.049805
0 0.409874 0.041874 0.049805 0.049805
0 0.474556 0.015014 0.049805 0.049805
0 0.456467 0.015562 0.049805 0.049805
0 0.460304 0.034748 0.049805 0.049805
0 0.454275 0.049000 0.049805 0.049805
0 0.438378 0.023785 0.049805 0.049805
0 0.435638 0.045711 0.049805 0.049805
0 0.391237 0.049548 0.049805 0.049805
0 0.488260 0.023785 0.049805 0.049805
0 0.504157 0.022688 0.049805 0.049805
0 0.472912 0.047904 0.049805 0.049805
0 0.476201 0.032555 0.049805 0.049805
0 0.485519 0.082437 0.049805 0.049805
0 0.452082 0.099430 0.049805 0.049805
0 0.440571 0.119163 0.049805 0.049805
0 0.423578 0.126838 0.049805 0.049805
0 0.408230 0.110393 0.049805 0.049805
0 0.417000 0.088467 0.049805 0.049805
0 0.402748 0.165208 0.049805 0.049805
0 0.465238 0.130675 0.049805 0.049805
0 0.464690 0.113682 0.049805 0.049805
0 0.474008 0.100526 0.049805 0.049805
0 0.486616 0.119712 0.049805 0.049805
0 0.489905 0.138349 0.049805 0.049805
0 0.432897 0.242498 0.049805 0.049805
0 0.413163 0.228794 0.049805 0.049805
0 0.421934 0.249076 0.049805 0.049805
0 0.514023 0.184942 0.049805 0.049805
0 0.517861 0.149860 0.049805 0.049805
0 0.553490 0.130675 0.049805 0.049805
0 0.540335 0.135060 0.049805 0.049805
0 0.527727 0.114778 0.049805 0.049805
0 0.533209 0.092852 0.049805 0.049805
0 0.520601 0.090111 0.049805 0.049805
0 0.519505 0.070926 0.049805 0.049805
0 0.537594 0.054481 0.049805 0.049805
0 0.545816 0.054481 0.049805 0.049805
0 0.520601 0.047904 0.049805 0.049805
0 0.457016 0.205772 0.049805 0.049805
0 0.460853 0.155890 0.049805 0.049805
0 0.552394 0.106556 0.049805 0.049805
0 0.420943 0.942858 0.049805 0.049805
0 0.417696 0.897404 0.049805 0.049805
0 0.377112 0.848703 0.049805 0.049805
0 0.517534 0.982299 0.049805 0.049805
0 0.577746 0.989826 0.049805 0.049805
0 0.625414 0.929613 0.049805 0.049805
0 0.686881 0.989826 0.049805 0.049805
0 0.713224 0.929613 0.049805 0.049805
0 0.763402 0.908288 0.049805 0.049805
0 0.459440 0.906332 0.049805 0.049805
0 0.440887 0.884069 0.049805 0.049805
0 0.437177 0.836759 0.049805 0.049805
0 0.450164 0.821917 0.049805 0.049805
0 0.373169 0.806147 0.049805 0.049805
0 0.363893 0.763475 0.049805 0.049805
0 0.370386 0.718021 0.049805 0.049805
0 0.387084 0.737501 0.049805 0.049805
0 0.349050 0.659579 0.049805 0.049805
0 0.369459 0.663290 0.049805 0.049805
0 0.375024 0.685553 0.049805 0.049805
0 0.377807 0.628039 0.049805 0.049805
0 0.358327 0.581657 0.049805 0.049805
0 0.282260 0.509301 0.049805 0.049805
0 0.259069 0.496314 0.049805 0.049805
0 0.308234 0.494459 0.049805 0.049805
0 0.304524 0.473123 0.049805 0.049805
0 0.308234 0.449004 0.049805 0.049805
0 0.276694 0.434162 0.049805 0.049805
0 0.264635 0.445293 0.049805 0.049805
0 0.355544 0.458280 0.049805 0.049805
0 0.383373 0.434162 0.049805 0.049805
0 0.381518 0.473123 0.049805 0.049805
0 0.381518 0.511156 0.049805 0.049805
0 0.373169 0.548262 0.049805 0.049805
0 0.346268 0.557538 0.049805 0.049805
0 0.335136 0.535275 0.049805 0.049805
0 0.298030 0.557538 0.049805 0.049805
0 0.274839 0.590934 0.049805 0.049805
0 0.399143 0.530637 0.049805 0.049805
0 0.428828 0.471268 0.049805 0.049805
0 0.440887 0.457353 0.049805 0.049805
0 0.460368 0.442511 0.049805 0.049805
0 0.479848 0.470340 0.049805 0.049805
0 0.494691 0.487037 0.049805 0.049805
0 0.481703 0.493531 0.049805 0.049805
0 0.443670 0.511156 0.049805 0.049805
0 0.465006 0.542696 0.049805 0.049805
0 0.457585 0.563104 0.049805 0.049805
0 0.415841 0.567742 0.049805 0.049805
0 0.437177 0.594644 0.049805 0.049805
0 0.477065 0.588151 0.049805 0.049805
0 0.474282 0.564960 0.049805 0.049805
0 0.507678 0.523216 0.049805 0.049805
0 0.612501 0.435089 0.049805 0.049805
0 0.601370 0.494459 0.049805 0.049805
0 0.581889 0.474978 0.049805 0.049805
0 0.564264 0.516722 0.049805 0.049805
0 0.529013 0.539913 0.049805 0.049805
0 0.547566 0.538985 0.049805 0.049805
0 0.491908 0.453642 0.049805 0.049805
0 0.501184 0.576091 0.049805 0.049805
0 0.520665 0.601138 0.049805 0.049805
0 0.538290 0.587223 0.049805 0.049805
0 0.582817 0.576091 0.049805 0.049805
0 0.477993 0.628039 0.049805 0.049805
0 0.437177 0.641026 0.049805 0.049805
0 0.431611 0.669783 0.049805 0.049805
0 0.420479 0.705034 0.049805 0.049805
0 0.417696 0.724514 0.049805 0.049805
0 0.452019 0.758837 0.049805 0.049805
0 0.418624 0.782956 0.049805 0.049805
0 0.524375 0.919319 0.049805 0.049805
0 0.497473 0.885924 0.049805 0.049805
0 0.503967 0.860878 0.049805 0.049805
0 0.522520 0.795943 0.049805 0.049805
0 0.536434 0.743995 0.049805 0.049805
0 0.497473 0.745850 0.049805 0.049805
0 0.474282 0.718021 0.049805 0.049805
0 0.535507 0.706889 0.049805 0.049805
0 0.514171 0.705034 0.049805 0.049805
0 0.479848 0.671639 0.049805 0.049805
0 0.487269 0.652158 0.049805 0.049805
0 0.525303 0.679060 0.049805 0.049805
0 0.542000 0.683698 0.049805 0.049805
0 0.549421 0.655869 0.049805 0.049805
0 0.506750 0.636388 0.049805 0.049805
0 0.611574 0.548262 0.049805 0.049805
0 0.621778 0.574236 0.049805 0.049805
0 0.628271 0.525071 0.049805 0.049805
0 0.650535 0.510229 0.049805 0.049805
0 0.644969 0.461991 0.049805 0.049805
0 0.656101 0.445293 0.049805 0.049805
0 0.670943 0.458280 0.049805 0.049805
0 0.720108 0.440655 0.049805 0.049805
0 0.723819 0.468485 0.049805 0.049805
0 0.738661 0.483327 0.049805 0.049805
0 0.763707 0.457353 0.049805 0.049805
0 0.776694 0.447149 0.049805 0.049805
0 0.795247 0.444366 0.049805 0.049805
0 0.794319 0.522288 0.049805 0.049805
0 0.803596 0.510229 0.049805 0.049805
0 0.751648 0.532492 0.049805 0.049805
0 0.716397 0.531564 0.049805 0.049805
0 0.711759 0.500952 0.049805 0.049805
0 0.695062 0.576091 0.049805 0.049805
0 0.717325 0.580729 0.049805 0.049805
0 0.703410 0.588151 0.049805 0.049805
0 0.640331 0.603921 0.049805 0.049805
0 0.698772 0.611342 0.049805 0.049805
0 0.724746 0.629895 0.049805 0.049805
0 0.776694 0.574236 0.049805 0.049805
0 0.782260 0.649375 0.049805 0.049805
0 0.807306 0.602993 0.049805 0.049805
0 0.811945 0.646592 0.049805 0.049805
0 0.798958 0.718021 0.049805 0.049805
0 0.780405 0.737501 0.049805 0.049805
0 0.732167 0.719876 0.049805 0.049805
0 0.708049 0.659579 0.049805 0.049805
0 0.663522 0.659579 0.049805 0.049805
0 0.644969 0.649375 0.049805 0.049805
0 0.611574 0.629895 0.049805 0.049805
0 0.593948 0.662362 0.049805 0.049805
0 0.572613 0.656796 0.049805 0.049805
0 0.599514 0.577947 0.049805 0.049805
0 0.673726 0.689264 0.049805 0.049805
0 0.701555 0.719876 0.049805 0.049805
0 0.652390 0.739357 0.049805 0.049805
0 0.594876 0.719876 0.049805 0.049805
0 0.568902 0.685553 0.049805 0.049805
0 0.717325 0.758837 0.049805 0.049805
0 0.747937 0.787594 0.049805 0.049805
0 0.811945 0.776462 0.049805 0.049805
0 0.786898 0.830266 0.049805 0.049805
0 0.697844 0.823772 0.049805 0.049805
0 0.665377 0.773679 0.049805 0.049805
0 0.595804 0.782956 0.049805 0.049805
0 0.572613 0.820062 0.049805 0.049805
0 0.587455 0.832121 0.049805 0.049805
0 0.618995 0.836759 0.049805 0.049805
0 0.649607 0.819134 0.049805 0.049805
0 0.781332 0.893345 0.049805 0.049805
0 0.762780 0.895201 0.049805 0.049805
0 0.413058 0.979616 0.049805 0.049805
0 0.945370 0.908666 0.049805 0.049805
0 0.911308 0.940251 0.049805 0.049805
0 0.898922 0.908047 0.049805 0.049805
0 0.836991 0.895041 0.049805 0.049805
0 0.844423 0.849832 0.049805 0.049805
0 0.898303 0.846116 0.049805 0.049805
0 0.896445 0.776754 0.049805 0.049805
0 0.928029 0.777373 0.049805 0.049805
0 0.898922 0.751981 0.049805 0.049805
0 0.920598 0.728448 0.049805 0.049805
0 0.946609 0.745788 0.049805 0.049805
0 0.991199 0.767464 0.049805 0.049805
0 0.994915 0.725970 0.049805 0.049805
0 0.985006 0.654131 0.049805 0.049805
0 0.961472 0.687573 0.049805 0.049805
0 0.918740 0.665278 0.049805 0.049805
0 0.935461 0.608921 0.049805 0.049805
0 0.880962 0.606444 0.049805 0.049805
0 0.872292 0.629358 0.049805 0.049805
0 0.857428 0.654750 0.049805 0.049805
0 0.820889 0.626262 0.049805 0.049805
0 0.836991 0.771180 0.049805 0.049805
0 0.801216 0.419015 0.049805 0.049805
0 0.781570 0.425190 0.049805 0.049805
0 0.769782 0.412840 0.049805 0.049805
0 0.845561 0.405543 0.049805 0.049805
0 0.876434 0.409472 0.049805 0.049805
0 0.896081 0.408350 0.049805 0.049805
0 0.940426 0.422383 0.049805 0.049805
0 0.964002 0.404420 0.049805 0.049805
0 0.990946 0.404982 0.049805 0.049805
0 0.969054 0.426312 0.049805 0.049805
0 0.975228 0.446520 0.049805 0.049805
0 0.996559 0.430803 0.049805 0.049805
0 0.994314 0.453818 0.049805 0.049805
0 0.994314 0.506583 0.049805 0.049805
0 0.962879 0.504899 0.049805 0.049805
0 0.958950 0.519493 0.049805 0.049805
0 0.955021 0.446520 0.049805 0.049805
0 0.914605 0.479077 0.049805 0.049805
0 0.919095 0.521177 0.049805 0.049805
0 0.923025 0.538578 0.049805 0.049805
0 0.971860 0.572258 0.049805 0.049805
0 0.928638 0.640740 0.049805 0.049805
0 0.857349 0.554857 0.049805 0.049805
0 0.870821 0.534649 0.049805 0.049805
0 0.886538 0.576187 0.049805 0.049805
0 0.869698 0.499847 0.049805 0.049805
0 0.880925 0.454940 0.049805 0.049805
0 0.855104 0.444275 0.049805 0.049805
0 0.829844 0.448766 0.049805 0.049805
0 0.825915 0.431926 0.049805 0.049805
0 0.825353 0.401614 0.049805 0.049805
0 0.834896 0.600886 0.049805 0.049805
0 0.944355 0.554296 0.049805 0.049805
0 0.234402 0.355556 0.049805 0.049805
0 0.256175 0.373487 0.049805 0.049805
0 0.276027 0.380531 0.049805 0.049805
0 0.282431 0.363881 0.049805 0.049805
0 0.308687 0.361960 0.049805 0.049805
0 0.263220 0.404866 0.049805 0.049805
0 0.256175 0.419595 0.049805 0.049805
0 0.233762 0.442649 0.049805 0.049805
0 0.237604 0.497082 0.049805 0.049805
0 0.317012 0.424078 0.049805 0.049805
0 0.331741 0.419595 0.049805 0.049805
0 0.311249 0.391418 0.049805 0.049805
0 0.345190 0.368364 0.049805 0.049805
0 0.352234 0.389496 0.049805 0.049805
0 0.365682 0.348512 0.049805 0.049805
0 0.341988 0.339546 0.049805 0.049805
0 0.399623 0.334423 0.049805 0.049805
0 0.398342 0.351713 0.049805 0.049805
0 0.404106 0.370925 0.049805 0.049805
0 0.413711 0.386935 0.049805 0.049805
0 0.400904 0.415112 0.049805 0.049805
0 0.448933 0.427280 0.049805 0.049805
0 0.452135 0.351713 0.049805 0.049805
0 0.429081 0.355556 0.049805 0.049805
0 0.561001 0.293438 0.049805 0.049805
0 0.577651 0.231320 0.049805 0.049805
0 0.543711 0.231320 0.049805 0.049805
0 0.564203 0.225557 0.049805 0.049805
0 0.567405 0.323536 0.049805 0.049805
0 0.554597 0.341467 0.049805 0.049805
0 0.540509 0.360039 0.049805 0.049805
0 0.577011 0.351713 0.049805 0.049805
0 0.571247 0.382452 0.049805 0.049805
0 0.574449 0.402304 0.049805 0.049805
0 0.550115 0.395900 0.049805 0.049805
0 0.532184 0.403585 0.049805 0.049805
0 0.498243 0.409349 0.049805 0.049805
0 0.464302 0.384373 0.049805 0.049805
0 0.500164 0.384373 0.049805 0.049805
0 0.525780 0.393979 0.049805 0.049805
0 0.461741 0.412551 0.049805 0.049805
0 0.427800 0.383093 0.049805 0.049805
0 0.569326 0.249891 0.049805 0.049805
0 0.411150 0.528461 0.049805 0.049805
0 0.505928 0.476590 0.049805 0.049805
0 0.498243 0.424078 0.049805 0.049805
0 0.569260 0.005571 0.049805 0.049805
0 0.591194 0.022155 0.049805 0.049805
0 0.587450 0.041414 0.049805 0.049805
0 0.590659 0.061743 0.049805 0.049805
0 0.551606 0.070838 0.049805 0.049805
0 0.602964 0.030714 0.049805 0.049805
0 0.629713 0.003431 0.049805 0.049805
0 0.665556 0.006106 0.049805 0.049805
0 0.707284 0.002361 0.049805 0.049805
0 0.719054 0.015200 0.049805 0.049805
0 0.743663 0.015200 0.049805 0.049805
0 0.770947 0.005571 0.049805 0.049805
0 0.757572 0.016805 0.049805 0.049805
0 0.771481 0.026435 0.049805 0.049805
0 0.785391 0.014665 0.049805 0.049805
0 0.838889 0.006106 0.049805 0.049805
0 0.781646 0.039274 0.049805 0.049805
0 0.762387 0.040879 0.049805 0.049805
0 0.743663 0.039809 0.049805 0.049805
0 0.732963 0.028040 0.049805 0.049805
0 0.691770 0.022155 0.049805 0.049805
0 0.696585 0.037134 0.049805 0.049805
0 0.653252 0.016805 0.049805 0.049805
0 0.629178 0.011990 0.049805 0.049805
0 0.640947 0.026435 0.049805 0.049805
0 0.661276 0.030179 0.049805 0.049805
0 0.679466 0.044624 0.049805 0.049805
0 0.674651 0.054788 0.049805 0.049805
0 0.589055 0.084747 0.049805 0.049805
0 0.596009 0.092772 0.049805 0.049805
0 0.617408 0.076722 0.049805 0.049805
0 0.630248 0.053183 0.049805 0.049805
0 0.617943 0.091702 0.049805 0.049805
0 0.629178 0.104541 0.049805 0.049805
0 0.611524 0.114171 0.049805 0.049805
0 0.602429 0.129150 0.049805 0.049805
0 0.589055 0.126475 0.049805 0.049805
0 0.582635 0.139315 0.049805 0.049805
0 0.576215 0.124335 0.049805 0.049805
0 0.568190 0.137175 0.049805 0.049805
0 0.561236 0.149479 0.049805 0.049805
0 0.543047 0.150014 0.049805 0.049805
0 0.574075 0.169808 0.049805 0.049805
0 0.570865 0.191742 0.049805 0.049805
0 0.578355 0.212071 0.049805 0.049805
0 0.585310 0.200837 0.049805 0.049805
0 0.586915 0.182113 0.049805 0.049805
0 0.589055 0.156969 0.049805 0.049805
0 0.602429 0.167133 0.049805 0.049805
0 0.618478 0.137175 0.049805 0.049805
0 0.632923 0.131825 0.049805 0.049805
0 0.632388 0.168203 0.049805 0.049805
0 0.609384 0.213141 0.049805 0.049805
0 0.604034 0.195487 0.049805 0.049805
0 0.601359 0.255405 0.049805 0.049805
0 0.596544 0.291783 0.049805 0.049805
0 0.586915 0.309972 0.049805 0.049805
0 0.615803 0.321207 0.049805 0.049805
0 0.631853 0.311042 0.049805 0.049805
0 0.682675 0.298203 0.049805 0.049805
0 0.708889 0.303017 0.049805 0.049805
0 0.729753 0.304087 0.049805 0.049805
0 0.637737 0.264499 0.049805 0.049805
0 0.640412 0.239355 0.049805 0.049805
0 0.624363 0.254335 0.049805 0.049805
0 0.644157 0.223306 0.049805 0.049805
0 0.634528 0.202977 0.049805 0.049805
0 0.669836 0.222771 0.049805 0.049805
0 0.659671 0.241495 0.049805 0.049805
0 0.677326 0.243635 0.049805 0.049805
0 0.695515 0.213676 0.049805 0.049805
0 0.680001 0.203512 0.049805 0.049805
0 0.704609 0.232936 0.049805 0.049805
0 0.700330 0.268779 0.049805 0.049805
0 0.709424 0.263964 0.049805 0.049805
0 0.730823 0.265569 0.049805 0.049805
0 0.730288 0.285363 0.049805 0.049805
0 0.747943 0.286433 0.049805 0.049805
0 0.757572 0.294458 0.049805 0.049805
0 0.765062 0.243100 0.049805 0.049805
0 0.765597 0.233470 0.049805 0.049805
0 0.826584 0.277339 0.049805 0.049805
0 0.780041 0.057998 0.049805 0.049805
0 0.752757 0.056928 0.049805 0.049805
0 0.718519 0.057998 0.049805 0.049805
0 0.750617 0.072978 0.049805 0.049805
0 0.780576 0.074048 0.049805 0.049805
0 0.795555 0.057998 0.049805 0.049805
0 0.820699 0.078862 0.049805 0.049805
0 0.791811 0.088492 0.049805 0.049805
0 0.811070 0.118451 0.049805 0.049805
0 0.818024 0.107216 0.049805 0.049805
0 0.841563 0.091702 0.049805 0.049805
0 0.844238 0.108286 0.049805 0.049805
0 0.835144 0.140385 0.049805 0.049805
0 0.795555 0.123800 0.049805 0.049805
0 0.772016 0.314787 0.049805 0.049805
0 0.789136 0.292318 0.049805 0.049805
0 0.790206 0.324416 0.049805 0.049805
0 0.842098 0.313182 0.049805 0.049805
0 0.846378 0.246845 0.049805 0.049805
0 0.804650 0.228121 0.049805 0.049805
0 0.819094 0.222236 0.049805 0.049805
0 0.841028 0.218491 0.049805 0.049805
0 0.816954 0.197092 0.049805 0.049805
0 0.798230 0.208327 0.049805 0.049805
0 0.794485 0.194417 0.049805 0.049805
0 0.797695 0.180508 0.049805 0.049805
0 0.796090 0.154829 0.049805 0.049805
0 0.780576 0.143059 0.049805 0.049805
0 0.757037 0.135570 0.049805 0.049805
0 0.766132 0.133430 0.049805 0.049805
0 0.730288 0.131825 0.049805 0.049805
0 0.726008 0.095982 0.049805 0.049805
0 0.711564 0.102936 0.049805 0.049805
0 0.678931 0.109356 0.049805 0.049805
0 0.657532 0.067093 0.049805 0.049805
0 0.822304 0.261824 0.049805 0.049805
0 0.810000 0.246845 0.049805 0.049805
0 0.786461 0.224911 0.049805 0.049805
0 0.761852 0.209397 0.049805 0.049805
0 0.745803 0.198162 0.049805 0.049805
0 0.736708 0.178368 0.049805 0.049805
0 0.749012 0.170878 0.049805 0.049805
0 0.758107 0.168203 0.049805 0.049805
0 0.770947 0.163389 0.049805 0.049805
0 0.742593 0.154294 0.049805 0.049805
0 0.766132 0.110426 0.049805 0.049805
0 0.752757 0.087957 0.049805 0.049805
0 0.810000 0.054788 0.049805 0.049805
0 0.813210 0.069233 0.049805 0.049805
0 0.813745 0.046764 0.049805 0.049805
0 0.814280 0.033389 0.049805 0.049805
0 0.827654 0.039274 0.049805 0.049805
0 0.832469 0.050509 0.049805 0.049805
0 0.836214 0.059603 0.049805 0.049805
0 0.810535 0.101866 0.049805 0.049805
0 0.847983 0.084212 0.049805 0.049805
0 0.831399 0.164994 0.049805 0.049805
0 0.815885 0.172483 0.049805 0.049805
0 0.832469 0.179438 0.049805 0.049805
0 0.843168 0.203512 0.049805 0.049805
0 0.850658 0.164994 0.049805 0.049805
0 0.853333 0.289108 0.049805 0.049805
0 0.783786 0.171948 0.049805 0.049805
0 0.766132 0.194417 0.049805 0.049805
0 0.759712 0.219561 0.049805 0.049805
0 0.772016 0.284293 0.049805 0.049805
0 0.749547 0.253265 0.049805 0.049805
0 0.656462 0.089027 0.049805 0.049805
0 0.661276 0.084212 0.049805 0.049805
0 0.683210 0.189602 0.049805 0.049805
0 0.701935 0.194417 0.049805 0.049805
0 0.720124 0.198162 0.049805 0.049805
0 0.707819 0.168203 0.049805 0.049805
0 0.712634 0.221701 0.049805 0.049805
0 0.724404 0.215816 0.049805 0.049805
0 0.676925 0.324540 0.049805 0.049805
0 0.662196 0.308531 0.049805 0.049805
0 0.651950 0.286117 0.049805 0.049805
0 0.642344 0.343752 0.049805 0.049805
0 0.657073 0.332865 0.049805 0.049805
0 0.659635 0.359762 0.049805 0.049805
0 0.682689 0.384737 0.049805 0.049805
0 0.698058 0.388579 0.049805 0.049805
0 0.653231 0.423801 0.049805 0.049805
0 0.623132 0.387939 0.049805 0.049805
0 0.603921 0.402668 0.049805 0.049805
0 0.608403 0.367447 0.049805 0.049805
0 0.607123 0.343752 0.049805 0.049805
0 0.744806 0.377693 0.049805 0.049805
0 0.723674 0.375131 0.049805 0.049805
0 0.725595 0.337989 0.049805 0.049805
0 0.735841 0.341190 0.049805 0.049805
0 0.771062 0.360402 0.049805 0.049805
0 0.788993 0.341831 0.049805 0.049805
0 0.809486 0.323900 0.049805 0.049805
0 0.805644 0.346954 0.049805 0.049805
0 0.844067 0.337989 0.049805 0.049805
0 0.845348 0.366166 0.049805 0.049805
0 0.815890 0.367447 0.049805 0.049805
0 0.815890 0.414835 0.049805 0.049805
0 0.877367 0.392422 0.049805 0.049805
0 0.861998 0.377693 0.049805 0.049805
0 0.872244 0.353358 0.049805 0.049805
0 0.892096 0.365525 0.049805 0.049805
0 0.906825 0.343752 0.049805 0.049805
0 0.924756 0.346314 0.049805 0.049805
0 0.908746 0.386658 0.049805 0.049805
0 0.837023 0.500007 0.049805 0.049805
0 0.844707 0.521140 0.049805 0.049805
0 0.874165 0.287398 0.049805 0.049805
0 0.881210 0.260501 0.049805 0.049805
0 0.875446 0.214393 0.049805 0.049805
0 0.908106 0.222078 0.049805 0.049805
0 0.913870 0.233605 0.049805 0.049805
0 0.918352 0.243851 0.049805 0.049805
0 0.928599 0.264984 0.049805 0.049805
0 0.904264 0.282915 0.049805 0.049805
0 0.892096 0.312373 0.049805 0.049805
0 0.920273 0.299565 0.049805 0.049805
0 0.900830 0.020970 0.049805 0.049805
0 0.916726 0.009354 0.049805 0.049805
0 0.916726 0.024027 0.049805 0.049805
0 0.943017 0.023416 0.049805 0.049805
0 0.970530 0.030141 0.049805 0.049805
0 0.958913 0.019136 0.049805 0.049805
0 0.990706 0.019136 0.049805 0.049805
0 0.952188 0.063157 0.049805 0.049805
0 0.933846 0.041146 0.049805 0.049805
0 0.915503 0.063157 0.049805 0.049805
0 0.898996 0.077831 0.049805 0.049805
0 0.872705 0.083333 0.049805 0.049805
0 0.872705 0.066214 0.049805 0.049805
0 0.864757 0.036255 0.049805 0.049805
0 0.849472 0.036255 0.049805 0.049805
0 0.883099 0.023416 0.049805 0.049805
0 0.878819 0.003851 0.049805 0.049805
0 0.934457 0.091893 0.049805 0.049805
0 0.947908 0.091893 0.049805 0.049805
0 0.963804 0.088836 0.049805 0.049805
0 0.976032 0.083333 0.049805 0.049805
0 0.997431 0.073551 0.049805 0.049805
0 0.994986 0.102287 0.049805 0.049805
0 0.978478 0.109012 0.049805 0.049805
0 0.991317 0.119406 0.049805 0.049805
0 0.974809 0.127354 0.049805 0.049805
0 0.955245 0.109623 0.049805 0.049805
0 0.935680 0.107789 0.049805 0.049805
0 0.941794 0.119406 0.049805 0.049805
0 0.916115 0.116349 0.049805 0.049805
0 0.905721 0.096784 0.049805 0.049805
0 0.898384 0.106566 0.049805 0.049805
0 0.881265 0.109623 0.049805 0.049805
0 0.870871 0.115737 0.049805 0.049805
0 0.884322 0.127966 0.049805 0.049805
0 0.898996 0.130411 0.049805 0.049805
0 0.929566 0.143862 0.049805 0.049805
0 0.949131 0.141416 0.049805 0.049805
0 0.987649 0.145696 0.049805 0.049805
0 0.965638 0.187883 0.049805 0.049805
0 0.971141 0.170764 0.049805 0.049805
0 0.983369 0.219676 0.049805 0.049805
0 0.996208 0.188494 0.049805 0.049805
0 0.954633 0.209282 0.049805 0.049805
0 0.940571 0.165872 0.049805 0.049805
0 0.914281 0.169541 0.049805 0.049805
0 0.910612 0.158536 0.049805 0.049805
0 0.892882 0.162815 0.049805 0.049805
0 0.876374 0.150587 0.049805 0.049805
0 0.900218 0.143251 0.049805 0.049805
0 0.849472 0.152422 0.049805 0.049805
0 0.869037 0.187883 0.049805 0.049805
0 0.917949 0.203779 0.049805 0.049805
0 0.924063 0.186660 0.049805 0.049805
0 0.950353 0.227013 0.049805 0.049805
0 0.961359 0.269199 0.049805 0.049805
0 0.976032 0.243520 0.049805 0.049805
0 0.994374 0.271033 0.049805 0.049805
0 0.946685 0.304661 0.049805 0.049805
0 0.957690 0.315054 0.049805 0.049805
0 0.939960 0.280816 0.049805 0.049805
0 0.973587 0.303438 0.049805 0.049805
0 0.998043 0.310775 0.049805 0.049805
0 0.958302 0.345013 0.049805 0.049805
0 0.910612 0.327894 0.049805 0.049805
0 0.757762 0.332174 0.049805 0.049805
0 0.993752 0.385677 0.049805 0.049805
0 0.937177 0.824352 0.049805 0.049805