0 0.910462 0.942574 0.049805 0.049479
0 0.869066 0.554587 0.049805 0.049479
0 0.834975 0.380886 0.049805 0.049479
0 0.914114 0.278613 0.049805 0.049479
0 0.951858 0.270496 0.049805 0.049479
0 0.973773 0.192574 0.049805 0.049479
0 0.910462 0.155237 0.049805 0.049479
0 0.940900 0.151990 0.049805 0.049479
0 0.232296 0.369522 0.049805 0.049479
0 0.278562 0.414977 0.049805 0.049479
0 0.312653 0.431211 0.049805 0.049479
0 0.330916 0.460432 0.049805 0.049479
0 0.349179 0.382509 0.049805 0.049479
0 0.360137 0.486406 0.049805 0.049479
0 0.385705 0.497769 0.049805 0.049479
0 0.422231 0.517250 0.049805 0.049479
0 0.442929 0.442574 0.049805 0.049479
0 0.449017 0.551341 0.049805 0.049479
0 0.535462 0.590302 0.049805 0.049479
0 0.545202 0.460432 0.049805 0.049479
0 0.509893 0.398743 0.049805 0.049479
0 0.648692 0.449068 0.049805 0.049479
0 0.599991 0.382509 0.049805 0.049479
0 0.632864 0.335432 0.049805 0.049479
0 0.614601 0.288354 0.049805 0.049479
0 0.585380 0.288354 0.049805 0.049479
0 0.674260 0.725042 0.049805 0.049479
0 0.735137 0.337055 0.049805 0.049479
0 0.764358 0.333808 0.049805 0.049479
0 0.798449 0.281860 0.049805 0.049479
0 0.838627 0.276990 0.049805 0.049479
0 0.799666 0.221795 0.049805 0.049479
0 0.651127 0.272120 0.049805 0.049479
0 0.636517 0.260756 0.049805 0.049479
0 0.691306 0.251016 0.049805 0.049479
0 0.721744 0.254263 0.049805 0.049479
0 0.798449 0.122769 0.049805 0.049479
0 0.760705 0.140626 0.049805 0.049479
0 0.084975 0.328938 0.049805 0.049479
0 0.083757 0.345172 0.049805 0.049479
0 0.095932 0.351665 0.049805 0.049479
0 0.109325 0.374393 0.049805 0.049479
0 0.125153 0.385756 0.049805 0.049479
0 0.140981 0.403613 0.049805 0.049479
0 0.282215 0.262380 0.049805 0.049479
0 0.244471 0.260756 0.049805 0.049479
0 0.279780 0.242899 0.049805 0.049479
0 0.341874 0.231535 0.049805 0.049479
0 0.356484 0.215302 0.049805 0.049479
0 0.382053 0.212055 0.049805 0.049479
0 0.450234 0.216925 0.049805 0.049479
0 0.408838 0.140626 0.049805 0.049479
0 0.388140 0.153613 0.049805 0.049479
0 0.366225 0.158483 0.049805 0.049479
0 0.356484 0.166600 0.049805 0.049479
0 0.144228 0.261974 0.049805 0.049479
0 0.164926 0.247363 0.049805 0.049479
0 0.175275 0.228695 0.049805 0.049479
0 0.149098 0.237623 0.049805 0.049479
0 0.133879 0.237623 0.049805 0.049479
0 0.125965 0.228695 0.049805 0.049479
0 0.137531 0.221389 0.049805 0.049479
0 0.159447 0.210026 0.049805 0.049479
0 0.163100 0.192980 0.049805 0.049479
0 0.180145 0.187298 0.049805 0.049479
0 0.192320 0.179182 0.049805 0.049479
0 0.202061 0.206779 0.049805 0.049479
0 0.249544 0.207591 0.049805 0.049479
0 0.261111 0.188110 0.049805 0.049479
0 0.242239 0.182428 0.049805 0.049479
0 0.220932 0.155643 0.049805 0.049479
0 0.212410 0.114246 0.049805 0.049479
0 0.172840 0.138597 0.049805 0.049479
0 0.152142 0.144279 0.049805 0.049479
0 0.053522 0.227883 0.049805 0.049479
0 0.077872 0.218143 0.049805 0.049479
0 0.091265 0.226259 0.049805 0.049479
0 0.088221 0.188110 0.049805 0.049479
0 0.049869 0.198662 0.049805 0.049479
0 0.045608 0.151584 0.049805 0.049479
0 0.307986 0.141844 0.049805 0.049479
0 0.324423 0.158889 0.049805 0.049479
0 0.119877 0.173500 0.049805 0.049479
0 0.096744 0.167818 0.049805 0.049479
0 0.127182 0.121552 0.049805 0.049479
0 0.113790 0.139409 0.049805 0.049479
0 0.110137 0.127233 0.049805 0.049479
0 0.105876 0.134539 0.049805 0.049479
0 0.101614 0.132915 0.049805 0.049479
0 0.097962 0.141032 0.049805 0.049479
0 0.093700 0.127233 0.049805 0.049479
0 0.090048 0.115870 0.049805 0.049479
0 0.115007 0.115870 0.049805 0.049479
0 0.061436 0.136974 0.049805 0.049479
0 0.057174 0.135350 0.049805 0.049479
0 0.065697 0.128045 0.049805 0.049479
0 0.070567 0.129669 0.049805 0.049479
0 0.070567 0.117493 0.049805 0.049479
0 0.074220 0.102883 0.049805 0.049479
0 0.043579 0.138800 0.049805 0.049479
0 0.035360 0.138800 0.049805 0.049479
0 0.030490 0.135959 0.049805 0.049479
0 0.044796 0.129466 0.049805 0.049479
0 0.034447 0.122972 0.049805 0.049479
0 0.032316 0.129466 0.049805 0.049479
0 0.059711 0.119320 0.049805 0.049479
0 0.054841 0.109173 0.049805 0.049479
0 0.051188 0.109579 0.049805 0.049479
0 0.077974 0.130277 0.049805 0.049479
0 0.080713 0.112420 0.049805 0.049479
0 0.072799 0.113232 0.049805 0.049479
0 0.059102 0.110797 0.049805 0.049479
0 0.060928 0.102274 0.049805 0.049479
0 0.038708 0.107956 0.049805 0.049479
0 0.032621 0.099433 0.049805 0.049479
0 0.046014 0.094969 0.049805 0.049479
0 0.039926 0.099433 0.049805 0.049479
0 0.042361 0.114449 0.049805 0.049479
0 0.326959 0.204953 0.049805 0.049479
0 0.316610 0.192777 0.049805 0.049479
0 0.312653 0.170456 0.049805 0.049479
0 0.290129 0.173703 0.049805 0.049479
0 0.284650 0.153005 0.049805 0.049479
0 0.266387 0.148540 0.049805 0.049479
0 0.250559 0.118102 0.049805 0.049479
0 0.252385 0.105521 0.049805 0.049479
0 0.257255 0.103897 0.049805 0.049479
0 0.237471 0.098216 0.049805 0.049479
0 0.225295 0.098216 0.049805 0.049479
0 0.256038 0.057225 0.049805 0.049479
0 0.265778 0.055602 0.049805 0.049479
0 0.272170 0.053979 0.049805 0.049479
0 0.276432 0.053979 0.049805 0.049479
0 0.278562 0.101057 0.049805 0.049479
0 0.296521 0.097810 0.049805 0.049479
0 0.298043 0.115261 0.049805 0.049479
0 0.289216 0.119320 0.049805 0.049479
0 0.316306 0.133524 0.049805 0.049479
0 0.323307 0.128654 0.049805 0.049479
0 0.355267 0.137988 0.049805 0.049479
0 0.394837 0.107956 0.049805 0.049479
0 0.387531 0.085634 0.049805 0.049479
0 0.389662 0.073459 0.049805 0.049479
0 0.399098 0.079141 0.049805 0.049479
0 0.479455 0.155845 0.049805 0.049479
0 0.487065 0.155034 0.049805 0.049479
0 0.486152 0.137177 0.049805 0.049479
0 0.464236 0.133118 0.049805 0.049479
0 0.453887 0.133524 0.049805 0.049479
0 0.458453 0.123784 0.049805 0.049479
0 0.490413 0.116073 0.049805 0.049479
0 0.497414 0.116884 0.049805 0.049479
0 0.504110 0.126625 0.049805 0.049479
0 0.511720 0.127436 0.049805 0.049479
0 0.543071 0.135959 0.049805 0.049479
0 0.547333 0.141641 0.049805 0.049479
0 0.561943 0.137988 0.049805 0.049479
0 0.563465 0.150570 0.049805 0.049479
0 0.585076 0.145294 0.049805 0.049479
0 0.583250 0.130277 0.049805 0.049479
0 0.605774 0.125407 0.049805 0.049479
0 0.602122 0.133930 0.049805 0.049479
0 0.594816 0.089693 0.049805 0.049479
0 0.598165 0.081170 0.049805 0.049479
0 0.592990 0.073865 0.049805 0.049479
0 0.616428 0.071430 0.049805 0.049479
0 0.627385 0.062095 0.049805 0.049479
0 0.628907 0.079547 0.049805 0.049479
0 0.635299 0.062501 0.049805 0.049479
0 0.632864 0.046673 0.049805 0.049479
0 0.634691 0.030845 0.049805 0.049479
0 0.644126 0.046673 0.049805 0.049479
0 0.652040 0.048703 0.049805 0.049479
0 0.657519 0.039774 0.049805 0.049479
0 0.661476 0.032469 0.049805 0.049479
0 0.659041 0.025975 0.049805 0.049479
0 0.664824 0.036121 0.049805 0.049479
0 0.670303 0.031657 0.049805 0.049479
0 0.682174 0.023946 0.049805 0.049479
0 0.689479 0.029628 0.049805 0.049479
0 0.692523 0.024352 0.049805 0.049479
0 0.740311 0.155845 0.049805 0.049479
0 0.757357 0.118914 0.049805 0.049479
0 0.854557 0.090099 0.049805 0.049479
0 0.867036 0.098216 0.049805 0.049479
0 0.822596 0.079547 0.049805 0.049479
0 0.812856 0.084011 0.049805 0.049479
0 0.814074 0.044238 0.049805 0.049479
0 0.810421 0.044238 0.049805 0.049479
0 0.808595 0.054384 0.049805 0.049479
0 0.817117 0.039774 0.049805 0.049479
0 0.842686 0.046673 0.049805 0.049479
0 0.836294 0.062095 0.049805 0.049479
0 0.849686 0.061284 0.049805 0.049479
0 0.849078 0.069401 0.049805 0.049479
0 0.856687 0.051138 0.049805 0.049479
0 0.892300 0.086852 0.049805 0.049479
0 0.894431 0.070212 0.049805 0.049479
0 0.887734 0.075082 0.049805 0.049479
0 0.491022 0.089287 0.049805 0.049479
0 0.486456 0.094157 0.049805 0.049479
0 0.501066 0.088070 0.049805 0.049479
0 0.504719 0.080764 0.049805 0.049479
0 0.504719 0.080764 0.049805 0.049479
0 0.594512 0.064936 0.049805 0.049479
0 0.627994 0.036933 0.049805 0.049479
0 0.174978 0.095734 0.049805 0.049479
0 0.058473 0.152239 0.049805 0.049479
0 0.069760 0.146943 0.049805 0.049479
0 0.078121 0.149452 0.049805 0.049479
0 0.041750 0.090087 0.049805 0.049479