0 0.351168 0.950900 0.049805 0.049853
0 0.276395 0.987432 0.049805 0.049853
0 0.263933 0.964266 0.049805 0.049853
0 0.249097 0.951791 0.049805 0.049853
0 0.201622 0.980304 0.049805 0.049853
0 0.155928 0.975849 0.049805 0.049853
0 0.168984 0.938426 0.049805 0.049853
0 0.216458 0.901003 0.049805 0.049853
0 0.179665 0.891202 0.049805 0.049853
0 0.143466 0.909022 0.049805 0.049853
0 0.091837 0.937535 0.049805 0.049853
0 0.065133 0.904567 0.049805 0.049853
0 0.103706 0.857343 0.049805 0.049853
0 0.127443 0.892984 0.049805 0.049853
0 0.137532 0.865362 0.049805 0.049853
0 0.170170 0.857343 0.049805 0.049853
0 0.173138 0.839522 0.049805 0.049853
0 0.166016 0.806555 0.049805 0.049853
0 0.210524 0.852888 0.049805 0.049853
0 0.237229 0.822593 0.049805 0.049853
0 0.216458 0.804773 0.049805 0.049853
0 0.230701 0.782497 0.049805 0.049853
0 0.252064 0.792298 0.049805 0.049853
0 0.254438 0.846651 0.049805 0.049853
0 0.266900 0.871599 0.049805 0.049853
0 0.268681 0.778933 0.049805 0.049853
0 0.018845 0.919714 0.049805 0.049853
0 0.061572 0.868926 0.049805 0.049853
0 0.033087 0.865362 0.049805 0.049853
0 0.043176 0.840414 0.049805 0.049853
0 0.006383 0.847542 0.049805 0.049853
0 0.024186 0.816356 0.049805 0.049853
0 0.064539 0.808337 0.049805 0.049853
0 0.077001 0.831503 0.049805 0.049853
0 0.100739 0.809228 0.049805 0.049853
0 0.114981 0.811010 0.049805 0.049853
0 0.150587 0.765568 0.049805 0.049853
0 0.131004 0.750420 0.049805 0.049853
0 0.080562 0.766459 0.049805 0.049853
0 0.065726 0.772696 0.049805 0.049853
0 0.049703 0.785170 0.049805 0.049853
0 0.034867 0.773587 0.049805 0.049853
0 0.025372 0.762895 0.049805 0.049853
0 0.006976 0.780715 0.049805 0.049853
0 0.026559 0.732600 0.049805 0.049853
0 0.028933 0.704978 0.049805 0.049853
0 0.074628 0.732600 0.049805 0.049853
0 0.075814 0.696959 0.049805 0.049853
0 0.077001 0.674683 0.049805 0.049853
0 0.040802 0.680921 0.049805 0.049853
0 0.040802 0.639043 0.049805 0.049853
0 0.008756 0.647062 0.049805 0.049853
0 0.024779 0.610530 0.049805 0.049853
0 0.014097 0.614985 0.049805 0.049853
0 0.020032 0.593601 0.049805 0.049853
0 0.017658 0.567761 0.049805 0.049853
0 0.079375 0.660427 0.049805 0.049853
0 0.056231 0.644389 0.049805 0.049853
0 0.067506 0.621222 0.049805 0.049853
0 0.062165 0.614985 0.049805 0.049853
0 0.052670 0.613203 0.049805 0.049853
0 0.067506 0.593601 0.049805 0.049853
0 0.060385 0.574889 0.049805 0.049853
0 0.047923 0.555287 0.049805 0.049853
0 0.075221 0.565088 0.049805 0.049853
0 0.080562 0.592709 0.049805 0.049853
0 0.084122 0.602511 0.049805 0.049853
0 0.096585 0.623004 0.049805 0.049853
0 0.094804 0.611421 0.049805 0.049853
0 0.101926 0.598947 0.049805 0.049853
0 0.185600 0.788734 0.049805 0.049853
0 0.195095 0.773587 0.049805 0.049853
0 0.210524 0.733491 0.049805 0.049853
0 0.176105 0.724581 0.049805 0.049853
0 0.146433 0.704978 0.049805 0.049853
0 0.144653 0.682703 0.049805 0.049853
0 0.129223 0.671119 0.049805 0.049853
0 0.109640 0.684485 0.049805 0.049853
0 0.099552 0.674683 0.049805 0.049853
0 0.100739 0.656863 0.049805 0.049853
0 0.117355 0.653299 0.049805 0.049853
0 0.151181 0.660427 0.049805 0.049853
0 0.166016 0.674683 0.049805 0.049853
0 0.170170 0.663100 0.049805 0.049853
0 0.187380 0.682703 0.049805 0.049853
0 0.188567 0.655081 0.049805 0.049853
0 0.194501 0.644389 0.049805 0.049853
0 0.240789 0.664882 0.049805 0.049853
0 0.260966 0.749529 0.049805 0.049853
0 0.257999 0.724581 0.049805 0.049853
0 0.275208 0.727254 0.049805 0.049853
0 0.279956 0.774478 0.049805 0.049853
0 0.292418 0.753093 0.049805 0.049853
0 0.306660 0.778933 0.049805 0.049853
0 0.312001 0.756657 0.049805 0.049853
0 0.328617 0.756657 0.049805 0.049853
0 0.327431 0.721017 0.049805 0.049853
0 0.356509 0.761113 0.049805 0.049853
0 0.351168 0.729036 0.049805 0.049853
0 0.363037 0.710324 0.049805 0.049853
0 0.385587 0.698741 0.049805 0.049853
0 0.410511 0.680921 0.049805 0.049853
0 0.409324 0.722799 0.049805 0.049853
0 0.401610 0.708542 0.049805 0.049853
0 0.395676 0.732600 0.049805 0.049853
0 0.390335 0.785170 0.049805 0.049853
0 0.216458 0.674683 0.049805 0.049853
0 0.224766 0.640825 0.049805 0.049853
0 0.213491 0.624786 0.049805 0.049853
0 0.235448 0.624786 0.049805 0.049853
0 0.265120 0.628350 0.049805 0.049853
0 0.254438 0.618549 0.049805 0.049853
0 0.269274 0.604293 0.049805 0.049853
0 0.253251 0.587363 0.049805 0.049853
0 0.275802 0.626568 0.049805 0.049853
0 0.291231 0.624786 0.049805 0.049853
0 0.283516 0.655081 0.049805 0.049853
0 0.306660 0.614985 0.049805 0.049853
0 0.325650 0.609639 0.049805 0.049853
0 0.304880 0.588254 0.049805 0.049853
0 0.215865 0.593601 0.049805 0.049853
0 0.220612 0.588254 0.049805 0.049853
0 0.215865 0.579344 0.049805 0.049853
0 0.206963 0.585581 0.049805 0.049853
0 0.201622 0.592709 0.049805 0.049853
0 0.202216 0.607857 0.049805 0.049853
0 0.198062 0.578453 0.049805 0.049853
0 0.201029 0.574889 0.049805 0.049853
0 0.206963 0.567761 0.049805 0.049853
0 0.187973 0.580235 0.049805 0.049853
0 0.178479 0.583799 0.049805 0.049853
0 0.164830 0.583799 0.049805 0.049853
0 0.164236 0.598947 0.049805 0.049853
0 0.155928 0.605184 0.049805 0.049853
0 0.152961 0.636370 0.049805 0.049853
0 0.153554 0.617658 0.049805 0.049853
0 0.147027 0.612312 0.049805 0.049853
0 0.130410 0.612312 0.049805 0.049853
0 0.133378 0.596274 0.049805 0.049853
0 0.147027 0.590036 0.049805 0.049853
0 0.135158 0.579344 0.049805 0.049853
0 0.139312 0.559742 0.049805 0.049853
0 0.091837 0.559742 0.049805 0.049853
0 0.098365 0.549940 0.049805 0.049853
0 0.088870 0.535684 0.049805 0.049853
0 0.067506 0.541030 0.049805 0.049853
0 0.108453 0.527665 0.049805 0.049853
0 0.098365 0.524992 0.049805 0.049853
0 0.114388 0.541921 0.049805 0.049853
0 0.121509 0.549049 0.049805 0.049853
0 0.128037 0.543703 0.049805 0.049853
0 0.128630 0.531229 0.049805 0.049853
0 0.139312 0.531229 0.049805 0.049853
0 0.139312 0.540139 0.049805 0.049853
0 0.157115 0.549049 0.049805 0.049853
0 0.163643 0.533902 0.049805 0.049853
0 0.148807 0.535684 0.049805 0.049853
0 0.167797 0.551723 0.049805 0.049853
0 0.179665 0.548158 0.049805 0.049853
0 0.174324 0.535684 0.049805 0.049853
0 0.185600 0.557960 0.049805 0.049853
0 0.192128 0.537466 0.049805 0.049853
0 0.199249 0.539248 0.049805 0.049853
0 0.206963 0.531229 0.049805 0.049853
0 0.215865 0.547267 0.049805 0.049853
0 0.229514 0.531229 0.049805 0.049853
0 0.242569 0.533011 0.049805 0.049853
0 0.218832 0.523210 0.049805 0.049853
0 0.222986 0.508062 0.049805 0.049853
0 0.202809 0.512518 0.049805 0.049853
0 0.206370 0.492915 0.049805 0.049853
0 0.191534 0.493806 0.049805 0.049853
0 0.187380 0.503607 0.049805 0.049853
0 0.177885 0.492024 0.049805 0.049853
0 0.169577 0.507171 0.049805 0.049853
0 0.098958 0.580235 0.049805 0.049853
0 0.116168 0.576671 0.049805 0.049853
0 0.589729 0.975849 0.049805 0.049853
0 0.489438 0.880509 0.049805 0.049853
0 0.609905 0.856452 0.049805 0.049853
0 0.749362 0.860907 0.049805 0.049853
0 0.877544 0.939317 0.049805 0.049853
0 0.696547 0.807446 0.049805 0.049853
0 0.697734 0.769132 0.049805 0.049853
0 0.444931 0.694286 0.049805 0.049853
0 0.441370 0.669337 0.049805 0.049853
0 0.466888 0.664882 0.049805 0.049853
0 0.478163 0.640825 0.049805 0.049853
0 0.215271 0.507171 0.049805 0.049853
0 0.220019 0.487569 0.049805 0.049853
0 0.220019 0.479550 0.049805 0.049853
0 0.521484 0.676466 0.049805 0.049853
0 0.511395 0.640825 0.049805 0.049853
0 0.511395 0.616767 0.049805 0.049853
0 0.498933 0.594492 0.049805 0.049853
0 0.483504 0.577562 0.049805 0.049853
0 0.475196 0.568652 0.049805 0.049853
0 0.466294 0.551723 0.049805 0.049853
0 0.443150 0.537466 0.049805 0.049853
0 0.415852 0.569543 0.049805 0.049853
0 0.433062 0.580235 0.049805 0.049853
0 0.451458 0.608748 0.049805 0.049853
0 0.402203 0.601620 0.049805 0.049853
0 0.392708 0.593601 0.049805 0.049853
0 0.386774 0.580235 0.049805 0.049853
0 0.359476 0.614094 0.049805 0.049853
0 0.366597 0.606075 0.049805 0.049853
0 0.371938 0.639043 0.049805 0.049853
0 0.399830 0.682703 0.049805 0.049853
0 0.363037 0.587363 0.049805 0.049853
0 0.351168 0.590036 0.049805 0.049853
0 0.372532 0.582908 0.049805 0.049853
0 0.347607 0.569543 0.049805 0.049853
0 0.335145 0.566870 0.049805 0.049853
0 0.318529 0.564197 0.049805 0.049853
0 0.303100 0.568652 0.049805 0.049853
0 0.294198 0.551723 0.049805 0.049853
0 0.299539 0.531229 0.049805 0.049853
0 0.306660 0.520537 0.049805 0.049853
0 0.317342 0.505389 0.049805 0.049853
0 0.323870 0.519646 0.049805 0.049853
0 0.330991 0.539248 0.049805 0.049853
0 0.323277 0.548158 0.049805 0.049853
0 0.339893 0.535684 0.049805 0.049853
0 0.357696 0.557069 0.049805 0.049853
0 0.366597 0.541921 0.049805 0.049853
0 0.374905 0.523210 0.049805 0.049853
0 0.383807 0.535684 0.049805 0.049853
0 0.397456 0.557960 0.049805 0.049853
0 0.408731 0.551723 0.049805 0.049853
0 0.403984 0.532120 0.049805 0.049853
0 0.411105 0.527665 0.049805 0.049853
0 0.433062 0.513409 0.049805 0.049853
0 0.441370 0.513409 0.049805 0.049853
0 0.459766 0.525883 0.049805 0.049853
0 0.462140 0.512518 0.049805 0.049853
0 0.453239 0.503607 0.049805 0.049853
0 0.426534 0.484896 0.049805 0.049853
0 0.433655 0.456383 0.049805 0.049853
0 0.502494 0.553505 0.049805 0.049853
0 0.501900 0.540139 0.049805 0.049853
0 0.487064 0.516973 0.049805 0.049853
0 0.478756 0.496479 0.049805 0.049853
0 0.469855 0.512518 0.049805 0.049853
0 0.463920 0.485787 0.049805 0.049853
0 0.477569 0.476877 0.049805 0.049853
0 0.519110 0.559742 0.049805 0.049853
0 0.516736 0.533902 0.049805 0.049853
0 0.522077 0.512518 0.049805 0.049853
0 0.526231 0.592709 0.049805 0.049853
0 0.544034 0.614985 0.049805 0.049853
0 0.552936 0.645280 0.049805 0.049853
0 0.564804 0.700523 0.049805 0.049853
0 0.600410 0.708542 0.049805 0.049853
0 0.633643 0.695177 0.049805 0.049853
0 0.675183 0.674683 0.049805 0.049853
0 0.709602 0.688940 0.049805 0.049853
0 0.740461 0.767350 0.049805 0.049853
0 0.743428 0.686267 0.049805 0.049853
0 0.793277 0.682703 0.049805 0.049853
0 0.799804 0.653299 0.049805 0.049853
0 0.668062 0.708542 0.049805 0.049853
0 0.720878 0.628350 0.049805 0.049853
0 0.745208 0.584690 0.049805 0.049853
0 0.756484 0.582908 0.049805 0.049853
0 0.768352 0.594492 0.049805 0.049853
0 0.782595 0.547267 0.049805 0.049853
0 0.854400 0.569543 0.049805 0.049853
0 0.849059 0.551723 0.049805 0.049853
0 0.862708 0.552614 0.049805 0.049853
0 0.896534 0.551723 0.049805 0.049853
0 0.730372 0.569543 0.049805 0.049853
0 0.754110 0.541030 0.049805 0.049853
0 0.726218 0.521428 0.049805 0.049853
0 0.702481 0.515191 0.049805 0.049853
0 0.731559 0.551723 0.049805 0.049853
0 0.676370 0.584690 0.049805 0.049853
0 0.662721 0.616767 0.049805 0.049853
0 0.663908 0.591818 0.049805 0.049853
0 0.641357 0.608748 0.049805 0.049853
0 0.649665 0.567761 0.049805 0.049853
0 0.628302 0.564197 0.049805 0.049853
0 0.618807 0.597165 0.049805 0.049853
0 0.608125 0.590927 0.049805 0.049853
0 0.605751 0.571325 0.049805 0.049853
0 0.605751 0.553505 0.049805 0.049853
0 0.588542 0.557069 0.049805 0.049853
0 0.605158 0.531229 0.049805 0.049853
0 0.625335 0.533902 0.049805 0.049853
0 0.628302 0.519646 0.049805 0.049853
0 0.642544 0.465293 0.049805 0.049853
0 0.678150 0.484005 0.049805 0.049853
0 0.700107 0.492024 0.049805 0.049853
0 0.679337 0.563306 0.049805 0.049853
0 0.669249 0.559742 0.049805 0.049853
0 0.549375 0.559742 0.049805 0.049853
0 0.567771 0.563306 0.049805 0.049853
0 0.551155 0.535684 0.049805 0.049853
0 0.561244 0.527665 0.049805 0.049853
0 0.584388 0.519646 0.049805 0.049853
0 0.588542 0.535684 0.049805 0.049853
0 0.594476 0.492024 0.049805 0.049853
0 0.603378 0.468857 0.049805 0.049853
0 0.589135 0.460838 0.049805 0.049853
0 0.578453 0.471531 0.049805 0.049853
0 0.577266 0.455492 0.049805 0.049853
0 0.576080 0.441236 0.049805 0.049853
0 0.552936 0.457274 0.049805 0.049853
0 0.560057 0.479550 0.049805 0.049853
0 0.558277 0.488460 0.049805 0.049853
0 0.533946 0.509844 0.049805 0.049853
0 0.528605 0.483114 0.049805 0.049853
0 0.511395 0.473313 0.049805 0.049853
0 0.521484 0.453710 0.049805 0.049853
0 0.530979 0.452819 0.049805 0.049853
0 0.538100 0.451928 0.049805 0.049853
0 0.532759 0.467966 0.049805 0.049853
0 0.501307 0.435890 0.049805 0.049853
0 0.501307 0.455492 0.049805 0.049853
0 0.282923 0.533902 0.049805 0.049853
0 0.288264 0.516082 0.049805 0.049853
0 0.281736 0.516973 0.049805 0.049853
0 0.284703 0.501825 0.049805 0.049853
0 0.281736 0.481332 0.049805 0.049853
0 0.460953 0.465293 0.049805 0.049853
0 0.448491 0.456383 0.049805 0.049853
0 0.452052 0.447473 0.049805 0.049853
0 0.485878 0.459947 0.049805 0.049853
0 0.473415 0.455492 0.049805 0.049853
0 0.479943 0.427870 0.049805 0.049853
0 0.484691 0.434999 0.049805 0.049853
0 0.534539 0.426979 0.049805 0.049853
0 0.543441 0.435890 0.049805 0.049853
0 0.548188 0.436781 0.049805 0.049853
0 0.552342 0.427870 0.049805 0.049853
0 0.561837 0.436781 0.049805 0.049853
0 0.564211 0.431435 0.049805 0.049853
0 0.348201 0.559742 0.049805 0.049853
0 0.606345 0.636370 0.049805 0.049853
0 0.798024 0.541921 0.049805 0.049853
0 0.185006 0.521428 0.049805 0.049853
0 0.306941 0.545931 0.049805 0.049853
0 0.313766 0.519646 0.049805 0.049853
0 0.235136 0.474649 0.049805 0.049853
0 0.250565 0.467966 0.049805 0.049853
0 0.235729 0.493806 0.049805 0.049853
0 0.236323 0.453710 0.049805 0.049853
0 0.239883 0.441236 0.049805 0.049853
0 0.242850 0.427425 0.049805 0.049853
0 0.245224 0.440790 0.049805 0.049853
0 0.225047 0.462620 0.049805 0.049853
0 0.225344 0.406486 0.049805 0.049853
0 0.216146 0.408268 0.049805 0.049853
0 0.183804 0.398467 0.049805 0.049853
0 0.182617 0.392230 0.049805 0.049853
0 0.190925 0.396685 0.049805 0.049853
0 0.184100 0.414505 0.049805 0.049853
0 0.207244 0.394012 0.049805 0.049853
0 0.209618 0.390002 0.049805 0.049853
0 0.217629 0.394903 0.049805 0.049853
0 0.226828 0.396239 0.049805 0.049853
0 0.164814 0.394903 0.049805 0.049853
0 0.163330 0.426088 0.049805 0.049853
0 0.166001 0.414060 0.049805 0.049853
0 0.160066 0.416287 0.049805 0.049853
0 0.056512 0.418515 0.049805 0.049853
0 0.044643 0.424752 0.049805 0.049853
0 0.041973 0.420742 0.049805 0.049853
0 0.029807 0.436335 0.049805 0.049853
0 0.024763 0.426088 0.049805 0.049853
0 0.014972 0.428316 0.049805 0.049853
0 0.078172 0.417178 0.049805 0.049853
0 0.090338 0.411387 0.049805 0.049853
0 0.102800 0.422079 0.049805 0.049853
0 0.156506 0.466630 0.049805 0.049853
0 0.159473 0.459056 0.049805 0.049853
0 0.166594 0.469749 0.049805 0.049853
0 0.175199 0.475095 0.049805 0.049853
0 0.262730 0.455492 0.049805 0.049853
0 0.281127 0.450592 0.049805 0.049853
0 0.236323 0.598056 0.049805 0.049853
0 0.232465 0.441236 0.049805 0.049853
0 0.109031 0.622559 0.049805 0.049853
0 0.425199 0.436558 0.049805 0.049853
0 0.758857 0.637261 0.049805 0.049853
0 0.066319 0.424306 0.049805 0.049853
0 0.938978 0.935479 0.049805 0.049853
0 0.993923 0.929479 0.049805 0.049853
0 0.121795 0.729984 0.049805 0.049853
0 0.139777 0.737483 0.049805 0.049853
0 0.714203 0.599487 0.049805 0.049853
0 0.644273 0.542488 0.049805 0.049853
0 0.178489 0.617486 0.049805 0.049853