0 0.038972 0.979001 0.049805 0.049697
0 0.032010 0.951841 0.049805 0.049697
0 0.060854 0.911100 0.049805 0.049697
0 0.117549 0.943199 0.049805 0.049697
0 0.164298 0.969125 0.049805 0.049697
0 0.159324 0.892581 0.049805 0.049697
0 0.135453 0.869125 0.049805 0.049697
0 0.114565 0.827149 0.049805 0.049697
0 0.044940 0.812334 0.049805 0.049697
0 0.092683 0.777767 0.049805 0.049697
0 0.067817 0.767890 0.049805 0.049697
0 0.087710 0.723446 0.049805 0.049697
0 0.047924 0.703692 0.049805 0.049697
0 0.046929 0.662952 0.049805 0.049697
0 0.040961 0.637026 0.049805 0.049697
0 0.129485 0.769125 0.049805 0.049697
0 0.162308 0.743199 0.049805 0.049697
0 0.133464 0.733322 0.049805 0.049697
0 0.197121 0.749371 0.049805 0.049697
0 0.220992 0.818507 0.049805 0.049697
0 0.260778 0.920976 0.049805 0.049697
0 0.271719 0.819742 0.049805 0.049697
0 0.292607 0.790112 0.049805 0.049697
0 0.274703 0.711100 0.049805 0.049697
0 0.243869 0.692581 0.049805 0.049697
0 0.172255 0.685174 0.049805 0.049697
0 0.192148 0.669125 0.049805 0.049697
0 0.200105 0.618507 0.049805 0.049697
0 0.329409 0.732088 0.049805 0.049697
0 0.358254 0.734557 0.049805 0.049697
0 0.384115 0.758013 0.049805 0.049697
0 0.401024 0.803692 0.049805 0.049697
0 0.410970 0.848137 0.049805 0.049697
0 0.384115 0.890112 0.049805 0.049697
0 0.387099 0.933322 0.049805 0.049697
0 0.366211 0.860483 0.049805 0.049697
0 0.316479 0.886409 0.049805 0.049697
0 0.493526 0.861717 0.049805 0.049697
0 0.545247 0.828384 0.049805 0.049697
0 0.500488 0.744433 0.049805 0.049697
0 0.512424 0.709865 0.049805 0.049697
0 0.449761 0.719742 0.049805 0.049697
0 0.457718 0.688878 0.049805 0.049697
0 0.488553 0.697520 0.049805 0.049697
0 0.423900 0.693816 0.049805 0.049697
0 0.405997 0.669125 0.049805 0.049697
0 0.407986 0.617273 0.049805 0.049697
0 0.434842 0.592581 0.049805 0.049697
0 0.448767 0.638260 0.049805 0.049697
0 0.367206 0.604927 0.049805 0.049697
0 0.327420 0.587643 0.049805 0.049697
0 0.647696 0.974063 0.049805 0.049697
0 0.694444 0.954310 0.049805 0.049697
0 0.751139 0.872828 0.049805 0.049697
0 0.776005 0.954310 0.049805 0.049697
0 0.804850 0.887643 0.049805 0.049697
0 0.892379 0.837026 0.049805 0.049697
0 0.868508 0.854310 0.049805 0.049697
0 0.859556 0.828384 0.049805 0.049697
0 0.922219 0.770359 0.049805 0.049697
0 0.920229 0.872828 0.049805 0.049697
0 0.927192 0.906162 0.049805 0.049697
0 0.949074 0.945668 0.049805 0.049697
0 0.950069 0.977767 0.049805 0.049697
0 0.764070 0.723446 0.049805 0.049697
0 0.726273 0.697520 0.049805 0.049697
0 0.699418 0.702458 0.049805 0.049697
0 0.673557 0.666655 0.049805 0.049697
0 0.660626 0.601223 0.049805 0.049697
0 0.610894 0.588878 0.049805 0.049697
0 0.556189 0.619742 0.049805 0.049697
0 0.531322 0.577767 0.049805 0.049697
0 0.494520 0.614804 0.049805 0.049697
0 0.551215 0.591347 0.049805 0.049697
0 0.604926 0.697520 0.049805 0.049697
0 0.653664 0.749371 0.049805 0.049697
0 0.863534 0.632088 0.049805 0.049697
0 0.839663 0.634557 0.049805 0.049697
0 0.854583 0.582705 0.049805 0.049697
0 0.956037 0.570359 0.049805 0.049697
0 0.946090 0.545668 0.049805 0.049697
0 0.925203 0.514804 0.049805 0.049697
0 0.954047 0.467890 0.049805 0.049697
0 0.897352 0.453075 0.049805 0.049697
0 0.866518 0.464186 0.049805 0.049697
0 0.835684 0.456779 0.049805 0.049697
0 0.849609 0.391347 0.049805 0.049697
0 0.893374 0.330853 0.049805 0.049697
0 0.943106 0.388878 0.049805 0.049697
0 0.933160 0.296285 0.049805 0.049697
0 0.905310 0.292581 0.049805 0.049697
0 0.956037 0.333322 0.049805 0.049697
0 0.906304 0.238260 0.049805 0.049697
0 0.930176 0.214804 0.049805 0.049697
0 0.900336 0.208631 0.049805 0.049697
0 0.931170 0.169125 0.049805 0.049697
0 0.872486 0.182705 0.049805 0.049697
0 0.825738 0.174063 0.049805 0.049697
0 0.808829 0.232088 0.049805 0.049697
0 0.842647 0.261717 0.049805 0.049697
0 0.847620 0.239495 0.049805 0.049697
0 0.821759 0.277767 0.049805 0.049697
0 0.803856 0.302458 0.049805 0.049697
0 0.823749 0.358013 0.049805 0.049697
0 0.786947 0.345668 0.049805 0.049697
0 0.768048 0.329618 0.049805 0.049697
0 0.752134 0.309865 0.049805 0.049697
0 0.773022 0.285174 0.049805 0.049697
0 0.742187 0.250606 0.049805 0.049697
0 0.742187 0.220976 0.049805 0.049697
0 0.757107 0.185174 0.049805 0.049697
0 0.707375 0.217273 0.049805 0.049697
0 0.784957 0.491347 0.049805 0.049697
0 0.756113 0.502458 0.049805 0.049697
0 0.780979 0.448137 0.049805 0.049697
0 0.759096 0.409865 0.049805 0.049697
0 0.743182 0.346902 0.049805 0.049697
0 0.716327 0.329618 0.049805 0.049697
0 0.715332 0.304927 0.049805 0.049697
0 0.673557 0.271594 0.049805 0.049697
0 0.706380 0.254310 0.049805 0.049697
0 0.758102 0.597520 0.049805 0.049697
0 0.777995 0.623446 0.049805 0.049697
0 0.721300 0.590112 0.049805 0.049697
0 0.705386 0.545668 0.049805 0.049697
0 0.726273 0.520976 0.049805 0.049697
0 0.679525 0.517273 0.049805 0.049697
0 0.683503 0.471594 0.049805 0.049697
0 0.686487 0.433322 0.049805 0.049697
0 0.700412 0.396285 0.049805 0.049697
0 0.687482 0.371594 0.049805 0.049697
0 0.669578 0.411100 0.049805 0.049697
0 0.649685 0.329618 0.049805 0.049697
0 0.645707 0.295051 0.049805 0.049697
0 0.627803 0.246902 0.049805 0.049697
0 0.643717 0.240730 0.049805 0.049697
0 0.628798 0.203692 0.049805 0.049697
0 0.596969 0.179001 0.049805 0.049697
0 0.681514 0.167890 0.049805 0.049697
0 0.560167 0.181470 0.049805 0.049697
0 0.575087 0.170359 0.049805 0.049697
0 0.538285 0.208631 0.049805 0.049697
0 0.526349 0.180236 0.049805 0.049697
0 0.486563 0.198754 0.049805 0.049697
0 0.472638 0.172828 0.049805 0.049697
0 0.459708 0.192581 0.049805 0.049697
0 0.450756 0.170359 0.049805 0.049697
0 0.447772 0.218507 0.049805 0.049697
0 0.446777 0.265421 0.049805 0.049697
0 0.500488 0.238260 0.049805 0.049697
0 0.487558 0.229618 0.049805 0.049697
0 0.548231 0.254310 0.049805 0.049697
0 0.539280 0.292581 0.049805 0.049697
0 0.591996 0.309865 0.049805 0.049697
0 0.616862 0.283939 0.049805 0.049697
0 0.617857 0.306162 0.049805 0.049697
0 0.610894 0.379001 0.049805 0.049697
0 0.627803 0.399989 0.049805 0.049697
0 0.614873 0.453075 0.049805 0.049697
0 0.628798 0.482705 0.049805 0.049697
0 0.612883 0.514804 0.049805 0.049697
0 0.574092 0.472828 0.049805 0.049697
0 0.579065 0.432088 0.049805 0.049697
0 0.572103 0.371594 0.049805 0.049697
0 0.545247 0.353075 0.049805 0.049697
0 0.524360 0.345668 0.049805 0.049697
0 0.506456 0.328384 0.049805 0.049697
0 0.495515 0.311100 0.049805 0.049697
0 0.487558 0.287643 0.049805 0.049697
0 0.541269 0.516038 0.049805 0.049697
0 0.527344 0.448137 0.049805 0.049697
0 0.503472 0.493816 0.049805 0.049697
0 0.472638 0.502458 0.049805 0.049697
0 0.469654 0.537026 0.049805 0.049697
0 0.439815 0.512334 0.049805 0.049697
0 0.462692 0.449371 0.049805 0.049697
0 0.485569 0.409865 0.049805 0.049697
0 0.508445 0.403692 0.049805 0.049697
0 0.424895 0.387643 0.049805 0.049697
0 0.437826 0.366655 0.049805 0.049697
0 0.447772 0.320976 0.049805 0.049697
0 0.430863 0.280236 0.049805 0.049697
0 0.385109 0.530853 0.049805 0.049697
0 0.392072 0.575297 0.049805 0.049697
0 0.405997 0.481470 0.049805 0.049697
0 0.389088 0.462952 0.049805 0.049697
0 0.334382 0.418507 0.049805 0.049697
0 0.385109 0.374063 0.049805 0.049697
0 0.350297 0.377767 0.049805 0.049697
0 0.268736 0.583939 0.049805 0.049697
0 0.281666 0.629618 0.049805 0.049697
0 0.252821 0.562952 0.049805 0.049697
0 0.276693 0.513569 0.049805 0.049697
0 0.325430 0.495051 0.049805 0.049697
0 0.292607 0.467890 0.049805 0.049697
0 0.292607 0.409865 0.049805 0.049697
0 0.299570 0.364186 0.049805 0.049697
0 0.325430 0.362952 0.049805 0.049697
0 0.350297 0.319742 0.049805 0.049697
0 0.388093 0.329618 0.049805 0.049697
0 0.399034 0.279001 0.049805 0.049697
0 0.412959 0.229618 0.049805 0.049697
0 0.418927 0.203692 0.049805 0.049697
0 0.410970 0.180236 0.049805 0.049697
0 0.386104 0.192581 0.049805 0.049697
0 0.366211 0.182705 0.049805 0.049697
0 0.340350 0.182705 0.049805 0.049697
0 0.347313 0.196285 0.049805 0.049697
0 0.359248 0.212334 0.049805 0.049697
0 0.382125 0.234557 0.049805 0.049697
0 0.371184 0.279001 0.049805 0.049697
0 0.345323 0.232088 0.049805 0.049697
0 0.322446 0.235791 0.049805 0.049697
0 0.312500 0.212334 0.049805 0.049697
0 0.313495 0.179001 0.049805 0.049697
0 0.325430 0.165421 0.049805 0.049697
0 0.288628 0.183939 0.049805 0.049697
0 0.313495 0.275297 0.049805 0.049697
0 0.324436 0.318507 0.049805 0.049697
0 0.273709 0.308631 0.049805 0.049697
0 0.276693 0.266655 0.049805 0.049697
0 0.253816 0.256779 0.049805 0.049697
0 0.257794 0.228384 0.049805 0.049697
0 0.258789 0.232088 0.049805 0.049697
0 0.262768 0.187643 0.049805 0.049697
0 0.230939 0.196285 0.049805 0.049697
0 0.234918 0.172828 0.049805 0.049697
0 0.211046 0.175297 0.049805 0.049697
0 0.227955 0.220976 0.049805 0.049697
0 0.217014 0.269125 0.049805 0.049697
0 0.236907 0.301223 0.049805 0.049697
0 0.255805 0.317273 0.049805 0.049697
0 0.256800 0.325915 0.049805 0.049697
0 0.256800 0.356779 0.049805 0.049697
0 0.263762 0.386409 0.049805 0.049697
0 0.243869 0.412334 0.049805 0.049697
0 0.256800 0.448137 0.049805 0.049697
0 0.219998 0.461717 0.049805 0.049697
0 0.222982 0.411100 0.049805 0.049697
0 0.201100 0.397520 0.049805 0.049697
0 0.185185 0.361717 0.049805 0.049697
0 0.199110 0.316038 0.049805 0.049697
0 0.196126 0.295051 0.049805 0.049697
0 0.195132 0.262952 0.049805 0.049697
0 0.173249 0.165421 0.049805 0.049697
0 0.178223 0.198754 0.049805 0.049697
0 0.147389 0.179001 0.049805 0.049697
0 0.160319 0.216038 0.049805 0.049697
0 0.182201 0.222211 0.049805 0.049697
0 0.180212 0.237026 0.049805 0.049697
0 0.172255 0.251841 0.049805 0.049697
0 0.166287 0.308631 0.049805 0.049697
0 0.108597 0.183939 0.049805 0.049697
0 0.094672 0.207396 0.049805 0.049697
0 0.078758 0.199989 0.049805 0.049697
0 0.085720 0.181470 0.049805 0.049697
0 0.042951 0.169125 0.049805 0.049697
0 0.012117 0.167890 0.049805 0.049697
0 0.022063 0.211100 0.049805 0.049697
0 0.024052 0.235791 0.049805 0.049697
0 0.036983 0.227149 0.049805 0.049697
0 0.051902 0.228384 0.049805 0.049697
0 0.069806 0.250606 0.049805 0.049697
0 0.097656 0.281470 0.049805 0.049697
0 0.069806 0.296285 0.049805 0.049697
0 0.024052 0.288878 0.049805 0.049697
0 0.013111 0.322211 0.049805 0.049697
0 0.042951 0.327149 0.049805 0.049697
0 0.073785 0.319742 0.049805 0.049697
0 0.067817 0.350606 0.049805 0.049697
0 0.033004 0.375297 0.049805 0.049697
0 0.090694 0.355544 0.049805 0.049697
0 0.112576 0.358013 0.049805 0.049697
0 0.135453 0.376532 0.049805 0.049697
0 0.138437 0.309865 0.049805 0.049697
0 0.123517 0.286409 0.049805 0.049697
0 0.131474 0.258013 0.049805 0.049697
0 0.134458 0.237026 0.049805 0.049697
0 0.009133 0.474063 0.049805 0.049697
0 0.009133 0.420976 0.049805 0.049697
0 0.027036 0.480236 0.049805 0.049697
0 0.051902 0.487643 0.049805 0.049697
0 0.068811 0.406162 0.049805 0.049697
0 0.086715 0.401223 0.049805 0.049697
0 0.103624 0.401223 0.049805 0.049697
0 0.088704 0.432088 0.049805 0.049697
0 0.106608 0.445668 0.049805 0.049697
0 0.142415 0.443199 0.049805 0.049697
0 0.168276 0.448137 0.049805 0.049697
0 0.113571 0.497520 0.049805 0.049697
0 0.142415 0.493816 0.049805 0.049697
0 0.176233 0.497520 0.049805 0.049697
0 0.209057 0.509865 0.049805 0.049697
0 0.202094 0.546902 0.049805 0.049697
0 0.221987 0.537026 0.049805 0.049697
0 0.143410 0.606162 0.049805 0.049697
0 0.131474 0.562952 0.049805 0.049697
0 0.100640 0.565421 0.049805 0.049697
0 0.090694 0.595051 0.049805 0.049697
0 0.073785 0.539495 0.049805 0.049697
0 0.012117 0.532088 0.049805 0.049697
0 0.008138 0.587643 0.049805 0.049697
0 0.122522 0.608631 0.049805 0.049697
0 0.346318 0.424680 0.049805 0.049697
0 0.654659 0.202458 0.049805 0.049697
0 0.432852 0.245668 0.049805 0.049697
0 0.989604 0.112958 0.049805 0.049697
0 0.955726 0.122157 0.049805 0.049697
0 0.969489 0.199686 0.049805 0.049697
0 0.995956 0.340291 0.049805 0.049697
0 0.985369 0.405994 0.049805 0.049697
0 0.959960 0.321894 0.049805 0.049697
0 0.883735 0.106388 0.049805 0.049697
0 0.936669 0.090619 0.049805 0.049697
0 0.856209 0.091933 0.049805 0.049697
0 0.807509 0.086677 0.049805 0.049697
0 0.776807 0.091933 0.049805 0.049697
0 0.766220 0.115586 0.049805 0.049697
0 0.791628 0.145810 0.049805 0.049697
0 0.827624 0.147124 0.049805 0.049697
0 0.786335 0.155008 0.049805 0.049697
0 0.763044 0.151066 0.049805 0.049697
0 0.745046 0.147124 0.049805 0.049697
0 0.720696 0.131355 0.049805 0.049697
0 0.715403 0.109016 0.049805 0.049697
0 0.701640 0.086677 0.049805 0.049697
0 0.673055 0.110330 0.049805 0.049697
0 0.656116 0.112958 0.049805 0.049697
0 0.652940 0.147124 0.049805 0.049697
0 0.671996 0.087991 0.049805 0.049697
0 0.625414 0.093247 0.049805 0.049697
0 0.618003 0.120843 0.049805 0.049697
0 0.586242 0.119529 0.049805 0.049697
0 0.572479 0.143182 0.049805 0.049697
0 0.625414 0.172091 0.049805 0.049697
0 0.562951 0.102446 0.049805 0.049697
0 0.544953 0.087991 0.049805 0.049697
0 0.531190 0.133983 0.049805 0.049697
0 0.508958 0.120843 0.049805 0.049697
0 0.497312 0.148438 0.049805 0.049697
0 0.485667 0.112958 0.049805 0.049697
0 0.480373 0.093247 0.049805 0.049697
0 0.449671 0.102446 0.049805 0.049697
0 0.433791 0.119529 0.049805 0.049697
0 0.452847 0.148438 0.049805 0.049697
0 0.429556 0.152380 0.049805 0.049697
0 0.385091 0.140553 0.049805 0.049697
0 0.405206 0.112958 0.049805 0.049697
0 0.386150 0.106388 0.049805 0.049697
0 0.418969 0.090619 0.049805 0.049697
0 0.367093 0.103760 0.049805 0.049697
0 0.361800 0.128727 0.049805 0.049697
0 0.327922 0.127413 0.049805 0.049697
0 0.315217 0.103760 0.049805 0.049697
0 0.335332 0.086677 0.049805 0.049697
0 0.287691 0.091933 0.049805 0.049697
0 0.288750 0.118214 0.049805 0.049697
0 0.277104 0.141868 0.049805 0.049697
0 0.301454 0.164207 0.049805 0.049697
0 0.254872 0.156322 0.049805 0.049697
0 0.242168 0.118214 0.049805 0.049697
0 0.227346 0.103760 0.049805 0.049697
0 0.218876 0.094561 0.049805 0.049697
0 0.195585 0.090619 0.049805 0.049697
0 0.179705 0.110330 0.049805 0.049697
0 0.230522 0.133983 0.049805 0.049697
0 0.211466 0.148438 0.049805 0.049697
0 0.195585 0.149752 0.049805 0.049697
0 0.160648 0.112958 0.049805 0.049697
0 0.142651 0.095875 0.049805 0.049697
0 0.114066 0.099818 0.049805 0.049697
0 0.108773 0.140553 0.049805 0.049697
0 0.088657 0.130041 0.049805 0.049697
0 0.081247 0.089305 0.049805 0.049697
0 0.057955 0.090619 0.049805 0.049697
0 0.066425 0.126099 0.049805 0.049697
0 0.041016 0.123471 0.049805 0.049697
0 0.036782 0.097190 0.049805 0.049697
0 0.018784 0.123471 0.049805 0.049697
0 0.502787 0.059410 0.049805 0.049697
0 0.537194 0.054811 0.049805 0.049697
0 0.570013 0.049555 0.049805 0.049697
0 0.585894 0.079778 0.049805 0.049697
0 0.604421 0.131027 0.049805 0.049697
0 0.600716 0.234837 0.049805 0.049697
0 0.585894 0.359016 0.049805 0.049697
0 0.607068 0.383326 0.049805 0.049697
0 0.480025 0.076493 0.049805 0.049697
0 0.421267 0.056782 0.049805 0.049697
0 0.400094 0.057439 0.049805 0.049697
0 0.358275 0.059410 0.049805 0.049697
0 0.376802 0.078464 0.049805 0.049697
0 0.377332 0.048898 0.049805 0.049697
0 0.301106 0.048241 0.049805 0.049697
0 0.282049 0.055468 0.049805 0.049697
0 0.267228 0.062695 0.049805 0.049697
0 0.247642 0.079121 0.049805 0.049697
0 0.250289 0.050212 0.049805 0.049697
0 0.223292 0.052183 0.049805 0.049697
0 0.235996 0.045613 0.049805 0.049697
0 0.186238 0.064009 0.049805 0.049697
0 0.174592 0.063352 0.049805 0.049697
0 0.164005 0.079778 0.049805 0.049697
0 0.151830 0.060067 0.049805 0.049697
0 0.123775 0.055468 0.049805 0.049697
0 0.140714 0.062038 0.049805 0.049697
0 0.344512 0.046927 0.049805 0.049697
0 0.324926 0.054811 0.049805 0.049697
0 0.321750 0.069923 0.049805 0.049697
0 0.302694 0.083063 0.049805 0.049697
0 0.217469 0.068609 0.049805 0.049697
0 0.200001 0.051526 0.049805 0.049697
0 0.186767 0.388582 0.049805 0.049697
0 0.176180 0.374128 0.049805 0.049697
0 0.363039 0.299883 0.049805 0.049697
0 0.042836 0.056058 0.049805 0.049697
0 0.020256 0.070072 0.049805 0.049697
0 0.006063 0.062865 0.049805 0.049697
0 0.012514 0.048451 0.049805 0.049697
0 0.075093 0.048852 0.049805 0.049697
0 0.097350 0.062865 0.049805 0.049697
0 0.111221 0.048852 0.049805 0.049697
0 0.243474 0.034038 0.049805 0.049697
0 0.162187 0.037241 0.049805 0.049697
0 0.195734 0.028432 0.049805 0.049697
0 0.114769 0.085686 0.049805 0.049697
0 0.047674 0.146143 0.049805 0.049697
0 0.072190 0.164961 0.049805 0.049697
0 0.163799 0.158155 0.049805 0.049697
0 0.237023 0.159756 0.049805 0.049697
0 0.057351 0.121720 0.049805 0.049697
0 0.074861 0.053856 0.049805 0.049697
0 0.107118 0.057860 0.049805 0.049697
0 0.608805 0.456033 0.049805 0.049697
0 0.527517 0.268256 0.049805 0.049697
0 0.538485 0.506881 0.049805 0.049697
0 0.005740 0.228421 0.049805 0.049697
0 0.349045 0.080281 0.049805 0.049697
0 0.570328 0.058661 0.049805 0.049697
0 0.493077 0.035429 0.049805 0.049697
0 0.477197 0.026230 0.049805 0.049697
0 0.496254 0.015718 0.049805 0.049697
0 0.446495 0.019660 0.049805 0.049697
0 0.902791 0.053826 0.049805 0.049697
0 0.857267 0.055140 0.049805 0.049697
0 0.832917 0.085363 0.049805 0.049697
0 0.809626 0.036743 0.049805 0.049697
0 0.824448 0.013090 0.049805 0.049697
0 0.855150 0.015718 0.049805 0.049697
0 0.778924 0.053826 0.049805 0.049697
0 0.754574 0.061710 0.049805 0.049697
0 0.733400 0.032801 0.049805 0.049697
0 0.716461 0.015718 0.049805 0.049697
0 0.696346 0.013090 0.049805 0.049697
0 0.655057 0.057768 0.049805 0.049697
0 0.649764 0.023602 0.049805 0.049697
0 0.616944 0.026230 0.049805 0.049697
0 0.618003 0.059082 0.049805 0.049697
0 0.592594 0.020974 0.049805 0.049697
0 0.572479 0.013090 0.049805 0.049697
0 0.542836 0.024916 0.049805 0.049697
0 0.402030 0.018346 0.049805 0.049697
0 0.372387 0.014404 0.049805 0.049697
0 0.354389 0.014404 0.049805 0.049697
0 0.324746 0.035429 0.049805 0.049697
0 0.320511 0.007833 0.049805 0.049697
0 0.287691 0.024916 0.049805 0.049697
0 0.263341 0.014404 0.049805 0.049697
0 0.285574 0.009147 0.049805 0.049697
0 0.201937 0.010462 0.049805 0.049697
0 0.236874 0.009147 0.049805 0.049697
0 0.178646 0.011776 0.049805 0.049697
0 0.142651 0.014404 0.049805 0.049697
0 0.099244 0.014404 0.049805 0.049697
0 0.117242 0.010462 0.049805 0.049697
0 0.055838 0.013090 0.049805 0.049697
0 0.037840 0.013090 0.049805 0.049697
0 0.009256 0.020974 0.049805 0.049697
0 0.953608 0.027544 0.049805 0.049697
0 0.933493 0.018346 0.049805 0.049697
0 0.548129 0.011776 0.049805 0.049697
0 0.764102 0.009147 0.049805 0.049697
0 0.741870 0.006519 0.049805 0.049697
0 0.877382 0.135297 0.049805 0.049697
0 0.901732 0.395481 0.049805 0.049697
0 0.986428 0.797584 0.049805 0.049697