0 0.027349 0.480522 0.049805 0.049635
0 0.018220 0.497318 0.049805 0.049635
0 0.012953 0.537735 0.049805 0.049635
0 0.019625 0.534585 0.049805 0.049635
0 0.034723 0.529337 0.049805 0.049635
0 0.036127 0.512015 0.049805 0.049635
0 0.052630 0.512015 0.049805 0.049635
0 0.062813 0.486820 0.049805 0.049635
0 0.053684 0.483671 0.049805 0.049635
0 0.064217 0.509391 0.049805 0.049635
0 0.072995 0.514640 0.049805 0.049635
0 0.052630 0.526712 0.049805 0.049635
0 0.025594 0.527237 0.049805 0.049635
0 0.021380 0.521988 0.049805 0.049635
0 0.013655 0.523038 0.049805 0.049635
0 0.018571 0.548757 0.049805 0.049635
0 0.026647 0.541409 0.049805 0.049635
0 0.037532 0.554531 0.049805 0.049635
0 0.034021 0.539309 0.049805 0.049635
0 0.056492 0.541934 0.049805 0.049635
0 0.078964 0.539309 0.049805 0.049635
0 0.074751 0.559780 0.049805 0.049635
0 0.057897 0.552957 0.049805 0.049635
0 0.055790 0.584450 0.049805 0.049635
0 0.089498 0.598622 0.049805 0.049635
0 0.083178 0.618043 0.049805 0.049635
0 0.098276 0.552432 0.049805 0.049635
0 0.087391 0.560305 0.049805 0.049635
0 0.093712 0.580251 0.049805 0.049635
0 0.109161 0.606496 0.049805 0.049635
0 0.083880 0.585500 0.049805 0.049635
0 0.107405 0.510965 0.049805 0.049635
0 0.080369 0.507291 0.049805 0.049635
0 0.069133 0.489970 0.049805 0.049635
0 0.071240 0.444304 0.049805 0.049635
0 0.098627 0.622767 0.049805 0.049635
0 0.109863 0.624867 0.049805 0.049635
0 0.128824 0.625917 0.049805 0.049635
0 0.121801 0.599147 0.049805 0.049635
0 0.136900 0.592323 0.049805 0.049635
0 0.156212 0.616993 0.049805 0.049635
0 0.164639 0.635889 0.049805 0.049635
0 0.107405 0.541409 0.049805 0.049635
0 0.099330 0.526712 0.049805 0.049635
0 0.090903 0.486820 0.049805 0.049635
0 0.098978 0.486820 0.049805 0.049635
0 0.108459 0.486295 0.049805 0.049635
0 0.111268 0.471598 0.049805 0.049635
0 0.106703 0.470549 0.049805 0.049635
0 0.104596 0.485246 0.049805 0.049635
0 0.096521 0.464775 0.049805 0.049635
0 0.078262 0.489970 0.049805 0.049635
0 0.105299 0.591799 0.049805 0.049635
0 0.108459 0.569753 0.049805 0.049635
0 0.205369 0.607020 0.049805 0.049635
0 0.231352 0.600722 0.049805 0.049635
0 0.209934 0.631165 0.049805 0.049635
0 0.194484 0.586550 0.049805 0.049635
0 0.199751 0.593898 0.049805 0.049635
0 0.202560 0.567129 0.049805 0.049635
0 0.208529 0.542984 0.049805 0.049635
0 0.196942 0.552432 0.049805 0.049635
0 0.221872 0.563454 0.049805 0.049635
0 0.198346 0.560830 0.049805 0.049635
0 0.206773 0.553482 0.049805 0.049635
0 0.223978 0.542459 0.049805 0.049635
0 0.220116 0.530911 0.049805 0.049635
0 0.211689 0.504667 0.049805 0.049635
0 0.170959 0.568178 0.049805 0.049635
0 0.245397 0.538260 0.049805 0.049635
0 0.248206 0.570803 0.049805 0.049635
0 0.209231 0.468449 0.049805 0.049635
0 0.219063 0.468974 0.049805 0.049635
0 0.219063 0.476322 0.049805 0.049635
0 0.207476 0.497318 0.049805 0.049635
0 0.216254 0.494694 0.049805 0.049635
0 0.223276 0.489970 0.049805 0.049635
0 0.246801 0.473173 0.049805 0.049635
0 0.245397 0.514640 0.049805 0.049635
0 0.039112 0.669745 0.049805 0.049635
0 0.241359 0.753728 0.049805 0.049635
0 0.296134 0.682342 0.049805 0.049635
0 0.269449 0.621455 0.049805 0.049635
0 0.139884 0.608333 0.049805 0.049635
0 0.257335 0.485771 0.049805 0.049635
0 0.260495 0.463200 0.049805 0.049635
0 0.252771 0.472648 0.049805 0.049635
0 0.255228 0.500467 0.049805 0.049635
0 0.263304 0.472123 0.049805 0.049635
0 0.276296 0.486820 0.049805 0.049635
0 0.269625 0.488395 0.049805 0.049635
0 0.272082 0.510965 0.049805 0.049635
0 0.262163 0.541540 0.049805 0.049635
0 0.276033 0.546264 0.049805 0.049635
0 0.284284 0.537604 0.049805 0.049635
0 0.287971 0.522119 0.049805 0.049635
0 0.295169 0.496137 0.049805 0.049635
0 0.297802 0.475404 0.049805 0.049635
0 0.285688 0.501124 0.049805 0.049635
0 0.280948 0.516870 0.049805 0.049635
0 0.266552 0.567260 0.049805 0.049635
0 0.247943 0.479865 0.049805 0.049635
0 0.278666 0.468318 0.049805 0.049635
0 0.282353 0.479341 0.049805 0.049635
0 0.289200 0.472517 0.049805 0.049635
0 0.303420 0.494300 0.049805 0.049635
0 0.320099 0.496137 0.049805 0.049635
0 0.322732 0.481703 0.049805 0.049635
0 0.309565 0.481703 0.049805 0.049635
0 0.302893 0.516345 0.049805 0.049635
0 0.314129 0.523169 0.049805 0.049635
0 0.319747 0.532355 0.049805 0.049635
0 0.306931 0.540753 0.049805 0.049635
0 0.314832 0.544165 0.049805 0.049635
0 0.319045 0.568047 0.049805 0.049635
0 0.305527 0.565948 0.049805 0.049635
0 0.296924 0.562536 0.049805 0.049635
0 0.277086 0.559911 0.049805 0.049635
0 0.259881 0.556500 0.049805 0.049635
0 0.252332 0.555975 0.049805 0.049635
0 0.255843 0.508997 0.049805 0.049635
0 0.263743 0.471992 0.049805 0.049635
0 0.271117 0.459920 0.049805 0.049635
0 0.290077 0.496137 0.049805 0.049635
0 0.308687 0.488789 0.049805 0.049635
0 0.258389 0.591274 0.049805 0.049635
0 0.249259 0.618568 0.049805 0.049635
0 0.282967 0.583925 0.049805 0.049635
0 0.132686 0.651111 0.049805 0.049635
0 0.153754 0.642713 0.049805 0.049635
0 0.334934 0.633265 0.049805 0.049635
0 0.302630 0.622767 0.049805 0.049635
0 0.324400 0.583925 0.049805 0.049635
0 0.322293 0.602821 0.049805 0.049635
0 0.299119 0.584975 0.049805 0.049635
0 0.308950 0.591274 0.049805 0.049635
0 0.308950 0.610170 0.049805 0.049635
0 0.273838 0.572378 0.049805 0.049635
0 0.332125 0.433281 0.049805 0.049635
0 0.273838 0.412811 0.049805 0.049635
0 0.270678 0.416485 0.049805 0.049635
0 0.317026 0.410711 0.049805 0.049635
0 0.295608 0.418584 0.049805 0.049635
0 0.300172 0.430657 0.049805 0.049635
0 0.275242 0.431182 0.049805 0.049635
0 0.282616 0.434331 0.049805 0.049635
0 0.303684 0.456902 0.049805 0.049635
0 0.317377 0.456377 0.049805 0.049635
0 0.292799 0.425933 0.049805 0.049635
0 0.300875 0.416485 0.049805 0.049635
0 0.313164 0.423833 0.049805 0.049635
0 0.326155 0.416485 0.049805 0.049635
0 0.293501 0.439580 0.049805 0.049635
0 0.296310 0.456377 0.049805 0.049635
0 0.285776 0.462675 0.049805 0.049635
0 0.277349 0.444304 0.049805 0.049635
0 0.288410 0.420946 0.049805 0.049635
0 0.338620 0.503354 0.049805 0.049635
0 0.333353 0.506504 0.049805 0.049635
0 0.328789 0.524875 0.049805 0.049635
0 0.337216 0.532748 0.049805 0.049635
0 0.343536 0.523300 0.049805 0.049635
0 0.333353 0.546395 0.049805 0.049635
0 0.337918 0.577889 0.049805 0.049635
0 0.351612 0.567916 0.049805 0.049635
0 0.341429 0.563717 0.049805 0.049635
0 0.348452 0.552694 0.049805 0.049635
0 0.345994 0.539047 0.049805 0.049635
0 0.359688 0.545871 0.049805 0.049635
0 0.360741 0.523300 0.049805 0.049635
0 0.356528 0.488133 0.049805 0.049635
0 0.354421 0.503354 0.049805 0.049635
0 0.377244 0.474485 0.049805 0.049635
0 0.373030 0.538522 0.049805 0.049635
0 0.389182 0.533273 0.049805 0.049635
0 0.398662 0.543246 0.049805 0.049635
0 0.403227 0.524875 0.049805 0.049635
0 0.396907 0.506504 0.049805 0.049635
0 0.389884 0.502829 0.049805 0.049635
0 0.401471 0.480784 0.049805 0.049635
0 0.380053 0.494431 0.049805 0.049635
0 0.370221 0.519626 0.049805 0.049635
0 0.360039 0.508603 0.049805 0.049635
0 0.366710 0.501255 0.049805 0.049635
0 0.387778 0.572640 0.049805 0.049635
0 0.374786 0.584188 0.049805 0.049635
0 0.364603 0.564242 0.049805 0.049635
0 0.357142 0.464906 0.049805 0.049635
0 0.342395 0.471467 0.049805 0.049635
0 0.330281 0.490363 0.049805 0.049635
0 0.320450 0.438399 0.049805 0.049635
0 0.327823 0.477503 0.049805 0.049635
0 0.338884 0.463069 0.049805 0.049635
0 0.370660 0.485902 0.049805 0.049635
0 0.389884 0.483409 0.049805 0.049635
0 0.335285 0.482621 0.049805 0.049635
0 0.342658 0.493644 0.049805 0.049635
0 0.368992 0.476322 0.049805 0.049635
0 0.362672 0.477897 0.049805 0.049635
0 0.352139 0.478947 0.049805 0.049635
0 0.346169 0.456902 0.049805 0.049635
0 0.340903 0.450603 0.049805 0.049635
0 0.350032 0.470549 0.049805 0.049635
0 0.409372 0.480522 0.049805 0.049635
0 0.403754 0.471598 0.049805 0.049635
0 0.370748 0.495219 0.049805 0.049635
0 0.377068 0.521463 0.049805 0.049635
0 0.413936 0.500992 0.049805 0.049635
0 0.389709 0.555056 0.049805 0.049635
0 0.376366 0.557156 0.049805 0.049635
0 0.410425 0.542459 0.049805 0.049635
0 0.420959 0.588649 0.049805 0.049635
0 0.409723 0.586550 0.049805 0.049635
0 0.410074 0.571328 0.049805 0.049635
0 0.397785 0.588124 0.049805 0.049635
0 0.419905 0.520938 0.049805 0.049635
0 0.414990 0.525662 0.049805 0.049635
0 0.423768 0.551382 0.049805 0.049635
0 0.421310 0.529337 0.049805 0.049635
0 0.424821 0.486295 0.049805 0.049635
0 0.430088 0.491544 0.049805 0.049635
0 0.436759 0.496268 0.049805 0.049635
0 0.438164 0.512540 0.049805 0.049635
0 0.439217 0.526712 0.049805 0.049635
0 0.442728 0.544033 0.049805 0.049635
0 0.446591 0.554531 0.049805 0.049635
0 0.429737 0.530386 0.049805 0.049635
0 0.450102 0.482621 0.049805 0.049635
0 0.443431 0.467924 0.049805 0.049635
0 0.449049 0.498893 0.049805 0.049635
0 0.457827 0.506766 0.049805 0.049635
0 0.464849 0.508866 0.049805 0.049635
0 0.467307 0.531436 0.049805 0.049635
0 0.452209 0.536685 0.049805 0.049635
0 0.462040 0.557156 0.049805 0.049635
0 0.464147 0.541409 0.049805 0.049635
0 0.398662 0.667645 0.049805 0.049635
0 0.411303 0.720135 0.049805 0.049635
0 0.421134 0.663446 0.049805 0.049635
0 0.440797 0.631953 0.049805 0.049635
0 0.421485 0.610432 0.049805 0.049635
0 0.441851 0.578939 0.049805 0.049635
0 0.454491 0.588387 0.049805 0.049635
0 0.462918 0.605183 0.049805 0.049635
0 0.452384 0.610432 0.049805 0.049635
0 0.382862 0.613582 0.049805 0.049635
0 0.360390 0.610432 0.049805 0.049635
0 0.344238 0.596785 0.049805 0.049635
0 0.419379 0.636677 0.049805 0.049635
0 0.495924 0.633527 0.049805 0.049635
0 0.463620 0.656623 0.049805 0.049635
0 0.498030 0.680768 0.049805 0.049635
0 0.482581 0.593636 0.049805 0.049635
0 0.468536 0.581038 0.049805 0.049635
0 0.475559 0.561092 0.049805 0.049635
0 0.489603 0.547445 0.049805 0.049635
0 0.495221 0.558993 0.049805 0.049635
0 0.472750 0.532748 0.049805 0.049635
0 0.481879 0.520151 0.049805 0.049635
0 0.493115 0.460313 0.049805 0.049635
0 0.538761 0.597835 0.049805 0.049635
0 0.524014 0.612532 0.049805 0.049635
0 0.509266 0.606233 0.049805 0.049635
0 0.519098 0.571590 0.049805 0.049635
0 0.534547 0.640876 0.049805 0.049635
0 0.505755 0.527499 0.049805 0.049635
0 0.490130 0.607020 0.049805 0.049635
0 0.505931 0.568178 0.049805 0.049635
0 0.479596 0.548757 0.049805 0.049635
0 0.488726 0.536160 0.049805 0.049635
0 0.478894 0.610170 0.049805 0.049635
0 0.436057 0.600722 0.049805 0.049635
0 0.539287 0.520938 0.049805 0.049635
0 0.530158 0.514640 0.049805 0.049635
0 0.524891 0.518314 0.049805 0.049635
0 0.507335 0.490495 0.049805 0.049635
0 0.497153 0.500992 0.049805 0.049635
0 0.499610 0.486295 0.049805 0.049635
0 0.518922 0.483671 0.049805 0.049635
0 0.545257 0.500992 0.049805 0.049635
0 0.532616 0.502042 0.049805 0.049635
0 0.544554 0.536160 0.049805 0.049635
0 0.525945 0.534061 0.049805 0.049635
0 0.514709 0.531961 0.049805 0.049635
0 0.532967 0.574477 0.049805 0.049635
0 0.540692 0.575527 0.049805 0.049635
0 0.546310 0.556106 0.049805 0.049635
0 0.508740 0.477897 0.049805 0.049635
0 0.498206 0.479472 0.049805 0.049635
0 0.466254 0.495219 0.049805 0.049635
0 0.459582 0.496268 0.049805 0.049635
0 0.456422 0.476322 0.049805 0.049635
0 0.589147 0.577102 0.049805 0.049635
0 0.606001 0.570803 0.049805 0.049635
0 0.600383 0.552432 0.049805 0.049635
0 0.590551 0.549282 0.049805 0.049635
0 0.582827 0.536160 0.049805 0.049635
0 0.582476 0.509916 0.049805 0.049635
0 0.588094 0.498368 0.049805 0.049635
0 0.596169 0.497318 0.049805 0.049635
0 0.603894 0.503617 0.049805 0.049635
0 0.601787 0.523038 0.049805 0.049635
0 0.610917 0.536160 0.049805 0.049635
0 0.619344 0.533011 0.049805 0.049635
0 0.627068 0.545083 0.049805 0.049635
0 0.622504 0.558206 0.049805 0.049635
0 0.637602 0.564504 0.049805 0.049635
0 0.628473 0.591799 0.049805 0.049635
0 0.615832 0.588649 0.049805 0.049635
0 0.624259 0.574477 0.049805 0.049635
0 0.597925 0.600197 0.049805 0.049635
0 0.651647 0.585500 0.049805 0.049635
0 0.657967 0.566079 0.049805 0.049635
0 0.643220 0.548757 0.049805 0.049635
0 0.644625 0.526712 0.049805 0.049635
0 0.657967 0.525662 0.049805 0.049635
0 0.632335 0.512540 0.049805 0.049635
0 0.630580 0.535110 0.049805 0.049635
0 0.640060 0.493644 0.049805 0.049635
0 0.654105 0.483146 0.049805 0.049635
0 0.652349 0.503617 0.049805 0.049635
0 0.658318 0.475798 0.049805 0.049635
0 0.623206 0.494694 0.049805 0.049635
0 0.622504 0.506241 0.049805 0.049635
0 0.585987 0.487870 0.049805 0.049635
0 0.595467 0.539309 0.049805 0.049635
0 0.588796 0.514640 0.049805 0.049635
0 0.631282 0.488920 0.049805 0.049635
0 0.628473 0.425933 0.049805 0.049635
0 0.598627 0.484196 0.049805 0.049635
0 0.625664 0.482621 0.049805 0.049635
0 0.642167 0.485246 0.049805 0.049635
0 0.641816 0.509916 0.049805 0.049635
0 0.582827 0.508341 0.049805 0.049635
0 0.593536 0.695465 0.049805 0.049635
0 0.600559 0.649274 0.049805 0.049635
0 0.633564 0.621980 0.049805 0.049635
0 0.640587 0.600984 0.049805 0.049635
0 0.613199 0.620930 0.049805 0.049635
0 0.619519 0.658722 0.049805 0.049635
0 0.641289 0.675519 0.049805 0.049635
0 0.659547 0.712261 0.049805 0.049635
0 0.658845 0.795194 0.049805 0.049635
0 0.637075 0.929566 0.049805 0.049635
0 0.470643 0.859231 0.049805 0.049635
0 0.547890 0.824588 0.049805 0.049635
0 0.703789 0.704913 0.049805 0.049635
0 0.707300 0.741655 0.049805 0.049635
0 0.771205 0.746904 0.049805 0.049635
0 0.802103 0.719610 0.049805 0.049635
0 0.828087 0.761601 0.049805 0.049635
0 0.751542 0.677618 0.049805 0.049635
0 0.776120 0.668170 0.049805 0.049635
0 0.712216 0.654523 0.049805 0.049635
0 0.684828 0.668170 0.049805 0.049635
0 0.653929 0.651374 0.049805 0.049635
0 0.678508 0.646125 0.049805 0.049635
0 0.696064 0.584188 0.049805 0.049635
0 0.684828 0.545346 0.049805 0.049635
0 0.663761 0.537997 0.049805 0.049635
0 0.697469 0.614631 0.049805 0.049635
0 0.706598 0.628279 0.049805 0.049635
0 0.725559 0.626179 0.049805 0.049635
0 0.717132 0.593636 0.049805 0.049635
0 0.738199 0.586287 0.049805 0.049635
0 0.725559 0.600984 0.049805 0.049635
0 0.698873 0.562142 0.049805 0.049635
0 0.684126 0.576839 0.049805 0.049635
0 0.672890 0.565292 0.049805 0.049635
0 0.702384 0.549545 0.049805 0.049635
0 0.705896 0.535898 0.049805 0.049635
0 0.696766 0.540097 0.049805 0.049635
0 0.690446 0.521201 0.049805 0.049635
0 0.671485 0.521201 0.049805 0.049635
0 0.675699 0.511753 0.049805 0.049635
0 0.746626 0.625129 0.049805 0.049635
0 0.736092 0.618830 0.049805 0.049635
0 0.766289 0.610432 0.049805 0.049635
0 0.752946 0.564242 0.049805 0.049635
0 0.717834 0.572640 0.049805 0.049635
0 0.718536 0.564242 0.049805 0.049635
0 0.727665 0.562142 0.049805 0.049635
0 0.741535 0.556106 0.049805 0.049635
0 0.740832 0.538260 0.049805 0.049635
0 0.732054 0.534585 0.049805 0.049635
0 0.724330 0.530386 0.049805 0.049635
0 0.712391 0.510965 0.049805 0.049635
0 0.685355 0.507291 0.049805 0.049635
0 0.696591 0.488395 0.049805 0.049635
0 0.700102 0.468974 0.049805 0.049635
0 0.671310 0.477372 0.049805 0.049635
0 0.667096 0.488395 0.049805 0.049635
0 0.679035 0.503617 0.049805 0.049635
0 0.679737 0.483146 0.049805 0.049635
0 0.714849 0.477897 0.049805 0.049635
0 0.722925 0.496268 0.049805 0.049635
0 0.712040 0.496268 0.049805 0.049635
0 0.736970 0.488920 0.049805 0.049635
0 0.749610 0.488395 0.049805 0.049635
0 0.759442 0.485246 0.049805 0.049635
0 0.770327 0.492594 0.049805 0.049635
0 0.764007 0.500992 0.049805 0.049635
0 0.746099 0.507291 0.049805 0.049635
0 0.728894 0.491544 0.049805 0.049635
0 0.740481 0.516739 0.049805 0.049635
0 0.734161 0.523038 0.049805 0.049635
0 0.750313 0.531436 0.049805 0.049635
0 0.756633 0.523563 0.049805 0.049635
0 0.759793 0.535110 0.049805 0.049635
0 0.772434 0.536685 0.049805 0.049635
0 0.762602 0.546133 0.049805 0.049635
0 0.779456 0.563454 0.049805 0.049635
0 0.788234 0.538260 0.049805 0.049635
0 0.788585 0.519888 0.049805 0.049635
0 0.798417 0.534585 0.049805 0.049635
0 0.805790 0.521988 0.049805 0.049635
0 0.808599 0.503617 0.049805 0.049635
0 0.822293 0.497318 0.049805 0.049635
0 0.831422 0.498368 0.049805 0.049635
0 0.815973 0.503617 0.049805 0.049635
0 0.826155 0.512540 0.049805 0.049635
0 0.852841 0.501517 0.049805 0.049635
0 0.820889 0.534061 0.049805 0.049635
0 0.812462 0.536685 0.049805 0.049635
0 0.771029 0.581826 0.049805 0.049635
0 0.767518 0.570803 0.049805 0.049635
0 0.791394 0.611220 0.049805 0.049635
0 0.787181 0.584450 0.049805 0.049635
0 0.807546 0.585500 0.049805 0.049635
0 0.810706 0.601247 0.049805 0.049635
0 0.811408 0.567129 0.049805 0.049635
0 0.821942 0.559780 0.049805 0.049635
0 0.834582 0.542459 0.049805 0.049635
0 0.840551 0.535110 0.049805 0.049635
0 0.855299 0.529337 0.049805 0.049635
0 0.835636 0.565554 0.049805 0.049635
0 0.821591 0.589174 0.049805 0.049635
0 0.826155 0.580251 0.049805 0.049635
0 0.844765 0.582351 0.049805 0.049635
0 0.838094 0.602296 0.049805 0.049635
0 0.828262 0.617518 0.049805 0.049635
0 0.832476 0.632215 0.049805 0.049635
0 0.813164 0.622242 0.049805 0.049635
0 0.851085 0.632215 0.049805 0.049635
0 0.804035 0.657935 0.049805 0.049635
0 0.844941 0.698614 0.049805 0.049635
0 0.863901 0.695465 0.049805 0.049635
0 0.866710 0.663971 0.049805 0.049635
0 0.825980 0.654523 0.049805 0.049635
0 0.888480 0.634577 0.049805 0.049635
0 0.883564 0.708062 0.049805 0.049635
0 0.907441 0.711211 0.049805 0.049635
0 0.936935 0.659772 0.049805 0.049635
0 0.925699 0.627229 0.049805 0.049635
0 0.889884 0.598885 0.049805 0.049635
0 0.877946 0.595735 0.049805 0.049635
0 0.861092 0.595735 0.049805 0.049635
0 0.852665 0.564242 0.049805 0.049635
0 0.861794 0.540097 0.049805 0.049635
0 0.866710 0.561092 0.049805 0.049635
0 0.875137 0.573690 0.049805 0.049635
0 0.879351 0.562142 0.049805 0.049635
0 0.894098 0.567391 0.049805 0.049635
0 0.907441 0.576839 0.049805 0.049635
0 0.961514 0.648224 0.049805 0.049635
0 0.995924 0.681817 0.049805 0.049635
0 0.985390 0.619880 0.049805 0.049635
0 0.876717 0.523563 0.049805 0.049635
0 0.870748 0.507291 0.049805 0.049635
0 0.870397 0.496268 0.049805 0.049635
0 0.889709 0.496793 0.049805 0.049635
0 0.909723 0.494169 0.049805 0.049635
0 0.885846 0.506241 0.049805 0.049635
0 0.896380 0.509391 0.049805 0.049635
0 0.906212 0.512015 0.049805 0.049635
0 0.886198 0.536685 0.049805 0.049635
0 0.879175 0.548757 0.049805 0.049635
0 0.914287 0.602821 0.049805 0.049635
0 0.951858 0.583400 0.049805 0.049635
0 0.927981 0.575002 0.049805 0.049635
0 0.938515 0.547708 0.049805 0.049635
0 0.924821 0.539309 0.049805 0.049635
0 0.910776 0.534061 0.049805 0.049635
0 0.962742 0.518314 0.049805 0.049635
0 0.947644 0.526712 0.049805 0.049635
0 0.945537 0.515689 0.049805 0.049635
0 0.936408 0.503617 0.049805 0.049635
0 0.933248 0.515689 0.049805 0.049635
0 0.963796 0.542459 0.049805 0.049635
0 0.952911 0.545083 0.049805 0.049635
0 0.985917 0.541409 0.049805 0.049635
0 0.984863 0.527762 0.049805 0.049635
0 0.977841 0.531961 0.049805 0.049635
0 0.982757 0.561355 0.049805 0.049635
0 0.995748 0.557156 0.049805 0.049635
0 0.972223 0.592848 0.049805 0.049635
0 0.967307 0.578151 0.049805 0.049635
0 0.964849 0.567654 0.049805 0.049635
0 0.958880 0.618568 0.049805 0.049635
0 0.912707 0.925892 0.049805 0.049635
0 0.284898 0.953186 0.049805 0.049635