0 0.087840 0.978220 0.049661 0.048662
0 0.108566 0.937485 0.049661 0.048662
0 0.056143 0.945369 0.049661 0.048662
0 0.029322 0.903319 0.049661 0.048662
0 0.108566 0.892807 0.049661 0.048662
0 0.050047 0.819219 0.049661 0.048662
0 0.114661 0.812649 0.049661 0.048662
0 0.153674 0.838930 0.049661 0.048662
0 0.200001 0.937485 0.049661 0.048662
0 0.165865 0.925658 0.049661 0.048662
0 0.225603 0.965080 0.049661 0.048662
0 0.268273 0.834988 0.049661 0.048662
0 0.245109 0.794252 0.049661 0.048662
0 0.278026 0.773227 0.049661 0.048662
0 0.247548 0.731177 0.049661 0.048662
0 0.180495 0.748260 0.049661 0.048662
0 0.092717 0.739061 0.049661 0.048662
0 0.046390 0.769285 0.049661 0.048662
0 0.036636 0.733805 0.049661 0.048662
0 0.045170 0.654962 0.049661 0.048662
0 0.018349 0.644449 0.049661 0.048662
0 0.070772 0.598457 0.049661 0.048662
0 0.031760 0.569548 0.049661 0.048662
0 0.107347 0.666788 0.049661 0.048662
0 0.134168 0.639193 0.049661 0.048662
0 0.151236 0.606341 0.049661 0.048662
0 0.191467 0.624738 0.049661 0.048662
0 0.180495 0.694383 0.049661 0.048662
0 0.243890 0.670730 0.049661 0.048662
0 0.253643 0.628680 0.049661 0.048662
0 0.229261 0.576118 0.049661 0.048662
0 0.170742 0.516985 0.049661 0.048662
0 0.150016 0.516985 0.049661 0.048662
0 0.102470 0.556407 0.049661 0.048662
0 0.068334 0.540638 0.049661 0.048662
0 0.048828 0.514357 0.049661 0.048662
0 0.017130 0.507787 0.049661 0.048662
0 0.031760 0.497274 0.049661 0.048662
0 0.051266 0.474935 0.049661 0.048662
0 0.098813 0.486762 0.049661 0.048662
0 0.100032 0.465737 0.049661 0.048662
0 0.087840 0.446026 0.049661 0.048662
0 0.041513 0.431571 0.049661 0.048662
0 0.045170 0.393464 0.049661 0.048662
0 0.024445 0.385579 0.049661 0.048662
0 0.036636 0.368496 0.049661 0.048662
0 0.009815 0.369811 0.049661 0.048662
0 0.012254 0.331703 0.049661 0.048662
0 0.051266 0.344843 0.049661 0.048662
0 0.053704 0.297537 0.049661 0.048662
0 0.081745 0.318562 0.049661 0.048662
0 0.070772 0.357984 0.049661 0.048662
0 0.076868 0.402662 0.049661 0.048662
0 0.097593 0.397406 0.049661 0.048662
0 0.082964 0.376381 0.049661 0.048662
0 0.121976 0.372439 0.049661 0.048662
0 0.102470 0.425001 0.049661 0.048662
0 0.130510 0.439456 0.049661 0.048662
0 0.162208 0.447340 0.049661 0.048662
0 0.192686 0.434199 0.049661 0.048662
0 0.185372 0.485448 0.049661 0.048662
0 0.200001 0.474935 0.049661 0.048662
0 0.225603 0.497274 0.049661 0.048662
0 0.226822 0.452596 0.049661 0.048662
0 0.218288 0.402662 0.049661 0.048662
0 0.251205 0.363240 0.049661 0.048662
0 0.232918 0.344843 0.049661 0.048662
0 0.209754 0.359298 0.049661 0.048662
0 0.176838 0.356670 0.049661 0.048662
0 0.153674 0.385579 0.049661 0.048662
0 0.112223 0.347471 0.049661 0.048662
0 0.092717 0.340901 0.049661 0.048662
0 0.147578 0.302793 0.049661 0.048662
0 0.174399 0.323818 0.049661 0.048662
0 0.111004 0.300165 0.049661 0.048662
0 0.096374 0.281768 0.049661 0.048662
0 0.068334 0.285711 0.049661 0.048662
0 0.085402 0.260743 0.049661 0.048662
0 0.085402 0.239719 0.049661 0.048662
0 0.063458 0.229206 0.049661 0.048662
0 0.039075 0.229206 0.049661 0.048662
0 0.028103 0.281768 0.049661 0.048662
0 0.032979 0.192412 0.049661 0.048662
0 0.050047 0.200297 0.049661 0.048662
0 0.067115 0.188470 0.049661 0.048662
0 0.042732 0.166131 0.049661 0.048662
0 0.012254 0.170073 0.049661 0.048662
0 0.026883 0.139850 0.049661 0.048662
0 0.050047 0.139850 0.049661 0.048662
0 0.080526 0.172701 0.049661 0.048662
0 0.093936 0.195040 0.049661 0.048662
0 0.079306 0.223950 0.049661 0.048662
0 0.104908 0.229206 0.049661 0.048662
0 0.118319 0.227892 0.049661 0.048662
0 0.137825 0.202925 0.049661 0.048662
0 0.117100 0.198983 0.049661 0.048662
0 0.112223 0.175330 0.049661 0.048662
0 0.120757 0.162189 0.049661 0.048662
0 0.106127 0.150362 0.049661 0.048662
0 0.079306 0.142478 0.049661 0.048662
0 0.057362 0.114883 0.049661 0.048662
0 0.037856 0.116197 0.049661 0.048662
0 0.104908 0.133280 0.049661 0.048662
0 0.092717 0.117511 0.049661 0.048662
0 0.093936 0.099114 0.049661 0.048662
0 0.080526 0.088602 0.049661 0.048662
0 0.070772 0.076775 0.049661 0.048662
0 0.058581 0.071519 0.049661 0.048662
0 0.034198 0.076775 0.049661 0.048662
0 0.008596 0.089916 0.049661 0.048662
0 0.011035 0.076775 0.049661 0.048662
0 0.034198 0.051808 0.049661 0.048662
0 0.011035 0.045238 0.049661 0.048662
0 0.035417 0.029469 0.049661 0.048662
0 0.020788 0.022899 0.049661 0.048662
0 0.067115 0.032097 0.049661 0.048662
0 0.053704 0.054436 0.049661 0.048662
0 0.095155 0.063634 0.049661 0.048662
0 0.082964 0.045238 0.049661 0.048662
0 0.092717 0.036039 0.049661 0.048662
0 0.101251 0.045238 0.049661 0.048662
0 0.114661 0.066263 0.049661 0.048662
0 0.106127 0.092544 0.049661 0.048662
0 0.136606 0.113569 0.049661 0.048662
0 0.123195 0.130651 0.049661 0.048662
0 0.141482 0.141164 0.049661 0.048662
0 0.141482 0.177958 0.049661 0.048662
0 0.152455 0.202925 0.049661 0.048662
0 0.135387 0.244975 0.049661 0.048662
0 0.136606 0.275198 0.049661 0.048662
0 0.156112 0.256801 0.049661 0.048662
0 0.178057 0.287025 0.049661 0.048662
0 0.181714 0.269942 0.049661 0.048662
0 0.201220 0.262058 0.049661 0.048662
0 0.182933 0.241033 0.049661 0.048662
0 0.169523 0.218694 0.049661 0.048662
0 0.184152 0.222636 0.049661 0.048662
0 0.200001 0.216065 0.049661 0.048662
0 0.191467 0.197669 0.049661 0.048662
0 0.170742 0.179272 0.049661 0.048662
0 0.195125 0.172701 0.049661 0.048662
0 0.170742 0.139850 0.049661 0.048662
0 0.190248 0.138536 0.049661 0.048662
0 0.185372 0.129337 0.049661 0.048662
0 0.159770 0.116197 0.049661 0.048662
0 0.174399 0.109627 0.049661 0.048662
0 0.158550 0.084659 0.049661 0.048662
0 0.146359 0.091230 0.049661 0.048662
0 0.140263 0.076775 0.049661 0.048662
0 0.156112 0.068891 0.049661 0.048662
0 0.141482 0.045238 0.049661 0.048662
0 0.131729 0.025527 0.049661 0.048662
0 0.118319 0.033411 0.049661 0.048662
0 0.108566 0.013700 0.049661 0.048662
0 0.121976 0.008444 0.049661 0.048662
0 0.091498 0.018956 0.049661 0.048662
0 0.080526 0.009758 0.049661 0.048662
0 0.157331 0.034725 0.049661 0.048662
0 0.173180 0.022899 0.049661 0.048662
0 0.200001 0.017642 0.049661 0.048662
0 0.185372 0.045238 0.049661 0.048662
0 0.173180 0.061006 0.049661 0.048662
0 0.187810 0.080717 0.049661 0.048662
0 0.203659 0.082031 0.049661 0.048662
0 0.209754 0.051808 0.049661 0.048662
0 0.206097 0.037353 0.049661 0.048662
0 0.221946 0.022899 0.049661 0.048662
0 0.232918 0.034725 0.049661 0.048662
0 0.228041 0.066263 0.049661 0.048662
0 0.219507 0.092544 0.049661 0.048662
0 0.234137 0.114883 0.049661 0.048662
0 0.230480 0.139850 0.049661 0.048662
0 0.252424 0.129337 0.049661 0.048662
0 0.253643 0.149048 0.049661 0.048662
0 0.242671 0.154305 0.049661 0.048662
0 0.229261 0.160875 0.049661 0.048662
0 0.214631 0.167445 0.049661 0.048662
0 0.218288 0.191098 0.049661 0.048662
0 0.232918 0.200297 0.049661 0.048662
0 0.248767 0.205553 0.049661 0.048662
0 0.232918 0.234462 0.049661 0.048662
0 0.220727 0.243661 0.049661 0.048662
0 0.202439 0.239719 0.049661 0.048662
0 0.214631 0.305422 0.049661 0.048662
0 0.256082 0.292281 0.049661 0.048662
0 0.260958 0.326447 0.049661 0.048662
0 0.270711 0.339587 0.049661 0.048662
0 0.297532 0.309364 0.049661 0.048662
0 0.288998 0.281768 0.049661 0.048662
0 0.270711 0.276512 0.049661 0.048662
0 0.276807 0.252859 0.049661 0.048662
0 0.264616 0.242347 0.049661 0.048662
0 0.280464 0.230520 0.049661 0.048662
0 0.268273 0.214751 0.049661 0.048662
0 0.280464 0.196355 0.049661 0.048662
0 0.291437 0.175330 0.049661 0.048662
0 0.278026 0.152991 0.049661 0.048662
0 0.293875 0.134594 0.049661 0.048662
0 0.280464 0.122767 0.049661 0.048662
0 0.279245 0.100428 0.049661 0.048662
0 0.292656 0.103056 0.049661 0.048662
0 0.275588 0.070205 0.049661 0.048662
0 0.278026 0.047866 0.049661 0.048662
0 0.290218 0.050494 0.049661 0.048662
0 0.290218 0.064948 0.049661 0.048662
0 0.258520 0.464423 0.049661 0.048662
0 0.278026 0.464423 0.049661 0.048662
0 0.286560 0.421059 0.049661 0.048662
0 0.257301 0.410546 0.049661 0.048662
0 0.306066 0.409232 0.049661 0.048662
0 0.293875 0.505159 0.049661 0.048662
0 0.263396 0.499902 0.049661 0.048662
0 0.282903 0.549837 0.049661 0.048662
0 0.290218 0.639193 0.049661 0.048662
0 0.317039 0.591887 0.049661 0.048662
0 0.342641 0.656276 0.049661 0.048662
0 0.324353 0.694383 0.049661 0.048662
0 0.345079 0.752202 0.049661 0.048662
0 0.320696 0.900691 0.049661 0.048662
0 0.375557 0.870468 0.049661 0.048662
0 0.391406 0.827104 0.049661 0.048662
0 0.438953 0.812649 0.049661 0.048662
0 0.380434 0.654962 0.049661 0.048662
0 0.407255 0.637879 0.049661 0.048662
0 0.401159 0.570862 0.049661 0.048662
0 0.341421 0.566920 0.049661 0.048662
0 0.362147 0.527498 0.049661 0.048662
0 0.336545 0.488076 0.049661 0.048662
0 0.309724 0.451282 0.049661 0.048662
0 0.331668 0.427629 0.049661 0.048662
0 0.370681 0.452596 0.049661 0.048662
0 0.397502 0.418431 0.049661 0.048662
0 0.381653 0.428943 0.049661 0.048662
0 0.348736 0.398720 0.049661 0.048662
0 0.351174 0.369811 0.049661 0.048662
0 0.323134 0.372439 0.049661 0.048662
0 0.329230 0.338273 0.049661 0.048662
0 0.364585 0.348786 0.049661 0.048662
0 0.356051 0.326447 0.049661 0.048662
0 0.334107 0.302793 0.049661 0.048662
0 0.362147 0.297537 0.049661 0.048662
0 0.351174 0.267314 0.049661 0.048662
0 0.314600 0.266000 0.049661 0.048662
0 0.303628 0.244975 0.049661 0.048662
0 0.319477 0.205553 0.049661 0.048662
0 0.352394 0.198983 0.049661 0.048662
0 0.360928 0.226578 0.049661 0.048662
0 0.365804 0.250231 0.049661 0.048662
0 0.396283 0.218694 0.049661 0.048662
0 0.392625 0.246289 0.049661 0.048662
0 0.409693 0.330389 0.049661 0.048662
0 0.418227 0.281768 0.049661 0.048662
0 0.432857 0.309364 0.049661 0.048662
0 0.434076 0.264686 0.049661 0.048662
0 0.431638 0.230520 0.049661 0.048662
0 0.413351 0.197669 0.049661 0.048662
0 0.385310 0.195040 0.049661 0.048662
0 0.381653 0.175330 0.049661 0.048662
0 0.356051 0.171387 0.049661 0.048662
0 0.336545 0.160875 0.049661 0.048662
0 0.354832 0.138536 0.049661 0.048662
0 0.328011 0.130651 0.049661 0.048662
0 0.326792 0.103056 0.049661 0.048662
0 0.306066 0.105684 0.049661 0.048662
0 0.315819 0.082031 0.049661 0.048662
0 0.297532 0.082031 0.049661 0.048662
0 0.308505 0.064948 0.049661 0.048662
0 0.317039 0.051808 0.049661 0.048662
0 0.318258 0.039981 0.049661 0.048662
0 0.306066 0.039981 0.049661 0.048662
0 0.288998 0.033411 0.049661 0.048662
0 0.282903 0.020270 0.049661 0.048662
0 0.253643 0.039981 0.049661 0.048662
0 0.251205 0.017642 0.049661 0.048662
0 0.269492 0.011072 0.049661 0.048662
0 0.296313 0.013700 0.049661 0.048662
0 0.308505 0.013700 0.049661 0.048662
0 0.326792 0.015014 0.049661 0.048662
0 0.334107 0.050494 0.049661 0.048662
0 0.351174 0.043924 0.049661 0.048662
0 0.340202 0.029469 0.049661 0.048662
0 0.354832 0.020270 0.049661 0.048662
0 0.373119 0.018956 0.049661 0.048662
0 0.371900 0.051808 0.049661 0.048662
0 0.370681 0.038667 0.049661 0.048662
0 0.375557 0.071519 0.049661 0.048662
0 0.365804 0.084659 0.049661 0.048662
0 0.360928 0.097800 0.049661 0.048662
0 0.343860 0.103056 0.049661 0.048662
0 0.341421 0.084659 0.049661 0.048662
0 0.346298 0.066263 0.049661 0.048662
0 0.331668 0.068891 0.049661 0.048662
0 0.370681 0.118825 0.049661 0.048662
0 0.393844 0.108312 0.049661 0.048662
0 0.413351 0.100428 0.049661 0.048662
0 0.398721 0.091230 0.049661 0.048662
0 0.398721 0.082031 0.049661 0.048662
0 0.419446 0.076775 0.049661 0.048662
0 0.399940 0.062320 0.049661 0.048662
0 0.402378 0.049180 0.049661 0.048662
0 0.409693 0.032097 0.049661 0.048662
0 0.395064 0.018956 0.049661 0.048662
0 0.406036 0.008444 0.049661 0.048662
0 0.424323 0.013700 0.049661 0.048662
0 0.430419 0.018956 0.049661 0.048662
0 0.443829 0.037353 0.049661 0.048662
0 0.430419 0.055750 0.049661 0.048662
0 0.438953 0.080717 0.049661 0.048662
0 0.427980 0.147734 0.049661 0.048662
0 0.404817 0.139850 0.049661 0.048662
0 0.385310 0.154305 0.049661 0.048662
0 0.420665 0.176644 0.049661 0.048662
0 0.403598 0.174015 0.049661 0.048662
0 0.434076 0.200297 0.049661 0.048662
0 0.453582 0.216065 0.049661 0.048662
0 0.473088 0.213437 0.049661 0.048662
0 0.463335 0.185842 0.049661 0.048662
0 0.454801 0.160875 0.049661 0.048662
0 0.446267 0.141164 0.049661 0.048662
0 0.453582 0.120139 0.049661 0.048662
0 0.469431 0.106998 0.049661 0.048662
0 0.474308 0.092544 0.049661 0.048662
0 0.463335 0.072833 0.049661 0.048662
0 0.474308 0.053122 0.049661 0.048662
0 0.460897 0.045238 0.049661 0.048662
0 0.477965 0.034725 0.049661 0.048662
0 0.496252 0.020270 0.049661 0.048662
0 0.458459 0.013700 0.049661 0.048662
0 0.502348 0.070205 0.049661 0.048662
0 0.496252 0.050494 0.049661 0.048662
0 0.516977 0.029469 0.049661 0.048662
0 0.519416 0.051808 0.049661 0.048662
0 0.524292 0.076775 0.049661 0.048662
0 0.535265 0.061006 0.049661 0.048662
0 0.509663 0.106998 0.049661 0.048662
0 0.526731 0.118825 0.049661 0.048662
0 0.515758 0.138536 0.049661 0.048662
0 0.487718 0.133280 0.049661 0.048662
0 0.480403 0.146420 0.049661 0.048662
0 0.509663 0.160875 0.049661 0.048662
0 0.512101 0.181900 0.049661 0.048662
0 0.490156 0.196355 0.049661 0.048662
0 0.513320 0.213437 0.049661 0.048662
0 0.510882 0.251545 0.049661 0.048662
0 0.488937 0.267314 0.049661 0.048662
0 0.463335 0.256801 0.049661 0.048662
0 0.453582 0.237090 0.049661 0.048662
0 0.470650 0.290967 0.049661 0.048662
0 0.464554 0.317248 0.049661 0.048662
0 0.484061 0.301479 0.049661 0.048662
0 0.503567 0.297537 0.049661 0.048662
0 0.485280 0.350100 0.049661 0.048662
0 0.508444 0.331703 0.049661 0.048662
0 0.475527 0.377695 0.049661 0.048662
0 0.442610 0.392150 0.049661 0.048662
0 0.435295 0.371125 0.049661 0.048662
0 0.419446 0.393464 0.049661 0.048662
0 0.404817 0.365868 0.049661 0.048662
0 0.390187 0.385579 0.049661 0.048662
0 0.426761 0.338273 0.049661 0.048662
0 0.468212 0.428943 0.049661 0.048662
0 0.440172 0.476249 0.049661 0.048662
0 0.454801 0.468365 0.049661 0.048662
0 0.440172 0.503845 0.049661 0.048662
0 0.423104 0.539324 0.049661 0.048662
0 0.445048 0.561663 0.049661 0.048662
0 0.448706 0.623424 0.049661 0.048662
0 0.434076 0.682557 0.049661 0.048662
0 0.485280 0.637879 0.049661 0.048662
0 0.465774 0.728549 0.049661 0.048662
0 0.529169 0.697012 0.049661 0.048662
0 0.546237 0.754830 0.049661 0.048662
0 0.557209 0.796880 0.049661 0.048662
0 0.524292 0.908575 0.049661 0.048662
0 0.438953 0.907261 0.049661 0.048662
0 0.429199 0.875724 0.049661 0.048662
0 0.579154 0.874410 0.049661 0.048662
0 0.575496 0.947997 0.049661 0.048662
0 0.512101 0.951939 0.049661 0.048662
0 0.669370 0.959824 0.049661 0.048662
0 0.653521 0.913832 0.049661 0.048662
0 0.675466 0.836302 0.049661 0.048662
0 0.637672 0.785054 0.049661 0.048662
0 0.596222 0.796880 0.049661 0.048662
0 0.624262 0.660218 0.049661 0.048662
0 0.592564 0.595829 0.049661 0.048662
0 0.565743 0.565606 0.049661 0.048662
0 0.510882 0.586630 0.049661 0.048662
0 0.541360 0.492018 0.049661 0.048662
0 0.497471 0.536696 0.049661 0.048662
0 0.508444 0.470993 0.049661 0.048662
0 0.554771 0.455224 0.049661 0.048662
0 0.535265 0.372439 0.049661 0.048662
0 0.507224 0.397406 0.049661 0.048662
0 0.535265 0.342215 0.049661 0.048662
0 0.512101 0.365868 0.049661 0.048662
0 0.555990 0.308050 0.049661 0.048662
0 0.543799 0.319876 0.049661 0.048662
0 0.540141 0.302793 0.049661 0.048662
0 0.527950 0.269942 0.049661 0.048662
0 0.538922 0.250231 0.049661 0.048662
0 0.548675 0.227892 0.049661 0.048662
0 0.579154 0.237090 0.049661 0.048662
0 0.574277 0.267314 0.049661 0.048662
0 0.614509 0.284397 0.049661 0.048662
0 0.595002 0.350100 0.049661 0.048662
0 0.614509 0.356670 0.049661 0.048662
0 0.598660 0.325132 0.049661 0.048662
0 0.605975 0.407918 0.049661 0.048662
0 0.596222 0.434199 0.049661 0.048662
0 0.590126 0.470993 0.049661 0.048662
0 0.614509 0.439456 0.049661 0.048662
0 0.562086 0.519613 0.049661 0.048662
0 0.632796 0.515671 0.049661 0.048662
0 0.614509 0.551151 0.049661 0.048662
0 0.693753 0.695697 0.049661 0.048662
0 0.682780 0.614226 0.049661 0.048662
0 0.701068 0.526184 0.049661 0.048662
0 0.659617 0.459167 0.049661 0.048662
0 0.701068 0.411860 0.049661 0.048662
0 0.718136 0.440770 0.049661 0.048662
0 0.693753 0.386893 0.049661 0.048662
0 0.631577 0.377695 0.049661 0.048662
0 0.648645 0.360612 0.049661 0.048662
0 0.687657 0.343529 0.049661 0.048662
0 0.715697 0.359298 0.049661 0.048662
0 0.742518 0.338273 0.049661 0.048662
0 0.698629 0.310678 0.049661 0.048662
0 0.718136 0.276512 0.049661 0.048662
0 0.653521 0.283083 0.049661 0.048662
0 0.640111 0.263372 0.049661 0.048662
0 0.697410 0.255487 0.049661 0.048662
0 0.663274 0.233148 0.049661 0.048662
0 0.702287 0.213437 0.049661 0.048662
0 0.649864 0.202925 0.049661 0.048662
0 0.621823 0.201611 0.049661 0.048662
0 0.605975 0.214751 0.049661 0.048662
0 0.585249 0.210809 0.049661 0.048662
0 0.581592 0.185842 0.049661 0.048662
0 0.602317 0.158247 0.049661 0.048662
0 0.566962 0.149048 0.049661 0.048662
0 0.548675 0.139850 0.049661 0.048662
0 0.569400 0.121453 0.049661 0.048662
0 0.554771 0.112255 0.049661 0.048662
0 0.568181 0.095172 0.049661 0.048662
0 0.575496 0.074147 0.049661 0.048662
0 0.555990 0.071519 0.049661 0.048662
0 0.574277 0.050494 0.049661 0.048662
0 0.548675 0.011072 0.049661 0.048662
0 0.566962 0.018956 0.049661 0.048662
0 0.575496 0.030783 0.049661 0.048662
0 0.591345 0.043924 0.049661 0.048662
0 0.599879 0.068891 0.049661 0.048662
0 0.590126 0.099114 0.049661 0.048662
0 0.609632 0.112255 0.049661 0.048662
0 0.635234 0.110941 0.049661 0.048662
0 0.626700 0.092544 0.049661 0.048662
0 0.644987 0.078089 0.049661 0.048662
0 0.618166 0.053122 0.049661 0.048662
0 0.640111 0.022899 0.049661 0.048662
0 0.613290 0.015014 0.049661 0.048662
0 0.654740 0.016328 0.049661 0.048662
0 0.674246 0.096486 0.049661 0.048662
0 0.647425 0.139850 0.049661 0.048662
0 0.613290 0.129337 0.049661 0.048662
0 0.626700 0.166131 0.049661 0.048662
0 0.654740 0.172701 0.049661 0.048662
0 0.677904 0.166131 0.049661 0.048662
0 0.677904 0.146420 0.049661 0.048662
0 0.696191 0.101742 0.049661 0.048662
0 0.684000 0.075461 0.049661 0.048662
0 0.701068 0.034725 0.049661 0.048662
0 0.670589 0.029469 0.049661 0.048662
0 0.718136 0.062320 0.049661 0.048662
0 0.699848 0.059692 0.049661 0.048662
0 0.726669 0.024213 0.049661 0.048662
0 0.736423 0.053122 0.049661 0.048662
0 0.752271 0.084659 0.049661 0.048662
0 0.726669 0.116197 0.049661 0.048662
0 0.736423 0.104370 0.049661 0.048662
0 0.766901 0.106998 0.049661 0.048662
0 0.754710 0.134594 0.049661 0.048662
0 0.729108 0.139850 0.049661 0.048662
0 0.707163 0.154305 0.049661 0.048662
0 0.703506 0.166131 0.049661 0.048662
0 0.721793 0.166131 0.049661 0.048662
0 0.726669 0.187156 0.049661 0.048662
0 0.759586 0.189784 0.049661 0.048662
0 0.755929 0.250231 0.049661 0.048662
0 0.737642 0.230520 0.049661 0.048662
0 0.765682 0.296223 0.049661 0.048662
0 0.796160 0.293595 0.049661 0.048662
0 0.796160 0.259429 0.049661 0.048662
0 0.794941 0.231834 0.049661 0.048662
0 0.815667 0.216065 0.049661 0.048662
0 0.807133 0.197669 0.049661 0.048662
0 0.790065 0.149048 0.049661 0.048662
0 0.813228 0.124081 0.049661 0.048662
0 0.843707 0.112255 0.049661 0.048662
0 0.843707 0.093858 0.049661 0.048662
0 0.838830 0.071519 0.049661 0.048662
0 0.824201 0.074147 0.049661 0.048662
0 0.797380 0.083345 0.049661 0.048662
0 0.812009 0.050494 0.049661 0.048662
0 0.771778 0.050494 0.049661 0.048662
0 0.785188 0.036039 0.049661 0.048662
0 0.777873 0.017642 0.049661 0.048662
0 0.798599 0.029469 0.049661 0.048662
0 0.685219 0.009758 0.049661 0.048662
0 0.154893 0.012386 0.049661 0.048662
0 0.146359 0.018956 0.049661 0.048662
0 0.814448 0.008444 0.049661 0.048662
0 0.822982 0.020270 0.049661 0.048662
0 0.793722 0.008444 0.049661 0.048662
0 0.840049 0.025527 0.049661 0.048662
0 0.881500 0.011072 0.049661 0.048662
0 0.858337 0.013700 0.049661 0.048662
0 0.877843 0.036039 0.049661 0.048662
0 0.909540 0.020270 0.049661 0.048662
0 0.921732 0.022899 0.049661 0.048662
0 0.916855 0.034725 0.049661 0.048662
0 0.941238 0.029469 0.049661 0.048662
0 0.940019 0.012386 0.049661 0.048662
0 0.955868 0.018956 0.049661 0.048662
0 0.975374 0.020270 0.049661 0.048662
0 0.994880 0.034725 0.049661 0.048662
0 0.816962 0.306407 0.049661 0.048662
0 0.825496 0.288667 0.049661 0.048662
0 0.822448 0.255816 0.049661 0.048662
0 0.844393 0.196683 0.049661 0.048662
0 0.868166 0.191427 0.049661 0.048662
0 0.870604 0.130323 0.049661 0.048662
0 0.883405 0.330060 0.049661 0.048662
0 0.828544 0.349114 0.049661 0.048662
0 0.823058 0.375395 0.049661 0.048662
0 0.797456 0.361598 0.049661 0.048662
0 0.772464 0.401019 0.049661 0.048662
0 0.790751 0.428615 0.049661 0.048662
0 0.835249 0.476578 0.049661 0.048662
0 0.876090 0.483805 0.049661 0.048662
0 0.920589 0.487090 0.049661 0.048662
0 0.918760 0.441098 0.049661 0.048662
0 0.885844 0.399048 0.049661 0.048662
0 0.891939 0.363569 0.049661 0.048662
0 0.860851 0.283411 0.049661 0.048662
0 0.883405 0.237419 0.049661 0.048662
0 0.898645 0.152005 0.049661 0.048662
0 0.927904 0.144778 0.049661 0.048662
0 0.908398 0.099443 0.049661 0.048662
0 0.873652 0.078418 0.049661 0.048662
0 0.916322 0.065277 0.049661 0.048662
0 0.985203 0.117182 0.049661 0.048662
0 0.976060 0.088930 0.049661 0.048662
0 0.957773 0.075132 0.049661 0.048662
0 0.940705 0.065277 0.049661 0.048662
0 0.946801 0.044909 0.049661 0.048662
0 0.962649 0.056736 0.049661 0.048662
0 0.981546 0.065934 0.049661 0.048662
0 0.995566 0.056736 0.049661 0.048662
0 0.954725 0.118496 0.049661 0.048662
0 0.957773 0.142150 0.049661 0.048662
0 0.982156 0.171059 0.049661 0.048662
0 0.946191 0.198654 0.049661 0.048662
0 0.905350 0.175658 0.049661 0.048662
0 0.949239 0.234134 0.049661 0.048662
0 0.938267 0.257787 0.049661 0.048662
0 0.972403 0.243989 0.049661 0.048662
0 0.985813 0.269613 0.049661 0.048662
0 0.996176 0.208510 0.049661 0.048662
0 0.993128 0.191427 0.049661 0.048662
0 0.956554 0.171716 0.049661 0.048662
0 0.932780 0.295238 0.049661 0.048662
0 0.935828 0.328746 0.049661 0.048662
0 0.934609 0.359627 0.049661 0.048662
0 0.896816 0.315606 0.049661 0.048662
0 0.971793 0.322833 0.049661 0.048662
0 0.995566 0.316263 0.049661 0.048662
0 0.982156 0.364883 0.049661 0.048662
0 0.992518 0.409561 0.049661 0.048662
0 0.985813 0.480520 0.049661 0.048662
0 0.980251 0.043924 0.049661 0.048662
0 0.898568 0.560349 0.049661 0.048662
0 0.853460 0.585316 0.049661 0.048662
0 0.824201 0.565606 0.049661 0.048662
0 0.809571 0.534068 0.049661 0.048662
0 0.775435 0.505159 0.049661 0.048662
0 0.748614 0.518299 0.049661 0.048662
0 0.757148 0.587945 0.049661 0.048662
0 0.747395 0.615540 0.049661 0.048662
0 0.732765 0.668102 0.049661 0.048662
0 0.775435 0.693069 0.049661 0.048662
0 0.731546 0.748260 0.049661 0.048662
0 0.790065 0.775855 0.049661 0.048662
0 0.768120 0.828418 0.049661 0.048662
0 0.794941 0.879666 0.049661 0.048662
0 0.880281 0.887550 0.049661 0.048662
0 0.932704 0.940113 0.049661 0.048662
0 0.950991 0.744318 0.049661 0.048662
0 0.879062 0.796880 0.049661 0.048662
0 0.826639 0.760086 0.049661 0.048662
0 0.881500 0.672044 0.049661 0.048662
0 0.814448 0.623424 0.049661 0.048662
0 0.937581 0.633937 0.049661 0.048662
0 0.975374 0.686499 0.049661 0.048662
0 0.982689 0.610284 0.049661 0.048662
0 0.974155 0.538010 0.049661 0.048662