0 0.726106 0.924887 0.049805 0.049479
0 0.915307 0.815994 0.049805 0.049479
0 0.285543 0.786048 0.049805 0.049479
0 0.261042 0.737046 0.049805 0.049479
0 0.259001 0.335957 0.049805 0.049479
0 0.257640 0.291493 0.049805 0.049479
0 0.243347 0.256103 0.049805 0.049479
0 0.324336 0.215268 0.049805 0.049479
0 0.342712 0.287863 0.049805 0.049479
0 0.351560 0.276974 0.049805 0.049479
0 0.371297 0.325976 0.049805 0.049479
0 0.379464 0.293308 0.049805 0.049479
0 0.433910 0.353199 0.049805 0.049479
0 0.446841 0.306012 0.049805 0.049479
0 0.337948 0.452110 0.049805 0.049479
0 0.360407 0.240676 0.049805 0.049479
0 0.382186 0.227972 0.049805 0.049479
0 0.385589 0.215268 0.049805 0.049479
0 0.392395 0.237954 0.049805 0.049479
0 0.425062 0.241584 0.049805 0.049479
0 0.425743 0.211638 0.049805 0.049479
0 0.450244 0.193489 0.049805 0.049479
0 0.495843 0.257010 0.049805 0.049479
0 0.534863 0.199841 0.049805 0.049479
0 0.519209 0.184415 0.049805 0.049479
0 0.549836 0.179878 0.049805 0.049479
0 0.585906 0.199841 0.049805 0.049479
0 0.617213 0.298752 0.049805 0.049479
0 0.596115 0.411275 0.049805 0.049479
0 0.653964 0.384052 0.049805 0.049479
0 0.658729 0.206193 0.049805 0.049479
0 0.696160 0.187137 0.049805 0.049479
0 0.758093 0.231602 0.049805 0.049479
0 0.741079 0.220712 0.049805 0.049479
0 0.788719 0.316901 0.049805 0.049479
0 0.863810 0.291039 0.049805 0.049479
0 0.903284 0.268353 0.049805 0.049479
0 0.803919 0.211184 0.049805 0.049479
0 0.816170 0.193035 0.049805 0.049479
0 0.890353 0.236593 0.049805 0.049479
0 0.865852 0.129515 0.049805 0.049479
0 0.874699 0.127700 0.049805 0.049479
0 0.880825 0.108643 0.049805 0.049479
0 0.893756 0.110458 0.049805 0.049479
0 0.905326 0.096847 0.049805 0.049479
0 0.896478 0.095939 0.049805 0.049479
0 0.907367 0.076883 0.049805 0.049479
0 0.900562 0.174887 0.049805 0.049479
0 0.888992 0.140404 0.049805 0.049479
0 0.916895 0.220259 0.049805 0.049479
0 0.955008 0.192128 0.049805 0.049479
0 0.961133 0.148571 0.049805 0.049479
0 0.959091 0.129515 0.049805 0.049479
0 0.989718 0.105921 0.049805 0.049479
0 0.999246 0.157645 0.049805 0.049479
0 0.980189 0.198480 0.049805 0.049479
0 0.991079 0.223888 0.049805 0.049479
0 0.975425 0.365449 0.049805 0.049479
0 0.939355 0.348208 0.049805 0.049479
0 0.189241 0.146983 0.049805 0.049479
0 0.205575 0.141538 0.049805 0.049479
0 0.208638 0.137455 0.049805 0.049479
0 0.195366 0.136547 0.049805 0.049479
0 0.182435 0.118398 0.049805 0.049479
0 0.185498 0.107055 0.049805 0.049479
0 0.201492 0.112046 0.049805 0.049479
0 0.207277 0.117037 0.049805 0.049479
0 0.211700 0.105241 0.049805 0.049479
0 0.206596 0.104333 0.049805 0.049479
0 0.224972 0.144714 0.049805 0.049479
0 0.253216 0.138362 0.049805 0.049479
0 0.258660 0.134279 0.049805 0.049479
0 0.268189 0.125658 0.049805 0.049479
0 0.273633 0.107509 0.049805 0.049479
0 0.282821 0.141538 0.049805 0.049479
0 0.288946 0.167854 0.049805 0.049479
0 0.305621 0.100476 0.049805 0.049479
0 0.319572 0.102291 0.049805 0.049479
0 0.297113 0.134959 0.049805 0.049479
0 0.303238 0.143580 0.049805 0.049479
0 0.312086 0.154923 0.049805 0.049479
0 0.323316 0.162636 0.049805 0.049479
0 0.350539 0.170803 0.049805 0.049479
0 0.359727 0.160821 0.049805 0.049479
0 0.397839 0.183054 0.049805 0.049479
0 0.409409 0.176248 0.049805 0.049479
0 0.396818 0.154469 0.049805 0.049479
0 0.368234 0.136320 0.049805 0.049479
0 0.370276 0.124977 0.049805 0.049479
0 0.360748 0.118625 0.049805 0.049479
0 0.357004 0.111819 0.049805 0.049479
0 0.330802 0.129061 0.049805 0.049479
0 0.332844 0.117718 0.049805 0.049479
0 0.334885 0.092310 0.049805 0.049479
0 0.352581 0.108190 0.049805 0.049479
0 0.357004 0.092310 0.049805 0.049479
0 0.350199 0.089133 0.049805 0.049479
0 0.377422 0.095486 0.049805 0.049479
0 0.371637 0.077337 0.049805 0.049479
0 0.353091 0.066107 0.049805 0.049479
0 0.354282 0.053176 0.049805 0.049479
0 0.358025 0.051361 0.049805 0.049479
0 0.358536 0.046597 0.049805 0.049479
0 0.366873 0.046370 0.049805 0.049479
0 0.365341 0.055898 0.049805 0.049479
0 0.367213 0.070417 0.049805 0.049479
0 0.361939 0.066107 0.049805 0.049479
0 0.357175 0.062931 0.049805 0.049479
0 0.379123 0.074728 0.049805 0.049479
0 0.382696 0.064973 0.049805 0.049479
0 0.378443 0.063385 0.049805 0.049479
0 0.376061 0.059982 0.049805 0.049479
0 0.372488 0.066107 0.049805 0.049479
0 0.380825 0.049546 0.049805 0.049479
0 0.373508 0.053630 0.049805 0.049479
0 0.370106 0.045917 0.049805 0.049479
0 0.390693 0.086751 0.049805 0.049479
0 0.391374 0.077677 0.049805 0.049479
0 0.390353 0.068829 0.049805 0.049479
0 0.387631 0.059982 0.049805 0.049479
0 0.388822 0.052949 0.049805 0.049479
0 0.390523 0.050454 0.049805 0.049479
0 0.394436 0.048866 0.049805 0.049479
0 0.397669 0.046824 0.049805 0.049479
0 0.388141 0.047278 0.049805 0.049479
0 0.384908 0.050000 0.049805 0.049479
0 0.398350 0.062477 0.049805 0.049479
0 0.402093 0.055218 0.049805 0.049479
0 0.409579 0.062931 0.049805 0.049479
0 0.412302 0.055445 0.049805 0.049479
0 0.410090 0.052722 0.049805 0.049479
0 0.403454 0.071098 0.049805 0.049479
0 0.405496 0.081534 0.049805 0.049479
0 0.392395 0.111933 0.049805 0.049479
0 0.395287 0.106715 0.049805 0.049479
0 0.414513 0.087886 0.049805 0.049479
0 0.415875 0.080626 0.049805 0.049479
0 0.421149 0.083802 0.049805 0.049479
0 0.425233 0.090381 0.049805 0.049479
0 0.424722 0.103085 0.049805 0.049479
0 0.425403 0.111025 0.049805 0.049479
0 0.417746 0.066107 0.049805 0.049479
0 0.419107 0.058394 0.049805 0.049479
0 0.422170 0.055218 0.049805 0.049479
0 0.419107 0.045009 0.049805 0.049479
0 0.433570 0.071552 0.049805 0.049479
0 0.428635 0.066561 0.049805 0.049479
0 0.430337 0.057486 0.049805 0.049479
0 0.426424 0.045463 0.049805 0.049479
0 0.433740 0.044102 0.049805 0.049479
0 0.444289 0.058394 0.049805 0.049479
0 0.439865 0.064065 0.049805 0.049479
0 0.437653 0.056125 0.049805 0.049479
0 0.435611 0.061570 0.049805 0.049479
0 0.438504 0.059982 0.049805 0.049479
0 0.439525 0.113521 0.049805 0.049479
0 0.442928 0.096960 0.049805 0.049479
0 0.443778 0.089927 0.049805 0.049479
0 0.444799 0.080399 0.049805 0.049479
0 0.449733 0.084710 0.049805 0.049479
0 0.456709 0.091516 0.049805 0.049479
0 0.465557 0.119646 0.049805 0.049479
0 0.480700 0.118058 0.049805 0.049479
0 0.465387 0.086298 0.049805 0.049479
0 0.477297 0.083122 0.049805 0.049479
0 0.456880 0.078811 0.049805 0.049479
0 0.468960 0.062024 0.049805 0.049479
0 0.464196 0.044102 0.049805 0.049479
0 0.452796 0.062024 0.049805 0.049479
0 0.457220 0.041606 0.049805 0.049479
0 0.467939 0.044102 0.049805 0.049479
0 0.472023 0.046824 0.049805 0.049479
0 0.474575 0.048412 0.049805 0.049479
0 0.475596 0.051588 0.049805 0.049479
0 0.478488 0.054310 0.049805 0.049479
0 0.481721 0.049546 0.049805 0.049479
0 0.475085 0.042741 0.049805 0.049479
0 0.474234 0.038430 0.049805 0.049479
0 0.481891 0.036842 0.049805 0.049479
0 0.488527 0.038430 0.049805 0.049479
0 0.422170 0.013702 0.049805 0.049479
0 0.425913 0.020962 0.049805 0.049479
0 0.420128 0.023004 0.049805 0.049479
0 0.436802 0.010980 0.049805 0.049479
0 0.445140 0.011434 0.049805 0.049479
0 0.445990 0.006670 0.049805 0.049479
0 0.411111 0.021643 0.049805 0.049479
0 0.398180 0.022550 0.049805 0.049479
0 0.395117 0.022096 0.049805 0.049479
0 0.389502 0.023004 0.049805 0.049479
0 0.493971 0.039565 0.049805 0.049479
0 0.496183 0.035254 0.049805 0.049479
0 0.489037 0.050000 0.049805 0.049479
0 0.490909 0.050454 0.049805 0.049479
0 0.494822 0.049093 0.049805 0.049479
0 0.497885 0.048412 0.049805 0.049479
0 0.505881 0.050000 0.049805 0.049479
0 0.501798 0.067241 0.049805 0.049479
0 0.496353 0.057486 0.049805 0.049479
0 0.497204 0.073594 0.049805 0.049479
0 0.489547 0.074047 0.049805 0.049479
0 0.481210 0.066107 0.049805 0.049479
0 0.478828 0.063385 0.049805 0.049479
0 0.486995 0.082441 0.049805 0.049479
0 0.488186 0.098548 0.049805 0.049479
0 0.501287 0.098094 0.049805 0.049479
0 0.505371 0.086298 0.049805 0.049479
0 0.501628 0.075862 0.049805 0.049479
0 0.507923 0.069737 0.049805 0.049479
0 0.513198 0.053743 0.049805 0.049479
0 0.505201 0.025159 0.049805 0.049479
0 0.511666 0.031511 0.049805 0.049479
0 0.516771 0.035594 0.049805 0.049479
0 0.522045 0.046257 0.049805 0.049479
0 0.515410 0.040132 0.049805 0.049479
0 0.528851 0.033553 0.049805 0.049479
0 0.528170 0.054197 0.049805 0.049479
0 0.522215 0.061230 0.049805 0.049479
0 0.517451 0.062818 0.049805 0.049479
0 0.517451 0.072119 0.049805 0.049479
0 0.516260 0.077110 0.049805 0.049479
0 0.524597 0.086184 0.049805 0.049479
0 0.520174 0.105921 0.049805 0.049479
0 0.526299 0.084823 0.049805 0.049479
0 0.520854 0.085731 0.049805 0.049479
0 0.523747 0.122255 0.049805 0.049479
0 0.535487 0.097527 0.049805 0.049479
0 0.537699 0.079378 0.049805 0.049479
0 0.541782 0.069170 0.049805 0.049479
0 0.541101 0.053063 0.049805 0.049479
0 0.534806 0.050794 0.049805 0.049479
0 0.533445 0.059415 0.049805 0.049479
0 0.544675 0.054197 0.049805 0.049479
0 0.547737 0.061910 0.049805 0.049479
0 0.549098 0.075522 0.049805 0.049479
0 0.553522 0.105694 0.049805 0.049479
0 0.561689 0.102518 0.049805 0.049479
0 0.567644 0.115903 0.049805 0.049479
0 0.577853 0.117491 0.049805 0.049479
0 0.574450 0.096393 0.049805 0.049479
0 0.569516 0.080966 0.049805 0.049479
0 0.561859 0.083008 0.049805 0.049479
0 0.566793 0.068262 0.049805 0.049479
0 0.566283 0.061003 0.049805 0.049479
0 0.560328 0.062137 0.049805 0.049479
0 0.561689 0.046484 0.049805 0.049479
0 0.563050 0.039678 0.049805 0.049479
0 0.570026 0.041266 0.049805 0.049479
0 0.570026 0.029923 0.049805 0.049479
0 0.573599 0.050567 0.049805 0.049479
0 0.567814 0.049660 0.049805 0.049479
0 0.578023 0.061003 0.049805 0.049479
0 0.577853 0.051248 0.049805 0.049479
0 0.582106 0.053743 0.049805 0.049479
0 0.585850 0.069850 0.049805 0.049479
0 0.582106 0.081420 0.049805 0.049479
0 0.597420 0.069397 0.049805 0.049479
0 0.594527 0.060322 0.049805 0.049479
0 0.599461 0.052382 0.049805 0.049479
0 0.603715 0.047845 0.049805 0.049479
0 0.601333 0.043081 0.049805 0.049479
0 0.587721 0.047618 0.049805 0.049479
0 0.587721 0.039905 0.049805 0.049479
0 0.586871 0.100930 0.049805 0.049479
0 0.599631 0.091175 0.049805 0.049479
0 0.609500 0.091516 0.049805 0.049479
0 0.607798 0.079492 0.049805 0.049479
0 0.611712 0.065653 0.049805 0.049479
0 0.611031 0.056352 0.049805 0.049479
0 0.610521 0.045690 0.049805 0.049479
0 0.613073 0.026860 0.049805 0.049479
0 0.616816 0.106261 0.049805 0.049479
0 0.626174 0.091742 0.049805 0.049479
0 0.634001 0.092650 0.049805 0.049479
0 0.639616 0.083802 0.049805 0.049479
0 0.644380 0.069283 0.049805 0.049479
0 0.633150 0.067241 0.049805 0.049479
0 0.623962 0.052949 0.049805 0.049479
0 0.621240 0.036162 0.049805 0.049479
0 0.636723 0.032305 0.049805 0.049479
0 0.636893 0.037523 0.049805 0.049479
0 0.641657 0.030717 0.049805 0.049479
0 0.648803 0.030717 0.049805 0.049479
0 0.632469 0.045009 0.049805 0.049479
0 0.636383 0.049773 0.049805 0.049479
0 0.645911 0.051134 0.049805 0.049479
0 0.639786 0.056125 0.049805 0.049479
0 0.655439 0.054537 0.049805 0.049479
0 0.654248 0.042741 0.049805 0.049479
0 0.659012 0.038657 0.049805 0.049479
0 0.660033 0.030490 0.049805 0.049479
0 0.664457 0.032532 0.049805 0.049479
0 0.665137 0.024138 0.049805 0.049479
0 0.667689 0.045009 0.049805 0.049479
0 0.674495 0.037296 0.049805 0.049479
0 0.679089 0.035708 0.049805 0.049479
0 0.677728 0.055898 0.049805 0.049479
0 0.674155 0.051134 0.049805 0.049479
0 0.662925 0.061797 0.049805 0.049479
0 0.670752 0.056125 0.049805 0.049479
0 0.660884 0.077450 0.049805 0.049479
0 0.657140 0.091062 0.049805 0.049479
0 0.668200 0.075182 0.049805 0.049479
0 0.681812 0.062931 0.049805 0.049479
0 0.684704 0.056125 0.049805 0.049479
0 0.692020 0.033666 0.049805 0.049479
0 0.691340 0.021869 0.049805 0.049479
0 0.694913 0.022550 0.049805 0.049479
0 0.707163 0.060889 0.049805 0.049479
0 0.701889 0.074047 0.049805 0.049479
0 0.695934 0.059528 0.049805 0.049479
0 0.685895 0.109437 0.049805 0.049479
0 0.714990 0.107849 0.049805 0.049479
0 0.715841 0.050000 0.049805 0.049479
0 0.711927 0.028902 0.049805 0.049479
0 0.716011 0.025726 0.049805 0.049479
0 0.721796 0.027314 0.049805 0.049479
0 0.720264 0.063158 0.049805 0.049479
0 0.734386 0.099342 0.049805 0.049479
0 0.736088 0.078017 0.049805 0.049479
0 0.744255 0.061230 0.049805 0.049479
0 0.736768 0.063045 0.049805 0.049479
0 0.771478 0.088453 0.049805 0.049479
0 0.789173 0.108870 0.049805 0.049479
0 0.793597 0.091175 0.049805 0.049479
0 0.783729 0.128834 0.049805 0.049479
0 0.792576 0.147890 0.049805 0.049479
0 0.800062 0.144714 0.049805 0.049479
0 0.755825 0.133371 0.049805 0.049479
0 0.810611 0.102065 0.049805 0.049479
0 0.829327 0.099342 0.049805 0.049479
0 0.872885 0.074388 0.049805 0.049479
0 0.878329 0.040359 0.049805 0.049479
0 0.843279 0.019941 0.049805 0.049479
0 0.851446 0.019487 0.049805 0.049479
0 0.540613 0.159961 0.049805 0.049479
0 0.520633 0.159961 0.049805 0.049479
0 0.501152 0.171283 0.049805 0.049479
0 0.433720 0.182605 0.049805 0.049479
0 0.409244 0.133987 0.049805 0.049479
0 0.343310 0.150637 0.049805 0.049479
0 0.503150 0.121333 0.049805 0.049479
0 0.519134 0.140647 0.049805 0.049479
0 0.533120 0.133321 0.049805 0.049479
0 0.558595 0.143311 0.049805 0.049479
0 0.591062 0.135319 0.049805 0.049479
0 0.604049 0.115339 0.049805 0.049479
0 0.220932 0.114007 0.049805 0.049479
0 0.220433 0.133321 0.049805 0.049479
0 0.874735 0.573783 0.049805 0.049479
0 0.191102 0.110015 0.049805 0.049479
0 0.172708 0.116425 0.049805 0.049479
0 0.176993 0.120048 0.049805 0.049479
0 0.188176 0.126319 0.049805 0.049479
0 0.194969 0.124647 0.049805 0.049479
0 0.263531 0.633984 0.049805 0.049479
0 0.338468 0.093153 0.049805 0.049479
0 0.338782 0.102072 0.049805 0.049479
0 0.357177 0.101932 0.049805 0.049479
0 0.364075 0.096497 0.049805 0.049479
0 0.367210 0.101514 0.049805 0.049479
0 0.350279 0.127434 0.049805 0.049479
0 0.356236 0.134541 0.049805 0.049479
0 0.336901 0.131754 0.049805 0.049479
0 0.394384 0.057966 0.049805 0.049479
0 0.396474 0.056712 0.049805 0.049479
0 0.415496 0.048211 0.049805 0.049479
0 0.444342 0.045146 0.049805 0.049479
0 0.421035 0.097543 0.049805 0.049479
0 0.406299 0.114126 0.049805 0.049479
0 0.406090 0.099912 0.049805 0.049479
0 0.414973 0.109388 0.049805 0.049479
0 0.419886 0.122208 0.049805 0.049479
0 0.418527 0.134402 0.049805 0.049479
0 0.389890 0.147501 0.049805 0.049479
0 0.373376 0.164502 0.049805 0.049479
0 0.502139 0.108064 0.049805 0.049479
0 0.471412 0.096916 0.049805 0.049479
0 0.476742 0.101932 0.049805 0.049479
0 0.396997 0.074062 0.049805 0.049479
0 0.428038 0.152796 0.049805 0.049479
0 0.459810 0.142484 0.049805 0.049479
0 0.482386 0.164781 0.049805 0.049479
0 0.505797 0.135238 0.049805 0.049479
0 0.402118 0.215087 0.049805 0.049479
0 0.477578 0.354998 0.049805 0.049479
0 0.327076 0.296470 0.049805 0.049479
0 0.303665 0.226235 0.049805 0.049479
0 0.293631 0.194742 0.049805 0.049479
0 0.285897 0.195856 0.049805 0.049479
0 0.138113 0.900427 0.049805 0.049479
0 0.918422 0.163108 0.049805 0.049479
0 0.771056 0.666314 0.049805 0.049479
0 0.674066 0.465645 0.049805 0.049479
0 0.600488 0.275567 0.049805 0.049479
0 0.560563 0.282534 0.049805 0.049479
0 0.590663 0.275567 0.049805 0.049479
0 0.531717 0.218432 0.049805 0.049479
0 0.878289 0.286157 0.049805 0.049479
0 0.767503 0.235711 0.049805 0.049479
0 0.741478 0.097334 0.049805 0.049479
0 0.762695 0.072250 0.049805 0.049479
0 0.748585 0.072668 0.049805 0.049479
0 0.858431 0.089251 0.049805 0.049479
0 0.687444 0.078172 0.049805 0.049479
0 0.906508 0.033301 0.049805 0.049479
0 0.630379 0.056573 0.049805 0.049479
0 0.583138 0.065770 0.049805 0.049479
0 0.556278 0.050371 0.049805 0.049479
0 0.596516 0.045633 0.049805 0.049479
0 0.613343 0.041941 0.049805 0.049479
0 0.576972 0.044937 0.049805 0.049479