0 0.028410 0.093422 0.048780 0.048443
0 0.103458 0.020903 0.048780 0.048443
0 0.116202 0.053346 0.048780 0.048443
0 0.100626 0.099147 0.048780 0.048443
0 0.065226 0.146857 0.048780 0.048443
0 0.029826 0.143041 0.048780 0.048443
0 0.005755 0.173575 0.048780 0.048443
0 0.036906 0.190751 0.048780 0.048443
0 0.018498 0.270903 0.048780 0.048443
0 0.051066 0.248002 0.048780 0.048443
0 0.060978 0.295712 0.048780 0.048443
0 0.051066 0.366323 0.048780 0.048443
0 0.017082 0.482735 0.048780 0.048443
0 0.025578 0.574338 0.048780 0.048443
0 0.028410 0.646857 0.048780 0.048443
0 0.051066 0.694567 0.048780 0.048443
0 0.109122 0.717468 0.048780 0.048443
0 0.097794 0.830064 0.048780 0.048443
0 0.116202 0.923575 0.048780 0.048443
0 0.052482 0.967468 0.048780 0.048443
0 0.110538 0.627773 0.048780 0.048443
0 0.070890 0.421667 0.048780 0.048443
0 0.090714 0.326247 0.048780 0.048443
0 0.113370 0.162125 0.048780 0.048443
0 0.090714 0.169758 0.048780 0.048443
0 0.140273 0.150674 0.048780 0.048443
0 0.150185 0.112506 0.048780 0.048443
0 0.198329 0.026628 0.048780 0.048443
0 0.220985 0.026628 0.048780 0.048443
0 0.199745 0.085789 0.048780 0.048443
0 0.254968 0.017086 0.048780 0.048443
0 0.277624 0.032354 0.048780 0.048443
0 0.223816 0.072430 0.048780 0.048443
0 0.267712 0.080064 0.048780 0.048443
0 0.235144 0.141132 0.048780 0.048443
0 0.189833 0.207926 0.048780 0.048443
0 0.175673 0.295712 0.048780 0.048443
0 0.127529 0.345331 0.048780 0.048443
0 0.144521 0.402583 0.048780 0.048443
0 0.126113 0.490369 0.048780 0.048443
0 0.192665 0.515178 0.048780 0.048443
0 0.201161 0.686934 0.048780 0.048443
0 0.195497 0.623957 0.048780 0.048443
0 0.187001 0.927392 0.048780 0.048443
0 0.260632 0.165941 0.048780 0.048443
0 0.252136 0.227010 0.048780 0.048443
0 0.246472 0.276628 0.048780 0.048443
0 0.215321 0.297621 0.048780 0.048443
0 0.209657 0.362506 0.048780 0.048443
0 0.270544 0.316705 0.048780 0.048443
0 0.298864 0.295712 0.048780 0.048443
0 0.284704 0.188842 0.048780 0.048443
0 0.304528 0.207926 0.048780 0.048443
0 0.277624 0.221285 0.048780 0.048443
0 0.257800 0.368231 0.048780 0.048443
0 0.290368 0.389224 0.048780 0.048443
0 0.233728 0.459835 0.048780 0.048443
0 0.308776 0.436934 0.048780 0.048443
0 0.283288 0.486552 0.048780 0.048443
0 0.293200 0.522812 0.048780 0.048443
0 0.286120 0.606781 0.048780 0.048443
0 0.291784 0.730827 0.048780 0.048443
0 0.318688 0.768995 0.048780 0.048443
0 0.339927 0.843422 0.048780 0.048443
0 0.365415 0.629682 0.048780 0.048443
0 0.356919 0.513270 0.048780 0.048443
0 0.362583 0.442659 0.048780 0.048443
0 0.322936 0.076247 0.048780 0.048443
0 0.369663 0.009453 0.048780 0.048443
0 0.382407 0.049529 0.048780 0.048443
0 0.369663 0.085789 0.048780 0.048443
0 0.385239 0.106781 0.048780 0.048443
0 0.417807 0.101056 0.048780 0.048443
0 0.416391 0.141132 0.048780 0.048443
0 0.423471 0.188842 0.048780 0.048443
0 0.419223 0.242277 0.048780 0.048443
0 0.444710 0.234644 0.048780 0.048443
0 0.465950 0.221285 0.048780 0.048443
0 0.413559 0.282354 0.048780 0.048443
0 0.395151 0.356781 0.048780 0.048443
0 0.439046 0.309071 0.048780 0.048443
0 0.402231 0.425483 0.048780 0.048443
0 0.426303 0.513270 0.048780 0.048443
0 0.405063 0.562888 0.048780 0.048443
0 0.427719 0.763270 0.048780 0.048443
0 0.470198 0.791896 0.048780 0.048443
0 0.495686 0.742277 0.048780 0.048443
0 0.417807 0.912125 0.048780 0.048443
0 0.475862 0.931209 0.048780 0.048443
0 0.528254 0.961743 0.048780 0.048443
0 0.494270 0.622048 0.048780 0.048443
0 0.478694 0.549529 0.048780 0.048443
0 0.454622 0.020903 0.048780 0.048443
0 0.456038 0.137315 0.048780 0.048443
0 0.487190 0.083880 0.048780 0.048443
0 0.508430 0.066705 0.048780 0.048443
0 0.504182 0.018995 0.048780 0.048443
0 0.562237 0.053346 0.048780 0.048443
0 0.529670 0.101056 0.048780 0.048443
0 0.559405 0.122048 0.048780 0.048443
0 0.539581 0.137315 0.048780 0.048443
0 0.492854 0.137315 0.048780 0.048443
0 0.524006 0.196476 0.048780 0.048443
0 0.574981 0.190751 0.048780 0.048443
0 0.522590 0.301438 0.048780 0.048443
0 0.515510 0.375865 0.048780 0.048443
0 0.539581 0.406399 0.048780 0.048443
0 0.569317 0.268995 0.048780 0.048443
0 0.599053 0.396857 0.048780 0.048443
0 0.596221 0.496094 0.048780 0.048443
0 0.552325 0.620140 0.048780 0.048443
0 0.603301 0.539987 0.048780 0.048443
0 0.642948 0.576247 0.048780 0.048443
0 0.650028 0.700293 0.048780 0.048443
0 0.563653 0.753728 0.048780 0.048443
0 0.634453 0.801438 0.048780 0.048443
0 0.655692 0.795712 0.048780 0.048443
0 0.681180 0.835789 0.048780 0.048443
0 0.743484 0.936934 0.048780 0.048443
0 0.597637 0.081972 0.048780 0.048443
0 0.591973 0.013270 0.048780 0.048443
0 0.644364 0.017086 0.048780 0.048443
0 0.664188 0.036170 0.048780 0.048443
0 0.664188 0.057163 0.048780 0.048443
0 0.662772 0.080064 0.048780 0.048443
0 0.654276 0.120140 0.048780 0.048443
0 0.706668 0.009453 0.048780 0.048443
0 0.696756 0.047621 0.048780 0.048443
0 0.686844 0.106781 0.048780 0.048443
0 0.688260 0.181209 0.048780 0.048443
0 0.665604 0.257544 0.048780 0.048443
0 0.686844 0.303346 0.048780 0.048443
0 0.630205 0.326247 0.048780 0.048443
0 0.661356 0.341514 0.048780 0.048443
0 0.638701 0.370140 0.048780 0.048443
0 0.661356 0.385407 0.048780 0.048443
0 0.642948 0.442659 0.048780 0.048443
0 0.708084 0.673575 0.048780 0.048443
0 0.747731 0.013270 0.048780 0.048443
0 0.733572 0.093422 0.048780 0.048443
0 0.727908 0.043804 0.048780 0.048443
0 0.761891 0.041896 0.048780 0.048443
0 0.804371 0.032354 0.048780 0.048443
0 0.776051 0.080064 0.048780 0.048443
0 0.827027 0.076247 0.048780 0.048443
0 0.846851 0.099147 0.048780 0.048443
0 0.817115 0.120140 0.048780 0.048443
0 0.751979 0.137315 0.048780 0.048443
0 0.722244 0.188842 0.048780 0.048443
0 0.810035 0.156399 0.048780 0.048443
0 0.781715 0.202201 0.048780 0.048443
0 0.815699 0.223193 0.048780 0.048443
0 0.845435 0.221285 0.048780 0.048443
0 0.818531 0.312888 0.048780 0.048443
0 0.785963 0.389224 0.048780 0.048443
0 0.747731 0.446476 0.048780 0.048443
0 0.780299 0.339606 0.048780 0.048443
0 0.885082 0.194567 0.048780 0.048443
0 0.805787 0.055254 0.048780 0.048443
0 0.885082 0.034262 0.048780 0.048443
0 0.870922 0.005636 0.048780 0.048443
0 0.944554 0.062888 0.048780 0.048443
0 0.951634 0.009453 0.048780 0.048443
0 0.928978 0.039987 0.048780 0.048443
0 0.936058 0.110598 0.048780 0.048443
0 0.914818 0.108689 0.048780 0.048443
0 0.927562 0.154491 0.048780 0.048443
0 0.987033 0.120140 0.048780 0.048443
0 0.978537 0.196476 0.048780 0.048443
0 0.914818 0.202201 0.048780 0.048443
0 0.931810 0.227010 0.048780 0.048443
0 0.955881 0.257544 0.048780 0.048443
0 0.897826 0.263270 0.048780 0.048443
0 0.903490 0.312888 0.048780 0.048443
0 0.923314 0.349147 0.048780 0.048443
0 0.979953 0.362506 0.048780 0.048443
0 0.936058 0.490369 0.048780 0.048443
0 0.856762 0.425483 0.048780 0.048443
0 0.880834 0.532354 0.048780 0.048443
0 0.788795 0.646857 0.048780 0.048443
0 0.754811 0.559071 0.048780 0.048443
0 0.725076 0.753728 0.048780 0.048443
0 0.878002 0.662125 0.048780 0.048443
0 0.858178 0.614415 0.048780 0.048443
0 0.846851 0.807163 0.048780 0.048443
0 0.861010 0.961743 0.048780 0.048443
0 0.927562 0.879682 0.048780 0.048443
0 0.991281 0.950293 0.048780 0.048443
0 0.948802 0.789987 0.048780 0.048443
0 0.960129 0.748002 0.048780 0.048443
0 0.991281 0.749911 0.048780 0.048443
0 0.951634 0.641132 0.048780 0.048443
0 0.931810 0.665941 0.048780 0.048443
0 0.998361 0.143041 0.048780 0.048443
0 0.218153 0.261361 0.048780 0.048443