0 0.124397 0.718619 0.049805 0.049780
0 0.194741 0.750977 0.049805 0.049780
0 0.197938 0.673077 0.049805 0.049780
0 0.157970 0.645513 0.049805 0.049780
0 0.088426 0.704237 0.049805 0.049780
0 0.023678 0.653902 0.049805 0.049780
0 0.083630 0.622742 0.049805 0.049780
0 0.113206 0.614353 0.049805 0.049780
0 0.074837 0.573606 0.049805 0.049780
0 0.026076 0.595178 0.049805 0.049780
0 0.034069 0.548438 0.049805 0.049780
0 0.007690 0.562820 0.049805 0.049780
0 0.117203 0.552033 0.049805 0.049780
0 0.124397 0.519675 0.049805 0.049780
0 0.078833 0.535255 0.049805 0.049780
0 0.090824 0.489714 0.049805 0.049780
0 0.016483 0.529263 0.049805 0.049780
0 0.012487 0.504095 0.049805 0.049780
0 0.037267 0.454958 0.049805 0.049780
0 0.022079 0.417806 0.049805 0.049780
0 0.012487 0.452562 0.049805 0.049780
0 0.013286 0.389043 0.049805 0.049780
0 0.044461 0.337510 0.049805 0.049780
0 0.161168 0.591582 0.049805 0.049780
0 0.226715 0.589186 0.049805 0.049780
0 0.260288 0.645513 0.049805 0.049780
0 0.274677 0.645513 0.049805 0.049780
0 0.280272 0.700642 0.049805 0.049780
0 0.238706 0.759366 0.049805 0.049780
0 0.297858 0.721016 0.049805 0.049780
0 0.337826 0.665887 0.049805 0.049780
0 0.333829 0.603567 0.049805 0.049780
0 0.313046 0.578399 0.049805 0.049780
0 0.337027 0.495706 0.049805 0.049780
0 0.277874 0.532858 0.049805 0.049780
0 0.277075 0.482523 0.049805 0.049780
0 0.382590 0.752175 0.049805 0.049780
0 0.367403 0.710230 0.049805 0.049780
0 0.418562 0.634727 0.049805 0.049780
0 0.405772 0.620345 0.049805 0.049780
0 0.407371 0.553232 0.049805 0.049780
0 0.448138 0.514881 0.049805 0.049780
0 0.456931 0.469340 0.049805 0.049780
0 0.409769 0.451363 0.049805 0.049780
0 0.460928 0.679070 0.049805 0.049780
0 0.470520 0.731802 0.049805 0.049780
0 0.516883 0.795320 0.049805 0.049780
0 0.657570 0.784534 0.049805 0.049780
0 0.633590 0.676673 0.049805 0.049780
0 0.610408 0.676673 0.049805 0.049780
0 0.599217 0.634727 0.049805 0.049780
0 0.564045 0.576003 0.049805 0.049780
0 0.525676 0.664688 0.049805 0.049780
0 0.646379 0.583193 0.049805 0.049780
0 0.600816 0.544843 0.049805 0.049780
0 0.615204 0.574804 0.049805 0.049780
0 0.687946 0.561621 0.049805 0.049780
0 0.710328 0.519675 0.049805 0.049780
0 0.704733 0.595178 0.049805 0.049780
0 0.736707 0.614353 0.049805 0.049780
0 0.699137 0.647910 0.049805 0.049780
0 0.767083 0.762962 0.049805 0.049780
0 0.743901 0.701840 0.049805 0.049780
0 0.820640 0.735397 0.049805 0.049780
0 0.826236 0.674276 0.049805 0.049780
0 0.805452 0.659894 0.049805 0.049780
0 0.759889 0.620345 0.049805 0.049780
0 0.839825 0.570010 0.049805 0.049780
0 0.849417 0.523270 0.049805 0.049780
0 0.796659 0.572407 0.049805 0.049780
0 0.844621 0.620345 0.049805 0.049780
0 0.748698 0.556827 0.049805 0.049780
0 0.882990 0.673077 0.049805 0.049780
0 0.922159 0.664688 0.049805 0.049780
0 0.906971 0.715023 0.049805 0.049780
0 0.943742 0.759366 0.049805 0.049780
0 0.960528 0.562820 0.049805 0.049780
0 0.839825 0.462149 0.049805 0.049780
0 0.820640 0.478928 0.049805 0.049780
0 0.779073 0.469340 0.049805 0.049780
0 0.731911 0.480126 0.049805 0.049780
0 0.738306 0.442974 0.049805 0.049780
0 0.769481 0.436982 0.049805 0.049780
0 0.790264 0.438180 0.049805 0.049780
0 0.787866 0.409417 0.049805 0.049780
0 0.809449 0.409417 0.049805 0.049780
0 0.834229 0.403425 0.049805 0.049780
0 0.608210 0.463048 0.049805 0.049780
0 0.550656 0.457655 0.049805 0.049780
0 0.519881 0.443873 0.049805 0.049780
0 0.561447 0.433087 0.049805 0.049780
0 0.553853 0.410316 0.049805 0.049780
0 0.551855 0.384549 0.049805 0.049780
0 0.562646 0.381553 0.049805 0.049780
0 0.535868 0.389942 0.049805 0.049780
0 0.533470 0.362378 0.049805 0.049780
0 0.509089 0.365973 0.049805 0.049780
0 0.510688 0.318634 0.049805 0.049780
0 0.514685 0.273692 0.049805 0.049780
0 0.545860 0.283879 0.049805 0.049780
0 0.544661 0.303054 0.049805 0.049780
0 0.546659 0.327623 0.049805 0.049780
0 0.565444 0.338409 0.049805 0.049780
0 0.561847 0.353389 0.049805 0.049780
0 0.578234 0.355187 0.049805 0.049780
0 0.575436 0.392938 0.049805 0.049780
0 0.601016 0.424697 0.049805 0.049780
0 0.581831 0.411514 0.049805 0.049780
0 0.620200 0.433686 0.049805 0.049780
0 0.642183 0.434285 0.049805 0.049780
0 0.639385 0.395335 0.049805 0.049780
0 0.612207 0.408518 0.049805 0.049780
0 0.607011 0.391141 0.049805 0.049780
0 0.613406 0.370767 0.049805 0.049780
0 0.625796 0.370168 0.049805 0.049780
0 0.600216 0.374362 0.049805 0.049780
0 0.589825 0.349195 0.049805 0.049780
0 0.593821 0.323428 0.049805 0.049780
0 0.598218 0.292867 0.049805 0.049780
0 0.560248 0.292867 0.049805 0.049780
0 0.618202 0.324626 0.049805 0.049780
0 0.626595 0.298860 0.049805 0.049780
0 0.630592 0.264704 0.049805 0.049780
0 0.656971 0.268898 0.049805 0.049780
0 0.644981 0.306050 0.049805 0.049780
0 0.632191 0.331817 0.049805 0.049780
0 0.630992 0.352191 0.049805 0.049780
0 0.658969 0.385148 0.049805 0.049780
0 0.673358 0.370168 0.049805 0.049780
0 0.686148 0.343203 0.049805 0.049780
0 0.671759 0.318035 0.049805 0.049780
0 0.652175 0.362378 0.049805 0.049780
0 0.704133 0.355187 0.049805 0.049780
0 0.694141 0.296463 0.049805 0.049780
0 0.689345 0.284478 0.049805 0.049780
0 0.686947 0.267700 0.049805 0.049780
0 0.712127 0.292867 0.049805 0.049780
0 0.694141 0.311443 0.049805 0.049780
0 0.680152 0.421102 0.049805 0.049780
0 0.654573 0.416908 0.049805 0.049780
0 0.658170 0.445071 0.049805 0.049780
0 0.659769 0.470239 0.049805 0.049780
0 0.639385 0.471437 0.049805 0.049780
0 0.710928 0.429491 0.049805 0.049780
0 0.694941 0.404324 0.049805 0.049780
0 0.732511 0.415709 0.049805 0.049780
0 0.744101 0.374362 0.049805 0.049780
0 0.732111 0.357584 0.049805 0.049780
0 0.728514 0.343203 0.049805 0.049780
0 0.732910 0.386946 0.049805 0.049780
0 0.701735 0.368370 0.049805 0.049780
0 0.700936 0.386946 0.049805 0.049780
0 0.736108 0.318035 0.049805 0.049780
0 0.743702 0.267101 0.049805 0.049780
0 0.730512 0.275490 0.049805 0.049780
0 0.741703 0.339607 0.049805 0.049780
0 0.744901 0.317436 0.049805 0.049780
0 0.754893 0.348596 0.049805 0.049780
0 0.773278 0.339607 0.049805 0.049780
0 0.767283 0.322829 0.049805 0.049780
0 0.766084 0.302455 0.049805 0.049780
0 0.772878 0.280284 0.049805 0.049780
0 0.785668 0.258711 0.049805 0.049780
0 0.792463 0.259311 0.049805 0.049780
0 0.795660 0.283879 0.049805 0.049780
0 0.783670 0.288074 0.049805 0.049780
0 0.810048 0.296463 0.049805 0.049780
0 0.825236 0.292268 0.049805 0.049780
0 0.796060 0.303653 0.049805 0.049780
0 0.821639 0.309047 0.049805 0.049780
0 0.805252 0.351592 0.049805 0.049780
0 0.809649 0.373164 0.049805 0.049780
0 0.786068 0.368370 0.049805 0.049780
0 0.769681 0.356386 0.049805 0.049780
0 0.804053 0.386946 0.049805 0.049780
0 0.817642 0.385148 0.049805 0.049780
0 0.828434 0.351592 0.049805 0.049780
0 0.828434 0.336611 0.049805 0.049780
0 0.827634 0.314440 0.049805 0.049780
0 0.852015 0.263505 0.049805 0.049780
0 0.825236 0.264704 0.049805 0.049780
0 0.832031 0.273692 0.049805 0.049780
0 0.844021 0.303653 0.049805 0.049780
0 0.856811 0.310844 0.049805 0.049780
0 0.866004 0.292268 0.049805 0.049780
0 0.839625 0.322230 0.049805 0.049780
0 0.865204 0.319833 0.049805 0.049780
0 0.873198 0.342603 0.049805 0.049780
0 0.855212 0.330020 0.049805 0.049780
0 0.861607 0.349794 0.049805 0.049780
0 0.858410 0.393538 0.049805 0.049780
0 0.893182 0.420503 0.049805 0.049780
0 0.884789 0.393538 0.049805 0.049780
0 0.830832 0.384549 0.049805 0.049780
0 0.871599 0.464846 0.049805 0.049780
0 0.895980 0.448067 0.049805 0.049780
0 0.917163 0.440877 0.049805 0.049780
0 0.938746 0.445670 0.049805 0.049780
0 0.962327 0.494208 0.049805 0.049780
0 0.975116 0.438480 0.049805 0.049780
0 0.963126 0.411514 0.049805 0.049780
0 0.933550 0.411514 0.049805 0.049780
0 0.913566 0.365973 0.049805 0.049780
0 0.892383 0.370168 0.049805 0.049780
0 0.891983 0.343802 0.049805 0.049780
0 0.882391 0.338409 0.049805 0.049780
0 0.876395 0.313840 0.049805 0.049780
0 0.898778 0.284478 0.049805 0.049780
0 0.895580 0.319233 0.049805 0.049780
0 0.913166 0.270097 0.049805 0.049780
0 0.907570 0.288074 0.049805 0.049780
0 0.901975 0.256314 0.049805 0.049780
0 0.889185 0.252120 0.049805 0.049780
0 0.878793 0.250322 0.049805 0.049780
0 0.911967 0.247925 0.049805 0.049780
0 0.923158 0.267101 0.049805 0.049780
0 0.922758 0.246727 0.049805 0.049780
0 0.941943 0.241933 0.049805 0.049780
0 0.951535 0.244330 0.049805 0.049780
0 0.948738 0.279684 0.049805 0.049780
0 0.953933 0.268898 0.049805 0.049780
0 0.929553 0.294066 0.049805 0.049780
0 0.923158 0.316237 0.049805 0.049780
0 0.933150 0.330020 0.049805 0.049780
0 0.921959 0.334214 0.049805 0.049780
0 0.923957 0.356985 0.049805 0.049780
0 0.948338 0.312043 0.049805 0.049780
0 0.962726 0.364775 0.049805 0.049780
0 0.948338 0.338409 0.049805 0.049780
0 0.977515 0.341405 0.049805 0.049780
0 0.989505 0.363576 0.049805 0.049780
0 0.967922 0.319233 0.049805 0.049780
0 0.992702 0.326424 0.049805 0.049780
0 0.986707 0.339008 0.049805 0.049780
0 0.997898 0.403725 0.049805 0.049780
0 0.977914 0.400129 0.049805 0.049780
0 0.946339 0.389942 0.049805 0.049780
0 0.919561 0.401328 0.049805 0.049780
0 0.906771 0.397732 0.049805 0.049780
0 0.977115 0.294066 0.049805 0.049780
0 0.974317 0.271295 0.049805 0.049780
0 0.977914 0.243731 0.049805 0.049780
0 0.994701 0.261108 0.049805 0.049780
0 0.998698 0.258711 0.049805 0.049780
0 0.988306 0.282081 0.049805 0.049780
0 0.850416 0.226952 0.049805 0.049780
0 0.865604 0.228151 0.049805 0.049780
0 0.919961 0.521772 0.049805 0.049780
0 0.489305 0.326424 0.049805 0.049780
0 0.490504 0.282081 0.049805 0.049780
0 0.471319 0.273692 0.049805 0.049780
0 0.457730 0.270696 0.049805 0.049780
0 0.441743 0.299459 0.049805 0.049780
0 0.431351 0.297062 0.049805 0.049780
0 0.422558 0.292867 0.049805 0.049780
0 0.409769 0.291070 0.049805 0.049780
0 0.403374 0.295264 0.049805 0.049780
0 0.373398 0.284478 0.049805 0.049780
0 0.424157 0.324626 0.049805 0.049780
0 0.453734 0.323428 0.049805 0.049780
0 0.466923 0.326424 0.049805 0.049780
0 0.480512 0.319233 0.049805 0.049780
0 0.482511 0.347397 0.049805 0.049780
0 0.468122 0.357584 0.049805 0.049780
0 0.498897 0.369569 0.049805 0.049780
0 0.463326 0.398931 0.049805 0.049780
0 0.456531 0.377958 0.049805 0.049780
0 0.444941 0.344401 0.049805 0.049780
0 0.417762 0.355786 0.049805 0.049780
0 0.406971 0.347397 0.049805 0.049780
0 0.392982 0.345599 0.049805 0.049780
0 0.382590 0.342004 0.049805 0.049780
0 0.372199 0.351592 0.049805 0.049780
0 0.384989 0.378557 0.049805 0.049780
0 0.394581 0.373164 0.049805 0.049780
0 0.400176 0.394137 0.049805 0.049780
0 0.417762 0.375561 0.049805 0.049780
0 0.424957 0.401927 0.049805 0.049780
0 0.435748 0.374962 0.049805 0.049780
0 0.451335 0.403125 0.049805 0.049780
0 0.444141 0.415110 0.049805 0.049780
0 0.456132 0.421102 0.049805 0.049780
0 0.453334 0.437281 0.049805 0.049780
0 0.423358 0.449865 0.049805 0.049780
0 0.397778 0.419304 0.049805 0.049780
0 0.407770 0.423499 0.049805 0.049780
0 0.376595 0.415709 0.049805 0.049780
0 0.372199 0.446869 0.049805 0.049780
0 0.362207 0.475033 0.049805 0.049780
0 0.337427 0.458254 0.049805 0.049780
0 0.336627 0.434884 0.049805 0.049780
0 0.353014 0.400129 0.049805 0.049780
0 0.343821 0.370767 0.049805 0.049780
0 0.357810 0.355786 0.049805 0.049780
0 0.366204 0.398331 0.049805 0.049780
0 0.355812 0.309646 0.049805 0.049780
0 0.349017 0.297062 0.049805 0.049780
0 0.341423 0.297661 0.049805 0.049780
0 0.328234 0.312642 0.049805 0.049780
0 0.333430 0.341405 0.049805 0.049780
0 0.319441 0.331817 0.049805 0.049780
0 0.317443 0.361179 0.049805 0.049780
0 0.303853 0.356386 0.049805 0.049780
0 0.307451 0.377958 0.049805 0.049780
0 0.320640 0.408518 0.049805 0.049780
0 0.295460 0.404324 0.049805 0.049780
0 0.287067 0.410915 0.049805 0.049780
0 0.307850 0.428892 0.049805 0.049780
0 0.297858 0.445670 0.049805 0.049780
0 0.306651 0.465445 0.049805 0.049780
0 0.275476 0.448667 0.049805 0.049780
0 0.255892 0.416908 0.049805 0.049780
0 0.283070 0.387545 0.049805 0.049780
0 0.285868 0.349794 0.049805 0.049780
0 0.304253 0.316836 0.049805 0.049780
0 0.296659 0.319833 0.049805 0.049780
0 0.289465 0.322829 0.049805 0.049780
0 0.271879 0.316237 0.049805 0.049780
0 0.281072 0.301257 0.049805 0.049780
0 0.270680 0.294665 0.049805 0.049780
0 0.258690 0.306050 0.049805 0.049780
0 0.245100 0.298860 0.049805 0.049780
0 0.258690 0.329420 0.049805 0.049780
0 0.242702 0.337809 0.049805 0.049780
0 0.243102 0.362378 0.049805 0.049780
0 0.232311 0.389942 0.049805 0.049780
0 0.241503 0.400728 0.049805 0.049780
0 0.259089 0.376759 0.049805 0.049780
0 0.268682 0.371366 0.049805 0.049780
0 0.225516 0.352191 0.049805 0.049780
0 0.216323 0.506192 0.049805 0.049780
0 0.237107 0.467842 0.049805 0.049780
0 0.207131 0.454060 0.049805 0.049780
0 0.227914 0.446869 0.049805 0.049780
0 0.189145 0.475033 0.049805 0.049780
0 0.172359 0.466643 0.049805 0.049780
0 0.187546 0.428892 0.049805 0.049780
0 0.209529 0.403125 0.049805 0.049780
0 0.213126 0.425297 0.049805 0.049780
0 0.190344 0.383950 0.049805 0.049780
0 0.202734 0.370767 0.049805 0.049780
0 0.177155 0.374362 0.049805 0.049780
0 0.185948 0.356386 0.049805 0.049780
0 0.171160 0.345599 0.049805 0.049780
0 0.187546 0.318035 0.049805 0.049780
0 0.170360 0.326424 0.049805 0.049780
0 0.170760 0.305451 0.049805 0.049780
0 0.162766 0.316836 0.049805 0.049780
0 0.148378 0.312043 0.049805 0.049780
0 0.157970 0.362977 0.049805 0.049780
0 0.141184 0.356985 0.049805 0.049780
0 0.135588 0.379156 0.049805 0.049780
0 0.104413 0.355786 0.049805 0.049780
0 0.102015 0.316836 0.049805 0.049780
0 0.117203 0.324626 0.049805 0.049780
0 0.109209 0.387545 0.049805 0.049780
0 0.106811 0.431888 0.049805 0.049780
0 0.113206 0.410915 0.049805 0.049780
0 0.135588 0.445670 0.049805 0.049780
0 0.113606 0.458853 0.049805 0.049780
0 0.123598 0.486418 0.049805 0.049780
0 0.130392 0.467243 0.049805 0.049780
0 0.141983 0.478029 0.049805 0.049780
0 0.157570 0.443274 0.049805 0.049780
0 0.149577 0.430690 0.049805 0.049780
0 0.155172 0.408518 0.049805 0.049780
0 0.166363 0.419304 0.049805 0.049780
0 0.176355 0.400728 0.049805 0.049780
0 0.165164 0.388145 0.049805 0.049780
0 0.102415 0.484021 0.049805 0.049780
0 0.001895 0.337210 0.049805 0.049780
0 0.029073 0.380355 0.049805 0.049780
0 0.058650 0.342004 0.049805 0.049780
0 0.075436 0.339607 0.049805 0.049780
0 0.089025 0.333016 0.049805 0.049780
0 0.068242 0.326424 0.049805 0.049780
0 0.063845 0.384549 0.049805 0.049780
0 0.061447 0.424697 0.049805 0.049780
0 0.086627 0.405522 0.049805 0.049780
0 0.079433 0.422301 0.049805 0.049780
0 0.088226 0.442075 0.049805 0.049780
0 0.062646 0.461250 0.049805 0.049780
0 0.036268 0.418106 0.049805 0.049780
0 0.220920 0.314440 0.049805 0.049780
0 0.212527 0.310844 0.049805 0.049780
0 0.209329 0.295264 0.049805 0.049780
0 0.179353 0.303653 0.049805 0.049780
0 0.177754 0.315638 0.049805 0.049780
0 0.489705 0.572407 0.049805 0.049780
0 0.577634 0.498103 0.049805 0.049780
0 0.524077 0.507691 0.049805 0.049780
0 0.863006 0.803709 0.049805 0.049780
0 0.685548 0.325525 0.049805 0.049780
0 0.480112 0.413013 0.049805 0.049780
0 0.411367 0.511286 0.049805 0.049780
0 0.419361 0.477729 0.049805 0.049780
0 0.333030 0.526866 0.049805 0.049780
0 0.366603 0.558026 0.049805 0.049780
0 0.186747 0.712626 0.049805 0.049780
0 0.260288 0.586789 0.049805 0.049780
0 0.193941 0.544843 0.049805 0.049780
0 0.050056 0.490912 0.049805 0.049780
0 0.105212 0.506492 0.049805 0.049780
0 0.148378 0.511286 0.049805 0.049780
0 0.207531 0.476531 0.049805 0.049780
0 0.269081 0.410616 0.049805 0.049780
0 0.536867 0.272793 0.049805 0.049780
0 0.595220 0.276389 0.049805 0.049780
0 0.595220 0.262007 0.049805 0.049780
0 0.643182 0.263206 0.049805 0.049780
0 0.860608 0.245229 0.049805 0.049780
0 0.992503 0.242832 0.049805 0.049780
0 0.741503 0.293167 0.049805 0.049780
0 0.774277 0.639521 0.049805 0.049780
0 0.745500 0.523270 0.049805 0.049780
0 0.769481 0.493309 0.049805 0.049780
0 0.696739 0.442974 0.049805 0.049780
0 0.675956 0.442974 0.049805 0.049780
0 0.699937 0.490912 0.049805 0.049780
0 0.682351 0.519675 0.049805 0.049780
0 0.556851 0.611956 0.049805 0.049780
0 0.535268 0.481325 0.049805 0.049780
0 0.805452 0.595178 0.049805 0.049780
0 0.387387 0.305152 0.049805 0.049780
0 0.380992 0.291969 0.049805 0.049780
0 0.587010 0.453095 0.049805 0.049780
0 0.565281 0.507577 0.049805 0.049780