0 0.192668 0.582396 0.049805 0.049479
0 0.150104 0.560870 0.049805 0.049479
0 0.301278 0.549128 0.049805 0.049479
0 0.339439 0.623492 0.049805 0.049479
0 0.313020 0.844627 0.049805 0.049479
0 0.264586 0.807445 0.049805 0.049479
0 0.390809 0.529558 0.049805 0.049479
0 0.544918 0.609793 0.049805 0.049479
0 0.559595 0.482592 0.049805 0.049479
0 0.631513 0.470850 0.049805 0.049479
0 0.597756 0.382787 0.049805 0.049479
0 0.509693 0.410185 0.049805 0.049479
0 0.436308 0.371046 0.049805 0.049479
0 0.307149 0.410185 0.049805 0.049479
0 0.382003 0.412142 0.049805 0.049479
0 0.508226 0.365175 0.049805 0.049479
0 0.525838 0.316251 0.049805 0.049479
0 0.496484 0.296682 0.049805 0.049479
0 0.462727 0.277112 0.049805 0.049479
0 0.395212 0.314294 0.049805 0.049479
0 0.352648 0.304510 0.049805 0.049479
0 0.302746 0.304510 0.049805 0.049479
0 0.282198 0.347562 0.049805 0.049479
0 0.244038 0.343648 0.049805 0.049479
0 0.220554 0.331907 0.049805 0.049479
0 0.214684 0.402357 0.049805 0.049479
0 0.117815 0.400400 0.049805 0.049479
0 0.069380 0.378874 0.049805 0.049479
0 0.029752 0.259500 0.049805 0.049479
0 0.081122 0.241887 0.049805 0.049479
0 0.053235 0.232102 0.049805 0.049479
0 0.045897 0.210576 0.049805 0.049479
0 0.031220 0.191007 0.049805 0.049479
0 0.012139 0.208619 0.049805 0.049479
0 0.078186 0.187093 0.049805 0.049479
0 0.085525 0.222318 0.049805 0.049479
0 0.183862 0.237973 0.049805 0.049479
0 0.202942 0.228189 0.049805 0.049479
0 0.219087 0.224275 0.049805 0.049479
0 0.210280 0.194920 0.049805 0.049479
0 0.242570 0.210576 0.049805 0.049479
0 0.330633 0.110772 0.049805 0.049479
0 0.343842 0.118600 0.049805 0.049479
0 0.289537 0.187093 0.049805 0.049479
0 0.270457 0.208619 0.049805 0.049479
0 0.308617 0.208619 0.049805 0.049479
0 0.264586 0.234059 0.049805 0.049479
0 0.232296 0.273198 0.049805 0.049479
0 0.197071 0.282983 0.049805 0.049479
0 0.296875 0.245801 0.049805 0.049479
0 0.326230 0.259500 0.049805 0.049479
0 0.345310 0.232102 0.049805 0.049479
0 0.368793 0.194920 0.049805 0.049479
0 0.437775 0.191007 0.049805 0.049479
0 0.461259 0.191007 0.049805 0.049479
0 0.588950 0.324079 0.049805 0.049479
0 0.575740 0.259500 0.049805 0.049479
0 0.628578 0.263414 0.049805 0.049479
0 0.666738 0.316251 0.049805 0.049479
0 0.699028 0.265371 0.049805 0.049479
0 0.726914 0.245801 0.049805 0.049479
0 0.704899 0.187093 0.049805 0.049479
0 0.662335 0.210576 0.049805 0.049479
0 0.640320 0.179265 0.049805 0.049479
0 0.622707 0.183179 0.049805 0.049479
0 0.544918 0.206662 0.049805 0.049479
0 0.574273 0.165566 0.049805 0.049479
0 0.525838 0.165566 0.049805 0.049479
0 0.496484 0.171437 0.049805 0.049479
0 0.489145 0.251672 0.049805 0.049479
0 0.467130 0.245801 0.049805 0.049479
0 0.584547 0.145997 0.049805 0.049479
0 0.591885 0.140126 0.049805 0.049479
0 0.568402 0.134255 0.049805 0.049479
0 0.610965 0.157738 0.049805 0.049479
0 0.644723 0.159695 0.049805 0.049479
0 0.675545 0.157738 0.049805 0.049479
0 0.790026 0.220361 0.049805 0.049479
0 0.801768 0.245801 0.049805 0.049479
0 0.870750 0.277112 0.049805 0.049479
0 0.916249 0.277112 0.049805 0.049479
0 0.923588 0.378874 0.049805 0.049479
0 0.945603 0.167523 0.049805 0.049479
0 0.886895 0.173394 0.049805 0.049479
0 0.690222 0.120556 0.049805 0.049479
0 0.675545 0.116643 0.049805 0.049479
0 0.659400 0.116643 0.049805 0.049479
0 0.640320 0.102944 0.049805 0.049479
0 0.654997 0.077504 0.049805 0.049479
0 0.687286 0.083375 0.049805 0.049479
0 0.710770 0.055977 0.049805 0.049479
0 0.719576 0.093159 0.049805 0.049479
0 0.596057 0.106598 0.049805 0.049479
0 0.674978 0.050654 0.049805 0.049479
0 0.698954 0.072049 0.049805 0.049479
0 0.707945 0.074713 0.049805 0.049479
0 0.718934 0.074713 0.049805 0.049479
0 0.699454 0.095359 0.049805 0.049479
0 0.672980 0.070051 0.049805 0.049479
0 0.662990 0.076711 0.049805 0.049479
0 0.634519 0.076711 0.049805 0.049479
0 0.628525 0.084037 0.049805 0.049479
0 0.638015 0.095359 0.049805 0.049479
0 0.658994 0.098689 0.049805 0.049479
0 0.675478 0.084037 0.049805 0.049479
0 0.715937 0.129325 0.049805 0.049479
0 0.722930 0.137317 0.049805 0.049479
0 0.694958 0.144643 0.049805 0.049479
0 0.820833 0.253201 0.049805 0.049479
0 0.856797 0.165289 0.049805 0.049479
0 0.613540 0.105349 0.049805 0.049479
0 0.621532 0.151969 0.049805 0.049479
0 0.539614 0.182605 0.049805 0.049479
0 0.546107 0.159961 0.049805 0.049479
0 0.552101 0.154633 0.049805 0.049479
0 0.457196 0.369085 0.049805 0.049479
0 0.464689 0.092029 0.049805 0.049479
0 0.378275 0.200587 0.049805 0.049479
0 0.301851 0.193261 0.049805 0.049479
0 0.228924 0.217237 0.049805 0.049479
0 0.218435 0.303817 0.049805 0.049479
0 0.066337 0.326045 0.049805 0.049479
0 0.065838 0.345359 0.049805 0.049479
0 0.084601 0.322947 0.049805 0.049479
0 0.063280 0.198643 0.049805 0.049479
0 0.690789 0.074758 0.049805 0.049479
0 0.717754 0.155583 0.049805 0.049479
0 0.998481 0.450594 0.049805 0.049479
0 0.937653 0.162133 0.049805 0.049479
0 0.909852 0.169937 0.049805 0.049479
0 0.706675 0.228744 0.049805 0.049479
0 0.922812 0.174396 0.049805 0.049479