0 0.009475 0.680880 0.050000 0.050000
0 0.047335 0.696929 0.050000 0.050000
0 0.104949 0.735201 0.050000 0.050000
0 0.158447 0.695694 0.050000 0.050000
0 0.218529 0.730262 0.050000 0.050000
0 0.226759 0.659892 0.050000 0.050000
0 0.270381 0.645077 0.050000 0.050000
0 0.276965 0.679645 0.050000 0.050000
0 0.287665 0.727793 0.050000 0.050000
0 0.269558 0.726559 0.050000 0.050000
0 0.003714 0.903102 0.050000 0.050000
0 0.367500 0.687052 0.050000 0.050000
0 0.338693 0.610509 0.050000 0.050000
0 0.408652 0.668534 0.050000 0.050000
0 0.455566 0.736435 0.050000 0.050000
0 0.501656 0.814213 0.050000 0.050000
0 0.467088 0.695694 0.050000 0.050000
0 0.501656 0.654954 0.050000 0.050000
0 0.574084 0.714213 0.050000 0.050000
0 0.603714 0.705571 0.050000 0.050000
0 0.645689 0.696929 0.050000 0.050000
0 0.675319 0.729028 0.050000 0.050000
0 0.709064 0.930262 0.050000 0.050000
0 0.766677 0.848781 0.050000 0.050000
0 0.827582 0.867299 0.050000 0.050000
0 0.820175 0.715448 0.050000 0.050000
0 0.862150 0.719151 0.050000 0.050000
0 0.771615 0.701867 0.050000 0.050000
0 0.722233 0.683349 0.050000 0.050000
0 0.737870 0.567299 0.050000 0.050000
0 0.801245 0.548781 0.050000 0.050000
0 0.832521 0.458657 0.050000 0.050000
0 0.788899 0.430262 0.050000 0.050000
0 0.864619 0.420386 0.050000 0.050000
0 0.820175 0.389522 0.050000 0.050000
0 0.806183 0.399398 0.050000 0.050000
0 0.874496 0.399398 0.050000 0.050000
0 0.779023 0.331497 0.050000 0.050000
0 0.820998 0.335201 0.050000 0.050000
0 0.755977 0.347546 0.050000 0.050000
0 0.732932 0.351250 0.050000 0.050000
0 0.743632 0.384583 0.050000 0.050000
0 0.760916 0.431497 0.050000 0.050000
0 0.656389 0.410509 0.050000 0.050000
0 0.647335 0.368534 0.050000 0.050000
0 0.680257 0.352485 0.050000 0.050000
0 0.682726 0.319151 0.050000 0.050000
0 0.680257 0.246312 0.050000 0.050000
0 0.695072 0.253719 0.050000 0.050000
0 0.720586 0.261127 0.050000 0.050000
0 0.748570 0.268534 0.050000 0.050000
0 0.742809 0.301867 0.050000 0.050000
0 0.763385 0.306806 0.050000 0.050000
0 0.788899 0.214213 0.050000 0.050000
0 0.763385 0.215448 0.050000 0.050000
0 0.718940 0.179645 0.050000 0.050000
0 0.681080 0.169769 0.050000 0.050000
0 0.788899 0.171003 0.050000 0.050000
0 0.867912 0.193225 0.050000 0.050000
0 0.616883 0.396929 0.050000 0.050000
0 0.579023 0.393225 0.050000 0.050000
0 0.630051 0.351250 0.050000 0.050000
0 0.612767 0.320386 0.050000 0.050000
0 0.594660 0.303102 0.050000 0.050000
0 0.607829 0.277176 0.050000 0.050000
0 0.638282 0.278410 0.050000 0.050000
0 0.647335 0.222855 0.050000 0.050000
0 0.653097 0.252485 0.050000 0.050000
0 0.613591 0.214213 0.050000 0.050000
0 0.645689 0.180880 0.050000 0.050000
0 0.522233 0.451250 0.050000 0.050000
0 0.490134 0.394460 0.050000 0.050000
0 0.468735 0.394460 0.050000 0.050000
0 0.472850 0.354954 0.050000 0.050000
0 0.479434 0.267299 0.050000 0.050000
0 0.523056 0.253719 0.050000 0.050000
0 0.554331 0.227793 0.050000 0.050000
0 0.525525 0.215448 0.050000 0.050000
0 0.558447 0.177176 0.050000 0.050000
0 0.600422 0.168534 0.050000 0.050000
0 0.509887 0.179645 0.050000 0.050000
0 0.484372 0.175941 0.050000 0.050000
0 0.458858 0.173472 0.050000 0.050000
0 0.455566 0.217917 0.050000 0.050000
0 0.426759 0.252485 0.050000 0.050000
0 0.404537 0.275941 0.050000 0.050000
0 0.403714 0.231497 0.050000 0.050000
0 0.437459 0.168534 0.050000 0.050000
0 0.409475 0.174707 0.050000 0.050000
0 0.374084 0.166065 0.050000 0.050000
0 0.334578 0.169769 0.050000 0.050000
0 0.322233 0.185818 0.050000 0.050000
0 0.305772 0.172238 0.050000 0.050000
0 0.302479 0.305571 0.050000 0.050000
0 0.350216 0.290756 0.050000 0.050000
0 0.290957 0.275941 0.050000 0.050000
0 0.248158 0.266065 0.050000 0.050000
0 0.264619 0.314213 0.050000 0.050000
0 0.265442 0.243843 0.050000 0.050000
0 0.249805 0.216682 0.050000 0.050000
0 0.244043 0.187052 0.050000 0.050000
0 0.537047 0.371003 0.050000 0.050000
0 0.519763 0.594460 0.050000 0.050000
0 0.593014 0.610509 0.050000 0.050000
0 0.593837 0.571003 0.050000 0.050000
0 0.693426 0.659892 0.050000 0.050000
0 0.481080 0.627793 0.050000 0.050000
0 0.412767 0.641373 0.050000 0.050000
0 0.417706 0.626559 0.050000 0.050000
0 0.404537 0.519151 0.050000 0.050000
0 0.451451 0.467299 0.050000 0.050000
0 0.425936 0.389522 0.050000 0.050000
0 0.415237 0.366065 0.050000 0.050000
0 0.386430 0.404336 0.050000 0.050000
0 0.378200 0.371003 0.050000 0.050000
0 0.323879 0.485818 0.050000 0.050000
0 0.332109 0.530262 0.050000 0.050000
0 0.299187 0.559892 0.050000 0.050000
0 0.272850 0.436435 0.050000 0.050000
0 0.247335 0.406806 0.050000 0.050000
0 0.219352 0.412978 0.050000 0.050000
0 0.179023 0.417917 0.050000 0.050000
0 0.190545 0.583349 0.050000 0.050000
0 0.248981 0.557423 0.050000 0.050000
0 0.130463 0.612978 0.050000 0.050000
0 0.124702 0.567299 0.050000 0.050000
0 0.013591 0.595694 0.050000 0.050000
0 0.027582 0.448781 0.050000 0.050000
0 0.075319 0.394460 0.050000 0.050000
0 0.131286 0.416682 0.050000 0.050000
0 0.137870 0.398164 0.050000 0.050000
0 0.143632 0.282114 0.050000 0.050000
0 0.149393 0.220386 0.050000 0.050000
0 0.140340 0.177176 0.050000 0.050000
0 0.174084 0.168534 0.050000 0.050000
0 0.188076 0.191991 0.050000 0.050000
0 0.221821 0.198164 0.050000 0.050000
0 0.207006 0.196929 0.050000 0.050000
0 0.118117 0.173472 0.050000 0.050000
0 0.100833 0.173472 0.050000 0.050000
0 0.081903 0.189522 0.050000 0.050000
0 0.063796 0.185818 0.050000 0.050000
0 0.055566 0.224090 0.050000 0.050000
0 0.050628 0.189522 0.050000 0.050000
0 0.030874 0.183349 0.050000 0.050000
0 0.016883 0.191991 0.050000 0.050000
0 0.031698 0.258657 0.050000 0.050000
0 0.037459 0.387052 0.050000 0.050000
0 0.045689 0.337670 0.050000 0.050000
0 0.066265 0.337670 0.050000 0.050000
0 0.084372 0.340139 0.050000 0.050000
0 0.019352 0.329028 0.050000 0.050000
0 0.002891 0.303102 0.050000 0.050000
0 0.208652 0.342608 0.050000 0.050000
0 0.196307 0.172238 0.050000 0.050000
0 0.841574 0.814213 0.050000 0.050000
0 0.813591 0.784583 0.050000 0.050000
0 0.953381 0.535716 0.050000 0.050000
0 0.998336 0.498253 0.050000 0.050000
0 0.964370 0.406844 0.050000 0.050000
0 0.973361 0.361889 0.050000 0.050000
0 0.993341 0.253997 0.050000 0.050000
0 0.925409 0.212039 0.050000 0.050000
0 0.924410 0.357394 0.050000 0.050000
0 0.908426 0.327424 0.050000 0.050000
0 0.938396 0.349901 0.050000 0.050000
0 0.911423 0.411340 0.050000 0.050000
0 0.928406 0.403847 0.050000 0.050000
0 0.848486 0.153598 0.050000 0.050000
0 0.866468 0.135616 0.050000 0.050000
0 0.852482 0.132619 0.050000 0.050000
0 0.752582 0.147604 0.050000 0.050000
0 0.711623 0.153598 0.050000 0.050000
0 0.711623 0.128123 0.050000 0.050000
0 0.725609 0.138613 0.050000 0.050000
0 0.685649 0.143108 0.050000 0.050000
0 0.671663 0.146105 0.050000 0.050000
0 0.662671 0.147604 0.050000 0.050000
0 0.630703 0.125126 0.050000 0.050000
0 0.596737 0.125126 0.050000 0.050000
0 0.584749 0.153598 0.050000 0.050000
0 0.538795 0.152099 0.050000 0.050000
0 0.547786 0.156595 0.050000 0.050000
0 0.554779 0.132619 0.050000 0.050000
0 0.560773 0.108643 0.050000 0.050000
0 0.679655 0.093658 0.050000 0.050000
0 0.522811 0.113138 0.050000 0.050000
0 0.535798 0.129622 0.050000 0.050000
0 0.541792 0.114637 0.050000 0.050000
0 0.511822 0.137114 0.050000 0.050000
0 0.524809 0.168583 0.050000 0.050000
0 0.524809 0.149102 0.050000 0.050000
0 0.470863 0.153598 0.050000 0.050000
0 0.465868 0.125126 0.050000 0.050000
0 0.490843 0.113138 0.050000 0.050000
0 0.450883 0.159592 0.050000 0.050000
0 0.414919 0.149102 0.050000 0.050000
0 0.425908 0.141610 0.050000 0.050000
0 0.398935 0.090661 0.050000 0.050000
0 0.355978 0.053198 0.050000 0.050000
0 0.326008 0.078673 0.050000 0.050000
0 0.309025 0.069682 0.050000 0.050000
0 0.305029 0.035216 0.050000 0.050000
0 0.269065 0.072679 0.050000 0.050000
0 0.240094 0.056195 0.050000 0.050000
0 0.231103 0.081670 0.050000 0.050000
0 0.215119 0.065186 0.050000 0.050000
0 0.223111 0.056195 0.050000 0.050000
0 0.250084 0.105646 0.050000 0.050000
0 0.258076 0.110141 0.050000 0.050000
0 0.278056 0.116135 0.050000 0.050000
0 0.279055 0.137114 0.050000 0.050000
0 0.265069 0.147604 0.050000 0.050000
0 0.265069 0.128123 0.050000 0.050000
0 0.249085 0.153598 0.050000 0.050000
0 0.251083 0.141610 0.050000 0.050000
0 0.236098 0.131120 0.050000 0.050000
0 0.219115 0.135616 0.050000 0.050000
0 0.179155 0.131120 0.050000 0.050000
0 0.187147 0.108643 0.050000 0.050000
0 0.187147 0.077174 0.050000 0.050000
0 0.195139 0.033718 0.050000 0.050000
0 0.152182 0.039712 0.050000 0.050000
0 0.150184 0.101150 0.050000 0.050000
0 0.136198 0.089162 0.050000 0.050000
0 0.155179 0.143108 0.050000 0.050000
0 0.146188 0.147604 0.050000 0.050000
0 0.124210 0.134117 0.050000 0.050000
0 0.095239 0.132619 0.050000 0.050000
0 0.085249 0.137114 0.050000 0.050000
0 0.051283 0.140111 0.050000 0.050000
0 0.032302 0.140111 0.050000 0.050000
0 0.031303 0.123628 0.050000 0.050000
0 0.020314 0.108643 0.050000 0.050000
0 0.022312 0.096655 0.050000 0.050000
0 0.038296 0.078673 0.050000 0.050000
0 0.043291 0.036715 0.050000 0.050000
0 0.062272 0.051700 0.050000 0.050000
0 0.089245 0.057694 0.050000 0.050000
0 0.078256 0.044207 0.050000 0.050000
0 0.070264 0.036715 0.050000 0.050000
0 0.093241 0.035216 0.050000 0.050000
0 0.102232 0.042709 0.050000 0.050000
0 0.098236 0.098153 0.050000 0.050000
0 0.108226 0.078673 0.050000 0.050000
0 0.087247 0.090661 0.050000 0.050000
0 0.070264 0.141610 0.050000 0.050000
0 0.197137 0.153598 0.050000 0.050000
0 0.211123 0.234517 0.050000 0.050000
0 0.034300 0.676575 0.050000 0.050000
0 0.056528 0.018982 0.050000 0.050000
0 0.351732 0.162089 0.050000 0.050000
0 0.084999 0.275226 0.050000 0.050000
0 0.519814 0.373877 0.050000 0.050000
0 0.280054 0.240511 0.050000 0.050000