0 0.299692 0.707578 0.049805 0.049479
0 0.470199 0.524782 0.049805 0.049479
0 0.822734 0.478699 0.049805 0.049479
0 0.944854 0.268253 0.049805 0.049479
0 0.974808 0.208346 0.049805 0.049479
0 0.926420 0.192985 0.049805 0.049479
0 0.765130 0.231387 0.049805 0.049479
0 0.645314 0.289759 0.049805 0.049479
0 0.359600 0.371172 0.049805 0.049479
0 0.277803 0.365028 0.049805 0.049479
0 0.263978 0.328161 0.049805 0.049479
0 0.247849 0.205273 0.049805 0.049479
0 0.163748 0.205273 0.049805 0.049479
0 0.129185 0.194521 0.049805 0.049479
0 0.058909 0.189912 0.049805 0.049479
0 0.001305 0.208346 0.049805 0.049479
0 0.310061 0.257501 0.049805 0.049479
0 0.311213 0.220634 0.049805 0.049479
0 0.368817 0.191448 0.049805 0.049479
0 0.431029 0.168407 0.049805 0.049479
0 0.119969 0.062416 0.049805 0.049479
0 0.043932 0.040911 0.049805 0.049479
0 0.473079 0.158806 0.049805 0.049479
0 0.500729 0.156502 0.049805 0.049479
0 0.496697 0.131157 0.049805 0.049479
0 0.527227 0.150358 0.049805 0.049479
0 0.518010 0.128852 0.049805 0.049479
0 0.550268 0.133461 0.049805 0.049479
0 0.548540 0.088146 0.049805 0.049479
0 0.602688 0.134997 0.049805 0.049479
0 0.590015 0.098899 0.049805 0.049479
0 0.621697 0.108115 0.049805 0.049479
0 0.628033 0.110419 0.049805 0.049479
0 0.641282 0.073553 0.049805 0.049479
0 0.726536 0.082770 0.049805 0.049479
0 0.614785 0.081233 0.049805 0.049479
0 0.603264 0.064336 0.049805 0.049479
0 0.602688 0.043599 0.049805 0.049479
0 0.582526 0.054352 0.049805 0.049479
0 0.568702 0.025934 0.049805 0.049479
0 0.530107 0.013645 0.049805 0.049479
0 0.487480 0.079697 0.049805 0.049479
0 0.443702 0.034382 0.049805 0.049479
0 0.405107 0.032846 0.049805 0.049479
0 0.337711 0.058192 0.049805 0.049479
0 0.299692 0.029006 0.049805 0.049479
0 0.276651 0.043599 0.049805 0.049479
0 0.249577 0.008269 0.049805 0.049479
0 0.457526 0.035150 0.049805 0.049479
0 0.488632 0.013645 0.049805 0.049479
0 0.479416 0.004429 0.049805 0.049479
0 0.458679 0.002892 0.049805 0.049479
0 0.584831 0.015949 0.049805 0.049479
0 0.594623 0.032078 0.049805 0.049479
0 0.290476 0.004429 0.049805 0.049479
0 0.568702 0.008269 0.049805 0.049479
0 0.829070 0.115028 0.049805 0.049479
0 0.860176 0.072785 0.049805 0.049479
0 0.887250 0.104275 0.049805 0.049479
0 0.875729 0.131157 0.049805 0.049479
0 0.935061 0.120404 0.049805 0.049479
0 0.986904 0.148822 0.049805 0.049479
0 0.977112 0.137301 0.049805 0.049479
0 0.991513 0.111187 0.049805 0.049479
0 0.976536 0.062032 0.049805 0.049479
0 0.974232 0.042831 0.049805 0.049479
0 0.991513 0.005965 0.049805 0.049479
0 0.765706 0.024398 0.049805 0.049479
0 0.186789 0.053200 0.049805 0.049479
0 0.210983 0.054736 0.049805 0.049479
0 0.015130 0.008653 0.049805 0.049479
0 0.549692 0.068561 0.049805 0.049479
0 0.562365 0.073169 0.049805 0.049479