0 0.021384 0.842762 0.049805 0.049479
0 0.072911 0.789326 0.049805 0.049479
0 0.112987 0.726349 0.049805 0.049479
0 0.105831 0.672914 0.049805 0.049479
0 0.062892 0.680548 0.049805 0.049479
0 0.062892 0.642380 0.049805 0.049479
0 0.011365 0.676731 0.049805 0.049479
0 0.158789 0.667189 0.049805 0.049479
0 0.127300 0.680548 0.049805 0.049479
0 0.191709 0.754975 0.049805 0.049479
0 0.237510 0.817952 0.049805 0.049479
0 0.224628 0.781693 0.049805 0.049479
0 0.233216 0.690090 0.049805 0.049479
0 0.214609 0.665281 0.049805 0.049479
0 0.203278 0.635223 0.049805 0.049479
0 0.178230 0.636178 0.049805 0.049479
0 0.163917 0.618048 0.049805 0.049479
0 0.123841 0.638086 0.049805 0.049479
0 0.214729 0.619956 0.049805 0.049479
0 0.190397 0.619956 0.049805 0.049479
0 0.272696 0.682933 0.049805 0.049479
0 0.299891 0.782170 0.049805 0.049479
0 0.188965 0.700109 0.049805 0.049479
0 0.205425 0.613277 0.049805 0.049479
0 0.231904 0.619956 0.049805 0.049479
0 0.249080 0.635223 0.049805 0.049479
0 0.261961 0.614231 0.049805 0.049479
0 0.265540 0.593239 0.049805 0.049479
0 0.274843 0.613277 0.049805 0.049479
0 0.287725 0.635223 0.049805 0.049479
0 0.273412 0.660032 0.049805 0.049479
0 0.331379 0.666712 0.049805 0.049479
0 0.327801 0.718239 0.049805 0.049479
0 0.346408 0.687704 0.049805 0.049479
0 0.362868 0.730643 0.049805 0.049479
0 0.429423 0.700109 0.049805 0.049479
0 0.394356 0.669574 0.049805 0.049479
0 0.440158 0.654307 0.049805 0.049479
0 0.475940 0.655262 0.049805 0.049479
0 0.412963 0.653353 0.049805 0.049479
0 0.359290 0.671483 0.049805 0.049479
0 0.371456 0.631407 0.049805 0.049479
0 0.348555 0.619956 0.049805 0.049479
0 0.366446 0.611368 0.049805 0.049479
0 0.306332 0.629498 0.049805 0.049479
0 0.324938 0.633315 0.049805 0.049479
0 0.327085 0.600872 0.049805 0.049479
0 0.309194 0.599918 0.049805 0.049479
0 0.289156 0.611368 0.049805 0.049479
0 0.294166 0.593239 0.049805 0.049479
0 0.284147 0.584651 0.049805 0.049479
0 0.324938 0.581788 0.049805 0.049479
0 0.319213 0.598010 0.049805 0.049479
0 0.226895 0.604689 0.049805 0.049479
0 0.250511 0.599918 0.049805 0.049479
0 0.453755 0.628544 0.049805 0.049479
0 0.485244 0.611368 0.049805 0.049479
0 0.438727 0.613277 0.049805 0.049479
0 0.425129 0.611368 0.049805 0.049479
0 0.413679 0.599918 0.049805 0.049479
0 0.398650 0.599918 0.049805 0.049479
0 0.384337 0.598010 0.049805 0.049479
0 0.393641 0.579880 0.049805 0.049479
0 0.360721 0.584651 0.049805 0.049479
0 0.373603 0.586559 0.049805 0.049479
0 0.371456 0.575109 0.049805 0.049479
0 0.347124 0.600872 0.049805 0.049479
0 0.346408 0.591330 0.049805 0.049479
0 0.347839 0.584651 0.049805 0.049479
0 0.353564 0.577971 0.049805 0.049479
0 0.345692 0.559842 0.049805 0.049479
0 0.352849 0.562704 0.049805 0.049479
0 0.367162 0.568429 0.049805 0.049479
0 0.367877 0.557933 0.049805 0.049479
0 0.389347 0.535032 0.049805 0.049479
0 0.384337 0.544574 0.049805 0.049479
0 0.350702 0.550300 0.049805 0.049479
0 0.373603 0.557933 0.049805 0.049479
0 0.378791 0.550538 0.049805 0.049479
0 0.378433 0.537179 0.049805 0.049479
0 0.394178 0.539088 0.049805 0.049479
0 0.406701 0.540519 0.049805 0.049479
0 0.412427 0.540519 0.049805 0.049479
0 0.405986 0.559603 0.049805 0.049479
0 0.393462 0.562943 0.049805 0.049479
0 0.388810 0.561512 0.049805 0.049479
0 0.385948 0.578687 0.049805 0.049479
0 0.425308 0.566282 0.049805 0.049479
0 0.418152 0.561512 0.049805 0.049479
0 0.422446 0.542905 0.049805 0.049479
0 0.416720 0.540519 0.049805 0.049479
0 0.427813 0.579164 0.049805 0.049479
0 0.424593 0.584889 0.049805 0.049479
0 0.472899 0.608744 0.049805 0.049479
0 0.467532 0.592046 0.049805 0.049479
0 0.460733 0.598248 0.049805 0.049479
0 0.443199 0.594908 0.049805 0.049479
0 0.439621 0.582981 0.049805 0.049479
0 0.455365 0.576302 0.049805 0.049479
0 0.462522 0.577256 0.049805 0.049479
0 0.457870 0.541473 0.049805 0.049479
0 0.441768 0.563897 0.049805 0.049479
0 0.450356 0.563897 0.049805 0.049479
0 0.447851 0.569622 0.049805 0.049479
0 0.436759 0.576302 0.049805 0.049479
0 0.465027 0.631645 0.049805 0.049479
0 0.494368 0.599202 0.049805 0.049479
0 0.499736 0.580595 0.049805 0.049479
0 0.489001 0.583458 0.049805 0.049479
0 0.479698 0.579641 0.049805 0.049479
0 0.450714 0.601588 0.049805 0.049479
0 0.451072 0.590615 0.049805 0.049479
0 0.468605 0.554832 0.049805 0.049479
0 0.475404 0.550538 0.049805 0.049479
0 0.487212 0.537179 0.049805 0.049479
0 0.483634 0.556263 0.049805 0.049479
0 0.496157 0.538611 0.049805 0.049479
0 0.497231 0.561512 0.049805 0.049479
0 0.505819 0.570576 0.049805 0.049479
0 0.505461 0.550538 0.049805 0.049479
0 0.508324 0.540519 0.049805 0.049479
0 0.502956 0.538611 0.049805 0.049479
0 0.480055 0.540519 0.049805 0.049479
0 0.476835 0.538134 0.049805 0.049479
0 0.468963 0.537179 0.049805 0.049479
0 0.468605 0.542905 0.049805 0.049479
0 0.464669 0.540519 0.049805 0.049479
0 0.455008 0.543859 0.049805 0.049479
0 0.427873 0.961082 0.049805 0.049479
0 0.562415 0.955357 0.049805 0.049479
0 0.516613 0.762609 0.049805 0.049479
0 0.525201 0.712991 0.049805 0.049479
0 0.555258 0.653830 0.049805 0.049479
0 0.569213 0.673391 0.049805 0.049479
0 0.585673 0.647628 0.049805 0.049479
0 0.597124 0.639040 0.049805 0.049479
0 0.615730 0.637132 0.049805 0.049479
0 0.535578 0.628544 0.049805 0.049479
0 0.514824 0.603735 0.049805 0.049479
0 0.516971 0.583697 0.049805 0.049479
0 0.537009 0.606597 0.049805 0.049479
0 0.526990 0.605643 0.049805 0.049479
0 0.552753 0.603735 0.049805 0.049479
0 0.561341 0.603735 0.049805 0.049479
0 0.576370 0.598010 0.049805 0.049479
0 0.579232 0.625681 0.049805 0.049479
0 0.524843 0.582742 0.049805 0.049479
0 0.557763 0.583697 0.049805 0.049479
0 0.564919 0.583697 0.049805 0.049479
0 0.544166 0.574155 0.049805 0.049479
0 0.533431 0.577017 0.049805 0.049479
0 0.525559 0.570338 0.049805 0.049479
0 0.534147 0.556979 0.049805 0.049479
0 0.604280 0.605643 0.049805 0.049479
0 0.597124 0.562704 0.049805 0.049479
0 0.564383 0.568668 0.049805 0.049479
0 0.558657 0.559603 0.049805 0.049479
0 0.564025 0.557218 0.049805 0.049479
0 0.573328 0.550538 0.049805 0.049479
0 0.552217 0.559603 0.049805 0.049479
0 0.546134 0.565328 0.049805 0.049479
0 0.537188 0.568668 0.049805 0.049479
0 0.557226 0.567237 0.049805 0.049479
0 0.571539 0.569622 0.049805 0.049479
0 0.578338 0.574393 0.049805 0.049479
0 0.575833 0.560557 0.049805 0.049479
0 0.593724 0.588706 0.049805 0.049479
0 0.619488 0.597771 0.049805 0.049479
0 0.590504 0.566282 0.049805 0.049479
0 0.673161 0.593477 0.049805 0.049479
0 0.671014 0.569622 0.049805 0.049479
0 0.667436 0.555309 0.049805 0.049479
0 0.677455 0.559603 0.049805 0.049479
0 0.674593 0.550061 0.049805 0.049479
0 0.684970 0.555309 0.049805 0.049479
0 0.689621 0.550538 0.049805 0.049479
0 0.660995 0.576779 0.049805 0.049479
0 0.656701 0.577256 0.049805 0.049479
0 0.659206 0.601588 0.049805 0.049479
0 0.691053 0.604450 0.049805 0.049479
0 0.690337 0.580118 0.049805 0.049479
0 0.820048 0.741616 0.049805 0.049479
0 0.956022 0.940090 0.049805 0.049479
0 0.774247 0.982074 0.049805 0.049479
0 0.907357 0.676731 0.049805 0.049479
0 0.855831 0.699632 0.049805 0.049479
0 0.697493 0.542428 0.049805 0.049479
0 0.704650 0.541473 0.049805 0.049479
0 0.713238 0.544813 0.049805 0.049479
0 0.708944 0.534794 0.049805 0.049479
0 0.733991 0.534794 0.049805 0.049479
0 0.731129 0.534794 0.049805 0.049479
0 0.739001 0.534794 0.049805 0.049479
0 0.751167 0.539088 0.049805 0.049479
0 0.727193 0.543382 0.049805 0.049479
0 0.721468 0.550061 0.049805 0.049479
0 0.715742 0.540042 0.049805 0.049479
0 0.721110 0.536702 0.049805 0.049479
0 0.729698 0.558172 0.049805 0.049479
0 0.732560 0.549107 0.049805 0.049479
0 0.699998 0.574870 0.049805 0.049479
0 0.690337 0.570576 0.049805 0.049479
0 0.681749 0.578210 0.049805 0.049479
0 0.708944 0.575824 0.049805 0.049479
0 0.708944 0.560557 0.049805 0.049479
0 0.717532 0.561512 0.049805 0.049479
0 0.723257 0.563897 0.049805 0.049479
0 0.732918 0.567237 0.049805 0.049479
0 0.744368 0.561034 0.049805 0.049479
0 0.744726 0.550061 0.049805 0.049479
0 0.738643 0.553878 0.049805 0.049479
0 0.755819 0.552447 0.049805 0.049479
0 0.762975 0.551492 0.049805 0.049479
0 0.769774 0.543382 0.049805 0.049479
0 0.766196 0.539088 0.049805 0.049479
0 0.770132 0.534794 0.049805 0.049479
0 0.777646 0.547676 0.049805 0.049479
0 0.781940 0.543382 0.049805 0.049479
0 0.778362 0.532886 0.049805 0.049479
0 0.761186 0.557695 0.049805 0.049479
0 0.746873 0.567714 0.049805 0.049479
0 0.760828 0.566760 0.049805 0.049479
0 0.727193 0.573439 0.049805 0.049479
0 0.719678 0.575824 0.049805 0.049479
0 0.702861 0.598248 0.049805 0.049479
0 0.698567 0.632599 0.049805 0.049479
0 0.721110 0.605405 0.049805 0.049479
0 0.717532 0.591092 0.049805 0.049479
0 0.728266 0.593477 0.049805 0.049479
0 0.735423 0.580595 0.049805 0.049479
0 0.757250 0.584889 0.049805 0.049479
0 0.741148 0.585844 0.049805 0.049479
0 0.731487 0.623534 0.049805 0.049479
0 0.748662 0.632599 0.049805 0.049479
0 0.777646 0.660748 0.049805 0.049479
0 0.779793 0.615424 0.049805 0.049479
0 0.769774 0.600157 0.049805 0.049479
0 0.773710 0.585844 0.049805 0.049479
0 0.785518 0.582504 0.049805 0.049479
0 0.783729 0.570099 0.049805 0.049479
0 0.783729 0.560080 0.049805 0.049479
0 0.774426 0.566760 0.049805 0.049479
0 0.775857 0.554832 0.049805 0.049479
0 0.768343 0.558172 0.049805 0.049479
0 0.767627 0.564851 0.049805 0.049479
0 0.796969 0.603496 0.049805 0.049479
0 0.798758 0.585844 0.049805 0.049479
0 0.815575 0.590615 0.049805 0.049479
0 0.818438 0.577733 0.049805 0.049479
0 0.808061 0.572485 0.049805 0.049479
0 0.795537 0.567714 0.049805 0.049479
0 0.790886 0.570099 0.049805 0.049479
0 0.793032 0.544813 0.049805 0.049479
0 0.798758 0.549107 0.049805 0.049479
0 0.801978 0.563420 0.049805 0.049479
0 0.816291 0.561512 0.049805 0.049479
0 0.822732 0.557218 0.049805 0.049479
0 0.807345 0.540042 0.049805 0.049479
0 0.815218 0.531931 0.049805 0.049479
0 0.828099 0.529546 0.049805 0.049479
0 0.825237 0.540519 0.049805 0.049479
0 0.833824 0.533840 0.049805 0.049479
0 0.821658 0.533840 0.049805 0.049479
0 0.844917 0.529069 0.049805 0.049479
0 0.838476 0.533840 0.049805 0.049479
0 0.841339 0.533840 0.049805 0.049479
0 0.855294 0.531931 0.049805 0.049479
0 0.867818 0.530500 0.049805 0.049479
0 0.812802 0.552327 0.049805 0.049479
0 0.834451 0.547795 0.049805 0.049479
0 0.841428 0.562108 0.049805 0.049479
0 0.855741 0.550419 0.049805 0.049479
0 0.861466 0.547318 0.049805 0.049479
0 0.861824 0.532528 0.049805 0.049479
0 0.873096 0.532528 0.049805 0.049479
0 0.885262 0.528234 0.049805 0.049479
0 0.878284 0.533243 0.049805 0.049479
0 0.878105 0.549226 0.049805 0.049479
0 0.874348 0.555906 0.049805 0.049479
0 0.860035 0.560915 0.049805 0.049479
0 0.848048 0.548988 0.049805 0.049479
0 0.835524 0.575467 0.049805 0.049479
0 0.829441 0.559961 0.049805 0.049479
0 0.830515 0.595505 0.049805 0.049479
0 0.846617 0.580953 0.049805 0.049479
0 0.854847 0.577137 0.049805 0.049479
0 0.852521 0.561631 0.049805 0.049479
0 0.875779 0.578806 0.049805 0.049479
0 0.886872 0.572604 0.049805 0.049479
0 0.887409 0.561154 0.049805 0.049479
0 0.867549 0.578806 0.049805 0.049479
0 0.874348 0.600514 0.049805 0.049479
0 0.846080 0.603616 0.049805 0.049479
0 0.876137 0.567833 0.049805 0.049479
0 0.739061 0.694384 0.049805 0.049479
0 0.814919 0.624727 0.049805 0.049479
0 0.826370 0.638086 0.049805 0.049479
0 0.809194 0.708697 0.049805 0.049479
0 0.852133 0.632361 0.049805 0.049479
0 0.929423 0.580834 0.049805 0.049479
0 0.768402 0.740185 0.049805 0.049479
0 0.939532 0.574751 0.049805 0.049479
0 0.927008 0.566640 0.049805 0.049479
0 0.952056 0.576182 0.049805 0.049479
0 0.250392 0.961082 0.049805 0.049479
0 0.075578 0.933105 0.049805 0.049479
0 0.416237 0.516188 0.049805 0.049479
0 0.486667 0.524846 0.049805 0.049479
0 0.485168 0.514856 0.049805 0.049479
0 0.495158 0.519518 0.049805 0.049479
0 0.495658 0.516188 0.049805 0.049479
0 0.492161 0.518186 0.049805 0.049479
0 0.465188 0.524180 0.049805 0.049479
0 0.465688 0.530174 0.049805 0.049479
0 0.509644 0.515522 0.049805 0.049479
0 0.506647 0.530174 0.049805 0.049479
0 0.512641 0.534170 0.049805 0.049479