0 0.095423 0.756308 0.049164 0.048872
0 0.041924 0.705984 0.049164 0.048872
0 0.068673 0.577737 0.049164 0.048872
0 0.231720 0.654036 0.049164 0.048872
0 0.269934 0.868321 0.049164 0.048872
0 0.259743 0.977088 0.049164 0.048872
0 0.368016 0.910529 0.049164 0.048872
0 0.439349 0.782282 0.049164 0.048872
0 0.385850 0.660529 0.049164 0.048872
0 0.388397 0.585854 0.049164 0.048872
0 0.339993 0.503062 0.049164 0.048872
0 0.249553 0.486828 0.049164 0.048872
0 0.194780 0.404036 0.049164 0.048872
0 0.078864 0.365075 0.049164 0.048872
0 0.026638 0.439750 0.049164 0.048872
0 0.039376 0.520919 0.049164 0.048872
0 0.534884 0.704360 0.049164 0.048872
0 0.475016 0.631308 0.049164 0.048872
0 0.590931 0.540399 0.049164 0.048872
0 0.631693 0.543646 0.049164 0.048872
0 0.671181 0.616698 0.049164 0.048872
0 0.690288 0.715724 0.049164 0.048872
0 0.649526 0.884555 0.049164 0.048872
0 0.939953 0.931633 0.049164 0.048872
0 0.960333 0.796893 0.049164 0.048872
0 0.624050 0.710854 0.049164 0.048872
0 0.840596 0.720594 0.049164 0.048872
0 0.996000 0.688127 0.049164 0.048872
0 0.951417 0.574490 0.049164 0.048872
0 0.877536 0.600464 0.049164 0.048872
0 0.773085 0.744945 0.049164 0.048872
0 0.764168 0.454360 0.049164 0.048872
0 0.816394 0.431633 0.049164 0.048872
0 0.691562 0.488451 0.049164 0.048872
0 0.980714 0.533906 0.049164 0.048872
0 0.996000 0.442997 0.049164 0.048872
0 0.978167 0.404036 0.049164 0.048872
0 0.998547 0.342347 0.049164 0.048872
0 0.992178 0.171893 0.049164 0.048872
0 0.945048 0.254685 0.049164 0.048872
0 0.942500 0.204360 0.049164 0.048872
0 0.892822 0.246568 0.049164 0.048872
0 0.862251 0.267672 0.049164 0.048872
0 0.917024 0.311503 0.049164 0.048872
0 0.886453 0.329360 0.049164 0.048872
0 0.878810 0.397542 0.049164 0.048872
0 0.846965 0.330984 0.049164 0.048872
0 0.765442 0.259555 0.049164 0.048872
0 0.820215 0.209230 0.049164 0.048872
0 0.793466 0.365075 0.049164 0.048872
0 0.700478 0.379685 0.049164 0.048872
0 0.676276 0.317997 0.049164 0.048872
0 0.691562 0.279036 0.049164 0.048872
0 0.645705 0.327737 0.049164 0.048872
0 0.621503 0.277412 0.049164 0.048872
0 0.629145 0.227088 0.049164 0.048872
0 0.710669 0.189750 0.049164 0.048872
0 0.742514 0.189750 0.049164 0.048872
0 0.664812 0.228711 0.049164 0.048872
0 0.597300 0.311503 0.049164 0.048872
0 0.603669 0.347217 0.049164 0.048872
0 0.569277 0.339101 0.049164 0.048872
0 0.534884 0.420269 0.049164 0.048872
0 0.542527 0.374815 0.049164 0.048872
0 0.482658 0.386179 0.049164 0.048872
0 0.388397 0.404036 0.049164 0.048872
0 0.434254 0.374815 0.049164 0.048872
0 0.290315 0.368321 0.049164 0.048872
0 0.311969 0.347217 0.049164 0.048872
0 0.221529 0.369945 0.049164 0.048872
0 0.156566 0.337477 0.049164 0.048872
0 0.004983 0.316373 0.049164 0.048872
0 0.226625 0.295269 0.049164 0.048872
0 0.217708 0.243321 0.049164 0.048872
0 0.166756 0.266049 0.049164 0.048872
0 0.303053 0.228711 0.049164 0.048872
0 0.362921 0.227088 0.049164 0.048872
0 0.439349 0.290399 0.049164 0.048872
0 0.496670 0.305010 0.049164 0.048872
0 0.494123 0.227088 0.049164 0.048872
0 0.461004 0.243321 0.049164 0.048872
0 0.997274 0.262802 0.049164 0.048872
0 0.453361 0.168646 0.049164 0.048872
0 0.379481 0.244945 0.049164 0.048872
0 0.232994 0.124815 0.049164 0.048872
0 0.207518 0.080984 0.049164 0.048872
0 0.170577 0.090724 0.049164 0.048872
0 0.155292 0.066373 0.049164 0.048872
0 0.128542 0.069620 0.049164 0.048872
0 0.092876 0.134555 0.049164 0.048872
0 0.017721 0.103711 0.049164 0.048872
0 0.064852 0.246568 0.049164 0.048872
0 0.108161 0.243321 0.049164 0.048872
0 0.081411 0.171893 0.049164 0.048872
0 0.104340 0.194620 0.049164 0.048872
0 0.141280 0.147542 0.049164 0.048872
0 0.165482 0.180010 0.049164 0.048872
0 0.183315 0.197867 0.049164 0.048872
0 0.145101 0.012802 0.049164 0.048872
0 0.120899 0.027412 0.049164 0.048872
0 0.082685 0.006308 0.049164 0.048872
0 0.029186 0.004685 0.049164 0.048872
0 0.045745 0.095594 0.049164 0.048872
0 0.003710 0.055010 0.049164 0.048872
0 0.303053 0.061503 0.049164 0.048872
0 0.271208 0.055010 0.049164 0.048872
0 0.243184 0.043646 0.049164 0.048872
0 0.364195 0.129685 0.049164 0.048872
0 0.416421 0.220594 0.049164 0.048872
0 0.392219 0.189750 0.049164 0.048872
0 0.523420 0.079360 0.049164 0.048872
0 0.468647 0.113451 0.049164 0.048872
0 0.588384 0.108581 0.049164 0.048872
0 0.584562 0.066373 0.049164 0.048872
0 0.945048 0.063127 0.049164 0.048872
0 0.924667 0.004685 0.049164 0.048872
0 0.477563 0.006308 0.049164 0.048872
0 0.453361 0.020919 0.049164 0.048872
0 0.410052 0.074490 0.049164 0.048872
0 0.387123 0.103711 0.049164 0.048872
0 0.518325 0.123192 0.049164 0.048872
0 0.350183 0.061503 0.049164 0.048872
0 0.374385 0.051763 0.049164 0.048872
0 0.277577 0.020919 0.049164 0.048872
0 0.245732 0.027412 0.049164 0.048872
0 0.210065 0.009555 0.049164 0.048872
0 0.178220 0.016049 0.049164 0.048872
0 0.343814 0.016049 0.049164 0.048872
0 0.432980 0.118321 0.049164 0.048872
0 0.560360 0.084230 0.049164 0.048872
0 0.559086 0.045269 0.049164 0.048872
0 0.532337 0.035529 0.049164 0.048872
0 0.957786 0.330984 0.049164 0.048872
0 0.418968 0.939750 0.049164 0.048872
0 0.342540 0.985204 0.049164 0.048872
0 0.276303 0.240075 0.049164 0.048872