0 0.349232 0.689144 0.049805 0.049479
0 0.333102 0.589298 0.049805 0.049479
0 0.314669 0.460266 0.049805 0.049479
0 0.402227 0.489452 0.049805 0.049479
0 0.517434 0.343522 0.049805 0.049479
0 0.584255 0.381925 0.049805 0.049479
0 0.664900 0.627700 0.049805 0.049479
0 0.682181 0.715258 0.049805 0.049479
0 0.740937 0.773630 0.049805 0.049479
0 0.905683 0.504813 0.049805 0.049479
0 0.878033 0.452585 0.049805 0.049479
0 0.962135 0.209882 0.049805 0.049479
0 0.970199 0.094674 0.049805 0.049479
0 0.940245 0.103891 0.049805 0.049479
0 0.926420 0.122324 0.049805 0.049479
0 0.868817 0.119252 0.049805 0.049479
0 0.825038 0.126932 0.049805 0.049479
0 0.651075 0.225243 0.049805 0.049479
0 0.606144 0.211418 0.049805 0.049479
0 0.601536 0.183768 0.049805 0.049479
0 0.575038 0.160727 0.049805 0.049479
0 0.510522 0.288223 0.049805 0.049479
0 0.482872 0.306656 0.049805 0.049479
0 0.486328 0.219098 0.049805 0.049479
0 0.454070 0.182232 0.049805 0.049479
0 0.431029 0.254429 0.049805 0.049479
0 0.394162 0.302048 0.049805 0.049479
0 0.322734 0.203737 0.049805 0.049479
0 0.292780 0.189912 0.049805 0.049479
0 0.220199 0.211418 0.049805 0.049479
0 0.163748 0.242140 0.049805 0.049479
0 0.149923 0.409574 0.049805 0.049479
0 0.107296 0.375780 0.049805 0.049479
0 0.062365 0.328161 0.049805 0.049479
0 0.004761 0.451049 0.049805 0.049479
0 0.023195 0.274398 0.049805 0.049479
0 0.100384 0.277470 0.049805 0.049479
0 0.147619 0.229851 0.049805 0.049479
0 0.088863 0.137685 0.049805 0.049479
0 0.063517 0.137685 0.049805 0.049479
0 0.088863 0.096210 0.049805 0.049479
0 0.171812 0.083922 0.049805 0.049479
0 0.225960 0.068561 0.049805 0.049479
0 0.262826 0.108499 0.049805 0.049479
0 0.319278 0.165335 0.049805 0.049479
0 0.337711 0.180696 0.049805 0.049479
0 0.344623 0.159190 0.049805 0.049479
0 0.364208 0.122324 0.049805 0.049479
0 0.382642 0.130005 0.049805 0.049479
0 0.328494 0.106963 0.049805 0.049479
0 0.346927 0.062416 0.049805 0.049479
0 0.416052 0.128468 0.049805 0.049479
0 0.426420 0.097746 0.049805 0.049479
0 0.386098 0.096210 0.049805 0.049479
0 0.402227 0.111571 0.049805 0.049479
0 0.485176 0.125396 0.049805 0.049479
0 0.041628 0.085842 0.049805 0.049479
0 0.046236 0.054352 0.049805 0.049479
0 0.026651 0.097362 0.049805 0.049479
0 0.002457 0.061264 0.049805 0.049479
0 0.070430 0.009805 0.049805 0.049479
0 0.039900 0.020558 0.049805 0.049479
0 0.223079 0.037455 0.049805 0.049479
0 0.235176 0.035150 0.049805 0.049479
0 0.264554 0.042063 0.049805 0.049479
0 0.274347 0.052048 0.049805 0.049479
0 0.312365 0.050511 0.049805 0.049479
0 0.299692 0.031310 0.049805 0.049479
0 0.349808 0.109651 0.049805 0.049479
0 0.333679 0.045903 0.049805 0.049479
0 0.360176 0.032846 0.049805 0.049479
0 0.348079 0.042831 0.049805 0.049479
0 0.365937 0.051280 0.049805 0.049479
0 0.375153 0.039759 0.049805 0.049479
0 0.371697 0.026702 0.049805 0.049479
0 0.383794 0.069713 0.049805 0.049479
0 0.372273 0.085842 0.049805 0.049479
0 0.373425 0.061264 0.049805 0.049479
0 0.380914 0.085842 0.049805 0.049479
0 0.470199 0.043599 0.049805 0.049479
0 0.492665 0.034382 0.049805 0.049479
0 0.725960 0.095826 0.049805 0.049479
0 0.689669 0.075857 0.049805 0.049479
0 0.652803 0.098899 0.049805 0.049479
0 0.658563 0.152662 0.049805 0.049479
0 0.649923 0.144213 0.049805 0.049479
0 0.628609 0.118868 0.049805 0.049479
0 0.848079 0.102739 0.049805 0.049479
0 0.853840 0.039759 0.049805 0.049479
0 0.864208 0.040527 0.049805 0.049479
0 0.879761 0.098899 0.049805 0.049479
0 0.889554 0.078929 0.049805 0.049479
0 0.922964 0.068177 0.049805 0.049479
0 0.948886 0.078161 0.049805 0.049479
0 0.963287 0.062032 0.049805 0.049479
0 0.947734 0.013645 0.049805 0.049479
0 0.932181 0.015181 0.049805 0.049479
0 0.825038 0.025934 0.049805 0.049479
0 0.814093 0.027470 0.049805 0.049479
0 0.790476 0.025934 0.049805 0.049479
0 0.777227 0.078161 0.049805 0.049479
0 0.763978 0.097362 0.049805 0.049479
0 0.755914 0.088146 0.049805 0.049479
0 0.753609 0.069713 0.049805 0.049479
0 0.728840 0.010573 0.049805 0.049479
0 0.699462 0.008269 0.049805 0.049479
0 0.647619 0.074321 0.049805 0.049479
0 0.653955 0.039759 0.049805 0.049479
0 0.641858 0.039759 0.049805 0.049479
0 0.585407 0.098899 0.049805 0.049479
0 0.572158 0.104275 0.049805 0.049479
0 0.519162 0.080465 0.049805 0.049479
0 0.526651 0.131157 0.049805 0.049479
0 0.501881 0.068177 0.049805 0.049479
0 0.523195 0.068177 0.049805 0.049479
0 0.633794 0.002124 0.049805 0.049479
0 0.992974 0.176725 0.049805 0.049479
0 0.264367 0.334095 0.049805 0.049479