0 0.004848 0.794414 0.049805 0.049479
0 0.246632 0.716167 0.049805 0.049479
0 0.320576 0.772505 0.049805 0.049479
0 0.484895 0.932129 0.049805 0.049479
0 0.595224 0.986902 0.049805 0.049479
0 0.256022 0.590971 0.049805 0.049479
0 0.217289 0.547153 0.049805 0.049479
0 0.142172 0.368749 0.049805 0.049479
0 0.124566 0.231034 0.049805 0.049479
0 0.200857 0.273287 0.049805 0.049479
0 0.227853 0.274852 0.049805 0.049479
0 0.183252 0.334320 0.049805 0.049479
0 0.224332 0.351534 0.049805 0.049479
0 0.301796 0.373444 0.049805 0.049479
0 0.389825 0.406308 0.049805 0.049479
0 0.448510 0.594101 0.049805 0.049479
0 0.772454 0.587841 0.049805 0.049479
0 0.852266 0.616010 0.049805 0.049479
0 0.957900 0.595666 0.049805 0.049479
0 0.930904 0.495509 0.049805 0.049479
0 0.998979 0.572192 0.049805 0.049479
0 0.867524 0.360924 0.049805 0.049479
0 0.835834 0.335885 0.049805 0.049479
0 0.807665 0.298326 0.049805 0.049479
0 0.791233 0.263898 0.049805 0.049479
0 0.833487 0.271722 0.049805 0.049479
0 0.864003 0.262333 0.049805 0.049479
0 0.784191 0.346840 0.049805 0.049479
0 0.754848 0.313976 0.049805 0.049479
0 0.729026 0.304586 0.049805 0.049479
0 0.621045 0.337450 0.049805 0.049479
0 0.589355 0.360924 0.049805 0.049479
0 0.624566 0.257638 0.049805 0.049479
0 0.602266 0.240423 0.049805 0.049479
0 0.585834 0.209124 0.049805 0.049479
0 0.604613 0.196605 0.049805 0.049479
0 0.624566 0.187215 0.049805 0.049479
0 0.678557 0.170001 0.049805 0.049479
0 0.660951 0.216949 0.049805 0.049479
0 0.680904 0.199735 0.049805 0.049479
0 0.731374 0.202865 0.049805 0.049479
0 0.307665 0.296761 0.049805 0.049479
0 0.293580 0.252943 0.049805 0.049479
0 0.246632 0.218514 0.049805 0.049479
0 0.274801 0.137137 0.049805 0.049479
0 0.297102 0.154351 0.049805 0.049479
0 0.325271 0.098013 0.049805 0.049479
0 0.361656 0.163741 0.049805 0.049479
0 0.380435 0.191910 0.049805 0.049479
0 0.364003 0.196605 0.049805 0.049479
0 0.372219 0.210689 0.049805 0.049479
0 0.100505 0.103099 0.049805 0.049479
0 0.118111 0.099187 0.049805 0.049479
0 0.140998 0.107012 0.049805 0.049479
0 0.136303 0.114836 0.049805 0.049479
0 0.160364 0.105447 0.049805 0.049479
0 0.173862 0.096840 0.049805 0.049479
0 0.190881 0.121879 0.049805 0.049479
0 0.204965 0.094492 0.049805 0.049479
0 0.213768 0.089015 0.049805 0.049479
0 0.422688 0.192301 0.049805 0.049479
0 0.432078 0.185259 0.049805 0.049479
0 0.464942 0.182129 0.049805 0.049479
0 0.412712 0.286198 0.049805 0.049479
0 0.381022 0.275243 0.049805 0.049479
0 0.376327 0.257247 0.049805 0.049479
0 0.420341 0.315932 0.049805 0.049479
0 0.410364 0.343318 0.049805 0.049479
0 0.463181 0.107794 0.049805 0.049479
0 0.470810 0.099187 0.049805 0.049479
0 0.491937 0.071018 0.049805 0.049479
0 0.483134 0.066323 0.049805 0.049479
0 0.481374 0.052239 0.049805 0.049479
0 0.477853 0.060063 0.049805 0.049479
0 0.497806 0.063193 0.049805 0.049479
0 0.564120 0.152395 0.049805 0.049479
0 0.597571 0.156308 0.049805 0.049479
0 0.790059 0.143788 0.049805 0.049479
0 0.802383 0.172739 0.049805 0.049479
0 0.790646 0.195431 0.049805 0.049479
0 0.831139 0.151613 0.049805 0.049479
0 0.882195 0.211863 0.049805 0.049479
0 0.881022 0.168827 0.049805 0.049479
0 0.895106 0.139876 0.049805 0.049479
0 0.908017 0.138311 0.049805 0.049479
0 0.856961 0.085103 0.049805 0.049479
0 0.832313 0.081973 0.049805 0.049479
0 0.944989 0.134398 0.049805 0.049479
0 0.981374 0.137528 0.049805 0.049479
0 0.985482 0.142223 0.049805 0.049479
0 0.981374 0.185259 0.049805 0.049479
0 0.966702 0.251769 0.049805 0.049479
0 0.994871 0.257247 0.049805 0.049479
0 0.370458 0.170001 0.049805 0.049479