0 0.075234 0.648743 0.049805 0.049479
0 0.022880 0.431211 0.049805 0.049479
0 0.065494 0.340302 0.049805 0.049479
0 0.221338 0.475042 0.049805 0.049479
0 0.215251 0.408483 0.049805 0.049479
0 0.273692 0.403613 0.049805 0.049479
0 0.238384 0.276990 0.049805 0.049479
0 0.405186 0.379263 0.049805 0.049479
0 0.374747 0.374393 0.049805 0.049479
0 0.473367 0.486406 0.049805 0.049479
0 0.463627 0.390626 0.049805 0.049479
0 0.212410 0.182428 0.049805 0.049479
0 0.201452 0.161324 0.049805 0.049479
0 0.181363 0.161324 0.049805 0.049479
0 0.105267 0.114246 0.049805 0.049479
0 0.041346 0.062298 0.049805 0.049479
0 0.019431 0.100448 0.049805 0.049479
0 0.003603 0.132915 0.049805 0.049479
0 0.164317 0.095578 0.049805 0.049479
0 0.182580 0.105318 0.049805 0.049479
0 0.163100 0.074474 0.049805 0.049479
0 0.202061 0.062298 0.049805 0.049479
0 0.231281 0.084214 0.049805 0.049479
0 0.236152 0.050123 0.049805 0.049479
0 0.248936 0.039571 0.049805 0.049479
0 0.282418 0.047688 0.049805 0.049479
0 0.282418 0.047688 0.049805 0.049479
0 0.298246 0.059863 0.049805 0.049479
0 0.310421 0.033889 0.049805 0.049479
0 0.283635 0.100448 0.049805 0.049479
0 0.314074 0.158889 0.049805 0.049479
0 0.297637 0.210026 0.049805 0.049479
0 0.297028 0.244928 0.049805 0.049479
0 0.418173 0.230318 0.049805 0.049479
0 0.379820 0.132915 0.049805 0.049479
0 0.377994 0.048500 0.049805 0.049479
0 0.401127 0.051746 0.049805 0.049479
0 0.377994 0.005480 0.049805 0.049479
0 0.362775 0.011974 0.049805 0.049479
0 0.439479 0.042006 0.049805 0.049479
0 0.439479 0.042006 0.049805 0.049479
0 0.458960 0.042006 0.049805 0.049479
0 0.451655 0.019279 0.049805 0.049479
0 0.444350 0.008727 0.049805 0.049479
0 0.495486 0.033078 0.049805 0.049479
0 0.492442 0.010350 0.049805 0.049479
0 0.495486 0.067169 0.049805 0.049479
0 0.501675 0.103897 0.049805 0.049479
0 0.516285 0.088070 0.049805 0.049479
0 0.521156 0.032469 0.049805 0.049479
0 0.520547 0.014612 0.049805 0.049479
0 0.487978 0.028410 0.049805 0.049479
0 0.533331 0.185878 0.049805 0.049479
0 0.521764 0.215910 0.049805 0.049479
0 0.539114 0.239044 0.049805 0.049479
0 0.594816 0.099433 0.049805 0.049479
0 0.570466 0.044238 0.049805 0.049479
0 0.579597 0.025975 0.049805 0.049479
0 0.593294 0.020294 0.049805 0.049479
0 0.615819 0.030845 0.049805 0.049479
0 0.620689 0.119725 0.049805 0.049479
0 0.607600 0.174514 0.049805 0.049479
0 0.581423 0.200488 0.049805 0.049479
0 0.600295 0.159092 0.049805 0.049479
0 0.528461 0.332388 0.049805 0.049479
0 0.547333 0.306820 0.049805 0.049479
0 0.561030 0.357144 0.049805 0.049479
0 0.617949 0.323053 0.049805 0.049479
0 0.650518 0.284498 0.049805 0.049479
0 0.673043 0.174717 0.049805 0.049479
0 0.714439 0.153613 0.049805 0.049479
0 0.714439 0.153613 0.049805 0.049479
0 0.803319 0.410107 0.049805 0.049479
0 0.772880 0.379263 0.049805 0.049479
0 0.873936 0.364652 0.049805 0.049479
0 0.739804 0.031251 0.049805 0.049479
0 0.765981 0.024352 0.049805 0.049479
0 0.774504 0.004466 0.049805 0.049479
0 0.786375 0.001219 0.049805 0.049479
0 0.807073 0.002842 0.049805 0.049479
0 0.832945 0.032469 0.049805 0.049479
0 0.871298 0.002436 0.049805 0.049479
0 0.871298 0.002436 0.049805 0.049479
0 0.593700 0.202112 0.049805 0.049479