0 0.110694 0.863565 0.049734 0.048780
0 0.242857 0.921590 0.049734 0.048780
0 0.314782 0.724059 0.049734 0.048780
0 0.507182 0.936405 0.049734 0.048780
0 0.602482 0.874676 0.049734 0.048780
0 0.745433 0.875911 0.049734 0.048780
0 0.879394 0.951220 0.049734 0.048780
0 0.920751 0.684553 0.049734 0.048780
0 0.887485 0.680849 0.049734 0.048780
0 0.728351 0.663565 0.049734 0.048780
0 0.558428 0.790726 0.049734 0.048780
0 0.540447 0.706775 0.049734 0.048780
0 0.417275 0.691960 0.049734 0.048780
0 0.241059 0.654923 0.049734 0.048780
0 0.121483 0.675911 0.049734 0.048780
0 0.016293 0.642578 0.049734 0.048780
0 0.133171 0.567269 0.049734 0.048780
0 0.255444 0.552454 0.049734 0.048780
0 0.371423 0.593195 0.049734 0.048780
0 0.492797 0.600602 0.049734 0.048780
0 0.572813 0.480849 0.049734 0.048780
0 0.765213 0.524059 0.049734 0.048780
0 0.867706 0.588257 0.049734 0.048780
0 0.929741 0.547516 0.049734 0.048780
0 0.804772 0.495664 0.049734 0.048780
0 0.933338 0.375911 0.049734 0.048780
0 0.908164 0.356158 0.049734 0.048780
0 0.877596 0.338874 0.049734 0.048780
0 0.692389 0.445047 0.049734 0.048780
0 0.631252 0.528997 0.049734 0.048780
0 0.713067 0.367269 0.049734 0.048780
0 0.754424 0.368503 0.049734 0.048780
0 0.777800 0.368503 0.049734 0.048780
0 0.599785 0.367269 0.049734 0.048780
0 0.507182 0.409244 0.049734 0.048780
0 0.522466 0.422824 0.049734 0.048780
0 0.437954 0.336405 0.049734 0.048780
0 0.437055 0.403071 0.049734 0.048780
0 0.413679 0.474676 0.049734 0.048780
0 0.401991 0.401837 0.049734 0.048780
0 0.294103 0.428997 0.049734 0.048780
0 0.197005 0.530232 0.049734 0.048780
0 0.137666 0.472207 0.049734 0.048780
0 0.072035 0.410479 0.049734 0.048780
0 0.001009 0.382084 0.049734 0.048780
0 0.031577 0.289491 0.049734 0.048780
0 0.073833 0.275911 0.049734 0.048780
0 0.116089 0.367269 0.049734 0.048780
0 0.047760 0.251220 0.049734 0.048780
0 0.220380 0.247516 0.049734 0.048780
0 0.231169 0.300602 0.049734 0.048780
0 0.206894 0.324059 0.049734 0.048780
0 0.155648 0.208010 0.049734 0.048780
0 0.162840 0.185787 0.049734 0.048780
0 0.200601 0.177145 0.049734 0.048780
0 0.233866 0.172207 0.049734 0.048780
0 0.214986 0.201837 0.049734 0.048780
0 0.257242 0.184553 0.049734 0.048780
0 0.278819 0.211713 0.049734 0.048780
0 0.321974 0.237639 0.049734 0.048780
0 0.277920 0.293195 0.049734 0.048780
0 0.299498 0.311713 0.049734 0.048780
0 0.347148 0.309244 0.049734 0.048780
0 0.368726 0.321590 0.049734 0.048780
0 0.393900 0.262331 0.049734 0.048780
0 0.347148 0.204306 0.049734 0.048780
0 0.322873 0.198133 0.049734 0.048780
0 0.384010 0.200602 0.049734 0.048780
0 0.465825 0.238874 0.049734 0.048780
0 0.563823 0.211713 0.049734 0.048780
0 0.562923 0.272207 0.049734 0.048780
0 0.602482 0.272207 0.049734 0.048780
0 0.628555 0.198133 0.049734 0.048780
0 0.678004 0.189491 0.049734 0.048780
0 0.673508 0.208010 0.049734 0.048780
0 0.694187 0.211713 0.049734 0.048780
0 0.674407 0.240108 0.049734 0.048780
0 0.747232 0.227763 0.049734 0.048780
0 0.734645 0.216652 0.049734 0.048780
0 0.806570 0.204306 0.049734 0.048780
0 0.848826 0.215417 0.049734 0.048780
0 0.851523 0.195664 0.049734 0.048780
0 0.880293 0.184553 0.049734 0.048780
0 0.907265 0.179615 0.049734 0.048780
0 0.927044 0.252454 0.049734 0.048780
0 0.910861 0.225294 0.049734 0.048780
0 0.934237 0.217886 0.049734 0.048780
0 0.865009 0.259861 0.049734 0.048780
0 0.931540 0.306775 0.049734 0.048780
0 0.851523 0.287022 0.049734 0.048780
0 0.810166 0.263565 0.049734 0.048780
0 0.788588 0.280849 0.049734 0.048780
0 0.729250 0.316652 0.049734 0.048780
0 0.359735 0.283318 0.049734 0.048780
0 0.966423 0.809874 0.049734 0.048780
0 0.094295 0.204911 0.049734 0.048780
0 0.037352 0.106141 0.049734 0.048780
0 0.059330 0.122603 0.049734 0.048780
0 0.104285 0.121231 0.049734 0.048780
0 0.550838 0.151411 0.049734 0.048780
0 0.518870 0.089680 0.049734 0.048780
0 0.487901 0.173360 0.049734 0.048780
0 0.436952 0.154154 0.049734 0.048780
0 0.460928 0.143180 0.049734 0.048780
0 0.485903 0.145924 0.049734 0.048780
0 0.478910 0.126718 0.049734 0.048780
0 0.473915 0.117116 0.049734 0.048780
0 0.452936 0.106141 0.049734 0.048780
0 0.462926 0.086936 0.049734 0.048780
0 0.483905 0.110257 0.049734 0.048780
0 0.606782 0.089680 0.049734 0.048780
0 0.663725 0.128090 0.049734 0.048780
0 0.689699 0.102026 0.049734 0.048780
0 0.681707 0.091052 0.049734 0.048780
0 0.705683 0.097911 0.049734 0.048780
0 0.725663 0.078705 0.049734 0.048780
0 0.737651 0.097911 0.049734 0.048780
0 0.860528 0.100654 0.049734 0.048780
0 0.767621 0.169244 0.049734 0.048780
0 0.979410 0.184334 0.049734 0.048780
0 0.944445 0.189821 0.049734 0.048780
0 0.926463 0.147295 0.049734 0.048780
0 0.896492 0.143180 0.049734 0.048780
0 0.902487 0.121231 0.049734 0.048780
0 0.918471 0.104770 0.049734 0.048780
0 0.878510 0.121231 0.049734 0.048780
0 0.994395 0.122603 0.049734 0.048780
0 0.954435 0.093795 0.049734 0.048780
0 0.988401 0.340719 0.049734 0.048780
0 0.963426 0.303680 0.049734 0.048780
0 0.217172 0.139065 0.049734 0.048780
0 0.159230 0.152783 0.049734 0.048780
0 0.179210 0.123975 0.049734 0.048780
0 0.180209 0.111629 0.049734 0.048780
0 0.130259 0.102026 0.049734 0.048780
0 0.084305 0.113000 0.049734 0.048780
0 0.171218 0.082821 0.049734 0.048780
0 0.182207 0.080077 0.049734 0.048780
0 0.180209 0.097911 0.049734 0.048780
0 0.225164 0.099282 0.049734 0.048780
0 0.239150 0.102026 0.049734 0.048780
0 0.215174 0.088308 0.049734 0.048780
0 0.284105 0.088308 0.049734 0.048780
0 0.265124 0.093795 0.049734 0.048780
0 0.325064 0.096539 0.049734 0.048780
0 0.313076 0.113000 0.049734 0.048780
0 0.357032 0.123975 0.049734 0.048780
0 0.387002 0.097911 0.049734 0.048780
0 0.066822 0.058482 0.049734 0.048780
0 0.413476 0.037905 0.049734 0.048780
0 0.436952 0.066027 0.049734 0.048780
0 0.424465 0.069456 0.049734 0.048780
0 0.459929 0.042020 0.049734 0.048780
0 0.511877 0.055738 0.049734 0.048780
0 0.498391 0.047507 0.049734 0.048780
0 0.481907 0.068084 0.049734 0.048780
0 0.520369 0.045450 0.049734 0.048780
0 0.155234 0.072886 0.049734 0.048780
0 0.128261 0.083860 0.049734 0.048780
0 0.214175 0.058482 0.049734 0.048780
0 0.219669 0.069456 0.049734 0.048780
0 0.204684 0.072200 0.049734 0.048780
0 0.247142 0.085918 0.049734 0.048780
0 0.144744 0.051623 0.049734 0.048780
0 0.089300 0.051623 0.049734 0.048780
0 0.268620 0.047507 0.049734 0.048780
0 0.292596 0.048193 0.049734 0.048780
0 0.279609 0.074257 0.049734 0.048780
0 0.304584 0.077687 0.049734 0.048780
0 0.292097 0.076315 0.049734 0.048780
0 0.369519 0.083174 0.049734 0.048780
0 0.357032 0.073572 0.049734 0.048780
0 0.332057 0.052995 0.049734 0.048780
0 0.342047 0.044764 0.049734 0.048780
0 0.323565 0.068084 0.049734 0.048780
0 0.478910 0.044078 0.049734 0.048780
0 0.382506 0.063969 0.049734 0.048780
0 0.369020 0.044078 0.049734 0.048780
0 0.416473 0.125700 0.049734 0.048780
0 0.405983 0.157251 0.049734 0.048780
0 0.772309 0.410295 0.049734 0.048780
0 0.832816 0.116325 0.049734 0.048780
0 0.810373 0.104239 0.049734 0.048780
0 0.586384 0.108469 0.049734 0.048780
0 0.579783 0.098801 0.049734 0.048780
0 0.545899 0.087319 0.049734 0.048780
0 0.585064 0.045020 0.049734 0.048780
0 0.563061 0.057710 0.049734 0.048780
0 0.811694 0.043207 0.049734 0.048780
0 0.826216 0.079464 0.049734 0.048780
0 0.857460 0.076442 0.049734 0.048780
0 0.808173 0.144725 0.049734 0.048780
0 0.617628 0.152581 0.049734 0.048780
0 0.600026 0.111490 0.049734 0.048780
0 0.617628 0.055897 0.049734 0.048780
0 0.672636 0.060127 0.049734 0.048780
0 0.722802 0.040186 0.049734 0.048780
0 0.746565 0.035956 0.049734 0.048780
0 0.755806 0.051063 0.049734 0.048780
0 0.763287 0.042603 0.049734 0.048780
0 0.504974 0.245639 0.049734 0.048780
0 0.710040 0.074630 0.049734 0.048780
0 0.835017 0.035352 0.049734 0.048780
0 0.614768 0.836912 0.049734 0.048780
0 0.764387 0.856249 0.049734 0.048780
0 0.047094 0.114200 0.049734 0.048780
0 0.381008 0.014231 0.049734 0.048780
0 0.310079 0.021090 0.049734 0.048780
0 0.240149 0.022462 0.049734 0.048780
0 0.229160 0.026577 0.049734 0.048780
0 0.212177 0.034808 0.049734 0.048780
0 0.056333 0.041667 0.049734 0.048780
0 0.017372 0.034808 0.049734 0.048780
0 0.124265 0.033436 0.049734 0.048780
0 0.106283 0.058128 0.049734 0.048780
0 0.160229 0.023833 0.049734 0.048780
0 0.168221 0.044410 0.049734 0.048780
0 0.186203 0.041667 0.049734 0.048780
0 0.201188 0.022462 0.049734 0.048780
0 0.213176 0.022462 0.049734 0.048780
0 0.555833 0.030692 0.049734 0.048780
0 0.490898 0.012859 0.049734 0.048780
0 0.465923 0.008744 0.049734 0.048780
0 0.429959 0.011487 0.049734 0.048780
0 0.315074 0.032064 0.049734 0.048780
0 0.772616 0.021090 0.049734 0.048780
0 0.747641 0.023833 0.049734 0.048780
0 0.735653 0.027949 0.049734 0.048780
0 0.859529 0.026577 0.049734 0.048780
0 0.871517 0.047154 0.049734 0.048780
0 0.884504 0.033436 0.049734 0.048780
0 0.909480 0.048526 0.049734 0.048780
0 0.949440 0.026577 0.049734 0.048780
0 0.923466 0.018346 0.049734 0.048780
0 0.935454 0.067731 0.049734 0.048780
0 0.972417 0.071846 0.049734 0.048780
0 0.967422 0.027949 0.049734 0.048780
0 0.976413 0.038923 0.049734 0.048780
0 0.995394 0.030692 0.049734 0.048780
0 0.631757 0.011487 0.049734 0.048780
0 0.588800 0.011487 0.049734 0.048780
0 0.578810 0.016974 0.049734 0.048780
0 0.557831 0.012859 0.049734 0.048780
0 0.540848 0.025205 0.049734 0.048780
0 0.520868 0.021090 0.049734 0.048780