0 0.217329 0.663204 0.049805 0.049088
0 0.006477 0.994657 0.049805 0.049088
0 0.063306 0.974706 0.049805 0.049088
0 0.081617 0.975613 0.049805 0.049088
0 0.163071 0.986495 0.049805 0.049088
0 0.236948 0.992843 0.049805 0.049088
0 0.024157 0.987402 0.049805 0.049088
0 0.016580 0.994657 0.049805 0.049088
0 0.201588 0.992843 0.049805 0.049088
0 0.274203 0.990123 0.049805 0.049088
0 0.300091 0.986495 0.049805 0.049088
0 0.343028 0.980147 0.049805 0.049088
0 0.370180 0.986495 0.049805 0.049088
0 0.399857 0.988309 0.049805 0.049088
0 0.442794 0.990123 0.049805 0.049088
0 0.478154 0.975613 0.049805 0.049088
0 0.480679 0.915761 0.049805 0.049088
0 0.444688 0.951128 0.049805 0.049088
0 0.456685 0.886742 0.049805 0.049088
0 0.422588 0.912134 0.049805 0.049088
0 0.400488 0.881301 0.049805 0.049088
0 0.406171 0.941153 0.049805 0.049088
0 0.362602 0.951128 0.049805 0.049088
0 0.357551 0.894904 0.049805 0.049088
0 0.335451 0.920296 0.049805 0.049088
0 0.303248 0.889463 0.049805 0.049088
0 0.275465 0.886742 0.049805 0.049088
0 0.271045 0.857723 0.049805 0.049088
0 0.268520 0.929364 0.049805 0.049088
0 0.188960 0.941153 0.049805 0.049088
0 0.158020 0.948408 0.049805 0.049088
0 0.129606 0.896718 0.049805 0.049088
0 0.177594 0.862257 0.049805 0.049088
0 0.209797 0.890370 0.049805 0.049088
0 0.094877 0.893997 0.049805 0.049088
0 0.008372 0.920296 0.049805 0.049088
0 0.027946 0.888556 0.049805 0.049088
0 0.049414 0.895811 0.049805 0.049088
0 0.051940 0.871326 0.049805 0.049088
0 0.087931 0.855003 0.049805 0.049088
0 0.014686 0.835959 0.049805 0.049088
0 0.032366 0.834145 0.049805 0.049088
0 0.028577 0.806940 0.049805 0.049088
0 0.060780 0.815101 0.049805 0.049088
0 0.100560 0.829611 0.049805 0.049088
0 0.130868 0.831425 0.049805 0.049088
0 0.142866 0.853189 0.049805 0.049088
0 0.206008 0.840493 0.049805 0.049088
0 0.263468 0.830518 0.049805 0.049088
0 0.298828 0.838679 0.049805 0.049088
0 0.325348 0.844120 0.049805 0.049088
0 0.384071 0.834145 0.049805 0.049088
0 0.410591 0.816915 0.049805 0.049088
0 0.429534 0.880394 0.049805 0.049088
0 0.449739 0.850468 0.049805 0.049088
0 0.480679 0.859537 0.049805 0.049088
0 0.478154 0.823263 0.049805 0.049088
0 0.451002 0.813288 0.049805 0.049088
0 0.425745 0.791523 0.049805 0.049088
0 0.459211 0.791523 0.049805 0.049088
0 0.486362 0.777014 0.049805 0.049088
0 0.486362 0.742554 0.049805 0.049088
0 0.439005 0.738926 0.049805 0.049088
0 0.409328 0.772479 0.049805 0.049088
0 0.397331 0.751622 0.049805 0.049088
0 0.368917 0.789710 0.049805 0.049088
0 0.378388 0.729858 0.049805 0.049088
0 0.342397 0.733485 0.049805 0.049088
0 0.343028 0.789710 0.049805 0.049088
0 0.315245 0.804219 0.049805 0.049088
0 0.303880 0.755249 0.049805 0.049088
0 0.270414 0.727137 0.049805 0.049088
0 0.260311 0.785175 0.049805 0.049088
0 0.235054 0.818729 0.049805 0.049088
0 0.217374 0.796058 0.049805 0.049088
0 0.241368 0.780641 0.049805 0.049088
0 0.228108 0.757970 0.049805 0.049088
0 0.229371 0.712628 0.049805 0.049088
0 0.158020 0.770666 0.049805 0.049088
0 0.142866 0.767038 0.049805 0.049088
0 0.183277 0.797871 0.049805 0.049088
0 0.091720 0.756156 0.049805 0.049088
0 0.001426 0.691770 0.049805 0.049088
0 0.002689 0.642800 0.049805 0.049088
0 0.053834 0.658217 0.049805 0.049088
0 0.055729 0.615595 0.049805 0.049088
0 0.072146 0.606526 0.049805 0.049088
0 0.101191 0.604713 0.049805 0.049088
0 0.116346 0.621036 0.049805 0.049088
0 0.125186 0.587483 0.049805 0.049088
0 0.159283 0.579321 0.049805 0.049088
0 0.160546 0.634639 0.049805 0.049088
0 0.189591 0.651869 0.049805 0.049088
0 0.180751 0.604713 0.049805 0.049088
0 0.227477 0.592924 0.049805 0.049088
0 0.207903 0.631011 0.049805 0.049088
0 0.301985 0.649148 0.049805 0.049088
0 0.304511 0.617409 0.049805 0.049088
0 0.337977 0.620129 0.049805 0.049088
0 0.324085 0.599272 0.049805 0.049088
0 0.363234 0.618315 0.049805 0.049088
0 0.320928 0.662751 0.049805 0.049088
0 0.389754 0.649148 0.049805 0.049088
0 0.404277 0.694491 0.049805 0.049088
0 0.449739 0.706280 0.049805 0.049088
0 0.488257 0.704466 0.049805 0.049088
0 0.492045 0.607433 0.049805 0.049088
0 0.471208 0.598365 0.049805 0.049088
0 0.438374 0.617409 0.049805 0.049088
0 0.408697 0.627384 0.049805 0.049088
0 0.420694 0.604713 0.049805 0.049088
0 0.473102 0.542140 0.049805 0.049088
0 0.449108 0.580228 0.049805 0.049088
0 0.427640 0.577507 0.049805 0.049088
0 0.394805 0.593831 0.049805 0.049088
0 0.374600 0.611061 0.049805 0.049088
0 0.373337 0.572973 0.049805 0.049088
0 0.393542 0.531258 0.049805 0.049088
0 0.358814 0.558464 0.049805 0.049088
0 0.351868 0.585669 0.049805 0.049088
0 0.312088 0.580228 0.049805 0.049088
0 0.322191 0.558464 0.049805 0.049088
0 0.337345 0.547581 0.049805 0.049088
0 0.324717 0.531258 0.049805 0.049088
0 0.307668 0.518562 0.049805 0.049088
0 0.284305 0.551209 0.049805 0.049088
0 0.261574 0.569346 0.049805 0.049088
0 0.239474 0.543954 0.049805 0.049088
0 0.211691 0.550302 0.049805 0.049088
0 0.199063 0.539420 0.049805 0.049088
0 0.221163 0.524910 0.049805 0.049088
0 0.181383 0.572973 0.049805 0.049088
0 0.169386 0.548488 0.049805 0.049088
0 0.194011 0.522190 0.049805 0.049088
0 0.171280 0.523097 0.049805 0.049088
0 0.166228 0.507680 0.049805 0.049088
0 0.150443 0.515842 0.049805 0.049088
0 0.122029 0.531258 0.049805 0.049088
0 0.098034 0.544861 0.049805 0.049088
0 0.098034 0.512214 0.049805 0.049088
0 0.120134 0.566625 0.049805 0.049088
0 0.050677 0.587483 0.049805 0.049088
0 0.070251 0.586576 0.049805 0.049088
0 0.073409 0.569346 0.049805 0.049088
0 0.065831 0.542140 0.049805 0.049088
0 0.046257 0.538513 0.049805 0.049088
0 0.043731 0.518562 0.049805 0.049088
0 0.011529 0.509494 0.049805 0.049088
0 0.024789 0.545768 0.049805 0.049088
0 0.009003 0.548488 0.049805 0.049088
0 0.014054 0.608340 0.049805 0.049088
0 0.501471 0.983548 0.049805 0.049088
0 0.549460 0.974480 0.049805 0.049088
0 0.580715 0.977654 0.049805 0.049088
0 0.618917 0.974933 0.049805 0.049088
0 0.589240 0.920976 0.049805 0.049088
0 0.615444 0.946821 0.049805 0.049088
0 0.527675 0.896037 0.049805 0.049088
0 0.564298 0.893317 0.049805 0.049088
0 0.595238 0.882888 0.049805 0.049088
0 0.606920 0.841627 0.049805 0.049088
0 0.569665 0.840266 0.049805 0.049088
0 0.546303 0.869285 0.049805 0.049088
0 0.509048 0.809887 0.049805 0.049088
0 0.543145 0.837092 0.049805 0.049088
0 0.533358 0.794924 0.049805 0.049088
0 0.547881 0.808527 0.049805 0.049088
0 0.596817 0.790843 0.049805 0.049088
0 0.607551 0.764091 0.049805 0.049088
0 0.546934 0.764091 0.049805 0.049088
0 0.683638 0.957023 0.049805 0.049088
0 0.692478 0.892637 0.049805 0.049088
0 0.649857 0.823263 0.049805 0.049088
0 0.672588 0.825077 0.049805 0.049088
0 0.752779 0.976974 0.049805 0.049088
0 0.774248 0.939793 0.049805 0.049088
0 0.789718 0.942060 0.049805 0.049088
0 0.749307 0.852735 0.049805 0.049088
0 0.763514 0.863618 0.049805 0.049088
0 0.786877 0.833238 0.049805 0.049088
0 0.773932 0.788349 0.049805 0.049088
0 0.730679 0.778827 0.049805 0.049088
0 0.726891 0.816915 0.049805 0.049088
0 0.753727 0.804219 0.049805 0.049088
0 0.693741 0.807393 0.049805 0.049088
0 0.669115 0.799231 0.049805 0.049088
0 0.636281 0.784269 0.049805 0.049088
0 0.675745 0.763411 0.049805 0.049088
0 0.676061 0.762958 0.049805 0.049088
0 0.836714 0.898531 0.049805 0.049088
0 0.888175 0.942967 0.049805 0.049088
0 0.927955 0.985135 0.049805 0.049088
0 0.937427 0.948408 0.049805 0.049088
0 0.828505 0.850922 0.049805 0.049088
0 0.825033 0.817368 0.049805 0.049088
0 0.857235 0.794697 0.049805 0.049088
0 0.877757 0.782001 0.049805 0.049088
0 0.907118 0.773386 0.049805 0.049088
0 0.922588 0.806033 0.049805 0.049088
0 0.947845 0.788803 0.049805 0.049088
0 0.955422 0.826890 0.049805 0.049088
0 0.889122 0.839586 0.049805 0.049088
0 0.907750 0.878581 0.049805 0.049088
0 0.949424 0.901705 0.049805 0.049088
0 0.866391 0.908053 0.049805 0.049088
0 0.837030 0.769759 0.049805 0.049088
0 0.986340 0.967225 0.049805 0.049088
0 0.978447 0.893317 0.049805 0.049088
0 0.995180 0.883342 0.049805 0.049088
0 0.995495 0.852055 0.049805 0.049088
0 0.972764 0.775880 0.049805 0.049088
0 0.510311 0.737566 0.049805 0.049088
0 0.528623 0.734392 0.049805 0.049088
0 0.533043 0.716708 0.049805 0.049088
0 0.542830 0.701745 0.049805 0.049088
0 0.524834 0.629651 0.049805 0.049088
0 0.566824 0.649602 0.049805 0.049088
0 0.575980 0.609247 0.049805 0.049088
0 0.594922 0.671819 0.049805 0.049088
0 0.607867 0.705826 0.049805 0.049088
0 0.583873 0.724870 0.049805 0.049088
0 0.599658 0.739833 0.049805 0.049088
0 0.570928 0.745274 0.049805 0.049088
0 0.632177 0.717615 0.049805 0.049088
0 0.638807 0.671819 0.049805 0.049088
0 0.641017 0.635546 0.049805 0.049088
0 0.659328 0.658217 0.049805 0.049088
0 0.654277 0.692677 0.049805 0.049088
0 0.670062 0.724417 0.049805 0.049088
0 0.710474 0.748901 0.049805 0.049088
0 0.736362 0.745728 0.049805 0.049088
0 0.758778 0.748901 0.049805 0.049088
0 0.778037 0.749808 0.049805 0.049088
0 0.803294 0.739380 0.049805 0.049088
0 0.833602 0.715802 0.049805 0.049088
0 0.807714 0.679981 0.049805 0.049088
0 0.767302 0.652322 0.049805 0.049088
0 0.799821 0.633278 0.049805 0.049088
0 0.832655 0.636906 0.049805 0.049088
0 0.843705 0.642800 0.049805 0.049088
0 0.844336 0.673180 0.049805 0.049088
0 0.700371 0.616502 0.049805 0.049088
0 0.719629 0.704919 0.049805 0.049088
0 0.746149 0.655496 0.049805 0.049088
0 0.884995 0.738473 0.049805 0.049088
0 0.900465 0.761144 0.049805 0.049088
0 0.933931 0.734845 0.049805 0.049088
0 0.974974 0.738019 0.049805 0.049088
0 0.992022 0.736206 0.049805 0.049088
0 0.960451 0.717162 0.049805 0.049088
0 0.950033 0.706733 0.049805 0.049088
0 0.912463 0.725777 0.049805 0.049088
0 0.876471 0.682248 0.049805 0.049088
0 0.899203 0.668646 0.049805 0.049088
0 0.905201 0.691317 0.049805 0.049088
0 0.963924 0.607887 0.049805 0.049088
0 0.988865 0.633278 0.049805 0.049088
0 0.974658 0.584762 0.049805 0.049088
0 0.986971 0.576147 0.049805 0.049088
0 0.920040 0.604259 0.049805 0.049088
0 0.938667 0.558010 0.049805 0.049088
0 0.915304 0.560731 0.049805 0.049088
0 0.897940 0.558010 0.049805 0.049088
0 0.880575 0.554383 0.049805 0.049088
0 0.875840 0.575240 0.049805 0.049088
0 0.858475 0.567079 0.049805 0.049088
0 0.834166 0.574787 0.049805 0.049088
0 0.827220 0.603806 0.049805 0.049088
0 0.787440 0.594284 0.049805 0.049088
0 0.806698 0.601085 0.049805 0.049088
0 0.893835 0.576601 0.049805 0.049088
0 0.965187 0.565718 0.049805 0.049088
0 0.964871 0.524003 0.049805 0.049088
0 0.979710 0.508587 0.049805 0.049088
0 0.997390 0.590657 0.049805 0.049088
0 0.997074 0.524457 0.049805 0.049088
0 0.998337 0.492264 0.049805 0.049088
0 0.984445 0.498612 0.049805 0.049088
0 0.974027 0.483195 0.049805 0.049088
0 0.964240 0.496345 0.049805 0.049088
0 0.977815 0.459617 0.049805 0.049088
0 0.926038 0.534886 0.049805 0.049088
0 0.935194 0.530805 0.049805 0.049088
0 0.930458 0.514028 0.049805 0.049088
0 0.903623 0.505413 0.049805 0.049088
0 0.897940 0.519469 0.049805 0.049088
0 0.883733 0.524457 0.049805 0.049088
0 0.912463 0.522643 0.049805 0.049088
0 0.856897 0.516295 0.049805 0.049088
0 0.877103 0.503599 0.049805 0.049088
0 0.848688 0.502239 0.049805 0.049088
0 0.843006 0.502239 0.049805 0.049088
0 0.841743 0.548488 0.049805 0.049088
0 0.825010 0.548488 0.049805 0.049088
0 0.804173 0.579321 0.049805 0.049088
0 0.772601 0.552116 0.049805 0.049088
0 0.789334 0.528084 0.049805 0.049088
0 0.794070 0.514935 0.049805 0.049088
0 0.807961 0.519016 0.049805 0.049088
0 0.817433 0.500425 0.049805 0.049088
0 0.803541 0.484102 0.049805 0.049088
0 0.826904 0.487276 0.049805 0.049088
0 0.844900 0.482288 0.049805 0.049088
0 0.002080 0.478208 0.049805 0.049088
0 0.010288 0.471860 0.049805 0.049088
0 0.018497 0.447828 0.049805 0.049088
0 0.011236 0.443747 0.049805 0.049088
0 0.008372 0.412915 0.049805 0.049088
0 0.024789 0.428331 0.049805 0.049088
0 0.015949 0.421983 0.049805 0.049088
0 0.035523 0.421983 0.049805 0.049088
0 0.051309 0.421983 0.049805 0.049088
0 0.072800 0.514028 0.049805 0.049088
0 0.037440 0.437400 0.049805 0.049088
0 0.028284 0.448282 0.049805 0.049088
0 0.064591 0.443294 0.049805 0.049088
0 0.051016 0.439667 0.049805 0.049088
0 0.073747 0.446468 0.049805 0.049088
0 0.068064 0.419263 0.049805 0.049088
0 0.074378 0.426971 0.049805 0.049088
0 0.039018 0.405206 0.049805 0.049088
0 0.054173 0.474127 0.049805 0.049088
0 0.042176 0.487730 0.049805 0.049088
0 0.127103 0.492717 0.049805 0.049088
0 0.143835 0.492264 0.049805 0.049088
0 0.169093 0.494077 0.049805 0.049088
0 0.157095 0.484556 0.049805 0.049088
0 0.099951 0.448282 0.049805 0.049088
0 0.096478 0.436493 0.049805 0.049088
0 0.099320 0.427878 0.049805 0.049088
0 0.095531 0.417449 0.049805 0.049088
0 0.106266 0.419263 0.049805 0.049088
0 0.112264 0.428784 0.049805 0.049088
0 0.116368 0.444654 0.049805 0.049088
0 0.126787 0.452816 0.049805 0.049088
0 0.120473 0.423797 0.049805 0.049088
0 0.127734 0.429691 0.049805 0.049088
0 0.135627 0.431958 0.049805 0.049088
0 0.139100 0.433772 0.049805 0.049088
0 0.146993 0.451002 0.049805 0.049088
0 0.031757 0.402486 0.049805 0.049088
0 0.029863 0.387976 0.049805 0.049088
0 0.035546 0.375734 0.049805 0.049088
0 0.046280 0.368479 0.049805 0.049088
0 0.035861 0.357144 0.049805 0.049088
0 0.017550 0.360771 0.049805 0.049088
0 0.045626 0.382989 0.049805 0.049088
0 0.054804 0.411554 0.049805 0.049088
0 0.046596 0.392057 0.049805 0.049088
0 0.054488 0.377548 0.049805 0.049088
0 0.110054 0.402032 0.049805 0.049088
0 0.115737 0.387976 0.049805 0.049088
0 0.117000 0.380268 0.049805 0.049088
0 0.114158 0.371200 0.049805 0.049088
0 0.120157 0.371200 0.049805 0.049088
0 0.125208 0.368026 0.049805 0.049088
0 0.123291 0.412008 0.049805 0.049088
0 0.128974 0.392964 0.049805 0.049088
0 0.141603 0.415635 0.049805 0.049088
0 0.144128 0.402939 0.049805 0.049088
0 0.229371 0.500879 0.049805 0.049088
0 0.231266 0.487276 0.049805 0.049088
0 0.218006 0.480928 0.049805 0.049088
0 0.205377 0.500879 0.049805 0.049088
0 0.195274 0.480928 0.049805 0.049088
0 0.208850 0.461884 0.049805 0.049088
0 0.186750 0.460071 0.049805 0.049088
0 0.204430 0.442387 0.049805 0.049088
0 0.191486 0.437853 0.049805 0.049088
0 0.195274 0.425157 0.049805 0.049088
0 0.198747 0.431505 0.049805 0.049088
0 0.207587 0.426971 0.049805 0.049088
0 0.215796 0.422437 0.049805 0.049088
0 0.216111 0.444201 0.049805 0.049088
0 0.232844 0.453269 0.049805 0.049088
0 0.242315 0.435586 0.049805 0.049088
0 0.231581 0.422437 0.049805 0.049088
0 0.244210 0.412915 0.049805 0.049088
0 0.255260 0.435132 0.049805 0.049088
0 0.261574 0.451909 0.049805 0.049088
0 0.270730 0.446015 0.049805 0.049088
0 0.269783 0.460524 0.049805 0.049088
0 0.267257 0.485462 0.049805 0.049088
0 0.265994 0.499519 0.049805 0.049088
0 0.257154 0.474580 0.049805 0.049088
0 0.246735 0.480021 0.049805 0.049088
0 0.257470 0.516295 0.049805 0.049088
0 0.269151 0.531258 0.049805 0.049088
0 0.295987 0.502692 0.049805 0.049088
0 0.278623 0.502239 0.049805 0.049088
0 0.277675 0.490903 0.049805 0.049088
0 0.274518 0.474580 0.049805 0.049088
0 0.306090 0.482288 0.049805 0.049088
0 0.176016 0.434226 0.049805 0.049088
0 0.176647 0.418356 0.049805 0.049088
0 0.167491 0.407020 0.049805 0.049088
0 0.165281 0.419263 0.049805 0.049088
0 0.160861 0.410648 0.049805 0.049088
0 0.172227 0.397952 0.049805 0.049088
0 0.172858 0.386616 0.049805 0.049088
0 0.190538 0.389790 0.049805 0.049088
0 0.444643 0.507227 0.049805 0.049088
0 0.467374 0.472767 0.049805 0.049088
0 0.701634 0.527177 0.049805 0.049088
0 0.712999 0.528084 0.049805 0.049088
0 0.735099 0.509040 0.049805 0.049088
0 0.719945 0.501786 0.049805 0.049088
0 0.706685 0.473673 0.049805 0.049088
0 0.685217 0.445561 0.049805 0.049088
0 0.654908 0.449189 0.049805 0.049088
0 0.629020 0.446468 0.049805 0.049088
0 0.646068 0.463698 0.049805 0.049088
0 0.575980 0.454630 0.049805 0.049088
0 0.534305 0.470046 0.049805 0.049088
0 0.481266 0.471860 0.049805 0.049088
0 0.488211 0.440120 0.049805 0.049088
0 0.510311 0.425610 0.049805 0.049088
0 0.522940 0.438306 0.049805 0.049088
0 0.529885 0.421076 0.049805 0.049088
0 0.536200 0.439213 0.049805 0.049088
0 0.544408 0.410194 0.049805 0.049088
0 0.758462 0.540780 0.049805 0.049088
0 0.772985 0.521736 0.049805 0.049088
0 0.774879 0.482742 0.049805 0.049088
0 0.793822 0.479114 0.049805 0.049088
0 0.743308 0.474580 0.049805 0.049088
0 0.743308 0.457350 0.049805 0.049088
0 0.731942 0.451909 0.049805 0.049088
0 0.720577 0.444654 0.049805 0.049088
0 0.710474 0.451002 0.049805 0.049088
0 0.742677 0.429238 0.049805 0.049088
0 0.730679 0.423797 0.049805 0.049088
0 0.766671 0.473673 0.049805 0.049088
0 0.766671 0.439213 0.049805 0.049088
0 0.780562 0.429238 0.049805 0.049088
0 0.798874 0.434679 0.049805 0.049088
0 0.805188 0.419263 0.049805 0.049088
0 0.801399 0.396591 0.049805 0.049088
0 0.767934 0.388430 0.049805 0.049088
0 0.718682 0.377548 0.049805 0.049088
0 0.747728 0.377548 0.049805 0.049088
0 0.751517 0.410194 0.049805 0.049088
0 0.755621 0.400219 0.049805 0.049088
0 0.777721 0.397498 0.049805 0.049088
0 0.790349 0.392511 0.049805 0.049088
0 0.813396 0.372107 0.049805 0.049088
0 0.815606 0.393871 0.049805 0.049088
0 0.829182 0.392057 0.049805 0.049088
0 0.822868 0.379361 0.049805 0.049088
0 0.814344 0.416542 0.049805 0.049088
0 0.777721 0.459164 0.049805 0.049088
0 0.790349 0.459164 0.049805 0.049088
0 0.802346 0.465512 0.049805 0.049088
0 0.801399 0.453723 0.049805 0.049088
0 0.852861 0.455990 0.049805 0.049088
0 0.836759 0.447375 0.049805 0.049088
0 0.810871 0.430598 0.049805 0.049088
0 0.765724 0.422890 0.049805 0.049088
0 0.744571 0.386163 0.049805 0.049088
0 0.714262 0.413821 0.049805 0.049088
0 0.704159 0.431505 0.049805 0.049088
0 0.668123 0.474580 0.049805 0.049088
0 0.678226 0.477301 0.049805 0.049088
0 0.365083 0.530805 0.049805 0.049088
0 0.367609 0.513575 0.049805 0.049088
0 0.396654 0.501786 0.049805 0.049088
0 0.397917 0.482742 0.049805 0.049088
0 0.416860 0.514482 0.049805 0.049088
0 0.347403 0.509947 0.049805 0.049088
0 0.330986 0.507227 0.049805 0.049088
0 0.341720 0.486369 0.049805 0.049088
0 0.330986 0.448282 0.049805 0.049088
0 0.343614 0.448282 0.049805 0.049088
0 0.348666 0.448282 0.049805 0.049088
0 0.354980 0.460978 0.049805 0.049088
0 0.368871 0.468232 0.049805 0.049088
0 0.368240 0.453723 0.049805 0.049088
0 0.373923 0.439213 0.049805 0.049088
0 0.384026 0.429238 0.049805 0.049088
0 0.397286 0.435586 0.049805 0.049088
0 0.440223 0.429238 0.049805 0.049088
0 0.459166 0.435586 0.049805 0.049088
0 0.458534 0.394778 0.049805 0.049088
0 0.449694 0.404753 0.049805 0.049088
0 0.456640 0.421983 0.049805 0.049088
0 0.433277 0.415635 0.049805 0.049088
0 0.415597 0.405660 0.049805 0.049088
0 0.415597 0.451909 0.049805 0.049088
0 0.406126 0.425610 0.049805 0.049088
0 0.420648 0.421983 0.049805 0.049088
0 0.268474 0.434679 0.049805 0.049088
0 0.264686 0.421530 0.049805 0.049088
0 0.267527 0.410194 0.049805 0.049088
0 0.279524 0.412008 0.049805 0.049088
0 0.290259 0.421530 0.049805 0.049088
0 0.301940 0.419263 0.049805 0.049088
0 0.315831 0.438306 0.049805 0.049088
0 0.321830 0.425157 0.049805 0.049088
0 0.332880 0.420169 0.049805 0.049088
0 0.339194 0.412461 0.049805 0.049088
0 0.346140 0.410648 0.049805 0.049088
0 0.357506 0.407020 0.049805 0.049088
0 0.358769 0.398405 0.049805 0.049088
0 0.361926 0.407020 0.049805 0.049088
0 0.354980 0.422890 0.049805 0.049088
0 0.347403 0.431052 0.049805 0.049088
0 0.336037 0.446015 0.049805 0.049088
0 0.925091 0.457350 0.049805 0.049088
0 0.947823 0.457804 0.049805 0.049088
0 0.963292 0.431052 0.049805 0.049088
0 0.972448 0.444654 0.049805 0.049088
0 0.978762 0.436493 0.049805 0.049088
0 0.980972 0.422890 0.049805 0.049088
0 0.996758 0.421076 0.049805 0.049088
0 0.990444 0.408834 0.049805 0.049088
0 0.992970 0.400672 0.049805 0.049088
0 0.997705 0.410194 0.049805 0.049088
0 0.998337 0.390243 0.049805 0.049088
0 0.993917 0.382082 0.049805 0.049088
0 0.975921 0.420169 0.049805 0.049088
0 0.974997 0.406567 0.049805 0.049088
0 0.966788 0.393871 0.049805 0.049088
0 0.981311 0.363038 0.049805 0.049088
0 0.989519 0.361224 0.049805 0.049088
0 0.955422 0.415635 0.049805 0.049088
0 0.955422 0.407474 0.049805 0.049088
0 0.951002 0.400219 0.049805 0.049088
0 0.930165 0.400219 0.049805 0.049088
0 0.933322 0.387523 0.049805 0.049088
0 0.923220 0.416542 0.049805 0.049088
0 0.916905 0.402939 0.049805 0.049088
0 0.914380 0.392964 0.049805 0.049088
0 0.897962 0.397498 0.049805 0.049088
0 0.906171 0.390243 0.049805 0.049088
0 0.938374 0.440120 0.049805 0.049088
0 0.929534 0.435586 0.049805 0.049088
0 0.928902 0.425610 0.049805 0.049088
0 0.933322 0.409287 0.049805 0.049088
0 0.941531 0.418356 0.049805 0.049088
0 0.947845 0.423797 0.049805 0.049088
0 0.990760 0.443747 0.049805 0.049088
0 0.992022 0.433772 0.049805 0.049088
0 0.963924 0.377548 0.049805 0.049088
0 0.940877 0.398858 0.049805 0.049088
0 0.954137 0.421983 0.049805 0.049088
0 0.944350 0.436946 0.049805 0.049088
0 0.132763 0.375280 0.049805 0.049088
0 0.139708 0.368933 0.049805 0.049088
0 0.142550 0.370293 0.049805 0.049088
0 0.194011 0.375280 0.049805 0.049088
0 0.194327 0.365759 0.049805 0.049088
0 0.202851 0.362585 0.049805 0.049088
0 0.215796 0.360771 0.049805 0.049088
0 0.185803 0.358504 0.049805 0.049088
0 0.184224 0.366212 0.049805 0.049088
0 0.178541 0.373920 0.049805 0.049088
0 0.158336 0.364852 0.049805 0.049088
0 0.158651 0.372107 0.049805 0.049088
0 0.152653 0.378454 0.049805 0.049088
0 0.243578 0.386616 0.049805 0.049088
0 0.240737 0.378454 0.049805 0.049088
0 0.257785 0.382989 0.049805 0.049088
0 0.394174 0.402939 0.049805 0.049088
0 0.377757 0.404753 0.049805 0.049088
0 0.383440 0.387523 0.049805 0.049088
0 0.408065 0.387523 0.049805 0.049088
0 0.413748 0.385709 0.049805 0.049088
0 0.478154 0.427424 0.049805 0.049088
0 0.484468 0.412915 0.049805 0.049088
0 0.486362 0.397498 0.049805 0.049088
0 0.490782 0.397498 0.049805 0.049088
0 0.484468 0.392057 0.049805 0.049088
0 0.486994 0.392057 0.049805 0.049088
0 0.481311 0.387523 0.049805 0.049088
0 0.483837 0.381175 0.049805 0.049088
0 0.486994 0.371200 0.049805 0.049088
0 0.491414 0.353063 0.049805 0.049088
0 0.488257 0.343994 0.049805 0.049088
0 0.480048 0.356690 0.049805 0.049088
0 0.492045 0.321323 0.049805 0.049088
0 0.493308 0.314068 0.049805 0.049088
0 0.495834 0.301372 0.049805 0.049088
0 0.495834 0.291397 0.049805 0.049088
0 0.489519 0.295931 0.049805 0.049088
0 0.491414 0.308627 0.049805 0.049088
0 0.482574 0.318603 0.049805 0.049088
0 0.459211 0.313161 0.049805 0.049088
0 0.450371 0.310441 0.049805 0.049088
0 0.446582 0.323137 0.049805 0.049088
0 0.445951 0.313161 0.049805 0.049088
0 0.434585 0.313161 0.049805 0.049088
0 0.420694 0.314975 0.049805 0.049088
0 0.416274 0.301372 0.049805 0.049088
0 0.416905 0.314068 0.049805 0.049088
0 0.406171 0.316789 0.049805 0.049088
0 0.408065 0.323137 0.049805 0.049088
0 0.402382 0.321323 0.049805 0.049088
0 0.400488 0.308627 0.049805 0.049088
0 0.404908 0.308627 0.049805 0.049088
0 0.396068 0.311348 0.049805 0.049088
0 0.392280 0.319509 0.049805 0.049088
0 0.427640 0.361224 0.049805 0.049088
0 0.431428 0.349435 0.049805 0.049088
0 0.417537 0.361224 0.049805 0.049088
0 0.411222 0.359411 0.049805 0.049088
0 0.405540 0.359411 0.049805 0.049088
0 0.401120 0.352156 0.049805 0.049088
0 0.397331 0.358504 0.049805 0.049088
0 0.409328 0.364852 0.049805 0.049088
0 0.414380 0.368479 0.049805 0.049088
0 0.400488 0.374827 0.049805 0.049088
0 0.399857 0.390243 0.049805 0.049088
0 0.430797 0.408380 0.049805 0.049088
0 0.428271 0.402032 0.049805 0.049088
0 0.435848 0.387523 0.049805 0.049088
0 0.434585 0.382082 0.049805 0.049088
0 0.428902 0.383896 0.049805 0.049088
0 0.426377 0.389337 0.049805 0.049088
0 0.384071 0.371200 0.049805 0.049088
0 0.390385 0.365759 0.049805 0.049088
0 0.391017 0.355783 0.049805 0.049088
0 0.379020 0.314068 0.049805 0.049088
0 0.373337 0.313161 0.049805 0.049088
0 0.355657 0.363038 0.049805 0.049088
0 0.354394 0.343087 0.049805 0.049088
0 0.346817 0.343087 0.049805 0.049088
0 0.341134 0.348528 0.049805 0.049088
0 0.326611 0.346715 0.049805 0.049088
0 0.339240 0.327671 0.049805 0.049088
0 0.346185 0.327671 0.049805 0.049088
0 0.352500 0.331298 0.049805 0.049088
0 0.356920 0.331298 0.049805 0.049088
0 0.300723 0.314975 0.049805 0.049088
0 0.286831 0.311348 0.049805 0.049088
0 0.295671 0.306814 0.049805 0.049088
0 0.285568 0.323137 0.049805 0.049088
0 0.288725 0.342181 0.049805 0.049088
0 0.295671 0.334019 0.049805 0.049088
0 0.296303 0.342181 0.049805 0.049088
0 0.301985 0.345808 0.049805 0.049088
0 0.307668 0.345808 0.049805 0.049088
0 0.295040 0.356690 0.049805 0.049088
0 0.301985 0.356690 0.049805 0.049088
0 0.311457 0.358504 0.049805 0.049088
0 0.315245 0.352156 0.049805 0.049088
0 0.322191 0.355783 0.049805 0.049088
0 0.331031 0.361224 0.049805 0.049088
0 0.319034 0.363038 0.049805 0.049088
0 0.320297 0.374827 0.049805 0.049088
0 0.315877 0.381175 0.049805 0.049088
0 0.327243 0.383896 0.049805 0.049088
0 0.334188 0.373920 0.049805 0.049088
0 0.337977 0.378454 0.049805 0.049088
0 0.343028 0.368479 0.049805 0.049088
0 0.343028 0.361224 0.049805 0.049088
0 0.640385 0.421983 0.049805 0.049088
0 0.661854 0.407474 0.049805 0.049088
0 0.671957 0.407474 0.049805 0.049088
0 0.645437 0.407474 0.049805 0.049088
0 0.634071 0.391150 0.049805 0.049088
0 0.623968 0.391150 0.049805 0.049088
0 0.626494 0.400219 0.049805 0.049088
0 0.623968 0.416542 0.049805 0.049088
0 0.602500 0.394778 0.049805 0.049088
0 0.592397 0.389337 0.049805 0.049088
0 0.583557 0.402032 0.049805 0.049088
0 0.573454 0.402032 0.049805 0.049088
0 0.563351 0.414728 0.049805 0.049088
0 0.557037 0.402032 0.049805 0.049088
0 0.567140 0.391150 0.049805 0.049088
0 0.535568 0.382082 0.049805 0.049088
0 0.531780 0.391150 0.049805 0.049088
0 0.503997 0.407474 0.049805 0.049088
0 0.511574 0.402032 0.049805 0.049088
0 0.521677 0.402032 0.049805 0.049088
0 0.517888 0.414728 0.049805 0.049088
0 0.270369 0.342181 0.049805 0.049088
0 0.381500 0.338553 0.049805 0.049088
0 0.413071 0.340367 0.049805 0.049088
0 0.397917 0.336739 0.049805 0.049088
0 0.231220 0.363945 0.049805 0.049088
0 0.320883 0.402032 0.049805 0.049088
0 0.306991 0.402032 0.049805 0.049088
0 0.240737 0.343994 0.049805 0.049088
0 0.627757 0.579774 0.049805 0.049088
0 0.717991 0.603274 0.049805 0.049088
0 0.733975 0.591796 0.049805 0.049088
0 0.746962 0.593231 0.049805 0.049088
0 0.245463 0.355062 0.049805 0.049088
0 0.246462 0.367975 0.049805 0.049088
0 0.252456 0.363671 0.049805 0.049088
0 0.256452 0.346454 0.049805 0.049088
0 0.262446 0.327802 0.049805 0.049088
0 0.273435 0.373714 0.049805 0.049088
0 0.269439 0.363671 0.049805 0.049088
0 0.283425 0.389496 0.049805 0.049088
0 0.317391 0.324932 0.049805 0.049088
0 0.018690 0.403844 0.049805 0.049088
0 0.004704 0.372279 0.049805 0.049088
0 0.687022 0.419626 0.049805 0.049088
0 0.551157 0.388061 0.049805 0.049088
0 0.901807 0.474146 0.049805 0.049088
0 0.884824 0.484190 0.049805 0.049088
0 0.946762 0.528667 0.049805 0.049088
0 0.698011 0.587492 0.049805 0.049088
0 0.507201 0.329237 0.049805 0.049088
0 0.511197 0.334976 0.049805 0.049088