0 0.143694 0.903311 0.049805 0.049780
0 0.162122 0.687156 0.049805 0.049780
0 0.347488 0.701783 0.049805 0.049780
0 0.535022 0.969945 0.049805 0.049780
0 0.589222 0.826925 0.049805 0.049780
0 0.969710 0.818799 0.049805 0.049780
0 0.863477 0.978071 0.049805 0.049780
0 0.811444 0.581517 0.049805 0.049780
0 0.905753 0.518133 0.049805 0.049780
0 0.998978 0.630274 0.049805 0.049780
0 0.843965 0.493755 0.049805 0.049780
0 0.744236 0.467751 0.049805 0.049780
0 0.697623 0.488879 0.049805 0.049780
0 0.596810 0.568515 0.049805 0.049780
0 0.559954 0.493755 0.049805 0.049780
0 0.449385 0.599394 0.049805 0.049780
0 0.242339 0.635149 0.049805 0.049780
0 0.010360 0.669279 0.049805 0.049780
0 0.084073 0.570140 0.049805 0.049780
0 0.014696 0.511632 0.049805 0.049780
0 0.071065 0.503506 0.049805 0.049780
0 0.110089 0.550638 0.049805 0.049780
0 0.120930 0.475877 0.049805 0.049780
0 0.205482 0.526259 0.049805 0.049780
0 0.204398 0.479128 0.049805 0.049780
0 0.293287 0.526259 0.049805 0.049780
0 0.367000 0.482378 0.049805 0.049780
0 0.410360 0.511632 0.049805 0.049780
0 0.436783 0.477503 0.049805 0.049780
0 0.445997 0.417369 0.049805 0.049780
0 0.452501 0.384865 0.049805 0.049780
0 0.434073 0.420620 0.049805 0.049780
0 0.430279 0.391366 0.049805 0.049780
0 0.420523 0.388115 0.049805 0.049780
0 0.444913 0.369425 0.049805 0.049780
0 0.102908 0.375114 0.049805 0.049780
0 0.061715 0.375114 0.049805 0.049780
0 0.001553 0.375114 0.049805 0.049780
0 0.143558 0.358861 0.049805 0.049780
0 0.125130 0.382427 0.049805 0.049780
0 0.139764 0.406805 0.049805 0.049780
0 0.150604 0.422245 0.049805 0.049780
0 0.169033 0.436059 0.049805 0.049780
0 0.217813 0.392178 0.049805 0.049780
0 0.183125 0.366175 0.049805 0.049780
0 0.173911 0.379177 0.049805 0.049780
0 0.204263 0.371863 0.049805 0.049780
0 0.237867 0.370238 0.049805 0.049780
0 0.221607 0.347485 0.049805 0.049780
0 0.245455 0.351548 0.049805 0.049780
0 0.254127 0.349923 0.049805 0.049780
0 0.259005 0.338546 0.049805 0.049780
0 0.254127 0.338546 0.049805 0.049780
0 0.257379 0.360487 0.049805 0.049780
0 0.270388 0.360487 0.049805 0.049780
0 0.280144 0.357236 0.049805 0.049780
0 0.276892 0.348297 0.049805 0.049780
0 0.277434 0.344234 0.049805 0.049780
0 0.287732 0.340171 0.049805 0.049780
0 0.261715 0.380802 0.049805 0.049780
0 0.281228 0.391366 0.049805 0.049780
0 0.275808 0.369425 0.049805 0.049780
0 0.292068 0.369425 0.049805 0.049780
0 0.299656 0.393804 0.049805 0.049780
0 0.282312 0.426308 0.049805 0.049780
0 0.254127 0.415744 0.049805 0.049780
0 0.338680 0.426308 0.049805 0.049780
0 0.378247 0.386490 0.049805 0.049780
0 0.344642 0.397054 0.049805 0.049780
0 0.319168 0.393804 0.049805 0.049780
0 0.328382 0.358861 0.049805 0.049780
0 0.319710 0.362112 0.049805 0.049780
0 0.300740 0.345860 0.049805 0.049780
0 0.310496 0.354798 0.049805 0.049780
0 0.313206 0.345860 0.049805 0.049780
0 0.325672 0.339359 0.049805 0.049780
0 0.347894 0.371863 0.049805 0.049780
0 0.356566 0.371863 0.049805 0.049780
0 0.361986 0.376739 0.049805 0.049780
0 0.361986 0.391366 0.049805 0.049780
0 0.364154 0.402742 0.049805 0.049780
0 0.394507 0.411681 0.049805 0.049780
0 0.406431 0.400305 0.049805 0.049780
0 0.402637 0.384052 0.049805 0.049780
0 0.411309 0.370238 0.049805 0.049780
0 0.404805 0.367800 0.049805 0.049780
0 0.418355 0.360487 0.049805 0.049780
0 0.424317 0.358861 0.049805 0.049780
0 0.416729 0.342609 0.049805 0.049780
0 0.434615 0.349923 0.049805 0.049780
0 0.463341 0.367800 0.049805 0.049780
0 0.480686 0.364550 0.049805 0.049780
0 0.491526 0.357236 0.049805 0.049780
0 0.471472 0.351548 0.049805 0.049780
0 0.479060 0.353173 0.049805 0.049780
0 0.456295 0.348297 0.049805 0.049780
0 0.453043 0.355611 0.049805 0.049780
0 0.444371 0.358861 0.049805 0.049780
0 0.349249 0.357236 0.049805 0.049780
0 0.360089 0.355205 0.049805 0.049780
0 0.370659 0.346266 0.049805 0.049780
0 0.376892 0.349110 0.049805 0.049780
0 0.384480 0.345453 0.049805 0.049780
0 0.381770 0.333670 0.049805 0.049780
0 0.389629 0.335702 0.049805 0.049780
0 0.404534 0.336108 0.049805 0.049780
0 0.335428 0.339765 0.049805 0.049780
0 0.342203 0.339765 0.049805 0.049780
0 0.345455 0.332451 0.049805 0.049780
0 0.343829 0.344641 0.049805 0.049780
0 0.353856 0.329201 0.049805 0.049780
0 0.362528 0.336108 0.049805 0.049780
0 0.368491 0.330826 0.049805 0.049780
0 0.286919 0.314574 0.049805 0.049780
0 0.285564 0.311730 0.049805 0.049780
0 0.275808 0.327982 0.049805 0.049780
0 0.324859 0.314574 0.049805 0.049780
0 0.331092 0.329201 0.049805 0.049780
0 0.334615 0.320669 0.049805 0.049780
0 0.415645 0.325138 0.049805 0.049780
0 0.423504 0.326357 0.049805 0.049780
0 0.431363 0.330826 0.049805 0.049780
0 0.443287 0.332858 0.049805 0.049780
0 0.450333 0.332451 0.049805 0.049780
0 0.447081 0.345453 0.049805 0.049780
0 0.424588 0.340984 0.049805 0.049780
0 0.430550 0.339359 0.049805 0.049780
0 0.405889 0.351142 0.049805 0.049780
0 0.394236 0.350329 0.049805 0.049780
0 0.274182 0.310917 0.049805 0.049780
0 0.276892 0.309292 0.049805 0.049780
0 0.281228 0.314168 0.049805 0.049780
0 0.316458 0.322294 0.049805 0.049780
0 0.315374 0.314168 0.049805 0.049780
0 0.313206 0.316606 0.049805 0.049780
0 0.317542 0.316606 0.049805 0.049780
0 0.331634 0.312543 0.049805 0.049780
0 0.701959 0.427121 0.049805 0.049780
0 0.732312 0.412494 0.049805 0.049780
0 0.667271 0.435247 0.049805 0.049780
0 0.695455 0.388115 0.049805 0.049780
0 0.733396 0.373488 0.049805 0.049780
0 0.628247 0.482378 0.049805 0.049780
0 0.587054 0.448249 0.049805 0.049780
0 0.522014 0.449874 0.049805 0.049780
0 0.505753 0.409243 0.049805 0.049780
0 0.495455 0.392991 0.049805 0.049780
0 0.487325 0.385678 0.049805 0.049780
0 0.510089 0.374301 0.049805 0.049780
0 0.514425 0.352360 0.049805 0.049780
0 0.547488 0.384865 0.049805 0.049780
0 0.538816 0.371051 0.049805 0.049780
0 0.527434 0.388928 0.049805 0.049780
0 0.555618 0.418182 0.049805 0.049780
0 0.548572 0.438497 0.049805 0.049780
0 0.597352 0.410868 0.049805 0.049780
0 0.584886 0.412494 0.049805 0.049780
0 0.572420 0.401930 0.049805 0.049780
0 0.562122 0.387303 0.049805 0.049780
0 0.556160 0.364550 0.049805 0.049780
0 0.542610 0.356424 0.049805 0.049780
0 0.568084 0.370238 0.049805 0.049780
0 0.578382 0.359674 0.049805 0.049780
0 0.597352 0.377551 0.049805 0.049780
0 0.589764 0.371863 0.049805 0.049780
0 0.614696 0.383240 0.049805 0.049780
0 0.642339 0.409243 0.049805 0.049780
0 0.658057 0.377551 0.049805 0.049780
0 0.650469 0.374301 0.049805 0.049780
0 0.654805 0.349923 0.049805 0.049780
0 0.635293 0.356424 0.049805 0.049780
0 0.638003 0.370238 0.049805 0.049780
0 0.617407 0.359674 0.049805 0.049780
0 0.607650 0.349110 0.049805 0.049780
0 0.562122 0.352360 0.049805 0.049780
0 0.569710 0.348297 0.049805 0.049780
0 0.692745 0.359674 0.049805 0.049780
0 0.680821 0.352360 0.049805 0.049780
0 0.726350 0.359674 0.049805 0.049780
0 0.740442 0.349110 0.049805 0.049780
0 0.502230 0.349110 0.049805 0.049780
0 0.489222 0.332451 0.049805 0.049780
0 0.499520 0.336515 0.049805 0.049780
0 0.481363 0.332858 0.049805 0.049780
0 0.477569 0.338140 0.049805 0.049780
0 0.481363 0.325951 0.049805 0.049780
0 0.505753 0.336515 0.049805 0.049780
0 0.527434 0.338952 0.049805 0.049780
0 0.532583 0.342609 0.049805 0.049780
0 0.538816 0.341797 0.049805 0.049780
0 0.543423 0.344234 0.049805 0.049780
0 0.550740 0.336921 0.049805 0.049780
0 0.560496 0.335296 0.049805 0.049780
0 0.555076 0.339765 0.049805 0.049780
0 0.573775 0.336515 0.049805 0.049780
0 0.569710 0.325951 0.049805 0.049780
0 0.582447 0.334483 0.049805 0.049780
0 0.590577 0.336921 0.049805 0.049780
0 0.598978 0.336921 0.049805 0.049780
0 0.607921 0.336921 0.049805 0.049780
0 0.595997 0.332451 0.049805 0.049780
0 0.591390 0.327982 0.049805 0.049780
0 0.586241 0.325544 0.049805 0.049780
0 0.580821 0.330826 0.049805 0.049780
0 0.465103 0.327982 0.049805 0.049780
0 0.470523 0.327982 0.049805 0.049780
0 0.458870 0.330826 0.049805 0.049780
0 0.536648 0.319043 0.049805 0.049780
0 0.547488 0.319043 0.049805 0.049780
0 0.543694 0.322294 0.049805 0.049780
0 0.551824 0.327982 0.049805 0.049780
0 0.555618 0.326357 0.049805 0.049780
0 0.562664 0.326357 0.049805 0.049780
0 0.535564 0.326357 0.049805 0.049780
0 0.536106 0.332858 0.049805 0.049780
0 0.542881 0.332858 0.049805 0.049780
0 0.565645 0.328388 0.049805 0.049780
0 0.577569 0.330014 0.049805 0.049780
0 0.526621 0.327170 0.049805 0.049780
0 0.527163 0.322700 0.049805 0.049780
0 0.470252 0.319043 0.049805 0.049780
0 0.466187 0.321888 0.049805 0.049780
0 0.473233 0.319856 0.049805 0.049780
0 0.474317 0.314574 0.049805 0.049780
0 0.475401 0.317012 0.049805 0.049780
0 0.478111 0.315387 0.049805 0.049780
0 0.480279 0.315387 0.049805 0.049780
0 0.482718 0.314574 0.049805 0.049780
0 0.484615 0.315387 0.049805 0.049780
0 0.482718 0.319856 0.049805 0.049780
0 0.486241 0.320262 0.049805 0.049780
0 0.488138 0.316199 0.049805 0.049780
0 0.478382 0.319856 0.049805 0.049780
0 0.502230 0.323513 0.049805 0.049780
0 0.493829 0.317012 0.049805 0.049780
0 0.507108 0.317418 0.049805 0.049780
0 0.515780 0.321888 0.049805 0.049780
0 0.513070 0.319856 0.049805 0.049780
0 0.508192 0.325544 0.049805 0.049780
0 0.511986 0.327576 0.049805 0.049780
0 0.515780 0.332858 0.049805 0.049780
0 0.499791 0.319043 0.049805 0.049780
0 0.495997 0.324732 0.049805 0.049780
0 0.373233 0.319856 0.049805 0.049780
0 0.376485 0.321481 0.049805 0.049780
0 0.369981 0.319043 0.049805 0.049780
0 0.365645 0.317824 0.049805 0.049780
0 0.378382 0.326357 0.049805 0.049780
0 0.374588 0.332451 0.049805 0.049780
0 0.382718 0.322294 0.049805 0.049780
0 0.379737 0.319450 0.049805 0.049780
0 0.380008 0.316199 0.049805 0.049780
0 0.381905 0.315793 0.049805 0.049780
0 0.377027 0.317012 0.049805 0.049780
0 0.372962 0.316199 0.049805 0.049780
0 0.389222 0.327170 0.049805 0.049780
0 0.388138 0.324325 0.049805 0.049780
0 0.389764 0.322294 0.049805 0.049780
0 0.400333 0.326763 0.049805 0.049780
0 0.405482 0.323513 0.049805 0.049780
0 0.392474 0.325138 0.049805 0.049780
0 0.393558 0.320669 0.049805 0.049780
0 0.396539 0.325951 0.049805 0.049780
0 0.438003 0.328795 0.049805 0.049780
0 0.438274 0.321481 0.049805 0.049780
0 0.434480 0.322294 0.049805 0.049780
0 0.428789 0.321481 0.049805 0.049780
0 0.454263 0.323106 0.049805 0.049780
0 0.448030 0.322294 0.049805 0.049780
0 0.458870 0.324325 0.049805 0.049780
0 0.393940 0.317528 0.049805 0.049780
0 0.466367 0.313409 0.049805 0.049780
0 0.463870 0.316779 0.049805 0.049780
0 0.457127 0.311537 0.049805 0.049780
0 0.448385 0.315281 0.049805 0.049780
0 0.441143 0.313783 0.049805 0.049780
0 0.442891 0.309290 0.049805 0.049780
0 0.433900 0.311537 0.049805 0.049780
0 0.425908 0.317902 0.049805 0.049780
0 0.407176 0.316404 0.049805 0.049780