0 0.017303 0.910003 0.049805 0.049927
0 0.054073 0.827067 0.049805 0.049927
0 0.017303 0.840289 0.049805 0.049927
0 0.012507 0.801826 0.049805 0.049927
0 0.030892 0.750141 0.049805 0.049927
0 0.027695 0.715283 0.049805 0.049927
0 0.012507 0.690042 0.049805 0.049927
0 0.044481 0.615519 0.049805 0.049927
0 0.075656 0.702062 0.049805 0.049927
0 0.090844 0.742929 0.049805 0.049927
0 0.094841 0.801826 0.049805 0.049927
0 0.113226 0.847501 0.049805 0.049927
0 0.157191 0.885964 0.049805 0.049927
0 0.158790 0.839087 0.049805 0.049927
0 0.146000 0.966496 0.049805 0.049927
0 0.180372 0.966496 0.049805 0.049927
0 0.072459 0.985728 0.049805 0.049927
0 0.120420 0.700860 0.049805 0.049927
0 0.132411 0.617923 0.049805 0.049927
0 0.076456 0.595086 0.049805 0.049927
0 0.024497 0.548209 0.049805 0.049927
0 0.023698 0.467676 0.049805 0.049927
0 0.023698 0.423203 0.049805 0.049927
0 0.052475 0.388346 0.049805 0.049927
0 0.078054 0.443637 0.049805 0.049927
0 0.106032 0.484504 0.049805 0.049927
0 0.091643 0.548209 0.049805 0.049927
0 0.143602 0.589076 0.049805 0.049927
0 0.160388 0.556623 0.049805 0.049927
0 0.143602 0.480898 0.049805 0.049927
0 0.148398 0.405174 0.049805 0.049927
0 0.176376 0.455657 0.049805 0.049927
0 0.149197 0.363105 0.049805 0.049927
0 0.058870 0.359499 0.049805 0.049927
0 0.053274 0.322237 0.049805 0.049927
0 0.003714 0.274158 0.049805 0.049927
0 0.054873 0.277764 0.049805 0.049927
0 0.088446 0.324641 0.049805 0.049927
0 0.140404 0.333055 0.049805 0.049927
0 0.107631 0.212858 0.049805 0.049927
0 0.086847 0.252523 0.049805 0.049927
0 0.038886 0.204444 0.049805 0.049927
0 0.031691 0.240503 0.049805 0.049927
0 0.040484 0.152759 0.049805 0.049927
0 0.103634 0.114296 0.049805 0.049927
0 0.137207 0.105882 0.049805 0.049927
0 0.098838 0.067419 0.049805 0.049927
0 0.165185 0.139537 0.049805 0.049927
0 0.201156 0.149153 0.049805 0.049927
0 0.296280 0.196030 0.049805 0.049927
0 0.274697 0.269351 0.049805 0.049927
0 0.241124 0.185212 0.049805 0.049927
0 0.199557 0.339065 0.049805 0.049927
0 0.182770 0.286178 0.049805 0.049927
0 0.219541 0.456859 0.049805 0.049927
0 0.207551 0.417193 0.049805 0.049927
0 0.251515 0.412386 0.049805 0.049927
0 0.299477 0.316228 0.049805 0.049927
0 0.358630 0.342671 0.049805 0.049927
0 0.356232 0.305410 0.049805 0.049927
0 0.269101 0.467676 0.049805 0.049927
0 0.246719 0.480898 0.049805 0.049927
0 0.237926 0.514553 0.049805 0.049927
0 0.221140 0.556623 0.049805 0.049927
0 0.215544 0.595086 0.049805 0.049927
0 0.181172 0.681628 0.049805 0.049927
0 0.209949 0.681628 0.049805 0.049927
0 0.213146 0.752545 0.049805 0.049927
0 0.193962 0.782594 0.049805 0.049927
0 0.243522 0.797018 0.049805 0.049927
0 0.219541 0.888368 0.049805 0.049927
0 0.377015 0.164779 0.049805 0.049927
0 0.389805 0.168385 0.049805 0.049927
0 0.406591 0.109488 0.049805 0.049927
0 0.459349 0.103478 0.049805 0.049927
0 0.528894 0.117902 0.049805 0.049927
0 0.465744 0.204444 0.049805 0.049927
0 0.414585 0.206848 0.049805 0.049927
0 0.346639 0.206848 0.049805 0.049927
0 0.418582 0.282572 0.049805 0.049927
0 0.432970 0.245311 0.049805 0.049927
0 0.456951 0.283774 0.049805 0.049927
0 0.425776 0.311420 0.049805 0.049927
0 0.389805 0.345075 0.049805 0.049927
0 0.394601 0.383538 0.049805 0.049927
0 0.360229 0.476090 0.049805 0.049927
0 0.431372 0.417193 0.049805 0.049927
0 0.449757 0.389548 0.049805 0.049927
0 0.486527 0.376326 0.049805 0.049927
0 0.498518 0.400366 0.049805 0.049927
0 0.516104 0.275360 0.049805 0.049927
0 0.486527 0.260937 0.049805 0.049927
0 0.506511 0.210454 0.049805 0.049927
0 0.528894 0.244109 0.049805 0.049927
0 0.560069 0.169587 0.049805 0.049927
0 0.605632 0.143143 0.049805 0.049927
0 0.622419 0.067419 0.049805 0.049927
0 0.583250 0.221272 0.049805 0.049927
0 0.618422 0.220070 0.049805 0.049927
0 0.596040 0.288582 0.049805 0.049927
0 0.568062 0.311420 0.049805 0.049927
0 0.548878 0.403972 0.049805 0.049927
0 0.579253 0.413588 0.049805 0.049927
0 0.604833 0.366711 0.049805 0.049927
0 0.652794 0.442435 0.049805 0.049927
0 0.622419 0.394356 0.049805 0.049927
0 0.655193 0.393154 0.049805 0.049927
0 0.678374 0.409982 0.049805 0.049927
0 0.723938 0.418395 0.049805 0.049927
0 0.719941 0.442435 0.049805 0.049927
0 0.719141 0.375124 0.049805 0.049927
0 0.684769 0.333055 0.049805 0.049927
0 0.718342 0.341469 0.049805 0.049927
0 0.757511 0.300602 0.049805 0.049927
0 0.642403 0.126315 0.049805 0.049927
0 0.692762 0.110690 0.049805 0.049927
0 0.684769 0.086650 0.049805 0.049927
0 0.714345 0.086650 0.049805 0.049927
0 0.737527 0.072227 0.049805 0.049927
0 0.764705 0.097468 0.049805 0.049927
0 0.719141 0.144345 0.049805 0.049927
0 0.675177 0.187616 0.049805 0.049927
0 0.642403 0.149153 0.049805 0.049927
0 0.667183 0.144345 0.049805 0.049927
0 0.727934 0.206848 0.049805 0.049927
0 0.770300 0.198434 0.049805 0.049927
0 0.807071 0.206848 0.049805 0.049927
0 0.802275 0.176798 0.049805 0.049927
0 0.815065 0.117902 0.049805 0.049927
0 0.820660 0.065015 0.049805 0.049927
0 0.856631 0.109488 0.049805 0.049927
0 0.887007 0.084246 0.049805 0.049927
0 0.873418 0.159971 0.049805 0.049927
0 0.902195 0.232089 0.049805 0.049927
0 0.894201 0.202040 0.049805 0.049927
0 0.965344 0.164779 0.049805 0.049927
0 0.962147 0.202040 0.049805 0.049927
0 0.988526 0.253725 0.049805 0.049927
0 0.875017 0.312622 0.049805 0.049927
0 0.839845 0.274158 0.049805 0.049927
0 0.777495 0.258533 0.049805 0.049927
0 0.806272 0.313824 0.049805 0.049927
0 0.831052 0.343873 0.049805 0.049927
0 0.964545 0.355893 0.049805 0.049927
0 0.978934 0.337863 0.049805 0.049927
0 0.999717 0.329449 0.049805 0.049927
0 0.966943 0.418395 0.049805 0.049927
0 0.934169 0.389548 0.049805 0.049927
0 0.898997 0.456859 0.049805 0.049927
0 0.857431 0.485706 0.049805 0.049927
0 0.903794 0.527775 0.049805 0.049927
0 0.949357 0.497726 0.049805 0.049927
0 0.946959 0.551815 0.049805 0.049927
0 0.915784 0.574652 0.049805 0.049927
0 0.880612 0.569844 0.049805 0.049927
0 0.831052 0.510948 0.049805 0.049927
0 0.842243 0.554219 0.049805 0.049927
0 0.823858 0.611913 0.049805 0.049927
0 0.879013 0.611913 0.049805 0.049927
0 0.918982 0.622731 0.049805 0.049927
0 0.984529 0.573450 0.049805 0.049927
0 0.977335 0.614317 0.049805 0.049927
0 0.983730 0.647973 0.049805 0.049927
0 0.916583 0.653983 0.049805 0.049927
0 0.940564 0.684032 0.049805 0.049927
0 0.968542 0.723697 0.049805 0.049927
0 0.965344 0.763362 0.049805 0.049927
0 0.906991 0.760958 0.049805 0.049927
0 0.912587 0.712879 0.049805 0.049927
0 0.867822 0.721293 0.049805 0.049927
0 0.859029 0.684032 0.049805 0.049927
0 0.873418 0.673214 0.049805 0.049927
0 0.803874 0.670810 0.049805 0.049927
0 0.772699 0.717687 0.049805 0.049927
0 0.827854 0.758554 0.049805 0.049927
0 0.845440 0.748939 0.049805 0.049927
0 0.818262 0.784998 0.049805 0.049927
0 0.879813 0.812643 0.049805 0.049927
0 0.871819 0.851107 0.049805 0.049927
0 0.910189 0.871540 0.049805 0.049927
0 0.906991 0.833077 0.049805 0.049927
0 0.942163 0.799422 0.049805 0.049927
0 0.968542 0.839087 0.049805 0.049927
0 0.992523 0.849905 0.049805 0.049927
0 0.959749 0.875146 0.049805 0.049927
0 0.926176 0.899186 0.049805 0.049927
0 0.889405 0.978516 0.049805 0.049927
0 0.821460 0.944861 0.049805 0.049927
0 0.772699 0.984526 0.049805 0.049927
0 0.763106 0.958082 0.049805 0.049927
0 0.778294 0.910003 0.049805 0.049927
0 0.719141 0.738121 0.049805 0.049927
0 0.727135 0.709273 0.049805 0.049927
0 0.528894 0.494120 0.049805 0.049927
0 0.588846 0.575854 0.049805 0.049927
0 0.538486 0.461667 0.049805 0.049927
0 0.610428 0.497726 0.049805 0.049927
0 0.641603 0.503736 0.049805 0.049927
0 0.669581 0.494120 0.049805 0.049927
0 0.671979 0.551815 0.049805 0.049927
0 0.720740 0.515755 0.049805 0.049927
0 0.768702 0.527775 0.049805 0.049927
0 0.811867 0.479696 0.049805 0.049927
0 0.735928 0.556623 0.049805 0.049927
0 0.728734 0.667204 0.049805 0.049927
0 0.784689 0.628741 0.049805 0.049927
0 0.667982 0.628741 0.049805 0.049927
0 0.648798 0.589076 0.049805 0.049927
0 0.688766 0.681628 0.049805 0.049927
0 0.636008 0.628741 0.049805 0.049927
0 0.602435 0.726101 0.049805 0.049927
0 0.665584 0.780190 0.049805 0.049927
0 0.667183 0.821057 0.049805 0.049927
0 0.723138 0.906397 0.049805 0.049927
0 0.745520 0.873944 0.049805 0.049927
0 0.666384 0.901590 0.049805 0.049927
0 0.650396 0.966496 0.049805 0.049927
0 0.698358 0.956880 0.049805 0.049927
0 0.723138 0.989334 0.049805 0.049927
0 0.630412 0.976112 0.049805 0.049927
0 0.616024 0.984526 0.049805 0.049927
0 0.607231 0.936447 0.049805 0.049927
0 0.553674 0.944861 0.049805 0.049927
0 0.581651 0.849905 0.049805 0.049927
0 0.568062 0.829471 0.049805 0.049927
0 0.585648 0.778988 0.049805 0.049927
0 0.569661 0.700860 0.049805 0.049927
0 0.590444 0.584268 0.049805 0.049927
0 0.496120 0.440031 0.049805 0.049927
0 0.477735 0.485706 0.049805 0.049927
0 0.436967 0.580662 0.049805 0.049927
0 0.404193 0.575854 0.049805 0.049927
0 0.390604 0.625135 0.049805 0.049927
0 0.383410 0.670810 0.049805 0.049927
0 0.361028 0.675618 0.049805 0.049927
0 0.346639 0.643165 0.049805 0.049927
0 0.356232 0.608308 0.049805 0.049927
0 0.337846 0.584268 0.049805 0.049927
0 0.333050 0.531381 0.049805 0.049927
0 0.248318 0.721293 0.049805 0.049927
0 0.275496 0.750141 0.049805 0.049927
0 0.289885 0.732111 0.049805 0.049927
0 0.465744 0.649175 0.049805 0.049927
0 0.485728 0.622731 0.049805 0.049927
0 0.512906 0.692446 0.049805 0.049927
0 0.526496 0.685234 0.049805 0.049927
0 0.533690 0.732111 0.049805 0.049927
0 0.532890 0.774180 0.049805 0.049927
0 0.511308 0.816249 0.049805 0.049927
0 0.488926 0.840289 0.049805 0.049927
0 0.528094 0.882358 0.049805 0.049927
0 0.496919 0.881156 0.049805 0.049927
0 0.514505 0.932841 0.049805 0.049927
0 0.516104 0.970102 0.049805 0.049927
0 0.462547 0.940053 0.049805 0.049927
0 0.424177 0.980920 0.049805 0.049927
0 0.399397 0.946063 0.049805 0.049927
0 0.396200 0.899186 0.049805 0.049927
0 0.423378 0.877550 0.049805 0.049927
0 0.441763 0.849905 0.049805 0.049927
0 0.442563 0.783796 0.049805 0.049927
0 0.464145 0.735717 0.049805 0.049927
0 0.457750 0.692446 0.049805 0.049927
0 0.430572 0.729707 0.049805 0.049927
0 0.359429 0.775382 0.049805 0.049927
0 0.326655 0.797018 0.049805 0.049927
0 0.313066 0.657589 0.049805 0.049927
0 0.297079 0.674416 0.049805 0.049927
0 0.261907 0.595086 0.049805 0.049927
0 0.302675 0.556623 0.049805 0.049927
0 0.341843 0.839087 0.049805 0.049927
0 0.334649 0.877550 0.049805 0.049927
0 0.269901 0.864328 0.049805 0.049927
0 0.263506 0.897984 0.049805 0.049927
0 0.303474 0.948467 0.049805 0.049927
0 0.343442 0.940053 0.049805 0.049927
0 0.347439 0.980920 0.049805 0.049927
0 0.320260 0.992940 0.049805 0.049927
0 0.246719 0.961688 0.049805 0.049927
0 0.229133 0.986930 0.049805 0.049927
0 0.230732 0.479696 0.049805 0.049927
0 0.494521 0.193626 0.049805 0.049927
0 0.156547 0.019286 0.049805 0.049927
0 0.096689 0.029150 0.049805 0.049927
0 0.040931 0.011889 0.049805 0.049927
0 0.288563 0.008190 0.049805 0.049927
0 0.328742 0.019286 0.049805 0.049927
0 0.308243 0.047645 0.049805 0.049927
0 0.426319 0.032849 0.049805 0.049927
0 0.470598 0.048878 0.049805 0.049927
0 0.596054 0.053810 0.049805 0.049927
0 0.688711 0.047645 0.049805 0.049927
0 0.207386 0.122856 0.049805 0.049927
0 0.245925 0.048878 0.049805 0.049927
0 0.217226 0.036548 0.049805 0.049927
0 0.008952 0.009423 0.049805 0.049927