0 0.691980 0.657600 0.049805 0.049180
0 0.623252 0.447833 0.049805 0.049180
0 0.556951 0.462640 0.049805 0.049180
0 0.492267 0.439196 0.049805 0.049180
0 0.451030 0.368862 0.049805 0.049180
0 0.213315 0.868600 0.049805 0.049180
0 0.324896 0.871068 0.049805 0.049180
0 0.501969 0.906852 0.049805 0.049180
0 0.756664 0.952507 0.049805 0.049180
0 0.852074 0.982121 0.049805 0.049180
0 0.886841 0.835284 0.049805 0.049180
0 0.992762 0.816775 0.049805 0.049180
0 0.882799 0.677343 0.049805 0.049180
0 0.852074 0.484851 0.049805 0.049180
0 0.720279 0.546547 0.049805 0.049180
0 0.392814 0.620582 0.049805 0.049180
0 0.455073 0.683512 0.049805 0.049180
0 0.261828 0.661302 0.049805 0.049180
0 0.168845 0.706957 0.049805 0.049180
0 0.089606 0.655132 0.049805 0.049180
0 0.008751 0.662535 0.049805 0.049180
0 0.160759 0.598372 0.049805 0.049180
0 0.307916 0.460173 0.049805 0.049180
0 0.471244 0.530506 0.049805 0.049180
0 0.996805 0.452769 0.049805 0.049180
0 0.915141 0.419453 0.049805 0.049180
0 0.857733 0.399710 0.049805 0.049180
0 0.789006 0.437962 0.049805 0.049180
0 0.743727 0.463874 0.049805 0.049180
0 0.705725 0.424389 0.049805 0.049180
0 0.598996 0.381202 0.049805 0.049180
0 0.358046 0.421921 0.049805 0.049180
0 0.187441 0.486085 0.049805 0.049180
0 0.239997 0.468810 0.049805 0.049180
0 0.086372 0.474980 0.049805 0.049180
0 0.050796 0.425623 0.049805 0.049180
0 0.005516 0.391073 0.049805 0.049180
0 0.160759 0.396009 0.049805 0.049180
0 0.223018 0.381202 0.049805 0.049180
0 0.254551 0.389839 0.049805 0.049180
0 0.312767 0.357757 0.049805 0.049180
0 0.383112 0.383670 0.049805 0.049180
0 0.380686 0.289892 0.049805 0.049180
0 0.493075 0.335547 0.049805 0.049180
0 0.544014 0.362693 0.049805 0.049180
0 0.596570 0.457705 0.049805 0.049180
0 0.679851 0.326909 0.049805 0.049180
0 0.745344 0.378734 0.049805 0.049180
0 0.782538 0.368862 0.049805 0.049180
0 0.968505 0.336781 0.049805 0.049180
0 0.894927 0.320740 0.049805 0.049180
0 0.797092 0.300997 0.049805 0.049180
0 0.751813 0.309634 0.049805 0.049180
0 0.708151 0.292359 0.049805 0.049180
0 0.434051 0.276318 0.049805 0.049180
0 0.476095 0.277552 0.049805 0.049180
0 0.526226 0.270149 0.049805 0.049180
0 0.594144 0.280020 0.049805 0.049180
0 0.618401 0.268915 0.049805 0.049180
0 0.318427 0.300997 0.049805 0.049180
0 0.214932 0.324441 0.049805 0.049180
0 0.179356 0.333079 0.049805 0.049180
0 0.106586 0.363927 0.049805 0.049180
0 0.070201 0.349120 0.049805 0.049180
0 0.063732 0.312102 0.049805 0.049180
0 0.140545 0.282488 0.049805 0.049180
0 0.037859 0.249172 0.049805 0.049180
0 0.075052 0.241769 0.049805 0.049180
0 0.104160 0.312102 0.049805 0.049180
0 0.215741 0.198582 0.049805 0.049180
0 0.267488 0.267681 0.049805 0.049180
0 0.304682 0.263979 0.049805 0.049180
0 0.641849 0.187476 0.049805 0.049180
0 0.684703 0.212155 0.049805 0.049180
0 0.716236 0.240535 0.049805 0.049180
0 0.767984 0.270149 0.049805 0.049180
0 0.819731 0.267681 0.049805 0.049180
0 0.843179 0.281254 0.049805 0.049180
0 0.877947 0.240535 0.049805 0.049180
0 0.919184 0.260278 0.049805 0.049180
0 0.942632 0.261511 0.049805 0.049180
0 0.934546 0.297295 0.049805 0.049180
0 0.983059 0.202283 0.049805 0.049180
0 0.924844 0.222026 0.049805 0.049180
0 0.938589 0.187476 0.049805 0.049180
0 0.898161 0.185008 0.049805 0.049180
0 0.845605 0.188710 0.049805 0.049180
0 0.840754 0.231897 0.049805 0.049180
0 0.783346 0.222026 0.049805 0.049180
0 0.752621 0.224494 0.049805 0.049180
0 0.738067 0.193646 0.049805 0.049180
0 0.707342 0.192412 0.049805 0.049180
0 0.537546 0.183774 0.049805 0.049180
0 0.586868 0.215856 0.049805 0.049180
0 0.461541 0.224494 0.049805 0.049180
0 0.404943 0.213389 0.049805 0.049180
0 0.419497 0.172669 0.049805 0.049180
0 0.399283 0.243003 0.049805 0.049180
0 0.347535 0.257810 0.049805 0.049180
0 0.282042 0.228196 0.049805 0.049180
0 0.307107 0.222026 0.049805 0.049180
0 0.324087 0.208453 0.049805 0.049180
0 0.351578 0.215856 0.049805 0.049180
0 0.277191 0.188710 0.049805 0.049180
0 0.180973 0.199815 0.049805 0.049180
0 0.127608 0.219558 0.049805 0.049180
0 0.062924 0.198582 0.049805 0.049180
0 0.014411 0.241769 0.049805 0.049180
0 0.931312 0.346652 0.049805 0.049180
0 0.906247 0.526804 0.049805 0.049180
0 0.494692 0.500892 0.049805 0.049180
0 0.618401 0.325675 0.049805 0.049180
0 0.643466 0.335547 0.049805 0.049180
0 0.850456 0.323207 0.049805 0.049180
0 0.647509 0.289892 0.049805 0.049180
0 0.021688 0.189944 0.049805 0.049180
0 0.113863 0.204751 0.049805 0.049180
0 0.243232 0.208453 0.049805 0.049180
0 0.362898 0.161564 0.049805 0.049180
0 0.471244 0.164032 0.049805 0.049180
0 0.505203 0.199815 0.049805 0.049180
0 0.551291 0.124546 0.049805 0.049180
0 0.680660 0.146757 0.049805 0.049180
0 0.622444 0.141821 0.049805 0.049180
0 0.805986 0.186242 0.049805 0.049180
0 0.822966 0.159096 0.049805 0.049180
0 0.876330 0.161564 0.049805 0.049180
0 0.984677 0.165266 0.049805 0.049180
0 0.320279 0.151384 0.049805 0.049180
0 0.294405 0.131024 0.049805 0.049180
0 0.266106 0.127940 0.049805 0.049180
0 0.266914 0.171127 0.049805 0.049180
0 0.281064 0.152001 0.049805 0.049180
0 0.454499 0.168659 0.049805 0.049180
0 0.520396 0.156937 0.049805 0.049180
0 0.582251 0.105729 0.049805 0.049180
0 0.662298 0.116217 0.049805 0.049180
0 0.702321 0.152618 0.049805 0.049180
0 0.663106 0.092773 0.049805 0.049180
0 0.554760 0.081668 0.049805 0.049180
0 0.579421 0.058840 0.049805 0.049180
0 0.500183 0.096475 0.049805 0.049180
0 0.504225 0.130407 0.049805 0.049180
0 0.532121 0.121770 0.049805 0.049180
0 0.441158 0.134726 0.049805 0.049180
0 0.432264 0.103878 0.049805 0.049180
0 0.447222 0.073647 0.049805 0.049180
0 0.387389 0.137811 0.049805 0.049180
0 0.374452 0.116217 0.049805 0.049180
0 0.346153 0.112516 0.049805 0.049180
0 0.359898 0.113750 0.049805 0.049180
0 0.382538 0.083518 0.049805 0.049180
0 0.441967 0.161255 0.049805 0.049180
0 0.250743 0.117451 0.049805 0.049180
0 0.565676 0.039097 0.049805 0.049180
0 0.467436 0.094624 0.049805 0.049180
0 0.718492 0.065627 0.049805 0.049180
0 0.663915 0.053904 0.049805 0.049180
0 0.651787 0.042799 0.049805 0.049180
0 0.551122 0.037246 0.049805 0.049180
0 0.508672 0.047735 0.049805 0.049180
0 0.370409 0.074881 0.049805 0.049180
0 0.323109 0.038480 0.049805 0.049180
0 0.240636 0.073030 0.049805 0.049180
0 0.409220 0.026141 0.049805 0.049180
0 0.715662 0.021822 0.049805 0.049180
0 0.260446 0.080434 0.049805 0.049180
0 0.259637 0.040948 0.049805 0.049180
0 0.009794 0.168934 0.049805 0.049180
0 0.084136 0.165375 0.049805 0.049180
0 0.135154 0.167155 0.049805 0.049180
0 0.120869 0.142240 0.049805 0.049180
0 0.168098 0.156922 0.049805 0.049180
0 0.215910 0.147579 0.049805 0.049180
0 0.216493 0.122664 0.049805 0.049180
0 0.239524 0.141350 0.049805 0.049180
0 0.140693 0.078174 0.049805 0.049180
0 0.197251 0.045695 0.049805 0.049180
0 0.154687 0.037242 0.049805 0.049180
0 0.123201 0.023895 0.049805 0.049180
0 0.078596 0.087961 0.049805 0.049180
0 0.017957 0.086182 0.049805 0.049180
0 0.024371 0.047475 0.049805 0.049180
0 0.051192 0.098639 0.049805 0.049180
0 0.060521 0.075949 0.049805 0.049180
0 0.082386 0.047475 0.049805 0.049180
0 0.098129 0.126223 0.049805 0.049180
0 0.018540 0.130228 0.049805 0.049180
0 0.052941 0.168934 0.049805 0.049180
0 0.106292 0.097304 0.049805 0.049180
0 0.143317 0.124889 0.049805 0.049180
0 0.105126 0.171604 0.049805 0.049180
0 0.297831 0.078618 0.049805 0.049180
0 0.476363 0.122664 0.049805 0.049180
0 0.623702 0.090631 0.049805 0.049180
0 0.608137 0.224325 0.049805 0.049180
0 0.583065 0.175386 0.049805 0.049180
0 0.106697 0.027677 0.049805 0.049180
0 0.790062 0.129808 0.049805 0.049180
0 0.755097 0.163348 0.049805 0.049180
0 0.733119 0.149627 0.049805 0.049180
0 0.740112 0.109989 0.049805 0.049180
0 0.758094 0.090169 0.049805 0.049180
0 0.755097 0.131332 0.049805 0.049180
0 0.768084 0.116087 0.049805 0.049180
0 0.718134 0.117611 0.049805 0.049180
0 0.722130 0.093219 0.049805 0.049180
0 0.750102 0.065777 0.049805 0.049180
0 0.687165 0.106940 0.049805 0.049180
0 0.695157 0.076448 0.049805 0.049180
0 0.680172 0.079498 0.049805 0.049180
0 0.673179 0.033761 0.049805 0.049180
0 0.785067 0.047482 0.049805 0.049180
0 0.799053 0.074924 0.049805 0.049180
0 0.788064 0.070350 0.049805 0.049180
0 0.816036 0.082547 0.049805 0.049180
0 0.812040 0.108464 0.049805 0.049180
0 0.838014 0.114562 0.049805 0.049180
0 0.834018 0.073399 0.049805 0.049180
0 0.857994 0.090169 0.049805 0.049180
0 0.880971 0.100841 0.049805 0.049180
0 0.907945 0.065777 0.049805 0.049180
0 0.915937 0.113038 0.049805 0.049180
0 0.945907 0.113038 0.049805 0.049180
0 0.908944 0.145053 0.049805 0.049180
0 0.966886 0.119136 0.049805 0.049180
0 0.993859 0.102366 0.049805 0.049180
0 0.970882 0.142004 0.049805 0.049180
0 0.921931 0.143529 0.049805 0.049180
0 0.936916 0.142004 0.049805 0.049180
0 0.955897 0.142004 0.049805 0.049180
0 0.915937 0.087120 0.049805 0.049180
0 0.880971 0.070350 0.049805 0.049180
0 0.873978 0.035285 0.049805 0.049180
0 0.923929 0.036810 0.049805 0.049180
0 0.911941 0.016991 0.049805 0.049180
0 0.613239 0.076448 0.049805 0.049180
0 0.602250 0.055105 0.049805 0.049180
0 0.598254 0.033761 0.049805 0.049180
0 0.609243 0.027663 0.049805 0.049180
0 0.617235 0.047482 0.049805 0.049180
0 0.626226 0.050531 0.049805 0.049180
0 0.641211 0.041384 0.049805 0.049180
0 0.478374 0.077973 0.049805 0.049180
0 0.476376 0.062727 0.049805 0.049180
0 0.477375 0.050531 0.049805 0.049180
0 0.465387 0.056629 0.049805 0.049180
0 0.430422 0.055105 0.049805 0.049180
0 0.430422 0.032236 0.049805 0.049180
0 0.402450 0.047482 0.049805 0.049180
0 0.373479 0.036810 0.049805 0.049180
0 0.388464 0.029187 0.049805 0.049180
0 0.382470 0.053580 0.049805 0.049180
0 0.334518 0.068826 0.049805 0.049180
0 0.294558 0.102366 0.049805 0.049180
0 0.287565 0.041384 0.049805 0.049180
0 0.272580 0.032236 0.049805 0.049180
0 0.203649 0.015466 0.049805 0.049180
0 0.219633 0.039859 0.049805 0.049180
0 0.219633 0.065777 0.049805 0.049180
0 0.180672 0.050531 0.049805 0.049180
0 0.167685 0.042908 0.049805 0.049180
0 0.173679 0.016991 0.049805 0.049180
0 0.285567 0.021564 0.049805 0.049180
0 0.350502 0.041384 0.049805 0.049180
0 0.349503 0.023089 0.049805 0.049180
0 0.399453 0.071875 0.049805 0.049180
0 0.415437 0.055105 0.049805 0.049180
0 0.413439 0.079498 0.049805 0.049180
0 0.205647 0.109989 0.049805 0.049180
0 0.189663 0.143529 0.049805 0.049180
0 0.191661 0.123710 0.049805 0.049180
0 0.178674 0.120661 0.049805 0.049180
0 0.184668 0.108464 0.049805 0.049180
0 0.166686 0.129808 0.049805 0.049180
0 0.072780 0.148103 0.049805 0.049180
0 0.077775 0.122185 0.049805 0.049180
0 0.839013 0.148103 0.049805 0.049180
0 0.035817 0.343246 0.049805 0.049180
0 0.496356 0.160299 0.049805 0.049180
0 0.820032 0.052056 0.049805 0.049180
0 0.341511 0.192315 0.049805 0.049180
0 0.382470 0.169446 0.049805 0.049180
0 0.316536 0.102366 0.049805 0.049180
0 0.844008 0.033761 0.049805 0.049180
0 0.240612 0.049006 0.049805 0.049180
0 0.229623 0.024614 0.049805 0.049180
0 0.245607 0.027663 0.049805 0.049180
0 0.065787 0.012417 0.049805 0.049180
0 0.058794 0.032236 0.049805 0.049180
0 0.051801 0.047482 0.049805 0.049180
0 0.087765 0.009368 0.049805 0.049180
0 0.262590 0.012417 0.049805 0.049180
0 0.338514 0.016991 0.049805 0.049180
0 0.314538 0.016991 0.049805 0.049180
0 0.321531 0.015466 0.049805 0.049180
0 0.310542 0.041384 0.049805 0.049180
0 0.336516 0.041384 0.049805 0.049180
0 0.365487 0.012417 0.049805 0.049180
0 0.379473 0.013942 0.049805 0.049180
0 0.395457 0.013942 0.049805 0.049180
0 0.891961 0.038335 0.049805 0.049180
0 0.893959 0.018515 0.049805 0.049180
0 0.856995 0.012417 0.049805 0.049180
0 0.822030 0.016991 0.049805 0.049180
0 0.800052 0.016991 0.049805 0.049180
0 0.776076 0.012417 0.049805 0.049180
0 0.754098 0.023089 0.049805 0.049180
0 0.691161 0.042908 0.049805 0.049180
0 0.676176 0.016991 0.049805 0.049180
0 0.656196 0.018515 0.049805 0.049180
0 0.643209 0.012417 0.049805 0.049180
0 0.627225 0.012417 0.049805 0.049180
0 0.569283 0.010893 0.049805 0.049180
0 0.589263 0.006319 0.049805 0.049180
0 0.937915 0.079498 0.049805 0.049180
0 0.943909 0.016991 0.049805 0.049180
0 0.418434 0.009368 0.049805 0.049180
0 0.453399 0.032236 0.049805 0.049180
0 0.477375 0.032236 0.049805 0.049180
0 0.498354 0.023089 0.049805 0.049180