0 0.044427 0.920739 0.050000 0.048000
0 0.071423 0.980207 0.050000 0.048000
0 0.093723 0.861271 0.050000 0.048000
0 0.120718 0.792413 0.050000 0.048000
0 0.030343 0.822147 0.050000 0.048000
0 0.033864 0.764244 0.050000 0.048000
0 0.078465 0.676607 0.050000 0.048000
0 0.121892 0.673477 0.050000 0.048000
0 0.084333 0.599925 0.050000 0.048000
0 0.091376 0.551412 0.050000 0.048000
0 0.141845 0.490379 0.050000 0.048000
0 0.155930 0.527937 0.050000 0.048000
0 0.178230 0.562366 0.050000 0.048000
0 0.204052 0.628094 0.050000 0.048000
0 0.245131 0.668782 0.050000 0.048000
0 0.213441 0.839362 0.050000 0.048000
0 0.269779 0.880050 0.050000 0.048000
0 0.199357 0.973947 0.050000 0.048000
0 0.301469 0.786153 0.050000 0.048000
0 0.363676 0.676607 0.050000 0.048000
0 0.443488 0.703211 0.050000 0.048000
0 0.405930 0.836232 0.050000 0.048000
0 0.581986 0.950473 0.050000 0.048000
0 0.605460 0.845621 0.050000 0.048000
0 0.567901 0.751725 0.050000 0.048000
0 0.612502 0.698516 0.050000 0.048000
0 0.558512 0.617139 0.050000 0.048000
0 0.695836 0.650003 0.050000 0.048000
0 0.762737 0.618704 0.050000 0.048000
0 0.726352 0.811192 0.050000 0.048000
0 0.638324 0.775199 0.050000 0.048000
0 0.866023 0.905089 0.050000 0.048000
0 0.962268 0.950473 0.050000 0.048000
0 0.908277 0.803368 0.050000 0.048000
0 0.956399 0.726685 0.050000 0.048000
0 0.959920 0.621834 0.050000 0.048000
0 0.908277 0.603055 0.050000 0.048000
0 0.862502 0.593665 0.050000 0.048000
0 0.851939 0.646873 0.050000 0.048000
0 0.853113 0.759549 0.050000 0.048000
0 0.762737 0.529502 0.050000 0.048000
0 0.816728 0.529502 0.050000 0.048000
0 0.834333 0.459080 0.050000 0.048000
0 0.911798 0.448125 0.050000 0.048000
0 0.981047 0.451255 0.050000 0.048000
0 0.916493 0.351099 0.050000 0.048000
0 0.862502 0.424651 0.050000 0.048000
0 0.875413 0.387092 0.050000 0.048000
0 0.894192 0.291631 0.050000 0.048000
0 0.869545 0.271286 0.050000 0.048000
0 0.962268 0.258767 0.050000 0.048000
0 0.990437 0.285371 0.050000 0.048000
0 0.932925 0.236858 0.050000 0.048000
0 0.950531 0.207124 0.050000 0.048000
0 0.991610 0.196169 0.050000 0.048000
0 0.958746 0.122617 0.050000 0.048000
0 0.977526 0.122617 0.050000 0.048000
0 0.928230 0.172695 0.050000 0.048000
0 0.896540 0.203994 0.050000 0.048000
0 0.907103 0.105402 0.050000 0.048000
0 0.907103 0.052194 0.050000 0.048000
0 0.876587 0.096013 0.050000 0.048000
0 0.854286 0.077233 0.050000 0.048000
0 0.869545 0.047499 0.050000 0.048000
0 0.836681 0.110097 0.050000 0.048000
0 0.816728 0.089753 0.050000 0.048000
0 0.831986 0.061584 0.050000 0.048000
0 0.797948 0.041239 0.050000 0.048000
0 0.799122 0.072538 0.050000 0.048000
0 0.785038 0.105402 0.050000 0.048000
0 0.765085 0.100707 0.050000 0.048000
0 0.745131 0.056889 0.050000 0.048000
0 0.752174 0.036545 0.050000 0.048000
0 0.765085 0.033415 0.050000 0.048000
0 0.792080 0.033415 0.050000 0.048000
0 0.742784 0.088188 0.050000 0.048000
0 0.731047 0.139831 0.050000 0.048000
0 0.766258 0.142961 0.050000 0.048000
0 0.816728 0.160175 0.050000 0.048000
0 0.797948 0.239987 0.050000 0.048000
0 0.794427 0.299455 0.050000 0.048000
0 0.785038 0.346404 0.050000 0.048000
0 0.787385 0.409002 0.050000 0.048000
0 0.738089 0.476294 0.050000 0.048000
0 0.724005 0.412131 0.050000 0.048000
0 0.691141 0.390222 0.050000 0.048000
0 0.708746 0.357358 0.050000 0.048000
0 0.652408 0.490379 0.050000 0.048000
0 0.650061 0.578016 0.050000 0.048000
0 0.565554 0.516983 0.050000 0.048000
0 0.594897 0.484119 0.050000 0.048000
0 0.604286 0.380833 0.050000 0.048000
0 0.543254 0.413696 0.050000 0.048000
0 0.641845 0.324495 0.050000 0.048000
0 0.626587 0.282241 0.050000 0.048000
0 0.665319 0.255637 0.050000 0.048000
0 0.682925 0.203994 0.050000 0.048000
0 0.716962 0.241552 0.050000 0.048000
0 0.697009 0.150786 0.050000 0.048000
0 0.672362 0.166435 0.050000 0.048000
0 0.657103 0.168000 0.050000 0.048000
0 0.639498 0.142961 0.050000 0.048000
0 0.654756 0.121052 0.050000 0.048000
0 0.658277 0.102272 0.050000 0.048000
0 0.688793 0.100707 0.050000 0.048000
0 0.695836 0.074103 0.050000 0.048000
0 0.679404 0.039674 0.050000 0.048000
0 0.660624 0.067844 0.050000 0.048000
0 0.643019 0.078798 0.050000 0.048000
0 0.628934 0.056889 0.050000 0.048000
0 0.620718 0.030285 0.050000 0.048000
0 0.632455 0.034980 0.050000 0.048000
0 0.648887 0.030285 0.050000 0.048000
0 0.594897 0.033415 0.050000 0.048000
0 0.597244 0.061584 0.050000 0.048000
0 0.584333 0.099142 0.050000 0.048000
0 0.608981 0.100707 0.050000 0.048000
0 0.613676 0.164870 0.050000 0.048000
0 0.570249 0.177390 0.050000 0.048000
0 0.576117 0.219643 0.050000 0.048000
0 0.553817 0.238423 0.050000 0.048000
0 0.531516 0.208689 0.050000 0.048000
0 0.527995 0.285371 0.050000 0.048000
0 0.486915 0.462210 0.050000 0.048000
0 0.469310 0.418391 0.050000 0.048000
0 0.435272 0.624964 0.050000 0.048000
0 0.481047 0.551412 0.050000 0.048000
0 0.417667 0.540457 0.050000 0.048000
0 0.421188 0.493509 0.050000 0.048000
0 0.396540 0.418391 0.050000 0.048000
0 0.448183 0.385527 0.050000 0.048000
0 0.506869 0.332319 0.050000 0.048000
0 0.532690 0.358923 0.050000 0.048000
0 0.447009 0.293196 0.050000 0.048000
0 0.411798 0.291631 0.050000 0.048000
0 0.380108 0.313540 0.050000 0.048000
0 0.300296 0.473164 0.050000 0.048000
0 0.253347 0.570191 0.050000 0.048000
0 0.358981 0.429346 0.050000 0.048000
0 0.324944 0.402742 0.050000 0.048000
0 0.344897 0.304150 0.050000 0.048000
0 0.308512 0.288501 0.050000 0.048000
0 0.339028 0.258767 0.050000 0.048000
0 0.294427 0.236858 0.050000 0.048000
0 0.281516 0.291631 0.050000 0.048000
0 0.259216 0.297890 0.050000 0.048000
0 0.236915 0.305715 0.050000 0.048000
0 0.199357 0.385527 0.050000 0.048000
0 0.221657 0.396482 0.050000 0.048000
0 0.226352 0.526372 0.050000 0.048000
0 0.256869 0.429346 0.050000 0.048000
0 0.306164 0.352664 0.050000 0.048000
0 0.132455 0.396482 0.050000 0.048000
0 0.093723 0.444995 0.050000 0.048000
0 0.044427 0.531067 0.050000 0.048000
0 0.039732 0.487249 0.050000 0.048000
0 0.024474 0.369878 0.050000 0.048000
0 0.058512 0.413696 0.050000 0.048000
0 0.105460 0.329189 0.050000 0.048000
0 0.126587 0.363618 0.050000 0.048000
0 0.171188 0.305715 0.050000 0.048000
0 0.036211 0.258767 0.050000 0.048000
0 0.008042 0.294761 0.050000 0.048000
0 0.049122 0.241552 0.050000 0.048000
0 0.073770 0.214948 0.050000 0.048000
0 0.078465 0.186779 0.050000 0.048000
0 0.026822 0.183649 0.050000 0.048000
0 0.106634 0.229033 0.050000 0.048000
0 0.097244 0.271286 0.050000 0.048000
0 0.150061 0.216513 0.050000 0.048000
0 0.172362 0.247812 0.050000 0.048000
0 0.168840 0.188344 0.050000 0.048000
0 0.182925 0.175825 0.050000 0.048000
0 0.147714 0.164870 0.050000 0.048000
0 0.174709 0.128876 0.050000 0.048000
0 0.209920 0.128876 0.050000 0.048000
0 0.243958 0.146091 0.050000 0.048000
0 0.277995 0.138266 0.050000 0.048000
0 0.287385 0.175825 0.050000 0.048000
0 0.249826 0.177390 0.050000 0.048000
0 0.336681 0.132006 0.050000 0.048000
0 0.366023 0.132006 0.050000 0.048000
0 0.394192 0.144526 0.050000 0.048000
0 0.351939 0.203994 0.050000 0.048000
0 0.327291 0.197734 0.050000 0.048000
0 0.323770 0.171130 0.050000 0.048000
0 0.304991 0.164870 0.050000 0.048000
0 0.312033 0.214948 0.050000 0.048000
0 0.388324 0.225903 0.050000 0.048000
0 0.434099 0.250942 0.050000 0.048000
0 0.393019 0.255637 0.050000 0.048000
0 0.469310 0.271286 0.050000 0.048000
0 0.481047 0.229033 0.050000 0.048000
0 0.504521 0.238423 0.050000 0.048000
0 0.531516 0.157045 0.050000 0.048000
0 0.510390 0.155480 0.050000 0.048000
0 0.491610 0.164870 0.050000 0.048000
0 0.456399 0.186779 0.050000 0.048000
0 0.417667 0.166435 0.050000 0.048000
0 0.443488 0.132006 0.050000 0.048000
0 0.435272 0.100707 0.050000 0.048000
0 0.463441 0.116357 0.050000 0.048000
0 0.501000 0.121052 0.050000 0.048000
0 0.509216 0.072538 0.050000 0.048000
0 0.524474 0.047499 0.050000 0.048000
0 0.529169 0.099142 0.050000 0.048000
0 0.546775 0.034980 0.050000 0.048000
0 0.391845 0.041239 0.050000 0.048000
0 0.337854 0.063149 0.050000 0.048000
0 0.181751 0.078798 0.050000 0.048000
0 0.226352 0.055324 0.050000 0.048000
0 0.138324 0.058454 0.050000 0.048000
0 0.131282 0.044369 0.050000 0.048000
0 0.064380 0.100707 0.050000 0.048000
0 0.106634 0.056889 0.050000 0.048000
0 0.107808 0.142961 0.050000 0.048000
0 0.141845 0.121052 0.050000 0.048000
0 0.254521 0.110097 0.050000 0.048000
0 0.281516 0.094448 0.050000 0.048000
0 0.313207 0.072538 0.050000 0.048000
0 0.310859 0.047499 0.050000 0.048000
0 0.292080 0.551412 0.050000 0.048000
0 0.348418 0.529502 0.050000 0.048000
0 0.360155 0.044369 0.050000 0.048000
0 0.168840 0.066279 0.050000 0.048000
0 0.146540 0.080363 0.050000 0.048000
0 0.100765 0.080363 0.050000 0.048000
0 0.178230 0.105402 0.050000 0.048000
0 0.033864 0.302585 0.050000 0.048000
0 0.066728 0.294761 0.050000 0.048000
0 0.285216 0.027141 0.050000 0.048000
0 0.268233 0.019149 0.050000 0.048000
0 0.255246 0.016485 0.050000 0.048000
0 0.223278 0.023145 0.050000 0.048000
0 0.198303 0.013821 0.050000 0.048000
0 0.175326 0.021813 0.050000 0.048000
0 0.147354 0.024477 0.050000 0.048000
0 0.130371 0.017817 0.050000 0.048000
0 0.095406 0.021813 0.050000 0.048000
0 0.064437 0.035133 0.050000 0.048000
0 0.024477 0.077757 0.050000 0.048000
0 0.014487 0.043125 0.050000 0.048000
0 0.005496 0.079089 0.050000 0.048000
0 0.006495 0.099069 0.050000 0.048000
0 0.039462 0.139029 0.050000 0.048000
0 0.022479 0.097737 0.050000 0.048000
0 0.062439 0.072429 0.050000 0.048000
0 0.086415 0.135033 0.050000 0.048000
0 0.093408 0.113721 0.050000 0.048000
0 0.901599 0.029805 0.050000 0.048000
0 0.942558 0.027141 0.050000 0.048000
0 0.956544 0.048453 0.050000 0.048000
0 0.979521 0.044457 0.050000 0.048000
0 0.352149 0.021813 0.050000 0.048000
0 0.331170 0.027141 0.050000 0.048000
0 0.311190 0.023145 0.050000 0.048000
0 0.377124 0.016485 0.050000 0.048000
0 0.334167 0.008493 0.050000 0.048000
0 0.293208 0.005829 0.050000 0.048000