0 0.293937 0.762682 0.049805 0.049479
0 0.239792 0.670882 0.049805 0.049479
0 0.107439 0.579973 0.049805 0.049479
0 0.115461 0.527388 0.049805 0.049479
0 0.086049 0.490846 0.049805 0.049479
0 0.007840 0.612949 0.049805 0.049479
0 0.217733 0.429349 0.049805 0.049479
0 0.247814 0.415088 0.049805 0.049479
0 0.291931 0.447174 0.049805 0.049479
0 0.351423 0.364286 0.049805 0.049479
0 0.395541 0.328636 0.049805 0.049479
0 0.401557 0.310810 0.049805 0.049479
0 0.476423 0.299224 0.049805 0.049479
0 0.459044 0.263573 0.049805 0.049479
0 0.501156 0.231488 0.049805 0.049479
0 0.555969 0.247530 0.049805 0.049479
0 0.573348 0.302789 0.049805 0.049479
0 0.642199 0.218119 0.049805 0.049479
0 0.686316 0.207423 0.049805 0.049479
0 0.715728 0.287637 0.049805 0.049479
0 0.671610 0.366960 0.049805 0.049479
0 0.811316 0.431131 0.049805 0.049479
0 0.933642 0.450739 0.049805 0.049479
0 0.765193 0.624536 0.049805 0.049479
0 0.507840 0.544322 0.049805 0.049479
0 0.453028 0.530953 0.049805 0.049479
0 0.437653 0.443609 0.049805 0.049479
0 0.019204 0.932022 0.049805 0.049479
0 0.865461 0.182468 0.049805 0.049479
0 0.822680 0.176229 0.049805 0.049479
0 0.947680 0.179794 0.049805 0.049479
0 0.035915 0.250204 0.049805 0.049479
0 0.076022 0.227031 0.049805 0.049479
0 0.090728 0.162860 0.049805 0.049479
0 0.023382 0.114063 0.049805 0.049479
0 0.105935 0.141247 0.049805 0.049479
0 0.077192 0.087325 0.049805 0.049479
0 0.143034 0.085097 0.049805 0.049479
0 0.169104 0.106488 0.049805 0.049479
0 0.212219 0.109607 0.049805 0.049479
0 0.244973 0.077076 0.049805 0.049479
0 0.265026 0.080641 0.049805 0.049479
0 0.277058 0.081087 0.049805 0.049479
0 0.196594 0.040200 0.049805 0.049479
0 0.081620 0.039754 0.049805 0.049479
0 0.298532 0.050004 0.049805 0.049479
0 0.309896 0.059362 0.049805 0.049479
0 0.325772 0.058025 0.049805 0.049479
0 0.366547 0.074736 0.049805 0.049479
0 0.397797 0.082981 0.049805 0.049479
0 0.408659 0.065155 0.049805 0.049479
0 0.413840 0.076742 0.049805 0.049479
0 0.423532 0.086991 0.049805 0.049479
0 0.374903 0.115066 0.049805 0.049479
0 0.376239 0.051118 0.049805 0.049479
0 0.356019 0.043096 0.049805 0.049479
0 0.335464 0.041760 0.049805 0.049479
0 0.251365 0.028446 0.049805 0.049479
0 0.280693 0.019756 0.049805 0.049479
0 0.319045 0.038807 0.049805 0.049479
0 0.233943 0.114398 0.049805 0.049479
0 0.157698 0.064542 0.049805 0.049479
0 0.164383 0.019199 0.049805 0.049479
0 0.800872 0.038863 0.049805 0.049479
0 0.818920 0.042651 0.049805 0.049479
0 0.910832 0.080975 0.049805 0.049479
0 0.656996 0.025346 0.049805 0.049479
0 0.645008 0.069302 0.049805 0.049479
0 0.615038 0.051986 0.049805 0.049479
0 0.607046 0.022682 0.049805 0.049479
0 0.543110 0.193178 0.049805 0.049479
0 0.513140 0.150554 0.049805 0.049479
0 0.476177 0.134570 0.049805 0.049479
0 0.449204 0.075962 0.049805 0.049479
0 0.472181 0.059978 0.049805 0.049479
0 0.455198 0.010694 0.049805 0.049479
0 0.524129 0.079958 0.049805 0.049479
0 0.552101 0.051986 0.049805 0.049479
0 0.122531 0.009362 0.049805 0.049479
0 0.088565 0.013358 0.049805 0.049479
0 0.043610 0.013358 0.049805 0.049479
0 0.007646 0.009362 0.049805 0.049479
0 0.770882 0.018686 0.049805 0.049479