0 0.030892 0.187761 0.049805 0.049780
0 0.005789 0.187100 0.049805 0.049780
0 0.030892 0.214832 0.049805 0.049780
0 0.013936 0.232989 0.049805 0.049780
0 0.007110 0.218463 0.049805 0.049780
0 0.047407 0.241573 0.049805 0.049780
0 0.039259 0.238602 0.049805 0.049780
0 0.059077 0.207569 0.049805 0.049780
0 0.066123 0.181158 0.049805 0.049780
0 0.072069 0.242563 0.049805 0.049780
0 0.052471 0.267984 0.049805 0.049780
0 0.026488 0.289443 0.049805 0.049780
0 0.016799 0.335001 0.049805 0.049780
0 0.044984 0.331040 0.049805 0.049780
0 0.074051 0.333021 0.049805 0.049780
0 0.082858 0.306940 0.049805 0.049780
0 0.079556 0.278218 0.049805 0.049780
0 0.087923 0.240252 0.049805 0.049780
0 0.103337 0.262372 0.049805 0.049780
0 0.108622 0.274256 0.049805 0.049780
0 0.102897 0.309251 0.049805 0.049780
0 0.117209 0.339623 0.049805 0.049780
0 0.127779 0.311892 0.049805 0.049780
0 0.132403 0.275577 0.049805 0.049780
0 0.150900 0.334341 0.049805 0.049780
0 0.170718 0.304629 0.049805 0.049780
0 0.196921 0.292084 0.049805 0.049780
0 0.180847 0.273926 0.049805 0.049780
0 0.150459 0.244214 0.049805 0.049780
0 0.123815 0.247185 0.049805 0.049780
0 0.117209 0.213511 0.049805 0.049780
0 0.145175 0.214832 0.049805 0.049780
0 0.149138 0.194694 0.049805 0.049780
0 0.133724 0.189411 0.049805 0.049780
0 0.185030 0.204268 0.049805 0.049780
0 0.177984 0.182148 0.049805 0.049780
0 0.090565 0.150785 0.049805 0.049780
0 0.128660 0.160029 0.049805 0.049780
0 0.157285 0.154417 0.049805 0.049780
0 0.177984 0.160690 0.049805 0.049780
0 0.204408 0.153096 0.049805 0.049780
0 0.023332 0.098348 0.049805 0.049780
0 0.058538 0.097951 0.049805 0.049780
0 0.087127 0.102317 0.049805 0.049780
0 0.112538 0.102317 0.049805 0.049780
0 0.142715 0.082077 0.049805 0.049780
0 0.173421 0.064615 0.049805 0.049780
0 0.208362 0.067790 0.049805 0.049780
0 0.232186 0.035643 0.049805 0.049780
0 0.235892 0.086442 0.049805 0.049780
0 0.204392 0.093983 0.049805 0.049780
0 0.196450 0.094776 0.049805 0.049780
0 0.250186 0.120970 0.049805 0.049780
0 0.247803 0.169387 0.049805 0.049780
0 0.248068 0.219789 0.049805 0.049780
0 0.219215 0.223361 0.049805 0.049780
0 0.210215 0.236061 0.049805 0.049780
0 0.266373 0.012378 0.049805 0.049780
0 0.257715 0.091884 0.049805 0.049780
0 0.170038 0.107994 0.049805 0.049780
0 0.147962 0.098385 0.049805 0.049780
0 0.131227 0.129348 0.049805 0.049780
0 0.152235 0.128814 0.049805 0.049780
0 0.043635 0.127746 0.049805 0.049780
0 0.036514 0.130415 0.049805 0.049780
0 0.018711 0.134152 0.049805 0.049780
0 0.058946 0.142160 0.049805 0.049780
0 0.291457 0.096784 0.049805 0.049780
0 0.308192 0.069558 0.049805 0.049780
0 0.327063 0.069024 0.049805 0.049780
0 0.306411 0.121340 0.049805 0.049780
0 0.326707 0.156573 0.049805 0.049780
0 0.332760 0.125077 0.049805 0.049780
0 0.329199 0.190739 0.049805 0.049780
0 0.327063 0.214762 0.049805 0.049780
0 0.308192 0.185401 0.049805 0.049780
0 0.297510 0.158175 0.049805 0.049780
0 0.268668 0.177927 0.049805 0.049780
0 0.272941 0.164581 0.049805 0.049780
0 0.286828 0.149633 0.049805 0.049780
0 0.212054 0.204619 0.049805 0.049780
0 0.220243 0.175258 0.049805 0.049780
0 0.214190 0.189137 0.049805 0.049780
0 0.265108 0.217965 0.049805 0.049780
0 0.297154 0.211025 0.049805 0.049780
0 0.290032 0.192340 0.049805 0.049780
0 0.315669 0.244123 0.049805 0.049780
0 0.321010 0.271882 0.049805 0.049780
0 0.292881 0.241987 0.049805 0.049780
0 0.328843 0.307649 0.049805 0.049780
0 0.319942 0.334875 0.049805 0.049780
0 0.304631 0.309785 0.049805 0.049780
0 0.313177 0.372244 0.049805 0.049780
0 0.286116 0.337010 0.049805 0.049780
0 0.285759 0.277754 0.049805 0.049780
0 0.272585 0.307649 0.049805 0.049780
0 0.258342 0.309785 0.049805 0.049780
0 0.254070 0.331138 0.049805 0.049780
0 0.238047 0.337010 0.049805 0.049780
0 0.244100 0.304980 0.049805 0.049780
0 0.265820 0.276153 0.049805 0.049780
0 0.251577 0.234514 0.049805 0.049780
0 0.239115 0.279890 0.049805 0.049780
0 0.218107 0.304980 0.049805 0.049780
0 0.213478 0.342349 0.049805 0.049780
0 0.222736 0.372777 0.049805 0.049780
0 0.217751 0.362635 0.049805 0.049780
0 0.199592 0.364236 0.049805 0.049780
0 0.197455 0.340747 0.049805 0.049780
0 0.162205 0.375981 0.049805 0.049780
0 0.139773 0.373845 0.049805 0.049780
0 0.115916 0.370108 0.049805 0.049780
0 0.097045 0.347153 0.049805 0.049780
0 0.090992 0.375981 0.049805 0.049780
0 0.031173 0.370108 0.049805 0.049780
0 0.318321 0.033471 0.049805 0.049780
0 0.347541 0.035094 0.049805 0.049780
0 0.364858 0.035094 0.049805 0.049780
0 0.387585 0.046452 0.049805 0.049780
0 0.410312 0.049697 0.049805 0.049780
0 0.436286 0.012378 0.049805 0.049780
0 0.463342 0.015623 0.049805 0.049780
0 0.492563 0.009132 0.049805 0.049780
0 0.004468 0.283349 0.049805 0.049780
0 0.001221 0.374214 0.049805 0.049780
0 0.007715 0.396930 0.049805 0.049780
0 0.019619 0.432627 0.049805 0.049780
0 0.031524 0.403420 0.049805 0.049780
0 0.016373 0.465079 0.049805 0.049780
0 0.039100 0.442362 0.049805 0.049780
0 0.058580 0.403420 0.049805 0.049780
0 0.044467 0.462394 0.049805 0.049780
0 0.074514 0.467300 0.049805 0.049780
0 0.100695 0.466408 0.049805 0.049780
0 0.127172 0.465516 0.049805 0.049780
0 0.020964 0.499415 0.049805 0.049780
0 0.044467 0.496738 0.049805 0.049780
0 0.067374 0.496738 0.049805 0.049780
0 0.099802 0.506997 0.049805 0.049780
0 0.135800 0.503875 0.049805 0.049780
0 0.156922 0.511011 0.049805 0.049780
0 0.165252 0.492278 0.049805 0.049780
0 0.197978 0.470422 0.049805 0.049780
0 0.159897 0.461056 0.049805 0.049780
0 0.228918 0.469530 0.049805 0.049780
0 0.258668 0.470422 0.049805 0.049780
0 0.247958 0.499861 0.049805 0.049780
0 0.222968 0.495846 0.049805 0.049780
0 0.200060 0.498522 0.049805 0.049780
0 0.258966 0.552047 0.049805 0.049780
0 0.248850 0.548924 0.049805 0.049780
0 0.226538 0.539112 0.049805 0.049780
0 0.207200 0.545356 0.049805 0.049780
0 0.186375 0.542234 0.049805 0.049780
0 0.142345 0.531975 0.049805 0.049780
0 0.121817 0.539112 0.049805 0.049780
0 0.089092 0.532867 0.049805 0.049780
0 0.060829 0.526623 0.049805 0.049780
0 0.033459 0.532867 0.049805 0.049780
0 0.008171 0.532867 0.049805 0.049780
0 0.000734 0.499415 0.049805 0.049780
0 0.009064 0.572564 0.049805 0.049780
0 0.037922 0.563198 0.049805 0.049780
0 0.068564 0.561413 0.049805 0.049780
0 0.088497 0.575241 0.049805 0.049780
0 0.097422 0.597542 0.049805 0.049780
0 0.062317 0.596650 0.049805 0.049780
0 0.037327 0.602003 0.049805 0.049780
0 0.016501 0.598880 0.049805 0.049780
0 0.012336 0.631441 0.049805 0.049780
0 0.025129 0.677829 0.049805 0.049780
0 0.026914 0.702807 0.049805 0.049780
0 0.014121 0.730015 0.049805 0.049780
0 0.045954 0.662663 0.049805 0.049780
0 0.046252 0.634117 0.049805 0.049780
0 0.070052 0.633225 0.049805 0.049780
0 0.072729 0.651066 0.049805 0.049780
0 0.107240 0.689872 0.049805 0.049780
0 0.094447 0.637239 0.049805 0.049780
0 0.115570 0.645714 0.049805 0.049780
0 0.123602 0.602895 0.049805 0.049780
0 0.114082 0.566320 0.049805 0.049780
0 0.163765 0.628319 0.049805 0.049780
0 0.142345 0.663555 0.049805 0.049780
0 0.143237 0.709943 0.049805 0.049780
0 0.172393 0.705037 0.049805 0.049780
0 0.193515 0.669354 0.049805 0.049780
0 0.232190 0.682735 0.049805 0.049780
0 0.236355 0.670246 0.049805 0.049780
0 0.266403 0.668462 0.049805 0.049780
0 0.263726 0.713065 0.049805 0.049780
0 0.264916 0.644822 0.049805 0.049780
0 0.232190 0.639470 0.049805 0.049780
0 0.257776 0.608247 0.049805 0.049780
0 0.221480 0.601111 0.049805 0.049780
0 0.229513 0.575241 0.049805 0.049780
0 0.204523 0.668462 0.049805 0.049780
0 0.193218 0.640362 0.049805 0.049780
0 0.182508 0.604233 0.049805 0.049780
0 0.172690 0.581931 0.049805 0.049780
0 0.198870 0.568996 0.049805 0.049780
0 0.258371 0.575687 0.049805 0.049780
0 0.112299 0.433828 0.049805 0.049780
0 0.079776 0.428897 0.049805 0.049780
0 0.103164 0.406434 0.049805 0.049780
0 0.138611 0.398763 0.049805 0.049780
0 0.163460 0.399859 0.049805 0.049780
0 0.165288 0.435472 0.049805 0.049780
0 0.139707 0.436568 0.049805 0.049780
0 0.004861 0.498479 0.049805 0.049780
0 0.194157 0.437663 0.049805 0.049780
0 0.187214 0.401503 0.049805 0.049780
0 0.220103 0.438211 0.049805 0.049780
0 0.244222 0.425610 0.049805 0.049780
0 0.259204 0.417939 0.049805 0.049780
0 0.296479 0.394928 0.049805 0.049780
0 0.274187 0.432732 0.049805 0.049780
0 0.299768 0.442046 0.049805 0.049780
0 0.332292 0.443690 0.049805 0.049780
0 0.293555 0.471632 0.049805 0.049780
0 0.291363 0.501218 0.049805 0.049780
0 0.285150 0.537926 0.049805 0.049780
0 0.319867 0.502862 0.049805 0.049780
0 0.313289 0.535735 0.049805 0.049780
0 0.301960 0.568608 0.049805 0.049780
0 0.316212 0.597098 0.049805 0.049780
0 0.295748 0.620109 0.049805 0.049780
0 0.321329 0.629971 0.049805 0.049780
0 0.040386 0.738721 0.049805 0.049780
0 0.045762 0.789453 0.049805 0.049780
0 0.039121 0.800358 0.049805 0.049780
0 0.032480 0.792772 0.049805 0.049780
0 0.004651 0.794669 0.049805 0.049780
0 0.005599 0.823117 0.049805 0.049780
0 0.006232 0.836392 0.049805 0.049780
0 0.004651 0.857254 0.049805 0.049780
0 0.004651 0.813634 0.049805 0.049780
0 0.022360 0.865314 0.049805 0.049780
0 0.022993 0.906090 0.049805 0.049780
0 0.028369 0.977684 0.049805 0.049780
0 0.065369 0.909409 0.049805 0.049780
0 0.046711 0.867211 0.049805 0.049780
0 0.071694 0.826910 0.049805 0.049780
0 0.064420 0.811737 0.049805 0.049780
0 0.127669 0.746307 0.049805 0.049780
0 0.112489 0.805100 0.049805 0.049780
0 0.095728 0.846349 0.049805 0.049780
0 0.088455 0.860573 0.049805 0.049780
0 0.120079 0.845401 0.049805 0.049780
0 0.115968 0.862944 0.049805 0.049780
0 0.117233 0.883806 0.049805 0.049780
0 0.103634 0.910357 0.049805 0.049780
0 0.111857 0.969149 0.049805 0.049780
0 0.127036 0.963460 0.049805 0.049780
0 0.045762 0.987640 0.049805 0.049780
0 0.153284 0.868633 0.049805 0.049780
0 0.175738 0.856306 0.049805 0.049780
0 0.186174 0.857254 0.049805 0.049780
0 0.195661 0.858677 0.049805 0.049780
0 0.205464 0.990011 0.049805 0.049780
0 0.221909 0.861047 0.049805 0.049780
0 0.200088 0.834022 0.049805 0.049780
0 0.160874 0.813160 0.049805 0.049780
0 0.190601 0.758635 0.049805 0.049780
0 0.215268 0.754368 0.049805 0.049780
0 0.241516 0.749626 0.049805 0.049780
0 0.272508 0.744411 0.049805 0.049780
0 0.269345 0.821220 0.049805 0.049780
0 0.290534 0.813160 0.049805 0.049780
0 0.281995 0.847297 0.049805 0.049780
0 0.278516 0.878116 0.049805 0.049780
0 0.289585 0.874323 0.049805 0.049780
0 0.257644 0.878590 0.049805 0.049780
0 0.243097 0.825013 0.049805 0.049780
0 0.282944 0.988114 0.049805 0.049780
0 0.381938 0.064645 0.049805 0.049780
0 0.401946 0.063492 0.049805 0.049780
0 0.434779 0.071952 0.049805 0.049780
0 0.437600 0.063492 0.049805 0.049780
0 0.470946 0.041956 0.049805 0.049780
0 0.500445 0.039264 0.049805 0.049780
0 0.496853 0.056569 0.049805 0.049780
0 0.537382 0.036572 0.049805 0.049780
0 0.578679 0.033879 0.049805 0.049780
0 0.555081 0.069260 0.049805 0.049780
0 0.530456 0.059261 0.049805 0.049780
0 0.516348 0.100026 0.049805 0.049780
0 0.510192 0.112717 0.049805 0.049780
0 0.496084 0.098488 0.049805 0.049780
0 0.474281 0.092335 0.049805 0.049780
0 0.466073 0.100026 0.049805 0.049780
0 0.439909 0.092335 0.049805 0.049780
0 0.412976 0.091566 0.049805 0.049780
0 0.388607 0.099257 0.049805 0.049780
0 0.367830 0.129638 0.049805 0.049780
0 0.354748 0.156174 0.049805 0.049780
0 0.354235 0.185786 0.049805 0.049780
0 0.357570 0.219629 0.049805 0.049780
0 0.371678 0.244241 0.049805 0.049780
0 0.382964 0.218090 0.049805 0.049780
0 0.376038 0.196554 0.049805 0.049780
0 0.383734 0.161942 0.049805 0.049780
0 0.398355 0.125793 0.049805 0.049780
0 0.409641 0.157328 0.049805 0.049780
0 0.409641 0.180402 0.049805 0.049780
0 0.409897 0.214244 0.049805 0.049780
0 0.405024 0.244241 0.049805 0.049780
0 0.432214 0.243857 0.049805 0.049780
0 0.430931 0.221551 0.049805 0.049780
0 0.438370 0.190401 0.049805 0.049780
0 0.442217 0.156174 0.049805 0.049780
0 0.424005 0.128869 0.049805 0.049780
0 0.447091 0.124254 0.049805 0.049780
0 0.464790 0.067337 0.049805 0.049780
0 0.477102 0.151559 0.049805 0.049780
0 0.464534 0.187709 0.049805 0.049780
0 0.457864 0.216167 0.049805 0.049780
0 0.460429 0.250779 0.049805 0.049780
0 0.483259 0.256163 0.049805 0.049780
0 0.524043 0.247702 0.049805 0.049780
0 0.542255 0.265393 0.049805 0.049780
0 0.579192 0.238857 0.049805 0.049780
0 0.583553 0.205399 0.049805 0.049780
0 0.558159 0.220013 0.049805 0.049780
0 0.544307 0.218859 0.049805 0.049780
0 0.510705 0.225013 0.049805 0.049780
0 0.505831 0.185017 0.049805 0.049780
0 0.541742 0.151944 0.049805 0.049780
0 0.547385 0.183094 0.049805 0.049780
0 0.567650 0.180402 0.049805 0.049780
0 0.573806 0.154251 0.049805 0.049780
0 0.586375 0.125793 0.049805 0.049780
0 0.559185 0.123101 0.049805 0.049780
0 0.574062 0.101180 0.049805 0.049780
0 0.554055 0.097719 0.049805 0.049780
0 0.485567 0.215398 0.049805 0.049780
0 0.347242 0.276134 0.049805 0.049780
0 0.347242 0.243931 0.049805 0.049780
0 0.380878 0.277349 0.049805 0.049780
0 0.406815 0.277349 0.049805 0.049780
0 0.362236 0.310159 0.049805 0.049780
0 0.355347 0.342361 0.049805 0.049780
0 0.350889 0.378209 0.049805 0.049780
0 0.366694 0.407981 0.049805 0.049780
0 0.358994 0.436538 0.049805 0.049780
0 0.380878 0.437753 0.049805 0.049780
0 0.395062 0.405551 0.049805 0.049780
0 0.401546 0.372133 0.049805 0.049780
0 0.373989 0.342361 0.049805 0.049780
0 0.392225 0.312589 0.049805 0.049780
0 0.416136 0.317450 0.049805 0.049780
0 0.410057 0.339931 0.049805 0.049780
0 0.429104 0.373348 0.049805 0.049780
0 0.428699 0.404335 0.049805 0.049780
0 0.436399 0.440791 0.049805 0.049780
0 0.409246 0.434715 0.049805 0.049780
0 0.454230 0.407981 0.049805 0.049780
0 0.461525 0.377601 0.049805 0.049780
0 0.485030 0.403120 0.049805 0.049780
0 0.471251 0.431069 0.049805 0.049780
0 0.500429 0.382462 0.049805 0.049780
0 0.506913 0.339323 0.049805 0.049780
0 0.486651 0.337500 0.049805 0.049780
0 0.465172 0.336893 0.049805 0.049780
0 0.473277 0.307121 0.049805 0.049780
0 0.491919 0.307728 0.049805 0.049780
0 0.486245 0.277956 0.049805 0.049780
0 0.455446 0.284640 0.049805 0.049780
0 0.435183 0.279172 0.049805 0.049780
0 0.446125 0.319880 0.049805 0.049780
0 0.438425 0.346007 0.049805 0.049780
0 0.600627 0.031973 0.049805 0.049780
0 0.638573 0.028454 0.049805 0.049780
0 0.666349 0.033733 0.049805 0.049780
0 0.685127 0.035492 0.049805 0.049780
0 0.712902 0.032560 0.049805 0.049780
0 0.693342 0.054261 0.049805 0.049780
0 0.650701 0.054848 0.049805 0.049780
0 0.610015 0.070684 0.049805 0.049780
0 0.591629 0.070684 0.049805 0.049780
0 0.599844 0.093558 0.049805 0.049780
0 0.628402 0.090039 0.049805 0.049780
0 0.662437 0.088279 0.049805 0.049780
0 0.685518 0.094144 0.049805 0.049780
0 0.779798 0.029627 0.049805 0.049780
0 0.791534 0.021416 0.049805 0.049780
0 0.834566 0.039598 0.049805 0.049780
0 0.830263 0.057194 0.049805 0.049780
0 0.837305 0.096490 0.049805 0.049780
0 0.816180 0.092971 0.049805 0.049780
0 0.783710 0.089452 0.049805 0.049780
0 0.766497 0.064232 0.049805 0.049780
0 0.624099 0.124057 0.049805 0.049780
0 0.646006 0.122297 0.049805 0.049780
0 0.648745 0.149277 0.049805 0.049780
0 0.596323 0.155142 0.049805 0.049780
0 0.599453 0.184468 0.049805 0.049780
0 0.642485 0.184468 0.049805 0.049780
0 0.633488 0.191506 0.049805 0.049780
0 0.602191 0.250158 0.049805 0.049780
0 0.612754 0.210861 0.049805 0.049780
0 0.564636 0.274205 0.049805 0.049780
0 0.561115 0.294147 0.049805 0.049780
0 0.569330 0.290041 0.049805 0.049780
0 0.529036 0.296493 0.049805 0.049780
0 0.521212 0.297080 0.049805 0.049780
0 0.605321 0.326406 0.049805 0.049780
0 0.591238 0.372741 0.049805 0.049780
0 0.618231 0.368635 0.049805 0.049780
0 0.633488 0.366875 0.049805 0.049780
0 0.640529 0.367462 0.049805 0.049780
0 0.661654 0.332271 0.049805 0.049780
0 0.650701 0.334030 0.049805 0.049780
0 0.652657 0.299426 0.049805 0.049780
0 0.659698 0.275379 0.049805 0.049780
0 0.673390 0.245466 0.049805 0.049780
0 0.701557 0.187987 0.049805 0.049780
0 0.697645 0.243707 0.049805 0.049780
0 0.696080 0.274792 0.049805 0.049780
0 0.672999 0.307637 0.049805 0.049780
0 0.680041 0.345761 0.049805 0.049780
0 0.683171 0.366875 0.049805 0.049780
0 0.711337 0.376260 0.049805 0.049780
0 0.694907 0.331098 0.049805 0.049780
0 0.709381 0.334617 0.049805 0.049780
0 0.708208 0.306464 0.049805 0.049780
0 0.745372 0.358664 0.049805 0.049780
0 0.780580 0.359251 0.049805 0.049780
0 0.827133 0.366875 0.049805 0.049780
0 0.835740 0.327579 0.049805 0.049780
0 0.811485 0.315848 0.049805 0.049780
0 0.793881 0.338136 0.049805 0.049780
0 0.775494 0.347520 0.049805 0.049780
0 0.761411 0.298253 0.049805 0.049780
0 0.741851 0.288868 0.049805 0.049780
0 0.728550 0.310570 0.049805 0.049780
0 0.732462 0.279484 0.049805 0.049780
0 0.730115 0.249572 0.049805 0.049780
0 0.746545 0.250158 0.049805 0.049780
0 0.724247 0.183882 0.049805 0.049780
0 0.753196 0.277725 0.049805 0.049780
0 0.843173 0.265408 0.049805 0.049780
0 0.834566 0.262475 0.049805 0.049780
0 0.802488 0.280071 0.049805 0.049780
0 0.812659 0.251918 0.049805 0.049780
0 0.768453 0.263062 0.049805 0.049780
0 0.776277 0.222005 0.049805 0.049780
0 0.812659 0.232563 0.049805 0.049780
0 0.837696 0.230217 0.049805 0.049780
0 0.849041 0.247812 0.049805 0.049780
0 0.841999 0.187401 0.049805 0.049780
0 0.811094 0.186228 0.049805 0.049780
0 0.804052 0.190333 0.049805 0.049780
0 0.793490 0.209688 0.049805 0.049780
0 0.757499 0.220832 0.049805 0.049780
0 0.778624 0.183295 0.049805 0.049780
0 0.836913 0.184468 0.049805 0.049780
0 0.834566 0.157488 0.049805 0.049780
0 0.807573 0.148691 0.049805 0.049780
0 0.783710 0.146931 0.049805 0.049780
0 0.744198 0.149277 0.049805 0.049780
0 0.734027 0.125230 0.049805 0.049780
0 0.755543 0.126989 0.049805 0.049780
0 0.772365 0.128162 0.049805 0.049780
0 0.792707 0.124057 0.049805 0.049780
0 0.814615 0.136374 0.049805 0.049780
0 0.825960 0.135201 0.049805 0.049780
0 0.622534 0.338136 0.049805 0.049780
0 0.675464 0.005887 0.049805 0.049780
0 0.751221 0.009132 0.049805 0.049780
0 0.613775 0.009132 0.049805 0.049780
0 0.859446 0.009132 0.049805 0.049780
0 0.722000 0.001020 0.049805 0.049780
0 0.689533 0.004265 0.049805 0.049780
0 0.647325 0.004265 0.049805 0.049780
0 0.808580 0.004265 0.049805 0.049780
0 0.891914 0.004265 0.049805 0.049780
0 0.952520 0.004265 0.049805 0.049780
0 0.947109 0.022113 0.049805 0.049780
0 0.924381 0.028603 0.049805 0.049780
0 0.980658 0.031849 0.049805 0.049780
0 0.996892 0.009132 0.049805 0.049780
0 0.993645 0.095129 0.049805 0.049780
0 0.956849 0.046452 0.049805 0.049780
0 0.961178 0.077281 0.049805 0.049780
0 0.934122 0.088639 0.049805 0.049780
0 0.902736 0.049697 0.049805 0.049780
0 0.858364 0.044829 0.049805 0.049780
0 0.877845 0.049697 0.049805 0.049780
0 0.913541 0.109577 0.049805 0.049780
0 0.854320 0.119908 0.049805 0.049780
0 0.861769 0.143641 0.049805 0.049780
0 0.884117 0.136661 0.049805 0.049780
0 0.916707 0.140011 0.049805 0.049780
0 0.980212 0.143641 0.049805 0.049780
0 0.979095 0.174913 0.049805 0.049780
0 0.999021 0.177984 0.049805 0.049780
0 0.972018 0.202834 0.049805 0.049780
0 0.947063 0.184685 0.049805 0.049780
0 0.924156 0.185802 0.049805 0.049780
0 0.867356 0.183847 0.049805 0.049780
0 0.882813 0.179938 0.049805 0.049780
0 0.901250 0.191944 0.049805 0.049780
0 0.918569 0.220703 0.049805 0.049780
0 0.931606 0.234105 0.049805 0.049780
0 0.942780 0.218470 0.049805 0.049780
0 0.956188 0.214002 0.049805 0.049780
0 0.954698 0.230476 0.049805 0.049780
0 0.987289 0.248345 0.049805 0.049780
0 0.966245 0.263143 0.049805 0.049780
0 0.937751 0.268169 0.049805 0.049780
0 0.904788 0.236060 0.049805 0.049780
0 0.879833 0.233268 0.049805 0.049780
0 0.885234 0.217632 0.049805 0.049780
0 0.865307 0.213444 0.049805 0.049780
0 0.887283 0.270124 0.049805 0.049780
0 0.948367 0.154530 0.049805 0.049780
0 0.842959 0.216794 0.049805 0.049780
0 0.973083 0.288217 0.049805 0.049780
0 0.972000 0.310933 0.049805 0.049780
0 0.911289 0.272938 0.049805 0.049780
0 0.916015 0.293723 0.049805 0.049780
0 0.941221 0.344267 0.049805 0.049780
0 0.882933 0.301281 0.049805 0.049780
0 0.855836 0.293251 0.049805 0.049780
0 0.871590 0.334347 0.049805 0.049780
0 0.887028 0.363635 0.049805 0.049780
0 0.852686 0.363635 0.049805 0.049780
0 0.958865 0.406621 0.049805 0.049780
0 0.929878 0.404259 0.049805 0.049780
0 0.999509 0.409927 0.049805 0.049780
0 0.978084 0.435436 0.049805 0.049780
0 0.976824 0.466140 0.049805 0.049780
0 0.954454 0.468502 0.049805 0.049780
0 0.925467 0.468502 0.049805 0.049780
0 0.918220 0.429767 0.049805 0.049780
0 0.944686 0.418903 0.049805 0.049780
0 0.900261 0.410872 0.049805 0.049780
0 0.887659 0.466140 0.049805 0.049780
0 0.873480 0.400480 0.049805 0.049780
0 0.848590 0.405204 0.049805 0.049780
0 0.820233 0.408510 0.049805 0.049780
0 0.824329 0.453858 0.049805 0.049780
0 0.801329 0.434019 0.049805 0.049780
0 0.788411 0.400008 0.049805 0.049780
0 0.772973 0.444883 0.049805 0.049780
0 0.760685 0.460472 0.049805 0.049780
0 0.729178 0.450079 0.049805 0.049780
0 0.739890 0.433074 0.049805 0.049780
0 0.746192 0.396701 0.049805 0.049780
0 0.754699 0.401897 0.049805 0.049780
0 0.713739 0.413234 0.049805 0.049780
0 0.528076 0.371266 0.049805 0.049780
0 0.574784 0.397136 0.049805 0.049780
0 0.550389 0.418991 0.049805 0.049780
0 0.517366 0.394459 0.049805 0.049780
0 0.490293 0.466271 0.049805 0.049780
0 0.462031 0.464487 0.049805 0.049780
0 0.437635 0.458688 0.049805 0.049780
0 0.447750 0.503738 0.049805 0.049780
0 0.481071 0.505522 0.049805 0.049780
0 0.443585 0.531392 0.049805 0.049780
0 0.435850 0.543881 0.049805 0.049780
0 0.456675 0.580456 0.049805 0.049780
0 0.481071 0.588931 0.049805 0.049780
0 0.499218 0.559492 0.049805 0.049780
0 0.524208 0.550126 0.049805 0.049780
0 0.528671 0.532730 0.049805 0.049780
0 0.556041 0.500616 0.049805 0.049780
0 0.572404 0.434603 0.049805 0.049780
0 0.592039 0.397582 0.049805 0.049780
0 0.614054 0.391337 0.049805 0.049780
0 0.638449 0.397136 0.049805 0.049780
0 0.655109 0.416315 0.049805 0.049780
0 0.681587 0.425236 0.049805 0.049780
0 0.684562 0.406502 0.049805 0.049780
0 0.644102 0.463149 0.049805 0.049780
0 0.624169 0.435049 0.049805 0.049780
0 0.603641 0.422560 0.049805 0.049780
0 0.604236 0.460027 0.049805 0.049780
0 0.592039 0.509090 0.049805 0.049780
0 0.576866 0.518903 0.049805 0.049780
0 0.569131 0.529608 0.049805 0.049780
0 0.572106 0.566629 0.049805 0.049780
0 0.539381 0.566183 0.049805 0.049780
0 0.551579 0.569751 0.049805 0.049780
0 0.587279 0.566183 0.049805 0.049780
0 0.607509 0.533622 0.049805 0.049780
0 0.624169 0.497493 0.049805 0.049780
0 0.644697 0.494371 0.049805 0.049780
0 0.668794 0.493479 0.049805 0.049780
0 0.672067 0.471623 0.049805 0.049780
0 0.687239 0.460027 0.049805 0.049780
0 0.685752 0.501954 0.049805 0.049780
0 0.676529 0.531392 0.049805 0.049780
0 0.696165 0.530500 0.049805 0.049780
0 0.699735 0.560830 0.049805 0.049780
0 0.669389 0.562615 0.049805 0.049780
0 0.643209 0.570197 0.049805 0.049780
0 0.617624 0.575550 0.049805 0.049780
0 0.345454 0.469625 0.049805 0.049780
0 0.371217 0.460996 0.049805 0.049780
0 0.403284 0.471269 0.049805 0.049780
0 0.415070 0.500444 0.049805 0.049780
0 0.384647 0.500444 0.049805 0.049780
0 0.352854 0.497978 0.049805 0.049780
0 0.360528 0.537837 0.049805 0.049780
0 0.342988 0.549342 0.049805 0.049780
0 0.342165 0.592488 0.049805 0.049780
0 0.349840 0.599885 0.049805 0.049780
0 0.362447 0.576052 0.049805 0.049780
0 0.348469 0.641387 0.049805 0.049780
0 0.355869 0.668918 0.049805 0.049780
0 0.330654 0.684533 0.049805 0.049780
0 0.376699 0.641387 0.049805 0.049780
0 0.388758 0.567423 0.049805 0.049780
0 0.384373 0.547699 0.049805 0.049780
0 0.286802 0.665631 0.049805 0.049780
0 0.404929 0.545233 0.049805 0.049780
0 0.429596 0.539070 0.049805 0.049780
0 0.416988 0.585914 0.049805 0.049780
0 0.440285 0.639333 0.049805 0.049780
0 0.465226 0.645085 0.049805 0.049780
0 0.486330 0.622074 0.049805 0.049780
0 0.523330 0.647962 0.049805 0.049780
0 0.503322 0.590434 0.049805 0.049780
0 0.501952 0.669740 0.049805 0.049780
0 0.471530 0.677137 0.049805 0.049780
0 0.490441 0.694395 0.049805 0.049780
0 0.460920 0.551350 0.049805 0.049780
0 0.571160 0.628510 0.049805 0.049780
0 0.557761 0.612074 0.049805 0.049780
0 0.533703 0.595180 0.049805 0.049780
0 0.541620 0.631706 0.049805 0.049780
0 0.534312 0.681472 0.049805 0.049780
0 0.550452 0.659100 0.049805 0.049780
0 0.579687 0.670515 0.049805 0.049780
0 0.603745 0.629880 0.049805 0.049780
0 0.588823 0.608878 0.049805 0.049780
0 0.605876 0.598376 0.049805 0.049780
0 0.639070 0.605682 0.049805 0.049780
0 0.636329 0.630336 0.049805 0.049780
0 0.623539 0.681472 0.049805 0.049780
0 0.298807 0.708227 0.049805 0.049780
0 0.297463 0.742498 0.049805 0.049780
0 0.304858 0.756609 0.049805 0.049780
0 0.297127 0.821623 0.049805 0.049780
0 0.302169 0.870006 0.049805 0.049780
0 0.318977 0.936028 0.049805 0.049780
0 0.338474 0.874541 0.049805 0.049780
0 0.332759 0.848838 0.049805 0.049780
0 0.323347 0.830191 0.049805 0.049780
0 0.356962 0.722842 0.049805 0.049780
0 0.346205 0.713770 0.049805 0.049780
0 0.371417 0.710243 0.049805 0.049780
0 0.384190 0.722338 0.049805 0.049780
0 0.410410 0.739978 0.049805 0.049780
0 0.419487 0.709739 0.049805 0.049780
0 0.437975 0.738466 0.049805 0.049780
0 0.436630 0.722338 0.049805 0.049780
0 0.374442 0.840775 0.049805 0.049780
0 0.355617 0.830695 0.049805 0.049780
0 0.369064 0.874541 0.049805 0.049780
0 0.372089 0.974330 0.049805 0.049780
0 0.430580 0.950643 0.049805 0.049780
0 0.427554 0.931492 0.049805 0.049780
0 0.444362 0.919900 0.049805 0.049780
0 0.478986 0.963243 0.049805 0.049780
0 0.396964 0.883613 0.049805 0.049780
0 0.406040 0.882605 0.049805 0.049780
0 0.422176 0.880589 0.049805 0.049780
0 0.429907 0.851358 0.049805 0.049780
0 0.422848 0.832207 0.049805 0.049780
0 0.408394 0.836743 0.049805 0.049780
0 0.457472 0.703691 0.049805 0.049780
0 0.464195 0.733426 0.049805 0.049780
0 0.524367 0.709739 0.049805 0.049780
0 0.531090 0.807512 0.049805 0.049780
0 0.500163 0.815575 0.049805 0.049780
0 0.498483 0.839263 0.049805 0.049780
0 0.490079 0.853374 0.049805 0.049780
0 0.471254 0.862950 0.049805 0.049780
0 0.455791 0.855894 0.049805 0.049780
0 0.449068 0.833215 0.049805 0.049780
0 0.462850 0.820615 0.049805 0.049780
0 0.470582 0.822631 0.049805 0.049780
0 0.476633 0.882605 0.049805 0.049780
0 0.457472 0.879077 0.049805 0.049780
0 0.538821 0.915364 0.049805 0.049780
0 0.510248 0.873030 0.049805 0.049780
0 0.528064 0.857910 0.049805 0.049780
0 0.521341 0.841279 0.049805 0.049780
0 0.533107 0.837247 0.049805 0.049780
0 0.556973 0.714274 0.049805 0.049780
0 0.996417 0.532836 0.049805 0.049780
0 0.979400 0.543997 0.049805 0.049780
0 0.987377 0.564725 0.049805 0.049780
0 0.967170 0.584656 0.049805 0.049780
0 0.960257 0.572698 0.049805 0.049780
0 0.954940 0.541605 0.049805 0.049780
0 0.938455 0.505729 0.049805 0.049780
0 0.912931 0.501743 0.049805 0.049780
0 0.909740 0.517688 0.049805 0.049780
0 0.899105 0.578278 0.049805 0.049780
0 0.894851 0.602196 0.049805 0.049780
0 0.904423 0.647639 0.049805 0.049780
0 0.895383 0.646841 0.049805 0.049780
0 0.897510 0.695473 0.049805 0.049780
0 0.903891 0.677137 0.049805 0.049780
0 0.920376 0.691487 0.049805 0.049780
0 0.926225 0.723377 0.049805 0.049780
0 0.918249 0.723377 0.049805 0.049780
0 0.897510 0.738524 0.049805 0.049780
0 0.973019 0.846950 0.049805 0.049780
0 0.946963 0.860503 0.049805 0.049780
0 0.927288 0.833397 0.049805 0.049780
0 0.923566 0.854125 0.049805 0.049780
0 0.917717 0.867678 0.049805 0.049780
0 0.890597 0.865286 0.049805 0.049780
0 0.881557 0.851733 0.049805 0.049780
0 0.868795 0.864489 0.049805 0.049780
0 0.866137 0.850139 0.049805 0.049780
0 0.878367 0.603790 0.049805 0.049780
0 0.875708 0.538416 0.049805 0.049780
0 0.880494 0.492176 0.049805 0.049780
0 0.866668 0.485798 0.049805 0.049780
0 0.857097 0.564725 0.049805 0.049780
0 0.853906 0.500946 0.049805 0.049780
0 0.824128 0.497757 0.049805 0.049780
0 0.795413 0.466664 0.049805 0.049780
0 0.783714 0.499351 0.049805 0.049780
0 0.795413 0.520080 0.049805 0.049780
0 0.819874 0.536025 0.049805 0.049780
0 0.817747 0.558347 0.049805 0.049780
0 0.828382 0.602993 0.049805 0.049780
0 0.838485 0.661989 0.049805 0.049780
0 0.848057 0.680326 0.049805 0.049780
0 0.867200 0.650828 0.049805 0.049780
0 0.860287 0.648436 0.049805 0.049780
0 0.876240 0.675542 0.049805 0.049780
0 0.861882 0.727363 0.049805 0.049780
0 0.872518 0.713810 0.049805 0.049780
0 0.851247 0.726566 0.049805 0.049780
0 0.833699 0.713810 0.049805 0.049780
0 0.819874 0.689893 0.049805 0.049780
0 0.824660 0.756064 0.049805 0.049780
0 0.807643 0.736930 0.049805 0.049780
0 0.792223 0.733741 0.049805 0.049780
0 0.777333 0.719391 0.049805 0.049780
0 0.761912 0.714607 0.049805 0.049780
0 0.744896 0.731349 0.049805 0.049780
0 0.563036 0.829410 0.049805 0.049780
0 0.567822 0.846152 0.049805 0.049780
0 0.575266 0.862895 0.049805 0.049780
0 0.583774 0.854922 0.049805 0.049780
0 0.630569 0.860503 0.049805 0.049780
0 0.665665 0.867678 0.049805 0.049780
0 0.659284 0.853328 0.049805 0.049780
0 0.699697 0.837383 0.049805 0.049780
0 0.761381 0.867678 0.049805 0.049780
0 0.759785 0.855719 0.049805 0.049780
0 0.781587 0.861300 0.049805 0.049780
0 0.719372 0.721782 0.049805 0.049780
0 0.801262 0.669962 0.049805 0.049780
0 0.811897 0.652422 0.049805 0.049780
0 0.816152 0.613357 0.049805 0.049780
0 0.794881 0.564725 0.049805 0.049780
0 0.765103 0.567914 0.049805 0.049780
0 0.760317 0.611763 0.049805 0.049780
0 0.788500 0.613357 0.049805 0.049780
0 0.790627 0.648436 0.049805 0.049780
0 0.773611 0.675542 0.049805 0.049780
0 0.746492 0.485001 0.049805 0.049780
0 0.715650 0.488190 0.049805 0.049780
0 0.727880 0.580670 0.049805 0.049780
0 0.738515 0.613357 0.049805 0.049780
0 0.733198 0.639666 0.049805 0.049780
0 0.736920 0.654814 0.049805 0.049780
0 0.753404 0.645247 0.049805 0.049780
0 0.710864 0.667570 0.049805 0.049780
0 0.703419 0.635680 0.049805 0.049780
0 0.716713 0.600601 0.049805 0.049780
0 0.682681 0.673151 0.049805 0.049780
0 0.679490 0.639666 0.049805 0.049780
0 0.690657 0.602993 0.049805 0.049780
0 0.663006 0.724971 0.049805 0.049780
0 0.692784 0.724971 0.049805 0.049780
0 0.641204 0.720188 0.049805 0.049780
0 0.647585 0.675542 0.049805 0.049780
0 0.664069 0.595021 0.049805 0.049780
0 0.743833 0.540808 0.049805 0.049780
0 0.610362 0.717796 0.049805 0.049780
0 0.586433 0.708229 0.049805 0.049780
0 0.996906 0.909814 0.049805 0.049780
0 0.963933 0.905452 0.049805 0.049780
0 0.955204 0.907876 0.049805 0.049780
0 0.940981 0.960704 0.049805 0.049780
0 0.912210 0.902060 0.049805 0.049780
0 0.923847 0.895274 0.049805 0.049780
0 0.936455 0.883642 0.049805 0.049780
0 0.911886 0.879280 0.049805 0.049780
0 0.881176 0.915630 0.049805 0.049780
0 0.865659 0.907391 0.049805 0.049780
0 0.876327 0.879280 0.049805 0.049780
0 0.850142 0.876857 0.049805 0.049780
0 0.842383 0.925324 0.049805 0.049780
0 0.864689 0.985907 0.049805 0.049780
0 0.813289 0.960704 0.049805 0.049780
0 0.815875 0.907876 0.049805 0.049780
0 0.809086 0.880250 0.049805 0.049780
0 0.786134 0.883642 0.049805 0.049780
0 0.767061 0.992208 0.049805 0.049780
0 0.723743 0.880734 0.049805 0.049780
0 0.662364 0.975582 0.049805 0.049780
0 0.660884 0.903443 0.049805 0.049780
0 0.700116 0.870704 0.049805 0.049780
0 0.685312 0.890126 0.049805 0.049780
0 0.604255 0.921200 0.049805 0.049780
0 0.595742 0.884576 0.049805 0.049780
0 0.613508 0.876253 0.049805 0.049780
0 0.625722 0.873478 0.049805 0.049780
0 0.466200 0.987790 0.049805 0.049780
0 0.434370 0.995003 0.049805 0.049780
0 0.315074 0.992419 0.049805 0.049780
0 0.350069 0.065260 0.049805 0.049780
0 0.350699 0.103522 0.049805 0.049780
0 0.511327 0.273803 0.049805 0.049780