0 0.882458 0.466925 0.049805 0.049479
0 0.841062 0.311081 0.049805 0.049479
0 0.825234 0.281860 0.049805 0.049479
0 0.799666 0.231535 0.049805 0.049479
0 0.768010 0.200691 0.049805 0.049479
0 0.757053 0.225042 0.049805 0.049479
0 0.701046 0.215302 0.049805 0.049479
0 0.705916 0.283483 0.049805 0.049479
0 0.679130 0.254263 0.049805 0.049479
0 0.720527 0.353289 0.049805 0.049479
0 0.668173 0.410107 0.049805 0.049479
0 0.554942 0.262380 0.049805 0.049479
0 0.513546 0.288354 0.049805 0.049479
0 0.487978 0.314328 0.049805 0.049479
0 0.441712 0.238029 0.049805 0.049479
0 0.424666 0.234782 0.049805 0.049479
0 0.423449 0.208808 0.049805 0.049479
0 0.411273 0.208808 0.049805 0.049479
0 0.372312 0.176341 0.049805 0.049479
0 0.440494 0.166600 0.049805 0.049479
0 0.337004 0.163354 0.049805 0.049479
0 0.252994 0.262380 0.049805 0.049479
0 0.102020 0.169847 0.049805 0.049479
0 0.954293 0.216925 0.049805 0.049479
0 0.993254 0.225042 0.049805 0.049479
0 0.944553 0.129263 0.049805 0.049479
0 0.966468 0.101665 0.049805 0.049479
0 0.903156 0.129263 0.049805 0.049479
0 0.900721 0.085432 0.049805 0.049479
0 0.888546 0.072445 0.049805 0.049479
0 0.870283 0.083808 0.049805 0.049479
0 0.845932 0.090302 0.049805 0.049479
0 0.643822 0.062704 0.049805 0.049479
0 0.598773 0.078938 0.049805 0.049479
0 0.576858 0.083808 0.049805 0.049479
0 0.582945 0.074068 0.049805 0.049479
0 0.562247 0.080561 0.049805 0.049479
0 0.536679 0.080561 0.049805 0.049479
0 0.463627 0.108159 0.049805 0.049479
0 0.262329 0.275772 0.049805 0.049479
0 0.163100 0.283078 0.049805 0.049479
0 0.142402 0.167006 0.049805 0.049479
0 0.128400 0.163759 0.049805 0.049479
0 0.193538 0.161324 0.049805 0.049479
0 0.213627 0.161324 0.049805 0.049479
0 0.234934 0.147526 0.049805 0.049479
0 0.248327 0.151584 0.049805 0.049479
0 0.264764 0.102883 0.049805 0.049479
0 0.002385 0.128045 0.049805 0.049479
0 0.024910 0.130480 0.049805 0.049479
0 0.054130 0.093143 0.049805 0.049479
0 0.048043 0.076097 0.049805 0.049479
0 0.050478 0.061487 0.049805 0.049479
0 0.066306 0.110188 0.049805 0.049479
0 0.066915 0.132915 0.049805 0.049479
0 0.104049 0.116682 0.049805 0.049479
0 0.101614 0.102883 0.049805 0.049479
0 0.104658 0.076909 0.049805 0.049479
0 0.096744 0.076097 0.049805 0.049479
0 0.111963 0.093143 0.049805 0.049479
0 0.125356 0.079344 0.049805 0.049479
0 0.132053 0.059052 0.049805 0.049479
0 0.162491 0.082591 0.049805 0.049479
0 0.129009 0.117493 0.049805 0.049479
0 0.150924 0.145091 0.049805 0.049479
0 0.213018 0.076097 0.049805 0.049479
0 0.179536 0.128045 0.049805 0.049479
0 0.337207 0.131292 0.049805 0.049479
0 0.320161 0.135350 0.049805 0.049479
0 0.309812 0.116682 0.049805 0.049479
0 0.289723 0.121552 0.049805 0.049479
0 0.286679 0.072039 0.049805 0.049479
0 0.276330 0.064733 0.049805 0.049479
0 0.273895 0.055805 0.049805 0.049479
0 0.264764 0.050935 0.049805 0.049479
0 0.283027 0.050935 0.049805 0.049479
0 0.283635 0.021714 0.049805 0.049479
0 0.275113 0.027396 0.049805 0.049479
0 0.326249 0.047688 0.049805 0.049479
0 0.331119 0.044441 0.049805 0.049479
0 0.330510 0.011162 0.049805 0.049479
0 0.328684 0.150570 0.049805 0.049479
0 0.293376 0.009742 0.049805 0.049479
0 0.326858 0.011771 0.049805 0.049479
0 0.321074 0.010147 0.049805 0.049479
0 0.343599 0.025975 0.049805 0.049479
0 0.353339 0.023946 0.049805 0.049479
0 0.360035 0.034498 0.049805 0.049479
0 0.369167 0.047079 0.049805 0.049479
0 0.373733 0.047079 0.049805 0.049479
0 0.394735 0.060878 0.049805 0.049479
0 0.389865 0.093751 0.049805 0.049479
0 0.378603 0.088070 0.049805 0.049479
0 0.375559 0.113638 0.049805 0.049479
0 0.389865 0.120943 0.049805 0.049479
0 0.369471 0.106738 0.049805 0.049479
0 0.395953 0.119320 0.049805 0.049479
0 0.397170 0.103897 0.049805 0.049479
0 0.402345 0.095375 0.049805 0.049479
0 0.413303 0.093751 0.049805 0.049479
0 0.432479 0.094157 0.049805 0.049479
0 0.379212 0.127436 0.049805 0.049479
0 0.371906 0.016641 0.049805 0.049479
0 0.362166 0.008930 0.049805 0.049479
0 0.364906 0.005277 0.049805 0.049479
0 0.359731 0.002436 0.049805 0.049479
0 0.355165 0.001219 0.049805 0.049479
0 0.352426 0.002842 0.049805 0.049479
0 0.379516 0.019482 0.049805 0.049479
0 0.373428 0.015423 0.049805 0.049479
0 0.373124 0.004060 0.049805 0.049479
0 0.370080 0.005277 0.049805 0.049479
0 0.367949 0.003248 0.049805 0.049479
0 0.375559 0.002436 0.049805 0.049479
0 0.381342 0.009742 0.049805 0.049479
0 0.377690 0.004060 0.049805 0.049479
0 0.385604 0.012582 0.049805 0.049479
0 0.392300 0.008118 0.049805 0.049479
0 0.397475 0.007307 0.049805 0.049479
0 0.407519 0.009742 0.049805 0.049479
0 0.412998 0.005277 0.049805 0.049479
0 0.408737 0.004060 0.049805 0.049479
0 0.431261 0.011771 0.049805 0.049479
0 0.427304 0.003248 0.049805 0.049479
0 0.417260 0.002436 0.049805 0.049479
0 0.428826 0.002842 0.049805 0.049479
0 0.434609 0.004060 0.049805 0.049479
0 0.433087 0.002436 0.049805 0.049479
0 0.450133 0.040992 0.049805 0.049479
0 0.447089 0.049514 0.049805 0.049479
0 0.436436 0.052761 0.049805 0.049479
0 0.448307 0.018264 0.049805 0.049479
0 0.457540 0.107753 0.049805 0.049479
0 0.458148 0.093954 0.049805 0.049479
0 0.479455 0.090707 0.049805 0.049479
0 0.491630 0.099636 0.049805 0.049479
0 0.491022 0.083402 0.049805 0.049479
0 0.500153 0.064733 0.049805 0.049479
0 0.468497 0.055805 0.049805 0.049479
0 0.470932 0.042006 0.049805 0.049479
0 0.608514 0.064733 0.049805 0.049479
0 0.609731 0.046065 0.049805 0.049479
0 0.634082 0.096389 0.049805 0.049479
0 0.648083 0.098824 0.049805 0.049479
0 0.666955 0.135350 0.049805 0.049479
0 0.706525 0.061487 0.049805 0.049479
0 0.689479 0.040383 0.049805 0.049479
0 0.556768 0.046065 0.049805 0.049479
0 0.547637 0.042006 0.049805 0.049479
0 0.519634 0.040383 0.049805 0.049479
0 0.516590 0.039571 0.049805 0.049479
0 0.512329 0.040383 0.049805 0.049479
0 0.505023 0.044441 0.049805 0.049479
0 0.538505 0.008727 0.049805 0.049479
0 0.543984 0.003045 0.049805 0.049479
0 0.556160 0.003045 0.049805 0.049479
0 0.550072 0.011974 0.049805 0.049479
0 0.560421 0.013597 0.049805 0.049479
0 0.580510 0.006292 0.049805 0.049479
0 0.586598 0.013597 0.049805 0.049479
0 0.595729 0.007915 0.049805 0.049479
0 0.616428 0.008727 0.049805 0.049479
0 0.618863 0.005480 0.049805 0.049479
0 0.624950 0.008727 0.049805 0.049479
0 0.626777 0.013597 0.049805 0.049479
0 0.624341 0.022323 0.049805 0.049479
0 0.619776 0.060878 0.049805 0.049479
0 0.700742 0.044644 0.049805 0.049479
0 0.711091 0.039368 0.049805 0.049479
0 0.732093 0.047891 0.049805 0.049479
0 0.746095 0.045456 0.049805 0.049479
0 0.771054 0.057225 0.049805 0.049479
0 0.783534 0.056414 0.049805 0.049479
0 0.813059 0.066966 0.049805 0.049479
0 0.839236 0.053573 0.049805 0.049479
0 0.802406 0.025164 0.049805 0.049479
0 0.787795 0.029628 0.049805 0.049479
0 0.762531 0.035310 0.049805 0.049479
0 0.749747 0.025975 0.049805 0.049479
0 0.736963 0.038151 0.049805 0.049479
0 0.736354 0.026787 0.049805 0.049479
0 0.718700 0.026787 0.049805 0.049479
0 0.719613 0.018264 0.049805 0.049479
0 0.711699 0.006901 0.049805 0.049479
0 0.708960 0.002436 0.049805 0.049479
0 0.701350 0.004060 0.049805 0.049479
0 0.694045 0.005277 0.049805 0.049479
0 0.688262 0.012582 0.049805 0.049479
0 0.683392 0.005277 0.049805 0.049479
0 0.677304 0.005683 0.049805 0.049479
0 0.671825 0.005683 0.049805 0.049479
0 0.667260 0.011365 0.049805 0.049479
0 0.672738 0.013800 0.049805 0.049479
0 0.682174 0.016641 0.049805 0.049479
0 0.665129 0.045050 0.049805 0.049479
0 0.753096 0.004466 0.049805 0.049479
0 0.761314 0.021105 0.049805 0.049479
0 0.792665 0.027193 0.049805 0.049479
0 0.778359 0.025164 0.049805 0.049479
0 0.807276 0.031657 0.049805 0.049479
0 0.837714 0.020294 0.049805 0.049479
0 0.849281 0.011771 0.049805 0.049479
0 0.838323 0.012582 0.049805 0.049479
0 0.855064 0.022729 0.049805 0.049479
0 0.870892 0.022323 0.049805 0.049479
0 0.877893 0.019482 0.049805 0.049479
0 0.890677 0.029628 0.049805 0.049479
0 0.862673 0.021105 0.049805 0.049479
0 0.819755 0.090910 0.049805 0.049479
0 0.973773 0.019482 0.049805 0.049479
0 0.832945 0.022627 0.049805 0.049479
0 0.119091 0.155583 0.049805 0.049479
0 0.125153 0.145550 0.049805 0.049479
0 0.121913 0.154747 0.049805 0.049479
0 0.799275 0.021038 0.049805 0.049479
0 0.705107 0.092805 0.049805 0.049479
0 0.811294 0.018425 0.049805 0.049479
0 0.527014 0.028702 0.049805 0.049479
0 0.521265 0.027727 0.049805 0.049479