0 0.041973 0.967231 0.050000 0.050000
0 0.034589 0.919763 0.050000 0.050000
0 0.064124 0.897611 0.050000 0.050000
0 0.024040 0.865965 0.050000 0.050000
0 0.058850 0.858054 0.050000 0.050000
0 0.056741 0.823244 0.050000 0.050000
0 0.010327 0.790016 0.050000 0.050000
0 0.047247 0.739383 0.050000 0.050000
0 0.034589 0.734636 0.050000 0.050000
0 0.058850 0.707737 0.050000 0.050000
0 0.048302 0.669763 0.050000 0.050000
0 0.027205 0.661851 0.050000 0.050000
0 0.062015 0.631788 0.050000 0.050000
0 0.021930 0.604889 0.050000 0.050000
0 0.043027 0.560585 0.050000 0.050000
0 0.077838 0.573244 0.050000 0.050000
0 0.078892 0.606472 0.050000 0.050000
0 0.066234 0.536851 0.050000 0.050000
0 0.010327 0.576408 0.050000 0.050000
0 0.013492 0.532104 0.050000 0.050000
0 0.008217 0.503623 0.050000 0.050000
0 0.026150 0.503623 0.050000 0.050000
0 0.072563 0.503623 0.050000 0.050000
0 0.055686 0.479889 0.050000 0.050000
0 0.066234 0.445079 0.050000 0.050000
0 0.047247 0.438750 0.050000 0.050000
0 0.050411 0.415016 0.050000 0.050000
0 0.013492 0.430839 0.050000 0.050000
0 0.027205 0.405522 0.050000 0.050000
0 0.045137 0.383370 0.050000 0.050000
0 0.067289 0.370712 0.050000 0.050000
0 0.052521 0.356472 0.050000 0.050000
0 0.007162 0.361218 0.050000 0.050000
0 0.045137 0.326408 0.050000 0.050000
0 0.078892 0.345396 0.050000 0.050000
0 0.078892 0.316915 0.050000 0.050000
0 0.065179 0.293180 0.050000 0.050000
0 0.040918 0.302674 0.050000 0.050000
0 0.012437 0.312168 0.050000 0.050000
0 0.024040 0.271028 0.050000 0.050000
0 0.053576 0.269446 0.050000 0.050000
0 0.045137 0.237801 0.050000 0.050000
0 0.018766 0.237801 0.050000 0.050000
0 0.017711 0.220396 0.050000 0.050000
0 0.081002 0.253623 0.050000 0.050000
0 0.070454 0.233054 0.050000 0.050000
0 0.059905 0.210902 0.050000 0.050000
0 0.052521 0.182421 0.050000 0.050000
0 0.083112 0.187168 0.050000 0.050000
0 0.074673 0.155522 0.050000 0.050000
0 0.047247 0.153940 0.050000 0.050000
0 0.040918 0.147611 0.050000 0.050000
0 0.021930 0.114383 0.050000 0.050000
0 0.062015 0.122294 0.050000 0.050000
0 0.067289 0.103307 0.050000 0.050000
0 0.064124 0.084320 0.050000 0.050000
0 0.051466 0.082737 0.050000 0.050000
0 0.032479 0.084320 0.050000 0.050000
0 0.030369 0.047927 0.050000 0.050000
0 0.011382 0.055839 0.050000 0.050000
0 0.059905 0.036851 0.050000 0.050000
0 0.063070 0.022611 0.050000 0.050000
0 0.071508 0.014699 0.050000 0.050000
0 0.075728 0.047927 0.050000 0.050000
0 0.094715 0.978307 0.050000 0.050000
0 0.112648 0.938750 0.050000 0.050000
0 0.140074 0.970396 0.050000 0.050000
0 0.166445 0.964066 0.050000 0.050000
0 0.151677 0.902358 0.050000 0.050000
0 0.110538 0.864383 0.050000 0.050000
0 0.108428 0.818497 0.050000 0.050000
0 0.132690 0.820079 0.050000 0.050000
0 0.155897 0.809003 0.050000 0.050000
0 0.155897 0.774193 0.050000 0.050000
0 0.124251 0.759953 0.050000 0.050000
0 0.089441 0.796345 0.050000 0.050000
0 0.074673 0.734636 0.050000 0.050000
0 0.108428 0.723560 0.050000 0.050000
0 0.090496 0.682421 0.050000 0.050000
0 0.073618 0.650775 0.050000 0.050000
0 0.118977 0.636535 0.050000 0.050000
0 0.144293 0.701408 0.050000 0.050000
0 0.166445 0.745712 0.050000 0.050000
0 0.178049 0.695079 0.050000 0.050000
0 0.161171 0.658687 0.050000 0.050000
0 0.149568 0.623877 0.050000 0.050000
0 0.117922 0.592231 0.050000 0.050000
0 0.124251 0.565332 0.050000 0.050000
0 0.131635 0.527358 0.050000 0.050000
0 0.107373 0.502041 0.050000 0.050000
0 0.113703 0.434003 0.050000 0.050000
0 0.133745 0.454573 0.050000 0.050000
0 0.135854 0.487801 0.050000 0.050000
0 0.148513 0.502041 0.050000 0.050000
0 0.158006 0.494130 0.050000 0.050000
0 0.165390 0.557421 0.050000 0.050000
0 0.187542 0.513117 0.050000 0.050000
0 0.095770 0.415016 0.050000 0.050000
0 0.122141 0.400775 0.050000 0.050000
0 0.146403 0.411851 0.050000 0.050000
0 0.146403 0.381788 0.050000 0.050000
0 0.131635 0.348560 0.050000 0.050000
0 0.105264 0.367547 0.050000 0.050000
0 0.103154 0.343813 0.050000 0.050000
0 0.094715 0.294763 0.050000 0.050000
0 0.114757 0.286851 0.050000 0.050000
0 0.106319 0.248877 0.050000 0.050000
0 0.090496 0.214066 0.050000 0.050000
0 0.107373 0.209320 0.050000 0.050000
0 0.125306 0.214066 0.050000 0.050000
0 0.108428 0.187168 0.050000 0.050000
0 0.098935 0.139699 0.050000 0.050000
0 0.108428 0.117547 0.050000 0.050000
0 0.126361 0.131788 0.050000 0.050000
0 0.128470 0.103307 0.050000 0.050000
0 0.114757 0.081155 0.050000 0.050000
0 0.097880 0.106472 0.050000 0.050000
0 0.099989 0.043180 0.050000 0.050000
0 0.104209 0.011535 0.050000 0.050000
0 0.125306 0.009953 0.050000 0.050000
0 0.122141 0.032104 0.050000 0.050000
0 0.144293 0.047927 0.050000 0.050000
0 0.163281 0.017864 0.050000 0.050000
0 0.176994 0.043180 0.050000 0.050000
0 0.166445 0.054256 0.050000 0.050000
0 0.150622 0.073244 0.050000 0.050000
0 0.178049 0.095396 0.050000 0.050000
0 0.182268 0.147611 0.050000 0.050000
0 0.159061 0.122294 0.050000 0.050000
0 0.156951 0.165016 0.050000 0.050000
0 0.176994 0.176092 0.050000 0.050000
0 0.189652 0.171345 0.050000 0.050000
0 0.165390 0.210902 0.050000 0.050000
0 0.149568 0.234636 0.050000 0.050000
0 0.163281 0.264699 0.050000 0.050000
0 0.176994 0.261535 0.050000 0.050000
0 0.189652 0.220396 0.050000 0.050000
0 0.209694 0.226725 0.050000 0.050000
0 0.217078 0.264699 0.050000 0.050000
0 0.183323 0.323244 0.050000 0.050000
0 0.197036 0.331155 0.050000 0.050000
0 0.216023 0.339066 0.050000 0.050000
0 0.205475 0.359636 0.050000 0.050000
0 0.195981 0.388117 0.050000 0.050000
0 0.168555 0.345396 0.050000 0.050000
0 0.156951 0.323244 0.050000 0.050000
0 0.152732 0.297927 0.050000 0.050000
0 0.134800 0.282104 0.050000 0.050000
0 0.133745 0.261535 0.050000 0.050000
0 0.235011 0.365965 0.050000 0.050000
0 0.224462 0.392864 0.050000 0.050000
0 0.194926 0.415016 0.050000 0.050000
0 0.171719 0.392864 0.050000 0.050000
0 0.171719 0.437168 0.050000 0.050000
0 0.198091 0.437168 0.050000 0.050000
0 0.184378 0.483054 0.050000 0.050000
0 0.217078 0.498877 0.050000 0.050000
0 0.248724 0.473560 0.050000 0.050000
0 0.235011 0.438750 0.050000 0.050000
0 0.218133 0.421345 0.050000 0.050000
0 0.252943 0.416598 0.050000 0.050000
0 0.252943 0.399193 0.050000 0.050000
0 0.274040 0.372294 0.050000 0.050000
0 0.267711 0.426092 0.050000 0.050000
0 0.270876 0.457737 0.050000 0.050000
0 0.302521 0.509953 0.050000 0.050000
0 0.296192 0.484636 0.050000 0.050000
0 0.289863 0.557421 0.050000 0.050000
0 0.268766 0.571661 0.050000 0.050000
0 0.251888 0.547927 0.050000 0.050000
0 0.244504 0.571661 0.050000 0.050000
0 0.263492 0.595396 0.050000 0.050000
0 0.205475 0.543180 0.050000 0.050000
0 0.202310 0.579573 0.050000 0.050000
0 0.213914 0.604889 0.050000 0.050000
0 0.225517 0.620712 0.050000 0.050000
0 0.261382 0.639699 0.050000 0.050000
0 0.258217 0.679256 0.050000 0.050000
0 0.231846 0.657104 0.050000 0.050000
0 0.206530 0.672927 0.050000 0.050000
0 0.194926 0.634953 0.050000 0.050000
0 0.253998 0.734636 0.050000 0.050000
0 0.284589 0.734636 0.050000 0.050000
0 0.302521 0.785269 0.050000 0.050000
0 0.281424 0.796345 0.050000 0.050000
0 0.211804 0.763117 0.050000 0.050000
0 0.195981 0.709320 0.050000 0.050000
0 0.210749 0.725142 0.050000 0.050000
0 0.236065 0.709320 0.050000 0.050000
0 0.226572 0.820079 0.050000 0.050000
0 0.236065 0.837484 0.050000 0.050000
0 0.280369 0.842231 0.050000 0.050000
0 0.267711 0.886535 0.050000 0.050000
0 0.246614 0.938750 0.050000 0.050000
0 0.208639 0.891282 0.050000 0.050000
0 0.193871 0.851725 0.050000 0.050000
0 0.186487 0.804256 0.050000 0.050000
0 0.165390 0.858054 0.050000 0.050000
0 0.180158 0.919763 0.050000 0.050000
0 0.220243 0.938750 0.050000 0.050000
0 0.232901 0.981472 0.050000 0.050000
0 0.252943 0.979889 0.050000 0.050000
0 0.284589 0.922927 0.050000 0.050000
0 0.528259 0.592231 0.050000 0.050000
0 0.506108 0.579573 0.050000 0.050000
0 0.295137 0.590649 0.050000 0.050000
0 0.299357 0.612801 0.050000 0.050000
0 0.306741 0.647611 0.050000 0.050000
0 0.326783 0.612801 0.050000 0.050000
0 0.317289 0.576408 0.050000 0.050000
0 0.310960 0.543180 0.050000 0.050000
0 0.326783 0.528940 0.050000 0.050000
0 0.344715 0.503623 0.050000 0.050000
0 0.332057 0.476725 0.050000 0.050000
0 0.315179 0.457737 0.050000 0.050000
0 0.301466 0.448244 0.050000 0.050000
0 0.300411 0.430839 0.050000 0.050000
0 0.318344 0.430839 0.050000 0.050000
0 0.334167 0.432421 0.050000 0.050000
0 0.298302 0.892864 0.050000 0.050000
0 0.318344 0.848560 0.050000 0.050000
0 0.327838 0.813750 0.050000 0.050000
0 0.357373 0.793180 0.050000 0.050000
0 0.366867 0.831155 0.050000 0.050000
0 0.409061 0.843813 0.050000 0.050000
0 0.382690 0.913434 0.050000 0.050000
0 0.375306 0.932421 0.050000 0.050000
0 0.347880 0.959320 0.050000 0.050000
0 0.351044 0.875459 0.050000 0.050000
0 0.336276 0.916598 0.050000 0.050000
0 0.438597 0.948244 0.050000 0.050000
0 0.408006 0.981472 0.050000 0.050000
0 0.486065 0.968813 0.050000 0.050000
0 0.478681 0.919763 0.050000 0.050000
0 0.456530 0.864383 0.050000 0.050000
0 0.472352 0.813750 0.050000 0.050000
0 0.500833 0.796345 0.050000 0.050000
0 0.516656 0.846978 0.050000 0.050000
0 0.549357 0.881788 0.050000 0.050000
0 0.543027 0.948244 0.050000 0.050000
0 0.521930 0.984636 0.050000 0.050000
0 0.588386 0.984636 0.050000 0.050000
0 0.589441 0.926092 0.050000 0.050000
0 0.622141 0.938750 0.050000 0.050000
0 0.632690 0.870712 0.050000 0.050000
0 0.594715 0.840649 0.050000 0.050000
0 0.575728 0.853307 0.050000 0.050000
0 0.553576 0.826408 0.050000 0.050000
0 0.547247 0.759953 0.050000 0.050000
0 0.513492 0.759953 0.050000 0.050000
0 0.544082 0.723560 0.050000 0.050000
0 0.509272 0.695079 0.050000 0.050000
0 0.512437 0.657104 0.050000 0.050000
0 0.439652 0.554256 0.050000 0.050000
0 0.425939 0.571661 0.050000 0.050000
0 0.421719 0.521028 0.050000 0.050000
0 0.394293 0.509953 0.050000 0.050000
0 0.376361 0.483054 0.050000 0.050000
0 0.376361 0.443497 0.050000 0.050000
0 0.384800 0.459320 0.050000 0.050000
0 0.402732 0.457737 0.050000 0.050000
0 0.372141 0.253623 0.050000 0.050000
0 0.698091 0.739383 0.050000 0.050000
0 0.687542 0.771028 0.050000 0.050000
0 0.659061 0.734636 0.050000 0.050000
0 0.660116 0.685585 0.050000 0.050000
0 0.655897 0.663434 0.050000 0.050000
0 0.673829 0.634953 0.050000 0.050000
0 0.666445 0.584320 0.050000 0.050000
0 0.653787 0.559003 0.050000 0.050000
0 0.623196 0.524193 0.050000 0.050000
0 0.917500 0.495712 0.050000 0.050000
0 0.932268 0.536851 0.050000 0.050000
0 0.963914 0.524193 0.050000 0.050000
0 0.981846 0.543180 0.050000 0.050000
0 0.988175 0.538434 0.050000 0.050000
0 0.985011 0.476725 0.050000 0.050000
0 0.981846 0.625459 0.050000 0.050000
0 0.956530 0.625459 0.050000 0.050000
0 0.962859 0.642864 0.050000 0.050000
0 0.973407 0.704573 0.050000 0.050000
0 0.918555 0.726725 0.050000 0.050000
0 0.902732 0.636535 0.050000 0.050000
0 0.879525 0.690332 0.050000 0.050000
0 0.865812 0.627041 0.050000 0.050000
0 0.880580 0.612801 0.050000 0.050000
0 0.847880 0.565332 0.050000 0.050000
0 0.831002 0.549509 0.050000 0.050000
0 0.828892 0.581155 0.050000 0.050000
0 0.793027 0.547927 0.050000 0.050000
0 0.803576 0.532104 0.050000 0.050000
0 0.789863 0.479889 0.050000 0.050000
0 0.764546 0.498877 0.050000 0.050000
0 0.769821 0.457737 0.050000 0.050000
0 0.737120 0.471978 0.050000 0.050000
0 0.729736 0.498877 0.050000 0.050000
0 0.666445 0.465649 0.050000 0.050000
0 0.691762 0.498877 0.050000 0.050000
0 0.691762 0.532104 0.050000 0.050000
0 0.723407 0.590649 0.050000 0.050000
0 0.722352 0.623877 0.050000 0.050000
0 0.725517 0.559003 0.050000 0.050000
0 0.712859 0.657104 0.050000 0.050000
0 0.712859 0.690332 0.050000 0.050000
0 0.748724 0.684003 0.050000 0.050000
0 0.739230 0.720396 0.050000 0.050000
0 0.738175 0.759953 0.050000 0.050000
0 0.739230 0.813750 0.050000 0.050000
0 0.759272 0.845396 0.050000 0.050000
0 0.762437 0.892864 0.050000 0.050000
0 0.769821 0.946661 0.050000 0.050000
0 0.799357 0.862801 0.050000 0.050000
0 0.780369 0.807421 0.050000 0.050000
0 0.766656 0.771028 0.050000 0.050000
0 0.799357 0.660269 0.050000 0.050000
0 0.781424 0.623877 0.050000 0.050000
0 0.755053 0.665016 0.050000 0.050000
0 0.763492 0.570079 0.050000 0.050000
0 0.785643 0.598560 0.050000 0.050000
0 0.832057 0.690332 0.050000 0.050000
0 0.822563 0.731472 0.050000 0.050000
0 0.835222 0.785269 0.050000 0.050000
0 0.845770 0.756788 0.050000 0.050000
0 0.856319 0.790016 0.050000 0.050000
0 0.878470 0.747294 0.050000 0.050000
0 0.857373 0.854889 0.050000 0.050000
0 0.841551 0.915016 0.050000 0.050000
0 0.889019 0.927674 0.050000 0.050000
0 0.905897 0.859636 0.050000 0.050000
0 0.937542 0.842231 0.050000 0.050000
0 0.908006 0.807421 0.050000 0.050000
0 0.952310 0.790016 0.050000 0.050000
0 0.958639 0.891282 0.050000 0.050000
0 0.993449 0.840649 0.050000 0.050000
0 0.986065 0.416598 0.050000 0.050000
0 0.962859 0.434003 0.050000 0.050000
0 0.729736 0.937168 0.050000 0.050000
0 0.723407 0.889699 0.050000 0.050000
0 0.704420 0.870712 0.050000 0.050000
0 0.698091 0.812168 0.050000 0.050000
0 0.629525 0.731472 0.050000 0.050000
0 0.588386 0.763117 0.050000 0.050000
0 0.578892 0.720396 0.050000 0.050000
0 0.565179 0.661851 0.050000 0.050000
0 0.574673 0.601725 0.050000 0.050000
0 0.562015 0.565332 0.050000 0.050000
0 0.565179 0.535269 0.050000 0.050000
0 0.586276 0.524193 0.050000 0.050000
0 0.573618 0.498877 0.050000 0.050000
0 0.537753 0.521028 0.050000 0.050000
0 0.514546 0.516282 0.050000 0.050000
0 0.480791 0.535269 0.050000 0.050000
0 0.476572 0.565332 0.050000 0.050000
0 0.455475 0.587484 0.050000 0.050000
0 0.414335 0.627041 0.050000 0.050000
0 0.391129 0.601725 0.050000 0.050000
0 0.365812 0.576408 0.050000 0.050000
0 0.344715 0.562168 0.050000 0.050000
0 0.442816 0.653940 0.050000 0.050000
0 0.429103 0.676092 0.050000 0.050000
0 0.436487 0.701408 0.050000 0.050000
0 0.383745 0.668180 0.050000 0.050000
0 0.379525 0.642864 0.050000 0.050000
0 0.377416 0.702991 0.050000 0.050000
0 0.361593 0.698244 0.050000 0.050000
0 0.342605 0.723560 0.050000 0.050000
0 0.317289 0.709320 0.050000 0.050000
0 0.288808 0.680839 0.050000 0.050000
0 0.398513 0.786851 0.050000 0.050000
0 0.391129 0.774193 0.050000 0.050000
0 0.373196 0.759953 0.050000 0.050000
0 0.443871 0.790016 0.050000 0.050000
0 0.422774 0.736218 0.050000 0.050000
0 0.472352 0.650775 0.050000 0.050000
0 0.464968 0.680839 0.050000 0.050000
0 0.474462 0.753623 0.050000 0.050000
0 0.613703 0.804256 0.050000 0.050000
0 0.616867 0.767864 0.050000 0.050000
0 0.655897 0.790016 0.050000 0.050000
0 0.659061 0.834320 0.050000 0.050000
0 0.661171 0.886535 0.050000 0.050000
0 0.680158 0.965649 0.050000 0.050000
0 0.615812 0.682421 0.050000 0.050000
0 0.612648 0.627041 0.050000 0.050000
0 0.607373 0.601725 0.050000 0.050000
0 0.597880 0.560585 0.050000 0.050000
0 0.588386 0.623877 0.050000 0.050000
0 0.474462 0.476725 0.050000 0.050000
0 0.482901 0.443497 0.050000 0.050000
0 0.479736 0.403940 0.050000 0.050000
0 0.453365 0.438750 0.050000 0.050000
0 0.453365 0.470396 0.050000 0.050000
0 0.442816 0.492547 0.050000 0.050000
0 0.423829 0.487801 0.050000 0.050000
0 0.529314 0.465649 0.050000 0.050000
0 0.529314 0.449826 0.050000 0.050000
0 0.527205 0.415016 0.050000 0.050000
0 0.556741 0.422927 0.050000 0.050000
0 0.585222 0.434003 0.050000 0.050000
0 0.609483 0.479889 0.050000 0.050000
0 0.627416 0.441915 0.050000 0.050000
0 0.846825 0.506788 0.050000 0.050000
0 0.818344 0.448244 0.050000 0.050000
0 0.834167 0.421345 0.050000 0.050000
0 0.866867 0.410269 0.050000 0.050000
0 0.200200 0.133370 0.050000 0.050000
0 0.206530 0.103307 0.050000 0.050000
0 0.214968 0.055839 0.050000 0.050000
0 0.189652 0.047927 0.050000 0.050000
0 0.232901 0.025775 0.050000 0.050000
0 0.243449 0.054256 0.050000 0.050000
0 0.245559 0.095396 0.050000 0.050000
0 0.219188 0.144446 0.050000 0.050000
0 0.240285 0.158687 0.050000 0.050000
0 0.245559 0.136535 0.050000 0.050000
0 0.239230 0.212484 0.050000 0.050000
0 0.229736 0.198244 0.050000 0.050000
0 0.202310 0.193497 0.050000 0.050000
0 0.268766 0.165016 0.050000 0.050000
0 0.268766 0.220396 0.050000 0.050000
0 0.246614 0.244130 0.050000 0.050000
0 0.232901 0.255206 0.050000 0.050000
0 0.250833 0.299509 0.050000 0.050000
0 0.266656 0.288434 0.050000 0.050000
0 0.279314 0.301092 0.050000 0.050000
0 0.276150 0.323244 0.050000 0.050000
0 0.258217 0.324826 0.050000 0.050000
0 0.221297 0.309003 0.050000 0.050000
0 0.303576 0.354889 0.050000 0.050000
0 0.316234 0.339066 0.050000 0.050000
0 0.319399 0.313750 0.050000 0.050000
0 0.306741 0.320079 0.050000 0.050000
0 0.303576 0.299509 0.050000 0.050000
0 0.318344 0.283687 0.050000 0.050000
0 0.340496 0.309003 0.050000 0.050000
0 0.349989 0.309003 0.050000 0.050000
0 0.337331 0.331155 0.050000 0.050000
0 0.340496 0.354889 0.050000 0.050000
0 0.348935 0.389699 0.050000 0.050000
0 0.319399 0.408687 0.050000 0.050000
0 0.310960 0.383370 0.050000 0.050000
0 0.447036 0.278940 0.050000 0.050000
0 0.443871 0.242547 0.050000 0.050000
0 0.435432 0.204573 0.050000 0.050000
0 0.413281 0.201408 0.050000 0.050000
0 0.389019 0.176092 0.050000 0.050000
0 0.385854 0.153940 0.050000 0.050000
0 0.374251 0.158687 0.050000 0.050000
0 0.362648 0.177674 0.050000 0.050000
0 0.372141 0.201408 0.050000 0.050000
0 0.334167 0.217231 0.050000 0.050000
0 0.331002 0.244130 0.050000 0.050000
0 0.352099 0.242547 0.050000 0.050000
0 0.344715 0.149193 0.050000 0.050000
0 0.334167 0.165016 0.050000 0.050000
0 0.328892 0.131788 0.050000 0.050000
0 0.340496 0.117547 0.050000 0.050000
0 0.361593 0.117547 0.050000 0.050000
0 0.349989 0.081155 0.050000 0.050000
0 0.355264 0.036851 0.050000 0.050000
0 0.338386 0.032104 0.050000 0.050000
0 0.304631 0.087484 0.050000 0.050000
0 0.288808 0.087484 0.050000 0.050000
0 0.287753 0.125459 0.050000 0.050000
0 0.265601 0.092231 0.050000 0.050000
0 0.263492 0.025775 0.050000 0.050000
0 0.284589 0.014699 0.050000 0.050000
0 0.295137 0.032104 0.050000 0.050000
0 0.302521 0.043180 0.050000 0.050000
0 0.324673 0.014699 0.050000 0.050000
0 0.380580 0.066915 0.050000 0.050000
0 0.391129 0.032104 0.050000 0.050000
0 0.395348 0.070079 0.050000 0.050000
0 0.402732 0.081155 0.050000 0.050000
0 0.411171 0.100142 0.050000 0.050000
0 0.395348 0.109636 0.050000 0.050000
0 0.383745 0.093813 0.050000 0.050000
0 0.400622 0.139699 0.050000 0.050000
0 0.424884 0.147611 0.050000 0.050000
0 0.436487 0.155522 0.050000 0.050000
0 0.449146 0.139699 0.050000 0.050000
0 0.458639 0.166598 0.050000 0.050000
0 0.482901 0.180839 0.050000 0.050000
0 0.478681 0.234636 0.050000 0.050000
0 0.495559 0.233054 0.050000 0.050000
0 0.498724 0.204573 0.050000 0.050000
0 0.506108 0.280522 0.050000 0.050000
0 0.525095 0.245712 0.050000 0.050000
0 0.541973 0.217231 0.050000 0.050000
0 0.551466 0.182421 0.050000 0.050000
0 0.551466 0.147611 0.050000 0.050000
0 0.545137 0.120712 0.050000 0.050000
0 0.513492 0.153940 0.050000 0.050000
0 0.498724 0.160269 0.050000 0.050000
0 0.513492 0.120712 0.050000 0.050000
0 0.492395 0.109636 0.050000 0.050000
0 0.475517 0.117547 0.050000 0.050000
0 0.468133 0.133370 0.050000 0.050000
0 0.454420 0.076408 0.050000 0.050000
0 0.435432 0.089066 0.050000 0.050000
0 0.463914 0.017864 0.050000 0.050000
0 0.499778 0.027358 0.050000 0.050000
0 0.971297 0.381788 0.050000 0.050000
0 0.992395 0.350142 0.050000 0.050000
0 0.970243 0.301092 0.050000 0.050000
0 0.944926 0.309003 0.050000 0.050000
0 0.943871 0.359636 0.050000 0.050000
0 0.930158 0.345396 0.050000 0.050000
0 0.894293 0.320079 0.050000 0.050000
0 0.857373 0.324826 0.050000 0.050000
0 0.853154 0.348560 0.050000 0.050000
0 0.853154 0.375459 0.050000 0.050000
0 0.846825 0.397611 0.050000 0.050000
0 0.820454 0.364383 0.050000 0.050000
0 0.828892 0.342231 0.050000 0.050000
0 0.822563 0.312168 0.050000 0.050000
0 0.803576 0.293180 0.050000 0.050000
0 0.782479 0.405522 0.050000 0.050000
0 0.801466 0.377041 0.050000 0.050000
0 0.806741 0.320079 0.050000 0.050000
0 0.770876 0.278940 0.050000 0.050000
0 0.707584 0.271028 0.050000 0.050000
0 0.723407 0.264699 0.050000 0.050000
0 0.746614 0.291598 0.050000 0.050000
0 0.666445 0.259953 0.050000 0.050000
0 0.690707 0.239383 0.050000 0.050000
0 0.653787 0.188750 0.050000 0.050000
0 0.625306 0.226725 0.050000 0.050000
0 0.629525 0.253623 0.050000 0.050000
0 0.571508 0.255206 0.050000 0.050000
0 0.570454 0.226725 0.050000 0.050000
0 0.589441 0.220396 0.050000 0.050000
0 0.585222 0.195079 0.050000 0.050000
0 0.605264 0.193497 0.050000 0.050000
0 0.586276 0.168180 0.050000 0.050000
0 0.526150 0.220396 0.050000 0.050000
0 0.529314 0.172927 0.050000 0.050000
0 0.586276 0.142864 0.050000 0.050000
0 0.602099 0.136535 0.050000 0.050000
0 0.615812 0.122294 0.050000 0.050000
0 0.610538 0.103307 0.050000 0.050000
0 0.587331 0.098560 0.050000 0.050000
0 0.568344 0.081155 0.050000 0.050000
0 0.563070 0.054256 0.050000 0.050000
0 0.543027 0.070079 0.050000 0.050000
0 0.532479 0.092231 0.050000 0.050000
0 0.515601 0.089066 0.050000 0.050000
0 0.508217 0.071661 0.050000 0.050000
0 0.501888 0.059003 0.050000 0.050000
0 0.471297 0.065332 0.050000 0.050000
0 0.445981 0.040016 0.050000 0.050000
0 0.422774 0.036851 0.050000 0.050000
0 0.438597 0.025775 0.050000 0.050000
0 0.563070 0.016282 0.050000 0.050000
0 0.584167 0.043180 0.050000 0.050000
0 0.606319 0.040016 0.050000 0.050000
0 0.624251 0.036851 0.050000 0.050000
0 0.534589 0.043180 0.050000 0.050000
0 0.527205 0.021028 0.050000 0.050000
0 0.804631 0.242547 0.050000 0.050000
0 0.720531 0.211052 0.050000 0.050000
0 0.732495 0.176014 0.050000 0.050000
0 0.711415 0.143539 0.050000 0.050000
0 0.701160 0.129011 0.050000 0.050000
0 0.680080 0.119611 0.050000 0.050000
0 0.686347 0.096537 0.050000 0.050000
0 0.706288 0.080300 0.050000 0.050000
0 0.704578 0.032443 0.050000 0.050000
0 0.684068 0.028170 0.050000 0.050000
0 0.669255 0.069190 0.050000 0.050000
0 0.651594 0.091409 0.050000 0.050000
0 0.656152 0.056371 0.050000 0.050000
0 0.656721 0.143539 0.050000 0.050000
0 0.631653 0.138412 0.050000 0.050000
0 0.808838 0.054662 0.050000 0.050000
0 0.815675 0.028170 0.050000 0.050000
0 0.781492 0.091409 0.050000 0.050000
0 0.758702 0.113629 0.050000 0.050000
0 0.780922 0.161486 0.050000 0.050000
0 0.752435 0.163195 0.050000 0.050000
0 0.764400 0.200797 0.050000 0.050000
0 0.753005 0.228144 0.050000 0.050000
0 0.795735 0.224726 0.050000 0.050000
0 0.816245 0.197379 0.050000 0.050000
0 0.829918 0.170032 0.050000 0.050000
0 0.855556 0.143539 0.050000 0.050000
0 0.870369 0.134139 0.050000 0.050000
0 0.877206 0.113629 0.050000 0.050000
0 0.872078 0.071754 0.050000 0.050000
0 0.868090 0.053807 0.050000 0.050000
0 0.877206 0.022187 0.050000 0.050000
0 0.857265 0.027315 0.050000 0.050000
0 0.828779 0.032443 0.050000 0.050000
0 0.935888 0.247800 0.050000 0.050000
0 0.971211 0.206779 0.050000 0.050000
0 0.987733 0.230708 0.050000 0.050000
0 0.984884 0.169177 0.050000 0.050000
0 0.975769 0.138412 0.050000 0.050000
0 0.978047 0.093119 0.050000 0.050000
0 0.960386 0.123029 0.050000 0.050000
0 0.942155 0.105083 0.050000 0.050000
0 0.919935 0.090555 0.050000 0.050000
0 0.971211 0.047825 0.050000 0.050000
0 0.979757 0.014496 0.050000 0.050000
0 0.948991 0.021333 0.050000 0.050000
0 0.944434 0.053807 0.050000 0.050000
0 0.934178 0.044407 0.050000 0.050000
0 0.923354 0.011932 0.050000 0.050000
0 0.861823 0.219598 0.050000 0.050000
0 0.864672 0.191397 0.050000 0.050000
0 0.835046 0.259764 0.050000 0.050000
0 0.882333 0.277710 0.050000 0.050000
0 0.905692 0.249509 0.050000 0.050000
0 0.921644 0.218743 0.050000 0.050000
0 0.937597 0.197379 0.050000 0.050000
0 0.952410 0.183705 0.050000 0.050000
0 0.919366 0.181996 0.050000 0.050000
0 0.899995 0.169177 0.050000 0.050000
0 0.887461 0.156358 0.050000 0.050000
0 0.914808 0.140121 0.050000 0.050000
0 0.881764 0.224726 0.050000 0.050000
0 0.852707 0.293947 0.050000 0.050000
0 0.827070 0.132430 0.050000 0.050000
0 0.818524 0.091409 0.050000 0.050000
0 0.738762 0.039279 0.050000 0.050000
0 0.758133 0.065772 0.050000 0.050000
0 0.735344 0.075172 0.050000 0.050000
0 0.756424 0.008514 0.050000 0.050000
0 0.434905 0.264699 0.050000 0.050000
0 0.404314 0.309003 0.050000 0.050000
0 0.396930 0.275775 0.050000 0.050000
0 0.405369 0.236218 0.050000 0.050000
0 0.896930 0.430839 0.050000 0.050000
0 0.901150 0.405522 0.050000 0.050000
0 0.947563 0.410269 0.050000 0.050000
0 0.909589 0.301092 0.050000 0.050000
0 0.924357 0.275775 0.050000 0.050000
0 0.712331 0.454573 0.050000 0.050000
0 0.022312 0.020231 0.050000 0.050000
0 0.012322 0.397853 0.050000 0.050000
0 0.053281 0.610641 0.050000 0.050000
0 0.015319 0.983767 0.050000 0.050000
0 0.170164 0.588163 0.050000 0.050000
0 0.188146 0.017234 0.050000 0.050000
0 0.229105 0.021730 0.050000 0.050000
0 0.181153 0.294457 0.050000 0.050000
0 0.304030 0.950800 0.050000 0.050000
0 0.315019 0.985266 0.050000 0.050000
0 0.322012 0.751500 0.050000 0.050000
0 0.285049 0.619632 0.050000 0.050000
0 0.300034 0.209042 0.050000 0.050000
0 0.284050 0.246505 0.050000 0.050000
0 0.296038 0.242009 0.050000 0.050000
0 0.291043 0.173078 0.050000 0.050000
0 0.305029 0.179072 0.050000 0.050000
0 0.307027 0.012739 0.050000 0.050000
0 0.319015 0.062189 0.050000 0.050000
0 0.317017 0.156595 0.050000 0.050000
0 0.341992 0.406844 0.050000 0.050000
0 0.360973 0.423328 0.050000 0.050000
0 0.364969 0.505746 0.050000 0.050000
0 0.354979 0.460790 0.050000 0.050000
0 0.343990 0.654097 0.050000 0.050000
0 0.347986 0.621130 0.050000 0.050000
0 0.385948 0.851899 0.050000 0.050000
0 0.454879 0.699052 0.050000 0.050000
0 0.457876 0.191060 0.050000 0.050000
0 0.462871 0.212039 0.050000 0.050000
0 0.497836 0.009742 0.050000 0.050000
0 0.516817 0.012739 0.050000 0.050000
0 0.603730 0.014237 0.050000 0.050000
0 0.649684 0.009742 0.050000 0.050000
0 0.678656 0.012739 0.050000 0.050000
0 0.562771 0.198553 0.050000 0.050000
0 0.573760 0.277973 0.050000 0.050000
0 0.627706 0.291460 0.050000 0.050000
0 0.537796 0.678073 0.050000 0.050000
0 0.662671 0.525226 0.050000 0.050000
0 0.646687 0.510241 0.050000 0.050000
0 0.667667 0.176075 0.050000 0.050000
0 0.640693 0.176075 0.050000 0.050000
0 0.621712 0.153598 0.050000 0.050000
0 0.649684 0.113138 0.050000 0.050000
0 0.729605 0.012739 0.050000 0.050000
0 0.708626 0.008243 0.050000 0.050000
0 0.694640 0.177574 0.050000 0.050000
0 0.690644 0.155096 0.050000 0.050000
0 0.721613 0.114637 0.050000 0.050000
0 0.741593 0.134117 0.050000 0.050000
0 0.736598 0.357394 0.050000 0.050000
0 0.730604 0.333418 0.050000 0.050000
0 0.786548 0.691560 0.050000 0.050000
0 0.950384 0.982269 0.050000 0.050000
0 0.876458 0.543208 0.050000 0.050000
0 0.882452 0.523728 0.050000 0.050000
0 0.878456 0.492259 0.050000 0.050000
0 0.889445 0.381370 0.050000 0.050000
0 0.920414 0.357394 0.050000 0.050000
0 0.926408 0.390361 0.050000 0.050000
0 0.935399 0.417334 0.050000 0.050000
0 0.967367 0.261490 0.050000 0.050000
0 0.937397 0.143108 0.050000 0.050000
0 0.898436 0.078673 0.050000 0.050000
0 0.900434 0.044207 0.050000 0.050000
0 0.902432 0.015736 0.050000 0.050000