0 0.034423 0.859392 0.050000 0.049475
0 0.006426 0.956922 0.050000 0.049475
0 0.098653 0.964330 0.050000 0.049475
0 0.128298 0.938404 0.050000 0.049475
0 0.094536 0.900132 0.050000 0.049475
0 0.158765 0.969268 0.050000 0.049475
0 0.188410 0.929762 0.050000 0.049475
0 0.224642 0.865564 0.050000 0.049475
0 0.291342 0.976676 0.050000 0.049475
0 0.312752 0.953219 0.050000 0.049475
0 0.288048 0.937169 0.050000 0.049475
0 0.262521 0.911243 0.050000 0.049475
0 0.301223 0.882848 0.050000 0.049475
0 0.360512 0.897663 0.050000 0.049475
0 0.390980 0.959392 0.050000 0.049475
0 0.386040 0.893960 0.050000 0.049475
0 0.423095 0.828527 0.050000 0.049475
0 0.459327 0.943342 0.050000 0.049475
0 0.462621 0.986552 0.050000 0.049475
0 0.439564 0.985318 0.050000 0.049475
0 0.519440 0.926058 0.050000 0.049475
0 0.504617 0.844577 0.050000 0.049475
0 0.531791 0.830997 0.050000 0.049475
0 0.563906 0.871737 0.050000 0.049475
0 0.606726 0.855688 0.050000 0.049475
0 0.613314 0.928527 0.050000 0.049475
0 0.573788 0.969268 0.050000 0.049475
0 0.642135 0.876676 0.050000 0.049475
0 0.661074 0.848280 0.050000 0.049475
0 0.691542 0.851984 0.050000 0.049475
0 0.713775 0.875441 0.050000 0.049475
0 0.694836 0.903836 0.050000 0.049475
0 0.675073 0.955688 0.050000 0.049475
0 0.774711 0.914947 0.050000 0.049475
0 0.788710 0.968034 0.050000 0.049475
0 0.865291 0.966799 0.050000 0.049475
0 0.880114 0.927293 0.050000 0.049475
0 0.887525 0.854453 0.050000 0.049475
0 0.828236 0.843342 0.050000 0.049475
0 0.795298 0.802601 0.050000 0.049475
0 0.732715 0.790256 0.050000 0.049475
0 0.716246 0.816182 0.050000 0.049475
0 0.647899 0.812478 0.050000 0.049475
0 0.815884 0.780379 0.050000 0.049475
0 0.885878 0.769268 0.050000 0.049475
0 0.829059 0.740873 0.050000 0.049475
0 0.785416 0.711243 0.050000 0.049475
0 0.764006 0.724824 0.050000 0.049475
0 0.768947 0.700132 0.050000 0.049475
0 0.759065 0.669268 0.050000 0.049475
0 0.809296 0.664330 0.050000 0.049475
0 0.838941 0.680379 0.050000 0.049475
0 0.876820 0.671737 0.050000 0.049475
0 0.857880 0.596429 0.050000 0.049475
0 0.710481 0.703836 0.050000 0.049475
0 0.710481 0.660626 0.050000 0.049475
0 0.689895 0.668034 0.050000 0.049475
0 0.648722 0.668034 0.050000 0.049475
0 0.647075 0.714947 0.050000 0.049475
0 0.642135 0.770503 0.050000 0.049475
0 0.610020 0.756922 0.050000 0.049475
0 0.598491 0.729762 0.050000 0.049475
0 0.599315 0.681614 0.050000 0.049475
0 0.572141 0.738404 0.050000 0.049475
0 0.582022 0.782848 0.050000 0.049475
0 0.523557 0.781614 0.050000 0.049475
0 0.505441 0.745811 0.050000 0.049475
0 0.521086 0.726058 0.050000 0.049475
0 0.433800 0.755688 0.050000 0.049475
0 0.442035 0.707540 0.050000 0.049475
0 0.465915 0.687787 0.050000 0.049475
0 0.448622 0.790256 0.050000 0.049475
0 0.457680 0.834700 0.050000 0.049475
0 0.423919 0.786552 0.050000 0.049475
0 0.390980 0.798898 0.050000 0.049475
0 0.393451 0.740873 0.050000 0.049475
0 0.383569 0.723589 0.050000 0.049475
0 0.379452 0.690256 0.050000 0.049475
0 0.413214 0.672972 0.050000 0.049475
0 0.395098 0.671737 0.050000 0.049475
0 0.399215 0.645811 0.050000 0.049475
0 0.421448 0.638404 0.050000 0.049475
0 0.442035 0.629762 0.050000 0.049475
0 0.460151 0.648280 0.050000 0.049475
0 0.507911 0.650750 0.050000 0.049475
0 0.522733 0.649515 0.050000 0.049475
0 0.532615 0.616182 0.050000 0.049475
0 0.552378 0.622355 0.050000 0.049475
0 0.572141 0.616182 0.050000 0.049475
0 0.569670 0.655688 0.050000 0.049475
0 0.591080 0.622355 0.050000 0.049475
0 0.633077 0.623589 0.050000 0.049475
0 0.361336 0.808774 0.050000 0.049475
0 0.329221 0.826058 0.050000 0.049475
0 0.300400 0.833466 0.050000 0.049475
0 0.250993 0.823589 0.050000 0.049475
0 0.246052 0.779145 0.050000 0.049475
0 0.290519 0.787787 0.050000 0.049475
0 0.274873 0.782848 0.050000 0.049475
0 0.278990 0.733466 0.050000 0.049475
0 0.260051 0.734700 0.050000 0.049475
0 0.311105 0.756922 0.050000 0.049475
0 0.322633 0.708774 0.050000 0.049475
0 0.319340 0.680379 0.050000 0.049475
0 0.325927 0.640873 0.050000 0.049475
0 0.365453 0.653219 0.050000 0.049475
0 0.351454 0.634700 0.050000 0.049475
0 0.372041 0.608774 0.050000 0.049475
0 0.310281 0.607540 0.050000 0.049475
0 0.298753 0.592725 0.050000 0.049475
0 0.304517 0.642108 0.050000 0.049475
0 0.279814 0.644577 0.050000 0.049475
0 0.261698 0.607540 0.050000 0.049475
0 0.287225 0.686552 0.050000 0.049475
0 0.255933 0.692725 0.050000 0.049475
0 0.236994 0.679145 0.050000 0.049475
0 0.219701 0.640873 0.050000 0.049475
0 0.210643 0.611243 0.050000 0.049475
0 0.201585 0.732231 0.050000 0.049475
0 0.210643 0.779145 0.050000 0.049475
0 0.184293 0.839639 0.050000 0.049475
0 0.126651 0.845811 0.050000 0.049475
0 0.151354 0.889021 0.050000 0.049475
0 0.079714 0.830997 0.050000 0.049475
0 0.072302 0.764330 0.050000 0.049475
0 0.150531 0.747046 0.050000 0.049475
0 0.173588 0.727293 0.050000 0.049475
0 0.190057 0.686552 0.050000 0.049475
0 0.155472 0.668034 0.050000 0.049475
0 0.117593 0.735935 0.050000 0.049475
0 0.114299 0.785318 0.050000 0.049475
0 0.100300 0.786552 0.050000 0.049475
0 0.003132 0.719885 0.050000 0.049475
0 0.017954 0.689021 0.050000 0.049475
0 0.015484 0.651984 0.050000 0.049475
0 0.049246 0.656922 0.050000 0.049475
0 0.049246 0.713713 0.050000 0.049475
0 0.088772 0.670503 0.050000 0.049475
0 0.083007 0.706305 0.050000 0.049475
0 0.116769 0.668034 0.050000 0.049475
0 0.095359 0.719885 0.050000 0.049475
0 0.124180 0.639639 0.050000 0.049475
0 0.156295 0.632231 0.050000 0.049475
0 0.138179 0.589021 0.050000 0.049475
0 0.104417 0.565564 0.050000 0.049475
0 0.097006 0.616182 0.050000 0.049475
0 0.073949 0.584083 0.050000 0.049475
0 0.087125 0.555688 0.050000 0.049475
0 0.069832 0.545811 0.050000 0.049475
0 0.047599 0.568034 0.050000 0.049475
0 0.007249 0.530997 0.050000 0.049475
0 0.019601 0.610009 0.050000 0.049475
0 0.041011 0.616182 0.050000 0.049475
0 0.041835 0.534700 0.050000 0.049475
0 0.051716 0.502601 0.050000 0.049475
0 0.022072 0.464330 0.050000 0.049475
0 0.079714 0.496429 0.050000 0.049475
0 0.086301 0.469268 0.050000 0.049475
0 0.108535 0.485318 0.050000 0.049475
0 0.125827 0.475441 0.050000 0.049475
0 0.157119 0.456922 0.050000 0.049475
0 0.176881 0.474206 0.050000 0.049475
0 0.194174 0.481614 0.050000 0.049475
0 0.201585 0.514947 0.050000 0.049475
0 0.190057 0.537169 0.050000 0.049475
0 0.164530 0.538404 0.050000 0.049475
0 0.142296 0.532231 0.050000 0.049475
0 0.139002 0.508774 0.050000 0.049475
0 0.115946 0.514947 0.050000 0.049475
0 0.145590 0.486552 0.050000 0.049475
0 0.219701 0.472972 0.050000 0.049475
0 0.213114 0.493960 0.050000 0.049475
0 0.235347 0.477910 0.050000 0.049475
0 0.243581 0.502601 0.050000 0.049475
0 0.232877 0.561861 0.050000 0.049475
0 0.222995 0.551984 0.050000 0.049475
0 0.211467 0.570503 0.050000 0.049475
0 0.187586 0.581614 0.050000 0.049475
0 0.267462 0.545811 0.050000 0.049475
0 0.277343 0.574206 0.050000 0.049475
0 0.308635 0.522355 0.050000 0.049475
0 0.336632 0.517416 0.050000 0.049475
0 0.339102 0.540873 0.050000 0.049475
0 0.371217 0.544577 0.050000 0.049475
0 0.370394 0.517416 0.050000 0.049475
0 0.317693 0.570503 0.050000 0.049475
0 0.323457 0.551984 0.050000 0.049475
0 0.388510 0.506305 0.050000 0.049475
0 0.405802 0.497663 0.050000 0.049475
0 0.423095 0.497663 0.050000 0.049475
0 0.416507 0.553219 0.050000 0.049475
0 0.423095 0.577910 0.050000 0.049475
0 0.416507 0.616182 0.050000 0.049475
0 0.460974 0.606305 0.050000 0.049475
0 0.478267 0.580379 0.050000 0.049475
0 0.462621 0.581614 0.050000 0.049475
0 0.468385 0.555688 0.050000 0.049475
0 0.483207 0.519885 0.050000 0.049475
0 0.464268 0.496429 0.050000 0.049475
0 0.480737 0.485318 0.050000 0.049475
0 0.446152 0.517416 0.050000 0.049475
0 0.455210 0.530997 0.050000 0.049475
0 0.496383 0.563095 0.050000 0.049475
0 0.507911 0.534700 0.050000 0.049475
0 0.521910 0.500132 0.050000 0.049475
0 0.544143 0.505071 0.050000 0.049475
0 0.542496 0.533466 0.050000 0.049475
0 0.529321 0.574206 0.050000 0.049475
0 0.529321 0.556922 0.050000 0.049475
0 0.568023 0.508774 0.050000 0.049475
0 0.580375 0.517416 0.050000 0.049475
0 0.586140 0.498898 0.050000 0.049475
0 0.599315 0.518651 0.050000 0.049475
0 0.590257 0.550750 0.050000 0.049475
0 0.594374 0.576676 0.050000 0.049475
0 0.607549 0.580379 0.050000 0.049475
0 0.630606 0.543342 0.050000 0.049475
0 0.617431 0.518651 0.050000 0.049475
0 0.633900 0.517416 0.050000 0.049475
0 0.610843 0.497663 0.050000 0.049475
0 0.612490 0.476676 0.050000 0.049475
0 0.638017 0.486552 0.050000 0.049475
0 0.664368 0.490256 0.050000 0.049475
0 0.652016 0.495194 0.050000 0.049475
0 0.654486 0.564330 0.050000 0.049475
0 0.666838 0.581614 0.050000 0.049475
0 0.639664 0.565564 0.050000 0.049475
0 0.657780 0.626058 0.050000 0.049475
0 0.648722 0.607540 0.050000 0.049475
0 0.683307 0.621120 0.050000 0.049475
0 0.692365 0.542108 0.050000 0.049475
0 0.680837 0.535935 0.050000 0.049475
0 0.676720 0.502601 0.050000 0.049475
0 0.685778 0.502601 0.050000 0.049475
0 0.724480 0.548280 0.050000 0.049475
0 0.708835 0.540873 0.050000 0.049475
0 0.698130 0.582848 0.050000 0.049475
0 0.713775 0.570503 0.050000 0.049475
0 0.732715 0.612478 0.050000 0.049475
0 0.776358 0.633466 0.050000 0.049475
0 0.790357 0.616182 0.050000 0.049475
0 0.815884 0.607540 0.050000 0.049475
0 0.782122 0.585318 0.050000 0.049475
0 0.807649 0.569268 0.050000 0.049475
0 0.838117 0.553219 0.050000 0.049475
0 0.894936 0.517416 0.050000 0.049475
0 0.871056 0.565564 0.050000 0.049475
0 0.864468 0.507540 0.050000 0.049475
0 0.820001 0.503836 0.050000 0.049475
0 0.804356 0.513713 0.050000 0.049475
0 0.793651 0.529762 0.050000 0.049475
0 0.824942 0.529762 0.050000 0.049475
0 0.852116 0.497663 0.050000 0.049475
0 0.860351 0.468034 0.050000 0.049475
0 0.796944 0.481614 0.050000 0.049475
0 0.780475 0.500132 0.050000 0.049475
0 0.762359 0.514947 0.050000 0.049475
0 0.754125 0.547046 0.050000 0.049475
0 0.761536 0.575441 0.050000 0.049475
0 0.747537 0.607540 0.050000 0.049475
0 0.750007 0.498898 0.050000 0.049475
0 0.735185 0.493960 0.050000 0.049475
0 0.714599 0.492725 0.050000 0.049475
0 0.876820 0.398898 0.050000 0.049475
0 0.884231 0.368034 0.050000 0.049475
0 0.875173 0.343342 0.050000 0.049475
0 0.859527 0.345811 0.050000 0.049475
0 0.842235 0.380379 0.050000 0.049475
0 0.843881 0.433466 0.050000 0.049475
0 0.829883 0.443342 0.050000 0.049475
0 0.824942 0.426058 0.050000 0.049475
0 0.830706 0.412478 0.050000 0.049475
0 0.816707 0.472972 0.050000 0.049475
0 0.787886 0.461861 0.050000 0.049475
0 0.771417 0.475441 0.050000 0.049475
0 0.776358 0.435935 0.050000 0.049475
0 0.801885 0.414947 0.050000 0.049475
0 0.740126 0.460626 0.050000 0.049475
0 0.726951 0.445811 0.050000 0.049475
0 0.741773 0.414947 0.050000 0.049475
0 0.759065 0.405071 0.050000 0.049475
0 0.755772 0.377910 0.050000 0.049475
0 0.773888 0.389021 0.050000 0.049475
0 0.771417 0.410009 0.050000 0.049475
0 0.813414 0.350750 0.050000 0.049475
0 0.826589 0.359392 0.050000 0.049475
0 0.828236 0.382848 0.050000 0.049475
0 0.871879 0.310009 0.050000 0.049475
0 0.858704 0.317416 0.050000 0.049475
0 0.877643 0.287787 0.050000 0.049475
0 0.864468 0.295194 0.050000 0.049475
0 0.862821 0.282848 0.050000 0.049475
0 0.872702 0.274206 0.050000 0.049475
0 0.862821 0.261861 0.050000 0.049475
0 0.852940 0.253219 0.050000 0.049475
0 0.843881 0.275441 0.050000 0.049475
0 0.810943 0.298898 0.050000 0.049475
0 0.810943 0.280379 0.050000 0.049475
0 0.824942 0.255688 0.050000 0.049475
0 0.814237 0.250750 0.050000 0.049475
0 0.819178 0.234700 0.050000 0.049475
0 0.708011 0.391490 0.050000 0.049475
0 0.714599 0.375441 0.050000 0.049475
0 0.699777 0.374206 0.050000 0.049475
0 0.702247 0.354453 0.050000 0.049475
0 0.694836 0.418651 0.050000 0.049475
0 0.705541 0.461861 0.050000 0.049475
0 0.690719 0.461861 0.050000 0.049475
0 0.698953 0.444577 0.050000 0.049475
0 0.682484 0.429762 0.050000 0.049475
0 0.640488 0.451984 0.050000 0.049475
0 0.663544 0.438404 0.050000 0.049475
0 0.641311 0.403836 0.050000 0.049475
0 0.670132 0.410009 0.050000 0.049475
0 0.684954 0.351984 0.050000 0.049475
0 0.670132 0.353219 0.050000 0.049475
0 0.667662 0.329762 0.050000 0.049475
0 0.681660 0.318651 0.050000 0.049475
0 0.701423 0.312478 0.050000 0.049475
0 0.718716 0.312478 0.050000 0.049475
0 0.733538 0.364330 0.050000 0.049475
0 0.734362 0.322355 0.050000 0.049475
0 0.747537 0.300132 0.050000 0.049475
0 0.766477 0.277910 0.050000 0.049475
0 0.775535 0.266799 0.050000 0.049475
0 0.559789 0.474206 0.050000 0.049475
0 0.570494 0.447046 0.050000 0.049475
0 0.590257 0.422355 0.050000 0.049475
0 0.612490 0.423589 0.050000 0.049475
0 0.616607 0.443342 0.050000 0.049475
0 0.643781 0.356922 0.050000 0.049475
0 0.632253 0.385318 0.050000 0.049475
0 0.605902 0.397663 0.050000 0.049475
0 0.621548 0.353219 0.050000 0.049475
0 0.635547 0.317416 0.050000 0.049475
0 0.607549 0.328527 0.050000 0.049475
0 0.603432 0.301367 0.050000 0.049475
0 0.579552 0.342108 0.050000 0.049475
0 0.572141 0.363095 0.050000 0.049475
0 0.562259 0.350750 0.050000 0.049475
0 0.545790 0.359392 0.050000 0.049475
0 0.559789 0.405071 0.050000 0.049475
0 0.558965 0.423589 0.050000 0.049475
0 0.563083 0.443342 0.050000 0.049475
0 0.549907 0.445811 0.050000 0.049475
0 0.538379 0.443342 0.050000 0.049475
0 0.530144 0.463095 0.050000 0.049475
0 0.530968 0.479145 0.050000 0.049475
0 0.497206 0.445811 0.050000 0.049475
0 0.508735 0.438404 0.050000 0.049475
0 0.515322 0.423589 0.050000 0.049475
0 0.500500 0.403836 0.050000 0.049475
0 0.515322 0.363095 0.050000 0.049475
0 0.523557 0.279145 0.050000 0.049475
0 0.566377 0.265564 0.050000 0.049475
0 0.534262 0.221120 0.050000 0.049475
0 0.504617 0.269268 0.050000 0.049475
0 0.613314 0.261861 0.050000 0.049475
0 0.610843 0.232231 0.050000 0.049475
0 0.659427 0.256922 0.050000 0.049475
0 0.644605 0.274206 0.050000 0.049475
0 0.633900 0.248280 0.050000 0.049475
0 0.643781 0.230997 0.050000 0.049475
0 0.651193 0.224824 0.050000 0.049475
0 0.749184 0.219885 0.050000 0.049475
0 0.758242 0.222355 0.050000 0.049475
0 0.754125 0.185318 0.050000 0.049475
0 0.709658 0.207540 0.050000 0.049475
0 0.701423 0.213713 0.050000 0.049475
0 0.664368 0.240873 0.050000 0.049475
0 0.672602 0.224824 0.050000 0.049475
0 0.688248 0.233466 0.050000 0.049475
0 0.679190 0.248280 0.050000 0.049475
0 0.694836 0.235935 0.050000 0.049475
0 0.694836 0.189021 0.050000 0.049475
0 0.724480 0.180379 0.050000 0.049475
0 0.635547 0.223589 0.050000 0.049475
0 0.645428 0.202601 0.050000 0.049475
0 0.622372 0.207540 0.050000 0.049475
0 0.629783 0.180379 0.050000 0.049475
0 0.605902 0.210009 0.050000 0.049475
0 0.538379 0.189021 0.050000 0.049475
0 0.560612 0.197663 0.050000 0.049475
0 0.567200 0.240873 0.050000 0.049475
0 0.494736 0.361861 0.050000 0.049475
0 0.487325 0.412478 0.050000 0.049475
0 0.473326 0.412478 0.050000 0.049475
0 0.479090 0.447046 0.050000 0.049475
0 0.460151 0.447046 0.050000 0.049475
0 0.441211 0.429762 0.050000 0.049475
0 0.451916 0.410009 0.050000 0.049475
0 0.459327 0.396429 0.050000 0.049475
0 0.451093 0.382848 0.050000 0.049475
0 0.449446 0.359392 0.050000 0.049475
0 0.470856 0.339639 0.050000 0.049475
0 0.477443 0.365564 0.050000 0.049475
0 0.482384 0.340873 0.050000 0.049475
0 0.498853 0.340873 0.050000 0.049475
0 0.487325 0.243342 0.050000 0.049475
0 0.479914 0.214947 0.050000 0.049475
0 0.486501 0.202601 0.050000 0.049475
0 0.499677 0.197663 0.050000 0.049475
0 0.505441 0.196429 0.050000 0.049475
0 0.501323 0.176676 0.050000 0.049475
0 0.362159 0.459392 0.050000 0.049475
0 0.344043 0.484083 0.050000 0.049475
0 0.386863 0.464330 0.050000 0.049475
0 0.409096 0.445811 0.050000 0.049475
0 0.396744 0.416182 0.050000 0.049475
0 0.371217 0.445811 0.050000 0.049475
0 0.366277 0.421120 0.050000 0.049475
0 0.377805 0.393960 0.050000 0.049475
0 0.394274 0.376676 0.050000 0.049475
0 0.407449 0.391490 0.050000 0.049475
0 0.429683 0.382848 0.050000 0.049475
0 0.432153 0.408774 0.050000 0.049475
0 0.438741 0.451984 0.050000 0.049475
0 0.423919 0.356922 0.050000 0.049475
0 0.395921 0.355688 0.050000 0.049475
0 0.393451 0.339639 0.050000 0.049475
0 0.391804 0.298898 0.050000 0.049475
0 0.412390 0.284083 0.050000 0.049475
0 0.425565 0.302601 0.050000 0.049475
0 0.430506 0.314947 0.050000 0.049475
0 0.456033 0.298898 0.050000 0.049475
0 0.390157 0.261861 0.050000 0.049475
0 0.401685 0.240873 0.050000 0.049475
0 0.395098 0.179145 0.050000 0.049475
0 0.405802 0.195194 0.050000 0.049475
0 0.409920 0.177910 0.050000 0.049475
0 0.418154 0.193960 0.050000 0.049475
0 0.408273 0.212478 0.050000 0.049475
0 0.397568 0.213713 0.050000 0.049475
0 0.388510 0.196429 0.050000 0.049475
0 0.439564 0.187787 0.050000 0.049475
0 0.446975 0.180379 0.050000 0.049475
0 0.434623 0.175441 0.050000 0.049475
0 0.377805 0.211243 0.050000 0.049475
0 0.367100 0.210009 0.050000 0.049475
0 0.366277 0.197663 0.050000 0.049475
0 0.540026 0.411243 0.050000 0.049475
0 0.295459 0.506305 0.050000 0.049475
0 0.302870 0.493960 0.050000 0.049475
0 0.327574 0.453219 0.050000 0.049475
0 0.339926 0.455688 0.050000 0.049475
0 0.338279 0.428527 0.050000 0.049475
0 0.330044 0.400132 0.050000 0.049475
0 0.318516 0.437169 0.050000 0.049475
0 0.302870 0.447046 0.050000 0.049475
0 0.302870 0.470503 0.050000 0.049475
0 0.280637 0.459392 0.050000 0.049475
0 0.283107 0.484083 0.050000 0.049475
0 0.265815 0.484083 0.050000 0.049475
0 0.260874 0.455688 0.050000 0.049475
0 0.260874 0.418651 0.050000 0.049475
0 0.276520 0.410009 0.050000 0.049475
0 0.297930 0.421120 0.050000 0.049475
0 0.312752 0.417416 0.050000 0.049475
0 0.315222 0.390256 0.050000 0.049475
0 0.330868 0.374206 0.050000 0.049475
0 0.353925 0.359392 0.050000 0.049475
0 0.363806 0.355688 0.050000 0.049475
0 0.381099 0.348280 0.050000 0.049475
0 0.359689 0.395194 0.050000 0.049475
0 0.347337 0.347046 0.050000 0.049475
0 0.334162 0.338404 0.050000 0.049475
0 0.300400 0.368034 0.050000 0.049475
0 0.291342 0.392725 0.050000 0.049475
0 0.269932 0.389021 0.050000 0.049475
0 0.274873 0.365564 0.050000 0.049475
0 0.250993 0.340873 0.050000 0.049475
0 0.256757 0.372972 0.050000 0.049475
0 0.251816 0.397663 0.050000 0.049475
0 0.237817 0.406305 0.050000 0.049475
0 0.226289 0.363095 0.050000 0.049475
0 0.211467 0.386552 0.050000 0.049475
0 0.218054 0.414947 0.050000 0.049475
0 0.227936 0.447046 0.050000 0.049475
0 0.238641 0.448280 0.050000 0.049475
0 0.251816 0.476676 0.050000 0.049475
0 0.202409 0.445811 0.050000 0.049475
0 0.185940 0.447046 0.050000 0.049475
0 0.170294 0.440873 0.050000 0.049475
0 0.150531 0.433466 0.050000 0.049475
0 0.167823 0.410009 0.050000 0.049475
0 0.180175 0.395194 0.050000 0.049475
0 0.185940 0.377910 0.050000 0.049475
0 0.207349 0.372972 0.050000 0.049475
0 0.200762 0.358157 0.050000 0.049475
0 0.204056 0.335935 0.050000 0.049475
0 0.213937 0.322355 0.050000 0.049475
0 0.223819 0.323589 0.050000 0.049475
0 0.229583 0.286552 0.050000 0.049475
0 0.235347 0.261861 0.050000 0.049475
0 0.238641 0.218651 0.050000 0.049475
0 0.253463 0.303836 0.050000 0.049475
0 0.243581 0.284083 0.050000 0.049475
0 0.290519 0.242108 0.050000 0.049475
0 0.197468 0.249515 0.050000 0.049475
0 0.194998 0.227293 0.050000 0.049475
0 0.208996 0.222355 0.050000 0.049475
0 0.213937 0.224824 0.050000 0.049475
0 0.222172 0.224824 0.050000 0.049475
0 0.218878 0.197663 0.050000 0.049475
0 0.276520 0.192725 0.050000 0.049475
0 0.288872 0.208774 0.050000 0.049475
0 0.293812 0.211243 0.050000 0.049475
0 0.042658 0.440873 0.050000 0.049475
0 0.015484 0.421120 0.050000 0.049475
0 0.008073 0.402601 0.050000 0.049475
0 0.028659 0.408774 0.050000 0.049475
0 0.057480 0.408774 0.050000 0.049475
0 0.076420 0.408774 0.050000 0.049475
0 0.092889 0.419885 0.050000 0.049475
0 0.104417 0.418651 0.050000 0.049475
0 0.111828 0.406305 0.050000 0.049475
0 0.125827 0.403836 0.050000 0.049475
0 0.125827 0.369268 0.050000 0.049475
0 0.116769 0.368034 0.050000 0.049475
0 0.152178 0.377910 0.050000 0.049475
0 0.137356 0.374206 0.050000 0.049475
0 0.160412 0.361861 0.050000 0.049475
0 0.172764 0.354453 0.050000 0.049475
0 0.087125 0.372972 0.050000 0.049475
0 0.044305 0.361861 0.050000 0.049475
0 0.041835 0.337169 0.050000 0.049475
0 0.040188 0.307540 0.050000 0.049475
0 0.068185 0.313713 0.050000 0.049475
0 0.087948 0.328527 0.050000 0.049475
0 0.092065 0.307540 0.050000 0.049475
0 0.104417 0.308774 0.050000 0.049475
0 0.111828 0.290256 0.050000 0.049475
0 0.104417 0.349515 0.050000 0.049475
0 0.100300 0.374206 0.050000 0.049475
0 0.092889 0.282848 0.050000 0.049475
0 0.074773 0.292725 0.050000 0.049475
0 0.070656 0.276676 0.050000 0.049475
0 0.079714 0.268034 0.050000 0.049475
0 0.089595 0.272972 0.050000 0.049475
0 0.095359 0.264330 0.050000 0.049475
0 0.088772 0.250750 0.050000 0.049475
0 0.083007 0.233466 0.050000 0.049475
0 0.064068 0.255688 0.050000 0.049475
0 0.053363 0.276676 0.050000 0.049475
0 0.001485 0.311243 0.050000 0.049475
0 0.134885 0.258157 0.050000 0.049475
0 0.131591 0.239639 0.050000 0.049475
0 0.115122 0.255688 0.050000 0.049475
0 0.060774 0.239639 0.050000 0.049475
0 0.173588 0.185318 0.050000 0.049475
0 0.160412 0.186552 0.050000 0.049475
0 0.188410 0.212478 0.050000 0.049475
0 0.194998 0.201367 0.050000 0.049475
0 0.167000 0.207540 0.050000 0.049475
0 0.157119 0.200132 0.050000 0.049475
0 0.105241 0.190256 0.050000 0.049475
0 0.092065 0.191490 0.050000 0.049475
0 0.089595 0.210009 0.050000 0.049475
0 0.074773 0.212478 0.050000 0.049475
0 0.067362 0.221120 0.050000 0.049475
0 0.083007 0.182848 0.050000 0.049475
0 0.143943 0.174206 0.050000 0.049475
0 0.148060 0.169268 0.050000 0.049475
0 0.910090 0.819771 0.050000 0.049475
0 0.962038 0.701448 0.050000 0.049475
0 0.998002 0.858713 0.050000 0.049475
0 0.964036 0.858713 0.050000 0.049475
0 0.962038 0.923116 0.050000 0.049475
0 0.935065 0.942587 0.050000 0.049475
0 0.917083 0.893161 0.050000 0.049475
0 0.942058 0.984524 0.050000 0.049475
0 0.905095 0.989017 0.050000 0.049475
0 0.945055 0.861708 0.050000 0.049475
0 0.922078 0.494759 0.050000 0.049475
0 0.974026 0.500750 0.050000 0.049475
0 0.044956 0.779332 0.050000 0.049475
0 0.128872 0.749377 0.050000 0.049475
0 0.146854 0.701448 0.050000 0.049475
0 0.117883 0.695457 0.050000 0.049475
0 0.071929 0.620570 0.050000 0.049475
0 0.078922 0.638543 0.050000 0.049475
0 0.068932 0.857215 0.050000 0.049475
0 0.215785 0.984524 0.050000 0.049475
0 0.319681 0.800300 0.050000 0.049475
0 0.339661 0.794309 0.050000 0.049475
0 0.357643 0.759861 0.050000 0.049475
0 0.342658 0.731404 0.050000 0.049475
0 0.479521 0.822766 0.050000 0.049475
0 0.581419 0.948578 0.050000 0.049475
0 0.577423 0.827260 0.050000 0.049475
0 0.568432 0.834748 0.050000 0.049475
0 0.632368 0.664005 0.050000 0.049475
0 0.679321 0.646032 0.050000 0.049475
0 0.820180 0.574140 0.050000 0.049475
0 0.802198 0.893161 0.050000 0.049475
0 0.736264 0.837744 0.050000 0.049475
0 0.798202 0.653520 0.050000 0.049475
0 0.811189 0.629556 0.050000 0.049475
0 0.834166 0.590615 0.050000 0.049475
0 0.851149 0.566651 0.050000 0.049475
0 0.857143 0.551673 0.050000 0.049475
0 0.868132 0.526211 0.050000 0.049475
0 0.851149 0.518723 0.050000 0.049475
0 0.843157 0.475288 0.050000 0.049475
0 0.963037 0.822766 0.050000 0.049475
0 0.202548 0.895283 0.050000 0.049475
0 0.447803 0.603221 0.050000 0.049475
0 0.443307 0.586746 0.050000 0.049475
0 0.428322 0.559037 0.050000 0.049475
0 0.451299 0.547804 0.050000 0.049475
0 0.088162 0.524589 0.050000 0.049475
0 0.122628 0.538818 0.050000 0.049475
0 0.203047 0.584499 0.050000 0.049475
0 0.196054 0.607714 0.050000 0.049475
0 0.180070 0.624938 0.050000 0.049475
0 0.194556 0.644409 0.050000 0.049475
0 0.223027 0.582252 0.050000 0.049475
0 0.264986 0.603970 0.050000 0.049475
0 0.244006 0.626436 0.050000 0.049475
0 0.034216 0.591239 0.050000 0.049475
0 0.336914 0.578508 0.050000 0.049475
0 0.275475 0.524589 0.050000 0.049475
0 0.228022 0.529082 0.050000 0.049475
0 0.238512 0.541064 0.050000 0.049475
0 0.212538 0.531329 0.050000 0.049475
0 0.283967 0.527584 0.050000 0.049475
0 0.299951 0.529831 0.050000 0.049475
0 0.144606 0.827884 0.050000 0.049475
0 0.291459 0.808413 0.050000 0.049475
0 0.391859 0.763481 0.050000 0.049475
0 0.058692 0.737270 0.050000 0.049475
0 0.094656 0.737270 0.050000 0.049475
0 0.108142 0.631054 0.050000 0.049475
0 0.160090 0.603346 0.050000 0.049475
0 0.290960 0.629556 0.050000 0.049475
0 0.493257 0.616077 0.050000 0.049475
0 0.478272 0.628059 0.050000 0.049475
0 0.007743 0.501499 0.050000 0.049475
0 0.040210 0.549427 0.050000 0.049475
0 0.022728 0.439342 0.050000 0.049475
0 0.042208 0.414629 0.050000 0.049475
0 0.037213 0.398154 0.050000 0.049475
0 0.063687 0.389167 0.050000 0.049475
0 0.060690 0.374938 0.050000 0.049475
0 0.089661 0.395907 0.050000 0.049475
0 0.106644 0.389167 0.050000 0.049475
0 0.083667 0.446082 0.050000 0.049475
0 0.116634 0.476786 0.050000 0.049475
0 0.119131 0.455817 0.050000 0.049475
0 0.149101 0.463306 0.050000 0.049475
0 0.175075 0.422118 0.050000 0.049475
0 0.202048 0.420620 0.050000 0.049475
0 0.255995 0.437095 0.050000 0.049475
0 0.286964 0.371943 0.050000 0.049475
0 0.314436 0.368199 0.050000 0.049475
0 0.305945 0.392163 0.050000 0.049475
0 0.323427 0.365203 0.050000 0.049475
0 0.345405 0.359961 0.050000 0.049475
0 0.379371 0.373441 0.050000 0.049475
0 0.410840 0.347230 0.050000 0.049475
0 0.407843 0.362208 0.050000 0.049475
0 0.430320 0.341239 0.050000 0.049475
0 0.455795 0.359212 0.050000 0.049475
0 0.419331 0.401898 0.050000 0.049475
0 0.399851 0.276836 0.050000 0.049475
0 0.403847 0.297804 0.050000 0.049475
0 0.387363 0.290315 0.050000 0.049475
0 0.470780 0.309786 0.050000 0.049475
0 0.049201 0.304544 0.050000 0.049475
0 0.085665 0.294809 0.050000 0.049475
0 0.101149 0.338243 0.050000 0.049475
0 0.093657 0.347230 0.050000 0.049475
0 0.097653 0.356965 0.050000 0.049475
0 0.088662 0.356216 0.050000 0.049475
0 0.010740 0.385423 0.050000 0.049475
0 0.012738 0.398154 0.050000 0.049475
0 0.052698 0.391414 0.050000 0.049475
0 0.088662 0.411633 0.050000 0.049475
0 0.134616 0.397405 0.050000 0.049475
0 0.132118 0.498503 0.050000 0.049475
0 0.281469 0.616825 0.050000 0.049475
0 0.386864 0.609337 0.050000 0.049475
0 0.104646 0.245383 0.050000 0.049475
0 0.116634 0.237145 0.050000 0.049475
0 0.092658 0.222917 0.050000 0.049475
0 0.116634 0.209437 0.050000 0.049475
0 0.132618 0.217674 0.050000 0.049475
0 0.138612 0.201948 0.050000 0.049475
0 0.174576 0.247629 0.050000 0.049475
0 0.182568 0.246881 0.050000 0.049475
0 0.207043 0.243136 0.050000 0.049475
0 0.196554 0.239392 0.050000 0.049475
0 0.231019 0.211683 0.050000 0.049475
0 0.305445 0.239392 0.050000 0.049475
0 0.299451 0.225912 0.050000 0.049475
0 0.309441 0.215428 0.050000 0.049475
0 0.318432 0.208688 0.050000 0.049475
0 0.316434 0.231154 0.050000 0.049475
0 0.339911 0.241638 0.050000 0.049475
0 0.350400 0.235647 0.050000 0.049475
0 0.351899 0.244634 0.050000 0.049475
0 0.359891 0.224414 0.050000 0.049475
0 0.342908 0.218423 0.050000 0.049475
0 0.348402 0.198204 0.050000 0.049475
0 0.373377 0.194459 0.050000 0.049475
0 0.411339 0.227410 0.050000 0.049475
0 0.416834 0.236396 0.050000 0.049475
0 0.398352 0.225912 0.050000 0.049475
0 0.388862 0.231154 0.050000 0.049475
0 0.400350 0.263356 0.050000 0.049475
0 0.104146 0.526211 0.050000 0.049475
0 0.099651 0.476037 0.050000 0.049475
0 0.162588 0.487270 0.050000 0.049475
0 0.162588 0.514229 0.050000 0.049475
0 0.186564 0.517225 0.050000 0.049475
0 0.251000 0.531454 0.050000 0.049475
0 0.288962 0.443086 0.050000 0.049475
0 0.198552 0.391538 0.050000 0.049475
0 0.232018 0.344359 0.050000 0.049475
0 0.251000 0.360834 0.050000 0.049475
0 0.261489 0.363081 0.050000 0.049475
0 0.272478 0.446206 0.050000 0.049475
0 0.311939 0.427484 0.050000 0.049475
0 0.335915 0.414754 0.050000 0.049475
0 0.415835 0.464179 0.050000 0.049475
0 0.470280 0.389292 0.050000 0.049475
0 0.051199 0.491139 0.050000 0.049475
0 0.033217 0.318897 0.050000 0.049475
0 0.036714 0.323391 0.050000 0.049475
0 0.106644 0.285198 0.050000 0.049475
0 0.134116 0.275463 0.050000 0.049475
0 0.128622 0.257490 0.050000 0.049475
0 0.101649 0.233525 0.050000 0.049475
0 0.009241 0.291189 0.050000 0.049475
0 0.023727 0.301673 0.050000 0.049475
0 0.020230 0.313655 0.050000 0.049475
0 0.033217 0.293436 0.050000 0.049475
0 0.045205 0.282202 0.050000 0.049475
0 0.015235 0.205817 0.050000 0.049475
0 0.006744 0.232028 0.050000 0.049475
0 0.002248 0.216301 0.050000 0.049475
0 0.002748 0.244759 0.050000 0.049475
0 0.365385 0.180355 0.050000 0.049475
0 0.354896 0.183351 0.050000 0.049475
0 0.338912 0.175113 0.050000 0.049475
0 0.345405 0.164629 0.050000 0.049475
0 0.342908 0.194584 0.050000 0.049475
0 0.335915 0.184849 0.050000 0.049475
0 0.329921 0.192337 0.050000 0.049475
0 0.326924 0.205817 0.050000 0.049475
0 0.336914 0.205068 0.050000 0.049475
0 0.347903 0.214055 0.050000 0.049475
0 0.337413 0.209561 0.050000 0.049475
0 0.326424 0.152647 0.050000 0.049475
0 0.323927 0.133925 0.050000 0.049475
0 0.343907 0.144409 0.050000 0.049475
0 0.354896 0.148154 0.050000 0.049475
0 0.327923 0.168373 0.050000 0.049475
0 0.283967 0.237270 0.050000 0.049475
0 0.273477 0.231279 0.050000 0.049475
0 0.282968 0.211808 0.050000 0.049475
0 0.273477 0.210310 0.050000 0.049475
0 0.258492 0.260485 0.050000 0.049475
0 0.251499 0.287445 0.050000 0.049475
0 0.259491 0.282951 0.050000 0.049475
0 0.272478 0.252247 0.050000 0.049475
0 0.275975 0.273965 0.050000 0.049475
0 0.281969 0.257490 0.050000 0.049475
0 0.292958 0.256741 0.050000 0.049475
0 0.331919 0.288193 0.050000 0.049475
0 0.121629 0.221543 0.050000 0.049475
0 0.122128 0.211808 0.050000 0.049475
0 0.092158 0.178109 0.050000 0.049475
0 0.104146 0.179606 0.050000 0.049475
0 0.096154 0.168373 0.050000 0.049475
0 0.104146 0.168373 0.050000 0.049475
0 0.093657 0.149651 0.050000 0.049475
0 0.098652 0.149651 0.050000 0.049475
0 0.101649 0.132427 0.050000 0.049475
0 0.110640 0.136920 0.050000 0.049475
0 0.124626 0.133925 0.050000 0.049475
0 0.130120 0.144409 0.050000 0.049475
0 0.140110 0.145158 0.050000 0.049475
0 0.121629 0.159387 0.050000 0.049475
0 0.111639 0.165378 0.050000 0.049475
0 0.132618 0.169871 0.050000 0.049475
0 0.139611 0.157889 0.050000 0.049475
0 0.152098 0.151898 0.050000 0.049475
0 0.158592 0.163131 0.050000 0.049475
0 0.167083 0.161633 0.050000 0.049475
0 0.169581 0.143660 0.050000 0.049475
0 0.162088 0.148154 0.050000 0.049475
0 0.162088 0.135423 0.050000 0.049475
0 0.147603 0.139167 0.050000 0.049475
0 0.153097 0.131678 0.050000 0.049475
0 0.147103 0.113705 0.050000 0.049475
0 0.133117 0.127934 0.050000 0.049475
0 0.127623 0.121943 0.050000 0.049475
0 0.168582 0.180355 0.050000 0.049475
0 0.203547 0.217050 0.050000 0.049475
0 0.204546 0.203570 0.050000 0.049475
0 0.202048 0.190840 0.050000 0.049475
0 0.206544 0.181853 0.050000 0.049475
0 0.212538 0.175862 0.050000 0.049475
0 0.218032 0.160136 0.050000 0.049475
0 0.210040 0.157140 0.050000 0.049475
0 0.196554 0.160884 0.050000 0.049475
0 0.201549 0.148154 0.050000 0.049475
0 0.207043 0.134674 0.050000 0.049475
0 0.206544 0.120445 0.050000 0.049475
0 0.186564 0.133176 0.050000 0.049475
0 0.185565 0.144409 0.050000 0.049475
0 0.185065 0.165378 0.050000 0.049475
0 0.175575 0.161633 0.050000 0.049475
0 0.197053 0.114454 0.050000 0.049475
0 0.189061 0.121943 0.050000 0.049475
0 0.207043 0.259736 0.050000 0.049475
0 0.216534 0.252247 0.050000 0.049475
0 0.232018 0.205068 0.050000 0.049475
0 0.232018 0.186346 0.050000 0.049475
0 0.240010 0.195333 0.050000 0.049475
0 0.230020 0.194584 0.050000 0.049475
0 0.223527 0.204319 0.050000 0.049475
0 0.179071 0.221543 0.050000 0.049475
0 0.169081 0.225288 0.050000 0.049475
0 0.170580 0.196082 0.050000 0.049475
0 0.182068 0.207315 0.050000 0.049475
0 0.163587 0.172866 0.050000 0.049475
0 0.114636 0.180355 0.050000 0.049475
0 0.120630 0.192337 0.050000 0.049475
0 0.129121 0.192337 0.050000 0.049475
0 0.139111 0.187095 0.050000 0.049475
0 0.139111 0.174364 0.050000 0.049475
0 0.121129 0.171369 0.050000 0.049475
0 0.108142 0.231279 0.050000 0.049475
0 0.079171 0.247005 0.050000 0.049475
0 0.135615 0.138418 0.050000 0.049475
0 0.145105 0.130929 0.050000 0.049475
0 0.121129 0.096481 0.050000 0.049475
0 0.118132 0.119696 0.050000 0.049475
0 0.107643 0.121194 0.050000 0.049475
0 0.033217 0.121943 0.050000 0.049475
0 0.037713 0.127934 0.050000 0.049475
0 0.036714 0.143660 0.050000 0.049475
0 0.028222 0.138418 0.050000 0.049475
0 0.039211 0.079257 0.050000 0.049475
0 0.049201 0.126436 0.050000 0.049475
0 0.045705 0.106216 0.050000 0.049475
0 0.055195 0.166875 0.050000 0.049475
0 0.058692 0.184100 0.050000 0.049475
0 0.057193 0.213306 0.050000 0.049475
0 0.070680 0.204319 0.050000 0.049475
0 0.062688 0.205068 0.050000 0.049475
0 0.022228 0.184849 0.050000 0.049475
0 0.188562 0.086746 0.050000 0.049475
0 0.215035 0.100225 0.050000 0.049475
0 0.207543 0.108463 0.050000 0.049475
0 0.219031 0.120445 0.050000 0.049475
0 0.231519 0.112956 0.050000 0.049475
0 0.130620 0.106216 0.050000 0.049475
0 0.128122 0.091239 0.050000 0.049475
0 0.020230 0.199826 0.050000 0.049475
0 0.029221 0.195333 0.050000 0.049475
0 0.073677 0.249252 0.050000 0.049475
0 0.107143 0.216301 0.050000 0.049475
0 0.149601 0.190091 0.050000 0.049475
0 0.153597 0.182602 0.050000 0.049475
0 0.188562 0.183351 0.050000 0.049475
0 0.217533 0.264229 0.050000 0.049475
0 0.211539 0.277709 0.050000 0.049475
0 0.379871 0.181104 0.050000 0.049475
0 0.381869 0.202822 0.050000 0.049475
0 0.309441 0.352597 0.050000 0.049475
0 0.418832 0.255992 0.050000 0.049475
0 0.447303 0.433475 0.050000 0.049475
0 0.282968 0.100974 0.050000 0.049475
0 0.283467 0.116701 0.050000 0.049475
0 0.304446 0.115952 0.050000 0.049475
0 0.311939 0.114454 0.050000 0.049475
0 0.316934 0.102472 0.050000 0.049475
0 0.310940 0.095732 0.050000 0.049475
0 0.295455 0.074015 0.050000 0.049475
0 0.258992 0.050800 0.050000 0.049475
0 0.247003 0.049302 0.050000 0.049475
0 0.206044 0.017849 0.050000 0.049475
0 0.288962 0.033575 0.050000 0.049475
0 0.331919 0.024589 0.050000 0.049475
0 0.326924 0.017100 0.050000 0.049475
0 0.337413 0.016351 0.050000 0.049475
0 0.343907 0.020845 0.050000 0.049475
0 0.387863 0.027584 0.050000 0.049475
0 0.378872 0.026836 0.050000 0.049475
0 0.369381 0.018598 0.050000 0.049475
0 0.366884 0.029831 0.050000 0.049475
0 0.359891 0.016351 0.050000 0.049475
0 0.404846 0.020845 0.050000 0.049475
0 0.404846 0.038069 0.050000 0.049475
0 0.396854 0.030580 0.050000 0.049475
0 0.389861 0.044060 0.050000 0.049475
0 0.492758 0.077759 0.050000 0.049475
0 0.486764 0.070270 0.050000 0.049475
0 0.482768 0.073266 0.050000 0.049475
0 0.475275 0.083001 0.050000 0.049475
0 0.486264 0.098728 0.050000 0.049475
0 0.477273 0.100974 0.050000 0.049475
0 0.474276 0.100225 0.050000 0.049475
0 0.464786 0.117450 0.050000 0.049475
0 0.470780 0.112208 0.050000 0.049475
0 0.478272 0.110710 0.050000 0.049475
0 0.467283 0.129432 0.050000 0.049475
0 0.474276 0.026836 0.050000 0.049475
0 0.461289 0.174364 0.050000 0.049475
0 0.460290 0.185597 0.050000 0.049475
0 0.469281 0.190840 0.050000 0.049475
0 0.468282 0.169871 0.050000 0.049475
0 0.484266 0.184849 0.050000 0.049475
0 0.497753 0.183351 0.050000 0.049475
0 0.350400 0.178109 0.050000 0.049475
0 0.353397 0.130181 0.050000 0.049475
0 0.360890 0.122692 0.050000 0.049475
0 0.354396 0.115203 0.050000 0.049475
0 0.341409 0.126436 0.050000 0.049475
0 0.345405 0.118947 0.050000 0.049475
0 0.328922 0.118947 0.050000 0.049475
0 0.323427 0.125687 0.050000 0.049475
0 0.312438 0.130181 0.050000 0.049475
0 0.294956 0.090490 0.050000 0.049475
0 0.315435 0.081504 0.050000 0.049475
0 0.313937 0.065777 0.050000 0.049475
0 0.293457 0.109212 0.050000 0.049475
0 0.419331 0.164629 0.050000 0.049475
0 0.414336 0.151149 0.050000 0.049475
0 0.424326 0.143660 0.050000 0.049475
0 0.422328 0.132427 0.050000 0.049475
0 0.411339 0.135423 0.050000 0.049475
0 0.399351 0.141414 0.050000 0.049475
0 0.400850 0.155642 0.050000 0.049475
0 0.386364 0.139916 0.050000 0.049475
0 0.389361 0.133176 0.050000 0.049475
0 0.391859 0.142911 0.050000 0.049475
0 0.381369 0.129432 0.050000 0.049475
0 0.369881 0.127934 0.050000 0.049475
0 0.360890 0.130181 0.050000 0.049475
0 0.430320 0.164629 0.050000 0.049475
0 0.431319 0.154145 0.050000 0.049475
0 0.419331 0.177360 0.050000 0.049475
0 0.425825 0.187844 0.050000 0.049475
0 0.435815 0.159387 0.050000 0.049475
0 0.437313 0.145158 0.050000 0.049475
0 0.445805 0.144409 0.050000 0.049475
0 0.448302 0.121943 0.050000 0.049475
0 0.451799 0.109212 0.050000 0.049475
0 0.447803 0.112208 0.050000 0.049475
0 0.443807 0.105468 0.050000 0.049475
0 0.449801 0.094234 0.050000 0.049475
0 0.495255 0.053046 0.050000 0.049475
0 0.485765 0.039567 0.050000 0.049475
0 0.470280 0.139916 0.050000 0.049475
0 0.412838 0.253745 0.050000 0.049475
0 0.414836 0.267974 0.050000 0.049475
0 0.404846 0.274714 0.050000 0.049475
0 0.421329 0.286696 0.050000 0.049475
0 0.491759 0.089741 0.050000 0.049475
0 0.487763 0.083001 0.050000 0.049475
0 0.478772 0.090490 0.050000 0.049475
0 0.343907 0.327884 0.050000 0.049475
0 0.346404 0.312157 0.050000 0.049475
0 0.203547 0.465677 0.050000 0.049475
0 0.350400 0.425238 0.050000 0.049475
0 0.383367 0.410260 0.050000 0.049475
0 0.411839 0.411009 0.050000 0.049475
0 0.405845 0.420745 0.050000 0.049475
0 0.418832 0.380305 0.050000 0.049475
0 0.393857 0.322642 0.050000 0.049475
0 0.327423 0.357839 0.050000 0.049475
0 0.414336 0.088243 0.050000 0.049475
0 0.379871 0.144409 0.050000 0.049475
0 0.363887 0.137669 0.050000 0.049475
0 0.355395 0.130929 0.050000 0.049475
0 0.345405 0.129432 0.050000 0.049475
0 0.345905 0.129432 0.050000 0.049475
0 0.345905 0.129432 0.050000 0.049475
0 0.345905 0.129432 0.050000 0.049475
0 0.349401 0.168373 0.050000 0.049475
0 0.349401 0.175862 0.050000 0.049475
0 0.346404 0.136172 0.050000 0.049475
0 0.350400 0.124938 0.050000 0.049475
0 0.351899 0.123441 0.050000 0.049475
0 0.353397 0.121943 0.050000 0.049475
0 0.353397 0.121943 0.050000 0.049475
0 0.353897 0.121943 0.050000 0.049475
0 0.353397 0.136172 0.050000 0.049475
0 0.351899 0.160884 0.050000 0.049475
0 0.359891 0.221543 0.050000 0.049475
0 0.377873 0.262732 0.050000 0.049475
0 0.382368 0.220046 0.050000 0.049475
0 0.403597 0.467924 0.050000 0.049475
0 0.530970 0.404269 0.050000 0.049475
0 0.534966 0.387794 0.050000 0.049475
0 0.523977 0.390041 0.050000 0.049475
0 0.511489 0.393785 0.050000 0.049475
0 0.513987 0.374314 0.050000 0.049475
0 0.592408 0.364579 0.050000 0.049475
0 0.609891 0.359337 0.050000 0.049475
0 0.603897 0.350350 0.050000 0.049475
0 0.635365 0.357090 0.050000 0.049475
0 0.657843 0.358588 0.050000 0.049475
0 0.650850 0.342113 0.050000 0.049475
0 0.650850 0.396781 0.050000 0.049475
0 0.655845 0.412507 0.050000 0.049475
0 0.630370 0.471668 0.050000 0.049475
0 0.657843 0.472417 0.050000 0.049475
0 0.675825 0.466426 0.050000 0.049475
0 0.518482 0.461184 0.050000 0.049475
0 0.454546 0.181853 0.050000 0.049475
0 0.551949 0.190840 0.050000 0.049475
0 0.559441 0.175113 0.050000 0.049475
0 0.543957 0.167624 0.050000 0.049475
0 0.546954 0.153396 0.050000 0.049475
0 0.517483 0.036571 0.050000 0.049475
0 0.511489 0.044060 0.050000 0.049475
0 0.506494 0.038818 0.050000 0.049475
0 0.506994 0.056791 0.050000 0.049475
0 0.503497 0.051549 0.050000 0.049475
0 0.510490 0.071768 0.050000 0.049475
0 0.514986 0.070270 0.050000 0.049475
0 0.510990 0.088243 0.050000 0.049475
0 0.499501 0.077759 0.050000 0.049475
0 0.495005 0.059786 0.050000 0.049475
0 0.495005 0.072517 0.050000 0.049475
0 0.540960 0.088992 0.050000 0.049475
0 0.546454 0.087495 0.050000 0.049475
0 0.543957 0.070270 0.050000 0.049475
0 0.539961 0.056042 0.050000 0.049475
0 0.536464 0.036571 0.050000 0.049475
0 0.531969 0.048553 0.050000 0.049475
0 0.527473 0.036571 0.050000 0.049475
0 0.531469 0.026836 0.050000 0.049475
0 0.519981 0.017100 0.050000 0.049475
0 0.535965 0.021593 0.050000 0.049475
0 0.524976 0.047804 0.050000 0.049475
0 0.520980 0.081504 0.050000 0.049475
0 0.526974 0.077759 0.050000 0.049475
0 0.532968 0.071019 0.050000 0.049475
0 0.527973 0.070270 0.050000 0.049475
0 0.552448 0.071768 0.050000 0.049475
0 0.528972 0.139916 0.050000 0.049475
0 0.524476 0.106965 0.050000 0.049475
0 0.538462 0.102472 0.050000 0.049475
0 0.530970 0.091988 0.050000 0.049475
0 0.553947 0.209561 0.050000 0.049475
0 0.543957 0.211808 0.050000 0.049475
0 0.557943 0.225288 0.050000 0.049475
0 0.561439 0.187095 0.050000 0.049475
0 0.567933 0.182602 0.050000 0.049475
0 0.571929 0.233525 0.050000 0.049475
0 0.583917 0.238768 0.050000 0.049475
0 0.581419 0.224539 0.050000 0.049475
0 0.588412 0.211808 0.050000 0.049475
0 0.597403 0.193086 0.050000 0.049475
0 0.592408 0.184849 0.050000 0.049475
0 0.610890 0.181104 0.050000 0.049475
0 0.614386 0.191588 0.050000 0.049475
0 0.634866 0.203570 0.050000 0.049475
0 0.657343 0.197579 0.050000 0.049475
0 0.660340 0.184100 0.050000 0.049475
0 0.673327 0.200575 0.050000 0.049475
0 0.674326 0.189342 0.050000 0.049475
0 0.679321 0.181853 0.050000 0.049475
0 0.663837 0.220046 0.050000 0.049475
0 0.654846 0.214055 0.050000 0.049475
0 0.661839 0.205817 0.050000 0.049475
0 0.666334 0.229032 0.050000 0.049475
0 0.651849 0.246256 0.050000 0.049475
0 0.641359 0.246256 0.050000 0.049475
0 0.627373 0.271718 0.050000 0.049475
0 0.629371 0.258987 0.050000 0.049475
0 0.620380 0.254494 0.050000 0.049475
0 0.607893 0.246256 0.050000 0.049475
0 0.580920 0.319646 0.050000 0.049475
0 0.593407 0.387045 0.050000 0.049475
0 0.578422 0.402023 0.050000 0.049475
0 0.599901 0.412507 0.050000 0.049475
0 0.552948 0.382552 0.050000 0.049475
0 0.572428 0.421493 0.050000 0.049475
0 0.578422 0.453695 0.050000 0.049475
0 0.582418 0.479906 0.050000 0.049475
0 0.619381 0.396781 0.050000 0.049475
0 0.694306 0.330879 0.050000 0.049475
0 0.689311 0.318897 0.050000 0.049475
0 0.734266 0.388543 0.050000 0.049475
0 0.727773 0.409511 0.050000 0.049475
0 0.757743 0.391538 0.050000 0.049475
0 0.805195 0.327135 0.050000 0.049475
0 0.780220 0.308413 0.050000 0.049475
0 0.780720 0.289691 0.050000 0.049475
0 0.796204 0.295682 0.050000 0.049475
0 0.789211 0.286696 0.050000 0.049475
0 0.822678 0.291189 0.050000 0.049475
0 0.831669 0.281454 0.050000 0.049475
0 0.829671 0.218548 0.050000 0.049475
0 0.834166 0.381803 0.050000 0.049475
0 0.820680 0.374314 0.050000 0.049475
0 0.647353 0.193086 0.050000 0.049475
0 0.645855 0.178109 0.050000 0.049475
0 0.552448 0.031329 0.050000 0.049475
0 0.565435 0.027584 0.050000 0.049475
0 0.578422 0.029831 0.050000 0.049475
0 0.580420 0.047055 0.050000 0.049475
0 0.573927 0.035822 0.050000 0.049475
0 0.595905 0.025338 0.050000 0.049475
0 0.602898 0.031329 0.050000 0.049475
0 0.607893 0.038818 0.050000 0.049475
0 0.595405 0.042562 0.050000 0.049475
0 0.597903 0.054544 0.050000 0.049475
0 0.587913 0.054544 0.050000 0.049475
0 0.606394 0.050800 0.050000 0.049475
0 0.614386 0.048553 0.050000 0.049475
0 0.623377 0.050800 0.050000 0.049475
0 0.639861 0.031329 0.050000 0.049475
0 0.632368 0.033575 0.050000 0.049475
0 0.643357 0.046306 0.050000 0.049475
0 0.638862 0.056791 0.050000 0.049475
0 0.635365 0.051549 0.050000 0.049475
0 0.588412 0.070270 0.050000 0.049475
0 0.567933 0.124190 0.050000 0.049475
0 0.574426 0.119696 0.050000 0.049475
0 0.581419 0.118199 0.050000 0.049475
0 0.569931 0.109961 0.050000 0.049475
0 0.576424 0.105468 0.050000 0.049475
0 0.586914 0.124190 0.050000 0.049475
0 0.594406 0.123441 0.050000 0.049475
0 0.596904 0.131678 0.050000 0.049475
0 0.602398 0.135423 0.050000 0.049475
0 0.608392 0.127934 0.050000 0.049475
0 0.602898 0.115203 0.050000 0.049475
0 0.615385 0.118947 0.050000 0.049475
0 0.615385 0.128683 0.050000 0.049475
0 0.625875 0.121943 0.050000 0.049475
0 0.631869 0.121194 0.050000 0.049475
0 0.634866 0.118199 0.050000 0.049475
0 0.645855 0.137669 0.050000 0.049475
0 0.653847 0.143660 0.050000 0.049475
0 0.657343 0.132427 0.050000 0.049475
0 0.666334 0.131678 0.050000 0.049475
0 0.670330 0.136920 0.050000 0.049475
0 0.684316 0.136172 0.050000 0.049475
0 0.690310 0.148902 0.050000 0.049475
0 0.675325 0.154893 0.050000 0.049475
0 0.676824 0.165378 0.050000 0.049475
0 0.699801 0.170620 0.050000 0.049475
0 0.663337 0.172866 0.050000 0.049475
0 0.650850 0.157889 0.050000 0.049475
0 0.656344 0.157140 0.050000 0.049475
0 0.662338 0.161633 0.050000 0.049475
0 0.612888 0.158638 0.050000 0.049475
0 0.623877 0.163880 0.050000 0.049475
0 0.627873 0.135423 0.050000 0.049475
0 0.634866 0.131678 0.050000 0.049475
0 0.612388 0.140665 0.050000 0.049475
0 0.620880 0.137669 0.050000 0.049475
0 0.625375 0.032827 0.050000 0.049475
0 0.628872 0.039567 0.050000 0.049475
0 0.666834 0.105468 0.050000 0.049475
0 0.659841 0.100974 0.050000 0.049475
0 0.721779 0.195333 0.050000 0.049475
0 0.721779 0.211059 0.050000 0.049475
0 0.727273 0.213306 0.050000 0.049475
0 0.733267 0.196082 0.050000 0.049475
0 0.740760 0.204319 0.050000 0.049475
0 0.742758 0.210310 0.050000 0.049475
0 0.759241 0.205817 0.050000 0.049475
0 0.770230 0.214804 0.050000 0.049475
0 0.779221 0.229781 0.050000 0.049475
0 0.784216 0.214804 0.050000 0.049475
0 0.774226 0.238768 0.050000 0.049475
0 0.800700 0.208064 0.050000 0.049475
0 0.797203 0.195333 0.050000 0.049475
0 0.812688 0.229781 0.050000 0.049475
0 0.808692 0.244759 0.050000 0.049475
0 0.801699 0.279207 0.050000 0.049475
0 0.694306 0.282951 0.050000 0.049475
0 0.692808 0.264229 0.050000 0.049475
0 0.700300 0.256741 0.050000 0.049475
0 0.704296 0.244759 0.050000 0.049475
0 0.680820 0.217050 0.050000 0.049475
0 0.681319 0.228283 0.050000 0.049475
0 0.715785 0.276211 0.050000 0.049475
0 0.707793 0.267974 0.050000 0.049475
0 0.699801 0.132427 0.050000 0.049475
0 0.711789 0.135423 0.050000 0.049475
0 0.715785 0.125687 0.050000 0.049475
0 0.723277 0.121194 0.050000 0.049475
0 0.713287 0.115952 0.050000 0.049475
0 0.720780 0.107714 0.050000 0.049475
0 0.712288 0.100225 0.050000 0.049475
0 0.704296 0.116701 0.050000 0.049475
0 0.697803 0.115203 0.050000 0.049475
0 0.703297 0.106965 0.050000 0.049475
0 0.703797 0.094983 0.050000 0.049475
0 0.697303 0.093486 0.050000 0.049475
0 0.694806 0.081504 0.050000 0.049475
0 0.686814 0.080006 0.050000 0.049475
0 0.682818 0.068024 0.050000 0.049475
0 0.692308 0.068024 0.050000 0.049475
0 0.654846 0.105468 0.050000 0.049475
0 0.663837 0.034324 0.050000 0.049475
0 0.692808 0.029831 0.050000 0.049475
0 0.703297 0.025338 0.050000 0.049475
0 0.697803 0.018598 0.050000 0.049475
0 0.700300 0.035822 0.050000 0.049475
0 0.693807 0.040315 0.050000 0.049475
0 0.685315 0.038818 0.050000 0.049475
0 0.674826 0.040315 0.050000 0.049475
0 0.682318 0.033575 0.050000 0.049475
0 0.681819 0.023091 0.050000 0.049475
0 0.688312 0.049302 0.050000 0.049475
0 0.695805 0.051549 0.050000 0.049475
0 0.741259 0.093486 0.050000 0.049475
0 0.765235 0.080755 0.050000 0.049475
0 0.757743 0.080006 0.050000 0.049475
0 0.755245 0.071768 0.050000 0.049475
0 0.749251 0.079257 0.050000 0.049475
0 0.749251 0.094983 0.050000 0.049475
0 0.755245 0.097979 0.050000 0.049475
0 0.761739 0.093486 0.050000 0.049475
0 0.767733 0.101723 0.050000 0.049475
0 0.776724 0.100225 0.050000 0.049475
0 0.782718 0.080006 0.050000 0.049475
0 0.779721 0.059037 0.050000 0.049475
0 0.785715 0.059037 0.050000 0.049475
0 0.789711 0.079257 0.050000 0.049475
0 0.787213 0.072517 0.050000 0.049475
0 0.798702 0.050800 0.050000 0.049475
0 0.799201 0.063531 0.050000 0.049475
0 0.809691 0.054544 0.050000 0.049475
0 0.810190 0.072517 0.050000 0.049475
0 0.797703 0.081504 0.050000 0.049475
0 0.824176 0.091239 0.050000 0.049475
0 0.810190 0.091239 0.050000 0.049475
0 0.803697 0.091239 0.050000 0.049475
0 0.804196 0.105468 0.050000 0.049475
0 0.832668 0.125687 0.050000 0.049475
0 0.810190 0.130929 0.050000 0.049475
0 0.796704 0.143660 0.050000 0.049475
0 0.797203 0.124938 0.050000 0.049475
0 0.824176 0.153396 0.050000 0.049475
0 0.757743 0.169122 0.050000 0.049475
0 0.756244 0.160136 0.050000 0.049475
0 0.762238 0.148154 0.050000 0.049475
0 0.756744 0.136172 0.050000 0.049475
0 0.720780 0.164629 0.050000 0.049475
0 0.673327 0.276211 0.050000 0.049475
0 0.636864 0.258238 0.050000 0.049475
0 0.778722 0.037320 0.050000 0.049475
0 0.775725 0.021593 0.050000 0.049475
0 0.787213 0.014105 0.050000 0.049475
0 0.783217 0.016351 0.050000 0.049475
0 0.736764 0.026836 0.050000 0.049475
0 0.710790 0.027584 0.050000 0.049475
0 0.675825 0.042562 0.050000 0.049475
0 0.707793 0.085997 0.050000 0.049475
0 0.731269 0.086746 0.050000 0.049475
0 0.727273 0.097230 0.050000 0.049475
0 0.741759 0.114454 0.050000 0.049475
0 0.762238 0.108463 0.050000 0.049475
0 0.732768 0.106965 0.050000 0.049475
0 0.743757 0.137669 0.050000 0.049475
0 0.740260 0.129432 0.050000 0.049475
0 0.731769 0.187844 0.050000 0.049475
0 0.740760 0.184849 0.050000 0.049475
0 0.741759 0.171369 0.050000 0.049475
0 0.653347 0.268723 0.050000 0.049475
0 0.688312 0.213306 0.050000 0.049475
0 0.796704 0.436471 0.050000 0.049475
0 0.615385 0.791314 0.050000 0.049475
0 0.592408 0.824264 0.050000 0.049475
0 0.499501 0.699951 0.050000 0.049475
0 0.500500 0.632552 0.050000 0.049475
0 0.514486 0.599601 0.050000 0.049475
0 0.511489 0.566651 0.050000 0.049475
0 0.503497 0.512732 0.050000 0.049475
0 0.505495 0.505243 0.050000 0.049475
0 0.510490 0.490265 0.050000 0.049475
0 0.495505 0.533700 0.050000 0.049475
0 0.942058 0.478283 0.050000 0.049475
0 0.947053 0.442337 0.050000 0.049475
0 0.911839 0.387794 0.050000 0.049475
0 0.913337 0.368323 0.050000 0.049475
0 0.914836 0.406516 0.050000 0.049475
0 0.902348 0.406516 0.050000 0.049475
0 0.892858 0.402023 0.050000 0.049475
0 0.870380 0.414005 0.050000 0.049475
0 0.873877 0.477659 0.050000 0.049475
0 0.850400 0.463430 0.050000 0.049475
0 0.926824 0.414754 0.050000 0.049475
0 0.931819 0.395283 0.050000 0.049475
0 0.918332 0.256741 0.050000 0.049475
0 0.906344 0.254494 0.050000 0.049475
0 0.901349 0.239516 0.050000 0.049475
0 0.913337 0.238019 0.050000 0.049475
0 0.921829 0.230530 0.050000 0.049475
0 0.924326 0.217050 0.050000 0.049475
0 0.930820 0.232028 0.050000 0.049475
0 0.935815 0.250001 0.050000 0.049475
0 0.927823 0.252247 0.050000 0.049475
0 0.924326 0.274714 0.050000 0.049475
0 0.931819 0.271718 0.050000 0.049475
0 0.940310 0.276960 0.050000 0.049475
0 0.924826 0.289691 0.050000 0.049475
0 0.916334 0.280705 0.050000 0.049475
0 0.904846 0.269472 0.050000 0.049475
0 0.907843 0.280705 0.050000 0.049475
0 0.878372 0.267974 0.050000 0.049475
0 0.850400 0.294184 0.050000 0.049475
0 0.848902 0.276960 0.050000 0.049475
0 0.832418 0.250001 0.050000 0.049475
0 0.833917 0.300175 0.050000 0.049475
0 0.833417 0.288193 0.050000 0.049475
0 0.891859 0.306915 0.050000 0.049475
0 0.903347 0.312906 0.050000 0.049475
0 0.901349 0.332377 0.050000 0.049475
0 0.881369 0.331628 0.050000 0.049475
0 0.865385 0.328633 0.050000 0.049475
0 0.876374 0.336870 0.050000 0.049475
0 0.922828 0.318148 0.050000 0.049475
0 0.912838 0.329382 0.050000 0.049475
0 0.913837 0.306166 0.050000 0.049475
0 0.905845 0.295682 0.050000 0.049475
0 0.947303 0.254494 0.050000 0.049475
0 0.950800 0.239516 0.050000 0.049475
0 0.944806 0.224539 0.050000 0.049475
0 0.955795 0.229032 0.050000 0.049475
0 0.963287 0.207315 0.050000 0.049475
0 0.957293 0.212557 0.050000 0.049475
0 0.953797 0.200575 0.050000 0.049475
0 0.958792 0.187844 0.050000 0.049475
0 0.967783 0.177360 0.050000 0.049475
0 0.972278 0.187095 0.050000 0.049475
0 0.975775 0.204319 0.050000 0.049475
0 0.977773 0.196082 0.050000 0.049475
0 0.971279 0.227534 0.050000 0.049475
0 0.978272 0.250001 0.050000 0.049475
0 0.969281 0.250001 0.050000 0.049475
0 0.965285 0.235023 0.050000 0.049475
0 0.967283 0.237270 0.050000 0.049475
0 0.961789 0.238019 0.050000 0.049475
0 0.962288 0.248503 0.050000 0.049475
0 0.956794 0.254494 0.050000 0.049475
0 0.972278 0.267225 0.050000 0.049475
0 0.967283 0.290440 0.050000 0.049475
0 0.979771 0.289691 0.050000 0.049475
0 0.986264 0.294933 0.050000 0.049475
0 0.990760 0.286696 0.050000 0.049475
0 0.997753 0.294184 0.050000 0.049475
0 0.997753 0.309911 0.050000 0.049475
0 0.966784 0.309911 0.050000 0.049475
0 0.947803 0.305418 0.050000 0.049475
0 0.943807 0.287445 0.050000 0.049475
0 0.955795 0.279956 0.050000 0.049475
0 0.959291 0.267225 0.050000 0.049475
0 0.933817 0.286696 0.050000 0.049475
0 0.937313 0.293436 0.050000 0.049475
0 0.939311 0.306166 0.050000 0.049475
0 0.956294 0.294184 0.050000 0.049475
0 0.982768 0.315153 0.050000 0.049475
0 0.992258 0.336870 0.050000 0.049475
0 0.993257 0.363081 0.050000 0.049475
0 0.986764 0.384050 0.050000 0.049475
0 0.965785 0.375063 0.050000 0.049475
0 0.962288 0.361583 0.050000 0.049475
0 0.967283 0.357090 0.050000 0.049475
0 0.955295 0.342113 0.050000 0.049475
0 0.949301 0.366825 0.050000 0.049475
0 0.998252 0.398278 0.050000 0.049475
0 0.942808 0.424489 0.050000 0.049475
0 0.947803 0.384050 0.050000 0.049475
0 0.957293 0.382552 0.050000 0.049475
0 0.866384 0.360834 0.050000 0.049475
0 0.797453 0.390041 0.050000 0.049475
0 0.789461 0.390789 0.050000 0.049475
0 0.719531 0.354095 0.050000 0.049475
0 0.713037 0.333126 0.050000 0.049475
0 0.728522 0.330879 0.050000 0.049475
0 0.978272 0.177360 0.050000 0.049475
0 0.972278 0.168373 0.050000 0.049475
0 0.967283 0.133925 0.050000 0.049475
0 0.959291 0.138418 0.050000 0.049475
0 0.968782 0.114454 0.050000 0.049475
0 0.969781 0.080755 0.050000 0.049475
0 0.968282 0.097979 0.050000 0.049475
0 0.965785 0.094983 0.050000 0.049475
0 0.977273 0.032827 0.050000 0.049475
0 0.983267 0.017849 0.050000 0.049475
0 0.970280 0.020096 0.050000 0.049475
0 0.967783 0.035822 0.050000 0.049475
0 0.963787 0.028333 0.050000 0.049475
0 0.973277 0.046306 0.050000 0.049475
0 0.979271 0.061284 0.050000 0.049475
0 0.973277 0.064279 0.050000 0.049475
0 0.969781 0.054544 0.050000 0.049475
0 0.962788 0.059786 0.050000 0.049475
0 0.970780 0.078508 0.050000 0.049475
0 0.963287 0.078508 0.050000 0.049475
0 0.953297 0.077010 0.050000 0.049475
0 0.946804 0.080755 0.050000 0.049475
0 0.946804 0.070270 0.050000 0.049475
0 0.952298 0.063531 0.050000 0.049475
0 0.960290 0.069522 0.050000 0.049475
0 0.947803 0.059786 0.050000 0.049475
0 0.951299 0.051549 0.050000 0.049475
0 0.956294 0.053795 0.050000 0.049475
0 0.943807 0.048553 0.050000 0.049475
0 0.947803 0.044060 0.050000 0.049475
0 0.946304 0.038818 0.050000 0.049475
0 0.933317 0.029082 0.050000 0.049475
0 0.925325 0.031329 0.050000 0.049475
0 0.919331 0.028333 0.050000 0.049475
0 0.916334 0.036571 0.050000 0.049475
0 0.906344 0.026087 0.050000 0.049475
0 0.907843 0.039567 0.050000 0.049475
0 0.903347 0.052297 0.050000 0.049475
0 0.907343 0.047804 0.050000 0.049475
0 0.910840 0.053795 0.050000 0.049475
0 0.913337 0.044060 0.050000 0.049475
0 0.922328 0.047055 0.050000 0.049475
0 0.929321 0.042562 0.050000 0.049475
0 0.935315 0.043311 0.050000 0.049475
0 0.931819 0.050800 0.050000 0.049475
0 0.928822 0.059786 0.050000 0.049475
0 0.929821 0.073266 0.050000 0.049475
0 0.936314 0.062782 0.050000 0.049475
0 0.937813 0.050800 0.050000 0.049475
0 0.925325 0.076261 0.050000 0.049475
0 0.940810 0.076261 0.050000 0.049475
0 0.938812 0.069522 0.050000 0.049475
0 0.939811 0.088243 0.050000 0.049475
0 0.942808 0.093486 0.050000 0.049475
0 0.961789 0.085997 0.050000 0.049475
0 0.907343 0.085997 0.050000 0.049475
0 0.910840 0.079257 0.050000 0.049475
0 0.902848 0.074015 0.050000 0.049475
0 0.896854 0.069522 0.050000 0.049475
0 0.896354 0.062782 0.050000 0.049475
0 0.898352 0.044060 0.050000 0.049475
0 0.884866 0.050051 0.050000 0.049475
0 0.879371 0.044809 0.050000 0.049475
0 0.860890 0.022342 0.050000 0.049475
0 0.854396 0.033575 0.050000 0.049475
0 0.847903 0.028333 0.050000 0.049475
0 0.840910 0.023091 0.050000 0.049475
0 0.849901 0.019347 0.050000 0.049475
0 0.865885 0.037320 0.050000 0.049475
0 0.862388 0.033575 0.050000 0.049475
0 0.858392 0.046306 0.050000 0.049475
0 0.853397 0.044809 0.050000 0.049475
0 0.849901 0.041064 0.050000 0.049475
0 0.848902 0.050051 0.050000 0.049475
0 0.846904 0.068024 0.050000 0.049475
0 0.838412 0.062782 0.050000 0.049475
0 0.842408 0.059786 0.050000 0.049475
0 0.836914 0.077759 0.050000 0.049475
0 0.858892 0.075513 0.050000 0.049475
0 0.865385 0.076261 0.050000 0.049475
0 0.874876 0.077759 0.050000 0.049475
0 0.883867 0.071019 0.050000 0.049475
0 0.884866 0.065028 0.050000 0.049475
0 0.879371 0.087495 0.050000 0.049475
0 0.873377 0.094234 0.050000 0.049475
0 0.865885 0.090490 0.050000 0.049475
0 0.860390 0.090490 0.050000 0.049475
0 0.849901 0.081504 0.050000 0.049475
0 0.849401 0.095732 0.050000 0.049475
0 0.856394 0.093486 0.050000 0.049475
0 0.870880 0.112956 0.050000 0.049475
0 0.880870 0.127185 0.050000 0.049475
0 0.887863 0.124190 0.050000 0.049475
0 0.889361 0.164629 0.050000 0.049475
0 0.821929 0.050800 0.050000 0.049475
0 0.819931 0.017849 0.050000 0.049475
0 0.826924 0.020096 0.050000 0.049475
0 0.819931 0.034324 0.050000 0.049475
0 0.807443 0.121194 0.050000 0.049475
0 0.819931 0.124938 0.050000 0.049475
0 0.839411 0.127185 0.050000 0.049475
0 0.844906 0.127185 0.050000 0.049475
0 0.852898 0.130181 0.050000 0.049475
0 0.855395 0.120445 0.050000 0.049475
0 0.862388 0.116701 0.050000 0.049475
0 0.852898 0.106216 0.050000 0.049475
0 0.856394 0.065777 0.050000 0.049475
0 0.866884 0.130929 0.050000 0.049475
0 0.859891 0.127934 0.050000 0.049475
0 0.849901 0.144409 0.050000 0.049475
0 0.855395 0.139916 0.050000 0.049475
0 0.841409 0.159387 0.050000 0.049475
0 0.844906 0.178857 0.050000 0.049475
0 0.836914 0.170620 0.050000 0.049475
0 0.854396 0.172866 0.050000 0.049475
0 0.860390 0.155642 0.050000 0.049475
0 0.870380 0.148154 0.050000 0.049475
0 0.873877 0.133176 0.050000 0.049475
0 0.879871 0.138418 0.050000 0.049475
0 0.885865 0.151149 0.050000 0.049475
0 0.892358 0.145158 0.050000 0.049475
0 0.891859 0.131678 0.050000 0.049475
0 0.897353 0.163880 0.050000 0.049475
0 0.904346 0.170620 0.050000 0.049475
0 0.914836 0.175113 0.050000 0.049475
0 0.919831 0.164629 0.050000 0.049475
0 0.920830 0.156391 0.050000 0.049475
0 0.930820 0.145907 0.050000 0.049475
0 0.936814 0.137669 0.050000 0.049475
0 0.928322 0.177360 0.050000 0.049475
0 0.943307 0.182602 0.050000 0.049475
0 0.935815 0.196831 0.050000 0.049475
0 0.932318 0.207315 0.050000 0.049475
0 0.931319 0.217799 0.050000 0.049475
0 0.924326 0.195333 0.050000 0.049475
0 0.909341 0.188593 0.050000 0.049475
0 0.915835 0.193086 0.050000 0.049475
0 0.965285 0.327135 0.050000 0.049475
0 0.765485 0.183351 0.050000 0.049475
0 0.762488 0.258987 0.050000 0.049475
0 0.744506 0.244759 0.050000 0.049475
0 0.747003 0.235023 0.050000 0.049475
0 0.878872 0.312906 0.050000 0.049475
0 0.728272 0.013980 0.050000 0.049475
0 0.720280 0.009487 0.050000 0.049475
0 0.707293 0.009487 0.050000 0.049475
0 0.878122 0.013980 0.050000 0.049475
0 0.871129 0.004994 0.050000 0.049475
0 0.864136 0.006491 0.050000 0.049475
0 0.856144 0.009487 0.050000 0.049475
0 0.317683 0.018473 0.050000 0.049475