0 0.295998 0.776528 0.049206 0.048593
0 0.386908 0.739506 0.049206 0.048593
0 0.430864 0.699265 0.049206 0.048593
0 0.384910 0.668682 0.049206 0.048593
0 0.311982 0.654195 0.049206 0.048593
0 0.236058 0.687997 0.049206 0.048593
0 0.171123 0.588200 0.049206 0.048593
0 0.124170 0.605906 0.049206 0.048593
0 0.112182 0.490011 0.049206 0.048593
0 0.153141 0.522204 0.049206 0.048593
0 0.033261 0.652585 0.049206 0.048593
0 0.037257 0.370898 0.049206 0.048593
0 0.065229 0.399871 0.049206 0.048593
0 0.116178 0.436893 0.049206 0.048593
0 0.161133 0.362849 0.049206 0.048593
0 0.089205 0.320999 0.049206 0.048593
0 0.063231 0.314560 0.049206 0.048593
0 0.048246 0.285587 0.049206 0.048593
0 0.045249 0.327437 0.049206 0.048593
0 0.037257 0.221201 0.049206 0.048593
0 0.027267 0.195446 0.049206 0.048593
0 0.014280 0.205104 0.049206 0.048593
0 0.048246 0.200275 0.049206 0.048593
0 0.057237 0.193837 0.049206 0.048593
0 0.036258 0.164863 0.049206 0.048593
0 0.079215 0.193837 0.049206 0.048593
0 0.065229 0.217982 0.049206 0.048593
0 0.068226 0.237297 0.049206 0.048593
0 0.057237 0.253394 0.049206 0.048593
0 0.093201 0.282367 0.049206 0.048593
0 0.085209 0.246955 0.049206 0.048593
0 0.101193 0.221201 0.049206 0.048593
0 0.095199 0.169692 0.049206 0.048593
0 0.127167 0.169692 0.049206 0.048593
0 0.118176 0.206714 0.049206 0.048593
0 0.122172 0.298464 0.049206 0.048593
0 0.203091 0.504498 0.049206 0.048593
0 0.177117 0.412748 0.049206 0.048593
0 0.227067 0.369288 0.049206 0.048593
0 0.209085 0.320999 0.049206 0.048593
0 0.193101 0.293635 0.049206 0.048593
0 0.174120 0.272709 0.049206 0.048593
0 0.143151 0.309731 0.049206 0.048593
0 0.141153 0.238907 0.049206 0.048593
0 0.136158 0.213153 0.049206 0.048593
0 0.135159 0.190618 0.049206 0.048593
0 0.139155 0.176131 0.049206 0.048593
0 0.152142 0.208324 0.049206 0.048593
0 0.176118 0.226030 0.049206 0.048593
0 0.158136 0.263052 0.049206 0.048593
0 0.253041 0.401481 0.049206 0.048593
0 0.348945 0.562445 0.049206 0.048593
0 0.342951 0.523814 0.049206 0.048593
0 0.273021 0.502888 0.049206 0.048593
0 0.308985 0.427235 0.049206 0.048593
0 0.532762 0.683168 0.049206 0.048593
0 0.452842 0.549568 0.049206 0.048593
0 0.400894 0.501279 0.049206 0.048593
0 0.394900 0.403091 0.049206 0.048593
0 0.347946 0.407919 0.049206 0.048593
0 0.464830 0.638098 0.049206 0.048593
0 0.521773 0.522204 0.049206 0.048593
0 0.495799 0.485182 0.049206 0.048593
0 0.456838 0.464257 0.049206 0.048593
0 0.600694 0.665462 0.049206 0.048593
0 0.677617 0.665462 0.049206 0.048593
0 0.630664 0.533472 0.049206 0.048593
0 0.561733 0.570493 0.049206 0.048593
0 0.593701 0.428845 0.049206 0.048593
0 0.636658 0.440112 0.049206 0.048593
0 0.612682 0.411139 0.049206 0.048593
0 0.675619 0.494840 0.049206 0.048593
0 0.710584 0.475524 0.049206 0.048593
0 0.737557 0.597857 0.049206 0.048593
0 0.758536 0.660633 0.049206 0.048593
0 0.854440 0.770089 0.049206 0.048593
0 0.913381 0.704094 0.049206 0.048593
0 0.909385 0.865058 0.049206 0.048593
0 0.943351 0.910128 0.049206 0.048593
0 0.850444 0.650976 0.049206 0.048593
0 0.817477 0.593028 0.049206 0.048593
0 0.797497 0.565665 0.049206 0.048593
0 0.812482 0.517375 0.049206 0.048593
0 0.846448 0.512546 0.049206 0.048593
0 0.880414 0.562445 0.049206 0.048593
0 0.904390 0.622002 0.049206 0.048593
0 0.936358 0.602686 0.049206 0.048593
0 0.935359 0.523814 0.049206 0.048593
0 0.970324 0.546349 0.049206 0.048593
0 0.976318 0.477134 0.049206 0.048593
0 0.984310 0.411139 0.049206 0.048593
0 0.953341 0.438503 0.049206 0.048593
0 0.966328 0.390213 0.049206 0.048593
0 0.932362 0.396652 0.049206 0.048593
0 0.924370 0.427235 0.049206 0.048593
0 0.900394 0.448161 0.049206 0.048593
0 0.921373 0.473915 0.049206 0.048593
0 0.869425 0.395042 0.049206 0.048593
0 0.904390 0.395042 0.049206 0.048593
0 0.895399 0.375727 0.049206 0.048593
0 0.883411 0.356411 0.049206 0.048593
0 0.859435 0.353192 0.049206 0.048593
0 0.850444 0.399871 0.049206 0.048593
0 0.834460 0.436893 0.049206 0.048593
0 0.831463 0.362849 0.049206 0.048593
0 0.832462 0.335485 0.049206 0.048593
0 0.832462 0.306512 0.049206 0.048593
0 0.808486 0.395042 0.049206 0.048593
0 0.512782 0.430454 0.049206 0.048593
0 0.426868 0.427235 0.049206 0.048593
0 0.444850 0.401481 0.049206 0.048593
0 0.486808 0.330657 0.049206 0.048593
0 0.455839 0.329047 0.049206 0.048593
0 0.456838 0.374117 0.049206 0.048593
0 0.132412 0.260937 0.049206 0.048593
0 0.220824 0.342224 0.049206 0.048593
0 0.253291 0.295544 0.049206 0.048593
0 0.266778 0.304397 0.049206 0.048593
0 0.241303 0.279448 0.049206 0.048593
0 0.225819 0.254498 0.049206 0.048593
0 0.191353 0.256913 0.049206 0.048593
0 0.208836 0.236792 0.049206 0.048593
0 0.190354 0.236792 0.049206 0.048593
0 0.188356 0.194941 0.049206 0.048593
0 0.169875 0.194941 0.049206 0.048593
0 0.156388 0.183674 0.049206 0.048593
0 0.196848 0.180454 0.049206 0.048593
0 0.185359 0.165968 0.049206 0.048593
0 0.185859 0.153091 0.049206 0.048593
0 0.173871 0.153091 0.049206 0.048593
0 0.173871 0.135384 0.049206 0.048593
0 0.186358 0.133775 0.049206 0.048593
0 0.160384 0.122507 0.049206 0.048593
0 0.161383 0.136994 0.049206 0.048593
0 0.158886 0.153091 0.049206 0.048593
0 0.176368 0.111240 0.049206 0.048593
0 0.176368 0.123312 0.049206 0.048593
0 0.186858 0.112849 0.049206 0.048593
0 0.200844 0.112045 0.049206 0.048593
0 0.200844 0.135384 0.049206 0.048593
0 0.212832 0.141823 0.049206 0.048593
0 0.212832 0.155505 0.049206 0.048593
0 0.210834 0.167577 0.049206 0.048593
0 0.199345 0.152286 0.049206 0.048593
0 0.236808 0.144237 0.049206 0.048593
0 0.246298 0.179650 0.049206 0.048593
0 0.217327 0.217476 0.049206 0.048593
0 0.240804 0.245645 0.049206 0.048593
0 0.274270 0.190917 0.049206 0.048593
0 0.294750 0.167577 0.049206 0.048593
0 0.298746 0.182869 0.049206 0.048593
0 0.301243 0.200575 0.049206 0.048593
0 0.300744 0.220696 0.049206 0.048593
0 0.260784 0.153091 0.049206 0.048593
0 0.271273 0.140213 0.049206 0.048593
0 0.256788 0.139409 0.049206 0.048593
0 0.242802 0.125727 0.049206 0.048593
0 0.259285 0.122507 0.049206 0.048593
0 0.238806 0.115264 0.049206 0.048593
0 0.233811 0.120898 0.049206 0.048593
0 0.224320 0.118483 0.049206 0.048593
0 0.217827 0.109630 0.049206 0.048593
0 0.211333 0.096753 0.049206 0.048593
0 0.203341 0.096753 0.049206 0.048593
0 0.197847 0.091924 0.049206 0.048593
0 0.192852 0.098363 0.049206 0.048593
0 0.180864 0.096753 0.049206 0.048593
0 0.175869 0.089510 0.049206 0.048593
0 0.167377 0.088705 0.049206 0.048593
0 0.169375 0.098363 0.049206 0.048593
0 0.158886 0.094339 0.049206 0.048593
0 0.154890 0.098363 0.049206 0.048593
0 0.148896 0.108020 0.049206 0.048593
0 0.162882 0.108825 0.049206 0.048593
0 0.148896 0.088705 0.049206 0.048593
0 0.146898 0.080657 0.049206 0.048593
0 0.154890 0.084681 0.049206 0.048593
0 0.240804 0.101582 0.049206 0.048593
0 0.228816 0.099167 0.049206 0.048593
0 0.224320 0.095143 0.049206 0.048593
0 0.256788 0.108020 0.049206 0.048593
0 0.266778 0.116874 0.049206 0.048593
0 0.275769 0.121702 0.049206 0.048593
0 0.285259 0.120898 0.049206 0.048593
0 0.280264 0.132970 0.049206 0.048593
0 0.276768 0.157115 0.049206 0.048593
0 0.294250 0.131360 0.049206 0.048593
0 0.292252 0.143433 0.049206 0.048593
0 0.307237 0.146652 0.049206 0.048593
0 0.313731 0.152286 0.049206 0.048593
0 0.311733 0.169187 0.049206 0.048593
0 0.325719 0.156310 0.049206 0.048593
0 0.321223 0.182064 0.049206 0.048593
0 0.324220 0.214257 0.049206 0.048593
0 0.312732 0.210233 0.049206 0.048593
0 0.346698 0.194941 0.049206 0.048593
0 0.340204 0.223915 0.049206 0.048593
0 0.364680 0.207014 0.049206 0.048593
0 0.355189 0.174821 0.049206 0.048593
0 0.346198 0.171601 0.049206 0.048593
0 0.346698 0.154700 0.049206 0.048593
0 0.336208 0.153091 0.049206 0.048593
0 0.328716 0.148262 0.049206 0.048593
0 0.365179 0.161139 0.049206 0.048593
0 0.372672 0.153091 0.049206 0.048593
0 0.372672 0.183674 0.049206 0.048593
0 0.386658 0.180454 0.049206 0.048593
0 0.402642 0.163553 0.049206 0.048593
0 0.398146 0.176430 0.049206 0.048593
0 0.389155 0.165968 0.049206 0.048593
0 0.382162 0.158724 0.049206 0.048593
0 0.380664 0.172406 0.049206 0.048593
0 0.352192 0.255303 0.049206 0.048593
0 0.394650 0.223110 0.049206 0.048593
0 0.374170 0.243231 0.049206 0.048593
0 0.379665 0.268180 0.049206 0.048593
0 0.403141 0.284276 0.049206 0.048593
0 0.403141 0.326932 0.049206 0.048593
0 0.399145 0.352686 0.049206 0.048593
0 0.423121 0.315665 0.049206 0.048593
0 0.357687 0.338200 0.049206 0.048593
0 0.315229 0.323713 0.049206 0.048593
0 0.301743 0.352686 0.049206 0.048593
0 0.273771 0.272204 0.049206 0.048593
0 0.304740 0.260132 0.049206 0.048593
0 0.270274 0.219891 0.049206 0.048593
0 0.248796 0.224720 0.049206 0.048593
0 0.261283 0.194941 0.049206 0.048593
0 0.230814 0.184479 0.049206 0.048593
0 0.233311 0.212647 0.049206 0.048593
0 0.200844 0.195746 0.049206 0.048593
0 0.200844 0.215867 0.049206 0.048593
0 0.238806 0.159529 0.049206 0.048593
0 0.228816 0.153091 0.049206 0.048593
0 0.220824 0.140213 0.049206 0.048593
0 0.364930 0.293635 0.049206 0.048593
0 0.346947 0.304097 0.049206 0.048593
0 0.340454 0.274319 0.049206 0.048593
0 0.477817 0.304097 0.049206 0.048593
0 0.458836 0.292830 0.049206 0.048593
0 0.467327 0.280758 0.049206 0.048593
0 0.486808 0.276733 0.049206 0.048593
0 0.476818 0.258223 0.049206 0.048593
0 0.451343 0.255808 0.049206 0.048593
0 0.449345 0.279953 0.049206 0.048593
0 0.436858 0.279148 0.049206 0.048593
0 0.428866 0.241321 0.049206 0.048593
0 0.401393 0.237297 0.049206 0.048593
0 0.422872 0.218786 0.049206 0.048593
0 0.454840 0.223615 0.049206 0.048593
0 0.463831 0.180155 0.049206 0.048593
0 0.428366 0.166473 0.049206 0.048593
0 0.414880 0.172911 0.049206 0.048593
0 0.389405 0.196251 0.049206 0.048593
0 0.378916 0.220396 0.049206 0.048593
0 0.403391 0.200275 0.049206 0.048593
0 0.415379 0.189008 0.049206 0.048593
0 0.432862 0.188203 0.049206 0.048593
0 0.433361 0.201885 0.049206 0.048593
0 0.445349 0.189813 0.049206 0.048593
0 0.460334 0.200275 0.049206 0.048593
0 0.468826 0.211543 0.049206 0.048593
0 0.482812 0.209933 0.049206 0.048593
0 0.488306 0.229249 0.049206 0.048593
0 0.473821 0.235688 0.049206 0.048593
0 0.508286 0.238907 0.049206 0.048593
0 0.503291 0.255003 0.049206 0.048593
0 0.490804 0.256613 0.049206 0.048593
0 0.502292 0.293635 0.049206 0.048593
0 0.508286 0.334681 0.049206 0.048593
0 0.518776 0.301683 0.049206 0.048593
0 0.524770 0.265466 0.049206 0.048593
0 0.523771 0.221201 0.049206 0.048593
0 0.540254 0.209933 0.049206 0.048593
0 0.512282 0.206714 0.049206 0.048593
0 0.502292 0.213957 0.049206 0.048593
0 0.512782 0.223615 0.049206 0.048593
0 0.539755 0.251784 0.049206 0.048593
0 0.535759 0.233273 0.049206 0.048593
0 0.517777 0.239712 0.049206 0.048593
0 0.556738 0.235688 0.049206 0.048593
0 0.561733 0.242931 0.049206 0.048593
0 0.565229 0.261442 0.049206 0.048593
0 0.556738 0.284782 0.049206 0.048593
0 0.545249 0.283172 0.049206 0.048593
0 0.555239 0.317779 0.049206 0.048593
0 0.535259 0.348363 0.049206 0.048593
0 0.480314 0.415968 0.049206 0.048593
0 0.465829 0.425626 0.049206 0.048593
0 0.554740 0.409529 0.049206 0.048593
0 0.514780 0.407115 0.049206 0.048593
0 0.540254 0.433674 0.049206 0.048593
0 0.571223 0.367678 0.049206 0.048593
0 0.554740 0.351582 0.049206 0.048593
0 0.581213 0.316170 0.049206 0.048593
0 0.575719 0.290415 0.049206 0.048593
0 0.576718 0.274319 0.049206 0.048593
0 0.590704 0.275124 0.049206 0.048593
0 0.591203 0.250979 0.049206 0.048593
0 0.579715 0.248565 0.049206 0.048593
0 0.585209 0.230054 0.049206 0.048593
0 0.591203 0.241321 0.049206 0.048593
0 0.581713 0.238102 0.049206 0.048593
0 0.562732 0.226835 0.049206 0.048593
0 0.550244 0.227639 0.049206 0.048593
0 0.478816 0.197056 0.049206 0.048593
0 0.735559 0.527033 0.049206 0.048593
0 0.765529 0.509327 0.049206 0.048593
0 0.741553 0.409529 0.049206 0.048593
0 0.606688 0.345948 0.049206 0.048593
0 0.603691 0.324218 0.049206 0.048593
0 0.619675 0.319389 0.049206 0.048593
0 0.609685 0.300073 0.049206 0.048593
0 0.631663 0.301683 0.049206 0.048593
0 0.641653 0.277538 0.049206 0.048593
0 0.653641 0.265466 0.049206 0.048593
0 0.681113 0.284782 0.049206 0.048593
0 0.674620 0.267076 0.049206 0.048593
0 0.767027 0.283172 0.049206 0.048593
0 0.753541 0.295244 0.049206 0.048593
0 0.741553 0.320194 0.049206 0.048593
0 0.731063 0.300073 0.049206 0.048593
0 0.717577 0.300073 0.049206 0.048593
0 0.721573 0.275929 0.049206 0.048593
0 0.679115 0.314560 0.049206 0.048593
0 0.658136 0.336290 0.049206 0.048593
0 0.641653 0.328242 0.049206 0.048593
0 0.628166 0.358825 0.049206 0.048593
0 0.653641 0.378946 0.049206 0.048593
0 0.671623 0.394237 0.049206 0.048593
0 0.683611 0.358825 0.049206 0.048593
0 0.717577 0.353996 0.049206 0.048593
0 0.701093 0.336290 0.049206 0.048593
0 0.710584 0.396652 0.049206 0.048593
0 0.735559 0.382970 0.049206 0.048593
0 0.751543 0.358825 0.049206 0.048593
0 0.768526 0.364459 0.049206 0.048593
0 0.787507 0.347558 0.049206 0.048593
0 0.763531 0.417577 0.049206 0.048593
0 0.788006 0.391823 0.049206 0.048593
0 0.803491 0.453794 0.049206 0.048593