0 0.879900 0.694033 0.049805 0.049479
0 0.484726 0.660806 0.049805 0.049479
0 0.465739 0.545299 0.049805 0.049479
0 0.690027 0.512071 0.049805 0.049479
0 0.945169 0.331692 0.049805 0.049479
0 0.989077 0.143400 0.049805 0.049479
0 0.981957 0.127578 0.049805 0.049479
0 0.968903 0.114919 0.049805 0.049479
0 0.992637 0.043717 0.049805 0.049479
0 0.979584 0.037388 0.049805 0.049479
0 0.071751 0.866502 0.049805 0.049479
0 0.180929 0.527894 0.049805 0.049479
0 0.094299 0.512071 0.049805 0.049479
0 0.055137 0.447198 0.049805 0.049479
0 0.094299 0.330109 0.049805 0.049479
0 0.055137 0.249413 0.049805 0.049479
0 0.083618 0.219350 0.049805 0.049479
0 0.036150 0.214603 0.049805 0.049479
0 0.188049 0.192451 0.049805 0.049479
0 0.211783 0.208274 0.049805 0.049479
0 0.231957 0.219350 0.049805 0.049479
0 0.254504 0.214603 0.049805 0.049479
0 0.274679 0.269983 0.049805 0.049479
0 0.226023 0.141818 0.049805 0.049479
0 0.242637 0.132325 0.049805 0.049479
0 0.091925 0.179793 0.049805 0.049479
0 0.084805 0.146565 0.049805 0.049479
0 0.114473 0.137071 0.049805 0.049479
0 0.163128 0.094350 0.049805 0.049479
0 0.191609 0.102261 0.049805 0.049479
0 0.242637 0.064287 0.049805 0.049479
0 0.256878 0.076945 0.049805 0.049479
0 0.254504 0.065869 0.049805 0.049479
0 0.267558 0.061122 0.049805 0.049479
0 0.282985 0.076945 0.049805 0.049479
0 0.304346 0.075362 0.049805 0.049479
0 0.339947 0.075362 0.049805 0.049479
0 0.369615 0.076945 0.049805 0.049479
0 0.376735 0.086438 0.049805 0.049479
0 0.401656 0.069033 0.049805 0.049479
0 0.409963 0.064287 0.049805 0.049479
0 0.404030 0.105426 0.049805 0.049479
0 0.447938 0.138654 0.049805 0.049479
0 0.494220 0.103843 0.049805 0.049479
0 0.460992 0.046881 0.049805 0.049479
0 0.508460 0.015236 0.049805 0.049479
0 0.495406 0.005742 0.049805 0.049479
0 0.526261 0.057957 0.049805 0.049479
0 0.582036 0.059540 0.049805 0.049479
0 0.603397 0.054793 0.049805 0.049479
0 0.618824 0.054793 0.049805 0.049479
0 0.652052 0.043717 0.049805 0.049479
0 0.675786 0.054793 0.049805 0.049479
0 0.719694 0.105426 0.049805 0.049479
0 0.719694 0.075362 0.049805 0.049479
0 0.760042 0.054793 0.049805 0.049479
0 0.752922 0.053211 0.049805 0.049479
0 0.746989 0.042135 0.049805 0.049479
0 0.748175 0.008907 0.049805 0.049479
0 0.731561 0.019983 0.049805 0.049479
0 0.779030 0.024730 0.049805 0.049479
0 0.801577 0.054793 0.049805 0.049479
0 0.806324 0.035806 0.049805 0.049479
0 0.813444 0.008907 0.049805 0.049479
0 0.864473 0.108590 0.049805 0.049479
0 0.887020 0.091185 0.049805 0.049479
0 0.879900 0.154476 0.049805 0.049479
0 0.930929 0.171881 0.049805 0.049479
0 0.935675 0.127578 0.049805 0.049479
0 0.709014 0.141818 0.049805 0.049479
0 0.667479 0.141818 0.049805 0.049479
0 0.633065 0.130742 0.049805 0.049479
0 0.618824 0.165552 0.049805 0.049479
0 0.663919 0.190869 0.049805 0.049479
0 0.573729 0.146565 0.049805 0.049479
0 0.549995 0.148147 0.049805 0.049479
0 0.506087 0.216185 0.049805 0.049479
0 0.493033 0.208274 0.049805 0.049479
0 0.221277 0.080109 0.049805 0.049479
0 0.891767 0.024730 0.049805 0.049479
0 0.916688 0.013654 0.049805 0.049479
0 0.964156 0.013654 0.049805 0.049479
0 0.970090 0.016818 0.049805 0.049479
0 0.985517 0.010489 0.049805 0.049479
0 0.974837 0.004160 0.049805 0.049479
0 0.830058 0.002578 0.049805 0.049479
0 0.239284 0.017345 0.049805 0.049479
0 0.296558 0.075037 0.049805 0.049479
0 0.327703 0.068348 0.049805 0.049479
0 0.320178 0.072250 0.049805 0.049479
0 0.176366 0.175232 0.049805 0.049479
0 0.180128 0.156001 0.049805 0.049479
0 0.139576 0.178577 0.049805 0.049479
0 0.117837 0.184708 0.049805 0.049479
0 0.105922 0.180528 0.049805 0.049479
0 0.587110 0.093014 0.049805 0.049479
0 0.555755 0.067373 0.049805 0.049479
0 0.502034 0.022083 0.049805 0.049479
0 0.573314 0.001458 0.049805 0.049479
0 0.486357 0.001458 0.049805 0.049479
0 0.448732 0.009541 0.049805 0.049479
0 0.705003 0.098309 0.049805 0.049479
0 0.935772 0.000901 0.049805 0.049479
0 0.952494 0.002852 0.049805 0.049479
0 0.940580 0.006475 0.049805 0.049479
0 0.781090 0.004385 0.049805 0.049479
0 0.626825 0.001180 0.049805 0.049479