0 0.470530 0.805008 0.050000 0.050000
0 0.771396 0.835852 0.050000 0.050000
0 0.873128 0.727086 0.050000 0.050000
0 0.860141 0.626437 0.050000 0.050000
0 0.929405 0.579359 0.050000 0.050000
0 0.992175 0.766047 0.050000 0.050000
0 0.812522 0.546891 0.050000 0.050000
0 0.719448 0.585852 0.050000 0.050000
0 0.656677 0.654034 0.050000 0.050000
0 0.490011 0.636177 0.050000 0.050000
0 0.362305 0.624813 0.050000 0.050000
0 0.299535 0.605333 0.050000 0.050000
0 0.115552 0.623190 0.050000 0.050000
0 0.109058 0.702735 0.050000 0.050000
0 0.139361 0.811502 0.050000 0.050000
0 0.041959 0.759554 0.050000 0.050000
0 0.306028 0.740073 0.050000 0.050000
0 0.427240 0.743320 0.050000 0.050000
0 0.113387 0.540398 0.050000 0.050000
0 0.035465 0.551761 0.050000 0.050000
0 0.041959 0.593969 0.050000 0.050000
0 0.639361 0.535528 0.050000 0.050000
0 0.695639 0.524164 0.050000 0.050000
0 0.762738 0.512800 0.050000 0.050000
0 0.957543 0.436502 0.050000 0.050000
0 0.981353 0.402411 0.050000 0.050000
0 0.868799 0.368320 0.050000 0.050000
0 0.829838 0.347216 0.050000 0.050000
0 0.576591 0.506307 0.050000 0.050000
0 0.451050 0.543644 0.050000 0.050000
0 0.295206 0.563125 0.050000 0.050000
0 0.321180 0.522541 0.050000 0.050000
0 0.264903 0.520917 0.050000 0.050000
0 0.199968 0.506307 0.050000 0.050000
0 0.438063 0.486826 0.050000 0.050000
0 0.420747 0.449489 0.050000 0.050000
0 0.312522 0.426761 0.050000 0.050000
0 0.267067 0.452735 0.050000 0.050000
0 0.139361 0.446242 0.050000 0.050000
0 0.193474 0.408904 0.050000 0.050000
0 0.251916 0.368320 0.050000 0.050000
0 0.280054 0.339099 0.050000 0.050000
0 0.332002 0.363450 0.050000 0.050000
0 0.381786 0.313125 0.050000 0.050000
0 0.435898 0.290398 0.050000 0.050000
0 0.448885 0.386177 0.050000 0.050000
0 0.470530 0.421891 0.050000 0.050000
0 0.650184 0.431631 0.050000 0.050000
0 0.537630 0.404034 0.050000 0.050000
0 0.535465 0.369943 0.050000 0.050000
0 0.699968 0.425138 0.050000 0.050000
0 0.777890 0.391047 0.050000 0.050000
0 0.808193 0.420268 0.050000 0.050000
0 0.764903 0.352086 0.050000 0.050000
0 0.652348 0.342346 0.050000 0.050000
0 0.823344 0.285528 0.050000 0.050000
0 0.780054 0.249813 0.050000 0.050000
0 0.686981 0.330982 0.050000 0.050000
0 0.686981 0.305008 0.050000 0.050000
0 0.580920 0.316372 0.050000 0.050000
0 0.336331 0.257930 0.050000 0.050000
0 0.944556 0.222216 0.050000 0.050000
0 0.836331 0.176761 0.050000 0.050000
0 0.592825 0.195024 0.050000 0.050000
0 0.612305 0.172297 0.050000 0.050000
0 0.707543 0.161745 0.050000 0.050000
0 0.775725 0.155252 0.050000 0.050000
0 0.686981 0.133336 0.050000 0.050000
0 0.676158 0.160122 0.050000 0.050000
0 0.644773 0.138206 0.050000 0.050000
0 0.628539 0.124407 0.050000 0.050000
0 0.637197 0.107362 0.050000 0.050000
0 0.690227 0.088693 0.050000 0.050000
0 0.717284 0.082200 0.050000 0.050000
0 0.594989 0.156063 0.050000 0.050000
0 0.585249 0.129278 0.050000 0.050000
0 0.566851 0.134959 0.050000 0.050000
0 0.600400 0.116291 0.050000 0.050000
0 0.601483 0.107362 0.050000 0.050000
0 0.603647 0.098433 0.050000 0.050000
0 0.579838 0.091940 0.050000 0.050000
0 0.551699 0.095998 0.050000 0.050000
0 0.551699 0.173109 0.050000 0.050000
0 0.522478 0.186096 0.050000 0.050000
0 0.512738 0.212070 0.050000 0.050000
0 0.439145 0.229115 0.050000 0.050000
0 0.436981 0.205576 0.050000 0.050000
0 0.451050 0.261583 0.050000 0.050000
0 0.372045 0.225869 0.050000 0.050000
0 0.326591 0.220998 0.050000 0.050000
0 0.408842 0.181226 0.050000 0.050000
0 0.436981 0.155252 0.050000 0.050000
0 0.457543 0.121161 0.050000 0.050000
0 0.508409 0.148758 0.050000 0.050000
0 0.511656 0.171485 0.050000 0.050000
0 0.539794 0.148758 0.050000 0.050000
0 0.557110 0.151193 0.050000 0.050000
0 0.543041 0.135771 0.050000 0.050000
0 0.524643 0.135771 0.050000 0.050000
0 0.522478 0.122784 0.050000 0.050000
0 0.525725 0.108985 0.050000 0.050000
0 0.519232 0.097622 0.050000 0.050000
0 0.497587 0.109797 0.050000 0.050000
0 0.485682 0.118726 0.050000 0.050000
0 0.488929 0.131713 0.050000 0.050000
0 0.435898 0.115479 0.050000 0.050000
0 0.416418 0.117914 0.050000 0.050000
0 0.485682 0.091940 0.050000 0.050000
0 0.468366 0.087881 0.050000 0.050000
0 0.385032 0.126031 0.050000 0.050000
0 0.370963 0.139018 0.050000 0.050000
0 0.346071 0.162557 0.050000 0.050000
0 0.322262 0.181226 0.050000 0.050000
0 0.379621 0.156063 0.050000 0.050000
0 0.782219 0.217346 0.050000 0.050000
0 0.290877 0.189748 0.050000 0.050000
0 0.256245 0.387800 0.050000 0.050000
0 0.293041 0.155657 0.050000 0.050000
0 0.357976 0.105739 0.050000 0.050000
0 0.386115 0.095187 0.050000 0.050000
0 0.400184 0.076518 0.050000 0.050000
0 0.341742 0.130089 0.050000 0.050000
0 0.330920 0.099245 0.050000 0.050000
0 0.268149 0.119537 0.050000 0.050000
0 0.244340 0.124407 0.050000 0.050000
0 0.277890 0.142265 0.050000 0.050000
0 0.264903 0.142265 0.050000 0.050000
0 0.495422 0.074083 0.050000 0.050000
0 0.457543 0.067589 0.050000 0.050000
0 0.343366 0.081185 0.050000 0.050000
0 0.333084 0.057646 0.050000 0.050000
0 0.344989 0.047906 0.050000 0.050000
0 0.357435 0.061299 0.050000 0.050000
0 0.375833 0.056834 0.050000 0.050000
0 0.393690 0.036136 0.050000 0.050000
0 0.369881 0.028831 0.050000 0.050000
0 0.396937 0.022744 0.050000 0.050000
0 0.422911 0.052776 0.050000 0.050000
0 0.439686 0.055617 0.050000 0.050000
0 0.416418 0.061705 0.050000 0.050000
0 0.302240 0.050341 0.050000 0.050000
0 0.289253 0.030049 0.050000 0.050000
0 0.268149 0.072662 0.050000 0.050000
0 0.290335 0.081591 0.050000 0.050000
0 0.306569 0.076721 0.050000 0.050000
0 0.322803 0.080373 0.050000 0.050000
0 0.278972 0.107159 0.050000 0.050000
0 0.264361 0.105536 0.050000 0.050000
0 0.225942 0.113653 0.050000 0.050000
0 0.477024 0.047906 0.050000 0.050000
0 0.454297 0.053994 0.050000 0.050000
0 0.847154 0.160528 0.050000 0.050000
0 0.343907 0.022135 0.050000 0.050000
0 0.314686 0.017265 0.050000 0.050000
0 0.326591 0.014018 0.050000 0.050000
0 0.283301 0.010771 0.050000 0.050000
0 0.199968 0.134148 0.050000 0.050000
0 0.456461 0.039992 0.050000 0.050000
0 0.321136 0.120476 0.050000 0.050000
0 0.476951 0.060391 0.050000 0.050000
0 0.398542 0.053359 0.050000 0.050000
0 0.513098 0.445434 0.050000 0.050000
0 0.375560 0.012123 0.050000 0.050000
0 0.345774 0.011466 0.050000 0.050000
0 0.358915 0.003582 0.050000 0.050000
0 0.371179 0.003582 0.050000 0.050000
0 0.386948 0.004896 0.050000 0.050000
0 0.400965 0.008838 0.050000 0.050000
0 0.408849 0.004239 0.050000 0.050000
0 0.272187 0.057458 0.050000 0.050000
0 0.325625 0.004239 0.050000 0.050000
0 0.273063 0.004239 0.050000 0.050000