0 0.010643 0.740630 0.049805 0.049479
0 0.013889 0.499205 0.049805 0.049479
0 0.045358 0.495209 0.049805 0.049479
0 0.062341 0.397307 0.049805 0.049479
0 0.034868 0.379991 0.049805 0.049479
0 0.007895 0.354683 0.049805 0.049479
0 0.005398 0.385319 0.049805 0.049479
0 0.007396 0.294743 0.049805 0.049479
0 0.040363 0.234137 0.049805 0.049479
0 0.124779 0.212825 0.049805 0.049479
0 0.113290 0.260777 0.049805 0.049479
0 0.142261 0.257447 0.049805 0.049479
0 0.166237 0.274097 0.049805 0.049479
0 0.175228 0.228809 0.049805 0.049479
0 0.182221 0.200837 0.049805 0.049479
0 0.227676 0.180857 0.049805 0.049479
0 0.232671 0.231473 0.049805 0.049479
0 0.219684 0.319385 0.049805 0.049479
0 0.204199 0.313391 0.049805 0.049479
0 0.190213 0.387317 0.049805 0.049479
0 0.148255 0.374663 0.049805 0.049479
0 0.105798 0.320717 0.049805 0.049479
0 0.095308 0.296075 0.049805 0.049479
0 0.159244 0.493877 0.049805 0.049479
0 0.206197 0.495875 0.049805 0.049479
0 0.649004 0.808563 0.049805 0.049479
0 0.896757 0.743294 0.049805 0.049479
0 0.841812 0.583454 0.049805 0.049479
0 0.588065 0.555482 0.049805 0.049479
0 0.527126 0.508862 0.049805 0.049479
0 0.441212 0.740630 0.049805 0.049479
0 0.482171 0.696674 0.049805 0.049479
0 0.394259 0.672698 0.049805 0.049479
0 0.477176 0.500870 0.049805 0.049479
0 0.505148 0.450254 0.049805 0.049479
0 0.438215 0.450254 0.049805 0.049479
0 0.445208 0.400970 0.049805 0.049479
0 0.371282 0.440930 0.049805 0.049479
0 0.312341 0.351686 0.049805 0.049479
0 0.345308 0.322382 0.049805 0.049479
0 0.291362 0.350354 0.049805 0.049479
0 0.257396 0.339698 0.049805 0.049479
0 0.257396 0.289082 0.049805 0.049479
0 0.280373 0.266438 0.049805 0.049479
0 0.294359 0.247790 0.049805 0.049479
0 0.324329 0.231223 0.049805 0.049479
0 0.316837 0.206581 0.049805 0.049479
0 0.266387 0.214573 0.049805 0.049479
0 0.262890 0.191263 0.049805 0.049479
0 0.285368 0.185269 0.049805 0.049479
0 0.299853 0.173947 0.049805 0.049479
0 0.314839 0.169951 0.049805 0.049479
0 0.314339 0.193927 0.049805 0.049479
0 0.325328 0.186601 0.049805 0.049479
0 0.351802 0.217237 0.049805 0.049479
0 0.376277 0.217903 0.049805 0.049479
0 0.347306 0.168619 0.049805 0.049479
0 0.360293 0.164623 0.049805 0.049479
0 0.344309 0.133987 0.049805 0.049479
0 0.382271 0.179275 0.049805 0.049479
0 0.405748 0.155299 0.049805 0.049479
0 0.404749 0.214573 0.049805 0.049479
0 0.373280 0.287833 0.049805 0.049479
0 0.485668 0.356431 0.049805 0.049479
0 0.489164 0.302485 0.049805 0.049479
0 0.496657 0.277843 0.049805 0.049479
0 0.502151 0.237883 0.049805 0.049479
0 0.481672 0.233887 0.049805 0.049479
0 0.496157 0.208579 0.049805 0.049479
0 0.501152 0.189931 0.049805 0.049479
0 0.489164 0.175279 0.049805 0.049479
0 0.437716 0.178609 0.049805 0.049479
0 0.440713 0.153967 0.049805 0.049479
0 0.426727 0.159961 0.049805 0.049479
0 0.437716 0.136651 0.049805 0.049479
0 0.458195 0.143311 0.049805 0.049479
0 0.458695 0.109345 0.049805 0.049479
0 0.423230 0.100021 0.049805 0.049479
0 0.435218 0.073381 0.049805 0.049479
0 0.429724 0.065389 0.049805 0.049479
0 0.384269 0.108013 0.049805 0.049479
0 0.369284 0.100021 0.049805 0.049479
0 0.396757 0.081373 0.049805 0.049479
0 0.362791 0.076711 0.049805 0.049479
0 0.347306 0.070717 0.049805 0.049479
0 0.313839 0.079375 0.049805 0.049479
0 0.231422 0.083080 0.049805 0.049479
0 0.241662 0.085078 0.049805 0.049479
0 0.226177 0.068095 0.049805 0.049479
0 0.216687 0.039790 0.049805 0.049479
0 0.251901 0.075421 0.049805 0.049479
0 0.272880 0.091072 0.049805 0.049479
0 0.277126 0.075754 0.049805 0.049479
0 0.286117 0.072757 0.049805 0.049479
0 0.292111 0.089407 0.049805 0.049479
0 0.305598 0.076420 0.049805 0.049479
0 0.308844 0.066097 0.049805 0.049479
0 0.314839 0.067762 0.049805 0.049479
0 0.338815 0.071092 0.049805 0.049479
0 0.263140 0.132031 0.049805 0.049479
0 0.149504 0.084037 0.049805 0.049479
0 0.158994 0.082705 0.049805 0.049479
0 0.535618 0.379741 0.049805 0.049479
0 0.544109 0.297823 0.049805 0.049479
0 0.522131 0.287167 0.049805 0.049479
0 0.516637 0.164623 0.049805 0.049479
0 0.502651 0.129325 0.049805 0.049479
0 0.485668 0.107347 0.049805 0.049479
0 0.493160 0.095359 0.049805 0.049479
0 0.474179 0.076711 0.049805 0.049479
0 0.516637 0.087367 0.049805 0.049479
0 0.532121 0.094027 0.049805 0.049479
0 0.539114 0.118669 0.049805 0.049479
0 0.530623 0.121999 0.049805 0.049479
0 0.523630 0.112675 0.049805 0.049479
0 0.568085 0.104683 0.049805 0.049479
0 0.549104 0.077377 0.049805 0.049479
0 0.567586 0.073381 0.049805 0.049479
0 0.585568 0.115339 0.049805 0.049479
0 0.591562 0.082039 0.049805 0.049479
0 0.602051 0.088699 0.049805 0.049479
0 0.618035 0.074713 0.049805 0.049479
0 0.572081 0.137317 0.049805 0.049479
0 0.556097 0.173281 0.049805 0.049479
0 0.588565 0.144643 0.049805 0.049479
0 0.599054 0.220567 0.049805 0.049479
0 0.623530 0.406381 0.049805 0.049479
0 0.581572 0.392395 0.049805 0.049479
0 0.659993 0.381073 0.049805 0.049479
0 0.695458 0.279175 0.049805 0.049479
0 0.666487 0.189265 0.049805 0.049479
0 0.648505 0.185269 0.049805 0.049479
0 0.653999 0.130657 0.049805 0.049479
0 0.625028 0.118669 0.049805 0.049479
0 0.637016 0.098023 0.049805 0.049479
0 0.658495 0.067387 0.049805 0.049479
0 0.668984 0.068719 0.049805 0.049479
0 0.644509 0.018769 0.049805 0.049479
0 0.639514 0.056065 0.049805 0.049479
0 0.630523 0.058063 0.049805 0.049479
0 0.684968 0.051403 0.049805 0.049479
0 0.672481 0.012109 0.049805 0.049479
0 0.720932 0.019435 0.049805 0.049479
0 0.714439 0.039415 0.049805 0.049479
0 0.698954 0.056731 0.049805 0.049479
0 0.691961 0.074713 0.049805 0.049479
0 0.679474 0.095359 0.049805 0.049479
0 0.666986 0.100687 0.049805 0.049479
0 0.682970 0.150637 0.049805 0.049479
0 0.708944 0.160627 0.049805 0.049479
0 0.691961 0.096691 0.049805 0.049479
0 0.709444 0.086035 0.049805 0.049479
0 0.719933 0.072715 0.049805 0.049479
0 0.738415 0.093361 0.049805 0.049479
0 0.735917 0.118669 0.049805 0.049479
0 0.745408 0.179275 0.049805 0.049479
0 0.730423 0.259195 0.049805 0.049479
0 0.734918 0.307147 0.049805 0.049479
0 0.754399 0.266521 0.049805 0.049479
0 0.779873 0.239215 0.049805 0.049479
0 0.779374 0.172615 0.049805 0.049479
0 0.766886 0.123331 0.049805 0.049479
0 0.766387 0.079375 0.049805 0.049479
0 0.776377 0.067387 0.049805 0.049479
0 0.755398 0.046741 0.049805 0.049479
0 0.745907 0.050071 0.049805 0.049479
0 0.726427 0.048739 0.049805 0.049479
0 0.738914 0.068053 0.049805 0.049479
0 0.754399 0.026761 0.049805 0.049479
0 0.765388 0.037417 0.049805 0.049479
0 0.693959 0.416954 0.049805 0.049479
0 0.700952 0.462242 0.049805 0.049479
0 0.837816 0.394310 0.049805 0.049479
0 0.904749 0.398306 0.049805 0.049479
0 0.961692 0.420950 0.049805 0.049479
0 0.973680 0.218486 0.049805 0.049479
0 0.841812 0.227810 0.049805 0.049479
0 0.907746 0.199838 0.049805 0.049479
0 0.945957 0.179941 0.049805 0.049479
0 0.936467 0.155299 0.049805 0.049479
0 0.969933 0.144643 0.049805 0.049479
0 0.895008 0.137983 0.049805 0.049479
0 0.867036 0.161959 0.049805 0.049479
0 0.859544 0.102685 0.049805 0.049479
0 0.889514 0.116671 0.049805 0.049479
0 0.846557 0.093361 0.049805 0.049479
0 0.841562 0.073381 0.049805 0.049479
0 0.806597 0.089365 0.049805 0.049479
0 0.797106 0.121999 0.049805 0.049479
0 0.779624 0.123331 0.049805 0.049479
0 0.779124 0.104683 0.049805 0.049479
0 0.796607 0.061393 0.049805 0.049479
0 0.813590 0.059395 0.049805 0.049479
0 0.856547 0.060727 0.049805 0.049479
0 0.869034 0.063391 0.049805 0.049479
0 0.869534 0.039415 0.049805 0.049479
0 0.855048 0.037417 0.049805 0.049479
0 0.804099 0.020767 0.049805 0.049479
0 0.786117 0.007447 0.049805 0.049479
0 0.774629 0.003451 0.049805 0.049479
0 0.762641 0.004783 0.049805 0.049479
0 0.818585 0.004783 0.049805 0.049479
0 0.811092 0.016105 0.049805 0.049479
0 0.903999 0.086035 0.049805 0.049479
0 0.883020 0.081373 0.049805 0.049479
0 0.901502 0.056065 0.049805 0.049479
0 0.889014 0.012775 0.049805 0.049479
0 0.868035 0.018769 0.049805 0.049479
0 0.854549 0.017437 0.049805 0.049479
0 0.838565 0.012109 0.049805 0.049479
0 0.875528 0.006781 0.049805 0.049479
0 0.905498 0.016105 0.049805 0.049479
0 0.913989 0.009445 0.049805 0.049479
0 0.925977 0.009445 0.049805 0.049479
0 0.927975 0.024097 0.049805 0.049479
0 0.922481 0.051403 0.049805 0.049479
0 0.922481 0.070051 0.049805 0.049479
0 0.934469 0.062725 0.049805 0.049479
0 0.938964 0.030757 0.049805 0.049479
0 0.946956 0.023431 0.049805 0.049479
0 0.940962 0.007447 0.049805 0.049479
0 0.956946 0.014107 0.049805 0.049479
0 0.962940 0.019435 0.049805 0.049479
0 0.962441 0.038083 0.049805 0.049479
0 0.977925 0.056065 0.049805 0.049479
0 0.956946 0.070051 0.049805 0.049479
0 0.973929 0.089365 0.049805 0.049479
0 0.992411 0.076711 0.049805 0.049479
0 0.990912 0.030091 0.049805 0.049479
0 0.996906 0.034753 0.049805 0.049479
0 0.996906 0.020767 0.049805 0.049479
0 0.982421 0.025429 0.049805 0.049479
0 0.978425 0.004783 0.049805 0.049479
0 0.995408 0.004783 0.049805 0.049479
0 0.912990 0.171283 0.049805 0.049479
0 0.756896 0.406298 0.049805 0.049479
0 0.748063 0.114195 0.049805 0.049479
0 0.605713 0.136771 0.049805 0.049479