0 0.163314 0.529558 0.049805 0.049479
0 0.007736 0.643061 0.049805 0.049479
0 0.434840 0.971829 0.049805 0.049479
0 0.023881 0.406271 0.049805 0.049479
0 0.062042 0.333864 0.049805 0.049479
0 0.092864 0.220361 0.049805 0.049479
0 0.119282 0.255586 0.049805 0.049479
0 0.282198 0.214490 0.049805 0.049479
0 0.401083 0.151868 0.049805 0.049479
0 0.396680 0.116643 0.049805 0.049479
0 0.430437 0.102944 0.049805 0.049479
0 0.475936 0.132298 0.049805 0.049479
0 0.502355 0.173394 0.049805 0.049479
0 0.533177 0.173394 0.049805 0.049479
0 0.549321 0.159695 0.049805 0.049479
0 0.569869 0.175351 0.049805 0.049479
0 0.615368 0.210576 0.049805 0.049479
0 0.765075 0.232102 0.049805 0.049479
0 0.453920 0.218404 0.049805 0.049479
0 0.863412 0.601966 0.049805 0.049479
0 0.885427 0.337778 0.049805 0.049479
0 0.914781 0.310380 0.049805 0.049479
0 0.848734 0.304510 0.049805 0.049479
0 0.782687 0.355390 0.049805 0.049479
0 0.812042 0.222318 0.049805 0.049479
0 0.938265 0.204705 0.049805 0.049479
0 0.991102 0.179265 0.049805 0.049479
0 0.989635 0.140126 0.049805 0.049479
0 0.929458 0.167523 0.049805 0.049479
0 0.930926 0.083375 0.049805 0.049479
0 0.919184 0.020752 0.049805 0.049479
0 0.859008 0.016838 0.049805 0.049479
0 0.839928 0.016838 0.049805 0.049479
0 0.816445 0.028580 0.049805 0.049479
0 0.822316 0.052063 0.049805 0.049479
0 0.797365 0.034451 0.049805 0.049479
0 0.782687 0.038365 0.049805 0.049479
0 0.775349 0.016838 0.049805 0.049479
0 0.766543 0.014881 0.049805 0.049479
0 0.745995 0.020752 0.049805 0.049479
0 0.712237 0.026623 0.049805 0.049479
0 0.684351 0.040322 0.049805 0.049479
0 0.721044 0.063805 0.049805 0.049479
0 0.768010 0.048149 0.049805 0.049479
0 0.803235 0.052063 0.049805 0.049479
0 0.836993 0.089245 0.049805 0.049479
0 0.882492 0.071633 0.049805 0.049479
0 0.889830 0.134255 0.049805 0.049479
0 0.832590 0.179265 0.049805 0.049479
0 0.847267 0.124470 0.049805 0.049479
0 0.806171 0.112729 0.049805 0.049479
0 0.759204 0.106858 0.049805 0.049479
0 0.741592 0.126427 0.049805 0.049479
0 0.753333 0.151868 0.049805 0.049479
0 0.787091 0.165566 0.049805 0.049479
0 0.721044 0.145997 0.049805 0.049479
0 0.699028 0.079461 0.049805 0.049479
0 0.638852 0.091202 0.049805 0.049479
0 0.610965 0.112729 0.049805 0.049479
0 0.602159 0.069676 0.049805 0.049479
0 0.588950 0.104901 0.049805 0.049479
0 0.583079 0.069676 0.049805 0.049479
0 0.549321 0.083375 0.049805 0.049479
0 0.481807 0.069676 0.049805 0.049479
0 0.467130 0.077504 0.049805 0.049479
0 0.449517 0.063805 0.049805 0.049479
0 0.452453 0.026623 0.049805 0.049479
0 0.474468 0.034451 0.049805 0.049479
0 0.490613 0.030537 0.049805 0.049479
0 0.512629 0.028580 0.049805 0.049479
0 0.277795 0.057934 0.049805 0.049479
0 0.320359 0.097073 0.049805 0.049479
0 0.343842 0.104901 0.049805 0.049479
0 0.351181 0.093159 0.049805 0.049479
0 0.214684 0.097073 0.049805 0.049479
0 0.132492 0.083375 0.049805 0.049479
0 0.119282 0.077504 0.049805 0.049479
0 0.899754 0.018686 0.049805 0.049479
0 0.906747 0.009362 0.049805 0.049479
0 0.876777 0.005366 0.049805 0.049479
0 0.618285 0.149305 0.049805 0.049479
0 0.680723 0.070717 0.049805 0.049479
0 0.716687 0.067387 0.049805 0.049479
0 0.738665 0.076711 0.049805 0.049479
0 0.713690 0.118669 0.049805 0.049479
0 0.871532 0.145975 0.049805 0.049479
0 0.873030 0.056065 0.049805 0.049479
0 0.863040 0.042079 0.049805 0.049479
0 0.866037 0.011443 0.049805 0.049479
0 0.907496 0.058063 0.049805 0.049479
0 0.105548 0.139898 0.049805 0.049479
0 0.173480 0.097274 0.049805 0.049479
0 0.442211 0.045409 0.049805 0.049479
0 0.473680 0.078043 0.049805 0.049479
0 0.494159 0.044743 0.049805 0.049479
0 0.238029 0.120327 0.049805 0.049479
0 0.245555 0.062495 0.049805 0.049479
0 0.270847 0.057200 0.049805 0.049479
0 0.655254 0.118097 0.049805 0.049479
0 0.662361 0.096916 0.049805 0.049479
0 0.935563 0.052462 0.049805 0.049479
0 0.898565 0.135516 0.049805 0.049479
0 0.834810 0.133565 0.049805 0.049479
0 0.836065 0.158092 0.049805 0.049479
0 0.788615 0.093989 0.049805 0.049479
0 0.788406 0.059708 0.049805 0.049479
0 0.861775 0.060266 0.049805 0.049479
0 0.797812 0.291732 0.049805 0.049479
0 0.657344 0.204496 0.049805 0.049479
0 0.795722 0.059151 0.049805 0.049479
0 0.664660 0.189028 0.049805 0.049479
0 0.832093 0.065004 0.049805 0.049479