0 0.045256 0.841495 0.049805 0.049479
0 0.022893 0.823147 0.049805 0.049479
0 0.009132 0.784156 0.049805 0.049479
0 0.012572 0.750899 0.049805 0.049479
0 0.003971 0.741725 0.049805 0.049479
0 0.010852 0.709615 0.049805 0.049479
0 0.021173 0.671770 0.049805 0.049479
0 0.004831 0.663743 0.049805 0.049479
0 0.033931 0.688112 0.049805 0.049479
0 0.041672 0.721942 0.049805 0.049479
0 0.033071 0.727103 0.049805 0.049479
0 0.064034 0.719076 0.049805 0.049479
0 0.061454 0.686965 0.049805 0.049479
0 0.057584 0.665176 0.049805 0.049479
0 0.035221 0.652562 0.049805 0.049479
0 0.004688 0.649121 0.049805 0.049479
0 0.037371 0.633640 0.049805 0.049479
0 0.064464 0.633640 0.049805 0.049479
0 0.059304 0.616438 0.049805 0.049479
0 0.041672 0.612998 0.049805 0.049479
0 0.096718 0.638800 0.049805 0.049479
0 0.085967 0.652562 0.049805 0.049479
0 0.074785 0.651415 0.049805 0.049479
0 0.092847 0.701300 0.049805 0.049479
0 0.078656 0.739144 0.049805 0.049479
0 0.099298 0.777562 0.049805 0.049479
0 0.112629 0.821140 0.049805 0.049479
0 0.163805 0.858984 0.049805 0.049479
0 0.189178 0.848089 0.049805 0.049479
0 0.197779 0.806805 0.049805 0.049479
0 0.212400 0.801071 0.049805 0.049479
0 0.233902 0.778135 0.049805 0.049479
0 0.246804 0.763800 0.049805 0.049479
0 0.236913 0.729397 0.049805 0.049479
0 0.231322 0.711621 0.049805 0.049479
0 0.223581 0.703020 0.049805 0.049479
0 0.205519 0.683525 0.049805 0.049479
0 0.109619 0.735131 0.049805 0.049479
0 0.129401 0.761507 0.049805 0.049479
0 0.134132 0.744305 0.049805 0.049479
0 0.147463 0.748319 0.049805 0.049479
0 0.157354 0.747745 0.049805 0.049479
0 0.174556 0.749465 0.049805 0.049479
0 0.177136 0.761507 0.049805 0.049479
0 0.195198 0.759787 0.049805 0.049479
0 0.194768 0.707034 0.049805 0.049479
0 0.171116 0.705887 0.049805 0.049479
0 0.163375 0.685245 0.049805 0.049479
0 0.154774 0.694993 0.049805 0.049479
0 0.147033 0.684672 0.049805 0.049479
0 0.136712 0.708181 0.049805 0.049479
0 0.150043 0.719649 0.049805 0.049479
0 0.128541 0.723663 0.049805 0.049479
0 0.120370 0.707034 0.049805 0.049479
0 0.114350 0.707034 0.049805 0.049479
0 0.110049 0.707034 0.049805 0.049479
0 0.110049 0.689259 0.049805 0.049479
0 0.131551 0.656576 0.049805 0.049479
0 0.121230 0.649121 0.049805 0.049479
0 0.123811 0.639374 0.049805 0.049479
0 0.108759 0.639374 0.049805 0.049479
0 0.084246 0.608984 0.049805 0.049479
0 0.003398 0.594649 0.049805 0.049479
0 0.150473 0.610704 0.049805 0.049479
0 0.171546 0.614718 0.049805 0.049479
0 0.141443 0.627332 0.049805 0.049479
0 0.062744 0.564832 0.049805 0.049479
0 0.040812 0.571140 0.049805 0.049479
0 0.034791 0.576300 0.049805 0.049479
0 0.073065 0.555085 0.049805 0.049479
0 0.112199 0.572287 0.049805 0.049479
0 0.128971 0.570566 0.049805 0.049479
0 0.117790 0.586621 0.049805 0.049479
0 0.138862 0.584901 0.049805 0.049479
0 0.236483 0.608410 0.049805 0.049479
0 0.225732 0.633066 0.049805 0.049479
0 0.212400 0.641667 0.049805 0.049479
0 0.198209 0.618731 0.049805 0.049479
0 0.218851 0.670910 0.049805 0.049479
0 0.239063 0.685245 0.049805 0.049479
0 0.245084 0.676644 0.049805 0.049479
0 0.243793 0.647401 0.049805 0.049479
0 0.251534 0.661163 0.049805 0.049479
0 0.264866 0.657149 0.049805 0.049479
0 0.256265 0.689832 0.049805 0.049479
0 0.264866 0.703020 0.049805 0.049479
0 0.273467 0.723089 0.049805 0.049479
0 0.290668 0.705314 0.049805 0.049479
0 0.296259 0.735131 0.049805 0.049479
0 0.281637 0.759213 0.049805 0.049479
0 0.272176 0.761507 0.049805 0.049479
0 0.307010 0.785589 0.049805 0.049479
0 0.257985 0.799924 0.049805 0.049479
0 0.241643 0.817126 0.049805 0.049479
0 0.272176 0.805658 0.049805 0.049479
0 0.292819 0.880199 0.049805 0.049479
0 0.324642 0.861851 0.049805 0.049479
0 0.294109 0.826300 0.049805 0.049479
0 0.331093 0.773548 0.049805 0.049479
0 0.338834 0.801071 0.049805 0.049479
0 0.349585 0.815979 0.049805 0.049479
0 0.361626 0.761507 0.049805 0.049479
0 0.337973 0.754053 0.049805 0.049479
0 0.347004 0.729970 0.049805 0.049479
0 0.340124 0.703594 0.049805 0.049479
0 0.346574 0.703020 0.049805 0.049479
0 0.334963 0.709901 0.049805 0.049479
0 0.328943 0.665176 0.049805 0.049479
0 0.320772 0.660589 0.049805 0.049479
0 0.296689 0.671484 0.049805 0.049479
0 0.307440 0.671484 0.049805 0.049479
0 0.284218 0.689259 0.049805 0.049479
0 0.267876 0.682952 0.049805 0.049479
0 0.263146 0.690979 0.049805 0.049479
0 0.301420 0.633066 0.049805 0.049479
0 0.293249 0.649695 0.049805 0.049479
0 0.297549 0.623319 0.049805 0.049479
0 0.309160 0.624465 0.049805 0.049479
0 0.332813 0.646828 0.049805 0.049479
0 0.357756 0.669764 0.049805 0.049479
0 0.349585 0.680085 0.049805 0.049479
0 0.378828 0.746025 0.049805 0.049479
0 0.378828 0.757493 0.049805 0.049479
0 0.377538 0.797057 0.049805 0.049479
0 0.398180 0.837768 0.049805 0.049479
0 0.380978 0.880199 0.049805 0.049479
0 0.407211 0.826300 0.049805 0.049479
0 0.426133 0.797631 0.049805 0.049479
0 0.440754 0.813686 0.049805 0.049479
0 0.460107 0.786163 0.049805 0.049479
0 0.476878 0.793043 0.049805 0.049479
0 0.482899 0.813686 0.049805 0.049479
0 0.447635 0.742011 0.049805 0.049479
0 0.430003 0.743158 0.049805 0.049479
0 0.413662 0.733984 0.049805 0.049479
0 0.386569 0.721942 0.049805 0.049479
0 0.385709 0.708181 0.049805 0.049479
0 0.382698 0.696140 0.049805 0.049479
0 0.373667 0.686965 0.049805 0.049479
0 0.362916 0.707034 0.049805 0.049479
0 0.358186 0.699580 0.049805 0.049479
0 0.363346 0.723089 0.049805 0.049479
0 0.384418 0.660589 0.049805 0.049479
0 0.359906 0.645108 0.049805 0.049479
0 0.367217 0.623319 0.049805 0.049479
0 0.396460 0.628479 0.049805 0.049479
0 0.389579 0.594649 0.049805 0.049479
0 0.360336 0.600956 0.049805 0.049479
0 0.261855 0.590635 0.049805 0.049479
0 0.294109 0.564259 0.049805 0.049479
0 0.282928 0.558525 0.049805 0.049479
0 0.275617 0.564832 0.049805 0.049479
0 0.307870 0.553365 0.049805 0.049479
0 0.353885 0.552218 0.049805 0.049479
0 0.417532 0.675498 0.049805 0.049479
0 0.399040 0.685819 0.049805 0.049479
0 0.414092 0.693273 0.049805 0.049479
0 0.429143 0.696140 0.049805 0.049479
0 0.454516 0.703020 0.049805 0.049479
0 0.457956 0.724236 0.049805 0.049479
0 0.472148 0.715062 0.049805 0.049479
0 0.496230 0.721369 0.049805 0.049479
0 0.494080 0.713915 0.049805 0.049479
0 0.489780 0.684098 0.049805 0.049479
0 0.481179 0.659442 0.049805 0.049479
0 0.463547 0.686965 0.049805 0.049479
0 0.441185 0.614718 0.049805 0.049479
0 0.464407 0.608984 0.049805 0.049479
0 0.489780 0.625039 0.049805 0.049479
0 0.486769 0.595222 0.049805 0.049479
0 0.492790 0.596369 0.049805 0.049479
0 0.456666 0.567126 0.049805 0.049479
0 0.446775 0.604397 0.049805 0.049479
0 0.453656 0.595222 0.049805 0.049479
0 0.481609 0.620452 0.049805 0.049479
0 0.182297 0.670910 0.049805 0.049479
0 0.197779 0.657722 0.049805 0.049479
0 0.190898 0.646828 0.049805 0.049479
0 0.174556 0.654855 0.049805 0.049479
0 0.162945 0.649121 0.049805 0.049479
0 0.249384 0.550498 0.049805 0.049479
0 0.172406 0.542470 0.049805 0.049479
0 0.150904 0.552218 0.049805 0.049479
0 0.141873 0.554511 0.049805 0.049479
0 0.003398 0.464488 0.049805 0.049479
0 0.008558 0.490865 0.049805 0.049479
0 0.034361 0.485131 0.049805 0.049479
0 0.112343 0.494735 0.049805 0.049479
0 0.131910 0.519678 0.049805 0.049479
0 0.149327 0.518531 0.049805 0.049479
0 0.192761 0.542327 0.049805 0.049479
0 0.136425 0.465779 0.049805 0.049479
0 0.153412 0.465205 0.049805 0.049479
0 0.160293 0.465205 0.049805 0.049479
0 0.174269 0.463485 0.049805 0.049479
0 0.181150 0.466639 0.049805 0.049479
0 0.202652 0.467212 0.049805 0.049479
0 0.218349 0.468072 0.049805 0.049479
0 0.223510 0.468359 0.049805 0.049479
0 0.235336 0.467212 0.049805 0.049479
0 0.134490 0.462625 0.049805 0.049479
0 0.113418 0.461191 0.049805 0.049479
0 0.106537 0.459184 0.049805 0.049479
0 0.098796 0.459184 0.049805 0.049479
0 0.066113 0.455171 0.049805 0.049479
0 0.059232 0.455171 0.049805 0.049479
0 0.036655 0.455457 0.049805 0.049479
0 0.024613 0.450010 0.049805 0.049479
0 0.019453 0.481547 0.049805 0.049479
0 0.041385 0.522258 0.049805 0.049479
0 0.030634 0.517097 0.049805 0.049479
0 0.055362 0.518244 0.049805 0.049479
0 0.024183 0.497315 0.049805 0.049479
0 0.069123 0.497602 0.049805 0.049479
0 0.212758 0.516237 0.049805 0.049479
0 0.221574 0.517671 0.049805 0.049479
0 0.242647 0.533152 0.049805 0.049479
0 0.209103 0.484701 0.049805 0.049479
0 0.180720 0.491868 0.049805 0.049479
0 0.174914 0.489574 0.049805 0.049479
0 0.315611 0.526845 0.049805 0.049479
0 0.306150 0.529139 0.049805 0.049479
0 0.297764 0.514804 0.049805 0.049479
0 0.288948 0.529999 0.049805 0.049479
0 0.280347 0.528279 0.049805 0.049479
0 0.402910 0.537166 0.049805 0.049479
0 0.410436 0.537166 0.049805 0.049479
0 0.417962 0.536306 0.049805 0.049479
0 0.445485 0.521971 0.049805 0.049479
0 0.477523 0.510217 0.049805 0.049479
0 0.481179 0.498749 0.049805 0.049479
0 0.458601 0.501329 0.049805 0.049479
0 0.421187 0.493875 0.049805 0.049479
0 0.414522 0.499895 0.049805 0.049479
0 0.400330 0.506203 0.049805 0.049479
0 0.394310 0.510790 0.049805 0.049479
0 0.383343 0.509070 0.049805 0.049479
0 0.375387 0.508783 0.049805 0.049479
0 0.369152 0.465779 0.049805 0.049479
0 0.375172 0.466065 0.049805 0.049479
0 0.381623 0.460045 0.049805 0.049479
0 0.386569 0.460905 0.049805 0.049479
0 0.359476 0.473519 0.049805 0.049479
0 0.332383 0.479540 0.049805 0.049479
0 0.322277 0.478967 0.049805 0.049479
0 0.312171 0.469506 0.049805 0.049479
0 0.274972 0.473806 0.049805 0.049479
0 0.250244 0.485561 0.049805 0.049479
0 0.251319 0.517097 0.049805 0.049479
0 0.255405 0.518817 0.049805 0.049479
0 0.316901 0.505916 0.049805 0.049479
0 0.341414 0.515951 0.049805 0.049479
0 0.328297 0.546054 0.049805 0.049479
0 0.354315 0.532292 0.049805 0.049479
0 0.362486 0.527132 0.049805 0.049479
0 0.365926 0.529999 0.049805 0.049479
0 0.369582 0.536019 0.049805 0.049479
0 0.497951 0.487567 0.049805 0.049479
0 0.506336 0.492441 0.049805 0.049479
0 0.519453 0.488714 0.049805 0.049479
0 0.521388 0.517671 0.049805 0.049479
0 0.497521 0.523691 0.049805 0.049479
0 0.488275 0.555228 0.049805 0.049479
0 0.503541 0.550641 0.049805 0.049479
0 0.494295 0.538026 0.049805 0.049479
0 0.489135 0.502762 0.049805 0.049479
0 0.495155 0.498749 0.049805 0.049479
0 0.584605 0.492441 0.049805 0.049479
0 0.565038 0.494448 0.049805 0.049479
0 0.556867 0.494448 0.049805 0.049479
0 0.542460 0.491868 0.049805 0.049479
0 0.589980 0.526558 0.049805 0.049479
0 0.574499 0.527705 0.049805 0.049479
0 0.565253 0.511650 0.049805 0.049479
0 0.547621 0.529712 0.049805 0.049479
0 0.538805 0.524551 0.049805 0.049479
0 0.547406 0.548061 0.049805 0.049479
0 0.561167 0.569276 0.049805 0.049479
0 0.552996 0.589058 0.049805 0.049479
0 0.544611 0.597373 0.049805 0.049479
0 0.683300 0.560102 0.049805 0.049479
0 0.650402 0.601100 0.049805 0.049479
0 0.644381 0.597086 0.049805 0.049479
0 0.660078 0.596799 0.049805 0.049479
0 0.667819 0.602820 0.049805 0.049479
0 0.666959 0.620308 0.049805 0.049479
0 0.660078 0.610274 0.049805 0.049479
0 0.619654 0.599666 0.049805 0.049479
0 0.613848 0.641811 0.049805 0.049479
0 0.583315 0.628049 0.049805 0.049479
0 0.509347 0.515090 0.049805 0.049479
0 0.623954 0.499609 0.049805 0.049479
0 0.652767 0.503049 0.049805 0.049479
0 0.662013 0.509930 0.049805 0.049479
0 0.660938 0.498175 0.049805 0.049479
0 0.666959 0.530859 0.049805 0.049479
0 0.659003 0.535733 0.049805 0.049479
0 0.645671 0.539746 0.049805 0.049479
0 0.637930 0.554941 0.049805 0.049479
0 0.631910 0.534012 0.049805 0.049479
0 0.620944 0.538886 0.049805 0.049479
0 0.622664 0.523118 0.049805 0.049479
0 0.607612 0.517671 0.049805 0.049479
0 0.600947 0.511937 0.049805 0.049479
0 0.636425 0.513657 0.049805 0.049479
0 0.634060 0.527132 0.049805 0.049479
0 0.672549 0.503192 0.049805 0.049479
0 0.683730 0.499752 0.049805 0.049479
0 0.686741 0.503192 0.049805 0.049479
0 0.698782 0.502619 0.049805 0.049479
0 0.694912 0.499752 0.049805 0.049479
0 0.382698 0.539316 0.049805 0.049479
0 0.352165 0.502046 0.049805 0.049479
0 0.326792 0.500326 0.049805 0.049479
0 0.326792 0.526128 0.049805 0.049479
0 0.704373 0.527848 0.049805 0.049479
0 0.826076 0.616725 0.049805 0.049479
0 0.693621 0.540463 0.049805 0.049479
0 0.686741 0.533009 0.049805 0.049479
0 0.679860 0.536449 0.049805 0.049479
0 0.570198 0.498032 0.049805 0.049479
0 0.562457 0.550211 0.049805 0.049479
0 0.556007 0.550784 0.049805 0.049479
0 0.715984 0.520968 0.049805 0.049479
0 0.708243 0.507780 0.049805 0.049479
0 0.712113 0.507206 0.049805 0.049479
0 0.716844 0.504339 0.049805 0.049479
0 0.731035 0.508353 0.049805 0.049479
0 0.737916 0.502046 0.049805 0.049479
0 0.763289 0.502046 0.049805 0.049479
0 0.680290 0.628192 0.049805 0.049479
0 0.587830 0.662596 0.049805 0.049479
0 0.599011 0.655142 0.049805 0.049479
0 0.550416 0.662023 0.049805 0.049479
0 0.540095 0.679225 0.049805 0.049479
0 0.500101 0.652848 0.049805 0.049479
0 0.496230 0.640234 0.049805 0.049479
0 0.521173 0.730830 0.049805 0.049479
0 0.525043 0.707894 0.049805 0.049479
0 0.535795 0.757780 0.049805 0.049479
0 0.549126 0.718789 0.049805 0.049479
0 0.540525 0.701587 0.049805 0.049479
0 0.558157 0.689546 0.049805 0.049479
0 0.555577 0.710761 0.049805 0.049479
0 0.822205 0.613858 0.049805 0.049479
0 0.596431 0.752619 0.049805 0.049479
0 0.562027 0.735417 0.049805 0.049479
0 0.566758 0.717069 0.049805 0.049479
0 0.578369 0.707321 0.049805 0.049479
0 0.575789 0.766954 0.049805 0.049479
0 0.587400 0.726816 0.049805 0.049479
0 0.595571 0.715348 0.049805 0.049479
0 0.572348 0.684385 0.049805 0.049479
0 0.580519 0.676358 0.049805 0.049479
0 0.604172 0.686679 0.049805 0.049479
0 0.630835 0.679225 0.049805 0.049479
0 0.631695 0.709615 0.049805 0.049479
0 0.609332 0.716495 0.049805 0.049479
0 0.629115 0.741725 0.049805 0.049479
0 0.626104 0.773261 0.049805 0.049479
0 0.606752 0.751472 0.049805 0.049479
0 0.659218 0.749179 0.049805 0.049479
0 0.660938 0.717069 0.049805 0.049479
0 0.685451 0.697000 0.049805 0.049479
0 0.688891 0.682665 0.049805 0.049479
0 0.682440 0.668330 0.049805 0.049479
0 0.695342 0.665463 0.049805 0.049479
0 0.715124 0.743445 0.049805 0.049479
0 0.706523 0.762940 0.049805 0.049479
0 0.729745 0.776702 0.049805 0.049479
0 0.727595 0.755486 0.049805 0.049479
0 0.743937 0.721656 0.049805 0.049479
0 0.725445 0.707321 0.049805 0.049479
0 0.708243 0.688399 0.049805 0.049479
0 0.702222 0.680371 0.049805 0.049479
0 0.708243 0.658582 0.049805 0.049479
0 0.718564 0.668904 0.049805 0.049479
0 0.685021 0.644821 0.049805 0.049479
0 0.744367 0.625326 0.049805 0.049479
0 0.752108 0.604110 0.049805 0.049479
0 0.761569 0.608697 0.049805 0.049479
0 0.784791 0.608124 0.049805 0.049479
0 0.775760 0.608124 0.049805 0.049479
0 0.789522 0.640234 0.049805 0.049479
0 0.793822 0.679225 0.049805 0.049479
0 0.773180 0.683238 0.049805 0.049479
0 0.761999 0.688399 0.049805 0.049479
0 0.747377 0.701014 0.049805 0.049479
0 0.766729 0.699293 0.049805 0.049479
0 0.759848 0.743445 0.049805 0.049479
0 0.752108 0.761793 0.049805 0.049479
0 0.782641 0.737711 0.049805 0.049479
0 0.792962 0.707894 0.049805 0.049479
0 0.781781 0.700440 0.049805 0.049479
0 0.697062 0.548491 0.049805 0.049479
0 0.704373 0.544477 0.049805 0.049479
0 0.721574 0.558238 0.049805 0.049479
0 0.725445 0.567986 0.049805 0.049479
0 0.738346 0.568559 0.049805 0.049479
0 0.774040 0.556518 0.049805 0.049479
0 0.785221 0.510073 0.049805 0.049479
0 0.772750 0.550211 0.049805 0.049479
0 0.760279 0.566839 0.049805 0.049479
0 0.745657 0.554225 0.049805 0.049479
0 0.216414 0.973376 0.049805 0.049479
0 0.580233 0.824293 0.049805 0.049479
0 0.544969 0.815119 0.049805 0.049479
0 0.616357 0.839202 0.049805 0.049479
0 0.684304 0.831174 0.049805 0.049479
0 0.659361 0.786449 0.049805 0.049479
0 0.700646 0.831174 0.049805 0.049479
0 0.712687 0.832321 0.049805 0.049479
0 0.741070 0.848376 0.049805 0.049479
0 0.742790 0.820853 0.049805 0.049479
0 0.747090 0.802504 0.049805 0.049479
0 0.765152 0.863284 0.049805 0.049479
0 0.777194 0.841495 0.049805 0.049479
0 0.784074 0.786449 0.049805 0.049479
0 0.798696 0.776128 0.049805 0.049479
0 0.821058 0.749752 0.049805 0.049479
0 0.805577 0.726816 0.049805 0.049479
0 0.815038 0.738284 0.049805 0.049479
0 0.802996 0.832321 0.049805 0.049479
0 0.818478 0.866725 0.049805 0.049479
0 0.830519 0.856404 0.049805 0.049479
0 0.839120 0.779569 0.049805 0.049479
0 0.855462 0.808238 0.049805 0.049479
0 0.865783 0.815119 0.049805 0.049479
0 0.868363 0.835761 0.049805 0.049479
0 0.864063 0.881633 0.049805 0.049479
0 0.879545 0.841495 0.049805 0.049479
0 0.882985 0.823147 0.049805 0.049479
0 0.890726 0.848376 0.049805 0.049479
0 0.919969 0.828881 0.049805 0.049479
0 0.941471 0.835761 0.049805 0.049479
0 0.934590 0.867871 0.049805 0.049479
0 0.964694 0.857550 0.049805 0.049479
0 0.975015 0.816266 0.049805 0.049479
0 0.954373 0.816266 0.049805 0.049479
0 0.943191 0.794477 0.049805 0.049479
0 0.925129 0.784156 0.049805 0.049479
0 0.921689 0.802504 0.049805 0.049479
0 0.936311 0.768101 0.049805 0.049479
0 0.993937 0.788743 0.049805 0.049479
0 0.997377 0.734844 0.049805 0.049479
0 0.992217 0.709615 0.049805 0.049479
0 0.978455 0.695853 0.049805 0.049479
0 0.970714 0.724523 0.049805 0.049479
0 0.957813 0.731404 0.049805 0.049479
0 0.954373 0.716495 0.049805 0.049479
0 0.949212 0.695853 0.049805 0.049479
0 0.961253 0.690119 0.049805 0.049479
0 0.927710 0.717642 0.049805 0.049479
0 0.905347 0.738284 0.049805 0.049479
0 0.893306 0.750899 0.049805 0.049479
0 0.809590 0.674924 0.049805 0.049479
0 0.862916 0.602676 0.049805 0.049479
0 0.838834 0.617011 0.049805 0.049479
0 0.849585 0.628479 0.049805 0.049479
0 0.873667 0.628479 0.049805 0.049479
0 0.892589 0.616438 0.049805 0.049479
0 0.826362 0.646828 0.049805 0.049479
0 0.837973 0.661736 0.049805 0.049479
0 0.825072 0.672057 0.049805 0.049479
0 0.849585 0.695566 0.049805 0.049479
0 0.869367 0.699007 0.049805 0.049479
0 0.853455 0.711621 0.049805 0.049479
0 0.837543 0.729970 0.049805 0.049479
0 0.859046 0.740865 0.049805 0.049479
0 0.858186 0.755773 0.049805 0.049479
0 0.881838 0.737424 0.049805 0.049479
0 0.887859 0.694993 0.049805 0.049479
0 0.890439 0.709901 0.049805 0.049479
0 0.910651 0.703594 0.049805 0.049479
0 0.920542 0.671484 0.049805 0.049479
0 0.929573 0.686965 0.049805 0.049479
0 0.926133 0.701874 0.049805 0.049479
0 0.916672 0.745452 0.049805 0.049479
0 0.907641 0.799924 0.049805 0.049479
0 0.835823 0.821713 0.049805 0.049479
0 0.943335 0.643961 0.049805 0.049479
0 0.886569 0.649121 0.049805 0.049479
0 0.875818 0.568846 0.049805 0.049479
0 0.890439 0.574580 0.049805 0.049479
0 0.922693 0.561392 0.049805 0.049479
0 0.905921 0.560819 0.049805 0.049479
0 0.915812 0.516094 0.049805 0.049479
0 0.925273 0.516094 0.049805 0.049479
0 0.942045 0.520108 0.049805 0.049479
0 0.946345 0.518387 0.049805 0.049479
0 0.954946 0.520108 0.049805 0.049479
0 0.972148 0.516094 0.049805 0.049479
0 0.982039 0.520108 0.049805 0.049479
0 0.986769 0.520108 0.049805 0.049479
0 0.996660 0.520108 0.049805 0.049479
0 0.954086 0.540176 0.049805 0.049479
0 0.954946 0.556231 0.049805 0.049479
0 0.986769 0.564259 0.049805 0.049479
0 0.994510 0.578594 0.049805 0.049479
0 0.977308 0.560819 0.049805 0.049479
0 0.973868 0.580887 0.049805 0.049479
0 0.965697 0.582608 0.049805 0.049479
0 0.969568 0.542470 0.049805 0.049479
0 0.883988 0.514374 0.049805 0.049479
0 0.877968 0.526988 0.049805 0.049479
0 0.862486 0.510933 0.049805 0.049479
0 0.850875 0.513227 0.049805 0.049479
0 0.842274 0.522401 0.049805 0.049479
0 0.848295 0.548204 0.049805 0.049479
0 0.803140 0.512080 0.049805 0.049479
0 0.816471 0.518387 0.049805 0.049479
0 0.805720 0.521254 0.049805 0.049479
0 0.962687 0.629053 0.049805 0.049479
0 0.975158 0.623892 0.049805 0.049479
0 0.444912 0.847516 0.049805 0.049479
0 0.595284 0.369305 0.049805 0.049479
0 0.441758 0.350383 0.049805 0.049479
0 0.353168 0.323433 0.049805 0.049479
0 0.365640 0.320566 0.049805 0.049479
0 0.326076 0.315979 0.049805 0.049479
0 0.790955 0.547917 0.049805 0.049479
0 0.797836 0.555945 0.049805 0.049479
0 0.943335 0.436392 0.049805 0.049479
0 0.941185 0.430658 0.049805 0.049479
0 0.951076 0.432378 0.049805 0.049479
0 0.878398 0.412309 0.049805 0.049479
0 0.814321 0.412883 0.049805 0.049479
0 0.802280 0.416323 0.049805 0.049479
0 0.797119 0.426644 0.049805 0.049479
0 0.722291 0.422631 0.049805 0.049479
0 0.713260 0.410016 0.049805 0.049479
0 0.778627 0.414603 0.049805 0.049479
0 0.668105 0.426644 0.049805 0.049479
0 0.617790 0.414603 0.049805 0.049479
0 0.534791 0.395108 0.049805 0.049479
0 0.848295 0.302218 0.049805 0.049479
0 0.860336 0.301644 0.049805 0.049479
0 0.233616 0.390520 0.049805 0.049479
0 0.367790 0.397401 0.049805 0.049479
0 0.456379 0.407149 0.049805 0.049479
0 0.100301 0.528709 0.049805 0.049479
0 0.078799 0.520108 0.049805 0.049479
0 0.065468 0.524695 0.049805 0.049479
0 0.114923 0.543043 0.049805 0.049479
0 0.110193 0.529855 0.049805 0.049479
0 0.104602 0.483984 0.049805 0.049479
0 0.078799 0.455314 0.049805 0.049479
0 0.167819 0.500612 0.049805 0.049479
0 0.159218 0.502906 0.049805 0.049479
0 0.334246 0.535016 0.049805 0.049479
0 0.336397 0.517814 0.049805 0.049479
0 0.571202 0.540750 0.049805 0.049479
0 0.528197 0.549351 0.049805 0.049479
0 0.261139 0.471942 0.049805 0.049479
0 0.122234 0.459328 0.049805 0.049479
0 0.128685 0.461621 0.049805 0.049479
0 0.053857 0.459901 0.049805 0.049479
0 0.588834 0.839202 0.049805 0.049479
0 0.987056 0.880486 0.049805 0.049479
0 0.981035 0.799064 0.049805 0.049479
0 0.810737 0.535303 0.049805 0.049479
0 0.668822 0.565119 0.049805 0.049479
0 0.228455 0.312826 0.049805 0.049479
0 0.256838 0.357550 0.049805 0.049479
0 0.287801 0.354110 0.049805 0.049479
0 0.400473 0.317413 0.049805 0.049479
0 0.391873 0.304798 0.049805 0.049479
0 0.425416 0.318559 0.049805 0.049479
0 0.429717 0.297917 0.049805 0.049479
0 0.433157 0.297917 0.049805 0.049479
0 0.425416 0.285303 0.049805 0.049479
0 0.457240 0.272688 0.049805 0.049479
0 0.414235 0.270394 0.049805 0.049479
0 0.407354 0.270394 0.049805 0.049479
0 0.895886 0.293330 0.049805 0.049479
0 0.271460 0.390807 0.049805 0.049479
0 0.204373 0.507780 0.049805 0.049479
0 0.212973 0.502046 0.049805 0.049479
0 0.227595 0.502046 0.049805 0.049479
0 0.196632 0.514660 0.049805 0.049479
0 0.189751 0.511220 0.049805 0.049479
0 0.180290 0.511220 0.049805 0.049479
0 0.147607 0.498605 0.049805 0.049479
0 0.141586 0.514660 0.049805 0.049479
0 0.150187 0.504339 0.049805 0.049479
0 0.132985 0.511220 0.049805 0.049479
0 0.124384 0.504339 0.049805 0.049479
0 0.122664 0.526128 0.049805 0.049479
0 0.123524 0.519248 0.049805 0.049479
0 0.089120 0.498605 0.049805 0.049479
0 0.083100 0.498605 0.049805 0.049479
0 0.059017 0.488284 0.049805 0.049479
0 0.034935 0.498605 0.049805 0.049479
0 0.051276 0.489431 0.049805 0.049479
0 0.097721 0.503192 0.049805 0.049479
0 0.095141 0.495165 0.049805 0.049479
0 0.101162 0.502046 0.049805 0.049479
0 0.059017 0.538743 0.049805 0.049479
0 0.094281 0.555945 0.049805 0.049479
0 0.083100 0.570853 0.049805 0.049479
0 0.360909 0.623605 0.049805 0.049479
0 0.319625 0.539890 0.049805 0.049479
0 0.316185 0.536449 0.049805 0.049479
0 0.268879 0.520394 0.049805 0.049479
0 0.271460 0.527275 0.049805 0.049479
0 0.125244 0.682092 0.049805 0.049479
0 0.157068 0.666037 0.049805 0.049479
0 0.116643 0.682092 0.049805 0.049479
0 0.936311 0.668330 0.049805 0.049479
0 0.833960 0.552504 0.049805 0.049479
0 0.547549 0.503192 0.049805 0.049479
0 0.542389 0.511220 0.049805 0.049479
0 0.440038 0.494018 0.049805 0.049479
0 0.451219 0.489431 0.049805 0.049479
0 0.233616 0.514660 0.049805 0.049479
0 0.245657 0.511220 0.049805 0.049479
0 0.157068 0.514660 0.049805 0.049479
0 0.157068 0.514660 0.049805 0.049479
0 0.046976 0.457321 0.049805 0.049479
0 0.200939 0.299245 0.049805 0.049479
0 0.199087 0.288443 0.049805 0.049479
0 0.198855 0.310665 0.049805 0.049479
0 0.204411 0.306035 0.049805 0.049479
0 0.258115 0.282887 0.049805 0.049479
0 0.257189 0.295850 0.049805 0.049479
0 0.340290 0.262517 0.049805 0.049479
0 0.344226 0.264060 0.049805 0.049479
0 0.333809 0.265912 0.049805 0.049479
0 0.327790 0.267764 0.049805 0.049479
0 0.336355 0.305727 0.049805 0.049479
0 0.363902 0.283813 0.049805 0.049479
0 0.337281 0.287054 0.049805 0.049479
0 0.327096 0.292609 0.049805 0.049479
0 0.297929 0.285819 0.049805 0.049479
0 0.297466 0.309276 0.049805 0.049479
0 0.283115 0.317301 0.049805 0.049479
0 0.418300 0.248319 0.049805 0.049479
0 0.420615 0.247393 0.049805 0.049479
0 0.425013 0.248628 0.049805 0.049479
0 0.396077 0.269307 0.049805 0.049479
0 0.392605 0.266221 0.049805 0.049479
0 0.393994 0.290603 0.049805 0.049479
0 0.392142 0.283813 0.049805 0.049479
0 0.397466 0.283813 0.049805 0.049479
0 0.400476 0.284739 0.049805 0.049479
0 0.405105 0.287208 0.049805 0.049479
0 0.408115 0.288134 0.049805 0.049479
0 0.411818 0.289060 0.049805 0.049479
0 0.397698 0.298937 0.049805 0.049479
0 0.409272 0.315295 0.049805 0.049479
0 0.405105 0.317455 0.049805 0.049479
0 0.411818 0.309739 0.049805 0.049479
0 0.440985 0.272702 0.049805 0.049479
0 0.446772 0.271776 0.049805 0.049479
0 0.450707 0.275171 0.049805 0.049479
0 0.436587 0.244307 0.049805 0.049479
0 0.496772 0.228875 0.049805 0.049479
0 0.517374 0.345850 0.049805 0.049479
0 0.473392 0.342455 0.049805 0.049479
0 0.464365 0.357887 0.049805 0.049479
0 0.477327 0.331653 0.049805 0.049479
0 0.465290 0.294307 0.049805 0.049479
0 0.454642 0.301714 0.049805 0.049479
0 0.460198 0.301406 0.049805 0.049479
0 0.471772 0.289060 0.049805 0.049479
0 0.466448 0.276714 0.049805 0.049479
0 0.469457 0.276406 0.049805 0.049479
0 0.478948 0.281344 0.049805 0.049479
0 0.486355 0.287208 0.049805 0.049479
0 0.487050 0.280109 0.049805 0.049479
0 0.575013 0.334430 0.049805 0.049479
0 0.565059 0.319924 0.049805 0.049479
0 0.612050 0.298937 0.049805 0.049479
0 0.617374 0.295542 0.049805 0.049479
0 0.631031 0.283196 0.049805 0.049479
0 0.638902 0.283505 0.049805 0.049479
0 0.627559 0.280727 0.049805 0.049479
0 0.623855 0.281344 0.049805 0.049479
0 0.615753 0.273319 0.049805 0.049479
0 0.599087 0.245850 0.049805 0.049479
0 0.583115 0.240295 0.049805 0.049479
0 0.568531 0.231653 0.049805 0.049479
0 0.555800 0.276714 0.049805 0.049479
0 0.763439 0.249245 0.049805 0.049479
0 0.735661 0.258505 0.049805 0.049479
0 0.738207 0.259430 0.049805 0.049479
0 0.732189 0.253566 0.049805 0.049479
0 0.724550 0.252332 0.049805 0.049479
0 0.712281 0.254184 0.049805 0.049479
0 0.718068 0.256035 0.049805 0.049479
0 0.709040 0.256653 0.049805 0.049479
0 0.702559 0.261282 0.049805 0.049479
0 0.656726 0.247393 0.049805 0.049479
0 0.651170 0.261591 0.049805 0.049479
0 0.648624 0.263134 0.049805 0.049479
0 0.605568 0.250171 0.049805 0.049479
0 0.598624 0.269307 0.049805 0.049479
0 0.592837 0.272085 0.049805 0.049479
0 0.494226 0.321622 0.049805 0.049479
0 0.478485 0.317918 0.049805 0.049479
0 0.492374 0.308042 0.049805 0.049479
0 0.482652 0.300634 0.049805 0.049479
0 0.489596 0.298165 0.049805 0.049479
0 0.505800 0.294461 0.049805 0.049479
0 0.507652 0.277177 0.049805 0.049479
0 0.503948 0.280264 0.049805 0.049479
0 0.495152 0.277795 0.049805 0.049479
0 0.499318 0.265449 0.049805 0.049479
0 0.503948 0.258042 0.049805 0.049479
0 0.508115 0.259276 0.049805 0.049479
0 0.500707 0.250634 0.049805 0.049479
0 0.506726 0.244461 0.049805 0.049479
0 0.513670 0.334430 0.049805 0.049479
0 0.528948 0.305418 0.049805 0.049479
0 0.526633 0.304184 0.049805 0.049479
0 0.523161 0.294924 0.049805 0.049479
0 0.525939 0.292455 0.049805 0.049479
0 0.528253 0.291221 0.049805 0.049479
0 0.524781 0.273937 0.049805 0.049479
0 0.533115 0.271159 0.049805 0.049479
0 0.528485 0.273319 0.049805 0.049479
0 0.532883 0.273937 0.049805 0.049479
0 0.534040 0.259430 0.049805 0.049479
0 0.530568 0.260048 0.049805 0.049479
0 0.547003 0.273937 0.049805 0.049479
0 0.559966 0.251097 0.049805 0.049479
0 0.557652 0.249245 0.049805 0.049479
0 0.554179 0.295233 0.049805 0.049479
0 0.561355 0.293998 0.049805 0.049479
0 0.561355 0.286282 0.049805 0.049479
0 0.564827 0.286591 0.049805 0.049479
0 0.567374 0.291529 0.049805 0.049479
0 0.572003 0.285665 0.049805 0.049479
0 0.587050 0.289369 0.049805 0.049479
0 0.582883 0.289060 0.049805 0.049479
0 0.579179 0.295233 0.049805 0.049479
0 0.514596 0.317455 0.049805 0.049479
0 0.517374 0.317147 0.049805 0.049479
0 0.508809 0.319307 0.049805 0.049479
0 0.511587 0.293072 0.049805 0.049479
0 0.515290 0.295233 0.049805 0.049479
0 0.516679 0.284430 0.049805 0.049479
0 0.522466 0.281035 0.049805 0.049479
0 0.632652 0.257270 0.049805 0.049479
0 0.621540 0.275171 0.049805 0.049479
0 0.619226 0.274863 0.049805 0.049479
0 0.617605 0.282579 0.049805 0.049479
0 0.614827 0.283196 0.049805 0.049479
0 0.611124 0.283196 0.049805 0.049479
0 0.603716 0.290295 0.049805 0.049479
0 0.591911 0.291529 0.049805 0.049479
0 0.596309 0.295542 0.049805 0.049479
0 0.589365 0.293072 0.049805 0.049479
0 0.872466 0.257424 0.049805 0.049479
0 0.876633 0.258042 0.049805 0.049479
0 0.954874 0.297548 0.049805 0.049479
0 0.947466 0.296930 0.049805 0.049479
0 0.960429 0.321005 0.049805 0.049479
0 0.940059 0.344461 0.049805 0.049479
0 0.934966 0.338906 0.049805 0.049479
0 0.927559 0.339523 0.049805 0.049479
0 0.921540 0.340758 0.049805 0.049479
0 0.916911 0.341992 0.049805 0.049479
0 0.950707 0.340758 0.049805 0.049479
0 0.966448 0.337671 0.049805 0.049479
0 0.970615 0.335202 0.049805 0.049479
0 0.975707 0.335819 0.049805 0.049479
0 0.983577 0.340140 0.049805 0.049479
0 0.829874 0.392609 0.049805 0.049479
0 0.860429 0.396313 0.049805 0.049479
0 0.869689 0.396313 0.049805 0.049479
0 0.882652 0.390140 0.049805 0.049479
0 0.893300 0.405572 0.049805 0.049479
0 0.885892 0.398165 0.049805 0.049479
0 0.974318 0.400634 0.049805 0.049479
0 0.986355 0.405572 0.049805 0.049479
0 0.998392 0.406807 0.049805 0.049479
0 0.972466 0.418535 0.049805 0.049479
0 0.964596 0.405572 0.049805 0.049479
0 0.957189 0.283350 0.049805 0.049479
0 0.137281 0.317301 0.049805 0.049479
0 0.091911 0.298165 0.049805 0.049479
0 0.095152 0.291992 0.049805 0.049479
0 0.232189 0.292609 0.049805 0.049479
0 0.233115 0.277177 0.049805 0.049479
0 0.265985 0.274091 0.049805 0.049479
0 0.259503 0.326560 0.049805 0.049479
0 0.263207 0.327177 0.049805 0.049479
0 0.257652 0.338288 0.049805 0.049479
0 0.271077 0.343844 0.049805 0.049479
0 0.309040 0.319153 0.049805 0.049479
0 0.314596 0.319770 0.049805 0.049479
0 0.296077 0.355572 0.049805 0.049479
0 0.302096 0.352486 0.049805 0.049479
0 0.305800 0.351869 0.049805 0.049479
0 0.263670 0.359276 0.049805 0.049479
0 0.173392 0.362363 0.049805 0.049479
0 0.172003 0.366684 0.049805 0.049479
0 0.164596 0.365449 0.049805 0.049479
0 0.040059 0.360511 0.049805 0.049479
0 0.023855 0.361128 0.049805 0.049479
0 0.347466 0.301869 0.049805 0.049479
0 0.362744 0.304338 0.049805 0.049479
0 0.352559 0.309276 0.049805 0.049479
0 0.339596 0.312980 0.049805 0.049479
0 0.331263 0.311745 0.049805 0.049479
0 0.323392 0.308042 0.049805 0.049479
0 0.372003 0.284585 0.049805 0.049479
0 0.349318 0.261745 0.049805 0.049479
0 0.379411 0.283350 0.049805 0.049479
0 0.390985 0.274091 0.049805 0.049479
0 0.396077 0.277795 0.049805 0.049479
0 0.456263 0.257424 0.049805 0.049479
0 0.460429 0.256190 0.049805 0.049479
0 0.437281 0.274708 0.049805 0.049479
0 0.432189 0.285202 0.049805 0.049479
0 0.444689 0.307424 0.049805 0.049479
0 0.431263 0.341375 0.049805 0.049479
0 0.425707 0.343227 0.049805 0.049479
0 0.407652 0.340140 0.049805 0.049479
0 0.412281 0.340140 0.049805 0.049479
0 0.447466 0.324708 0.049805 0.049479
0 0.461355 0.312980 0.049805 0.049479
0 0.552096 0.317301 0.049805 0.049479
0 0.533577 0.311745 0.049805 0.049479
0 0.539133 0.283350 0.049805 0.049479
0 0.537744 0.269153 0.049805 0.049479
0 0.522003 0.253721 0.049805 0.049479
0 0.512744 0.244461 0.049805 0.049479
0 0.620615 0.245696 0.049805 0.049479
0 0.615522 0.253103 0.049805 0.049479
0 0.618763 0.253721 0.049805 0.049479
0 0.580800 0.258042 0.049805 0.049479
0 0.628485 0.310511 0.049805 0.049479
0 0.627559 0.323474 0.049805 0.049479
0 0.635892 0.322239 0.049805 0.049479
0 0.642374 0.325943 0.049805 0.049479
0 0.659966 0.302486 0.049805 0.049479
0 0.667837 0.301251 0.049805 0.049479
0 0.681263 0.289523 0.049805 0.049479
0 0.662281 0.250634 0.049805 0.049479
0 0.695615 0.256190 0.049805 0.049479
0 0.678948 0.305572 0.049805 0.049479
0 0.684503 0.304955 0.049805 0.049479
0 0.673855 0.310511 0.049805 0.049479
0 0.406726 0.639214 0.049805 0.049479
0 0.448392 0.646622 0.049805 0.049479
0 0.466911 0.633042 0.049805 0.049479
0 0.452096 0.620696 0.049805 0.049479
0 0.805800 0.751560 0.049805 0.049479