0 0.563507 0.838576 0.049805 0.048276
0 0.531317 0.602062 0.049805 0.048276
0 0.059196 0.721467 0.049805 0.048276
0 0.195760 0.535471 0.049805 0.048276
0 0.275747 0.482657 0.049805 0.048276
0 0.237704 0.560730 0.049805 0.048276
0 0.237704 0.498731 0.049805 0.048276
0 0.222097 0.466584 0.049805 0.048276
0 0.226974 0.422955 0.049805 0.048276
0 0.207465 0.397696 0.049805 0.048276
0 0.189907 0.411474 0.049805 0.048276
0 0.132355 0.487250 0.049805 0.048276
0 0.109919 0.567618 0.049805 0.048276
0 0.067975 0.528582 0.049805 0.048276
0 0.027006 0.569915 0.049805 0.048276
0 0.003595 0.530879 0.049805 0.048276
0 0.029932 0.507916 0.049805 0.048276
0 0.032858 0.471176 0.049805 0.048276
0 0.062122 0.450510 0.049805 0.048276
0 0.075535 0.351197 0.049805 0.048276
0 0.089679 0.321346 0.049805 0.048276
0 0.069682 0.305272 0.049805 0.048276
0 0.071633 0.281162 0.049805 0.048276
0 0.078949 0.284606 0.049805 0.048276
0 0.057001 0.332827 0.049805 0.048276
0 0.031639 0.361530 0.049805 0.048276
0 0.022860 0.369567 0.049805 0.048276
0 0.010667 0.375308 0.049805 0.048276
0 0.006765 0.300680 0.049805 0.048276
0 0.010667 0.271977 0.049805 0.048276
0 0.003839 0.265088 0.049805 0.048276
0 0.021884 0.244422 0.049805 0.048276
0 0.019446 0.223755 0.049805 0.048276
0 0.025786 0.213422 0.049805 0.048276
0 0.013105 0.215719 0.049805 0.048276
0 0.013105 0.236385 0.049805 0.048276
0 0.008716 0.235237 0.049805 0.048276
0 0.003351 0.236385 0.049805 0.048276
0 0.001888 0.215719 0.049805 0.048276
0 0.032615 0.266236 0.049805 0.048276
0 0.041394 0.252459 0.049805 0.048276
0 0.022860 0.268532 0.049805 0.048276
0 0.035053 0.297235 0.049805 0.048276
0 0.045295 0.412048 0.049805 0.048276
0 0.094556 0.412048 0.049805 0.048276
0 0.077973 0.393678 0.049805 0.048276
0 0.118942 0.385641 0.049805 0.048276
0 0.122844 0.429270 0.049805 0.048276
0 0.135037 0.379900 0.049805 0.048276
0 0.043345 0.181275 0.049805 0.048276
0 0.047246 0.165201 0.049805 0.048276
0 0.050173 0.183571 0.049805 0.048276
0 0.056513 0.220311 0.049805 0.048276
0 0.043832 0.227200 0.049805 0.048276
0 0.066268 0.260495 0.049805 0.048276
0 0.070657 0.247866 0.049805 0.048276
0 0.075047 0.234089 0.049805 0.048276
0 0.128697 0.685301 0.049805 0.048276
0 0.098946 0.263940 0.049805 0.048276
0 0.082851 0.263940 0.049805 0.048276
0 0.150645 0.308717 0.049805 0.048276
0 0.130648 0.301828 0.049805 0.048276
0 0.125283 0.297235 0.049805 0.048276
0 0.120893 0.269680 0.049805 0.048276
0 0.130160 0.269680 0.049805 0.048276
0 0.133574 0.280014 0.049805 0.048276
0 0.140402 0.269680 0.049805 0.048276
0 0.151620 0.245570 0.049805 0.048276
0 0.156985 0.277717 0.049805 0.048276
0 0.170642 0.280014 0.049805 0.048276
0 0.164789 0.235237 0.049805 0.048276
0 0.156010 0.235237 0.049805 0.048276
0 0.155522 0.218015 0.049805 0.048276
0 0.168203 0.577378 0.049805 0.048276
0 0.076998 0.183571 0.049805 0.048276
0 0.071145 0.156016 0.049805 0.048276
0 0.077486 0.151424 0.049805 0.048276
0 0.075535 0.131906 0.049805 0.048276
0 0.067731 0.137646 0.049805 0.048276
0 0.043345 0.123869 0.049805 0.048276
0 0.047734 0.129609 0.049805 0.048276
0 0.053587 0.147979 0.049805 0.048276
0 0.052124 0.137646 0.049805 0.048276
0 0.058952 0.137646 0.049805 0.048276
0 0.060903 0.147979 0.049805 0.048276
0 0.372317 0.489546 0.049805 0.048276
0 0.374268 0.413770 0.049805 0.048276
0 0.357685 0.374734 0.049805 0.048276
0 0.365489 0.328809 0.049805 0.048276
0 0.438648 0.556137 0.049805 0.048276
0 0.010667 0.175534 0.049805 0.048276
0 0.027737 0.177831 0.049805 0.048276
0 0.011154 0.247866 0.049805 0.048276
0 0.022372 0.313309 0.049805 0.048276
0 0.089191 0.215719 0.049805 0.048276
0 0.116016 0.220311 0.049805 0.048276
0 0.102360 0.221459 0.049805 0.048276
0 0.129185 0.216867 0.049805 0.048276
0 0.110651 0.623302 0.049805 0.048276
0 0.018105 0.146242 0.049805 0.048276
0 0.016398 0.157723 0.049805 0.048276
0 0.022494 0.158871 0.049805 0.048276
0 0.009082 0.138205 0.049805 0.048276
0 0.011276 0.126150 0.049805 0.048276
0 0.009082 0.116965 0.049805 0.048276
0 0.005911 0.119835 0.049805 0.048276
0 0.001034 0.104335 0.049805 0.048276
0 0.004448 0.111224 0.049805 0.048276
0 0.007375 0.098595 0.049805 0.048276
0 0.017861 0.120409 0.049805 0.048276
0 0.019568 0.134187 0.049805 0.048276
0 0.026152 0.120983 0.049805 0.048276
0 0.032005 0.110650 0.049805 0.048276
0 0.074437 0.301813 0.049805 0.048276
0 0.022494 0.102039 0.049805 0.048276
0 0.018836 0.108354 0.049805 0.048276
0 0.023470 0.110076 0.049805 0.048276
0 0.049563 0.110076 0.049805 0.048276
0 0.043466 0.081947 0.049805 0.048276
0 0.039077 0.081947 0.049805 0.048276
0 0.038101 0.088262 0.049805 0.048276
0 0.054196 0.127298 0.049805 0.048276
0 0.036638 0.118113 0.049805 0.048276
0 0.024933 0.144520 0.049805 0.048276
0 0.021519 0.089984 0.049805 0.048276
0 0.019080 0.081947 0.049805 0.048276
0 0.025177 0.080799 0.049805 0.048276
0 0.023713 0.084817 0.049805 0.048276
0 0.017861 0.094002 0.049805 0.048276
0 0.016641 0.102039 0.049805 0.048276
0 0.015178 0.110650 0.049805 0.048276
0 0.011520 0.106632 0.049805 0.048276
0 0.012008 0.099169 0.049805 0.048276
0 0.052489 0.168056 0.049805 0.048276
0 0.039565 0.161742 0.049805 0.048276
0 0.032493 0.154853 0.049805 0.048276
0 0.091752 0.172075 0.049805 0.048276
0 0.111992 0.158871 0.049805 0.048276
0 0.108578 0.137057 0.049805 0.048276
0 0.092727 0.140501 0.049805 0.048276
0 0.081997 0.140501 0.049805 0.048276
0 0.081997 0.122705 0.049805 0.048276
0 0.083704 0.116391 0.049805 0.048276
0 0.089557 0.115817 0.049805 0.048276
0 0.093702 0.102039 0.049805 0.048276
0 0.075657 0.118113 0.049805 0.048276
0 0.067365 0.111224 0.049805 0.048276
0 0.066146 0.084817 0.049805 0.048276
0 0.029200 0.075063 0.049805 0.048276
0 0.035541 0.071619 0.049805 0.048276
0 0.031639 0.067026 0.049805 0.048276
0 0.033102 0.083100 0.049805 0.048276
0 0.033102 0.091137 0.049805 0.048276
0 0.022860 0.070471 0.049805 0.048276
0 0.015056 0.078508 0.049805 0.048276
0 0.011642 0.060138 0.049805 0.048276
0 0.002863 0.058990 0.049805 0.048276
0 0.003351 0.050953 0.049805 0.048276
0 0.009691 0.050953 0.049805 0.048276
0 0.010179 0.044064 0.049805 0.048276
0 0.005302 0.042916 0.049805 0.048276
0 0.016519 0.040620 0.049805 0.048276
0 0.014081 0.044064 0.049805 0.048276
0 0.019446 0.046360 0.049805 0.048276
0 0.017007 0.058990 0.049805 0.048276
0 0.014081 0.054397 0.049805 0.048276
0 0.010667 0.083100 0.049805 0.048276
0 0.011154 0.078508 0.049805 0.048276
0 0.007253 0.063582 0.049805 0.048276
0 0.032127 0.062434 0.049805 0.048276
0 0.028713 0.060138 0.049805 0.048276
0 0.023348 0.054397 0.049805 0.048276
0 0.037492 0.062434 0.049805 0.048276
0 0.037980 0.054397 0.049805 0.048276
0 0.031639 0.050953 0.049805 0.048276
0 0.471570 0.574497 0.049805 0.048276
0 0.442306 0.465425 0.049805 0.048276
0 0.428162 0.437870 0.049805 0.048276
0 0.431576 0.362094 0.049805 0.048276
0 0.444257 0.379316 0.049805 0.048276
0 0.462303 0.375872 0.049805 0.048276
0 0.456938 0.381612 0.049805 0.048276
0 0.475472 0.391945 0.049805 0.048276
0 0.491567 0.451648 0.049805 0.048276
0 0.477423 0.413760 0.049805 0.048276
0 0.463766 0.441315 0.049805 0.048276
0 0.514978 0.375872 0.049805 0.048276
0 0.509613 0.335687 0.049805 0.048276
0 0.531561 0.370131 0.049805 0.048276
0 0.521806 0.410315 0.049805 0.048276
0 0.529122 0.464277 0.049805 0.048276
0 0.515953 0.453944 0.049805 0.048276
0 0.544241 0.457388 0.049805 0.048276
0 0.560336 0.464277 0.049805 0.048276
0 0.552045 0.378168 0.049805 0.048276
0 0.190638 0.312725 0.049805 0.048276
0 0.196491 0.281726 0.049805 0.048276
0 0.203807 0.273689 0.049805 0.048276
0 0.196979 0.256467 0.049805 0.048276
0 0.189175 0.254171 0.049805 0.048276
0 0.208684 0.264504 0.049805 0.048276
0 0.168691 0.171506 0.049805 0.048276
0 0.195028 0.172654 0.049805 0.048276
0 0.185273 0.173802 0.049805 0.048276
0 0.200393 0.220875 0.049805 0.048276
0 0.217464 0.254171 0.049805 0.048276
0 0.219902 0.288614 0.049805 0.048276
0 0.226730 0.277133 0.049805 0.048276
0 0.229657 0.272541 0.049805 0.048276
0 0.246727 0.213986 0.049805 0.048276
0 0.235997 0.208246 0.049805 0.048276
0 0.245264 0.235801 0.049805 0.048276
0 0.255019 0.225467 0.049805 0.048276
0 0.256482 0.254171 0.049805 0.048276
0 0.264773 0.259911 0.049805 0.048276
0 0.279893 0.280577 0.049805 0.048276
0 0.293061 0.354057 0.049805 0.048276
0 0.298914 0.381612 0.049805 0.048276
0 0.280868 0.363242 0.049805 0.048276
0 0.255506 0.367835 0.049805 0.048276
0 0.276479 0.305836 0.049805 0.048276
0 0.257945 0.301244 0.049805 0.048276
0 0.244776 0.362094 0.049805 0.048276
0 0.231120 0.341428 0.049805 0.048276
0 0.216976 0.323058 0.049805 0.048276
0 0.222829 0.343724 0.049805 0.048276
0 0.217464 0.387353 0.049805 0.048276
0 0.201368 0.343724 0.049805 0.048276
0 0.212099 0.343724 0.049805 0.048276
0 0.181859 0.373575 0.049805 0.048276
0 0.199905 0.375872 0.049805 0.048276
0 0.174056 0.347169 0.049805 0.048276
0 0.167715 0.222023 0.049805 0.048276
0 0.173568 0.227764 0.049805 0.048276
0 0.182347 0.217431 0.049805 0.048276
0 0.176494 0.244986 0.049805 0.048276
0 0.182835 0.238097 0.049805 0.048276
0 0.216488 0.171506 0.049805 0.048276
0 0.209660 0.174950 0.049805 0.048276
0 0.202832 0.165765 0.049805 0.048276
0 0.227218 0.177246 0.049805 0.048276
0 0.232095 0.172654 0.049805 0.048276
0 0.224779 0.164617 0.049805 0.048276
0 0.228681 0.141654 0.049805 0.048276
0 0.238924 0.163469 0.049805 0.048276
0 0.246727 0.148543 0.049805 0.048276
0 0.253555 0.171506 0.049805 0.048276
0 0.217951 0.213986 0.049805 0.048276
0 0.232095 0.257615 0.049805 0.048276
0 0.225267 0.239245 0.049805 0.048276
0 0.267700 0.177246 0.049805 0.048276
0 0.265261 0.163469 0.049805 0.048276
0 0.277942 0.179543 0.049805 0.048276
0 0.277942 0.157728 0.049805 0.048276
0 0.273065 0.163469 0.049805 0.048276
0 0.286721 0.163469 0.049805 0.048276
0 0.286233 0.192172 0.049805 0.048276
0 0.296963 0.211690 0.049805 0.048276
0 0.304279 0.213986 0.049805 0.048276
0 0.314034 0.246134 0.049805 0.048276
0 0.317448 0.204801 0.049805 0.048276
0 0.334031 0.212838 0.049805 0.048276
0 0.335494 0.179543 0.049805 0.048276
0 0.319399 0.168061 0.049805 0.048276
0 0.328178 0.157728 0.049805 0.048276
0 0.335494 0.153136 0.049805 0.048276
0 0.326715 0.140506 0.049805 0.048276
0 0.332080 0.135914 0.049805 0.048276
0 0.347199 0.168061 0.049805 0.048276
0 0.346224 0.182987 0.049805 0.048276
0 0.370122 0.174950 0.049805 0.048276
0 0.341834 0.215134 0.049805 0.048276
0 0.367684 0.211690 0.049805 0.048276
0 0.363294 0.232356 0.049805 0.048276
0 0.352564 0.227764 0.049805 0.048276
0 0.355491 0.257615 0.049805 0.048276
0 0.371586 0.262207 0.049805 0.048276
0 0.363782 0.281726 0.049805 0.048276
0 0.354515 0.309280 0.049805 0.048276
0 0.348662 0.309280 0.049805 0.048276
0 0.340371 0.262207 0.049805 0.048276
0 0.325739 0.272541 0.049805 0.048276
0 0.322325 0.253022 0.049805 0.048276
0 0.342810 0.240393 0.049805 0.048276
0 0.314521 0.315021 0.049805 0.048276
0 0.307206 0.335687 0.049805 0.048276
0 0.320862 0.343724 0.049805 0.048276
0 0.337932 0.401130 0.049805 0.048276
0 0.389144 0.337984 0.049805 0.048276
0 0.391583 0.355205 0.049805 0.048276
0 0.396460 0.325354 0.049805 0.048276
0 0.392558 0.309280 0.049805 0.048276
0 0.380365 0.280577 0.049805 0.048276
0 0.394509 0.265652 0.049805 0.048276
0 0.389144 0.231208 0.049805 0.048276
0 0.411092 0.248430 0.049805 0.048276
0 0.404751 0.200209 0.049805 0.048276
0 0.410116 0.199061 0.049805 0.048276
0 0.406214 0.168061 0.049805 0.048276
0 0.400849 0.134766 0.049805 0.048276
0 0.387193 0.166913 0.049805 0.048276
0 0.391583 0.149691 0.049805 0.048276
0 0.139915 0.173802 0.049805 0.048276
0 0.117479 0.164617 0.049805 0.048276
0 0.028103 0.023393 0.049805 0.048276
0 0.030542 0.026263 0.049805 0.048276
0 0.035663 0.029707 0.049805 0.048276
0 0.043466 0.024541 0.049805 0.048276
0 0.020299 0.019948 0.049805 0.048276
0 0.012496 0.027411 0.049805 0.048276
0 0.009325 0.029707 0.049805 0.048276
0 0.008106 0.036022 0.049805 0.048276
0 0.004692 0.036022 0.049805 0.048276
0 0.032493 0.057836 0.049805 0.048276
0 0.042491 0.045781 0.049805 0.048276
0 0.037858 0.044633 0.049805 0.048276
0 0.047368 0.060707 0.049805 0.048276
0 0.044198 0.057836 0.049805 0.048276
0 0.047124 0.056114 0.049805 0.048276
0 0.049319 0.054966 0.049805 0.048276
0 0.049319 0.079077 0.049805 0.048276
0 0.053465 0.082521 0.049805 0.048276
0 0.062244 0.071614 0.049805 0.048276
0 0.057367 0.048077 0.049805 0.048276
0 0.054928 0.054966 0.049805 0.048276
0 0.053709 0.064725 0.049805 0.048276
0 0.052002 0.065873 0.049805 0.048276
0 0.040784 0.072188 0.049805 0.048276
0 0.043466 0.071040 0.049805 0.048276
0 0.046637 0.100891 0.049805 0.048276
0 0.051514 0.103761 0.049805 0.048276
0 0.039321 0.104335 0.049805 0.048276
0 0.037370 0.099743 0.049805 0.048276
0 0.059805 0.108354 0.049805 0.048276
0 0.059074 0.100317 0.049805 0.048276
0 0.055904 0.094002 0.049805 0.048276
0 0.059561 0.085965 0.049805 0.048276
0 0.062732 0.092854 0.049805 0.048276
0 0.067121 0.092854 0.049805 0.048276
0 0.072242 0.092280 0.049805 0.048276
0 0.074437 0.080225 0.049805 0.048276
0 0.072242 0.081947 0.049805 0.048276
0 0.065658 0.077929 0.049805 0.048276
0 0.066390 0.072762 0.049805 0.048276
0 0.066390 0.064151 0.049805 0.048276
0 0.069804 0.063577 0.049805 0.048276
0 0.071267 0.070466 0.049805 0.048276
0 0.073462 0.065873 0.049805 0.048276
0 0.075413 0.067021 0.049805 0.048276
0 0.079558 0.064151 0.049805 0.048276
0 0.077120 0.058410 0.049805 0.048276
0 0.067609 0.048651 0.049805 0.048276
0 0.060537 0.046355 0.049805 0.048276
0 0.066877 0.040614 0.049805 0.048276
0 0.059805 0.029707 0.049805 0.048276
0 0.063707 0.030281 0.049805 0.048276
0 0.068828 0.031430 0.049805 0.048276
0 0.056147 0.037744 0.049805 0.048276
0 0.064439 0.103187 0.049805 0.048276
0 0.073706 0.099743 0.049805 0.048276
0 0.096873 0.036596 0.049805 0.048276
0 0.101018 0.039466 0.049805 0.048276
0 0.093946 0.036022 0.049805 0.048276
0 0.089801 0.035448 0.049805 0.048276
0 0.086143 0.043485 0.049805 0.048276
0 0.091020 0.055540 0.049805 0.048276
0 0.089313 0.047503 0.049805 0.048276
0 0.094678 0.064725 0.049805 0.048276
0 0.095410 0.049799 0.049805 0.048276
0 0.100775 0.049799 0.049805 0.048276
0 0.104432 0.045781 0.049805 0.048276
0 0.104676 0.050948 0.049805 0.048276
0 0.106383 0.049799 0.049805 0.048276
0 0.080534 0.083669 0.049805 0.048276
0 0.082241 0.073910 0.049805 0.048276
0 0.081997 0.098021 0.049805 0.048276
0 0.076876 0.094576 0.049805 0.048276
0 0.079071 0.103761 0.049805 0.048276
0 0.089557 0.102039 0.049805 0.048276
0 0.099067 0.102039 0.049805 0.048276
0 0.106383 0.100891 0.049805 0.048276
0 0.103701 0.087113 0.049805 0.048276
0 0.096873 0.087113 0.049805 0.048276
0 0.091264 0.080225 0.049805 0.048276
0 0.092971 0.073910 0.049805 0.048276
0 0.097604 0.075632 0.049805 0.048276
0 0.098336 0.066447 0.049805 0.048276
0 0.107115 0.067595 0.049805 0.048276
0 0.112236 0.070466 0.049805 0.048276
0 0.109310 0.092280 0.049805 0.048276
0 0.111992 0.089984 0.049805 0.048276
0 0.116138 0.081947 0.049805 0.048276
0 0.116138 0.077929 0.049805 0.048276
0 0.114919 0.050948 0.049805 0.048276
0 0.124917 0.063577 0.049805 0.048276
0 0.128087 0.070466 0.049805 0.048276
0 0.126868 0.080225 0.049805 0.048276
0 0.121503 0.082521 0.049805 0.048276
0 0.135891 0.085965 0.049805 0.048276
0 0.098824 0.119835 0.049805 0.048276
0 0.093702 0.119261 0.049805 0.048276
0 0.104432 0.123279 0.049805 0.048276
0 0.101262 0.111798 0.049805 0.048276
0 0.106627 0.116391 0.049805 0.048276
0 0.104189 0.142797 0.049805 0.048276
0 0.115163 0.114094 0.049805 0.048276
0 0.116138 0.104335 0.049805 0.048276
0 0.130526 0.107780 0.049805 0.048276
0 0.133452 0.110076 0.049805 0.048276
0 0.126624 0.142223 0.049805 0.048276
0 0.132233 0.151408 0.049805 0.048276
0 0.133208 0.138205 0.049805 0.048276
0 0.140768 0.138779 0.049805 0.048276
0 0.142231 0.112946 0.049805 0.048276
0 0.141012 0.106058 0.049805 0.048276
0 0.138330 0.106058 0.049805 0.048276
0 0.138330 0.099743 0.049805 0.048276
0 0.140281 0.079651 0.049805 0.048276
0 0.137842 0.073910 0.049805 0.048276
0 0.129794 0.051522 0.049805 0.048276
0 0.125405 0.050948 0.049805 0.048276
0 0.122966 0.049799 0.049805 0.048276
0 0.152961 0.146816 0.049805 0.048276
0 0.160277 0.157723 0.049805 0.048276
0 0.154912 0.180112 0.049805 0.048276
0 0.149303 0.204222 0.049805 0.048276
0 0.133940 0.204796 0.049805 0.048276
0 0.153693 0.124428 0.049805 0.048276
0 0.156619 0.122705 0.049805 0.048276
0 0.156132 0.116391 0.049805 0.048276
0 0.151986 0.096873 0.049805 0.048276
0 0.161009 0.100317 0.049805 0.048276
0 0.167349 0.099743 0.049805 0.048276
0 0.166130 0.091132 0.049805 0.048276
0 0.170276 0.091132 0.049805 0.048276
0 0.170276 0.112372 0.049805 0.048276
0 0.171007 0.106058 0.049805 0.048276
0 0.162228 0.118113 0.049805 0.048276
0 0.171007 0.130742 0.049805 0.048276
0 0.177592 0.130742 0.049805 0.048276
0 0.175153 0.142797 0.049805 0.048276
0 0.168569 0.147390 0.049805 0.048276
0 0.177836 0.156575 0.049805 0.048276
0 0.179787 0.146816 0.049805 0.048276
0 0.182469 0.154853 0.049805 0.048276
0 0.186615 0.138205 0.049805 0.048276
0 0.181250 0.138779 0.049805 0.048276
0 0.191004 0.220296 0.049805 0.048276
0 0.136379 0.067595 0.049805 0.048276
0 0.133452 0.062429 0.049805 0.048276
0 0.297817 0.152557 0.049805 0.048276
0 0.200271 0.139353 0.049805 0.048276
0 0.199296 0.146816 0.049805 0.048276
0 0.195394 0.130742 0.049805 0.048276
0 0.200271 0.128446 0.049805 0.048276
0 0.192955 0.108354 0.049805 0.048276
0 0.189297 0.102039 0.049805 0.048276
0 0.183444 0.106632 0.049805 0.048276
0 0.180518 0.108354 0.049805 0.048276
0 0.178079 0.099743 0.049805 0.048276
0 0.176372 0.091706 0.049805 0.048276
0 0.149791 0.069892 0.049805 0.048276
0 0.147840 0.078503 0.049805 0.048276
0 0.145158 0.069892 0.049805 0.048276
0 0.097848 0.350034 0.049805 0.048276
0 0.085411 0.338553 0.049805 0.048276
0 0.122235 0.094002 0.049805 0.048276
0 0.123210 0.102039 0.049805 0.048276
0 0.087850 0.309275 0.049805 0.048276
0 0.123454 0.120983 0.049805 0.048276
0 0.134916 0.045781 0.049805 0.048276
0 0.117357 0.041763 0.049805 0.048276
0 0.114675 0.059559 0.049805 0.048276
0 0.121747 0.057836 0.049805 0.048276
0 0.074925 0.036022 0.049805 0.048276
0 0.071755 0.034300 0.049805 0.048276
0 0.077364 0.037744 0.049805 0.048276
0 0.173446 0.192167 0.049805 0.048276
0 0.193199 0.182982 0.049805 0.048276
0 0.162228 0.085965 0.049805 0.048276
0 0.155644 0.077929 0.049805 0.048276
0 0.158326 0.070466 0.049805 0.048276
0 0.161497 0.063577 0.049805 0.048276
0 0.164667 0.073910 0.049805 0.048276
0 0.166130 0.063003 0.049805 0.048276
0 0.159790 0.052670 0.049805 0.048276
0 0.157595 0.053818 0.049805 0.048276
0 0.154669 0.050948 0.049805 0.048276
0 0.151986 0.043485 0.049805 0.048276
0 0.146865 0.045781 0.049805 0.048276
0 0.140524 0.047503 0.049805 0.048276
0 0.137842 0.051522 0.049805 0.048276
0 0.163691 0.050374 0.049805 0.048276
0 0.159546 0.045781 0.049805 0.048276
0 0.144426 0.023393 0.049805 0.048276
0 0.077607 0.340275 0.049805 0.048276
0 0.107115 0.184130 0.049805 0.048276
0 0.099311 0.180112 0.049805 0.048276
0 0.105408 0.168630 0.049805 0.048276
0 0.095410 0.160019 0.049805 0.048276
0 0.088337 0.125002 0.049805 0.048276
0 0.087362 0.091706 0.049805 0.048276
0 0.086630 0.068744 0.049805 0.048276
0 0.083704 0.053818 0.049805 0.048276
0 0.081022 0.049799 0.049805 0.048276
0 0.046881 0.048077 0.049805 0.048276
0 0.046881 0.039466 0.049805 0.048276
0 0.041272 0.039466 0.049805 0.048276
0 0.044442 0.040614 0.049805 0.048276
0 0.050295 0.047503 0.049805 0.048276
0 0.007862 0.145094 0.049805 0.048276
0 0.013471 0.143372 0.049805 0.048276
0 0.003717 0.143372 0.049805 0.048276
0 0.003473 0.132464 0.049805 0.048276
0 0.123698 0.132464 0.049805 0.048276
0 0.116138 0.134761 0.049805 0.048276
0 0.183201 0.028559 0.049805 0.048276
0 0.175397 0.033726 0.049805 0.048276
0 0.172227 0.031430 0.049805 0.048276
0 0.169300 0.031430 0.049805 0.048276
0 0.158570 0.032004 0.049805 0.048276
0 0.162960 0.024541 0.049805 0.048276
0 0.155156 0.023967 0.049805 0.048276
0 0.146865 0.025689 0.049805 0.048276
0 0.139793 0.016504 0.049805 0.048276
0 0.139793 0.012485 0.049805 0.048276
0 0.128819 0.015930 0.049805 0.048276
0 0.130770 0.033726 0.049805 0.048276
0 0.126868 0.033726 0.049805 0.048276
0 0.124673 0.029707 0.049805 0.048276
0 0.121991 0.013634 0.049805 0.048276
0 0.104920 0.029707 0.049805 0.048276
0 0.110041 0.032578 0.049805 0.048276
0 0.112480 0.032578 0.049805 0.048276
0 0.144670 0.032004 0.049805 0.048276
0 0.144670 0.032004 0.049805 0.048276
0 0.180518 0.085965 0.049805 0.048276
0 0.184664 0.094576 0.049805 0.048276
0 0.186127 0.075632 0.049805 0.048276
0 0.190517 0.084243 0.049805 0.048276
0 0.193443 0.081947 0.049805 0.048276
0 0.191492 0.072188 0.049805 0.048276
0 0.189541 0.064725 0.049805 0.048276
0 0.178079 0.077929 0.049805 0.048276
0 0.175153 0.083669 0.049805 0.048276
0 0.171251 0.082521 0.049805 0.048276
0 0.168813 0.072188 0.049805 0.048276
0 0.165642 0.057836 0.049805 0.048276
0 0.171739 0.055540 0.049805 0.048276
0 0.166374 0.040614 0.049805 0.048276
0 0.166374 0.047503 0.049805 0.048276
0 0.177348 0.042337 0.049805 0.048276
0 0.175397 0.052096 0.049805 0.048276
0 0.178567 0.057836 0.049805 0.048276
0 0.180518 0.063003 0.049805 0.048276
0 0.187346 0.054966 0.049805 0.048276
0 0.183444 0.057836 0.049805 0.048276
0 0.183444 0.048077 0.049805 0.048276
0 0.181981 0.050948 0.049805 0.048276
0 0.181981 0.075632 0.049805 0.048276
0 0.204661 0.365533 0.049805 0.048276
0 0.254653 0.147390 0.049805 0.048276
0 0.257335 0.154279 0.049805 0.048276
0 0.295866 0.126150 0.049805 0.048276
0 0.120040 0.351756 0.049805 0.048276
0 0.224901 0.130168 0.049805 0.048276
0 0.211733 0.135335 0.049805 0.048276
0 0.207587 0.151408 0.049805 0.048276
0 0.214415 0.154279 0.049805 0.048276
0 0.194662 0.060707 0.049805 0.048276
0 0.197832 0.063577 0.049805 0.048276
0 0.201003 0.068744 0.049805 0.048276
0 0.203929 0.071614 0.049805 0.048276
0 0.198320 0.086539 0.049805 0.048276
0 0.194662 0.092854 0.049805 0.048276
0 0.201247 0.104909 0.049805 0.048276
0 0.201978 0.098021 0.049805 0.048276
0 0.204417 0.089984 0.049805 0.048276
0 0.210026 0.094002 0.049805 0.048276
0 0.210270 0.116965 0.049805 0.048276
0 0.204661 0.115817 0.049805 0.048276
0 0.206368 0.058984 0.049805 0.048276
0 0.208806 0.068744 0.049805 0.048276
0 0.190517 0.040040 0.049805 0.048276
0 0.197345 0.049799 0.049805 0.048276
0 0.195150 0.030281 0.049805 0.048276
0 0.203441 0.047503 0.049805 0.048276
0 0.225633 0.321331 0.049805 0.048276
0 0.271723 0.289183 0.049805 0.048276
0 0.150279 0.295498 0.049805 0.048276
0 0.214903 0.106058 0.049805 0.048276
0 0.220756 0.099743 0.049805 0.048276
0 0.210513 0.102613 0.049805 0.048276
0 0.207831 0.106058 0.049805 0.048276
0 0.211977 0.088262 0.049805 0.048276
0 0.204905 0.078503 0.049805 0.048276
0 0.208806 0.077929 0.049805 0.048276
0 0.212220 0.076780 0.049805 0.048276
0 0.217098 0.084243 0.049805 0.048276
0 0.219292 0.076780 0.049805 0.048276
0 0.226121 0.077929 0.049805 0.048276
0 0.229779 0.080799 0.049805 0.048276
0 0.228315 0.092280 0.049805 0.048276
0 0.229047 0.099169 0.049805 0.048276
0 0.252702 0.118113 0.049805 0.048276
0 0.255872 0.134761 0.049805 0.048276
0 0.278795 0.307553 0.049805 0.048276
0 0.250019 0.108354 0.049805 0.048276
0 0.239289 0.112946 0.049805 0.048276
0 0.235631 0.103187 0.049805 0.048276
0 0.238802 0.092854 0.049805 0.048276
0 0.235388 0.075632 0.049805 0.048276
0 0.224414 0.023967 0.049805 0.048276
0 0.244654 0.029707 0.049805 0.048276
0 0.244654 0.039466 0.049805 0.048276
0 0.247581 0.039466 0.049805 0.048276
0 0.222463 0.064725 0.049805 0.048276
0 0.221731 0.071614 0.049805 0.048276
0 0.227096 0.064725 0.049805 0.048276
0 0.217098 0.060707 0.049805 0.048276
0 0.219780 0.062429 0.049805 0.048276
0 0.221000 0.061855 0.049805 0.048276
0 0.224170 0.055540 0.049805 0.048276
0 0.219292 0.027411 0.049805 0.048276
0 0.261969 0.204222 0.049805 0.048276
0 0.269041 0.199056 0.049805 0.048276
0 0.294890 0.114094 0.049805 0.048276
0 0.290989 0.114094 0.049805 0.048276
0 0.284892 0.107780 0.049805 0.048276
0 0.280015 0.108354 0.049805 0.048276
0 0.272211 0.103761 0.049805 0.048276
0 0.260993 0.108354 0.049805 0.048276
0 0.260749 0.100317 0.049805 0.048276
0 0.257335 0.099743 0.049805 0.048276
0 0.253921 0.094576 0.049805 0.048276
0 0.284404 0.140501 0.049805 0.048276
0 0.292696 0.135335 0.049805 0.048276
0 0.283916 0.124428 0.049805 0.048276
0 0.278551 0.135335 0.049805 0.048276
0 0.276844 0.118687 0.049805 0.048276
0 0.269285 0.124428 0.049805 0.048276
0 0.261969 0.122705 0.049805 0.048276
0 0.265871 0.126150 0.049805 0.048276
0 0.262700 0.134187 0.049805 0.048276
0 0.288306 0.090558 0.049805 0.048276
0 0.279527 0.096298 0.049805 0.048276
0 0.273186 0.079651 0.049805 0.048276
0 0.270260 0.083669 0.049805 0.048276
0 0.264651 0.076780 0.049805 0.048276
0 0.261725 0.076206 0.049805 0.048276
0 0.264163 0.088836 0.049805 0.048276
0 0.258555 0.084817 0.049805 0.048276
0 0.254409 0.079077 0.049805 0.048276
0 0.253190 0.076780 0.049805 0.048276
0 0.252946 0.067021 0.049805 0.048276
0 0.256848 0.071040 0.049805 0.048276
0 0.241972 0.073910 0.049805 0.048276
0 0.244167 0.082521 0.049805 0.048276
0 0.243191 0.068169 0.049805 0.048276
0 0.246849 0.066447 0.049805 0.048276
0 0.238802 0.066447 0.049805 0.048276
0 0.238558 0.060133 0.049805 0.048276
0 0.246849 0.045781 0.049805 0.048276
0 0.246361 0.057836 0.049805 0.048276
0 0.244167 0.059559 0.049805 0.048276
0 0.251239 0.050948 0.049805 0.048276
0 0.255384 0.058410 0.049805 0.048276
0 0.257823 0.043485 0.049805 0.048276
0 0.260262 0.054392 0.049805 0.048276
0 0.263920 0.054392 0.049805 0.048276
0 0.268065 0.050374 0.049805 0.048276
0 0.269529 0.056114 0.049805 0.048276
0 0.268309 0.064725 0.049805 0.048276
0 0.271479 0.053818 0.049805 0.048276
0 0.274650 0.015356 0.049805 0.048276
0 0.281234 0.013634 0.049805 0.048276
0 0.275137 0.052670 0.049805 0.048276
0 0.276844 0.050948 0.049805 0.048276
0 0.282209 0.053818 0.049805 0.048276
0 0.275869 0.060707 0.049805 0.048276
0 0.282209 0.060707 0.049805 0.048276
0 0.295378 0.053818 0.049805 0.048276
0 0.289282 0.050948 0.049805 0.048276
0 0.293427 0.056114 0.049805 0.048276
0 0.295134 0.063003 0.049805 0.048276
0 0.293427 0.063003 0.049805 0.048276
0 0.288062 0.069892 0.049805 0.048276
0 0.299524 0.056114 0.049805 0.048276
0 0.301962 0.056114 0.049805 0.048276
0 0.289282 0.084817 0.049805 0.048276
0 0.281966 0.082521 0.049805 0.048276
0 0.279039 0.072762 0.049805 0.048276
0 0.285136 0.082521 0.049805 0.048276
0 0.284892 0.085965 0.049805 0.048276
0 0.277820 0.089984 0.049805 0.048276
0 0.281234 0.086539 0.049805 0.048276
0 0.295622 0.088836 0.049805 0.048276
0 0.293671 0.095724 0.049805 0.048276
0 0.297817 0.098021 0.049805 0.048276
0 0.073949 0.041763 0.049805 0.048276
0 0.046637 0.023393 0.049805 0.048276
0 0.072974 0.112372 0.049805 0.048276
0 0.130282 0.100317 0.049805 0.048276
0 0.141378 0.241541 0.049805 0.048276
0 0.133087 0.251874 0.049805 0.048276
0 0.074071 0.169209 0.049805 0.048276
0 0.060903 0.168061 0.049805 0.048276
0 0.037492 0.230060 0.049805 0.048276
0 0.050660 0.308132 0.049805 0.048276
0 0.299402 0.261059 0.049805 0.048276
0 0.294525 0.241541 0.049805 0.048276
0 0.284282 0.222023 0.049805 0.048276
0 0.372073 0.285170 0.049805 0.048276
0 0.409628 0.277133 0.049805 0.048276
0 0.415969 0.333391 0.049805 0.048276
0 0.436941 0.286318 0.049805 0.048276
0 0.429625 0.273689 0.049805 0.048276
0 0.423285 0.264504 0.049805 0.048276
0 0.428162 0.251874 0.049805 0.048276
0 0.438404 0.236949 0.049805 0.048276
0 0.444257 0.244986 0.049805 0.048276
0 0.457914 0.248430 0.049805 0.048276
0 0.458401 0.300096 0.049805 0.048276
0 0.452549 0.300096 0.049805 0.048276
0 0.442794 0.269096 0.049805 0.048276
0 0.431088 0.302392 0.049805 0.048276
0 0.473033 0.352909 0.049805 0.048276
0 0.474984 0.304688 0.049805 0.048276
0 0.481325 0.296651 0.049805 0.048276
0 0.480349 0.327650 0.049805 0.048276
0 0.491079 0.325354 0.049805 0.048276
0 0.491567 0.301244 0.049805 0.048276
0 0.497907 0.288614 0.049805 0.048276
0 0.508637 0.264504 0.049805 0.048276
0 0.541315 0.325354 0.049805 0.048276
0 0.530097 0.308132 0.049805 0.048276
0 0.518392 0.309280 0.049805 0.048276
0 0.523269 0.319614 0.049805 0.048276
0 0.513515 0.294355 0.049805 0.048276
0 0.508150 0.294355 0.049805 0.048276
0 0.547168 0.310429 0.049805 0.048276
0 0.561312 0.337984 0.049805 0.048276
0 0.591551 0.349465 0.049805 0.048276
0 0.593014 0.329947 0.049805 0.048276
0 0.585211 0.320762 0.049805 0.048276
0 0.580333 0.336835 0.049805 0.048276
0 0.587162 0.375872 0.049805 0.048276
0 0.601306 0.416056 0.049805 0.048276
0 0.567165 0.367835 0.049805 0.048276
0 0.571554 0.304688 0.049805 0.048276
0 0.570091 0.285170 0.049805 0.048276
0 0.573017 0.284022 0.049805 0.048276
0 0.564238 0.278281 0.049805 0.048276
0 0.555459 0.270244 0.049805 0.048276
0 0.556435 0.309280 0.049805 0.048276
0 0.547168 0.264504 0.049805 0.048276
0 0.516929 0.236949 0.049805 0.048276
0 0.508637 0.239245 0.049805 0.048276
0 0.496444 0.239245 0.049805 0.048276
0 0.501321 0.230060 0.049805 0.048276
0 0.487177 0.244986 0.049805 0.048276
0 0.480837 0.216282 0.049805 0.048276
0 0.238924 0.145099 0.049805 0.048276
0 0.241362 0.147395 0.049805 0.048276
0 0.245752 0.131321 0.049805 0.048276
0 0.234534 0.125581 0.049805 0.048276
0 0.229657 0.120988 0.049805 0.048276
0 0.223804 0.116396 0.049805 0.048276
0 0.222341 0.107211 0.049805 0.048276
0 0.224292 0.103766 0.049805 0.048276
0 0.116991 0.143951 0.049805 0.048276
0 0.097482 0.219727 0.049805 0.048276
0 0.091142 0.188728 0.049805 0.048276
0 0.071633 0.211690 0.049805 0.048276
0 0.064317 0.212838 0.049805 0.048276
0 0.280868 0.635348 0.049805 0.048276
0 0.263310 0.711124 0.049805 0.048276
0 0.302816 0.116396 0.049805 0.048276
0 0.319886 0.123284 0.049805 0.048276
0 0.315009 0.123284 0.049805 0.048276
0 0.187712 0.156580 0.049805 0.048276
0 0.055050 0.265652 0.049805 0.048276
0 0.035541 0.174950 0.049805 0.048276
0 0.175519 0.015356 0.049805 0.048276
0 0.168691 0.014208 0.049805 0.048276
0 0.158692 0.010189 0.049805 0.048276
0 0.193077 0.015930 0.049805 0.048276
0 0.179421 0.015356 0.049805 0.048276
0 0.109919 0.007319 0.049805 0.048276
0 0.210635 0.022245 0.049805 0.048276
0 0.205270 0.023393 0.049805 0.048276
0 0.201125 0.023393 0.049805 0.048276
0 0.229901 0.021670 0.049805 0.048276
0 0.235997 0.022245 0.049805 0.048276
0 0.275747 0.025689 0.049805 0.048276
0 0.288672 0.027411 0.049805 0.048276
0 0.282088 0.021670 0.049805 0.048276
0 0.294281 0.023393 0.049805 0.048276
0 0.306718 0.021670 0.049805 0.048276
0 0.354759 0.023393 0.049805 0.048276
0 0.348906 0.026263 0.049805 0.048276
0 0.307937 0.056114 0.049805 0.048276
0 0.308669 0.062429 0.049805 0.048276
0 0.304035 0.063003 0.049805 0.048276
0 0.302084 0.062429 0.049805 0.048276
0 0.298670 0.061855 0.049805 0.048276
0 0.298426 0.071040 0.049805 0.048276
0 0.293549 0.077929 0.049805 0.048276
0 0.300377 0.079651 0.049805 0.048276
0 0.302328 0.088262 0.049805 0.048276
0 0.313302 0.089984 0.049805 0.048276
0 0.299646 0.104909 0.049805 0.048276
0 0.292086 0.102039 0.049805 0.048276
0 0.313790 0.160019 0.049805 0.048276
0 0.305742 0.160593 0.049805 0.048276
0 0.304523 0.150834 0.049805 0.048276
0 0.308913 0.156575 0.049805 0.048276
0 0.316228 0.106058 0.049805 0.048276
0 0.318667 0.100317 0.049805 0.048276
0 0.321350 0.088836 0.049805 0.048276
0 0.331104 0.116965 0.049805 0.048276
0 0.328909 0.122705 0.049805 0.048276
0 0.334762 0.119835 0.049805 0.048276
0 0.339883 0.126724 0.049805 0.048276
0 0.348906 0.119261 0.049805 0.048276
0 0.343054 0.120983 0.049805 0.048276
0 0.338664 0.112372 0.049805 0.048276
0 0.332811 0.110076 0.049805 0.048276
0 0.351833 0.120983 0.049805 0.048276
0 0.355247 0.126724 0.049805 0.048276
0 0.358661 0.139353 0.049805 0.048276
0 0.348175 0.148538 0.049805 0.048276
0 0.354027 0.160019 0.049805 0.048276
0 0.366221 0.164612 0.049805 0.048276
0 0.363538 0.136483 0.049805 0.048276
0 0.361587 0.128446 0.049805 0.048276
0 0.358905 0.115243 0.049805 0.048276
0 0.355978 0.111224 0.049805 0.048276
0 0.346712 0.103187 0.049805 0.048276
0 0.342322 0.089984 0.049805 0.048276
0 0.336957 0.169778 0.049805 0.048276
0 0.338176 0.161742 0.049805 0.048276
0 0.352320 0.200204 0.049805 0.048276
0 0.291842 0.184704 0.049805 0.048276
0 0.320862 0.079651 0.049805 0.048276
0 0.312327 0.078503 0.049805 0.048276
0 0.250873 0.307553 0.049805 0.048276
0 0.333299 0.094002 0.049805 0.048276
0 0.327934 0.096298 0.049805 0.048276
0 0.311595 0.049799 0.049805 0.048276
0 0.297695 0.021670 0.049805 0.048276
0 0.370122 0.011911 0.049805 0.048276
0 0.364026 0.023967 0.049805 0.048276
0 0.358661 0.023393 0.049805 0.048276
0 0.373537 0.023967 0.049805 0.048276
0 0.384754 0.010189 0.049805 0.048276
0 0.378658 0.025689 0.049805 0.048276
0 0.328909 0.309275 0.049805 0.048276
0 0.366708 0.134761 0.049805 0.048276
0 0.368659 0.124428 0.049805 0.048276
0 0.369879 0.106058 0.049805 0.048276
0 0.375975 0.116965 0.049805 0.048276
0 0.379633 0.114094 0.049805 0.048276
0 0.384510 0.126150 0.049805 0.048276
0 0.378170 0.140501 0.049805 0.048276
0 0.378414 0.160019 0.049805 0.048276
0 0.275991 0.296072 0.049805 0.048276
0 0.368172 0.150834 0.049805 0.048276
0 0.405239 0.126724 0.049805 0.048276
0 0.413774 0.130742 0.049805 0.048276
0 0.391095 0.115817 0.049805 0.048276
0 0.243069 0.295498 0.049805 0.048276
0 0.394509 0.094002 0.049805 0.048276
0 0.391583 0.084817 0.049805 0.048276
0 0.375731 0.337978 0.049805 0.048276
0 0.489372 0.340275 0.049805 0.048276
0 0.487909 0.212259 0.049805 0.048276
0 0.496200 0.220296 0.049805 0.048276
0 0.482300 0.207092 0.049805 0.048276
0 0.464010 0.207092 0.049805 0.048276
0 0.445233 0.211111 0.049805 0.048276
0 0.439868 0.199056 0.049805 0.048276
0 0.425480 0.209963 0.049805 0.048276
0 0.418164 0.174945 0.049805 0.048276
0 0.413286 0.146816 0.049805 0.048276
0 0.407190 0.150834 0.049805 0.048276
0 0.420358 0.158871 0.049805 0.048276
0 0.424016 0.146242 0.049805 0.048276
0 0.429625 0.149112 0.049805 0.048276
0 0.250629 0.272535 0.049805 0.048276
0 0.447184 0.155427 0.049805 0.048276
0 0.439868 0.166908 0.049805 0.048276
0 0.441087 0.146816 0.049805 0.048276
0 0.432796 0.150260 0.049805 0.048276
0 0.427918 0.139353 0.049805 0.048276
0 0.424260 0.134761 0.049805 0.048276
0 0.420846 0.128446 0.049805 0.048276
0 0.465961 0.165186 0.049805 0.048276
0 0.450110 0.166908 0.049805 0.048276
0 0.431332 0.122705 0.049805 0.048276
0 0.442794 0.118687 0.049805 0.048276
0 0.451329 0.118113 0.049805 0.048276
0 0.404995 0.116391 0.049805 0.048276
0 0.399142 0.114668 0.049805 0.048276
0 0.385486 0.096873 0.049805 0.048276
0 0.267700 0.284591 0.049805 0.048276
0 0.366952 0.096298 0.049805 0.048276
0 0.361831 0.102613 0.049805 0.048276
0 0.308425 0.085965 0.049805 0.048276
0 0.304767 0.088836 0.049805 0.048276
0 0.332811 0.078503 0.049805 0.048276
0 0.328909 0.079651 0.049805 0.048276
0 0.338664 0.069892 0.049805 0.048276
0 0.471326 0.319609 0.049805 0.048276
0 0.234778 0.317886 0.049805 0.048276
0 0.352808 0.069892 0.049805 0.048276
0 0.357198 0.069892 0.049805 0.048276
0 0.348906 0.067595 0.049805 0.048276
0 0.234290 0.329368 0.049805 0.048276
0 0.321594 0.068744 0.049805 0.048276
0 0.342078 0.045781 0.049805 0.048276
0 0.334274 0.041763 0.049805 0.048276
0 0.331104 0.047503 0.049805 0.048276
0 0.327934 0.053818 0.049805 0.048276
0 0.324032 0.057836 0.049805 0.048276
0 0.322081 0.049799 0.049805 0.048276
0 0.319399 0.046355 0.049805 0.048276
0 0.315253 0.052670 0.049805 0.048276
0 0.319886 0.032578 0.049805 0.048276
0 0.323788 0.027411 0.049805 0.048276
0 0.341103 0.024541 0.049805 0.048276
0 0.337932 0.021670 0.049805 0.048276
0 0.354027 0.047503 0.049805 0.048276
0 0.350126 0.057836 0.049805 0.048276
0 0.354515 0.052670 0.049805 0.048276
0 0.358905 0.054392 0.049805 0.048276
0 0.361587 0.051522 0.049805 0.048276
0 0.365245 0.049799 0.049805 0.048276
0 0.361099 0.058984 0.049805 0.048276
0 0.363050 0.061855 0.049805 0.048276
0 0.366465 0.056688 0.049805 0.048276
0 0.374024 0.052670 0.049805 0.048276
0 0.376951 0.058984 0.049805 0.048276
0 0.377438 0.053818 0.049805 0.048276
0 0.369635 0.077929 0.049805 0.048276
0 0.365733 0.069892 0.049805 0.048276
0 0.362319 0.070466 0.049805 0.048276
0 0.366465 0.081947 0.049805 0.048276
0 0.369147 0.081947 0.049805 0.048276
0 0.372805 0.090558 0.049805 0.048276
0 0.374512 0.096298 0.049805 0.048276
0 0.376219 0.087113 0.049805 0.048276
0 0.375731 0.079651 0.049805 0.048276
0 0.378658 0.083095 0.049805 0.048276
0 0.377926 0.069892 0.049805 0.048276
0 0.382072 0.071614 0.049805 0.048276
0 0.383047 0.067021 0.049805 0.048276
0 0.384754 0.052670 0.049805 0.048276
0 0.389144 0.051522 0.049805 0.048276
0 0.388412 0.063577 0.049805 0.048276
0 0.398898 0.051522 0.049805 0.048276
0 0.395484 0.059559 0.049805 0.048276
0 0.399142 0.063577 0.049805 0.048276
0 0.399630 0.074484 0.049805 0.048276
0 0.397923 0.077929 0.049805 0.048276
0 0.404263 0.087688 0.049805 0.048276
0 0.405483 0.094002 0.049805 0.048276
0 0.407678 0.103187 0.049805 0.048276
0 0.409141 0.095724 0.049805 0.048276
0 0.410360 0.082521 0.049805 0.048276
0 0.406214 0.076780 0.049805 0.048276
0 0.403288 0.061855 0.049805 0.048276
0 0.404751 0.057836 0.049805 0.048276
0 0.404751 0.052096 0.049805 0.048276
0 0.416457 0.064151 0.049805 0.048276
0 0.414262 0.054966 0.049805 0.048276
0 0.412067 0.063003 0.049805 0.048276
0 0.411823 0.024541 0.049805 0.048276
0 0.405970 0.025689 0.049805 0.048276
0 0.417188 0.029707 0.049805 0.048276
0 0.420115 0.023393 0.049805 0.048276
0 0.422797 0.027411 0.049805 0.048276
0 0.427187 0.027411 0.049805 0.048276
0 0.433039 0.023393 0.049805 0.048276
0 0.437429 0.027985 0.049805 0.048276
0 0.442306 0.024541 0.049805 0.048276
0 0.446452 0.025689 0.049805 0.048276
0 0.452061 0.023967 0.049805 0.048276
0 0.464742 0.027411 0.049805 0.048276
0 0.470594 0.028559 0.049805 0.048276
0 0.472789 0.028559 0.049805 0.048276
0 0.477423 0.027411 0.049805 0.048276
0 0.480837 0.030281 0.049805 0.048276
0 0.491811 0.031430 0.049805 0.048276
0 0.495712 0.029707 0.049805 0.048276
0 0.501078 0.027411 0.049805 0.048276
0 0.423773 0.053818 0.049805 0.048276
0 0.418164 0.047503 0.049805 0.048276
0 0.426455 0.048077 0.049805 0.048276
0 0.428650 0.063577 0.049805 0.048276
0 0.424504 0.061855 0.049805 0.048276
0 0.432796 0.055540 0.049805 0.048276
0 0.434746 0.050948 0.049805 0.048276
0 0.435478 0.071040 0.049805 0.048276
0 0.422797 0.076206 0.049805 0.048276
0 0.422066 0.096873 0.049805 0.048276
0 0.414993 0.080225 0.049805 0.048276
0 0.418408 0.079651 0.049805 0.048276
0 0.418408 0.099743 0.049805 0.048276
0 0.416213 0.112372 0.049805 0.048276
0 0.422066 0.107780 0.049805 0.048276
0 0.413286 0.099169 0.049805 0.048276
0 0.424016 0.122131 0.049805 0.048276
0 0.430113 0.130742 0.049805 0.048276
0 0.428406 0.166908 0.049805 0.048276
0 0.444989 0.170927 0.049805 0.048276
0 0.446696 0.142797 0.049805 0.048276
0 0.451329 0.142223 0.049805 0.048276
0 0.445476 0.132464 0.049805 0.048276
0 0.436454 0.102039 0.049805 0.048276
0 0.443282 0.106058 0.049805 0.048276
0 0.442794 0.092280 0.049805 0.048276
0 0.438648 0.088262 0.049805 0.048276
0 0.428406 0.106632 0.049805 0.048276
0 0.427187 0.084243 0.049805 0.048276
0 0.425236 0.071614 0.049805 0.048276
0 0.428650 0.071614 0.049805 0.048276
0 0.451573 0.102613 0.049805 0.048276
0 0.450598 0.094002 0.049805 0.048276
0 0.450598 0.089984 0.049805 0.048276
0 0.445964 0.083669 0.049805 0.048276
0 0.443282 0.072762 0.049805 0.048276
0 0.440843 0.077929 0.049805 0.048276
0 0.448647 0.073910 0.049805 0.048276
0 0.449622 0.066447 0.049805 0.048276
0 0.454256 0.068169 0.049805 0.048276
0 0.454256 0.076206 0.049805 0.048276
0 0.454743 0.084243 0.049805 0.048276
0 0.456694 0.098595 0.049805 0.048276
0 0.457182 0.114094 0.049805 0.048276
0 0.461328 0.132464 0.049805 0.048276
0 0.460108 0.136483 0.049805 0.048276
0 0.465717 0.137057 0.049805 0.048276
0 0.471082 0.138779 0.049805 0.048276
0 0.470838 0.205944 0.049805 0.048276
0 0.482544 0.154853 0.049805 0.048276
0 0.489616 0.158871 0.049805 0.048276
0 0.489616 0.147390 0.049805 0.048276
0 0.495956 0.142797 0.049805 0.048276
0 0.495225 0.161742 0.049805 0.048276
0 0.492786 0.191019 0.049805 0.048276
0 0.479617 0.184704 0.049805 0.048276
0 0.485226 0.173223 0.049805 0.048276
0 0.472058 0.077929 0.049805 0.048276
0 0.469619 0.087113 0.049805 0.048276
0 0.474740 0.085965 0.049805 0.048276
0 0.475959 0.091132 0.049805 0.048276
0 0.479374 0.118687 0.049805 0.048276
0 0.462791 0.122131 0.049805 0.048276
0 0.469619 0.126150 0.049805 0.048276
0 0.457914 0.170927 0.049805 0.048276
0 0.491079 0.114094 0.049805 0.048276
0 0.494249 0.111224 0.049805 0.048276
0 0.497663 0.112372 0.049805 0.048276
0 0.490104 0.098021 0.049805 0.048276
0 0.482788 0.094002 0.049805 0.048276
0 0.474252 0.107780 0.049805 0.048276
0 0.479130 0.103761 0.049805 0.048276
0 0.466937 0.106632 0.049805 0.048276
0 0.456938 0.063577 0.049805 0.048276
0 0.449134 0.053818 0.049805 0.048276
0 0.444257 0.053818 0.049805 0.048276
0 0.439136 0.057836 0.049805 0.048276
0 0.462791 0.061855 0.049805 0.048276
0 0.465473 0.069892 0.049805 0.048276
0 0.462303 0.070466 0.049805 0.048276
0 0.458157 0.070466 0.049805 0.048276
0 0.461084 0.081947 0.049805 0.048276
0 0.462059 0.092854 0.049805 0.048276
0 0.477910 0.051522 0.049805 0.048276
0 0.484495 0.054966 0.049805 0.048276
0 0.485226 0.052096 0.049805 0.048276
0 0.489372 0.054392 0.049805 0.048276
0 0.488397 0.047503 0.049805 0.048276
0 0.494249 0.049799 0.049805 0.048276
0 0.494493 0.057836 0.049805 0.048276
0 0.492542 0.058984 0.049805 0.048276
0 0.488397 0.061855 0.049805 0.048276
0 0.474009 0.067595 0.049805 0.048276
0 0.479130 0.065873 0.049805 0.048276
0 0.482544 0.070466 0.049805 0.048276
0 0.485958 0.067021 0.049805 0.048276
0 0.486690 0.075058 0.049805 0.048276
0 0.479861 0.079651 0.049805 0.048276
0 0.491811 0.072188 0.049805 0.048276
0 0.496688 0.072188 0.049805 0.048276
0 0.430601 0.339701 0.049805 0.048276
0 0.484495 0.087113 0.049805 0.048276
0 0.389875 0.098021 0.049805 0.048276
0 0.357198 0.087688 0.049805 0.048276
0 0.352077 0.083669 0.049805 0.048276
0 0.346224 0.081947 0.049805 0.048276
0 0.342322 0.083095 0.049805 0.048276
0 0.338908 0.085965 0.049805 0.048276
0 0.336225 0.087688 0.049805 0.048276
0 0.338420 0.096298 0.049805 0.048276
0 0.305498 0.075632 0.049805 0.048276
0 0.307693 0.118692 0.049805 0.048276
0 0.308669 0.099174 0.049805 0.048276
0 0.303791 0.099174 0.049805 0.048276
0 0.561800 0.597460 0.049805 0.048276
0 0.589112 0.461981 0.049805 0.048276
0 0.609597 0.472314 0.049805 0.048276
0 0.481812 0.627311 0.049805 0.048276
0 0.631057 0.417204 0.049805 0.048276
0 0.622278 0.395390 0.049805 0.048276
0 0.637885 0.397686 0.049805 0.048276
0 0.616425 0.319614 0.049805 0.048276
0 0.627643 0.304688 0.049805 0.048276
0 0.634959 0.351761 0.049805 0.048276
0 0.621790 0.367835 0.049805 0.048276
0 0.642275 0.373575 0.049805 0.048276
0 0.652517 0.413760 0.049805 0.048276
0 0.654468 0.308132 0.049805 0.048276
0 0.650078 0.320762 0.049805 0.048276
0 0.642763 0.288614 0.049805 0.048276
0 0.608134 0.321910 0.049805 0.048276
0 0.594965 0.225467 0.049805 0.048276
0 0.496444 0.087113 0.049805 0.048276
0 0.505467 0.075058 0.049805 0.048276
0 0.507662 0.073910 0.049805 0.048276
0 0.503028 0.102039 0.049805 0.048276
0 0.507906 0.106058 0.049805 0.048276
0 0.494981 0.098595 0.049805 0.048276
0 0.508393 0.085965 0.049805 0.048276
0 0.512051 0.084817 0.049805 0.048276
0 0.524976 0.162890 0.049805 0.048276
0 0.514002 0.200204 0.049805 0.048276
0 0.525708 0.197907 0.049805 0.048276
0 0.509369 0.160593 0.049805 0.048276
0 0.504492 0.153131 0.049805 0.048276
0 0.514734 0.142797 0.049805 0.048276
0 0.534975 0.142797 0.049805 0.048276
0 0.526439 0.150834 0.049805 0.048276
0 0.538876 0.161742 0.049805 0.048276
0 0.532048 0.164038 0.049805 0.048276
0 0.535706 0.152557 0.049805 0.048276
0 0.543754 0.200778 0.049805 0.048276
0 0.550582 0.209389 0.049805 0.048276
0 0.531561 0.205944 0.049805 0.048276
0 0.534975 0.205944 0.049805 0.048276
0 0.541803 0.182982 0.049805 0.048276
0 0.559117 0.172649 0.049805 0.048276
0 0.566921 0.174945 0.049805 0.048276
0 0.560093 0.207092 0.049805 0.048276
0 0.567896 0.204222 0.049805 0.048276
0 0.574237 0.211111 0.049805 0.048276
0 0.573993 0.236944 0.049805 0.048276
0 0.591551 0.215129 0.049805 0.048276
0 0.592039 0.185852 0.049805 0.048276
0 0.580089 0.176093 0.049805 0.048276
0 0.590820 0.157723 0.049805 0.048276
0 0.572774 0.115817 0.049805 0.048276
0 0.560580 0.122705 0.049805 0.048276
0 0.560580 0.140501 0.049805 0.048276
0 0.564238 0.142797 0.049805 0.048276
0 0.553021 0.140501 0.049805 0.048276
0 0.553508 0.114668 0.049805 0.048276
0 0.547412 0.124428 0.049805 0.048276
0 0.539364 0.124428 0.049805 0.048276
0 0.535950 0.118113 0.049805 0.048276
0 0.544729 0.118113 0.049805 0.048276
0 0.540583 0.136483 0.049805 0.048276
0 0.541559 0.147390 0.049805 0.048276
0 0.519123 0.119835 0.049805 0.048276
0 0.523757 0.099169 0.049805 0.048276
0 0.518392 0.104335 0.049805 0.048276
0 0.509125 0.300664 0.049805 0.048276
0 0.503760 0.065873 0.049805 0.048276
0 0.500834 0.058984 0.049805 0.048276
0 0.501078 0.048077 0.049805 0.048276
0 0.497907 0.037744 0.049805 0.048276
0 0.494493 0.037744 0.049805 0.048276
0 0.505467 0.026263 0.049805 0.048276
0 0.517173 0.015356 0.049805 0.048276
0 0.488884 0.023967 0.049805 0.048276
0 0.518636 0.080799 0.049805 0.048276
0 0.512783 0.070466 0.049805 0.048276
0 0.508637 0.061855 0.049805 0.048276
0 0.511564 0.053818 0.049805 0.048276
0 0.514734 0.060133 0.049805 0.048276
0 0.531804 0.017652 0.049805 0.048276
0 0.526683 0.026263 0.049805 0.048276
0 0.524976 0.027411 0.049805 0.048276
0 0.521806 0.027985 0.049805 0.048276
0 0.541071 0.025689 0.049805 0.048276
0 0.544729 0.024541 0.049805 0.048276
0 0.551801 0.018226 0.049805 0.048276
0 0.571798 0.013634 0.049805 0.048276
0 0.559605 0.030281 0.049805 0.048276
0 0.561800 0.031430 0.049805 0.048276
0 0.531317 0.063003 0.049805 0.048276
0 0.533024 0.064725 0.049805 0.048276
0 0.524976 0.075058 0.049805 0.048276
0 0.524245 0.062429 0.049805 0.048276
0 0.522294 0.055540 0.049805 0.048276
0 0.520099 0.063003 0.049805 0.048276
0 0.533511 0.083669 0.049805 0.048276
0 0.528878 0.084243 0.049805 0.048276
0 0.534487 0.099169 0.049805 0.048276
0 0.537901 0.092280 0.049805 0.048276
0 0.538145 0.082521 0.049805 0.048276
0 0.542291 0.068169 0.049805 0.048276
0 0.538389 0.063003 0.049805 0.048276
0 0.542047 0.059559 0.049805 0.048276
0 0.543754 0.052670 0.049805 0.048276
0 0.544973 0.063003 0.049805 0.048276
0 0.549850 0.060133 0.049805 0.048276
0 0.550094 0.069892 0.049805 0.048276
0 0.546924 0.071614 0.049805 0.048276
0 0.549363 0.077929 0.049805 0.048276
0 0.541803 0.079077 0.049805 0.048276
0 0.544729 0.090558 0.049805 0.048276
0 0.542047 0.092854 0.049805 0.048276
0 0.540583 0.107206 0.049805 0.048276
0 0.546924 0.099169 0.049805 0.048276
0 0.551314 0.099743 0.049805 0.048276
0 0.555215 0.100891 0.049805 0.048276
0 0.555947 0.081947 0.049805 0.048276
0 0.559605 0.079651 0.049805 0.048276
0 0.562531 0.082521 0.049805 0.048276
0 0.557166 0.068169 0.049805 0.048276
0 0.558142 0.052096 0.049805 0.048276
0 0.573505 0.091132 0.049805 0.048276
0 0.569359 0.091132 0.049805 0.048276
0 0.570579 0.076206 0.049805 0.048276
0 0.568628 0.072762 0.049805 0.048276
0 0.566433 0.061855 0.049805 0.048276
0 0.569847 0.064725 0.049805 0.048276
0 0.570579 0.054966 0.049805 0.048276
0 0.584967 0.027985 0.049805 0.048276
0 0.588625 0.028559 0.049805 0.048276
0 0.593502 0.031430 0.049805 0.048276
0 0.602525 0.029707 0.049805 0.048276
0 0.611304 0.034300 0.049805 0.048276
0 0.616669 0.031430 0.049805 0.048276
0 0.622034 0.031430 0.049805 0.048276
0 0.629106 0.032578 0.049805 0.048276
0 0.634715 0.029707 0.049805 0.048276
0 0.643250 0.032004 0.049805 0.048276
0 0.648859 0.029707 0.049805 0.048276
0 0.653736 0.032578 0.049805 0.048276
0 0.640080 0.033726 0.049805 0.048276
0 0.567652 0.118113 0.049805 0.048276
0 0.576919 0.128446 0.049805 0.048276
0 0.581065 0.130168 0.049805 0.048276
0 0.588137 0.136483 0.049805 0.048276
0 0.596916 0.133038 0.049805 0.048276
0 0.601306 0.181834 0.049805 0.048276
0 0.608134 0.174945 0.049805 0.048276
0 0.613743 0.168056 0.049805 0.048276
0 0.619839 0.160593 0.049805 0.048276
0 0.617645 0.196185 0.049805 0.048276
0 0.603500 0.208815 0.049805 0.048276
0 0.642031 0.219148 0.049805 0.048276
0 0.629838 0.146816 0.049805 0.048276
0 0.633252 0.138205 0.049805 0.048276
0 0.622522 0.138205 0.049805 0.048276
0 0.619352 0.148538 0.049805 0.048276
0 0.613743 0.138779 0.049805 0.048276
0 0.616181 0.131316 0.049805 0.048276
0 0.608865 0.126150 0.049805 0.048276
0 0.602281 0.130742 0.049805 0.048276
0 0.607890 0.142223 0.049805 0.048276
0 0.600574 0.162890 0.049805 0.048276
0 0.605939 0.150834 0.049805 0.048276
0 0.595941 0.120983 0.049805 0.048276
0 0.595941 0.108354 0.049805 0.048276
0 0.592770 0.119261 0.049805 0.048276
0 0.588381 0.116391 0.049805 0.048276
0 0.590576 0.102039 0.049805 0.048276
0 0.587162 0.104909 0.049805 0.048276
0 0.583504 0.102039 0.049805 0.048276
0 0.578139 0.104335 0.049805 0.048276
0 0.578626 0.095724 0.049805 0.048276
0 0.579846 0.087688 0.049805 0.048276
0 0.585942 0.091706 0.049805 0.048276
0 0.588381 0.091132 0.049805 0.048276
0 0.576675 0.084243 0.049805 0.048276
0 0.580089 0.057836 0.049805 0.048276
0 0.553021 0.061855 0.049805 0.048276
0 0.599599 0.102613 0.049805 0.048276
0 0.597160 0.098021 0.049805 0.048276
0 0.603744 0.087688 0.049805 0.048276
0 0.607158 0.100317 0.049805 0.048276
0 0.610329 0.103761 0.049805 0.048276
0 0.608865 0.114094 0.049805 0.048276
0 0.615206 0.106632 0.049805 0.048276
0 0.614474 0.114668 0.049805 0.048276
0 0.621059 0.112946 0.049805 0.048276
0 0.618376 0.100891 0.049805 0.048276
0 0.614962 0.094576 0.049805 0.048276
0 0.572774 0.282869 0.049805 0.048276
0 0.630325 0.184130 0.049805 0.048276
0 0.645689 0.185278 0.049805 0.048276
0 0.656907 0.172075 0.049805 0.048276
0 0.653249 0.152557 0.049805 0.048276
0 0.647884 0.139353 0.049805 0.048276
0 0.642763 0.134761 0.049805 0.048276
0 0.636910 0.154853 0.049805 0.048276
0 0.662759 0.208241 0.049805 0.048276
0 0.659101 0.143372 0.049805 0.048276
0 0.659101 0.156575 0.049805 0.048276
0 0.653980 0.138205 0.049805 0.048276
0 0.656663 0.129020 0.049805 0.048276
0 0.648615 0.111224 0.049805 0.048276
0 0.638617 0.118113 0.049805 0.048276
0 0.628862 0.104909 0.049805 0.048276
0 0.631301 0.106058 0.049805 0.048276
0 0.636422 0.106058 0.049805 0.048276
0 0.629838 0.114094 0.049805 0.048276
0 0.622766 0.091706 0.049805 0.048276
0 0.626180 0.091706 0.049805 0.048276
0 0.624229 0.078503 0.049805 0.048276
0 0.603988 0.072188 0.049805 0.048276
0 0.608622 0.081947 0.049805 0.048276
0 0.608622 0.077929 0.049805 0.048276
0 0.617888 0.062429 0.049805 0.048276
0 0.613743 0.064151 0.049805 0.048276
0 0.598135 0.053818 0.049805 0.048276
0 0.585942 0.064725 0.049805 0.048276
0 0.582284 0.068169 0.049805 0.048276
0 0.577651 0.075058 0.049805 0.048276
0 0.574968 0.065873 0.049805 0.048276
0 0.577651 0.060707 0.049805 0.048276
0 0.586918 0.076206 0.049805 0.048276
0 0.590088 0.084243 0.049805 0.048276
0 0.617157 0.075058 0.049805 0.048276
0 0.618132 0.088836 0.049805 0.048276
0 0.623253 0.066447 0.049805 0.048276
0 0.626180 0.060707 0.049805 0.048276
0 0.620815 0.051522 0.049805 0.048276
0 0.640568 0.070466 0.049805 0.048276
0 0.633008 0.085965 0.049805 0.048276
0 0.638861 0.085965 0.049805 0.048276
0 0.635934 0.095724 0.049805 0.048276
0 0.649347 0.098021 0.049805 0.048276
0 0.646908 0.095150 0.049805 0.048276
0 0.643738 0.103187 0.049805 0.048276
0 0.659345 0.076206 0.049805 0.048276
0 0.651054 0.076206 0.049805 0.048276
0 0.651542 0.054966 0.049805 0.048276
0 0.645201 0.064151 0.049805 0.048276
0 0.655444 0.063577 0.049805 0.048276
0 0.652761 0.070466 0.049805 0.048276
0 0.658126 0.067595 0.049805 0.048276
0 0.664466 0.056688 0.049805 0.048276
0 0.663979 0.068744 0.049805 0.048276
0 0.656907 0.104909 0.049805 0.048276
0 0.659345 0.098021 0.049805 0.048276
0 0.658370 0.110076 0.049805 0.048276
0 0.656419 0.114668 0.049805 0.048276
0 0.523269 0.323627 0.049805 0.048276
0 0.577163 0.164038 0.049805 0.048276
0 0.563507 0.074484 0.049805 0.048276
0 0.559849 0.057836 0.049805 0.048276
0 0.632764 0.060133 0.049805 0.048276
0 0.638373 0.057836 0.049805 0.048276
0 0.392070 0.203653 0.049805 0.048276
0 0.380852 0.212838 0.049805 0.048276
0 0.392070 0.180691 0.049805 0.048276
0 0.255019 0.197913 0.049805 0.048276
0 0.671539 0.413760 0.049805 0.048276
0 0.686658 0.440167 0.049805 0.048276
0 0.669588 0.481499 0.049805 0.048276
0 0.722750 0.411463 0.049805 0.048276
0 0.691048 0.373575 0.049805 0.048276
0 0.710069 0.421797 0.049805 0.048276
0 0.675440 0.331095 0.049805 0.048276
0 0.662759 0.315021 0.049805 0.048276
0 0.683244 0.301244 0.049805 0.048276
0 0.683732 0.278281 0.049805 0.048276
0 0.682756 0.261059 0.049805 0.048276
0 0.669100 0.251874 0.049805 0.048276
0 0.651542 0.254171 0.049805 0.048276
0 0.621790 0.259911 0.049805 0.048276
0 0.700802 0.359798 0.049805 0.048276
0 0.700802 0.327650 0.049805 0.048276
0 0.715922 0.343724 0.049805 0.048276
0 0.716897 0.317317 0.049805 0.048276
0 0.731529 0.321910 0.049805 0.048276
0 0.749087 0.335687 0.049805 0.048276
0 0.732017 0.389649 0.049805 0.048276
0 0.739820 0.467722 0.049805 0.048276
0 0.753477 0.421797 0.049805 0.048276
0 0.701778 0.480351 0.049805 0.048276
0 0.811517 0.437870 0.049805 0.048276
0 0.791520 0.417204 0.049805 0.048276
0 0.749087 0.394242 0.049805 0.048276
0 0.748112 0.360946 0.049805 0.048276
0 0.757379 0.373575 0.049805 0.048276
0 0.768596 0.336835 0.049805 0.048276
0 0.765670 0.320762 0.049805 0.048276
0 0.771523 0.296651 0.049805 0.048276
0 0.788593 0.297799 0.049805 0.048276
0 0.783716 0.321910 0.049805 0.048276
0 0.807127 0.315021 0.049805 0.048276
0 0.798836 0.281726 0.049805 0.048276
0 0.815906 0.301244 0.049805 0.048276
0 0.814443 0.288614 0.049805 0.048276
0 0.810541 0.413760 0.049805 0.048276
0 0.787618 0.278281 0.049805 0.048276
0 0.789081 0.264504 0.049805 0.048276
0 0.514978 0.129025 0.049805 0.048276
0 0.514490 0.126729 0.049805 0.048276
0 0.512539 0.108359 0.049805 0.048276
0 0.675440 0.180686 0.049805 0.048276
0 0.672270 0.161742 0.049805 0.048276
0 0.668612 0.166908 0.049805 0.048276
0 0.650566 0.201352 0.049805 0.048276
0 0.637885 0.212259 0.049805 0.048276
0 0.827612 0.309275 0.049805 0.048276
0 0.634227 0.169778 0.049805 0.048276
0 0.633252 0.152557 0.049805 0.048276
0 0.810785 0.336830 0.049805 0.048276
0 0.733968 0.312720 0.049805 0.048276
0 0.785423 0.272535 0.049805 0.048276
0 0.673733 0.096873 0.049805 0.048276
0 0.667149 0.082521 0.049805 0.048276
0 0.670807 0.077929 0.049805 0.048276
0 0.670563 0.069892 0.049805 0.048276
0 0.666905 0.064151 0.049805 0.048276
0 0.670319 0.060133 0.049805 0.048276
0 0.662272 0.031430 0.049805 0.048276
0 0.665686 0.030281 0.049805 0.048276
0 0.669831 0.033726 0.049805 0.048276
0 0.672026 0.030281 0.049805 0.048276
0 0.675928 0.025689 0.049805 0.048276
0 0.680318 0.032004 0.049805 0.048276
0 0.683732 0.029707 0.049805 0.048276
0 0.666661 0.072762 0.049805 0.048276
0 0.674953 0.067595 0.049805 0.048276
0 0.674709 0.059559 0.049805 0.048276
0 0.678123 0.060707 0.049805 0.048276
0 0.678123 0.080225 0.049805 0.048276
0 0.688853 0.080799 0.049805 0.048276
0 0.681781 0.095724 0.049805 0.048276
0 0.678367 0.096873 0.049805 0.048276
0 0.680805 0.085965 0.049805 0.048276
0 0.664954 0.125002 0.049805 0.048276
0 0.669831 0.126724 0.049805 0.048276
0 0.677147 0.126724 0.049805 0.048276
0 0.669588 0.148538 0.049805 0.048276
0 0.686658 0.189296 0.049805 0.048276
0 0.692755 0.184130 0.049805 0.048276
0 0.676660 0.219148 0.049805 0.048276
0 0.667637 0.212259 0.049805 0.048276
0 0.679098 0.177815 0.049805 0.048276
0 0.678367 0.149112 0.049805 0.048276
0 0.682756 0.150260 0.049805 0.048276
0 0.688609 0.140501 0.049805 0.048276
0 0.688853 0.122131 0.049805 0.048276
0 0.693242 0.126724 0.049805 0.048276
0 0.693486 0.107780 0.049805 0.048276
0 0.687146 0.098595 0.049805 0.048276
0 0.695925 0.099743 0.049805 0.048276
0 0.702022 0.096873 0.049805 0.048276
0 0.692999 0.070466 0.049805 0.048276
0 0.688365 0.065873 0.049805 0.048276
0 0.684219 0.058984 0.049805 0.048276
0 0.796153 0.295498 0.049805 0.048276
0 0.686414 0.164038 0.049805 0.048276
0 0.694218 0.157149 0.049805 0.048276
0 0.686902 0.150834 0.049805 0.048276
0 0.702509 0.126724 0.049805 0.048276
0 0.703485 0.189871 0.049805 0.048276
0 0.698364 0.207092 0.049805 0.048276
0 0.692755 0.208815 0.049805 0.048276
0 0.712995 0.208241 0.049805 0.048276
0 0.714459 0.182982 0.049805 0.048276
0 0.721287 0.227185 0.049805 0.048276
0 0.702509 0.230055 0.049805 0.048276
0 0.720311 0.244980 0.049805 0.048276
0 0.732017 0.243258 0.049805 0.048276
0 0.732748 0.212833 0.049805 0.048276
0 0.737138 0.231203 0.049805 0.048276
0 0.728115 0.219148 0.049805 0.048276
0 0.732992 0.225462 0.049805 0.048276
0 0.743235 0.223166 0.049805 0.048276
0 0.743235 0.207092 0.049805 0.048276
0 0.746405 0.182982 0.049805 0.048276
0 0.755184 0.182982 0.049805 0.048276
0 0.758842 0.184704 0.049805 0.048276
0 0.741040 0.165186 0.049805 0.048276
0 0.724457 0.146242 0.049805 0.048276
0 0.724213 0.156575 0.049805 0.048276
0 0.730066 0.147390 0.049805 0.048276
0 0.736894 0.147390 0.049805 0.048276
0 0.736894 0.136483 0.049805 0.048276
0 0.742015 0.154853 0.049805 0.048276
0 0.712508 0.162890 0.049805 0.048276
0 0.718117 0.147390 0.049805 0.048276
0 0.714946 0.132464 0.049805 0.048276
0 0.712020 0.134187 0.049805 0.048276
0 0.719580 0.142797 0.049805 0.048276
0 0.702997 0.116391 0.049805 0.048276
0 0.761281 0.218000 0.049805 0.048276
0 0.772254 0.211111 0.049805 0.048276
0 0.774449 0.231203 0.049805 0.048276
0 0.781521 0.209963 0.049805 0.048276
0 0.789569 0.218000 0.049805 0.048276
0 0.798104 0.244406 0.049805 0.048276
0 0.801030 0.209389 0.049805 0.048276
0 0.792739 0.187000 0.049805 0.048276
0 0.790788 0.172075 0.049805 0.048276
0 0.777863 0.176667 0.049805 0.048276
0 0.774205 0.168056 0.049805 0.048276
0 0.700315 0.029707 0.049805 0.048276
0 0.705436 0.033726 0.049805 0.048276
0 0.693730 0.039466 0.049805 0.048276
0 0.710801 0.027411 0.049805 0.048276
0 0.714946 0.036022 0.049805 0.048276
0 0.720799 0.035448 0.049805 0.048276
0 0.724701 0.031430 0.049805 0.048276
0 0.729822 0.034300 0.049805 0.048276
0 0.734699 0.035448 0.049805 0.048276
0 0.738113 0.035448 0.049805 0.048276
0 0.739820 0.035448 0.049805 0.048276
0 0.743722 0.033726 0.049805 0.048276
0 0.748600 0.031430 0.049805 0.048276
0 0.751770 0.035448 0.049805 0.048276
0 0.755184 0.029707 0.049805 0.048276
0 0.758842 0.032004 0.049805 0.048276
0 0.760793 0.031430 0.049805 0.048276
0 0.763719 0.032004 0.049805 0.048276
0 0.772254 0.035448 0.049805 0.048276
0 0.774937 0.031430 0.049805 0.048276
0 0.779570 0.035448 0.049805 0.048276
0 0.782253 0.030281 0.049805 0.048276
0 0.787618 0.033726 0.049805 0.048276
0 0.789569 0.032004 0.049805 0.048276
0 0.795178 0.029707 0.049805 0.048276
0 0.797129 0.027985 0.049805 0.048276
0 0.800543 0.027985 0.049805 0.048276
0 0.823954 0.022245 0.049805 0.048276
0 0.696413 0.063003 0.049805 0.048276
0 0.699827 0.068744 0.049805 0.048276
0 0.702265 0.079077 0.049805 0.048276
0 0.698851 0.083669 0.049805 0.048276
0 0.696657 0.084817 0.049805 0.048276
0 0.690316 0.087113 0.049805 0.048276
0 0.706899 0.083669 0.049805 0.048276
0 0.712020 0.094002 0.049805 0.048276
0 0.706655 0.094576 0.049805 0.048276
0 0.705680 0.103187 0.049805 0.048276
0 0.723238 0.134761 0.049805 0.048276
0 0.723725 0.125002 0.049805 0.048276
0 0.723725 0.116391 0.049805 0.048276
0 0.721043 0.111798 0.049805 0.048276
0 0.717629 0.114668 0.049805 0.048276
0 0.716653 0.090558 0.049805 0.048276
0 0.730066 0.135335 0.049805 0.048276
0 0.730066 0.126724 0.049805 0.048276
0 0.729578 0.115817 0.049805 0.048276
0 0.734699 0.123279 0.049805 0.048276
0 0.735675 0.114094 0.049805 0.048276
0 0.730798 0.095150 0.049805 0.048276
0 0.729578 0.099743 0.049805 0.048276
0 0.723969 0.095724 0.049805 0.048276
0 0.726652 0.092854 0.049805 0.048276
0 0.724457 0.084817 0.049805 0.048276
0 0.720067 0.083669 0.049805 0.048276
0 0.751770 0.155427 0.049805 0.048276
0 0.754696 0.148538 0.049805 0.048276
0 0.745917 0.142223 0.049805 0.048276
0 0.746649 0.130168 0.049805 0.048276
0 0.740064 0.116965 0.049805 0.048276
0 0.739820 0.106058 0.049805 0.048276
0 0.737626 0.096298 0.049805 0.048276
0 0.742503 0.087688 0.049805 0.048276
0 0.745186 0.098021 0.049805 0.048276
0 0.746161 0.110650 0.049805 0.048276
0 0.755672 0.116965 0.049805 0.048276
0 0.763719 0.142223 0.049805 0.048276
0 0.763231 0.157149 0.049805 0.048276
0 0.774937 0.148538 0.049805 0.048276
0 0.783716 0.166908 0.049805 0.048276
0 0.789081 0.161742 0.049805 0.048276
0 0.781034 0.162890 0.049805 0.048276
0 0.779570 0.134761 0.049805 0.048276
0 0.772254 0.130742 0.049805 0.048276
0 0.791276 0.148538 0.049805 0.048276
0 0.797860 0.172075 0.049805 0.048276
0 0.801518 0.165186 0.049805 0.048276
0 0.795178 0.156575 0.049805 0.048276
0 0.806152 0.158871 0.049805 0.048276
0 0.803225 0.178963 0.049805 0.048276
0 0.811760 0.173223 0.049805 0.048276
0 0.821271 0.192167 0.049805 0.048276
0 0.823710 0.224888 0.049805 0.048276
0 0.818345 0.232925 0.049805 0.048276
0 0.826148 0.215129 0.049805 0.048276
0 0.822003 0.165186 0.049805 0.048276
0 0.825417 0.172075 0.049805 0.048276
0 0.817125 0.164612 0.049805 0.048276
0 0.817369 0.142797 0.049805 0.048276
0 0.811029 0.146242 0.049805 0.048276
0 0.815906 0.131316 0.049805 0.048276
0 0.791032 0.127298 0.049805 0.048276
0 0.707387 0.049799 0.049805 0.048276
0 0.704704 0.052096 0.049805 0.048276
0 0.711532 0.068169 0.049805 0.048276
0 0.711045 0.072762 0.049805 0.048276
0 0.723725 0.076780 0.049805 0.048276
0 0.720799 0.063577 0.049805 0.048276
0 0.718604 0.065873 0.049805 0.048276
0 0.717629 0.047503 0.049805 0.048276
0 0.732505 0.077929 0.049805 0.048276
0 0.730066 0.067021 0.049805 0.048276
0 0.726408 0.063003 0.049805 0.048276
0 0.726652 0.050948 0.049805 0.048276
0 0.747624 0.054392 0.049805 0.048276
0 0.743722 0.064151 0.049805 0.048276
0 0.739820 0.054392 0.049805 0.048276
0 0.737138 0.054392 0.049805 0.048276
0 0.732017 0.053818 0.049805 0.048276
0 0.735919 0.069892 0.049805 0.048276
0 0.743966 0.074484 0.049805 0.048276
0 0.749331 0.076206 0.049805 0.048276
0 0.754696 0.076206 0.049805 0.048276
0 0.752501 0.069892 0.049805 0.048276
0 0.714946 0.077929 0.049805 0.048276
0 0.711288 0.057836 0.049805 0.048276
0 0.750551 0.095150 0.049805 0.048276
0 0.754208 0.095724 0.049805 0.048276
0 0.648371 0.162890 0.049805 0.048276
0 0.704704 0.180112 0.049805 0.048276
0 0.700802 0.154853 0.049805 0.048276
0 0.759086 0.165186 0.049805 0.048276
0 0.662759 0.108354 0.049805 0.048276
0 0.671295 0.114668 0.049805 0.048276
0 0.636910 0.129020 0.049805 0.048276
0 0.771035 0.115243 0.049805 0.048276
0 0.767865 0.110076 0.049805 0.048276
0 0.761524 0.108928 0.049805 0.048276
0 0.758110 0.107780 0.049805 0.048276
0 0.765426 0.096873 0.049805 0.048276
0 0.758842 0.094002 0.049805 0.048276
0 0.760549 0.083095 0.049805 0.048276
0 0.754208 0.057836 0.049805 0.048276
0 0.757379 0.057836 0.049805 0.048276
0 0.717873 0.173797 0.049805 0.048276
0 0.847608 0.408019 0.049805 0.048276
0 0.823222 0.386205 0.049805 0.048276
0 0.833464 0.409167 0.049805 0.048276
0 0.825173 0.319614 0.049805 0.048276
0 0.845658 0.313873 0.049805 0.048276
0 0.827612 0.288614 0.049805 0.048276
0 0.825661 0.264504 0.049805 0.048276
0 0.818345 0.257615 0.049805 0.048276
0 0.810053 0.249578 0.049805 0.048276
0 0.838342 0.341428 0.049805 0.048276
0 0.862728 0.321910 0.049805 0.048276
0 0.871995 0.331095 0.049805 0.048276
0 0.841756 0.630755 0.049805 0.048276
0 0.848584 0.387353 0.049805 0.048276
0 0.871019 0.408019 0.049805 0.048276
0 0.866630 0.383909 0.049805 0.048276
0 0.853461 0.335687 0.049805 0.048276
0 0.874921 0.357502 0.049805 0.048276
0 0.878823 0.378168 0.049805 0.048276
0 0.909062 0.445907 0.049805 0.048276
0 0.909062 0.387353 0.049805 0.048276
0 0.903209 0.359798 0.049805 0.048276
0 0.888090 0.359798 0.049805 0.048276
0 0.887114 0.325354 0.049805 0.048276
0 0.969053 0.595163 0.049805 0.048276
0 0.870532 0.272541 0.049805 0.048276
0 0.878335 0.448203 0.049805 0.048276
0 0.947105 0.341428 0.049805 0.048276
0 0.939301 0.344872 0.049805 0.048276
0 0.928084 0.351761 0.049805 0.048276
0 0.916378 0.333391 0.049805 0.048276
0 0.905160 0.333391 0.049805 0.048276
0 0.942228 0.391945 0.049805 0.048276
0 0.952958 0.385057 0.049805 0.048276
0 0.961249 0.354057 0.049805 0.048276
0 0.969053 0.351761 0.049805 0.048276
0 0.958810 0.337984 0.049805 0.048276
0 0.947593 0.319614 0.049805 0.048276
0 0.975393 0.421797 0.049805 0.048276
0 0.988074 0.456240 0.049805 0.048276
0 0.964175 0.461981 0.049805 0.048276
0 0.991488 0.359798 0.049805 0.048276
0 0.985636 0.293207 0.049805 0.048276
0 0.984172 0.278281 0.049805 0.048276
0 0.966614 0.300096 0.049805 0.048276
0 0.954421 0.286318 0.049805 0.048276
0 0.938326 0.301244 0.049805 0.048276
0 0.929547 0.296651 0.049805 0.048276
0 0.926620 0.309280 0.049805 0.048276
0 0.919792 0.251874 0.049805 0.048276
0 0.902722 0.293207 0.049805 0.048276
0 0.889065 0.262207 0.049805 0.048276
0 0.898332 0.261059 0.049805 0.048276
0 0.876384 0.248430 0.049805 0.048276
0 0.883213 0.241541 0.049805 0.048276
0 0.835415 0.220875 0.049805 0.048276
0 0.843219 0.265652 0.049805 0.048276
0 0.851510 0.199061 0.049805 0.048276
0 0.847608 0.173802 0.049805 0.048276
0 0.823710 0.143951 0.049805 0.048276
0 0.787252 0.116388 0.049805 0.048276
0 0.780302 0.114666 0.049805 0.048276
0 0.776034 0.116388 0.049805 0.048276
0 0.770669 0.100888 0.049805 0.048276
0 0.757257 0.070463 0.049805 0.048276
0 0.794568 0.108638 0.049805 0.048276
0 0.786033 0.098592 0.049805 0.048276
0 0.791276 0.096870 0.049805 0.048276
0 0.790057 0.102611 0.049805 0.048276
0 0.787984 0.090268 0.049805 0.048276
0 0.781277 0.097157 0.049805 0.048276
0 0.778107 0.086537 0.049805 0.048276
0 0.774205 0.083667 0.049805 0.048276
0 0.781399 0.088259 0.049805 0.048276
0 0.770304 0.077639 0.049805 0.048276
0 0.764451 0.071898 0.049805 0.048276
0 0.766524 0.061565 0.049805 0.048276
0 0.769572 0.055538 0.049805 0.048276
0 0.772254 0.060130 0.049805 0.048276
0 0.775547 0.066445 0.049805 0.048276
0 0.780058 0.063861 0.049805 0.048276
0 0.784935 0.084528 0.049805 0.048276
0 0.788715 0.071611 0.049805 0.048276
0 0.791398 0.067306 0.049805 0.048276
0 0.788471 0.065584 0.049805 0.048276
0 0.784570 0.067593 0.049805 0.048276
0 0.787984 0.057260 0.049805 0.048276
0 0.782009 0.055538 0.049805 0.048276
0 0.780424 0.056399 0.049805 0.048276
0 0.775181 0.053815 0.049805 0.048276
0 0.795909 0.091703 0.049805 0.048276
0 0.793714 0.084815 0.049805 0.048276
0 0.791398 0.081083 0.049805 0.048276
0 0.796397 0.080509 0.049805 0.048276
0 0.800055 0.080509 0.049805 0.048276
0 0.800787 0.093139 0.049805 0.048276
0 0.800177 0.099166 0.049805 0.048276
0 0.795056 0.118684 0.049805 0.048276
0 0.786520 0.106629 0.049805 0.048276
0 0.808346 0.112657 0.049805 0.048276
0 0.805420 0.103759 0.049805 0.048276
0 0.811151 0.104907 0.049805 0.048276
0 0.808590 0.089694 0.049805 0.048276
0 0.809200 0.079648 0.049805 0.048276
0 0.812126 0.091703 0.049805 0.048276
0 0.798104 0.073620 0.049805 0.048276
0 0.805176 0.068741 0.049805 0.048276
0 0.801396 0.056112 0.049805 0.048276
0 0.796885 0.047214 0.049805 0.048276
0 0.794202 0.058695 0.049805 0.048276
0 0.809931 0.046640 0.049805 0.048276
0 0.812980 0.043195 0.049805 0.048276
0 0.807127 0.056686 0.049805 0.048276
0 0.818467 0.073908 0.049805 0.048276
0 0.815540 0.078500 0.049805 0.048276
0 0.821515 0.078500 0.049805 0.048276
0 0.825173 0.097731 0.049805 0.048276
0 0.818711 0.104620 0.049805 0.048276
0 0.815296 0.111796 0.049805 0.048276
0 0.818345 0.114379 0.049805 0.048276
0 0.822978 0.100314 0.049805 0.048276
0 0.832001 0.112370 0.049805 0.048276
0 0.827734 0.107777 0.049805 0.048276
0 0.834684 0.103759 0.049805 0.048276
0 0.831635 0.092278 0.049805 0.048276
0 0.834806 0.092852 0.049805 0.048276
0 0.836513 0.086250 0.049805 0.048276
0 0.837366 0.082231 0.049805 0.048276
0 0.826636 0.074482 0.049805 0.048276
0 0.823832 0.066732 0.049805 0.048276
0 0.819564 0.069315 0.049805 0.048276
0 0.817613 0.060704 0.049805 0.048276
0 0.812370 0.062426 0.049805 0.048276
0 0.811760 0.072759 0.049805 0.048276
0 0.822612 0.061278 0.049805 0.048276
0 0.778839 0.076206 0.049805 0.048276
0 0.776888 0.075632 0.049805 0.048276
0 0.780790 0.070466 0.049805 0.048276
0 0.775912 0.060707 0.049805 0.048276
0 0.858826 0.300664 0.049805 0.048276
0 0.864191 0.178963 0.049805 0.048276
0 0.863460 0.162890 0.049805 0.048276
0 0.869556 0.174945 0.049805 0.048276
0 0.873702 0.205944 0.049805 0.048276
0 0.866630 0.213407 0.049805 0.048276
0 0.887846 0.216277 0.049805 0.048276
0 0.851754 0.220296 0.049805 0.048276
0 0.853461 0.142797 0.049805 0.048276
0 0.839073 0.155427 0.049805 0.048276
0 0.836391 0.142797 0.049805 0.048276
0 0.832245 0.137057 0.049805 0.048276
0 0.829319 0.122705 0.049805 0.048276
0 0.847852 0.321331 0.049805 0.048276
0 0.903941 0.180686 0.049805 0.048276
0 0.899552 0.204222 0.049805 0.048276
0 0.889797 0.193889 0.049805 0.048276
0 0.888821 0.177815 0.049805 0.048276
0 0.876872 0.180112 0.049805 0.048276
0 0.881018 0.164038 0.049805 0.048276
0 0.920524 0.333960 0.049805 0.048276
0 0.913939 0.185278 0.049805 0.048276
0 0.921743 0.184704 0.049805 0.048276
0 0.918817 0.160593 0.049805 0.048276
0 0.903941 0.138205 0.049805 0.048276
0 0.901015 0.130742 0.049805 0.048276
0 0.894186 0.141075 0.049805 0.048276
0 0.886871 0.138779 0.049805 0.048276
0 0.881262 0.142797 0.049805 0.048276
0 0.884920 0.125002 0.049805 0.048276
0 0.881993 0.128446 0.049805 0.048276
0 0.874921 0.129020 0.049805 0.048276
0 0.870288 0.134187 0.049805 0.048276
0 0.870288 0.142223 0.049805 0.048276
0 0.866874 0.154853 0.049805 0.048276
0 0.870288 0.154279 0.049805 0.048276
0 0.861509 0.140501 0.049805 0.048276
0 0.845901 0.126150 0.049805 0.048276
0 0.862728 0.120983 0.049805 0.048276
0 0.857851 0.115817 0.049805 0.048276
0 0.873702 0.288609 0.049805 0.048276
0 0.834684 0.172649 0.049805 0.048276
0 0.831757 0.181834 0.049805 0.048276
0 0.849803 0.286887 0.049805 0.048276
0 0.848828 0.130742 0.049805 0.048276
0 0.851510 0.119261 0.049805 0.048276
0 0.844438 0.096873 0.049805 0.048276
0 0.840780 0.098021 0.049805 0.048276
0 0.849072 0.088836 0.049805 0.048276
0 0.852973 0.088836 0.049805 0.048276
0 0.859558 0.103761 0.049805 0.048276
0 0.861996 0.094576 0.049805 0.048276
0 0.853705 0.076780 0.049805 0.048276
0 0.856388 0.073910 0.049805 0.048276
0 0.855412 0.067595 0.049805 0.048276
0 0.839561 0.060707 0.049805 0.048276
0 0.836878 0.058410 0.049805 0.048276
0 0.833464 0.062429 0.049805 0.048276
0 0.854193 0.106058 0.049805 0.048276
0 0.849315 0.099743 0.049805 0.048276
0 0.865898 0.108354 0.049805 0.048276
0 0.866874 0.102039 0.049805 0.048276
0 0.871263 0.091132 0.049805 0.048276
0 0.871751 0.102039 0.049805 0.048276
0 0.866630 0.084817 0.049805 0.048276
0 0.868337 0.080225 0.049805 0.048276
0 0.859070 0.080225 0.049805 0.048276
0 0.869556 0.302961 0.049805 0.048276
0 0.873214 0.166908 0.049805 0.048276
0 0.905160 0.169204 0.049805 0.048276
0 0.910525 0.224314 0.049805 0.048276
0 0.894186 0.228333 0.049805 0.048276
0 0.907355 0.235221 0.049805 0.048276
0 0.910038 0.246703 0.049805 0.048276
0 0.914915 0.236944 0.049805 0.048276
0 0.916866 0.247277 0.049805 0.048276
0 0.924426 0.236944 0.049805 0.048276
0 0.947349 0.231203 0.049805 0.048276
0 0.950031 0.221444 0.049805 0.048276
0 0.961737 0.236370 0.049805 0.048276
0 0.938814 0.235221 0.049805 0.048276
0 0.928571 0.178963 0.049805 0.048276
0 0.928327 0.165760 0.049805 0.048276
0 0.941008 0.184130 0.049805 0.048276
0 0.942715 0.153131 0.049805 0.048276
0 0.933449 0.154279 0.049805 0.048276
0 0.942715 0.166908 0.049805 0.048276
0 0.946130 0.172649 0.049805 0.048276
0 0.952226 0.174945 0.049805 0.048276
0 0.956372 0.162890 0.049805 0.048276
0 0.954665 0.147390 0.049805 0.048276
0 0.947593 0.150834 0.049805 0.048276
0 0.911989 0.130742 0.049805 0.048276
0 0.914183 0.138779 0.049805 0.048276
0 0.922231 0.138779 0.049805 0.048276
0 0.895162 0.130742 0.049805 0.048276
0 0.890772 0.133038 0.049805 0.048276
0 0.895406 0.118113 0.049805 0.048276
0 0.897844 0.118113 0.049805 0.048276
0 0.875653 0.107780 0.049805 0.048276
0 0.869800 0.118113 0.049805 0.048276
0 0.888578 0.076206 0.049805 0.048276
0 0.858582 0.285739 0.049805 0.048276
0 0.880042 0.094002 0.049805 0.048276
0 0.831757 0.019374 0.049805 0.048276
0 0.827855 0.035448 0.049805 0.048276
0 0.825417 0.035448 0.049805 0.048276
0 0.835659 0.037744 0.049805 0.048276
0 0.840780 0.031430 0.049805 0.048276
0 0.851266 0.032004 0.049805 0.048276
0 0.827124 0.062429 0.049805 0.048276
0 0.801518 0.185852 0.049805 0.048276
0 0.810297 0.182982 0.049805 0.048276
0 0.884920 0.019948 0.049805 0.048276
0 0.875897 0.040614 0.049805 0.048276
0 0.872239 0.036596 0.049805 0.048276
0 0.867605 0.044059 0.049805 0.048276
0 0.862484 0.065873 0.049805 0.048276
0 0.838098 0.122705 0.049805 0.048276
0 0.835903 0.111798 0.049805 0.048276
0 0.847852 0.111798 0.049805 0.048276
0 0.854681 0.130742 0.049805 0.048276
0 0.850047 0.072762 0.049805 0.048276
0 0.839317 0.071614 0.049805 0.048276
0 0.810541 0.122131 0.049805 0.048276
0 0.814443 0.102613 0.049805 0.048276
0 0.816394 0.088262 0.049805 0.048276
0 0.911989 0.285739 0.049805 0.048276
0 0.882725 0.224314 0.049805 0.048276
0 0.906624 0.208241 0.049805 0.048276
0 0.911745 0.116391 0.049805 0.048276
0 0.911501 0.104335 0.049805 0.048276
0 0.906867 0.118113 0.049805 0.048276
0 0.927352 0.111224 0.049805 0.048276
0 0.922475 0.115817 0.049805 0.048276
0 0.933205 0.124428 0.049805 0.048276
0 0.933449 0.137057 0.049805 0.048276
0 0.926620 0.126724 0.049805 0.048276
0 0.932473 0.102039 0.049805 0.048276
0 0.924913 0.100891 0.049805 0.048276
0 0.910769 0.089984 0.049805 0.048276
0 0.908818 0.080799 0.049805 0.048276
0 0.898576 0.091132 0.049805 0.048276
0 0.897357 0.077929 0.049805 0.048276
0 0.893943 0.074484 0.049805 0.048276
0 0.897601 0.070466 0.049805 0.048276
0 0.894918 0.061855 0.049805 0.048276
0 0.892479 0.059559 0.049805 0.048276
0 0.878091 0.055540 0.049805 0.048276
0 0.883456 0.057836 0.049805 0.048276
0 0.875409 0.061855 0.049805 0.048276
0 0.873702 0.067595 0.049805 0.048276
0 0.879311 0.068744 0.049805 0.048276
0 0.898088 0.036596 0.049805 0.048276
0 0.895406 0.038318 0.049805 0.048276
0 0.891016 0.039466 0.049805 0.048276
0 0.902722 0.036022 0.049805 0.048276
0 0.901502 0.037744 0.049805 0.048276
0 0.913208 0.034300 0.049805 0.048276
0 0.898820 0.053818 0.049805 0.048276
0 0.902722 0.054392 0.049805 0.048276
0 0.906380 0.060133 0.049805 0.048276
0 0.902722 0.071040 0.049805 0.048276
0 0.905404 0.070466 0.049805 0.048276
0 0.911257 0.066447 0.049805 0.048276
0 0.914427 0.054392 0.049805 0.048276
0 0.922475 0.057836 0.049805 0.048276
0 0.931498 0.061855 0.049805 0.048276
0 0.927596 0.068744 0.049805 0.048276
0 0.930035 0.070466 0.049805 0.048276
0 0.918573 0.081947 0.049805 0.048276
0 0.911989 0.079651 0.049805 0.048276
0 0.925401 0.077929 0.049805 0.048276
0 0.921499 0.077929 0.049805 0.048276
0 0.930035 0.078503 0.049805 0.048276
0 0.938570 0.072762 0.049805 0.048276
0 0.933449 0.065873 0.049805 0.048276
0 0.931742 0.067595 0.049805 0.048276
0 0.922475 0.087688 0.049805 0.048276
0 0.918329 0.106058 0.049805 0.048276
0 0.934180 0.114094 0.049805 0.048276
0 0.944910 0.130742 0.049805 0.048276
0 0.944666 0.114094 0.049805 0.048276
0 0.940521 0.139353 0.049805 0.048276
0 0.938814 0.124428 0.049805 0.048276
0 0.936619 0.092854 0.049805 0.048276
0 0.940277 0.086539 0.049805 0.048276
0 0.953445 0.130168 0.049805 0.048276
0 0.951251 0.130742 0.049805 0.048276
0 0.952470 0.118687 0.049805 0.048276
0 0.961981 0.118687 0.049805 0.048276
0 0.975637 0.165760 0.049805 0.048276
0 0.989781 0.222018 0.049805 0.048276
0 0.993927 0.230055 0.049805 0.048276
0 0.959542 0.213407 0.049805 0.048276
0 0.965883 0.221444 0.049805 0.048276
0 0.969541 0.219148 0.049805 0.048276
0 0.956372 0.213981 0.049805 0.048276
0 0.972467 0.232351 0.049805 0.048276
0 0.950763 0.313294 0.049805 0.048276
0 0.981490 0.154279 0.049805 0.048276
0 0.969541 0.141075 0.049805 0.048276
0 0.965151 0.110076 0.049805 0.048276
0 0.953445 0.099743 0.049805 0.048276
0 0.955640 0.092854 0.049805 0.048276
0 0.952714 0.085965 0.049805 0.048276
0 0.948812 0.090558 0.049805 0.048276
0 0.944910 0.098021 0.049805 0.048276
0 0.941984 0.098021 0.049805 0.048276
0 0.937107 0.098595 0.049805 0.048276
0 0.944179 0.081947 0.049805 0.048276
0 0.976613 0.303535 0.049805 0.048276
0 0.951495 0.075058 0.049805 0.048276
0 0.927352 0.306979 0.049805 0.048276
0 0.963200 0.094002 0.049805 0.048276
0 0.973930 0.019374 0.049805 0.048276
0 0.971735 0.064725 0.049805 0.048276
0 0.966370 0.064151 0.049805 0.048276
0 0.960030 0.062429 0.049805 0.048276
0 0.884676 0.286887 0.049805 0.048276
0 0.966614 0.165186 0.049805 0.048276
0 0.961981 0.176093 0.049805 0.048276
0 0.980514 0.195037 0.049805 0.048276
0 0.990757 0.177241 0.049805 0.048276
0 0.997341 0.180112 0.049805 0.048276
0 0.988318 0.160019 0.049805 0.048276
0 0.994415 0.150834 0.049805 0.048276
0 0.981246 0.134187 0.049805 0.048276
0 0.979539 0.118687 0.049805 0.048276
0 0.982221 0.120409 0.049805 0.048276
0 0.976369 0.128446 0.049805 0.048276
0 0.976613 0.111224 0.049805 0.048276
0 0.973686 0.112372 0.049805 0.048276
0 0.969541 0.127298 0.049805 0.048276
0 0.968809 0.110076 0.049805 0.048276
0 0.966370 0.098595 0.049805 0.048276
0 0.971248 0.095724 0.049805 0.048276
0 0.973930 0.096298 0.049805 0.048276
0 0.964907 0.087113 0.049805 0.048276
0 0.961249 0.083095 0.049805 0.048276
0 0.971735 0.085965 0.049805 0.048276
0 0.975881 0.088262 0.049805 0.048276
0 0.980514 0.092280 0.049805 0.048276
0 0.976125 0.071614 0.049805 0.048276
0 0.878823 0.277702 0.049805 0.048276
0 0.997341 0.130742 0.049805 0.048276
0 0.993195 0.099169 0.049805 0.048276
0 0.986367 0.120983 0.049805 0.048276
0 0.991732 0.115243 0.049805 0.048276
0 0.995390 0.118113 0.049805 0.048276
0 0.987343 0.136483 0.049805 0.048276
0 0.993927 0.134761 0.049805 0.048276
0 0.995390 0.160019 0.049805 0.048276
0 0.981490 0.066447 0.049805 0.048276
0 0.984904 0.068169 0.049805 0.048276
0 0.990025 0.071614 0.049805 0.048276
0 0.991732 0.075058 0.049805 0.048276
0 0.995390 0.076206 0.049805 0.048276
0 0.979783 0.036596 0.049805 0.048276
0 0.975881 0.039466 0.049805 0.048276
0 0.971491 0.039466 0.049805 0.048276
0 0.984904 0.036596 0.049805 0.048276
0 0.979051 0.064725 0.049805 0.048276
0 0.994415 0.065873 0.049805 0.048276
0 0.997585 0.068169 0.049805 0.048276
0 0.996122 0.087113 0.049805 0.048276
0 0.985392 0.095724 0.049805 0.048276
0 0.990025 0.099743 0.049805 0.048276
0 0.780790 0.393088 0.049805 0.048276
0 0.886139 0.266795 0.049805 0.048276
0 0.960518 0.147390 0.049805 0.048276
0 0.963200 0.142797 0.049805 0.048276
0 0.897357 0.169204 0.049805 0.048276
0 0.895650 0.156575 0.049805 0.048276
0 0.892723 0.155427 0.049805 0.048276
0 0.896625 0.150260 0.049805 0.048276
0 0.892479 0.110650 0.049805 0.048276
0 0.886627 0.107780 0.049805 0.048276
0 0.884432 0.114094 0.049805 0.048276
0 0.882725 0.103761 0.049805 0.048276
0 0.794934 0.177241 0.049805 0.048276
0 0.793714 0.168056 0.049805 0.048276
0 0.660077 0.135053 0.049805 0.048276
0 0.729090 0.179256 0.049805 0.048276
0 0.777376 0.123572 0.049805 0.048276
0 0.781034 0.122997 0.049805 0.048276
0 0.784448 0.122423 0.049805 0.048276
0 0.464986 0.126442 0.049805 0.048276
0 0.478398 0.136201 0.049805 0.048276
0 0.473765 0.145960 0.049805 0.048276
0 0.485714 0.136201 0.049805 0.048276
0 0.547168 0.310716 0.049805 0.048276
0 0.420846 0.206810 0.049805 0.048276
0 0.437917 0.214847 0.049805 0.048276
0 0.477910 0.364677 0.049805 0.048276
0 0.478154 0.368696 0.049805 0.048276
0 0.561312 0.156867 0.049805 0.048276
0 0.399874 0.209681 0.049805 0.048276
0 0.682269 0.317317 0.049805 0.048276
0 0.657882 0.272541 0.049805 0.048276
0 0.663247 0.272541 0.049805 0.048276
0 0.668124 0.278281 0.049805 0.048276
0 0.732017 0.272541 0.049805 0.048276
0 0.709581 0.286318 0.049805 0.048276
0 0.773961 0.264504 0.049805 0.048276
0 0.745186 0.257615 0.049805 0.048276
0 0.825173 0.470018 0.049805 0.048276
0 0.799323 0.489536 0.049805 0.048276
0 0.800787 0.458537 0.049805 0.048276
0 0.754940 0.445907 0.049805 0.048276
0 0.767621 0.437870 0.049805 0.048276
0 0.618864 0.613533 0.049805 0.048276
0 0.553996 0.421797 0.049805 0.048276
0 0.542778 0.286318 0.049805 0.048276
0 0.529122 0.228912 0.049805 0.048276
0 0.817857 0.034879 0.049805 0.048276
0 0.816882 0.203653 0.049805 0.048276
0 0.399386 0.227764 0.049805 0.048276
0 0.327202 0.174950 0.049805 0.048276
0 0.266724 0.145099 0.049805 0.048276
0 0.271601 0.145099 0.049805 0.048276
0 0.591551 0.597460 0.049805 0.048276
0 0.483763 0.347169 0.049805 0.048276
0 0.527659 0.248430 0.049805 0.048276
0 0.520343 0.256467 0.049805 0.048276
0 0.581309 0.584830 0.049805 0.048276
0 0.306718 0.280577 0.049805 0.048276
0 0.562775 0.095730 0.049805 0.048276
0 0.765670 0.118692 0.049805 0.048276
0 0.767133 0.227764 0.049805 0.048276
0 0.751526 0.313873 0.049805 0.048276
0 0.742747 0.302392 0.049805 0.048276
0 0.615938 0.300096 0.049805 0.048276
0 0.605695 0.280577 0.049805 0.048276
0 0.417920 0.359798 0.049805 0.048276
0 0.622278 0.520535 0.049805 0.048276
0 0.617401 0.437870 0.049805 0.048276
0 0.327202 0.070471 0.049805 0.048276
0 0.335494 0.054397 0.049805 0.048276
0 0.333055 0.058990 0.049805 0.048276
0 0.306230 0.169209 0.049805 0.048276
0 0.984593 0.252434 0.049805 0.048276
0 0.993386 0.043564 0.049805 0.048276
0 0.926839 0.046457 0.049805 0.048276
0 0.932435 0.053043 0.049805 0.048276
0 0.942027 0.066215 0.049805 0.048276
0 0.943226 0.060570 0.049805 0.048276
0 0.952419 0.055865 0.049805 0.048276
0 0.963210 0.036107 0.049805 0.048276
0 0.990189 0.331466 0.049805 0.048276
0 0.995784 0.312649 0.049805 0.048276
0 0.993386 0.280660 0.049805 0.048276