0 0.006913 0.877509 0.049805 0.048611
0 0.070862 0.985511 0.049805 0.048611
0 0.097241 0.807875 0.049805 0.048611
0 0.185170 0.874666 0.049805 0.048611
0 0.262708 0.816402 0.049805 0.048611
0 0.276297 0.708399 0.049805 0.048611
0 0.345842 0.743927 0.049805 0.048611
0 0.444163 0.816402 0.049805 0.048611
0 0.494523 0.991195 0.049805 0.048611
0 0.605634 0.961353 0.049805 0.048611
0 0.655994 0.846245 0.049805 0.048611
0 0.789487 0.962774 0.049805 0.048611
0 0.787888 0.839139 0.049805 0.048611
0 0.825458 0.742505 0.049805 0.048611
0 0.782293 0.569133 0.049805 0.048611
0 0.711150 0.681399 0.049805 0.048611
0 0.778296 0.527922 0.049805 0.048611
0 0.655194 0.478184 0.049805 0.048611
0 0.592844 0.547817 0.049805 0.048611
0 0.535290 0.579081 0.049805 0.048611
0 0.521701 0.714084 0.049805 0.048611
0 0.480934 0.709821 0.049805 0.048611
0 0.463348 0.539290 0.049805 0.048611
0 0.408192 0.554922 0.049805 0.048611
0 0.380214 0.597555 0.049805 0.048611
0 0.331453 0.550659 0.049805 0.048611
0 0.284291 0.559185 0.049805 0.048611
0 0.201158 0.537869 0.049805 0.048611
0 0.176377 0.603239 0.049805 0.048611
0 0.138008 0.631661 0.049805 0.048611
0 0.053276 0.662925 0.049805 0.048611
0 0.001317 0.613187 0.049805 0.048611
0 0.074859 0.473920 0.049805 0.048611
0 0.002916 0.434130 0.049805 0.048611
0 0.056473 0.409972 0.049805 0.048611
0 0.046881 0.347444 0.049805 0.048611
0 0.082852 0.378708 0.049805 0.048611
0 0.119623 0.412814 0.049805 0.048611
0 0.143604 0.331812 0.049805 0.048611
0 0.160390 0.384392 0.049805 0.048611
0 0.165186 0.466815 0.049805 0.048611
0 0.193164 0.425603 0.049805 0.048611
0 0.209151 0.341759 0.049805 0.048611
0 0.220342 0.279232 0.049805 0.048611
0 0.181174 0.132860 0.049805 0.048611
0 0.089247 0.132860 0.049805 0.048611
0 0.362628 0.157018 0.049805 0.048611
0 0.443364 0.192545 0.049805 0.048611
0 0.324259 0.216704 0.049805 0.048611
0 0.334651 0.255073 0.049805 0.048611
0 0.354635 0.232336 0.049805 0.048611
0 0.330654 0.171229 0.049805 0.048611
0 0.397001 0.154176 0.049805 0.048611
0 0.399399 0.320443 0.049805 0.048611
0 0.424179 0.286337 0.049805 0.048611
0 0.404994 0.249389 0.049805 0.048611
0 0.365026 0.394340 0.049805 0.048611
0 0.315466 0.378708 0.049805 0.048611
0 0.260310 0.394340 0.049805 0.048611
0 0.267504 0.314759 0.049805 0.048611
0 0.237129 0.454025 0.049805 0.048611
0 0.299479 0.446920 0.049805 0.048611
0 0.389807 0.495237 0.049805 0.048611
0 0.406593 0.431288 0.049805 0.048611
0 0.433771 0.387234 0.049805 0.048611
0 0.463348 0.364497 0.049805 0.048611
0 0.472940 0.309074 0.049805 0.048611
0 0.451357 0.245126 0.049805 0.048611
0 0.556873 0.162703 0.049805 0.048611
0 0.513707 0.243705 0.049805 0.048611
0 0.497720 0.279232 0.049805 0.048611
0 0.528895 0.263600 0.049805 0.048611
0 0.561669 0.262179 0.049805 0.048611
0 0.606433 0.240862 0.049805 0.048611
0 0.627217 0.196809 0.049805 0.048611
0 0.637608 0.174071 0.049805 0.048611
0 0.769503 0.135702 0.049805 0.048611
0 0.817464 0.178335 0.049805 0.048611
0 0.868624 0.186861 0.049805 0.048611
0 0.883012 0.313338 0.049805 0.048611
0 0.843843 0.324706 0.049805 0.048611
0 0.806273 0.354549 0.049805 0.048611
0 0.805474 0.267863 0.049805 0.048611
0 0.782293 0.304811 0.049805 0.048611
0 0.732732 0.282074 0.049805 0.048611
0 0.695162 0.343181 0.049805 0.048611
0 0.707153 0.378708 0.049805 0.048611
0 0.650398 0.331812 0.049805 0.048611
0 0.616026 0.317601 0.049805 0.048611
0 0.608831 0.354549 0.049805 0.048611
0 0.564067 0.358812 0.049805 0.048611
0 0.566465 0.300548 0.049805 0.048611
0 0.523300 0.425603 0.049805 0.048611
0 0.548080 0.421340 0.049805 0.048611
0 0.584051 0.446920 0.049805 0.048611
0 0.441765 0.469657 0.049805 0.048611
0 0.925693 0.239138 0.049805 0.048611
0 0.947671 0.317282 0.049805 0.048611
0 0.910708 0.377666 0.049805 0.048611
0 0.956662 0.372338 0.049805 0.048611
0 0.964654 0.306626 0.049805 0.048611
0 0.963655 0.283538 0.049805 0.048611
0 0.984634 0.185858 0.049805 0.048611