0 0.772160 0.518458 0.049805 0.049780
0 0.794341 0.538735 0.049805 0.049780
0 0.817333 0.512781 0.049805 0.049780
0 0.806783 0.523325 0.049805 0.049780
0 0.793529 0.520486 0.049805 0.049780
0 0.785414 0.520486 0.049805 0.049780
0 0.751873 0.526163 0.049805 0.049780
0 0.736725 0.523325 0.049805 0.049780
0 0.759988 0.537519 0.049805 0.049780
0 0.764316 0.529813 0.049805 0.049780
0 0.767562 0.546035 0.049805 0.049780
0 0.777841 0.556579 0.049805 0.049780
0 0.787308 0.563879 0.049805 0.049780
0 0.795964 0.566718 0.049805 0.049780
0 0.800292 0.551713 0.049805 0.049780
0 0.799480 0.580912 0.049805 0.049780
0 0.778922 0.580506 0.049805 0.049780
0 0.766750 0.568746 0.049805 0.049780
0 0.750520 0.568746 0.049805 0.049780
0 0.750520 0.543196 0.049805 0.049780
0 0.740783 0.544007 0.049805 0.049780
0 0.818685 0.584562 0.049805 0.049780
0 0.825989 0.567529 0.049805 0.049780
0 0.821120 0.550496 0.049805 0.049780
0 0.815710 0.555768 0.049805 0.049780
0 0.813546 0.546035 0.049805 0.049780
0 0.831940 0.526975 0.049805 0.049780
0 0.842759 0.528191 0.049805 0.049780
0 0.837349 0.549685 0.049805 0.049780
0 0.830046 0.549685 0.049805 0.049780
0 0.837079 0.574018 0.049805 0.049780
0 0.843841 0.561040 0.049805 0.049780
0 0.855202 0.555363 0.049805 0.049780
0 0.874407 0.528191 0.049805 0.049780
0 0.875760 0.539546 0.049805 0.049780
0 0.883604 0.576857 0.049805 0.049780
0 0.895235 0.577262 0.049805 0.049780
0 0.889284 0.608489 0.049805 0.049780
0 0.909842 0.565501 0.049805 0.049780
0 0.928506 0.574423 0.049805 0.049780
0 0.940408 0.580912 0.049805 0.049780
0 0.972056 0.581318 0.049805 0.049780
0 0.963671 0.529813 0.049805 0.049780
0 0.953392 0.536708 0.049805 0.049780
0 0.935810 0.539141 0.049805 0.049780
0 0.940408 0.529813 0.049805 0.049780
0 0.917416 0.537113 0.049805 0.049780
0 0.903621 0.534680 0.049805 0.049780
0 0.909572 0.527380 0.049805 0.049780
0 0.906596 0.544007 0.049805 0.049780
0 0.892801 0.537113 0.049805 0.049780
0 0.900916 0.552524 0.049805 0.049780
0 0.916605 0.553741 0.049805 0.049780
0 0.910113 0.550902 0.049805 0.049780
0 0.915252 0.574423 0.049805 0.049780
0 0.968540 0.518458 0.049805 0.049780
0 0.948252 0.518864 0.049805 0.049780
0 0.999407 0.494937 0.049805 0.049780
0 0.984530 0.510753 0.049805 0.049780
0 0.994809 0.491692 0.049805 0.049780
0 0.999407 0.488042 0.049805 0.049780
0 0.991292 0.486420 0.049805 0.049780
0 0.986153 0.489259 0.049805 0.049780
0 0.986153 0.483987 0.049805 0.049780
0 0.979391 0.485203 0.049805 0.049780
0 0.979661 0.499398 0.049805 0.049780
0 0.975874 0.482770 0.049805 0.049780
0 0.979120 0.490881 0.049805 0.049780
0 0.970464 0.497370 0.049805 0.049780
0 0.971005 0.485609 0.049805 0.049780
0 0.966136 0.489664 0.049805 0.049780
0 0.960997 0.485203 0.049805 0.049780
0 0.957751 0.496559 0.049805 0.049780
0 0.958292 0.487637 0.049805 0.049780
0 0.951800 0.491692 0.049805 0.049780
0 0.944226 0.493720 0.049805 0.049780
0 0.948013 0.485203 0.049805 0.049780
0 0.936382 0.486826 0.049805 0.049780
0 0.938275 0.493720 0.049805 0.049780
0 0.923398 0.498586 0.049805 0.049780
0 0.930702 0.489664 0.049805 0.049780
0 0.916095 0.492909 0.049805 0.049780
0 0.910685 0.498181 0.049805 0.049780
0 0.909873 0.486826 0.049805 0.049780
0 0.903381 0.489259 0.049805 0.049780
0 0.899324 0.487637 0.049805 0.049780
0 0.895537 0.488042 0.049805 0.049780
0 0.893373 0.507914 0.049805 0.049780
0 0.882012 0.503453 0.049805 0.049780
0 0.900677 0.492909 0.049805 0.049780
0 0.877684 0.493720 0.049805 0.049780
0 0.877143 0.488042 0.049805 0.049780
0 0.869299 0.495748 0.049805 0.049780
0 0.862537 0.494937 0.049805 0.049780
0 0.858750 0.496559 0.049805 0.049780
0 0.858750 0.490070 0.049805 0.049780
0 0.853340 0.497370 0.049805 0.049780
0 0.847119 0.500209 0.049805 0.049780
0 0.845766 0.509131 0.049805 0.049780
0 0.840627 0.494937 0.049805 0.049780
0 0.836840 0.489259 0.049805 0.049780
0 0.830618 0.496559 0.049805 0.049780
0 0.821962 0.503047 0.049805 0.049780
0 0.816012 0.501425 0.049805 0.049780
0 0.821962 0.495342 0.049805 0.049780
0 0.818446 0.494531 0.049805 0.049780
0 0.824397 0.494937 0.049805 0.049780
0 0.866053 0.490070 0.049805 0.049780
0 0.862537 0.490881 0.049805 0.049780
0 0.809520 0.500209 0.049805 0.049780
0 0.815200 0.494937 0.049805 0.049780
0 0.810872 0.492098 0.049805 0.049780
0 0.806003 0.495748 0.049805 0.049780
0 0.801675 0.490881 0.049805 0.049780
0 0.798429 0.494531 0.049805 0.049780
0 0.795724 0.506697 0.049805 0.049780
0 0.790856 0.497775 0.049805 0.049780
0 0.792749 0.491692 0.049805 0.049780
0 0.786798 0.489664 0.049805 0.049780
0 0.783282 0.494531 0.049805 0.049780
0 0.773544 0.497370 0.049805 0.049780
0 0.765158 0.497370 0.049805 0.049780
0 0.752716 0.505075 0.049805 0.049780
0 0.780577 0.514403 0.049805 0.049780
0 0.840595 0.502439 0.049805 0.049780
0 0.847087 0.489462 0.049805 0.049780
0 0.871973 0.510550 0.049805 0.049780
0 0.858989 0.513794 0.049805 0.049780
0 0.955826 0.508117 0.049805 0.049780
0 0.758906 0.495139 0.049805 0.049780
0 0.751332 0.495139 0.049805 0.049780
0 0.739971 0.500817 0.049805 0.049780
0 0.735102 0.502439 0.049805 0.049780
0 0.726446 0.483784 0.049805 0.049780
0 0.722659 0.508117 0.049805 0.049780
0 0.714004 0.506495 0.049805 0.049780
0 0.706430 0.499195 0.049805 0.049780
0 0.699397 0.499195 0.049805 0.049780
0 0.710217 0.513794 0.049805 0.049780
0 0.706971 0.509739 0.049805 0.049780
0 0.723741 0.525150 0.049805 0.049780
0 0.728069 0.504061 0.049805 0.049780
0 0.732938 0.496761 0.049805 0.049780
0 0.718332 0.496761 0.049805 0.049780
0 0.711299 0.492706 0.049805 0.049780
0 0.689659 0.502439 0.049805 0.049780
0 0.699938 0.509739 0.049805 0.049780
0 0.686954 0.513794 0.049805 0.049780
0 0.686954 0.529205 0.049805 0.049780
0 0.698315 0.530827 0.049805 0.049780
0 0.710217 0.540560 0.049805 0.049780
0 0.721037 0.536505 0.049805 0.049780
0 0.724282 0.568948 0.049805 0.049780
0 0.708594 0.571382 0.049805 0.049780
0 0.695610 0.574626 0.049805 0.049780
0 0.704807 0.551916 0.049805 0.049780
0 0.677757 0.574626 0.049805 0.049780
0 0.718332 0.596525 0.049805 0.049780
0 0.742676 0.567326 0.049805 0.049780
0 0.730774 0.546238 0.049805 0.049780
0 0.745381 0.538938 0.049805 0.049780
0 0.961777 0.574626 0.049805 0.049780
0 0.987204 0.561649 0.049805 0.049780
0 0.990991 0.547860 0.049805 0.049780
0 0.995860 0.580304 0.049805 0.049780
0 0.992614 0.614369 0.049805 0.049780
0 0.965023 0.621669 0.049805 0.049780
0 0.955826 0.638702 0.049805 0.049780
0 0.963941 0.641946 0.049805 0.049780
0 0.922826 0.638702 0.049805 0.049780
0 0.940138 0.671146 0.049805 0.049780
0 0.956367 0.687367 0.049805 0.049780
0 0.966105 0.726300 0.049805 0.049780
0 0.994237 0.736033 0.049805 0.049780
0 0.994237 0.736033 0.049805 0.049780
0 0.937974 0.745766 0.049805 0.049780
0 0.924449 0.714945 0.049805 0.049780
0 0.938515 0.695478 0.049805 0.049780
0 0.926613 0.683312 0.049805 0.049780
0 0.907678 0.658979 0.049805 0.049780
0 0.894694 0.665468 0.049805 0.049780
0 0.899022 0.648435 0.049805 0.049780
0 0.874678 0.722244 0.049805 0.049780
0 0.893612 0.740899 0.049805 0.049780
0 0.869268 0.691423 0.049805 0.049780
0 0.870891 0.671957 0.049805 0.049780
0 0.821120 0.734411 0.049805 0.049780
0 0.823284 0.706834 0.049805 0.049780
0 0.833022 0.641946 0.049805 0.049780
0 0.976925 0.619236 0.049805 0.049780
0 0.801644 0.628158 0.049805 0.049780
0 0.773513 0.670335 0.049805 0.049780
0 0.772972 0.641946 0.049805 0.049780
0 0.795152 0.659790 0.049805 0.049780
0 0.798939 0.740899 0.049805 0.049780
0 0.766480 0.739277 0.049805 0.049780
0 0.755119 0.731166 0.049805 0.049780
0 0.751873 0.677634 0.049805 0.049780
0 0.756201 0.650057 0.049805 0.049780
0 0.747004 0.630591 0.049805 0.049780
0 0.734561 0.647624 0.049805 0.049780
0 0.719414 0.666279 0.049805 0.049780
0 0.711840 0.619236 0.049805 0.049780
0 0.685331 0.653302 0.049805 0.049780
0 0.684790 0.676012 0.049805 0.049780
0 0.693446 0.702778 0.049805 0.049780
0 0.627986 0.685745 0.049805 0.049780
0 0.640429 0.684123 0.049805 0.049780
0 0.662610 0.628158 0.049805 0.049780
0 0.627445 0.646002 0.049805 0.049780
0 0.615002 0.674390 0.049805 0.049780
0 0.600396 0.646002 0.049805 0.049780
0 0.605806 0.624914 0.049805 0.049780
0 0.622576 0.590037 0.049805 0.049780
0 0.664711 0.538533 0.049805 0.049780
0 0.659301 0.527988 0.049805 0.049780
0 0.663088 0.506900 0.049805 0.049780
0 0.650104 0.499600 0.049805 0.049780
0 0.646858 0.510144 0.049805 0.049780
0 0.635498 0.504467 0.049805 0.049780
0 0.644694 0.493112 0.049805 0.049780
0 0.656055 0.504467 0.049805 0.049780
0 0.614940 0.506089 0.049805 0.049780
0 0.616022 0.500411 0.049805 0.049780
0 0.609530 0.497167 0.049805 0.049780
0 0.612776 0.519878 0.049805 0.049780
0 0.604120 0.535288 0.049805 0.049780
0 0.598710 0.529611 0.049805 0.049780
0 0.594382 0.523933 0.049805 0.049780
0 0.603038 0.549888 0.049805 0.049780
0 0.610071 0.551510 0.049805 0.049780
0 0.623055 0.546643 0.049805 0.049780
0 0.617104 0.540155 0.049805 0.049780
0 0.627383 0.527988 0.049805 0.049780
0 0.632252 0.528800 0.049805 0.049780
0 0.643071 0.539344 0.049805 0.049780
0 0.653350 0.532855 0.049805 0.049780
0 0.641448 0.523122 0.049805 0.049780
0 0.654432 0.567732 0.049805 0.049780
0 0.576530 0.517444 0.049805 0.049780
0 0.590595 0.508522 0.049805 0.049780
0 0.585726 0.514200 0.049805 0.049780
0 0.574907 0.506089 0.049805 0.049780
0 0.561382 0.510144 0.049805 0.049780
0 0.555972 0.502845 0.049805 0.049780
0 0.551103 0.497167 0.049805 0.049780
0 0.544070 0.499600 0.049805 0.049780
0 0.562464 0.493923 0.049805 0.049780
0 0.581399 0.501222 0.049805 0.049780
0 0.585185 0.504467 0.049805 0.049780
0 0.602497 0.491489 0.049805 0.049780
0 0.594382 0.493112 0.049805 0.049780
0 0.606825 0.491489 0.049805 0.049780
0 0.626301 0.505278 0.049805 0.049780
0 0.637121 0.493112 0.049805 0.049780
0 0.626842 0.482567 0.049805 0.049780
0 0.619809 0.482567 0.049805 0.049780
0 0.654432 0.489056 0.049805 0.049780
0 0.662006 0.472023 0.049805 0.049780
0 0.650104 0.536910 0.049805 0.049780
0 0.598169 0.505278 0.049805 0.049780
0 0.609530 0.527177 0.049805 0.049780
0 0.554349 0.535288 0.049805 0.049780
0 0.531086 0.529611 0.049805 0.049780
0 0.520808 0.522311 0.049805 0.049780
0 0.566792 0.579898 0.049805 0.049780
0 0.578694 0.591253 0.049805 0.049780
0 0.606284 0.585576 0.049805 0.049780
0 0.629547 0.565299 0.049805 0.049780
0 0.645235 0.588009 0.049805 0.049780
0 0.632252 0.588009 0.049805 0.049780
0 0.616022 0.613153 0.049805 0.049780
0 0.606825 0.605042 0.049805 0.049780
0 0.569497 0.620453 0.049805 0.049780
0 0.559759 0.583954 0.049805 0.049780
0 0.550021 0.583954 0.049805 0.049780
0 0.525136 0.592064 0.049805 0.049780
0 0.525136 0.575032 0.049805 0.049780
0 0.499168 0.575032 0.049805 0.049780
0 0.478069 0.559621 0.049805 0.049780
0 0.467791 0.538533 0.049805 0.049780
0 0.449938 0.536910 0.049805 0.049780
0 0.448315 0.569354 0.049805 0.049780
0 0.431544 0.540966 0.049805 0.049780
0 0.432626 0.561243 0.049805 0.049780
0 0.422347 0.542588 0.049805 0.049780
0 0.405577 0.531233 0.049805 0.049780
0 0.392052 0.540966 0.049805 0.049780
0 0.389347 0.540966 0.049805 0.049780
0 0.386642 0.548266 0.049805 0.049780
0 0.383937 0.550699 0.049805 0.049780
0 0.376904 0.538533 0.049805 0.049780
0 0.371494 0.545021 0.049805 0.049780
0 0.344986 0.525555 0.049805 0.049780
0 0.357970 0.534477 0.049805 0.049780
0 0.417478 0.532855 0.049805 0.049780
0 0.411528 0.612342 0.049805 0.049780
0 0.403954 0.593687 0.049805 0.049780
0 0.379609 0.582331 0.049805 0.049780
0 0.365543 0.562865 0.049805 0.049780
0 0.341740 0.562054 0.049805 0.049780
0 0.356888 0.607475 0.049805 0.049780
0 0.344986 0.629375 0.049805 0.049780
0 0.364461 0.631808 0.049805 0.049780
0 0.392593 0.630997 0.049805 0.049780
0 0.406118 0.642352 0.049805 0.049780
0 0.432085 0.606664 0.049805 0.049780
0 0.454266 0.635052 0.049805 0.049780
0 0.476987 0.618830 0.049805 0.049780
0 0.484561 0.589631 0.049805 0.049780
0 0.530004 0.685340 0.049805 0.049780
0 0.537037 0.696695 0.049805 0.049780
0 0.548398 0.701562 0.049805 0.049780
0 0.561923 0.707239 0.049805 0.049780
0 0.584103 0.755093 0.049805 0.049780
0 0.508365 0.748605 0.049805 0.049780
0 0.508365 0.706428 0.049805 0.049780
0 0.485643 0.698317 0.049805 0.049780
0 0.471037 0.717783 0.049805 0.049780
0 0.481315 0.748605 0.049805 0.049780
0 0.428298 0.725083 0.049805 0.049780
0 0.424511 0.684529 0.049805 0.049780
0 0.447233 0.686151 0.049805 0.049780
0 0.402872 0.727516 0.049805 0.049780
0 0.390970 0.708050 0.049805 0.049780
0 0.373658 0.716161 0.049805 0.049780
0 0.357429 0.727516 0.049805 0.049780
0 0.383396 0.759149 0.049805 0.049780
0 0.363920 0.707239 0.049805 0.049780
0 0.567874 0.504467 0.049805 0.049780
0 0.564087 0.499600 0.049805 0.049780
0 0.563546 0.532855 0.049805 0.049780
0 0.585185 0.493112 0.049805 0.049780
0 0.573284 0.491489 0.049805 0.049780
0 0.606284 0.482567 0.049805 0.049780
0 0.598710 0.480134 0.049805 0.049780
0 0.585726 0.482567 0.049805 0.049780
0 0.679859 0.542588 0.049805 0.049780
0 0.696629 0.553943 0.049805 0.049780
0 0.693384 0.557999 0.049805 0.049780
0 0.686351 0.545832 0.049805 0.049780
0 0.684728 0.561243 0.049805 0.049780
0 0.761007 0.550699 0.049805 0.049780
0 0.777237 0.540155 0.049805 0.049780
0 0.821057 0.519878 0.049805 0.049780
0 0.829172 0.504467 0.049805 0.049780
0 0.496463 0.531233 0.049805 0.049780
0 0.504037 0.542588 0.049805 0.049780
0 0.515939 0.568543 0.049805 0.049780
0 0.517021 0.585576 0.049805 0.049780
0 0.484020 0.538533 0.049805 0.049780
0 0.308136 0.562865 0.049805 0.049780
0 0.313005 0.542588 0.049805 0.049780
0 0.291365 0.549888 0.049805 0.049780
0 0.269726 0.545832 0.049805 0.049780
0 0.258365 0.545832 0.049805 0.049780
0 0.226987 0.537722 0.049805 0.049780
0 0.216709 0.538533 0.049805 0.049780
0 0.212381 0.528800 0.049805 0.049780
0 0.201561 0.537722 0.049805 0.049780
0 0.196692 0.537722 0.049805 0.049780
0 0.182085 0.555565 0.049805 0.049780
0 0.185331 0.540966 0.049805 0.049780
0 0.167478 0.559621 0.049805 0.049780
0 0.156659 0.571787 0.049805 0.049780
0 0.142593 0.571787 0.049805 0.049780
0 0.148003 0.557188 0.049805 0.049780
0 0.136642 0.538533 0.049805 0.049780
0 0.118248 0.543399 0.049805 0.049780
0 0.104724 0.551510 0.049805 0.049780
0 0.085248 0.552321 0.049805 0.049780
0 0.070100 0.560432 0.049805 0.049780
0 0.053330 0.560432 0.049805 0.049780
0 0.014378 0.549077 0.049805 0.049780
0 0.021411 0.557999 0.049805 0.049780
0 0.173970 0.578276 0.049805 0.049780
0 0.195069 0.583143 0.049805 0.049780
0 0.214004 0.577465 0.049805 0.049780
0 0.229151 0.577465 0.049805 0.049780
0 0.224282 0.557999 0.049805 0.049780
0 0.210217 0.553943 0.049805 0.049780
0 0.204266 0.529611 0.049805 0.049780
0 0.241594 0.557188 0.049805 0.049780
0 0.253496 0.559621 0.049805 0.049780
0 0.238889 0.549888 0.049805 0.049780
0 0.253496 0.590442 0.049805 0.049780
0 0.244299 0.579898 0.049805 0.049780
0 0.269185 0.597742 0.049805 0.049780
0 0.269726 0.583143 0.049805 0.049780
0 0.280545 0.585576 0.049805 0.049780
0 0.278922 0.622886 0.049805 0.049780
0 0.294070 0.621264 0.049805 0.049780
0 0.291906 0.641541 0.049805 0.049780
0 0.303267 0.605853 0.049805 0.049780
0 0.313005 0.636674 0.049805 0.049780
0 0.316792 0.617208 0.049805 0.049780
0 0.332481 0.641541 0.049805 0.049780
0 0.321120 0.577465 0.049805 0.049780
0 0.227528 0.658574 0.049805 0.049780
0 0.213463 0.664251 0.049805 0.049780
0 0.197774 0.665063 0.049805 0.049780
0 0.198856 0.617208 0.049805 0.049780
0 0.158282 0.583143 0.049805 0.049780
0 0.131232 0.572598 0.049805 0.049780
0 0.109052 0.566110 0.049805 0.049780
0 0.090117 0.582331 0.049805 0.049780
0 0.080379 0.566110 0.049805 0.049780
0 0.094445 0.568543 0.049805 0.049780
0 0.059280 0.588820 0.049805 0.049780
0 0.050084 0.579898 0.049805 0.049780
0 0.036559 0.605853 0.049805 0.049780
0 0.036018 0.583143 0.049805 0.049780
0 0.006804 0.568543 0.049805 0.049780
0 0.016001 0.568543 0.049805 0.049780
0 0.006263 0.592876 0.049805 0.049780
0 0.003017 0.609908 0.049805 0.049780
0 0.002476 0.641541 0.049805 0.049780
0 0.004099 0.682095 0.049805 0.049780
0 0.028444 0.664251 0.049805 0.049780
0 0.048461 0.645596 0.049805 0.049780
0 0.071182 0.645596 0.049805 0.049780
0 0.062526 0.617208 0.049805 0.049780
0 0.104724 0.654518 0.049805 0.049780
0 0.135560 0.669929 0.049805 0.049780
0 0.148544 0.643974 0.049805 0.049780
0 0.181544 0.691017 0.049805 0.049780
0 0.165315 0.719406 0.049805 0.049780
0 0.111216 0.695073 0.049805 0.049780
0 0.103101 0.669929 0.049805 0.049780
0 0.083625 0.705617 0.049805 0.049780
0 0.079838 0.672362 0.049805 0.049780
0 0.050084 0.679662 0.049805 0.049780
0 0.038723 0.698317 0.049805 0.049780
0 0.059821 0.716161 0.049805 0.049780
0 0.012214 0.746983 0.049805 0.049780
0 0.038182 0.825658 0.049805 0.049780
0 0.057657 0.854046 0.049805 0.049780
0 0.060362 0.806192 0.049805 0.049780
0 0.086330 0.850802 0.049805 0.049780
0 0.086330 0.811870 0.049805 0.049780
0 0.112838 0.842691 0.049805 0.049780
0 0.003558 0.858102 0.049805 0.049780
0 0.138806 0.845935 0.049805 0.049780
0 0.138265 0.858913 0.049805 0.049780
0 0.139888 0.798081 0.049805 0.049780
0 0.174511 0.764827 0.049805 0.049780
0 0.204807 0.760771 0.049805 0.049780
0 0.199938 0.819170 0.049805 0.049780
0 0.243758 0.752660 0.049805 0.049780
0 0.219955 0.796459 0.049805 0.049780
0 0.273513 0.726705 0.049805 0.049780
0 0.260529 0.712917 0.049805 0.049780
0 0.257824 0.862968 0.049805 0.049780
0 0.259447 0.831336 0.049805 0.049780
0 0.276218 0.851613 0.049805 0.049780
0 0.317874 0.789159 0.049805 0.049780
0 0.334644 0.823225 0.049805 0.049780
0 0.361153 0.824847 0.049805 0.049780
0 0.340054 0.773749 0.049805 0.049780
0 0.320579 0.740494 0.049805 0.049780
0 0.324907 0.711295 0.049805 0.049780
0 0.271890 0.677229 0.049805 0.049780
0 0.420662 0.721028 0.049805 0.049780
0 0.120412 0.602609 0.049805 0.049780
0 0.104183 0.601798 0.049805 0.049780
0 0.304349 0.528800 0.049805 0.049780
0 0.333563 0.540966 0.049805 0.049780
0 0.015523 0.916095 0.049805 0.049780
0 0.049064 0.959894 0.049805 0.049780
0 0.049064 0.904739 0.049805 0.049780
0 0.145360 0.950160 0.049805 0.049780
0 0.132377 0.898251 0.049805 0.049780
0 0.200541 0.925828 0.049805 0.049780
0 0.222181 0.895006 0.049805 0.049780
0 0.294674 0.925828 0.049805 0.049780
0 0.367166 0.985848 0.049805 0.049780
0 0.403954 0.977737 0.049805 0.049780
0 0.497004 0.951783 0.049805 0.049780
0 0.487266 0.907984 0.049805 0.049780
0 0.573825 0.979360 0.049805 0.049780
0 0.601956 0.930694 0.049805 0.049780
0 0.616022 0.907984 0.049805 0.049780
0 0.591136 0.869052 0.049805 0.049780
0 0.595464 0.815520 0.049805 0.049780
0 0.650645 0.948538 0.049805 0.049780
0 0.711236 0.920961 0.049805 0.049780
0 0.408282 0.670740 0.049805 0.049780
0 0.481856 0.776182 0.049805 0.049780
0 0.243821 0.636674 0.049805 0.049780
0 0.679859 0.502034 0.049805 0.049780
0 0.679859 0.525555 0.049805 0.049780
0 0.675531 0.516633 0.049805 0.049780
0 0.671203 0.525555 0.049805 0.049780
0 0.709613 0.525555 0.049805 0.049780
0 0.717728 0.542588 0.049805 0.049780
0 0.631170 0.514200 0.049805 0.049780
0 0.534873 0.507711 0.049805 0.049780
0 0.629547 0.494734 0.049805 0.049780
0 0.633334 0.496356 0.049805 0.049780
0 0.706367 0.493923 0.049805 0.049780
0 0.699875 0.493923 0.049805 0.049780
0 0.383937 0.536910 0.049805 0.049780
0 0.395298 0.527988 0.049805 0.049780
0 0.378527 0.545021 0.049805 0.049780
0 0.360675 0.548266 0.049805 0.049780
0 0.320100 0.552321 0.049805 0.049780
0 0.769663 0.966382 0.049805 0.049780
0 0.745860 0.959894 0.049805 0.049780
0 0.768581 0.901495 0.049805 0.049780
0 0.750188 0.823631 0.049805 0.049780
0 0.704744 0.852830 0.049805 0.049780
0 0.723138 0.799298 0.049805 0.049780
0 0.707990 0.796053 0.049805 0.049780
0 0.660383 0.847963 0.049805 0.049780
0 0.789139 0.799298 0.049805 0.049780
0 0.651727 0.792809 0.049805 0.049780
0 0.645235 0.812275 0.049805 0.049780
0 0.696088 0.799298 0.049805 0.049780
0 0.749106 0.765232 0.049805 0.049780
0 0.781565 0.758743 0.049805 0.049780
0 0.960092 0.778210 0.049805 0.049780
0 0.978485 0.796053 0.049805 0.049780
0 0.978485 0.817142 0.049805 0.049780
0 0.976321 0.846341 0.049805 0.049780
0 0.959010 0.822008 0.049805 0.049780
0 0.949272 0.847963 0.049805 0.049780
0 0.929796 0.869052 0.049805 0.049780
0 0.924386 0.914473 0.049805 0.049780
0 0.845402 0.893384 0.049805 0.049780
0 0.818352 0.937183 0.049805 0.049780
0 0.837828 0.834986 0.049805 0.049780
0 0.861631 0.792809 0.049805 0.049780
0 0.874615 0.773343 0.049805 0.049780
0 0.083687 0.776587 0.049805 0.049780
0 0.844320 0.596525 0.049805 0.049780
0 0.190804 0.641946 0.049805 0.049780