0 0.033937 0.975838 0.050000 0.050000
0 0.190935 0.836227 0.050000 0.050000
0 0.268900 0.714474 0.050000 0.050000
0 0.250743 0.639799 0.050000 0.050000
0 0.293464 0.469344 0.050000 0.050000
0 0.124718 0.358955 0.050000 0.050000
0 0.095882 0.334604 0.050000 0.050000
0 0.015781 0.305383 0.050000 0.050000
0 0.002965 0.363825 0.050000 0.050000
0 0.042481 0.243695 0.050000 0.050000
0 0.030733 0.193370 0.050000 0.050000
0 0.028597 0.047266 0.050000 0.050000
0 0.006169 0.027786 0.050000 0.050000
0 0.104426 0.138175 0.050000 0.050000
0 0.108698 0.095968 0.050000 0.050000
0 0.142874 0.032656 0.050000 0.050000
0 0.205887 0.039149 0.050000 0.050000
0 0.183459 0.084604 0.050000 0.050000
0 0.153554 0.100838 0.050000 0.050000
0 0.246471 0.095968 0.050000 0.050000
0 0.233655 0.141422 0.050000 0.050000
0 0.177051 0.175513 0.050000 0.050000
0 0.169575 0.246942 0.050000 0.050000
0 0.233655 0.300513 0.050000 0.050000
0 0.289192 0.297266 0.050000 0.050000
0 0.312688 0.285903 0.050000 0.050000
0 0.331912 0.371942 0.050000 0.050000
0 0.401333 0.319994 0.050000 0.050000
0 0.465414 0.349214 0.050000 0.050000
0 0.397061 0.271292 0.050000 0.050000
0 0.448325 0.225838 0.050000 0.050000
0 0.488910 0.271292 0.050000 0.050000
0 0.547650 0.266422 0.050000 0.050000
0 0.566875 0.469344 0.050000 0.050000
0 0.612799 0.357331 0.050000 0.050000
0 0.692900 0.323240 0.050000 0.050000
0 0.732416 0.289149 0.050000 0.050000
0 0.781545 0.295643 0.050000 0.050000
0 0.808245 0.266422 0.050000 0.050000
0 0.873394 0.297266 0.050000 0.050000
0 0.933202 0.290773 0.050000 0.050000
0 0.885142 0.397916 0.050000 0.050000
0 0.936406 0.414149 0.050000 0.050000
0 0.995147 0.323240 0.050000 0.050000
0 0.987671 0.246942 0.050000 0.050000
0 0.997283 0.146292 0.050000 0.050000
0 0.975923 0.092721 0.050000 0.050000
0 0.959903 0.032656 0.050000 0.050000
0 0.946018 0.138175 0.050000 0.050000
0 0.921454 0.225838 0.050000 0.050000
0 0.881938 0.243695 0.050000 0.050000
0 0.875530 0.191747 0.050000 0.050000
0 0.892618 0.141422 0.050000 0.050000
0 0.857374 0.044019 0.050000 0.050000
0 0.923590 0.006682 0.050000 0.050000
0 0.826401 0.095968 0.050000 0.050000
0 0.781545 0.021292 0.050000 0.050000
0 0.818925 0.013175 0.050000 0.050000
0 0.729212 0.000188 0.050000 0.050000
0 0.730280 0.009929 0.050000 0.050000
0 0.714260 0.035903 0.050000 0.050000
0 0.664064 0.013175 0.050000 0.050000
0 0.632023 0.016422 0.050000 0.050000
0 0.632023 0.055383 0.050000 0.050000
0 0.656587 0.141422 0.050000 0.050000
0 0.672608 0.138175 0.050000 0.050000
0 0.758049 0.095968 0.050000 0.050000
0 0.762321 0.169019 0.050000 0.050000
0 0.693968 0.232331 0.050000 0.050000
0 0.669404 0.229084 0.050000 0.050000
0 0.642703 0.198240 0.050000 0.050000
0 0.636295 0.258305 0.050000 0.050000
0 0.593575 0.224214 0.050000 0.050000
0 0.592507 0.186877 0.050000 0.050000
0 0.581827 0.102461 0.050000 0.050000
0 0.560467 0.068370 0.050000 0.050000
0 0.577555 0.035903 0.050000 0.050000
0 0.500658 0.052136 0.050000 0.050000
0 0.513474 0.095968 0.050000 0.050000
0 0.484638 0.167396 0.050000 0.050000
0 0.520950 0.201487 0.050000 0.050000
0 0.449393 0.102461 0.050000 0.050000
0 0.406673 0.156032 0.050000 0.050000
0 0.378905 0.136552 0.050000 0.050000
0 0.369293 0.159279 0.050000 0.050000
0 0.327640 0.144669 0.050000 0.050000
0 0.274240 0.130058 0.050000 0.050000
0 0.290260 0.081357 0.050000 0.050000
0 0.330844 0.066747 0.050000 0.050000
0 0.371429 0.050513 0.050000 0.050000
0 0.336184 0.013175 0.050000 0.050000
0 0.285988 0.016422 0.050000 0.050000
0 0.391721 0.005058 0.050000 0.050000
0 0.460073 0.055383 0.050000 0.050000
0 0.406673 0.039149 0.050000 0.050000
0 0.752708 0.693370 0.050000 0.050000
0 0.789021 0.427136 0.050000 0.050000
0 0.002965 0.479084 0.050000 0.050000
0 0.104054 0.182878 0.050000 0.050000