0 0.458005 0.834358 0.049896 0.049774
0 0.493807 0.813254 0.049896 0.049774
0 0.554223 0.771046 0.049896 0.049774
0 0.056351 0.858709 0.049896 0.049774
0 0.094390 0.918774 0.049896 0.049774
0 0.143618 0.829488 0.049896 0.049774
0 0.169351 0.797020 0.049896 0.049774
0 0.225292 0.771046 0.049896 0.049774
0 0.262212 0.782410 0.049896 0.049774
0 0.349480 0.813254 0.049896 0.049774
0 0.397589 0.754813 0.049896 0.049774
0 0.593381 0.777540 0.049896 0.049774
0 0.638134 0.753189 0.049896 0.049774
0 0.696312 0.714228 0.049896 0.049774
0 0.743302 0.680137 0.049896 0.049774
0 0.755609 0.686631 0.049896 0.049774
0 0.747778 0.740202 0.049896 0.049774
0 0.780223 0.706111 0.049896 0.049774
0 0.808193 0.668774 0.049896 0.049774
0 0.819382 0.704488 0.049896 0.049774
0 0.835045 0.683384 0.049896 0.049774
0 0.871966 0.662280 0.049896 0.049774
0 0.839520 0.657410 0.049896 0.049774
0 0.914481 0.745072 0.049896 0.049774
0 0.899936 0.681761 0.049896 0.049774
0 0.915600 0.657410 0.049896 0.049774
0 0.941332 0.647670 0.049896 0.049774
0 0.960352 0.654163 0.049896 0.049774
0 0.941332 0.624942 0.049896 0.049774
0 0.916718 0.626566 0.049896 0.049774
0 0.959233 0.592475 0.049896 0.049774
0 0.951402 0.611955 0.049896 0.049774
0 0.917837 0.597345 0.049896 0.049774
0 0.878679 0.600592 0.049896 0.049774
0 0.866372 0.636306 0.049896 0.049774
0 0.820500 0.634683 0.049896 0.049774
0 0.797005 0.636306 0.049896 0.049774
0 0.765679 0.659033 0.049896 0.049774
0 0.758966 0.620072 0.049896 0.049774
0 0.744421 0.620072 0.049896 0.049774
0 0.732114 0.637929 0.049896 0.049774
0 0.697431 0.660657 0.049896 0.049774
0 0.685124 0.639553 0.049896 0.049774
0 0.695193 0.634683 0.049896 0.049774
0 0.717570 0.620072 0.049896 0.049774
0 0.701906 0.611955 0.049896 0.049774
0 0.671698 0.616826 0.049896 0.049774
0 0.086559 0.720722 0.049896 0.049774
0 0.146975 0.707735 0.049896 0.049774
0 0.124598 0.670397 0.049896 0.049774
0 0.111173 0.642800 0.049896 0.049774
0 0.073133 0.611955 0.049896 0.049774
0 0.041806 0.589228 0.049896 0.049774
0 0.061945 0.577865 0.049896 0.049774
0 0.103341 0.574618 0.049896 0.049774
0 0.149212 0.600592 0.049896 0.049774
0 0.133549 0.594098 0.049896 0.049774
0 0.133549 0.569748 0.049896 0.049774
0 0.136905 0.556761 0.049896 0.049774
0 0.124598 0.547020 0.049896 0.049774
0 0.133549 0.535657 0.049896 0.049774
0 0.164876 0.540527 0.049896 0.049774
0 0.165994 0.574618 0.049896 0.049774
0 0.181658 0.555137 0.049896 0.049774
0 0.169351 0.597345 0.049896 0.049774
0 0.190608 0.574618 0.049896 0.049774
0 0.176064 0.646046 0.049896 0.049774
0 0.185014 0.620072 0.049896 0.049774
0 0.150331 0.634683 0.049896 0.049774
0 0.209628 0.668774 0.049896 0.049774
0 0.234242 0.717475 0.049896 0.049774
0 0.255500 0.646046 0.049896 0.049774
0 0.242074 0.654163 0.049896 0.049774
0 0.243193 0.620072 0.049896 0.049774
0 0.230886 0.597345 0.049896 0.049774
0 0.258856 0.597345 0.049896 0.049774
0 0.280113 0.639553 0.049896 0.049774
0 0.294658 0.696371 0.049896 0.049774
0 0.262212 0.577865 0.049896 0.049774
0 0.247668 0.594098 0.049896 0.049774
0 0.252143 0.563254 0.049896 0.049774
0 0.245430 0.555137 0.049896 0.049774
0 0.339411 0.694748 0.049896 0.049774
0 0.357312 0.673644 0.049896 0.049774
0 0.351718 0.647670 0.049896 0.049774
0 0.324866 0.650916 0.049896 0.049774
0 0.320391 0.615202 0.049896 0.049774
0 0.299133 0.620072 0.049896 0.049774
0 0.391995 0.696371 0.049896 0.049774
0 0.464718 0.660657 0.049896 0.049774
0 0.481500 0.636306 0.049896 0.049774
0 0.494926 0.605462 0.049896 0.049774
0 0.461361 0.590852 0.049896 0.049774
0 0.450173 0.597345 0.049896 0.049774
0 0.426678 0.611955 0.049896 0.049774
0 0.418846 0.654163 0.049896 0.049774
0 0.393114 0.637929 0.049896 0.049774
0 0.390876 0.613579 0.049896 0.049774
0 0.374094 0.613579 0.049896 0.049774
0 0.358430 0.608709 0.049896 0.049774
0 0.339411 0.585981 0.049896 0.049774
0 0.323747 0.577865 0.049896 0.049774
0 0.333817 0.568124 0.049896 0.049774
0 0.319272 0.590852 0.049896 0.049774
0 0.298014 0.577865 0.049896 0.049774
0 0.040742 0.571777 0.049896 0.049774
0 0.049693 0.563660 0.049896 0.049774
0 0.077104 0.567718 0.049896 0.049774
0 0.071510 0.570153 0.049896 0.049774
0 0.072069 0.547426 0.049896 0.049774
0 0.081579 0.544991 0.049896 0.049774
0 0.081579 0.532004 0.049896 0.049774
0 0.081019 0.518205 0.049896 0.049774
0 0.070391 0.522264 0.049896 0.049774
0 0.062000 0.532004 0.049896 0.049774
0 0.055287 0.535251 0.049896 0.049774
0 0.040742 0.535251 0.049896 0.049774
0 0.040742 0.526322 0.049896 0.049774
0 0.043539 0.522264 0.049896 0.049774
0 0.044099 0.517394 0.049896 0.049774
0 0.063118 0.513335 0.049896 0.049774
0 0.056406 0.506842 0.049896 0.049774
0 0.093326 0.519017 0.049896 0.049774
0 0.092208 0.536063 0.049896 0.049774
0 0.098921 0.535251 0.049896 0.049774
0 0.093326 0.528757 0.049896 0.049774
0 0.098361 0.520641 0.049896 0.049774
0 0.106193 0.543368 0.049896 0.049774
0 0.112906 0.553108 0.049896 0.049774
0 0.100599 0.562037 0.049896 0.049774
0 0.128010 0.527946 0.049896 0.049774
0 0.120178 0.522264 0.049896 0.049774
0 0.114584 0.522264 0.049896 0.049774
0 0.111227 0.523887 0.049896 0.049774
0 0.114024 0.514959 0.049896 0.049774
0 0.131366 0.519017 0.049896 0.049774
0 0.143673 0.528757 0.049896 0.049774
0 0.138638 0.520641 0.049896 0.049774
0 0.153742 0.535251 0.049896 0.049774
0 0.147589 0.533628 0.049896 0.049774
0 0.156539 0.577459 0.049896 0.049774
0 0.154302 0.582329 0.049896 0.049774
0 0.210802 0.566095 0.049896 0.049774
0 0.192901 0.558790 0.049896 0.049774
0 0.241010 0.579082 0.049896 0.049774
0 0.221431 0.554731 0.049896 0.049774
0 0.223109 0.541744 0.049896 0.049774
0 0.236535 0.545803 0.049896 0.049774
0 0.205767 0.541744 0.049896 0.049774
0 0.231500 0.535251 0.049896 0.049774
0 0.225906 0.530381 0.049896 0.049774
0 0.217515 0.530381 0.049896 0.049774
0 0.208005 0.527946 0.049896 0.049774
0 0.195138 0.533628 0.049896 0.049774
0 0.185069 0.532004 0.049896 0.049774
0 0.164371 0.529569 0.049896 0.049774
0 0.161015 0.535251 0.049896 0.049774
0 0.177797 0.518205 0.049896 0.049774
0 0.228143 0.511712 0.049896 0.049774
0 0.217515 0.509277 0.049896 0.049774
0 0.248282 0.533628 0.049896 0.049774
0 0.258911 0.541744 0.049896 0.049774
0 0.264505 0.533628 0.049896 0.049774
0 0.263946 0.522264 0.049896 0.049774
0 0.249960 0.522264 0.049896 0.049774
0 0.291356 0.550673 0.049896 0.049774
0 0.292475 0.569342 0.049896 0.049774
0 0.304223 0.564472 0.049896 0.049774
0 0.304782 0.540933 0.049896 0.049774
0 0.297510 0.540933 0.049896 0.049774
0 0.300866 0.533628 0.049896 0.049774
0 0.306460 0.527946 0.049896 0.049774
0 0.290238 0.528757 0.049896 0.049774
0 0.294713 0.522264 0.049896 0.049774
0 0.276252 0.518205 0.049896 0.049774
0 0.268980 0.516582 0.049896 0.049774
0 0.323802 0.511712 0.049896 0.049774
0 0.280728 0.607491 0.049896 0.049774
0 0.325480 0.557166 0.049896 0.049774
0 0.334431 0.539309 0.049896 0.049774
0 0.347857 0.543368 0.049896 0.049774
0 0.345619 0.529569 0.049896 0.049774
0 0.353451 0.529569 0.049896 0.049774
0 0.351213 0.518205 0.049896 0.049774
0 0.374149 0.530381 0.049896 0.049774
0 0.366317 0.534439 0.049896 0.049774
0 0.371352 0.554731 0.049896 0.049774
0 0.381980 0.554731 0.049896 0.049774
0 0.385337 0.528757 0.049896 0.049774
0 0.393728 0.523887 0.049896 0.049774
0 0.385896 0.520641 0.049896 0.049774
0 0.390371 0.512524 0.049896 0.049774
0 0.399881 0.509277 0.049896 0.049774
0 0.420579 0.522264 0.049896 0.049774
0 0.428971 0.540933 0.049896 0.049774
0 0.355688 0.546615 0.049896 0.049774
0 0.354569 0.557978 0.049896 0.049774
0 0.348975 0.567718 0.049896 0.049774
0 0.359604 0.571777 0.049896 0.049774
0 0.379743 0.571777 0.049896 0.049774
0 0.391490 0.579082 0.049896 0.049774
0 0.390931 0.562037 0.049896 0.049774
0 0.409391 0.549050 0.049896 0.049774
0 0.402678 0.541744 0.049896 0.049774
0 0.409391 0.534439 0.049896 0.049774
0 0.421139 0.539309 0.049896 0.049774
0 0.429530 0.527946 0.049896 0.049774
0 0.439599 0.537686 0.049896 0.049774
0 0.455263 0.527946 0.049896 0.049774
0 0.450787 0.550673 0.049896 0.049774
0 0.392609 0.591257 0.049896 0.049774
0 0.409391 0.580705 0.049896 0.049774
0 0.421139 0.591257 0.049896 0.049774
0 0.434005 0.575835 0.049896 0.049774
0 0.434565 0.557166 0.049896 0.049774
0 0.418901 0.554731 0.049896 0.049774
0 0.353451 0.510900 0.049896 0.049774
0 0.346738 0.513335 0.049896 0.049774
0 0.336109 0.526322 0.049896 0.049774
0 0.313733 0.527946 0.049896 0.049774
0 0.414426 0.530381 0.049896 0.049774
0 0.463654 0.556355 0.049896 0.049774
0 0.478198 0.550673 0.049896 0.049774
0 0.471485 0.536063 0.049896 0.049774
0 0.474842 0.519017 0.049896 0.049774
0 0.465332 0.523076 0.049896 0.049774
0 0.490505 0.534439 0.049896 0.049774
0 0.497778 0.541744 0.049896 0.049774
0 0.487149 0.553108 0.049896 0.049774
0 0.482114 0.568530 0.049896 0.049774
0 0.489386 0.586387 0.049896 0.049774
0 0.492183 0.726809 0.049896 0.049774
0 0.355688 0.515770 0.049896 0.049774
0 0.278490 0.510089 0.049896 0.049774
0 0.284644 0.506030 0.049896 0.049774
0 0.246604 0.505218 0.049896 0.049774
0 0.256114 0.516582 0.049896 0.049774
0 0.256114 0.510900 0.049896 0.049774
0 0.258911 0.510900 0.049896 0.049774
0 0.246604 0.512524 0.049896 0.049774
0 0.211361 0.504407 0.049896 0.049774
0 0.175559 0.501160 0.049896 0.049774
0 0.173881 0.510089 0.049896 0.049774
0 0.402119 0.531192 0.049896 0.049774
0 0.427852 0.515770 0.049896 0.049774
0 0.458619 0.510089 0.049896 0.049774
0 0.496044 0.680137 0.049896 0.049774
0 0.507233 0.654163 0.049896 0.049774
0 0.534084 0.634683 0.049896 0.049774
0 0.511708 0.608709 0.049896 0.049774
0 0.509470 0.620072 0.049896 0.049774
0 0.543035 0.603839 0.049896 0.049774
0 0.562054 0.577865 0.049896 0.049774
0 0.575480 0.623319 0.049896 0.049774
0 0.564292 0.691501 0.049896 0.049774
0 0.537441 0.693124 0.049896 0.049774
0 0.529609 0.732085 0.049896 0.049774
0 0.574361 0.717475 0.049896 0.049774
0 0.609045 0.697994 0.049896 0.049774
0 0.617995 0.665527 0.049896 0.049774
0 0.623589 0.659033 0.049896 0.049774
0 0.594500 0.657410 0.049896 0.049774
0 0.600094 0.634683 0.049896 0.049774
0 0.624708 0.620072 0.049896 0.049774
0 0.610163 0.603839 0.049896 0.049774
0 0.600094 0.597345 0.049896 0.049774
0 0.619114 0.582735 0.049896 0.049774
0 0.626946 0.589228 0.049896 0.049774
0 0.609045 0.574618 0.049896 0.049774
0 0.603451 0.558384 0.049896 0.049774
0 0.617995 0.566501 0.049896 0.049774
0 0.680649 0.563254 0.049896 0.049774
0 0.648203 0.597345 0.049896 0.049774
0 0.680649 0.597345 0.049896 0.049774
0 0.573243 0.582735 0.049896 0.049774
0 0.652678 0.654163 0.049896 0.049774
0 0.639253 0.631436 0.049896 0.049774
0 0.658272 0.706111 0.049896 0.049774
0 0.639253 0.704488 0.049896 0.049774
0 0.666104 0.670397 0.049896 0.049774
0 0.707500 0.680137 0.049896 0.049774
0 0.761203 0.585981 0.049896 0.049774
0 0.715332 0.581111 0.049896 0.049774
0 0.709738 0.597345 0.049896 0.049774
0 0.729877 0.589228 0.049896 0.049774
0 0.728758 0.566501 0.049896 0.049774
0 0.742183 0.560007 0.049896 0.049774
0 0.728758 0.555137 0.049896 0.049774
0 0.700787 0.547020 0.049896 0.049774
0 0.696312 0.532410 0.049896 0.049774
0 0.705263 0.532410 0.049896 0.049774
0 0.686243 0.547020 0.049896 0.049774
0 0.516183 0.571371 0.049896 0.049774
0 0.497163 0.563254 0.049896 0.049774
0 0.503876 0.551891 0.049896 0.049774
0 0.519540 0.551891 0.049896 0.049774
0 0.530728 0.563254 0.049896 0.049774
0 0.534084 0.548644 0.049896 0.049774
0 0.540797 0.547020 0.049896 0.049774
0 0.555342 0.555137 0.049896 0.049774
0 0.582193 0.556761 0.049896 0.049774
0 0.777986 0.589228 0.049896 0.049774
0 0.772391 0.615202 0.049896 0.049774
0 0.800362 0.590852 0.049896 0.049774
0 0.823857 0.594098 0.049896 0.049774
0 0.836164 0.592475 0.049896 0.049774
0 0.843996 0.615202 0.049896 0.049774
0 0.855184 0.603839 0.049896 0.049774
0 0.849590 0.577865 0.049896 0.049774
0 0.871966 0.569748 0.049896 0.049774
0 0.923431 0.577865 0.049896 0.049774
0 0.933501 0.574618 0.049896 0.049774
0 0.946926 0.579488 0.049896 0.049774
0 0.950283 0.555137 0.049896 0.049774
0 0.943570 0.563254 0.049896 0.049774
0 0.929025 0.555137 0.049896 0.049774
0 0.932382 0.537280 0.049896 0.049774
0 0.941332 0.532410 0.049896 0.049774
0 0.943570 0.521046 0.049896 0.049774
0 0.956996 0.522670 0.049896 0.049774
0 0.912243 0.517800 0.049896 0.049774
0 0.893223 0.517800 0.049896 0.049774
0 0.883154 0.521046 0.049896 0.049774
0 0.877560 0.529163 0.049896 0.049774
0 0.861897 0.551891 0.049896 0.049774
0 0.906649 0.563254 0.049896 0.049774
0 0.893223 0.581111 0.049896 0.049774
0 0.898817 0.589228 0.049896 0.049774
0 0.886510 0.590852 0.049896 0.049774
0 0.366262 0.646046 0.049896 0.049774
0 0.357312 0.634683 0.049896 0.049774
0 0.230886 0.930137 0.049896 0.049774
0 0.563173 0.532410 0.049896 0.049774
0 0.590025 0.555137 0.049896 0.049774
0 0.628065 0.563254 0.049896 0.049774
0 0.643728 0.556761 0.049896 0.049774
0 0.649322 0.540527 0.049896 0.049774
0 0.569327 0.599374 0.049896 0.049774
0 0.576599 0.556355 0.049896 0.049774
0 0.566530 0.544991 0.049896 0.049774
0 0.573243 0.532004 0.049896 0.049774
0 0.582193 0.529569 0.049896 0.049774
0 0.600654 0.540933 0.049896 0.049774
0 0.614079 0.538498 0.049896 0.049774
0 0.614079 0.521452 0.049896 0.049774
0 0.613520 0.526322 0.049896 0.049774
0 0.249905 0.546615 0.049896 0.049774
0 0.340529 0.532816 0.049896 0.049774
0 0.502757 0.535251 0.049896 0.049774
0 0.487653 0.519829 0.049896 0.049774
0 0.496044 0.518205 0.049896 0.049774
0 0.516183 0.532004 0.049896 0.049774
0 0.499401 0.523887 0.049896 0.049774
0 0.503876 0.519829 0.049896 0.049774
0 0.504995 0.563660 0.049896 0.049774
0 0.527931 0.522264 0.049896 0.049774
0 0.530168 0.529569 0.049896 0.049774
0 0.564852 0.523887 0.049896 0.049774
0 0.539678 0.506842 0.049896 0.049774
0 0.592262 0.531192 0.049896 0.049774
0 0.575480 0.521452 0.049896 0.049774
0 0.641490 0.531192 0.049896 0.049774
0 0.649881 0.525511 0.049896 0.049774
0 0.634777 0.543368 0.049896 0.049774
0 0.676733 0.553920 0.049896 0.049774
0 0.667782 0.546615 0.049896 0.049774
0 0.660510 0.536874 0.049896 0.049774
0 0.669461 0.529569 0.049896 0.049774
0 0.665545 0.532004 0.049896 0.049774
0 0.665545 0.523887 0.049896 0.049774
0 0.658832 0.522264 0.049896 0.049774
0 0.546951 0.527946 0.049896 0.049774
0 0.551426 0.527946 0.049896 0.049774
0 0.557579 0.523887 0.049896 0.049774
0 0.539119 0.532004 0.049896 0.049774
0 0.523455 0.512524 0.049896 0.049774
0 0.598975 0.516582 0.049896 0.049774
0 0.656594 0.510089 0.049896 0.049774
0 0.679530 0.527946 0.049896 0.049774
0 0.671139 0.525511 0.049896 0.049774
0 0.681768 0.518205 0.049896 0.049774
0 0.692396 0.520641 0.049896 0.049774
0 0.732114 0.527134 0.049896 0.049774
0 0.743862 0.542556 0.049896 0.049774
0 0.752812 0.544991 0.049896 0.049774
0 0.753372 0.554731 0.049896 0.049774
0 0.764000 0.567718 0.049896 0.049774
0 0.746099 0.578270 0.049896 0.049774
0 0.696312 0.566907 0.049896 0.049774
0 0.657713 0.578270 0.049896 0.049774
0 0.739386 0.523887 0.049896 0.049774
0 0.763441 0.536874 0.049896 0.049774
0 0.771273 0.537686 0.049896 0.049774
0 0.755609 0.527134 0.049896 0.049774
0 0.747778 0.529569 0.049896 0.049774
0 0.747218 0.523887 0.049896 0.049774
0 0.758406 0.521452 0.049896 0.049774
0 0.762322 0.515770 0.049896 0.049774
0 0.759525 0.510900 0.049896 0.049774
0 0.605129 0.508465 0.049896 0.049774
0 0.614639 0.514147 0.049896 0.049774
0 0.682886 0.533628 0.049896 0.049774
0 0.715332 0.531192 0.049896 0.049774
0 0.720926 0.543368 0.049896 0.049774
0 0.721485 0.553920 0.049896 0.049774
0 0.756728 0.597751 0.049896 0.049774
0 0.781901 0.561225 0.049896 0.049774
0 0.798124 0.557978 0.049896 0.049774
0 0.770713 0.549050 0.049896 0.049774
0 0.779664 0.549861 0.049896 0.049774
0 0.781342 0.542556 0.049896 0.049774
0 0.780783 0.532816 0.049896 0.049774
0 0.786936 0.527134 0.049896 0.049774
0 0.772951 0.521452 0.049896 0.049774
0 0.769035 0.522264 0.049896 0.049774
0 0.787495 0.508465 0.049896 0.049774
0 0.814906 0.510089 0.049896 0.049774
0 0.835604 0.519829 0.049896 0.049774
0 0.850149 0.514147 0.049896 0.049774
0 0.906649 0.549050 0.049896 0.049774
0 0.901614 0.543368 0.049896 0.049774
0 0.862456 0.540933 0.049896 0.049774
0 0.852387 0.544991 0.049896 0.049774
0 0.851268 0.557978 0.049896 0.049774
0 0.830570 0.533628 0.049896 0.049774
0 0.816585 0.544179 0.049896 0.049774
0 0.823297 0.571777 0.049896 0.049774
0 0.815466 0.554731 0.049896 0.049774
0 0.813228 0.573400 0.049896 0.049774
0 0.821060 0.580705 0.049896 0.049774
0 0.792530 0.536874 0.049896 0.049774
0 0.798684 0.514959 0.049896 0.049774
0 0.793649 0.512524 0.049896 0.049774
0 0.751134 0.510089 0.049896 0.049774
0 0.927347 0.525511 0.049896 0.049774
0 0.914481 0.546615 0.049896 0.049774
0 0.885392 0.557978 0.049896 0.049774
0 0.831129 0.552296 0.049896 0.049774
0 0.842317 0.557978 0.049896 0.049774
0 0.803718 0.563660 0.049896 0.049774
0 0.833367 0.575024 0.049896 0.049774
0 0.912243 0.523887 0.049896 0.049774
0 0.900496 0.625348 0.049896 0.049774
0 0.893783 0.602621 0.049896 0.049774
0 0.683446 0.617231 0.049896 0.049774
0 0.836723 0.530381 0.049896 0.049774
0 0.953584 0.566095 0.049896 0.049774
0 0.964213 0.554731 0.049896 0.049774
0 0.954703 0.539309 0.049896 0.049774
0 0.882540 0.540121 0.049896 0.049774
0 0.859045 0.522264 0.049896 0.049774
0 0.819327 0.514959 0.049896 0.049774
0 0.812614 0.528757 0.049896 0.049774
0 0.804782 0.516582 0.049896 0.049774
0 0.840025 0.523887 0.049896 0.049774
0 0.762827 0.553108 0.049896 0.049774
0 0.794153 0.573400 0.049896 0.049774
0 0.710802 0.544991 0.049896 0.049774
0 0.666609 0.505218 0.049896 0.049774
0 0.669406 0.505218 0.049896 0.049774
0 0.662693 0.505218 0.049896 0.049774
0 0.679475 0.490608 0.049896 0.049774
0 0.153866 0.518149 0.049896 0.049774
0 0.165854 0.513800 0.049896 0.049774
0 0.150869 0.508002 0.049896 0.049774
0 0.143876 0.512350 0.049896 0.049774
0 0.103916 0.510901 0.049896 0.049774
0 0.092927 0.506552 0.049896 0.049774
0 0.293727 0.509451 0.049896 0.049774
0 0.298722 0.509451 0.049896 0.049774
0 0.304716 0.509451 0.049896 0.049774
0 0.307713 0.512350 0.049896 0.049774
0 0.075695 0.512350 0.049896 0.049774
0 0.076194 0.506552 0.049896 0.049774
0 0.069201 0.514525 0.049896 0.049774
0 0.066204 0.506552 0.049896 0.049774
0 0.097173 0.510901 0.049896 0.049774
0 0.098672 0.501479 0.049896 0.049774
0 0.104166 0.504378 0.049896 0.049774
0 0.112658 0.505103 0.049896 0.049774
0 0.110160 0.510901 0.049896 0.049774
0 0.116654 0.508002 0.049896 0.049774
0 0.124646 0.510901 0.049896 0.049774
0 0.121649 0.503653 0.049896 0.049774
0 0.126144 0.508727 0.049896 0.049774
0 0.132138 0.507277 0.049896 0.049774
0 0.138132 0.504378 0.049896 0.049774
0 0.143127 0.506552 0.049896 0.049774
0 0.140130 0.508727 0.049896 0.049774
0 0.158612 0.508727 0.049896 0.049774
0 0.161609 0.510176 0.049896 0.049774
0 0.162108 0.502928 0.049896 0.049774
0 0.157613 0.502928 0.049896 0.049774
0 0.169101 0.508002 0.049896 0.049774
0 0.169601 0.514525 0.049896 0.049774
0 0.182088 0.505828 0.049896 0.049774
0 0.184086 0.512350 0.049896 0.049774
0 0.185585 0.518873 0.049896 0.049774
0 0.190580 0.509451 0.049896 0.049774
0 0.194576 0.510901 0.049896 0.049774
0 0.192578 0.518149 0.049896 0.049774
0 0.197573 0.518873 0.049896 0.049774
0 0.201069 0.515249 0.049896 0.049774
0 0.201069 0.507277 0.049896 0.049774
0 0.206064 0.514525 0.049896 0.049774
0 0.211559 0.514525 0.049896 0.049774
0 0.219551 0.518149 0.049896 0.049774
0 0.216054 0.518873 0.049896 0.049774
0 0.227043 0.520323 0.049896 0.049774
0 0.223047 0.512350 0.049896 0.049774
0 0.223047 0.503653 0.049896 0.049774
0 0.227043 0.502204 0.049896 0.049774
0 0.232038 0.503653 0.049896 0.049774
0 0.235535 0.502204 0.049896 0.049774
0 0.233537 0.513075 0.049896 0.049774
0 0.233037 0.521772 0.049896 0.049774
0 0.237533 0.522497 0.049896 0.049774
0 0.240030 0.513800 0.049896 0.049774
0 0.241529 0.526121 0.049896 0.049774
0 0.245525 0.520323 0.049896 0.049774
0 0.261009 0.504378 0.049896 0.049774
0 0.267503 0.508727 0.049896 0.049774
0 0.272498 0.505828 0.049896 0.049774
0 0.279990 0.502928 0.049896 0.049774
0 0.287483 0.501479 0.049896 0.049774
0 0.290979 0.505103 0.049896 0.049774
0 0.285984 0.527570 0.049896 0.049774
0 0.282488 0.535543 0.049896 0.049774
0 0.276993 0.539891 0.049896 0.049774
0 0.277992 0.550038 0.049896 0.049774
0 0.295475 0.513800 0.049896 0.049774
0 0.300969 0.518873 0.049896 0.049774
0 0.306963 0.515974 0.049896 0.049774
0 0.311459 0.506552 0.049896 0.049774
0 0.302468 0.506552 0.049896 0.049774
0 0.315455 0.510901 0.049896 0.049774
0 0.319451 0.507277 0.049896 0.049774
0 0.324446 0.502928 0.049896 0.049774
0 0.328941 0.505103 0.049896 0.049774
0 0.332937 0.506552 0.049896 0.049774
0 0.332438 0.516699 0.049896 0.049774
0 0.326444 0.525396 0.049896 0.049774
0 0.339930 0.515249 0.049896 0.049774
0 0.338931 0.506552 0.049896 0.049774
0 0.347423 0.505828 0.049896 0.049774
0 0.354915 0.506552 0.049896 0.049774
0 0.363407 0.509451 0.049896 0.049774
0 0.363407 0.515249 0.049896 0.049774
0 0.363407 0.525396 0.049896 0.049774
0 0.369401 0.524671 0.049896 0.049774
0 0.374895 0.522497 0.049896 0.049774
0 0.372897 0.517424 0.049896 0.049774
0 0.372398 0.505828 0.049896 0.049774
0 0.369401 0.510901 0.049896 0.049774
0 0.377393 0.509451 0.049896 0.049774
0 0.380889 0.515249 0.049896 0.049774
0 0.379890 0.523947 0.049896 0.049774
0 0.409860 0.515249 0.049896 0.049774
0 0.406863 0.508727 0.049896 0.049774
0 0.403866 0.521048 0.049896 0.049774
0 0.412358 0.520323 0.049896 0.049774
0 0.416354 0.513075 0.049896 0.049774
0 0.422348 0.516699 0.049896 0.049774
0 0.433337 0.520323 0.049896 0.049774
0 0.440829 0.517424 0.049896 0.049774
0 0.435335 0.524671 0.049896 0.049774
0 0.437333 0.510901 0.049896 0.049774
0 0.440330 0.510901 0.049896 0.049774
0 0.448322 0.521772 0.049896 0.049774
0 0.443327 0.526121 0.049896 0.049774
0 0.450819 0.518873 0.049896 0.049774
0 0.454316 0.514525 0.049896 0.049774
0 0.456813 0.515249 0.049896 0.049774
0 0.460809 0.516699 0.049896 0.049774
0 0.467802 0.510176 0.049896 0.049774
0 0.468302 0.518149 0.049896 0.049774
0 0.474795 0.511626 0.049896 0.049774
0 0.480540 0.511626 0.049896 0.049774
0 0.485535 0.508727 0.049896 0.049774
0 0.492028 0.511626 0.049896 0.049774
0 0.503017 0.512350 0.049896 0.049774
0 0.500520 0.507277 0.049896 0.049774
0 0.508012 0.506552 0.049896 0.049774
0 0.513507 0.510176 0.049896 0.049774
0 0.520000 0.512350 0.049896 0.049774
0 0.517003 0.518149 0.049896 0.049774
0 0.519501 0.527570 0.049896 0.049774
0 0.531988 0.513800 0.049896 0.049774
0 0.535984 0.518149 0.049896 0.049774
0 0.540979 0.513075 0.049896 0.049774
0 0.546474 0.513075 0.049896 0.049774
0 0.553467 0.513800 0.049896 0.049774
0 0.558961 0.510176 0.049896 0.049774
0 0.561459 0.506552 0.049896 0.049774
0 0.562957 0.513075 0.049896 0.049774
0 0.568951 0.508727 0.049896 0.049774
0 0.573447 0.509451 0.049896 0.049774
0 0.579940 0.510176 0.049896 0.049774
0 0.586434 0.510901 0.049896 0.049774
0 0.585934 0.517424 0.049896 0.049774
0 0.591928 0.510901 0.049896 0.049774
0 0.598921 0.508002 0.049896 0.049774
0 0.603916 0.512350 0.049896 0.049774
0 0.620899 0.512350 0.049896 0.049774
0 0.632887 0.510901 0.049896 0.049774
0 0.637882 0.510901 0.049896 0.049774
0 0.643377 0.510901 0.049896 0.049774
0 0.644376 0.505103 0.049896 0.049774
0 0.647872 0.511626 0.049896 0.049774
0 0.645874 0.521772 0.049896 0.049774
0 0.664356 0.515249 0.049896 0.049774
0 0.669850 0.511626 0.049896 0.049774
0 0.679341 0.508727 0.049896 0.049774
0 0.684835 0.496406 0.049896 0.049774
0 0.691329 0.505103 0.049896 0.049774
0 0.698821 0.510901 0.049896 0.049774
0 0.701818 0.519598 0.049896 0.049774
0 0.709311 0.513800 0.049896 0.049774
0 0.713806 0.509451 0.049896 0.049774
0 0.720300 0.510176 0.049896 0.049774
0 0.722797 0.520323 0.049896 0.049774
0 0.727293 0.513800 0.049896 0.049774
0 0.735285 0.512350 0.049896 0.049774
0 0.743776 0.512350 0.049896 0.049774
0 0.796224 0.526846 0.049896 0.049774
0 0.805215 0.526121 0.049896 0.049774
0 0.784236 0.522497 0.049896 0.049774
0 0.780240 0.513800 0.049896 0.049774
0 0.772748 0.514525 0.049896 0.049774