0 0.130163 0.648105 0.049805 0.049479
0 0.111556 0.730166 0.049805 0.049479
0 0.201728 0.720624 0.049805 0.049479
0 0.324819 0.919097 0.049805 0.049479
0 0.320525 0.514517 0.049805 0.049479
0 0.264705 0.375204 0.049805 0.049479
0 0.333407 0.226349 0.049805 0.049479
0 0.370621 0.295052 0.049805 0.049479
0 0.466518 0.501158 0.049805 0.049479
0 0.473674 0.609937 0.049805 0.049479
0 0.618235 0.188181 0.049805 0.049479
0 0.633980 0.180548 0.049805 0.049479
0 0.605354 0.161464 0.049805 0.049479
0 0.649724 0.247342 0.049805 0.049479
0 0.686938 0.283601 0.049805 0.049479
0 0.715563 0.274059 0.049805 0.049479
0 0.953159 0.058410 0.049805 0.049479
0 0.976060 0.102303 0.049805 0.049479
0 0.994667 0.172914 0.049805 0.049479
0 0.766971 0.019765 0.049805 0.049479
0 0.725463 0.039803 0.049805 0.049479
0 0.698984 0.019765 0.049805 0.049479
0 0.743355 0.036941 0.049805 0.049479