0 0.135755 0.706711 0.049805 0.048611
0 0.164726 0.680071 0.049805 0.048611
0 0.184706 0.667639 0.049805 0.048611
0 0.252638 0.738679 0.049805 0.048611
0 0.211679 0.504246 0.049805 0.048611
0 0.184706 0.475830 0.049805 0.048611
0 0.142748 0.426102 0.049805 0.048611
0 0.146744 0.275142 0.049805 0.048611
0 0.136754 0.241398 0.049805 0.048611
0 0.244646 0.479382 0.049805 0.048611
0 0.252638 0.319542 0.049805 0.048611
0 0.320570 0.490038 0.049805 0.048611
0 0.337553 0.625015 0.049805 0.048611
0 0.373517 0.752887 0.049805 0.048611
0 0.426465 0.664087 0.049805 0.048611
0 0.410481 0.569959 0.049805 0.048611
0 0.372518 0.461622 0.049805 0.048611
0 0.336554 0.426102 0.049805 0.048611
0 0.332558 0.315990 0.049805 0.048611
0 0.406485 0.287574 0.049805 0.048611
0 0.484407 0.285798 0.049805 0.048611
0 0.443448 0.525558 0.049805 0.048611
0 0.448443 0.490038 0.049805 0.048611
0 0.509382 0.566407 0.049805 0.048611
0 0.567324 0.610807 0.049805 0.048611
0 0.590301 0.632119 0.049805 0.048611
0 0.572319 0.829255 0.049805 0.048611
0 0.556335 0.852343 0.049805 0.048611
0 0.680211 0.862999 0.049805 0.048611
0 0.716175 0.580615 0.049805 0.048611
0 0.721170 0.447414 0.049805 0.048611
0 0.581310 0.497142 0.049805 0.048611
0 0.480411 0.220086 0.049805 0.048611
0 0.448443 0.218310 0.049805 0.048611
0 0.373517 0.175686 0.049805 0.048611
0 0.271619 0.147270 0.049805 0.048611
0 0.464427 0.149046 0.049805 0.048611
0 0.515376 0.141942 0.049805 0.048611
0 0.502389 0.175686 0.049805 0.048611