0 0.123878 0.914512 0.049805 0.049608
0 0.071068 0.876144 0.049805 0.049608
0 0.013666 0.957485 0.049805 0.049608
0 0.228350 0.945207 0.049805 0.049608
0 0.253607 0.893026 0.049805 0.049608
0 0.153727 0.823964 0.049805 0.049608
0 0.180132 0.704255 0.049805 0.049608
0 0.116990 0.638262 0.049805 0.049608
0 0.075660 0.592220 0.049805 0.049608
0 0.036627 0.612172 0.049805 0.049608
0 0.005629 0.639797 0.049805 0.049608
0 0.002185 0.524693 0.049805 0.049608
0 0.036627 0.481720 0.049805 0.049608
0 0.091733 0.524693 0.049805 0.049608
0 0.119286 0.489394 0.049805 0.049608
0 0.158320 0.550783 0.049805 0.049608
0 0.223758 0.647470 0.049805 0.049608
0 0.281160 0.718068 0.049805 0.049608
0 0.289197 0.599894 0.049805 0.049608
0 0.390225 0.966693 0.049805 0.049608
0 0.471736 0.951346 0.049805 0.049608
0 0.429258 0.902235 0.049805 0.049608
0 0.408593 0.813221 0.049805 0.049608
0 0.390225 0.724207 0.049805 0.049608
0 0.381040 0.635193 0.049805 0.049608
0 0.327082 0.546179 0.049805 0.049608
0 0.393669 0.546179 0.049805 0.049608
0 0.337415 0.489394 0.049805 0.049608
0 0.290345 0.474047 0.049805 0.049608
0 0.238683 0.467908 0.049805 0.049608
0 0.201945 0.467908 0.049805 0.049608
0 0.214574 0.398845 0.049805 0.049608
0 0.141099 0.398845 0.049805 0.049608
0 0.111250 0.362012 0.049805 0.049608
0 0.030886 0.355873 0.049805 0.049608
0 0.010222 0.438748 0.049805 0.049608
0 0.020554 0.272998 0.049805 0.049608
0 0.049255 0.283741 0.049805 0.049608
0 0.116990 0.296019 0.049805 0.049608
0 0.229498 0.354338 0.049805 0.049608
0 0.205389 0.315970 0.049805 0.049608
0 0.267384 0.355873 0.049805 0.049608
0 0.328230 0.377359 0.049805 0.049608
0 0.371856 0.421866 0.049805 0.049608
0 0.460255 0.535436 0.049805 0.049608
0 0.477476 0.392706 0.049805 0.049608
0 0.421222 0.372755 0.049805 0.049608
0 0.499289 0.622915 0.049805 0.049608
0 0.523398 0.820894 0.049805 0.049608
0 0.585392 0.785596 0.049805 0.049608
0 0.642795 0.871540 0.049805 0.049608
0 0.677236 0.836241 0.049805 0.049608
0 0.589985 0.691977 0.049805 0.049608
0 0.581948 0.564595 0.049805 0.049608
0 0.506177 0.543109 0.049805 0.049608
0 0.529138 0.381963 0.049805 0.049608
0 0.586540 0.418797 0.049805 0.049608
0 0.563580 0.397310 0.049805 0.049608
0 0.625574 0.452560 0.049805 0.049608
0 0.640499 0.586081 0.049805 0.049608
0 0.784004 0.820894 0.049805 0.049608
0 0.746119 0.762575 0.049805 0.049608
0 0.832222 0.894561 0.049805 0.049608
0 0.974580 0.966693 0.049805 0.049608
0 0.944731 0.859262 0.049805 0.049608
0 0.937842 0.757971 0.049805 0.049608
0 0.983764 0.713464 0.049805 0.049608
0 0.974580 0.625984 0.049805 0.049608
0 0.905697 0.679700 0.049805 0.049608
0 0.857479 0.644401 0.049805 0.049608
0 0.786300 0.691977 0.049805 0.049608
0 0.813853 0.664352 0.049805 0.049608
0 0.769080 0.578408 0.049805 0.049608
0 0.796633 0.556922 0.049805 0.049608
0 0.701345 0.618311 0.049805 0.049608
0 0.689865 0.553852 0.049805 0.049608
0 0.654275 0.518554 0.049805 0.049608
0 0.653127 0.474047 0.049805 0.049608
0 0.692161 0.400380 0.049805 0.049608
0 0.720862 0.386567 0.049805 0.049608
0 0.731194 0.489394 0.049805 0.049608
0 0.770228 0.463304 0.049805 0.049608
0 0.793189 0.403449 0.049805 0.049608
0 0.823038 0.403449 0.049805 0.049608
0 0.835666 0.351269 0.049805 0.049608
0 0.856331 0.446422 0.049805 0.049608
0 0.888476 0.464838 0.049805 0.049608
0 0.864367 0.538505 0.049805 0.049608
0 0.957359 0.561526 0.049805 0.049608
0 0.980320 0.484790 0.049805 0.049608
0 0.928658 0.521623 0.049805 0.049608
0 0.942435 0.454095 0.049805 0.049608
0 0.945879 0.349734 0.049805 0.049608
0 0.955063 0.296019 0.049805 0.049608
0 0.989504 0.317505 0.049805 0.049608
0 0.898809 0.332852 0.049805 0.049608
0 0.898809 0.375824 0.049805 0.049608
0 0.823038 0.272998 0.049805 0.049608
0 0.845999 0.269928 0.049805 0.049608
0 0.859775 0.237699 0.049805 0.049608
0 0.886180 0.210074 0.049805 0.049608
0 0.754155 0.279137 0.049805 0.049608
0 0.674940 0.349734 0.049805 0.049608
0 0.634758 0.328248 0.049805 0.049608
0 0.591133 0.319040 0.049805 0.049608
0 0.525694 0.296019 0.049805 0.049608
0 0.439591 0.296019 0.049805 0.049608
0 0.359227 0.311366 0.049805 0.049608
0 0.395965 0.265324 0.049805 0.049608
0 0.438443 0.257651 0.049805 0.049608
0 0.398261 0.234630 0.049805 0.049608
0 0.337415 0.234630 0.049805 0.049608
0 0.366116 0.208539 0.049805 0.049608
0 0.328230 0.319040 0.049805 0.049608
0 0.285753 0.306762 0.049805 0.049608
0 0.234091 0.266859 0.049805 0.049608
0 0.260496 0.219282 0.049805 0.049608
0 0.229498 0.183984 0.049805 0.049608
0 0.212278 0.222352 0.049805 0.049608
0 0.165208 0.208539 0.049805 0.049608
0 0.143395 0.254581 0.049805 0.049608
0 0.125026 0.216213 0.049805 0.049608
0 0.080252 0.242303 0.049805 0.049608
0 0.065328 0.203935 0.049805 0.049608
0 0.020554 0.187053 0.049805 0.049608
0 0.048107 0.137942 0.049805 0.049608
0 0.089437 0.176310 0.049805 0.049608
0 0.139951 0.168637 0.049805 0.049608
0 0.139951 0.133338 0.049805 0.049608
0 0.208834 0.133338 0.049805 0.049608
0 0.254755 0.108782 0.049805 0.049608
0 0.135359 0.098039 0.049805 0.049608
0 0.066476 0.122595 0.049805 0.049608
0 0.082548 0.090366 0.049805 0.049608
0 0.025146 0.101109 0.049805 0.049608
0 0.001037 0.091900 0.049805 0.049608
0 0.018258 0.059671 0.049805 0.049608
0 0.013666 0.004421 0.049805 0.049608
0 0.038923 0.004421 0.049805 0.049608
0 0.066476 0.048928 0.049805 0.049608
0 0.095177 0.062741 0.049805 0.049608
0 0.098621 0.010560 0.049805 0.049608
0 0.119286 0.016699 0.049805 0.049608
0 0.173244 0.062741 0.049805 0.049608
0 0.184725 0.048928 0.049805 0.049608
0 0.157171 0.012095 0.049805 0.049608
0 0.185873 0.016699 0.049805 0.049608
0 0.226054 0.047393 0.049805 0.049608
0 0.242127 0.073484 0.049805 0.049608
0 0.273124 0.079623 0.049805 0.049608
0 0.271976 0.019768 0.049805 0.049608
0 0.247867 0.012095 0.049805 0.049608
0 0.294937 0.021303 0.049805 0.049608
0 0.316750 0.094970 0.049805 0.049608
0 0.298381 0.075018 0.049805 0.049608
0 0.306417 0.133338 0.049805 0.049608
0 0.276568 0.156359 0.049805 0.049608
0 0.307565 0.180914 0.049805 0.049608
0 0.342007 0.137942 0.049805 0.049608
0 0.370708 0.165567 0.049805 0.049608
0 0.385633 0.122595 0.049805 0.049608
0 0.385633 0.065810 0.049805 0.049608
0 0.343155 0.076553 0.049805 0.049608
0 0.342007 0.030511 0.049805 0.049608
0 0.348895 0.010560 0.049805 0.049608
0 0.116990 0.988179 0.049805 0.049608
0 0.587689 0.265324 0.049805 0.049608
0 0.547507 0.291414 0.049805 0.049608
0 0.552099 0.240769 0.049805 0.049608
0 0.505029 0.240769 0.049805 0.049608
0 0.492401 0.199331 0.049805 0.049608
0 0.480920 0.154824 0.049805 0.049608
0 0.439591 0.162498 0.049805 0.049608
0 0.429258 0.104178 0.049805 0.049608
0 0.447627 0.111852 0.049805 0.049608
0 0.469440 0.090366 0.049805 0.049608
0 0.420074 0.055067 0.049805 0.049608
0 0.449923 0.058136 0.049805 0.049608
0 0.404001 0.009025 0.049805 0.049608
0 0.381040 0.032046 0.049805 0.049608
0 0.330526 0.047393 0.049805 0.049608
0 0.315602 0.036650 0.049805 0.049608
0 0.316750 0.062741 0.049805 0.049608
0 0.444183 0.021303 0.049805 0.049608
0 0.414334 0.004421 0.049805 0.049608
0 0.462552 0.009025 0.049805 0.049608
0 0.482068 0.019768 0.049805 0.049608
0 0.492401 0.047393 0.049805 0.049608
0 0.513066 0.030511 0.049805 0.049608
0 0.495845 0.005956 0.049805 0.049608
0 0.515362 0.070414 0.049805 0.049608
0 0.537175 0.070414 0.049805 0.049608
0 0.527990 0.122595 0.049805 0.049608
0 0.513066 0.122595 0.049805 0.049608
0 0.519954 0.159428 0.049805 0.049608
0 0.563580 0.167102 0.049805 0.049608
0 0.584244 0.145616 0.049805 0.049608
0 0.552099 0.133338 0.049805 0.049608
0 0.581948 0.068879 0.049805 0.049608
0 0.588837 0.025907 0.049805 0.049608
0 0.600317 0.019768 0.049805 0.049608
0 0.568172 0.019768 0.049805 0.049608
0 0.545211 0.016699 0.049805 0.049608
0 0.624426 0.022838 0.049805 0.049608
0 0.632462 0.042789 0.049805 0.049608
0 0.606057 0.090366 0.049805 0.049608
0 0.610649 0.144081 0.049805 0.049608
0 0.650831 0.173241 0.049805 0.049608
0 0.673792 0.237699 0.049805 0.049608
0 0.634758 0.257651 0.049805 0.049608
0 0.593429 0.202400 0.049805 0.049608
0 0.719714 0.302158 0.049805 0.049608
0 0.794337 0.354338 0.049805 0.049608
0 0.785152 0.213144 0.049805 0.049608
0 0.763339 0.213144 0.049805 0.049608
0 0.758747 0.167102 0.049805 0.049608
0 0.780560 0.165567 0.049805 0.049608
0 0.722010 0.165567 0.049805 0.049608
0 0.689865 0.183984 0.049805 0.049608
0 0.670348 0.127199 0.049805 0.049608
0 0.692161 0.114921 0.049805 0.049608
0 0.726602 0.117991 0.049805 0.049608
0 0.754155 0.068879 0.049805 0.049608
0 0.750711 0.030511 0.049805 0.049608
0 0.718566 0.062741 0.049805 0.049608
0 0.677236 0.062741 0.049805 0.049608
0 0.646239 0.122595 0.049805 0.049608
0 0.665756 0.005956 0.049805 0.049608
0 0.687568 0.033581 0.049805 0.049608
0 0.708233 0.022838 0.049805 0.049608
0 0.816150 0.025907 0.049805 0.049608
0 0.816150 0.065810 0.049805 0.049608
0 0.810409 0.091900 0.049805 0.049608
0 0.832222 0.150220 0.049805 0.049608
0 0.914881 0.148685 0.049805 0.049608
0 0.867812 0.096505 0.049805 0.049608
0 0.866664 0.062741 0.049805 0.049608
0 0.886180 0.090366 0.049805 0.049608
0 0.839110 0.055067 0.049805 0.049608
0 0.858627 0.022838 0.049805 0.049608
0 0.819594 0.004421 0.049805 0.049608
0 0.950471 0.044324 0.049805 0.049608
0 0.972284 0.036650 0.049805 0.049608
0 0.979172 0.111852 0.049805 0.049608
0 0.966544 0.154824 0.049805 0.049608
0 0.943583 0.136407 0.049805 0.049608
0 0.922918 0.102643 0.049805 0.049608
0 0.922918 0.084227 0.049805 0.049608
0 0.930954 0.199331 0.049805 0.049608
0 0.964247 0.253046 0.049805 0.049608
0 0.979172 0.219282 0.049805 0.049608
0 0.997541 0.087296 0.049805 0.049608
0 0.773672 0.055067 0.049805 0.049608
0 0.839110 0.202400 0.049805 0.049608
0 0.896513 0.616776 0.049805 0.049608
0 0.942435 0.009025 0.049805 0.049608
0 0.916021 0.269099 0.049805 0.049608