0 0.025388 0.520191 0.049805 0.050000
0 0.047870 0.434922 0.049805 0.050000
0 0.006815 0.434922 0.049805 0.050000
0 0.014635 0.186531 0.049805 0.050000
0 0.062533 0.249556 0.049805 0.050000
0 0.088926 0.256971 0.049805 0.050000
0 0.118252 0.229166 0.049805 0.050000
0 0.110432 0.275507 0.049805 0.050000
0 0.101634 0.307019 0.049805 0.050000
0 0.054713 0.301458 0.049805 0.050000
0 0.037118 0.340385 0.049805 0.050000
0 0.053736 0.366337 0.049805 0.050000
0 0.150510 0.305166 0.049805 0.050000
0 0.166150 0.347800 0.049805 0.050000
0 0.143667 0.418239 0.049805 0.050000
0 0.164195 0.479410 0.049805 0.050000
0 0.126072 0.510922 0.049805 0.050000
0 0.219913 0.494239 0.049805 0.050000
0 0.245329 0.412678 0.049805 0.050000
0 0.279542 0.488678 0.049805 0.050000
0 0.190588 0.383020 0.049805 0.050000
0 0.217958 0.334824 0.049805 0.050000
0 0.286385 0.318141 0.049805 0.050000
0 0.303002 0.288483 0.049805 0.050000
0 0.346013 0.327410 0.049805 0.050000
0 0.331350 0.381166 0.049805 0.050000
0 0.328418 0.579508 0.049805 0.050000
0 0.375339 0.712971 0.049805 0.050000
0 0.443765 0.653654 0.049805 0.050000
0 0.392934 0.484971 0.049805 0.050000
0 0.419327 0.388581 0.049805 0.050000
0 0.477000 0.383020 0.049805 0.050000
0 0.505348 0.520191 0.049805 0.050000
0 0.574752 0.609166 0.049805 0.050000
0 0.705739 0.336678 0.049805 0.050000
0 0.672504 0.813069 0.049805 0.050000
0 0.849434 0.488678 0.049805 0.050000
0 0.840637 0.887216 0.049805 0.050000
0 0.425192 0.192092 0.049805 0.050000
0 0.411507 0.216190 0.049805 0.050000
0 0.379249 0.223605 0.049805 0.050000
0 0.324508 0.214336 0.049805 0.050000
0 0.301047 0.231019 0.049805 0.050000
0 0.774166 0.138336 0.049805 0.050000
0 0.808379 0.062336 0.049805 0.050000
0 0.798604 0.101263 0.049805 0.050000
0 0.829884 0.119800 0.049805 0.050000
0 0.816199 0.166141 0.049805 0.050000
0 0.852367 0.177263 0.049805 0.050000
0 0.789806 0.253263 0.049805 0.050000
0 0.757548 0.307019 0.049805 0.050000
0 0.742885 0.336678 0.049805 0.050000
0 0.865075 0.381166 0.049805 0.050000
0 0.902220 0.281068 0.049805 0.050000
0 0.960871 0.236580 0.049805 0.050000
0 0.983354 0.108678 0.049805 0.050000
0 0.995084 0.060482 0.049805 0.050000
0 0.935456 0.064190 0.049805 0.050000
0 0.908085 0.101263 0.049805 0.050000
0 0.924703 0.142043 0.049805 0.050000
0 0.905153 0.060482 0.049805 0.050000
0 0.934478 0.015994 0.049805 0.050000
0 0.856277 0.047507 0.049805 0.050000
0 0.877782 0.010433 0.049805 0.050000
0 0.786873 0.054921 0.049805 0.050000
0 0.773188 0.034531 0.049805 0.050000
0 0.759503 0.034531 0.049805 0.050000
0 0.758525 0.082726 0.049805 0.050000
0 0.740930 0.106824 0.049805 0.050000
0 0.743863 0.162434 0.049805 0.050000
0 0.720402 0.205068 0.049805 0.050000
0 0.682279 0.166141 0.049805 0.050000
0 0.690099 0.121653 0.049805 0.050000
0 0.668594 0.119800 0.049805 0.050000
0 0.644156 0.145751 0.049805 0.050000
0 0.660774 0.219897 0.049805 0.050000
0 0.643178 0.236580 0.049805 0.050000
0 0.624606 0.184678 0.049805 0.050000
0 0.600168 0.218044 0.049805 0.050000
0 0.610920 0.381166 0.049805 0.050000
0 0.639268 0.340385 0.049805 0.050000
0 0.553247 0.347800 0.049805 0.050000
0 0.542494 0.284775 0.049805 0.050000
0 0.502416 0.323702 0.049805 0.050000
0 0.471135 0.301458 0.049805 0.050000
0 0.493618 0.236580 0.049805 0.050000
0 0.535651 0.231019 0.049805 0.050000
0 0.190588 0.277361 0.049805 0.050000
0 0.173970 0.262532 0.049805 0.050000
0 0.141712 0.227312 0.049805 0.050000
0 0.160285 0.197653 0.049805 0.050000
0 0.179835 0.197653 0.049805 0.050000
0 0.170060 0.180970 0.049805 0.050000
0 0.167127 0.227312 0.049805 0.050000
0 0.193520 0.212483 0.049805 0.050000
0 0.207206 0.242141 0.049805 0.050000
0 0.226756 0.243995 0.049805 0.050000
0 0.245329 0.266239 0.049805 0.050000
0 0.276609 0.262532 0.049805 0.050000
0 0.243374 0.219897 0.049805 0.050000
0 0.223823 0.180970 0.049805 0.050000
0 0.211116 0.197653 0.049805 0.050000
0 0.208183 0.173556 0.049805 0.050000
0 0.249239 0.177263 0.049805 0.050000
0 0.261947 0.180970 0.049805 0.050000
0 0.270744 0.180970 0.049805 0.050000
0 0.288340 0.166141 0.049805 0.050000
0 0.306912 0.197653 0.049805 0.050000
0 0.267812 0.223605 0.049805 0.050000
0 0.367862 0.221066 0.049805 0.050000
0 0.390337 0.183402 0.049805 0.050000
0 0.393996 0.158624 0.049805 0.050000
0 0.379884 0.154659 0.049805 0.050000
0 0.364726 0.162588 0.049805 0.050000
0 0.367339 0.190341 0.049805 0.050000
0 0.317162 0.172500 0.049805 0.050000
0 0.322912 0.136818 0.049805 0.050000
0 0.367862 0.130871 0.049805 0.050000
0 0.385633 0.126907 0.049805 0.050000
0 0.392428 0.134836 0.049805 0.050000
0 0.399223 0.106092 0.049805 0.050000
0 0.385633 0.104110 0.049805 0.050000
0 0.429016 0.121951 0.049805 0.050000
0 0.420130 0.101136 0.049805 0.050000
0 0.436856 0.101136 0.049805 0.050000
0 0.447309 0.096181 0.049805 0.050000
0 0.459331 0.087260 0.049805 0.050000
0 0.460899 0.126907 0.049805 0.050000
0 0.446787 0.136818 0.049805 0.050000
0 0.464035 0.099154 0.049805 0.050000
0 0.484942 0.157632 0.049805 0.050000
0 0.454627 0.170517 0.049805 0.050000
0 0.499577 0.128889 0.049805 0.050000
0 0.531984 0.143756 0.049805 0.050000
0 0.545573 0.164570 0.049805 0.050000
0 0.537210 0.183402 0.049805 0.050000
0 0.546619 0.126907 0.049805 0.050000
0 0.581116 0.122942 0.049805 0.050000
0 0.590524 0.120960 0.049805 0.050000
0 0.595751 0.095189 0.049805 0.050000
0 0.561254 0.092216 0.049805 0.050000
0 0.553413 0.097172 0.049805 0.050000
0 0.524143 0.082304 0.049805 0.050000
0 0.507940 0.097172 0.049805 0.050000
0 0.501145 0.085278 0.049805 0.050000
0 0.490169 0.096181 0.049805 0.050000
0 0.472398 0.104110 0.049805 0.050000
0 0.473443 0.078340 0.049805 0.050000
0 0.492260 0.066446 0.049805 0.050000
0 0.483897 0.078340 0.049805 0.050000
0 0.572230 0.052570 0.049805 0.050000
0 0.556550 0.052570 0.049805 0.050000
0 0.616135 0.071402 0.049805 0.050000
0 0.642269 0.071402 0.049805 0.050000
0 0.646973 0.043649 0.049805 0.050000
0 0.671539 0.046623 0.049805 0.050000
0 0.710218 0.048605 0.049805 0.050000
0 0.707081 0.015897 0.049805 0.050000
0 0.695583 0.023826 0.049805 0.050000
0 0.731647 0.020853 0.049805 0.050000
0 0.380929 0.101136 0.049805 0.050000
0 0.380406 0.126907 0.049805 0.050000
0 0.372043 0.111048 0.049805 0.050000
0 0.377793 0.082304 0.049805 0.050000
0 0.391905 0.075366 0.049805 0.050000
0 0.454627 0.040676 0.049805 0.050000
0 0.399223 0.317209 0.049805 0.050000
0 0.414903 0.287474 0.049805 0.050000
0 0.662346 0.019336 0.049805 0.050000
0 0.682083 0.025206 0.049805 0.050000
0 0.635256 0.034746 0.049805 0.050000
0 0.621325 0.025206 0.049805 0.050000
0 0.644544 0.110334 0.049805 0.050000
0 0.686340 0.094189 0.049805 0.050000
0 0.832623 0.005392 0.049805 0.050000
0 0.279682 0.210884 0.049805 0.050000
0 0.292669 0.190045 0.049805 0.050000
0 0.301660 0.167312 0.049805 0.050000
0 0.299662 0.148368 0.049805 0.050000
0 0.311650 0.137002 0.049805 0.050000
0 0.237724 0.155946 0.049805 0.050000
0 0.125835 0.178679 0.049805 0.050000
0 0.097863 0.231722 0.049805 0.050000
0 0.465496 0.218461 0.049805 0.050000
0 0.501460 0.199517 0.049805 0.050000
0 0.404557 0.074487 0.049805 0.050000
0 0.414047 0.077463 0.049805 0.050000
0 0.412049 0.098301 0.049805 0.050000
0 0.403558 0.089776 0.049805 0.050000
0 0.365596 0.071779 0.049805 0.050000
0 0.363098 0.066096 0.049805 0.050000
0 0.371090 0.053783 0.049805 0.050000
0 0.364097 0.049994 0.049805 0.050000
0 0.399062 0.065149 0.049805 0.050000
0 0.413548 0.065149 0.049805 0.050000
0 0.414047 0.052835 0.049805 0.050000
0 0.419042 0.068938 0.049805 0.050000
0 0.428033 0.060413 0.049805 0.050000
0 0.428533 0.067991 0.049805 0.050000
0 0.435526 0.079357 0.049805 0.050000
0 0.440521 0.077463 0.049805 0.050000
0 0.443018 0.053783 0.049805 0.050000
0 0.434027 0.055677 0.049805 0.050000
0 0.432529 0.046205 0.049805 0.050000
0 0.453008 0.061360 0.049805 0.050000
0 0.468992 0.054730 0.049805 0.050000
0 0.465995 0.073674 0.049805 0.050000
0 0.458503 0.077463 0.049805 0.050000
0 0.452509 0.079357 0.049805 0.050000
0 0.485975 0.042416 0.049805 0.050000
0 0.477983 0.049047 0.049805 0.050000
0 0.499961 0.033891 0.049805 0.050000
0 0.507454 0.031997 0.049805 0.050000
0 0.499462 0.049994 0.049805 0.050000
0 0.506954 0.075568 0.049805 0.050000
0 0.513448 0.075568 0.049805 0.050000
0 0.748213 0.017655 0.049805 0.050000
0 0.811150 0.030915 0.049805 0.050000
0 0.793168 0.019549 0.049805 0.050000
0 0.813148 0.008183 0.049805 0.050000
0 0.961999 0.023338 0.049805 0.050000
0 0.970990 0.042282 0.049805 0.050000
0 0.977983 0.023338 0.049805 0.050000
0 0.711250 0.157840 0.049805 0.050000
0 0.120840 0.373802 0.049805 0.050000