0 0.676695 0.861406 0.049805 0.049479
0 0.768010 0.765626 0.049805 0.049479
0 0.625559 0.634133 0.049805 0.049479
0 0.445364 0.645496 0.049805 0.049479
0 0.430754 0.674717 0.049805 0.049479
0 0.356484 0.622769 0.049805 0.049479
0 0.307783 0.570821 0.049805 0.049479
0 0.231079 0.634133 0.049805 0.049479
0 0.127588 0.687704 0.049805 0.049479
0 0.131241 0.660107 0.049805 0.049479
0 0.097150 0.739652 0.049805 0.049479
0 0.081322 0.614652 0.049805 0.049479
0 0.052101 0.600042 0.049805 0.049479
0 0.065494 0.494522 0.049805 0.049479
0 0.072799 0.491276 0.049805 0.049479
0 0.088627 0.466925 0.049805 0.049479
0 0.087410 0.442574 0.049805 0.049479
0 0.050884 0.442574 0.049805 0.049479
0 0.041143 0.432834 0.049805 0.049479
0 0.951858 0.611406 0.049805 0.049479
0 0.893416 0.494522 0.049805 0.049479
0 0.837410 0.494522 0.049805 0.049479
0 0.914114 0.445821 0.049805 0.049479
0 0.688871 0.517250 0.049805 0.049479
0 0.523286 0.457185 0.049805 0.049479
0 0.434406 0.437704 0.049805 0.049479
0 0.319958 0.431211 0.049805 0.049479
0 0.279780 0.431211 0.049805 0.049479
0 0.220121 0.405237 0.049805 0.049479
0 0.838018 0.383118 0.049805 0.049479
0 0.849585 0.336446 0.049805 0.049479
0 0.929942 0.316560 0.049805 0.049479
0 0.971034 0.354303 0.049805 0.049479
0 0.975904 0.348621 0.049805 0.049479
0 0.982600 0.252842 0.049805 0.049479
0 0.978339 0.251219 0.049805 0.049479
0 0.946379 0.234173 0.049805 0.049479
0 0.928116 0.217534 0.049805 0.049479
0 0.855064 0.232550 0.049805 0.049479
0 0.872414 0.254871 0.049805 0.049479
0 0.881241 0.259742 0.049805 0.049479
0 0.895547 0.308037 0.049805 0.049479
0 0.918680 0.262582 0.049805 0.049479
0 0.929029 0.256901 0.049805 0.049479
0 0.933290 0.260959 0.049805 0.049479
0 0.950031 0.296673 0.049805 0.049479
0 0.915738 0.426341 0.049805 0.049479
0 0.731281 0.439328 0.049805 0.049479
0 0.718497 0.419847 0.049805 0.049479
0 0.675884 0.346795 0.049805 0.049479
0 0.675884 0.333808 0.049805 0.049479
0 0.674057 0.320821 0.049805 0.049479
0 0.726411 0.307834 0.049805 0.049479
0 0.735695 0.271815 0.049805 0.049479
0 0.726411 0.230216 0.049805 0.049479
0 0.723367 0.229202 0.049805 0.049479
0 0.703126 0.233057 0.049805 0.049479
0 0.694908 0.232043 0.049805 0.049479
0 0.686689 0.231434 0.049805 0.049479
0 0.697343 0.239145 0.049805 0.049479
0 0.688972 0.234275 0.049805 0.049479
0 0.673905 0.237725 0.049805 0.049479
0 0.679080 0.242798 0.049805 0.049479
0 0.680449 0.260452 0.049805 0.049479
0 0.692777 0.275062 0.049805 0.049479
0 0.656251 0.273642 0.049805 0.049479
0 0.666296 0.299210 0.049805 0.049479
0 0.730064 0.244928 0.049805 0.049479
0 0.679841 0.235594 0.049805 0.049479
0 0.606180 0.301746 0.049805 0.049479
0 0.625356 0.311081 0.049805 0.049479
0 0.642402 0.311081 0.049805 0.049479
0 0.667665 0.304587 0.049805 0.049479
0 0.669796 0.310269 0.049805 0.049479
0 0.539977 0.318285 0.049805 0.049479
0 0.555957 0.312197 0.049805 0.049479
0 0.562805 0.309965 0.049805 0.049479
0 0.559914 0.316864 0.049805 0.049479
0 0.573002 0.307936 0.049805 0.049479
0 0.559762 0.305501 0.049805 0.049479
0 0.597962 0.307936 0.049805 0.049479
0 0.495841 0.305298 0.049805 0.049479
0 0.498276 0.271207 0.049805 0.049479
0 0.458402 0.286629 0.049805 0.049479
0 0.455967 0.284194 0.049805 0.049479
0 0.525671 0.313009 0.049805 0.049479
0 0.367391 0.406962 0.049805 0.049479
0 0.380784 0.389104 0.049805 0.049479
0 0.400874 0.391539 0.049805 0.049479
0 0.320212 0.395395 0.049805 0.049479
0 0.346998 0.332895 0.049805 0.049479
0 0.404222 0.298804 0.049805 0.049479
0 0.417919 0.286629 0.049805 0.049479
0 0.389916 0.270801 0.049805 0.049479
0 0.372870 0.289470 0.049805 0.049479
0 0.353694 0.313009 0.049805 0.049479
0 0.340301 0.315038 0.049805 0.049479
0 0.335127 0.313009 0.049805 0.049479
0 0.322038 0.318690 0.049805 0.049479
0 0.276837 0.325691 0.049805 0.049479
0 0.205764 0.393975 0.049805 0.049479
0 0.226462 0.396004 0.049805 0.049479
0 0.163759 0.289673 0.049805 0.049479
0 0.307732 0.392757 0.049805 0.049479
0 0.054486 0.323155 0.049805 0.049479
0 0.072140 0.320720 0.049805 0.049479
0 0.084924 0.323966 0.049805 0.049479
0 0.025316 0.331982 0.049805 0.049479
0 0.127276 0.723980 0.049805 0.049479
0 0.120136 0.325176 0.049805 0.049479
0 0.102160 0.325176 0.049805 0.049479
0 0.108849 0.329078 0.049805 0.049479
0 0.429919 0.278911 0.049805 0.049479
0 0.922394 0.222612 0.049805 0.049479