0 0.202786 0.701783 0.049805 0.049479
0 0.115873 0.620531 0.049805 0.049479
0 0.036952 0.608543 0.049805 0.049479
0 0.068920 0.544607 0.049805 0.049479
0 0.060928 0.478007 0.049805 0.049479
0 0.315673 0.731087 0.049805 0.049479
0 0.415573 0.904247 0.049805 0.049479
0 0.605383 0.852299 0.049805 0.049479
0 0.664324 0.803015 0.049805 0.049479
0 0.586402 0.683135 0.049805 0.049479
0 0.414574 0.616535 0.049805 0.049479
0 0.416572 0.569915 0.049805 0.049479
0 0.444544 0.579239 0.049805 0.049479
0 0.220768 0.604547 0.049805 0.049479
0 0.236752 0.545939 0.049805 0.049479
0 0.153835 0.539279 0.049805 0.049479
0 0.106882 0.479339 0.049805 0.049479
0 0.128860 0.460691 0.049805 0.049479
0 0.196792 0.471347 0.049805 0.049479
0 0.228760 0.487331 0.049805 0.049479
0 0.021717 0.505979 0.049805 0.049479
0 0.021218 0.434051 0.049805 0.049479
0 0.015723 0.458693 0.049805 0.049479
0 0.024714 0.392093 0.049805 0.049479
0 0.006732 0.428723 0.049805 0.049479
0 0.036702 0.402749 0.049805 0.049479
0 0.056183 0.407411 0.049805 0.049479
0 0.084654 0.439379 0.049805 0.049479
0 0.110129 0.433385 0.049805 0.049479
0 0.100638 0.436049 0.049805 0.049479
0 0.107132 0.415403 0.049805 0.049479
0 0.081158 0.397421 0.049805 0.049479
0 0.074664 0.384101 0.049805 0.049479
0 0.063176 0.384101 0.049805 0.049479
0 0.050189 0.376109 0.049805 0.049479
0 0.022716 0.350135 0.049805 0.049479
0 0.013725 0.347471 0.049805 0.049479
0 0.016722 0.362789 0.049805 0.049479
0 0.010229 0.303515 0.049805 0.049479
0 0.035204 0.294191 0.049805 0.049479
0 0.046692 0.301517 0.049805 0.049479
0 0.044694 0.323495 0.049805 0.049479
0 0.053685 0.313505 0.049805 0.049479
0 0.053685 0.296189 0.049805 0.049479
0 0.056682 0.296855 0.049805 0.049479
0 0.084654 0.290861 0.049805 0.049479
0 0.093645 0.295523 0.049805 0.049479
0 0.111627 0.304181 0.049805 0.049479
0 0.106632 0.328823 0.049805 0.049479
0 0.116622 0.341477 0.049805 0.049479
0 0.110129 0.340811 0.049805 0.049479
0 0.123615 0.388763 0.049805 0.049479
0 0.134105 0.386099 0.049805 0.049479
0 0.134604 0.369449 0.049805 0.049479
0 0.147092 0.360125 0.049805 0.049479
0 0.149589 0.346805 0.049805 0.049479
0 0.149589 0.395423 0.049805 0.049479
0 0.158081 0.398753 0.049805 0.049479
0 0.142596 0.446705 0.049805 0.049479
0 0.164574 0.470015 0.049805 0.049479
0 0.169569 0.439379 0.049805 0.049479
0 0.193545 0.436049 0.049805 0.049479
0 0.182556 0.414071 0.049805 0.049479
0 0.191048 0.394757 0.049805 0.049479
0 0.179559 0.396089 0.049805 0.049479
0 0.167072 0.384101 0.049805 0.049479
0 0.165074 0.322829 0.049805 0.049479
0 0.182556 0.335483 0.049805 0.049479
0 0.192546 0.336149 0.049805 0.049479
0 0.199040 0.336815 0.049805 0.049479
0 0.200039 0.360791 0.049805 0.049479
0 0.204035 0.394757 0.049805 0.049479
0 0.211028 0.377441 0.049805 0.049479
0 0.218520 0.372779 0.049805 0.049479
0 0.211527 0.366119 0.049805 0.049479
0 0.212526 0.324827 0.049805 0.049479
0 0.205533 0.328823 0.049805 0.049479
0 0.236502 0.329489 0.049805 0.049479
0 0.240498 0.362789 0.049805 0.049479
0 0.224015 0.357461 0.049805 0.049479
0 0.221517 0.410741 0.049805 0.049479
0 0.228011 0.438713 0.049805 0.049479
0 0.248990 0.458693 0.049805 0.049479
0 0.268470 0.423395 0.049805 0.049479
0 0.241497 0.398087 0.049805 0.049479
0 0.244494 0.378773 0.049805 0.049479
0 0.253485 0.386099 0.049805 0.049479
0 0.276962 0.404747 0.049805 0.049479
0 0.276462 0.383435 0.049805 0.049479
0 0.274964 0.370781 0.049805 0.049479
0 0.268470 0.387431 0.049805 0.049479
0 0.252486 0.333485 0.049805 0.049479
0 0.262976 0.334817 0.049805 0.049479
0 0.281957 0.334817 0.049805 0.049479
0 0.279459 0.362789 0.049805 0.049479
0 0.302436 0.366119 0.049805 0.049479
0 0.293945 0.376775 0.049805 0.049479
0 0.301437 0.385433 0.049805 0.049479
0 0.294444 0.406079 0.049805 0.049479
0 0.294444 0.423395 0.049805 0.049479
0 0.306432 0.410741 0.049805 0.049479
0 0.309929 0.394757 0.049805 0.049479
0 0.324414 0.388097 0.049805 0.049479
0 0.329409 0.378773 0.049805 0.049479
0 0.338400 0.395423 0.049805 0.049479
0 0.335903 0.362789 0.049805 0.049479
0 0.321417 0.368117 0.049805 0.049479
0 0.317421 0.358127 0.049805 0.049479
0 0.278960 0.487997 0.049805 0.049479
0 0.314424 0.520631 0.049805 0.049479
0 0.336902 0.511973 0.049805 0.049479
0 0.334404 0.470015 0.049805 0.049479
0 0.362376 0.447371 0.049805 0.049479
0 0.355383 0.424061 0.049805 0.049479
0 0.354384 0.400085 0.049805 0.049479
0 0.351387 0.386765 0.049805 0.049479
0 0.363375 0.384767 0.049805 0.049479
0 0.353385 0.375443 0.049805 0.049479
0 0.361877 0.363455 0.049805 0.049479
0 0.354384 0.357461 0.049805 0.049479
0 0.350888 0.344807 0.049805 0.049479
0 0.346892 0.340145 0.049805 0.049479
0 0.344394 0.352799 0.049805 0.049479
0 0.372866 0.362789 0.049805 0.049479
0 0.377861 0.354797 0.049805 0.049479
0 0.370868 0.336149 0.049805 0.049479
0 0.371367 0.326159 0.049805 0.049479
0 0.379859 0.322163 0.049805 0.049479
0 0.393345 0.346805 0.049805 0.049479
0 0.390348 0.362123 0.049805 0.049479
0 0.377861 0.369449 0.049805 0.049479
0 0.387851 0.377441 0.049805 0.049479
0 0.388350 0.404747 0.049805 0.049479
0 0.379859 0.396089 0.049805 0.049479
0 0.369369 0.416069 0.049805 0.049479
0 0.396342 0.440045 0.049805 0.049479
0 0.410828 0.440045 0.049805 0.049479
0 0.415823 0.408743 0.049805 0.049479
0 0.411327 0.387431 0.049805 0.049479
0 0.400338 0.397421 0.049805 0.049479
0 0.399839 0.380105 0.049805 0.049479
0 0.401837 0.367451 0.049805 0.049479
0 0.403335 0.358127 0.049805 0.049479
0 0.415823 0.360125 0.049805 0.049479
0 0.419319 0.356129 0.049805 0.049479
0 0.435303 0.342809 0.049805 0.049479
0 0.430308 0.328823 0.049805 0.049479
0 0.442796 0.322829 0.049805 0.049479
0 0.411327 0.322829 0.049805 0.049479
0 0.406332 0.322829 0.049805 0.049479
0 0.848141 0.821663 0.049805 0.049479
0 0.901088 0.740411 0.049805 0.049479
0 0.974015 0.854963 0.049805 0.049479
0 0.936053 0.585899 0.049805 0.049479
0 0.796193 0.509975 0.049805 0.049479
0 0.926312 0.491993 0.049805 0.049479
0 0.978261 0.572579 0.049805 0.049479
0 0.991747 0.468017 0.049805 0.049479
0 0.956282 0.459359 0.049805 0.049479
0 0.941297 0.466019 0.049805 0.049479
0 0.894844 0.476009 0.049805 0.049479
0 0.874864 0.482669 0.049805 0.049479
0 0.828410 0.515303 0.049805 0.049479
0 0.873865 0.444041 0.049805 0.049479
0 0.881357 0.428057 0.049805 0.049479
0 0.864374 0.423395 0.049805 0.049479
0 0.846392 0.426725 0.049805 0.049479
0 0.817921 0.457361 0.049805 0.049479
0 0.767971 0.461357 0.049805 0.049479
0 0.774964 0.442043 0.049805 0.049479
0 0.744494 0.448703 0.049805 0.049479
0 0.712526 0.450035 0.049805 0.049479
0 0.721517 0.416735 0.049805 0.049479
0 0.739000 0.431387 0.049805 0.049479
0 0.734504 0.405413 0.049805 0.049479
0 0.760478 0.404081 0.049805 0.049479
0 0.687052 0.414737 0.049805 0.049479
0 0.665573 0.424061 0.049805 0.049479
0 0.635104 0.438047 0.049805 0.049479
0 0.622616 0.480671 0.049805 0.049479
0 0.604634 0.489329 0.049805 0.049479
0 0.618121 0.446039 0.049805 0.049479
0 0.625613 0.414071 0.049805 0.049479
0 0.580159 0.455363 0.049805 0.049479
0 0.579659 0.418067 0.049805 0.049479
0 0.579160 0.436049 0.049805 0.049479
0 0.559679 0.410075 0.049805 0.049479
0 0.548690 0.407411 0.049805 0.049479
0 0.534704 0.408077 0.049805 0.049479
0 0.518221 0.393425 0.049805 0.049479
0 0.544694 0.378773 0.049805 0.049479
0 0.534704 0.379439 0.049805 0.049479
0 0.558680 0.398087 0.049805 0.049479
0 0.570668 0.400085 0.049805 0.049479
0 0.581158 0.401417 0.049805 0.049479
0 0.573665 0.386765 0.049805 0.049479
0 0.571667 0.376775 0.049805 0.049479
0 0.562177 0.370781 0.049805 0.049479
0 0.570169 0.360125 0.049805 0.049479
0 0.568670 0.349469 0.049805 0.049479
0 0.559180 0.348137 0.049805 0.049479
0 0.554684 0.358127 0.049805 0.049479
0 0.551188 0.346805 0.049805 0.049479
0 0.554185 0.338813 0.049805 0.049479
0 0.545194 0.340811 0.049805 0.049479
0 0.540698 0.362123 0.049805 0.049479
0 0.532207 0.353465 0.049805 0.049479
0 0.528211 0.346139 0.049805 0.049479
0 0.519220 0.350135 0.049805 0.049479
0 0.521218 0.338813 0.049805 0.049479
0 0.537701 0.334817 0.049805 0.049479
0 0.532706 0.340811 0.049805 0.049479
0 0.527212 0.360125 0.049805 0.049479
0 0.526712 0.387431 0.049805 0.049479
0 0.517222 0.372779 0.049805 0.049479
0 0.595144 0.386099 0.049805 0.049479
0 0.603136 0.380771 0.049805 0.049479
0 0.587651 0.396089 0.049805 0.049479
0 0.586153 0.387431 0.049805 0.049479
0 0.590648 0.368783 0.049805 0.049479
0 0.590149 0.356129 0.049805 0.049479
0 0.589649 0.362789 0.049805 0.049479
0 0.586652 0.345473 0.049805 0.049479
0 0.579659 0.357461 0.049805 0.049479
0 0.574664 0.343475 0.049805 0.049479
0 0.568670 0.339479 0.049805 0.049479
0 0.578161 0.333485 0.049805 0.049479
0 0.602137 0.362123 0.049805 0.049479
0 0.612127 0.362789 0.049805 0.049479
0 0.611627 0.352133 0.049805 0.049479
0 0.609130 0.334151 0.049805 0.049479
0 0.602636 0.340145 0.049805 0.049479
0 0.608131 0.342143 0.049805 0.049479
0 0.628111 0.350801 0.049805 0.049479
0 0.622616 0.342809 0.049805 0.049479
0 0.618620 0.338147 0.049805 0.049479
0 0.635104 0.366119 0.049805 0.049479
0 0.634105 0.398087 0.049805 0.049479
0 0.610628 0.408077 0.049805 0.049479
0 0.665573 0.394757 0.049805 0.049479
0 0.658580 0.357461 0.049805 0.049479
0 0.746992 0.387431 0.049805 0.049479
0 0.736502 0.385433 0.049805 0.049479
0 0.702536 0.409409 0.049805 0.049479
0 0.704534 0.387431 0.049805 0.049479
0 0.690049 0.375443 0.049805 0.049479
0 0.696542 0.393425 0.049805 0.049479
0 0.672067 0.355463 0.049805 0.049479
0 0.668570 0.342143 0.049805 0.049479
0 0.673565 0.332819 0.049805 0.049479
0 0.643595 0.337481 0.049805 0.049479
0 0.639599 0.344807 0.049805 0.049479
0 0.634604 0.330821 0.049805 0.049479
0 0.800438 0.432719 0.049805 0.049479
0 0.818920 0.432053 0.049805 0.049479
0 0.816422 0.410075 0.049805 0.049479
0 0.807431 0.403415 0.049805 0.049479
0 0.785453 0.389429 0.049805 0.049479
0 0.802436 0.380105 0.049805 0.049479
0 0.764474 0.382103 0.049805 0.049479
0 0.757481 0.387431 0.049805 0.049479
0 0.710029 0.351467 0.049805 0.049479
0 0.692546 0.344807 0.049805 0.049479
0 0.688051 0.337481 0.049805 0.049479
0 0.700039 0.328823 0.049805 0.049479
0 0.712027 0.326159 0.049805 0.049479
0 0.722516 0.333485 0.049805 0.049479
0 0.899339 0.433385 0.049805 0.049479
0 0.912326 0.421397 0.049805 0.049479
0 0.938800 0.434051 0.049805 0.049479
0 0.962276 0.422063 0.049805 0.049479
0 0.945793 0.416069 0.049805 0.049479
0 0.954284 0.395423 0.049805 0.049479
0 0.949789 0.378773 0.049805 0.049479
0 0.924314 0.410741 0.049805 0.049479
0 0.904334 0.412073 0.049805 0.049479
0 0.896342 0.400085 0.049805 0.049479
0 0.893845 0.382103 0.049805 0.049479
0 0.866372 0.402749 0.049805 0.049479
0 0.856382 0.402083 0.049805 0.049479
0 0.842396 0.402749 0.049805 0.049479
0 0.832406 0.405413 0.049805 0.049479
0 0.833405 0.392093 0.049805 0.049479
0 0.848890 0.381437 0.049805 0.049479
0 0.728510 0.355463 0.049805 0.049479
0 0.719020 0.388097 0.049805 0.049479
0 0.749989 0.374111 0.049805 0.049479
0 0.751487 0.348137 0.049805 0.049479
0 0.798940 0.349469 0.049805 0.049479
0 0.798940 0.369449 0.049805 0.049479
0 0.791447 0.352133 0.049805 0.049479
0 0.817921 0.354797 0.049805 0.049479
0 0.825413 0.338147 0.049805 0.049479
0 0.813925 0.337481 0.049805 0.049479
0 0.868370 0.368117 0.049805 0.049479
0 0.858380 0.367451 0.049805 0.049479
0 0.878860 0.371447 0.049805 0.049479
0 0.888350 0.359459 0.049805 0.049479
0 0.896342 0.368117 0.049805 0.049479
0 0.896342 0.354797 0.049805 0.049479
0 0.916322 0.355463 0.049805 0.049479
0 0.923815 0.352133 0.049805 0.049479
0 0.928310 0.360791 0.049805 0.049479
0 0.953285 0.358793 0.049805 0.049479
0 0.944794 0.392759 0.049805 0.049479
0 0.975264 0.366785 0.049805 0.049479
0 0.970269 0.360125 0.049805 0.049479
0 0.984255 0.366119 0.049805 0.049479
0 0.974265 0.383435 0.049805 0.049479
0 0.969270 0.400085 0.049805 0.049479
0 0.987751 0.411407 0.049805 0.049479
0 0.996243 0.427391 0.049805 0.049479