0 0.507066 0.888837 0.049805 0.049479
0 0.667204 0.572401 0.049805 0.049479
0 0.607296 0.527854 0.049805 0.049479
0 0.569278 0.461802 0.049805 0.049479
0 0.528955 0.507885 0.049805 0.049479
0 0.484024 0.500204 0.049805 0.049479
0 0.413748 0.547823 0.049805 0.049479
0 0.396467 0.441833 0.049805 0.049479
0 0.363056 0.463338 0.049805 0.049479
0 0.378033 0.349667 0.049805 0.049479
0 0.727112 0.467946 0.049805 0.049479
0 0.727112 0.371172 0.049805 0.049479
0 0.696006 0.392677 0.049805 0.049479
0 0.858448 0.386533 0.049805 0.049479
0 0.859600 0.467946 0.049805 0.049479
0 0.917204 0.381925 0.049805 0.049479
0 0.911444 0.572401 0.049805 0.049479
0 0.984024 0.560112 0.049805 0.049479
0 0.939093 0.329697 0.049805 0.049479
0 0.891858 0.305120 0.049805 0.049479
0 0.950614 0.255965 0.049805 0.049479
0 0.977112 0.294367 0.049805 0.049479
0 0.622273 0.348131 0.049805 0.049479
0 0.255914 0.400358 0.049805 0.049479
0 0.202918 0.355811 0.049805 0.049479
0 0.193702 0.358883 0.049805 0.049479
0 0.176420 0.360419 0.049805 0.049479
0 0.148771 0.358883 0.049805 0.049479
0 0.136098 0.375780 0.049805 0.049479
0 0.115361 0.349667 0.049805 0.049479
0 0.095775 0.351203 0.049805 0.049479
0 0.068126 0.360419 0.049805 0.049479
0 0.026075 0.278622 0.049805 0.049479
0 0.032123 0.286303 0.049805 0.049479
0 0.035003 0.293215 0.049805 0.049479
0 0.019738 0.288223 0.049805 0.049479
0 0.020891 0.298975 0.049805 0.049479
0 0.014266 0.307040 0.049805 0.049479
0 0.018586 0.318945 0.049805 0.049479
0 0.017722 0.345826 0.049805 0.049479
0 0.030395 0.345826 0.049805 0.049479
0 0.077054 0.352355 0.049805 0.049479
0 0.067549 0.306272 0.049805 0.049479
0 0.066397 0.297055 0.049805 0.049479
0 0.073022 0.298591 0.049805 0.049479
0 0.079070 0.301280 0.049805 0.049479
0 0.085695 0.313568 0.049805 0.049479
0 0.059197 0.305120 0.049805 0.049479
0 0.052285 0.297055 0.049805 0.049479
0 0.147619 0.346978 0.049805 0.049479
0 0.178149 0.345442 0.049805 0.049479
0 0.185349 0.333538 0.049805 0.049479
0 0.158563 0.300127 0.049805 0.049479
0 0.204070 0.333922 0.049805 0.049479
0 0.181317 0.335842 0.049805 0.049479
0 0.133218 0.359267 0.049805 0.049479
0 0.304877 0.355811 0.049805 0.049479
0 0.274347 0.339682 0.049805 0.049479
0 0.310637 0.252124 0.049805 0.049479
0 0.351536 0.260573 0.049805 0.049479
0 0.370545 0.257501 0.049805 0.049479
0 0.376881 0.279006 0.049805 0.049479
0 0.352688 0.322017 0.049805 0.049479
0 0.345199 0.320481 0.049805 0.049479
0 0.338287 0.327393 0.049805 0.049479
0 0.321006 0.334306 0.049805 0.049479
0 0.358448 0.345058 0.049805 0.049479
0 0.367665 0.320481 0.049805 0.049479
0 0.375729 0.315104 0.049805 0.049479
0 0.398195 0.308960 0.049805 0.049479
0 0.416052 0.322017 0.049805 0.049479
0 0.429301 0.325089 0.049805 0.049479
0 0.456950 0.334306 0.049805 0.049479
0 0.445430 0.289759 0.049805 0.049479
0 0.469623 0.292831 0.049805 0.049479
0 0.479416 0.292831 0.049805 0.049479
0 0.421236 0.267485 0.049805 0.049479
0 0.428149 0.263645 0.049805 0.049479
0 0.407987 0.273630 0.049805 0.049479
0 0.409715 0.268253 0.049805 0.049479
0 0.421812 0.258269 0.049805 0.049479
0 0.429301 0.249820 0.049805 0.049479
0 0.443126 0.252124 0.049805 0.049479
0 0.443702 0.269021 0.049805 0.049479
0 0.459255 0.265949 0.049805 0.049479
0 0.462711 0.255197 0.049805 0.049479
0 0.456374 0.254429 0.049805 0.049479
0 0.476248 0.259037 0.049805 0.049479
0 0.483160 0.249820 0.049805 0.049479
0 0.495833 0.252892 0.049805 0.049479
0 0.491801 0.265565 0.049805 0.049479
0 0.508218 0.270942 0.049805 0.049479
0 0.526651 0.301664 0.049805 0.049479
0 0.540764 0.294367 0.049805 0.049479
0 0.542780 0.273630 0.049805 0.049479
0 0.558621 0.271710 0.049805 0.049479
0 0.568126 0.287071 0.049805 0.049479
0 0.588287 0.266333 0.049805 0.049479
0 0.568126 0.250588 0.049805 0.049479
0 0.554301 0.242524 0.049805 0.049479
0 0.548540 0.246364 0.049805 0.049479
0 0.541340 0.240988 0.049805 0.049479
0 0.536732 0.259037 0.049805 0.049479
0 0.518586 0.255581 0.049805 0.049479
0 0.520026 0.244060 0.049805 0.049479
0 0.513114 0.239836 0.049805 0.049479
0 0.514554 0.252124 0.049805 0.049479
0 0.503897 0.242524 0.049805 0.049479
0 0.526075 0.241756 0.049805 0.049479
0 0.573022 0.238684 0.049805 0.049479
0 0.608160 0.262109 0.049805 0.049479
0 0.609024 0.279774 0.049805 0.049479
0 0.403667 0.250972 0.049805 0.049479
0 0.704646 0.277086 0.049805 0.049479
0 0.718471 0.258653 0.049805 0.049479
0 0.749289 0.250204 0.049805 0.049479
0 0.760234 0.252508 0.049805 0.049479
0 0.765418 0.268637 0.049805 0.049479
0 0.770026 0.243292 0.049805 0.049479
0 0.786444 0.258653 0.049805 0.049479
0 0.784139 0.246364 0.049805 0.049479
0 0.799404 0.270558 0.049805 0.049479
0 0.811213 0.255197 0.049805 0.049479
0 0.802285 0.239836 0.049805 0.049479
0 0.805741 0.228699 0.049805 0.049479
0 0.816109 0.229851 0.049805 0.049479
0 0.829934 0.228699 0.049805 0.049479
0 0.851824 0.244828 0.049805 0.049479
0 0.853552 0.227931 0.049805 0.049479
0 0.873425 0.237915 0.049805 0.049479
0 0.834831 0.257117 0.049805 0.049479
0 0.883506 0.228699 0.049805 0.049479
0 0.875729 0.225243 0.049805 0.049479
0 0.803149 0.222939 0.049805 0.049479
0 0.817549 0.208346 0.049805 0.049479
0 0.809773 0.211418 0.049805 0.049479
0 0.791628 0.216410 0.049805 0.049479
0 0.783275 0.216794 0.049805 0.049479
0 0.780683 0.224859 0.049805 0.049479
0 0.780395 0.211802 0.049805 0.049479
0 0.782411 0.207578 0.049805 0.049479
0 0.776363 0.209882 0.049805 0.049479
0 0.763690 0.218330 0.049805 0.049479
0 0.753609 0.217562 0.049805 0.049479
0 0.745545 0.217178 0.049805 0.049479
0 0.735176 0.247516 0.049805 0.049479
0 0.734600 0.222939 0.049805 0.049479
0 0.730280 0.223323 0.049805 0.049479
0 0.725096 0.220250 0.049805 0.049479
0 0.727688 0.214106 0.049805 0.049479
0 0.715879 0.253276 0.049805 0.049479
0 0.709831 0.225243 0.049805 0.049479
0 0.713287 0.224475 0.049805 0.049479
0 0.696870 0.223707 0.049805 0.049479
0 0.693414 0.226395 0.049805 0.049479
0 0.689093 0.253660 0.049805 0.049479
0 0.688517 0.264413 0.049805 0.049479
0 0.689957 0.274014 0.049805 0.049479
0 0.677285 0.265181 0.049805 0.049479
0 0.672388 0.265949 0.049805 0.049479
0 0.910867 0.219866 0.049805 0.049479
0 0.915764 0.219482 0.049805 0.049479
0 0.911155 0.202201 0.049805 0.049479
0 0.964295 0.206809 0.049805 0.049479
0 0.944566 0.217562 0.049805 0.049479
0 0.932901 0.215834 0.049805 0.049479
0 0.934197 0.192409 0.049805 0.049479
0 0.941685 0.189720 0.049805 0.049479
0 0.941685 0.184152 0.049805 0.049479
0 0.912596 0.207386 0.049805 0.049479
0 0.994105 0.222554 0.049805 0.049479
0 0.987768 0.211802 0.049805 0.049479
0 0.996985 0.198361 0.049805 0.049479
0 0.984600 0.199897 0.049805 0.049479
0 0.979416 0.199897 0.049805 0.049479
0 0.646467 0.283998 0.049805 0.049479
0 0.624577 0.290911 0.049805 0.049479
0 0.617089 0.273246 0.049805 0.049479
0 0.659139 0.277086 0.049805 0.049479
0 0.662020 0.236763 0.049805 0.049479
0 0.622849 0.232539 0.049805 0.049479
0 0.647331 0.261725 0.049805 0.049479
0 0.893629 0.220010 0.049805 0.049479
0 0.887294 0.223811 0.049805 0.049479
0 0.447896 0.254385 0.049805 0.049479
0 0.569760 0.278354 0.049805 0.049479
0 0.476951 0.250483 0.049805 0.049479
0 0.515726 0.242122 0.049805 0.049479
0 0.720680 0.250622 0.049805 0.049479
0 0.741687 0.247417 0.049805 0.049479
0 0.710124 0.233900 0.049805 0.049479
0 0.704271 0.224006 0.049805 0.049479
0 0.756738 0.216341 0.049805 0.049479
0 0.769698 0.215784 0.049805 0.049479
0 0.775550 0.214948 0.049805 0.049479
0 0.776700 0.221637 0.049805 0.049479
0 0.684831 0.253270 0.049805 0.049479
0 0.680442 0.238499 0.049805 0.049479
0 0.665287 0.224285 0.049805 0.049479
0 0.647937 0.234875 0.049805 0.049479