0 0.093542 0.878717 0.049805 0.049479
0 0.346434 0.683675 0.049805 0.049479
0 0.620401 0.677064 0.049805 0.049479
0 0.281971 0.339874 0.049805 0.049479
0 0.224947 0.278717 0.049805 0.049479
0 0.006765 0.159708 0.049805 0.049479
0 0.320401 0.083675 0.049805 0.049479
0 0.352633 0.052270 0.049805 0.049479
0 0.402219 0.039047 0.049805 0.049479
0 0.376186 0.098551 0.049805 0.049479
0 0.386104 0.012601 0.049805 0.049479
0 0.460484 0.151444 0.049805 0.049479
0 0.723294 0.253923 0.049805 0.049479
0 0.886930 0.569626 0.049805 0.049479
0 0.900566 0.425824 0.049805 0.049479
0 0.965029 0.458882 0.049805 0.049479
0 0.921641 0.268799 0.049805 0.049479
0 0.715856 0.110122 0.049805 0.049479
0 0.650153 0.044006 0.049805 0.049479
0 0.651393 0.007642 0.049805 0.049479
0 0.537343 0.034089 0.049805 0.049479
0 0.549740 0.005989 0.049805 0.049479
0 0.712137 0.005989 0.049805 0.049479
0 0.798914 0.009295 0.049805 0.049479
0 0.838583 0.007642 0.049805 0.049479
0 0.884451 0.077064 0.049805 0.049479