0 0.396082 0.405594 0.049805 0.049479
0 0.282550 0.248484 0.049805 0.049479
0 0.028823 0.144126 0.049805 0.049479
0 0.007321 0.238163 0.049805 0.049479
0 0.092470 0.176236 0.049805 0.049479
0 0.083009 0.095961 0.049805 0.049479
0 0.222344 0.101695 0.049805 0.049479
0 0.315233 0.202613 0.049805 0.049479
0 0.378880 0.101695 0.049805 0.049479
0 0.602504 0.097108 0.049805 0.049479
0 0.650669 0.200319 0.049805 0.049479
0 0.753020 0.112016 0.049805 0.049479
0 0.801185 0.112016 0.049805 0.049479
0 0.835589 0.098255 0.049805 0.049479
0 0.874293 0.120044 0.049805 0.049479
0 0.985245 0.095961 0.049805 0.049479
0 0.025813 0.047653 0.049805 0.049479
0 0.003235 0.025290 0.049805 0.049479
0 0.158912 0.054820 0.049805 0.049479
0 0.146871 0.034178 0.049805 0.049479
0 0.325841 0.078473 0.049805 0.049479
0 0.451845 0.076752 0.049805 0.049479
0 0.212883 0.814998 0.049805 0.049479
0 0.390491 0.042205 0.049805 0.049479
0 0.453063 0.030451 0.049805 0.049479
0 0.563585 0.071449 0.049805 0.049479
0 0.681848 0.067721 0.049805 0.049479
0 0.802260 0.042779 0.049805 0.049479
0 0.946254 0.013177 0.049805 0.049479
0 0.395222 0.013392 0.049805 0.049479
0 0.838169 0.009952 0.049805 0.049479