0 0.041727 0.996215 0.049805 0.048622
0 0.063131 0.995268 0.049805 0.048622
0 0.077972 0.983900 0.049805 0.048622
0 0.073263 0.959508 0.049805 0.048622
0 0.060563 0.942693 0.049805 0.048622
0 0.049005 0.956903 0.049805 0.048622
0 0.026602 0.948851 0.049805 0.048622
0 0.015614 0.923274 0.049805 0.048622
0 0.002201 0.944825 0.049805 0.048622
0 0.067412 0.911196 0.049805 0.048622
0 0.030883 0.868331 0.049805 0.048622
0 0.059421 0.862648 0.049805 0.048622
0 0.058565 0.876857 0.049805 0.048622
0 0.048862 0.842281 0.049805 0.048622
0 0.064416 0.843465 0.049805 0.048622
0 0.007624 0.849149 0.049805 0.048622
0 0.032738 0.838018 0.049805 0.048622
0 0.167869 0.883725 0.049805 0.048622
0 0.157452 0.872594 0.049805 0.048622
0 0.178999 0.867147 0.049805 0.048622
0 0.190843 0.922327 0.049805 0.048622
0 0.200974 0.937720 0.049805 0.048622
0 0.197692 0.850570 0.049805 0.048622
0 0.177572 0.818836 0.049805 0.048622
0 0.147464 0.846544 0.049805 0.048622
0 0.164730 0.819073 0.049805 0.048622
0 0.110506 0.799416 0.049805 0.048622
0 0.094810 0.825704 0.049805 0.048622
0 0.067412 0.810547 0.049805 0.048622
0 0.058423 0.805100 0.049805 0.048622
0 0.050432 0.811494 0.049805 0.048622
0 0.025460 0.815520 0.049805 0.048622
0 0.011334 0.808179 0.049805 0.048622
0 0.021465 0.789470 0.049805 0.048622
0 0.053999 0.792075 0.049805 0.048622
0 0.078542 0.782129 0.049805 0.048622
0 0.082395 0.815757 0.049805 0.048622
0 0.120209 0.788049 0.049805 0.048622
0 0.131767 0.804390 0.049805 0.048622
0 0.138046 0.786865 0.049805 0.048622
0 0.171722 0.797759 0.049805 0.048622
0 0.180854 0.797759 0.049805 0.048622
0 0.195980 0.820257 0.049805 0.048622
0 0.201973 0.803916 0.049805 0.048622
0 0.209108 0.860280 0.049805 0.048622
0 0.094239 0.796811 0.049805 0.048622
0 0.161020 0.788049 0.049805 0.048622
0 0.178000 0.783786 0.049805 0.048622
0 0.033308 0.784497 0.049805 0.048622
0 0.021893 0.847491 0.049805 0.048622
0 0.010620 0.737532 0.049805 0.048622
0 0.024889 0.737769 0.049805 0.048622
0 0.040729 0.734217 0.049805 0.048622
0 0.047863 0.742979 0.049805 0.048622
0 0.060991 0.718586 0.049805 0.048622
0 0.049718 0.715271 0.049805 0.048622
0 0.036448 0.719060 0.049805 0.048622
0 0.029598 0.702719 0.049805 0.048622
0 0.021893 0.709587 0.049805 0.048622
0 0.006767 0.718823 0.049805 0.048622
0 0.001488 0.638304 0.049805 0.048622
0 0.007766 0.616280 0.049805 0.048622
0 0.022178 0.574362 0.049805 0.048622
0 0.011904 0.587624 0.049805 0.048622
0 0.011762 0.576731 0.049805 0.048622
0 0.003913 0.581467 0.049805 0.048622
0 0.051002 0.574362 0.049805 0.048622
0 0.042869 0.574599 0.049805 0.048622
0 0.041727 0.581467 0.049805 0.048622
0 0.045723 0.563942 0.049805 0.048622
0 0.036162 0.591650 0.049805 0.048622
0 0.029884 0.585256 0.049805 0.048622
0 0.052144 0.553522 0.049805 0.048622
0 0.060848 0.548786 0.049805 0.048622
0 0.045866 0.546891 0.049805 0.048622
0 0.014901 0.540497 0.049805 0.048622
0 0.004199 0.570100 0.049805 0.048622
0 0.026031 0.566074 0.049805 0.048622
0 0.065985 0.557785 0.049805 0.048622
0 0.079399 0.549022 0.049805 0.048622
0 0.065129 0.600413 0.049805 0.048622
0 0.060706 0.601123 0.049805 0.048622
0 0.068839 0.605860 0.049805 0.048622
0 0.074975 0.604202 0.049805 0.048622
0 0.066556 0.626937 0.049805 0.048622
0 0.091385 0.614859 0.049805 0.048622
0 0.085106 0.605860 0.049805 0.048622
0 0.090671 0.576731 0.049805 0.048622
0 0.106082 0.576967 0.049805 0.048622
0 0.109507 0.606570 0.049805 0.048622
0 0.103514 0.625042 0.049805 0.048622
0 0.116499 0.608938 0.049805 0.048622
0 0.127344 0.613911 0.049805 0.048622
0 0.117783 0.662223 0.049805 0.048622
0 0.112218 0.685905 0.049805 0.048622
0 0.080826 0.708403 0.049805 0.048622
0 0.089245 0.744400 0.049805 0.048622
0 0.103799 0.734453 0.049805 0.048622
0 0.113502 0.731612 0.049805 0.048622
0 0.111933 0.715271 0.049805 0.048622
0 0.125917 0.693483 0.049805 0.048622
0 0.133052 0.713140 0.049805 0.048622
0 0.137190 0.749136 0.049805 0.048622
0 0.149033 0.742505 0.049805 0.048622
0 0.152315 0.722139 0.049805 0.048622
0 0.169153 0.720481 0.049805 0.048622
0 0.175432 0.711008 0.049805 0.048622
0 0.181425 0.720007 0.049805 0.048622
0 0.181568 0.693010 0.049805 0.048622
0 0.174147 0.668380 0.049805 0.048622
0 0.156739 0.699404 0.049805 0.048622
0 0.138902 0.687563 0.049805 0.048622
0 0.143326 0.629778 0.049805 0.048622
0 0.157310 0.619595 0.049805 0.048622
0 0.126916 0.660565 0.049805 0.048622
0 0.124490 0.634752 0.049805 0.048622
0 0.135763 0.598044 0.049805 0.048622
0 0.145038 0.605386 0.049805 0.048622
0 0.152030 0.601360 0.049805 0.048622
0 0.143468 0.590940 0.049805 0.048622
0 0.133194 0.596860 0.049805 0.048622
0 0.102087 0.557548 0.049805 0.048622
0 0.114644 0.543812 0.049805 0.048622
0 0.131054 0.551627 0.049805 0.048622
0 0.134050 0.559679 0.049805 0.048622
0 0.145181 0.558732 0.049805 0.048622
0 0.135477 0.574836 0.049805 0.048622
0 0.150318 0.580993 0.049805 0.048622
0 0.157024 0.565837 0.049805 0.048622
0 0.149747 0.557311 0.049805 0.048622
0 0.170437 0.570100 0.049805 0.048622
0 0.167013 0.596860 0.049805 0.048622
0 0.175432 0.753873 0.049805 0.048622
0 0.210392 0.700825 0.049805 0.048622
0 0.213246 0.659855 0.049805 0.048622
0 0.170152 0.549496 0.049805 0.048622
0 0.185563 0.551627 0.049805 0.048622
0 0.188417 0.544760 0.049805 0.048622
0 0.193554 0.540260 0.049805 0.048622
0 0.199690 0.541681 0.049805 0.048622
0 0.205112 0.552575 0.049805 0.048622
0 0.207110 0.568205 0.049805 0.048622
0 0.193697 0.573415 0.049805 0.048622
0 0.185420 0.574362 0.049805 0.048622
0 0.212818 0.584072 0.049805 0.048622
0 0.210106 0.602781 0.049805 0.048622
0 0.195409 0.602544 0.049805 0.048622
0 0.189273 0.603491 0.049805 0.048622
0 0.039872 0.650382 0.049805 0.048622
0 0.069695 0.662460 0.049805 0.048622
0 0.089673 0.655118 0.049805 0.048622
0 0.156025 0.538839 0.049805 0.048622
0 0.134479 0.539786 0.049805 0.048622
0 0.027458 0.492185 0.049805 0.048622
0 0.022321 0.494554 0.049805 0.048622
0 0.025603 0.509236 0.049805 0.048622
0 0.024889 0.529129 0.049805 0.048622
0 0.019752 0.530314 0.049805 0.048622
0 0.018611 0.519657 0.049805 0.048622
0 0.012047 0.519183 0.049805 0.048622
0 0.001630 0.490528 0.049805 0.048622
0 0.001630 0.498106 0.049805 0.048622
0 0.058851 0.517999 0.049805 0.048622
0 0.062133 0.505447 0.049805 0.048622
0 0.064130 0.489580 0.049805 0.048622
0 0.084536 0.523919 0.049805 0.048622
0 0.059421 0.533392 0.049805 0.048622
0 0.068554 0.531261 0.049805 0.048622
0 0.128343 0.530314 0.049805 0.048622
0 0.157452 0.515157 0.049805 0.048622
0 0.169439 0.526524 0.049805 0.048622
0 0.180283 0.528656 0.049805 0.048622
0 0.187561 0.523209 0.049805 0.048622
0 0.175717 0.517525 0.049805 0.048622
0 0.131767 0.508763 0.049805 0.048622
0 0.106939 0.492659 0.049805 0.048622
0 0.110078 0.481528 0.049805 0.048622
0 0.099661 0.487449 0.049805 0.048622
0 0.111790 0.468266 0.049805 0.048622
0 0.099518 0.500711 0.049805 0.048622
0 0.109792 0.511605 0.049805 0.048622
0 0.102515 0.523446 0.049805 0.048622
0 0.125346 0.476081 0.049805 0.048622
0 0.133765 0.474187 0.049805 0.048622
0 0.136476 0.460451 0.049805 0.048622
0 0.142184 0.463293 0.049805 0.048622
0 0.145609 0.457136 0.049805 0.048622
0 0.142469 0.449558 0.049805 0.048622
0 0.133622 0.434638 0.049805 0.048622
0 0.120780 0.440321 0.049805 0.048622
0 0.114644 0.445532 0.049805 0.048622
0 0.107652 0.456899 0.049805 0.048622
0 0.106939 0.442690 0.049805 0.048622
0 0.115928 0.429428 0.049805 0.048622
0 0.107081 0.426586 0.049805 0.048622
0 0.099376 0.426349 0.049805 0.048622
0 0.112789 0.414745 0.049805 0.048622
0 0.102087 0.407167 0.049805 0.048622
0 0.100945 0.412613 0.049805 0.048622
0 0.098662 0.403851 0.049805 0.048622
0 0.198120 0.523209 0.049805 0.048622
0 0.015329 0.403851 0.049805 0.048622
0 0.022892 0.394615 0.049805 0.048622
0 0.029598 0.403614 0.049805 0.048622
0 0.003343 0.475371 0.049805 0.048622
0 0.024461 0.481765 0.049805 0.048622
0 0.069125 0.412140 0.049805 0.048622
0 0.057566 0.492185 0.049805 0.048622
0 0.049718 0.517052 0.049805 0.048622
0 0.052715 0.537655 0.049805 0.048622
0 0.136334 0.412140 0.049805 0.048622
0 0.123919 0.410245 0.049805 0.048622
0 0.143040 0.414271 0.049805 0.048622
0 0.163017 0.450978 0.049805 0.048622
0 0.184564 0.454057 0.049805 0.048622
0 0.187133 0.469924 0.049805 0.048622
0 0.191128 0.463293 0.049805 0.048622
0 0.202116 0.441032 0.049805 0.048622
0 0.198691 0.429191 0.049805 0.048622
0 0.206396 0.430375 0.049805 0.048622
0 0.186562 0.436769 0.049805 0.048622
0 0.194695 0.418771 0.049805 0.048622
0 0.199832 0.400772 0.049805 0.048622
0 0.187846 0.404798 0.049805 0.048622
0 0.179855 0.402667 0.049805 0.048622
0 0.213246 0.412377 0.049805 0.048622
0 0.096237 0.518472 0.049805 0.048622
0 0.126773 0.426349 0.049805 0.048622
0 0.141756 0.426112 0.049805 0.048622
0 0.148891 0.426349 0.049805 0.048622
0 0.048291 0.399351 0.049805 0.048622
0 0.169439 0.509710 0.049805 0.048622
0 0.154313 0.498106 0.049805 0.048622
0 0.150888 0.485081 0.049805 0.048622
0 0.136334 0.499053 0.049805 0.048622
0 0.137475 0.508289 0.049805 0.048622
0 0.128913 0.495264 0.049805 0.048622
0 0.117641 0.576494 0.049805 0.048622
0 0.123919 0.586677 0.049805 0.048622
0 0.187846 0.570100 0.049805 0.048622
0 0.208394 0.549496 0.049805 0.048622
0 0.214673 0.553048 0.049805 0.048622
0 0.218953 0.540260 0.049805 0.048622
0 0.207110 0.514683 0.049805 0.048622
0 0.214245 0.506395 0.049805 0.048622
0 0.169296 0.450742 0.049805 0.048622
0 0.171294 0.441979 0.049805 0.048622
0 0.208109 0.417823 0.049805 0.048622
0 0.221237 0.475134 0.049805 0.048622
0 0.220238 0.491475 0.049805 0.048622
0 0.223092 0.492659 0.049805 0.048622
0 0.220380 0.499527 0.049805 0.048622
0 0.221665 0.600886 0.049805 0.048622
0 0.222949 0.562758 0.049805 0.048622
0 0.026174 0.381353 0.049805 0.048622
0 0.021179 0.378037 0.049805 0.048622
0 0.032452 0.376617 0.049805 0.048622
0 0.043154 0.381827 0.049805 0.048622
0 0.046151 0.366433 0.049805 0.048622
0 0.051002 0.360513 0.049805 0.048622
0 0.059279 0.355539 0.049805 0.048622
0 0.052572 0.350093 0.049805 0.048622
0 0.076973 0.352934 0.049805 0.048622
0 0.063131 0.386563 0.049805 0.048622
0 0.066128 0.363355 0.049805 0.048622
0 0.072407 0.333752 0.049805 0.048622
0 0.050289 0.317174 0.049805 0.048622
0 0.004770 0.349145 0.049805 0.048622
0 0.004770 0.339672 0.049805 0.048622
0 0.020181 0.341567 0.049805 0.048622
0 0.029028 0.336594 0.049805 0.048622
0 0.014187 0.381353 0.049805 0.048622
0 0.008480 0.369038 0.049805 0.048622
0 0.002772 0.376617 0.049805 0.048622
0 0.021322 0.350093 0.049805 0.048622
0 0.014473 0.321437 0.049805 0.048622
0 0.044724 0.289703 0.049805 0.048622
0 0.094381 0.390826 0.049805 0.048622
0 0.112504 0.378274 0.049805 0.048622
0 0.129056 0.403141 0.049805 0.048622
0 0.130911 0.387037 0.049805 0.048622
0 0.126060 0.394141 0.049805 0.048622
0 0.123491 0.398404 0.049805 0.048622
0 0.135763 0.344172 0.049805 0.048622
0 0.119638 0.355066 0.049805 0.048622
0 0.118925 0.368091 0.049805 0.048622
0 0.094524 0.344409 0.049805 0.048622
0 0.093240 0.345119 0.049805 0.048622
0 0.112789 0.388221 0.049805 0.048622
0 0.188274 0.334699 0.049805 0.048622
0 0.182852 0.350093 0.049805 0.048622
0 0.202544 0.282125 0.049805 0.048622
0 0.200831 0.291598 0.049805 0.048622
0 0.208965 0.355066 0.049805 0.048622
0 0.206824 0.344172 0.049805 0.048622
0 0.187561 0.369512 0.049805 0.048622
0 0.177001 0.370696 0.049805 0.048622
0 0.222521 0.405982 0.049805 0.048622
0 0.217526 0.406930 0.049805 0.048622
0 0.219381 0.383958 0.049805 0.048622
0 0.222521 0.371170 0.049805 0.048622
0 0.196550 0.335646 0.049805 0.048622
0 0.204827 0.323569 0.049805 0.048622
0 0.220666 0.330436 0.049805 0.048622
0 0.221665 0.342751 0.049805 0.048622
0 0.199119 0.327121 0.049805 0.048622
0 0.200974 0.318595 0.049805 0.048622
0 0.189273 0.281178 0.049805 0.048622
0 0.175860 0.281178 0.049805 0.048622
0 0.196550 0.256785 0.049805 0.048622
0 0.187561 0.256311 0.049805 0.048622
0 0.194125 0.251338 0.049805 0.048622
0 0.202544 0.253470 0.049805 0.048622
0 0.221379 0.247312 0.049805 0.048622
0 0.220808 0.262232 0.049805 0.048622
0 0.187561 0.303676 0.049805 0.048622
0 0.206682 0.240918 0.049805 0.048622
0 0.196550 0.242102 0.049805 0.048622
0 0.210392 0.242102 0.049805 0.048622
0 0.117355 0.353408 0.049805 0.048622
0 0.192270 0.333041 0.049805 0.048622
0 0.189844 0.353882 0.049805 0.048622
0 0.198691 0.357671 0.049805 0.048622
0 0.205683 0.372591 0.049805 0.048622
0 0.211391 0.342751 0.049805 0.048622
0 0.219952 0.311017 0.049805 0.048622
0 0.218525 0.310070 0.049805 0.048622
0 0.215814 0.294203 0.049805 0.048622
0 0.204969 0.395325 0.049805 0.048622
0 0.056996 0.302255 0.049805 0.048622
0 0.060706 0.293729 0.049805 0.048622
0 0.044010 0.312912 0.049805 0.048622
0 0.066413 0.289230 0.049805 0.048622
0 0.070980 0.318122 0.049805 0.048622
0 0.070409 0.336594 0.049805 0.048622
0 0.335606 0.736792 0.049805 0.048622
0 0.344453 0.723057 0.049805 0.048622
0 0.358437 0.729214 0.049805 0.048622
0 0.368996 0.721162 0.049805 0.048622
0 0.357295 0.688481 0.049805 0.048622
0 0.348734 0.700795 0.049805 0.048622
0 0.336177 0.693217 0.049805 0.048622
0 0.327900 0.697480 0.049805 0.048622
0 0.323620 0.700795 0.049805 0.048622
0 0.319624 0.724951 0.049805 0.048622
0 0.281097 0.730635 0.049805 0.048622
0 0.285377 0.701743 0.049805 0.048622
0 0.263403 0.727793 0.049805 0.048622
0 0.257124 0.734424 0.049805 0.048622
0 0.284236 0.685165 0.049805 0.048622
0 0.313631 0.689428 0.049805 0.048622
0 0.313060 0.674745 0.049805 0.048622
0 0.312489 0.641590 0.049805 0.048622
0 0.334179 0.669061 0.049805 0.048622
0 0.347592 0.670009 0.049805 0.048622
0 0.373277 0.652010 0.049805 0.048622
0 0.357866 0.615540 0.049805 0.048622
0 0.385549 0.623118 0.049805 0.048622
0 0.407809 0.572438 0.049805 0.048622
0 0.408380 0.588068 0.049805 0.048622
0 0.416085 0.593279 0.049805 0.048622
0 0.413517 0.612698 0.049805 0.048622
0 0.422935 0.580490 0.049805 0.048622
0 0.433209 0.592331 0.049805 0.048622
0 0.437489 0.606541 0.049805 0.048622
0 0.444339 0.610803 0.049805 0.048622
0 0.452900 0.640643 0.049805 0.048622
0 0.445480 0.648695 0.049805 0.048622
0 0.428357 0.642537 0.049805 0.048622
0 0.425218 0.656273 0.049805 0.048622
0 0.417227 0.652958 0.049805 0.048622
0 0.423220 0.679481 0.049805 0.048622
0 0.429213 0.677587 0.049805 0.048622
0 0.439202 0.668114 0.049805 0.048622
0 0.436062 0.723530 0.049805 0.048622
0 0.392683 0.727319 0.049805 0.048622
0 0.402957 0.732056 0.049805 0.048622
0 0.385263 0.699374 0.049805 0.048622
0 0.403814 0.674271 0.049805 0.048622
0 0.398106 0.671430 0.049805 0.048622
0 0.355012 0.661483 0.049805 0.048622
0 0.263973 0.653431 0.049805 0.048622
0 0.281382 0.651063 0.049805 0.048622
0 0.285663 0.661483 0.049805 0.048622
0 0.449190 0.583806 0.049805 0.048622
0 0.446051 0.573386 0.049805 0.048622
0 0.446336 0.565807 0.049805 0.048622
0 0.455183 0.554440 0.049805 0.048622
0 0.463745 0.556334 0.049805 0.048622
0 0.472307 0.556334 0.049805 0.048622
0 0.432923 0.571017 0.049805 0.048622
0 0.425503 0.547809 0.049805 0.048622
0 0.432352 0.545441 0.049805 0.048622
0 0.437489 0.549703 0.049805 0.048622
0 0.442056 0.546388 0.049805 0.048622
0 0.454042 0.537389 0.049805 0.048622
0 0.426359 0.522706 0.049805 0.048622
0 0.421793 0.518917 0.049805 0.048622
0 0.442056 0.526969 0.049805 0.048622
0 0.448049 0.525074 0.049805 0.048622
0 0.450617 0.511812 0.049805 0.048622
0 0.442056 0.516075 0.049805 0.048622
0 0.435492 0.512286 0.049805 0.048622
0 0.459750 0.508970 0.049805 0.048622
0 0.462033 0.520338 0.049805 0.048622
0 0.458893 0.493340 0.049805 0.048622
0 0.462604 0.496182 0.049805 0.048622
0 0.457181 0.525074 0.049805 0.048622
0 0.472307 0.519390 0.049805 0.048622
0 0.469453 0.534073 0.049805 0.048622
0 0.481725 0.508023 0.049805 0.048622
0 0.491142 0.519390 0.049805 0.048622
0 0.484578 0.550177 0.049805 0.048622
0 0.484864 0.539283 0.049805 0.048622
0 0.480868 0.533126 0.049805 0.048622
0 0.493140 0.534547 0.049805 0.048622
0 0.492569 0.554440 0.049805 0.048622
0 0.496279 0.557755 0.049805 0.048622
0 0.499133 0.551124 0.049805 0.048622
0 0.473448 0.563439 0.049805 0.048622
0 0.478585 0.557282 0.049805 0.048622
0 0.503414 0.543072 0.049805 0.048622
0 0.522535 0.564860 0.049805 0.048622
0 0.511690 0.556334 0.049805 0.048622
0 0.506839 0.563913 0.049805 0.048622
0 0.496279 0.569123 0.049805 0.048622
0 0.472307 0.581911 0.049805 0.048622
0 0.469167 0.594699 0.049805 0.048622
0 0.484864 0.599910 0.049805 0.048622
0 0.537946 0.576701 0.049805 0.048622
0 0.541941 0.568176 0.049805 0.048622
0 0.546793 0.571017 0.049805 0.048622
0 0.543939 0.557282 0.049805 0.048622
0 0.552501 0.556334 0.049805 0.048622
0 0.537661 0.607014 0.049805 0.048622
0 0.552786 0.615066 0.049805 0.048622
0 0.541941 0.650116 0.049805 0.048622
0 0.518825 0.630696 0.049805 0.048622
0 0.506553 0.647747 0.049805 0.048622
0 0.500846 0.631644 0.049805 0.048622
0 0.474019 0.670956 0.049805 0.048622
0 0.484293 0.670009 0.049805 0.048622
0 0.492855 0.667640 0.049805 0.048622
0 0.467170 0.733477 0.049805 0.048622
0 0.474019 0.745791 0.049805 0.048622
0 0.489715 0.725425 0.049805 0.048622
0 0.429213 0.719741 0.049805 0.048622
0 0.460035 0.670956 0.049805 0.048622
0 0.474590 0.652010 0.049805 0.048622
0 0.459750 0.608435 0.049805 0.048622
0 0.472307 0.615540 0.049805 0.048622
0 0.471451 0.546862 0.049805 0.048622
0 0.499133 0.538810 0.049805 0.048622
0 0.529955 0.497603 0.049805 0.048622
0 0.537375 0.484814 0.049805 0.048622
0 0.548791 0.498076 0.049805 0.048622
0 0.554784 0.492866 0.049805 0.048622
0 0.551645 0.478183 0.049805 0.048622
0 0.539373 0.463027 0.049805 0.048622
0 0.529955 0.459238 0.049805 0.048622
0 0.525104 0.473921 0.049805 0.048622
0 0.525674 0.480552 0.049805 0.048622
0 0.527387 0.486235 0.049805 0.048622
0 0.515115 0.457817 0.049805 0.048622
0 0.511120 0.471552 0.049805 0.048622
0 0.513117 0.490972 0.049805 0.048622
0 0.519681 0.503286 0.049805 0.048622
0 0.525960 0.514180 0.049805 0.048622
0 0.533380 0.515128 0.049805 0.048622
0 0.531382 0.531705 0.049805 0.048622
0 0.541941 0.525548 0.049805 0.048622
0 0.578756 0.491919 0.049805 0.048622
0 0.208323 0.613645 0.049805 0.048622
0 0.576188 0.697480 0.049805 0.048622
0 0.563916 0.695585 0.049805 0.048622
0 0.555355 0.686586 0.049805 0.048622
0 0.537946 0.701743 0.049805 0.048622
0 0.532238 0.729214 0.049805 0.048622
0 0.527101 0.743423 0.049805 0.048622
0 0.547935 0.743423 0.049805 0.048622
0 0.548505 0.676166 0.049805 0.048622
0 0.528814 0.676640 0.049805 0.048622
0 0.520537 0.694638 0.049805 0.048622
0 0.517683 0.680902 0.049805 0.048622
0 0.520252 0.669061 0.049805 0.048622
0 0.512832 0.675692 0.049805 0.048622
0 0.500275 0.713110 0.049805 0.048622
0 0.491713 0.697954 0.049805 0.048622
0 0.528814 0.625486 0.049805 0.048622
0 0.549076 0.634012 0.049805 0.048622
0 0.562775 0.628328 0.049805 0.048622
0 0.570195 0.628328 0.049805 0.048622
0 0.573905 0.632591 0.049805 0.048622
0 0.583323 0.652010 0.049805 0.048622
0 0.572763 0.657220 0.049805 0.048622
0 0.565629 0.661957 0.049805 0.048622
0 0.599590 0.644432 0.049805 0.048622
0 0.583037 0.614592 0.049805 0.048622
0 0.590743 0.601804 0.049805 0.048622
0 0.511120 0.590437 0.049805 0.048622
0 0.523106 0.600857 0.049805 0.048622
0 0.552501 0.588068 0.049805 0.048622
0 0.560492 0.574333 0.049805 0.048622
0 0.575903 0.572438 0.049805 0.048622
0 0.569339 0.581911 0.049805 0.048622
0 0.566770 0.548283 0.049805 0.048622
0 0.559350 0.543546 0.049805 0.048622
0 0.500846 0.610330 0.049805 0.048622
0 0.493996 0.601804 0.049805 0.048622
0 0.527387 0.563913 0.049805 0.048622
0 0.531667 0.557755 0.049805 0.048622
0 0.521964 0.541178 0.049805 0.048622
0 0.509978 0.526969 0.049805 0.048622
0 0.502843 0.532179 0.049805 0.048622
0 0.509693 0.545441 0.049805 0.048622
0 0.546222 0.520338 0.049805 0.048622
0 0.553928 0.528863 0.049805 0.048622
0 0.563916 0.532179 0.049805 0.048622
0 0.569053 0.516075 0.049805 0.048622
0 0.573334 0.505655 0.049805 0.048622
0 0.570480 0.482920 0.049805 0.048622
0 0.565629 0.474868 0.049805 0.048622
0 0.620709 0.613645 0.049805 0.048622
0 0.641542 0.661483 0.049805 0.048622
0 0.576473 0.686112 0.049805 0.048622
0 0.670081 0.669061 0.049805 0.048622
0 0.659521 0.684692 0.049805 0.048622
0 0.689487 0.648695 0.049805 0.048622
0 0.690343 0.619803 0.049805 0.048622
0 0.678072 0.610330 0.049805 0.048622
0 0.664373 0.634959 0.049805 0.048622
0 0.672078 0.628328 0.049805 0.048622
0 0.654670 0.627381 0.049805 0.048622
0 0.648962 0.621223 0.049805 0.048622
0 0.637261 0.632117 0.049805 0.048622
0 0.640400 0.609382 0.049805 0.048622
0 0.645252 0.606067 0.049805 0.048622
0 0.660663 0.604172 0.049805 0.048622
0 0.666085 0.601804 0.049805 0.048622
0 0.670366 0.571017 0.049805 0.048622
0 0.673505 0.544020 0.049805 0.048622
0 0.613288 0.602751 0.049805 0.048622
0 0.631268 0.599910 0.049805 0.048622
0 0.623562 0.598489 0.049805 0.048622
0 0.620709 0.591384 0.049805 0.048622
0 0.630983 0.588068 0.049805 0.048622
0 0.666941 0.589016 0.049805 0.048622
0 0.644967 0.591384 0.049805 0.048622
0 0.605012 0.544020 0.049805 0.048622
0 0.594167 0.530284 0.049805 0.048622
0 0.609864 0.526021 0.049805 0.048622
0 0.612432 0.530284 0.049805 0.048622
0 0.618140 0.539283 0.049805 0.048622
0 0.643254 0.533126 0.049805 0.048622
0 0.662661 0.545914 0.049805 0.048622
0 0.505697 0.497603 0.049805 0.048622
0 0.502272 0.466342 0.049805 0.048622
0 0.491999 0.459711 0.049805 0.048622
0 0.482866 0.464921 0.049805 0.048622
0 0.481154 0.457343 0.049805 0.048622
0 0.468311 0.457817 0.049805 0.048622
0 0.477444 0.474868 0.049805 0.048622
0 0.462318 0.478183 0.049805 0.048622
0 0.444624 0.499024 0.049805 0.048622
0 0.429499 0.493340 0.049805 0.048622
0 0.452615 0.490972 0.049805 0.048622
0 0.480298 0.486235 0.049805 0.048622
0 0.500560 0.400980 0.049805 0.048622
0 0.513973 0.401453 0.049805 0.048622
0 0.525389 0.394822 0.049805 0.048622
0 0.544795 0.390560 0.049805 0.048622
0 0.477444 0.401927 0.049805 0.048622
0 0.492569 0.399559 0.049805 0.048622
0 0.487718 0.388665 0.049805 0.048622
0 0.477158 0.390560 0.049805 0.048622
0 0.470594 0.388665 0.049805 0.048622
0 0.462604 0.389139 0.049805 0.048622
0 0.490001 0.382508 0.049805 0.048622
0 0.502843 0.382981 0.049805 0.048622
0 0.517113 0.378718 0.049805 0.048622
0 0.533094 0.372087 0.049805 0.048622
0 0.538802 0.365930 0.049805 0.048622
0 0.546793 0.365456 0.049805 0.048622
0 0.527672 0.367351 0.049805 0.048622
0 0.556782 0.377771 0.049805 0.048622
0 0.562489 0.388665 0.049805 0.048622
0 0.564202 0.406663 0.049805 0.048622
0 0.546793 0.403348 0.049805 0.048622
0 0.567056 0.384876 0.049805 0.048622
0 0.577900 0.394822 0.049805 0.048622
0 0.588174 0.387244 0.049805 0.048622
0 0.592741 0.393875 0.049805 0.048622
0 0.510263 0.359773 0.049805 0.048622
0 0.516256 0.341774 0.049805 0.048622
0 0.519396 0.353142 0.049805 0.048622
0 0.507980 0.347932 0.049805 0.048622
0 0.495994 0.348405 0.049805 0.048622
0 0.493425 0.344143 0.049805 0.048622
0 0.486291 0.346037 0.049805 0.048622
0 0.477158 0.367351 0.049805 0.048622
0 0.472021 0.363562 0.049805 0.048622
0 0.491142 0.365930 0.049805 0.048622
0 0.498277 0.369719 0.049805 0.048622
0 0.503129 0.367825 0.049805 0.048622
0 0.486576 0.378718 0.049805 0.048622
0 0.548505 0.352668 0.049805 0.048622
0 0.538517 0.354089 0.049805 0.048622
0 0.560206 0.350774 0.049805 0.048622
0 0.570766 0.355036 0.049805 0.048622
0 0.574190 0.339880 0.049805 0.048622
0 0.608437 0.366877 0.049805 0.048622
0 0.599590 0.360720 0.049805 0.048622
0 0.613574 0.389612 0.049805 0.048622
0 0.631268 0.508497 0.049805 0.048622
0 0.629556 0.495235 0.049805 0.048622
0 0.450046 0.357405 0.049805 0.048622
0 0.454898 0.369719 0.049805 0.048622
0 0.461462 0.360720 0.049805 0.048622
0 0.465743 0.367825 0.049805 0.048622
0 0.480868 0.348879 0.049805 0.048622
0 0.671222 0.482446 0.049805 0.048622
0 0.683494 0.489077 0.049805 0.048622
0 0.670366 0.512759 0.049805 0.048622
0 0.659521 0.510391 0.049805 0.048622
0 0.407524 0.440766 0.049805 0.048622
0 0.414373 0.437924 0.049805 0.048622
0 0.422364 0.439818 0.049805 0.048622
0 0.419225 0.430819 0.049805 0.048622
0 0.418083 0.410453 0.049805 0.048622
0 0.407809 0.425609 0.049805 0.048622
0 0.405811 0.401453 0.049805 0.048622
0 0.416085 0.380613 0.049805 0.048622
0 0.424647 0.376350 0.049805 0.048622
0 0.432923 0.392928 0.049805 0.048622
0 0.448905 0.378718 0.049805 0.048622
0 0.437775 0.378718 0.049805 0.048622
0 0.435777 0.379666 0.049805 0.048622
0 0.436062 0.360720 0.049805 0.048622
0 0.432638 0.363088 0.049805 0.048622
0 0.444053 0.364983 0.049805 0.048622
0 0.447478 0.340353 0.049805 0.048622
0 0.453756 0.341301 0.049805 0.048622
0 0.459464 0.339880 0.049805 0.048622
0 0.458323 0.348879 0.049805 0.048622
0 0.467741 0.339880 0.049805 0.048622
0 0.465457 0.346037 0.049805 0.048622
0 0.472021 0.344143 0.049805 0.048622
0 0.478300 0.333249 0.049805 0.048622
0 0.483437 0.337512 0.049805 0.048622
0 0.488859 0.333249 0.049805 0.048622
0 0.493711 0.330881 0.049805 0.048622
0 0.500560 0.322355 0.049805 0.048622
0 0.507980 0.324723 0.049805 0.048622
0 0.514830 0.329460 0.049805 0.048622
0 0.519110 0.322829 0.049805 0.048622
0 0.526816 0.322829 0.049805 0.048622
0 0.547078 0.318092 0.049805 0.048622
0 0.545651 0.332775 0.049805 0.048622
0 0.553642 0.330881 0.049805 0.048622
0 0.553357 0.339406 0.049805 0.048622
0 0.559921 0.331354 0.049805 0.048622
0 0.531667 0.339406 0.049805 0.048622
0 0.522535 0.346984 0.049805 0.048622
0 0.477158 0.318092 0.049805 0.048622
0 0.454613 0.331354 0.049805 0.048622
0 0.458608 0.327091 0.049805 0.048622
0 0.450617 0.331354 0.049805 0.048622
0 0.449476 0.325197 0.049805 0.048622
0 0.454042 0.314303 0.049805 0.048622
0 0.446336 0.314303 0.049805 0.048622
0 0.469738 0.329460 0.049805 0.048622
0 0.441485 0.348879 0.049805 0.048622
0 0.434065 0.350300 0.049805 0.048622
0 0.424647 0.341301 0.049805 0.048622
0 0.431496 0.337512 0.049805 0.048622
0 0.421222 0.358352 0.049805 0.048622
0 0.425218 0.351247 0.049805 0.048622
0 0.426930 0.368298 0.049805 0.048622
0 0.430355 0.375403 0.049805 0.048622
0 0.402101 0.363088 0.049805 0.048622
0 0.408094 0.371140 0.049805 0.048622
0 0.411519 0.359773 0.049805 0.048622
0 0.400960 0.373982 0.049805 0.048622
0 0.391542 0.370193 0.049805 0.048622
0 0.387546 0.370193 0.049805 0.048622
0 0.390686 0.348405 0.049805 0.048622
0 0.396964 0.350774 0.049805 0.048622
0 0.384978 0.350300 0.049805 0.048622
0 0.401530 0.325671 0.049805 0.048622
0 0.406953 0.340353 0.049805 0.048622
0 0.404955 0.337985 0.049805 0.048622
0 0.407809 0.335617 0.049805 0.048622
0 0.412946 0.328986 0.049805 0.048622
0 0.423220 0.322355 0.049805 0.048622
0 0.430355 0.327091 0.049805 0.048622
0 0.436633 0.322829 0.049805 0.048622
0 0.422078 0.333249 0.049805 0.048622
0 0.413802 0.314303 0.049805 0.048622
0 0.419225 0.314777 0.049805 0.048622
0 0.425503 0.312409 0.049805 0.048622
0 0.439772 0.315250 0.049805 0.048622
0 0.458608 0.314777 0.049805 0.048622
0 0.509978 0.367825 0.049805 0.048622
0 0.397535 0.439345 0.049805 0.048622
0 0.386976 0.439818 0.049805 0.048622
0 0.384122 0.429398 0.049805 0.048622
0 0.394681 0.419452 0.049805 0.048622
0 0.382409 0.401453 0.049805 0.048622
0 0.389544 0.386297 0.049805 0.048622
0 0.390115 0.408084 0.049805 0.048622
0 0.383266 0.329460 0.049805 0.048622
0 0.378985 0.328512 0.049805 0.048622
0 0.382695 0.324250 0.049805 0.048622
0 0.379841 0.344143 0.049805 0.048622
0 0.376131 0.333722 0.049805 0.048622
0 0.372421 0.341301 0.049805 0.048622
0 0.374419 0.324723 0.049805 0.048622
0 0.378985 0.373508 0.049805 0.048622
0 0.370709 0.365456 0.049805 0.048622
0 0.371279 0.354563 0.049805 0.048622
0 0.373277 0.378245 0.049805 0.048622
0 0.372421 0.425135 0.049805 0.048622
0 0.366142 0.435556 0.049805 0.048622
0 0.363003 0.427030 0.049805 0.048622
0 0.356154 0.424662 0.049805 0.048622
0 0.353585 0.432240 0.049805 0.048622
0 0.351588 0.440292 0.049805 0.048622
0 0.352444 0.447870 0.049805 0.048622
0 0.360720 0.410926 0.049805 0.048622
0 0.350161 0.409979 0.049805 0.048622
0 0.356725 0.400980 0.049805 0.048622
0 0.363003 0.392928 0.049805 0.048622
0 0.345594 0.415189 0.049805 0.048622
0 0.608722 0.583806 0.049805 0.048622
0 0.360720 0.420399 0.049805 0.048622
0 0.358722 0.374456 0.049805 0.048622
0 0.353871 0.351247 0.049805 0.048622
0 0.346165 0.361194 0.049805 0.048622
0 0.329042 0.378718 0.049805 0.048622
0 0.337033 0.372087 0.049805 0.048622
0 0.327330 0.418978 0.049805 0.048622
0 0.330183 0.441713 0.049805 0.048622
0 0.340743 0.440766 0.049805 0.048622
0 0.335035 0.431293 0.049805 0.048622
0 0.322478 0.422767 0.049805 0.048622
0 0.322763 0.403822 0.049805 0.048622
0 0.311633 0.414242 0.049805 0.048622
0 0.320480 0.444081 0.049805 0.048622
0 0.316199 0.440292 0.049805 0.048622
0 0.309065 0.455449 0.049805 0.048622
0 0.305640 0.468237 0.049805 0.048622
0 0.300503 0.479131 0.049805 0.048622
0 0.285092 0.490972 0.049805 0.048622
0 0.294225 0.487656 0.049805 0.048622
0 0.261405 0.602278 0.049805 0.048622
0 0.261690 0.573386 0.049805 0.048622
0 0.263403 0.549703 0.049805 0.048622
0 0.259407 0.535021 0.049805 0.048622
0 0.265115 0.523179 0.049805 0.048622
0 0.258266 0.520338 0.049805 0.048622
0 0.268825 0.506128 0.049805 0.048622
0 0.273391 0.503286 0.049805 0.048622
0 0.277957 0.482446 0.049805 0.048622
0 0.266256 0.490498 0.049805 0.048622
0 0.256553 0.501392 0.049805 0.048622
0 0.251702 0.501392 0.049805 0.048622
0 0.258551 0.485288 0.049805 0.048622
0 0.286519 0.459238 0.049805 0.048622
0 0.292798 0.466342 0.049805 0.048622
0 0.300503 0.457343 0.049805 0.048622
0 0.292798 0.444081 0.049805 0.048622
0 0.293083 0.453080 0.049805 0.048622
0 0.281097 0.445028 0.049805 0.048622
0 0.280241 0.457343 0.049805 0.048622
0 0.287375 0.434135 0.049805 0.048622
0 0.268825 0.442187 0.049805 0.048622
0 0.258266 0.444555 0.049805 0.048622
0 0.253129 0.435082 0.049805 0.048622
0 0.271108 0.433187 0.049805 0.048622
0 0.252272 0.427030 0.049805 0.048622
0 0.251702 0.415189 0.049805 0.048622
0 0.265400 0.386297 0.049805 0.048622
0 0.257980 0.401453 0.049805 0.048622
0 0.254556 0.382034 0.049805 0.048622
0 0.253985 0.367351 0.049805 0.048622
0 0.266827 0.363088 0.049805 0.048622
0 0.279099 0.364036 0.049805 0.048622
0 0.289088 0.364983 0.049805 0.048622
0 0.306211 0.373982 0.049805 0.048622
0 0.309350 0.396717 0.049805 0.048622
0 0.309921 0.384402 0.049805 0.048622
0 0.318483 0.391033 0.049805 0.048622
0 0.303072 0.397664 0.049805 0.048622
0 0.297078 0.412821 0.049805 0.048622
0 0.303357 0.422294 0.049805 0.048622
0 0.298505 0.429398 0.049805 0.048622
0 0.305069 0.448818 0.049805 0.048622
0 0.308494 0.443608 0.049805 0.048622
0 0.376416 0.403348 0.049805 0.048622
0 0.343026 0.371614 0.049805 0.048622
0 0.332752 0.388665 0.049805 0.048622
0 0.367569 0.340353 0.049805 0.048622
0 0.369567 0.328512 0.049805 0.048622
0 0.366142 0.319513 0.049805 0.048622
0 0.343597 0.321408 0.049805 0.048622
0 0.348448 0.344616 0.049805 0.048622
0 0.260834 0.342722 0.049805 0.048622
0 0.253129 0.332775 0.049805 0.048622
0 0.257695 0.326618 0.049805 0.048622
0 0.268825 0.322829 0.049805 0.048622
0 0.265686 0.332775 0.049805 0.048622
0 0.269681 0.342722 0.049805 0.048622
0 0.277957 0.324723 0.049805 0.048622
0 0.281097 0.346037 0.049805 0.048622
0 0.290514 0.346037 0.049805 0.048622
0 0.298505 0.337985 0.049805 0.048622
0 0.302786 0.344143 0.049805 0.048622
0 0.308494 0.355510 0.049805 0.048622
0 0.300218 0.361667 0.049805 0.048622
0 0.323905 0.337038 0.049805 0.048622
0 0.321051 0.359773 0.049805 0.048622
0 0.315629 0.350300 0.049805 0.048622
0 0.311919 0.343669 0.049805 0.048622
0 0.319053 0.337512 0.049805 0.048622
0 0.311062 0.316671 0.049805 0.048622
0 0.305355 0.322355 0.049805 0.048622
0 0.327615 0.312882 0.049805 0.048622
0 0.327330 0.370193 0.049805 0.048622
0 0.342741 0.339880 0.049805 0.048622
0 0.333608 0.358352 0.049805 0.048622
0 0.334464 0.340353 0.049805 0.048622
0 0.333608 0.314777 0.049805 0.048622
0 0.355012 0.327091 0.049805 0.048622
0 0.269110 0.687060 0.049805 0.048622
0 0.327615 0.334196 0.049805 0.048622
0 0.294510 0.320460 0.049805 0.048622
0 0.285948 0.333722 0.049805 0.048622
0 0.543654 0.462080 0.049805 0.048622
0 0.626416 0.616961 0.049805 0.048622
0 0.281382 0.382508 0.049805 0.048622
0 0.285092 0.386770 0.049805 0.048622
0 0.350446 0.355510 0.049805 0.048622
0 0.410948 0.457817 0.049805 0.048622
0 0.473163 0.464921 0.049805 0.048622
0 0.303642 0.328986 0.049805 0.048622
0 0.322763 0.328512 0.049805 0.048622
0 0.334464 0.326618 0.049805 0.048622
0 0.261405 0.338459 0.049805 0.048622
0 0.544795 0.348405 0.049805 0.048622
0 0.588174 0.331354 0.049805 0.048622
0 0.317341 0.375877 0.049805 0.048622
0 0.313916 0.373982 0.049805 0.048622
0 0.277672 0.394822 0.049805 0.048622
0 0.268682 0.897120 0.049805 0.048622
0 0.307495 0.812812 0.049805 0.048622
0 0.331468 0.809023 0.049805 0.048622
0 0.282381 0.789130 0.049805 0.048622
0 0.289230 0.776815 0.049805 0.048622
0 0.229870 0.809023 0.049805 0.048622
0 0.336462 0.801829 0.049805 0.048622
0 0.312204 0.781463 0.049805 0.048622
0 0.324761 0.764885 0.049805 0.048622
0 0.307638 0.757307 0.049805 0.048622
0 0.269396 0.763938 0.049805 0.048622
0 0.275960 0.747360 0.049805 0.048622
0 0.287946 0.748781 0.049805 0.048622
0 0.236862 0.770095 0.049805 0.048622
0 0.204042 0.765832 0.049805 0.048622
0 0.222021 0.746887 0.049805 0.048622
0 0.220024 0.720363 0.049805 0.048622
0 0.243711 0.727941 0.049805 0.048622
0 0.248277 0.707101 0.049805 0.048622
0 0.251131 0.681524 0.049805 0.048622
0 0.366999 0.753044 0.049805 0.048622
0 0.380983 0.753518 0.049805 0.048622
0 0.371565 0.774358 0.049805 0.048622
0 0.365001 0.770095 0.049805 0.048622
0 0.358437 0.787620 0.049805 0.048622
0 0.348734 0.786673 0.049805 0.048622
0 0.367569 0.814617 0.049805 0.048622
0 0.378985 0.806092 0.049805 0.048622
0 0.394681 0.797566 0.049805 0.048622
0 0.410092 0.789988 0.049805 0.048622
0 0.395823 0.769148 0.049805 0.048622
0 0.401816 0.761570 0.049805 0.048622
0 0.426074 0.784778 0.049805 0.048622
0 0.394967 0.847772 0.049805 0.048622
0 0.421222 0.880454 0.049805 0.048622
0 0.397535 0.933975 0.049805 0.048622
0 0.350731 0.930186 0.049805 0.048622
0 0.423791 0.924503 0.049805 0.048622
0 0.342455 0.909346 0.049805 0.048622
0 0.458608 0.888032 0.049805 0.048622
0 0.462889 0.969025 0.049805 0.048622
0 0.492569 0.895610 0.049805 0.048622
0 0.537946 0.940133 0.049805 0.048622
0 0.553072 0.921187 0.049805 0.048622
0 0.531382 0.916451 0.049805 0.048622
0 0.303357 0.799935 0.049805 0.048622
0 0.290229 0.813197 0.049805 0.048622
0 0.288517 0.798514 0.049805 0.048622
0 0.432352 0.762990 0.049805 0.048622
0 0.439487 0.757307 0.049805 0.048622
0 0.481154 0.775779 0.049805 0.048622
0 0.516542 0.789988 0.049805 0.048622
0 0.525960 0.786673 0.049805 0.048622
0 0.533665 0.777673 0.049805 0.048622
0 0.534521 0.808934 0.049805 0.048622
0 0.511405 0.818880 0.049805 0.048622
0 0.509693 0.851562 0.049805 0.048622
0 0.539088 0.848720 0.049805 0.048622
0 0.545651 0.843036 0.049805 0.048622
0 0.536804 0.833563 0.049805 0.048622
0 0.558494 0.853930 0.049805 0.048622
0 0.587033 0.835931 0.049805 0.048622
0 0.586177 0.898452 0.049805 0.048622
0 0.593026 0.900820 0.049805 0.048622
0 0.544795 0.906978 0.049805 0.048622
0 0.594453 0.849667 0.049805 0.048622
0 0.578186 0.814617 0.049805 0.048622
0 0.558494 0.794251 0.049805 0.048622
0 0.534807 0.762043 0.049805 0.048622
0 0.495709 0.775305 0.049805 0.048622
0 0.456610 0.771042 0.049805 0.048622
0 0.442626 0.807039 0.049805 0.048622
0 0.428928 0.828353 0.049805 0.048622
0 0.418654 0.835931 0.049805 0.048622
0 0.421508 0.863403 0.049805 0.048622
0 0.440914 0.864350 0.049805 0.048622
0 0.434635 0.860561 0.049805 0.048622
0 0.459179 0.845404 0.049805 0.048622
0 0.468026 0.832616 0.049805 0.048622
0 0.406667 0.833563 0.049805 0.048622
0 0.402672 0.644580 0.049805 0.048622
0 0.558779 0.707101 0.049805 0.048622
0 0.524818 0.949606 0.049805 0.048622
0 0.409236 0.772463 0.049805 0.048622
0 0.475731 0.579217 0.049805 0.048622
0 0.472021 0.868613 0.049805 0.048622
0 0.472307 0.848720 0.049805 0.048622
0 0.482581 0.847299 0.049805 0.048622
0 0.588460 0.780989 0.049805 0.048622
0 0.594167 0.748781 0.049805 0.048622
0 0.564772 0.621371 0.049805 0.048622
0 0.468311 0.794251 0.049805 0.048622
0 0.475731 0.799461 0.049805 0.048622
0 0.537090 0.881401 0.049805 0.048622
0 0.483722 0.947711 0.049805 0.048622
0 0.286519 0.882822 0.049805 0.048622
0 0.226017 0.883769 0.049805 0.048622
0 0.255126 0.829300 0.049805 0.048622
0 0.155811 0.756359 0.049805 0.048622
0 0.219453 0.659736 0.049805 0.048622
0 0.234578 0.608583 0.049805 0.048622
0 0.240286 0.581112 0.049805 0.048622
0 0.230583 0.570218 0.049805 0.048622
0 0.218026 0.574007 0.049805 0.048622
0 0.250846 0.604320 0.049805 0.048622
0 0.215743 0.645053 0.049805 0.048622
0 0.161234 0.769148 0.049805 0.048622
0 0.353585 0.676788 0.049805 0.048622
0 0.507124 0.582533 0.049805 0.048622
0 0.606439 0.940606 0.049805 0.048622
0 0.603300 0.917872 0.049805 0.048622
0 0.616142 0.892295 0.049805 0.048622
0 0.608151 0.881875 0.049805 0.048622
0 0.622421 0.859140 0.049805 0.048622
0 0.644681 0.964289 0.049805 0.048622
0 0.706325 0.983234 0.049805 0.048622
0 0.699476 0.975182 0.049805 0.048622
0 0.736005 0.976603 0.049805 0.048622
0 0.722307 0.987971 0.049805 0.048622
0 0.711747 0.953868 0.049805 0.048622
0 0.709179 0.936344 0.049805 0.048622
0 0.782524 0.953868 0.049805 0.048622
0 0.623848 0.778621 0.049805 0.048622
0 0.595309 0.795198 0.049805 0.048622
0 0.686633 0.816512 0.049805 0.048622
0 0.716314 0.757780 0.049805 0.048622
0 0.764259 0.799461 0.049805 0.048622
0 0.780526 0.797093 0.049805 0.048622
0 0.786234 0.810355 0.049805 0.048622
0 0.773106 0.845404 0.049805 0.048622
0 0.796508 0.859140 0.049805 0.048622
0 0.787375 0.878559 0.049805 0.048622
0 0.812204 0.773411 0.049805 0.048622
0 0.830469 0.753991 0.049805 0.048622
0 0.834750 0.774358 0.049805 0.048622
0 0.848448 0.783357 0.049805 0.048622
0 0.817341 0.861034 0.049805 0.048622
0 0.822478 0.755412 0.049805 0.048622
0 0.827615 0.667788 0.049805 0.048622
0 0.840172 0.657842 0.049805 0.048622
0 0.759122 0.636054 0.049805 0.048622
0 0.747421 0.626108 0.049805 0.048622
0 0.737432 0.625160 0.049805 0.048622
0 0.745709 0.579217 0.049805 0.048622
0 0.725731 0.595321 0.049805 0.048622
0 0.780526 0.619950 0.049805 0.048622
0 0.773391 0.601005 0.049805 0.048622
0 0.763973 0.583954 0.049805 0.048622
0 0.760834 0.581585 0.049805 0.048622
0 0.810777 0.609057 0.049805 0.048622
0 0.829042 0.647422 0.049805 0.048622
0 0.827900 0.636528 0.049805 0.048622
0 0.838174 0.625634 0.049805 0.048622
0 0.849875 0.601952 0.049805 0.048622
0 0.865286 0.859140 0.049805 0.048622
0 0.798505 0.790935 0.049805 0.048622
0 0.757124 0.839247 0.049805 0.048622
0 0.689202 0.875244 0.049805 0.048622
0 0.578471 0.829300 0.049805 0.048622
0 0.896964 0.953395 0.049805 0.048622
0 0.878414 0.965709 0.049805 0.048622
0 0.870994 0.911714 0.049805 0.048622
0 0.812775 0.485288 0.049805 0.048622
0 0.849304 0.466342 0.049805 0.048622
0 0.848448 0.456870 0.049805 0.048622
0 0.859578 0.442187 0.049805 0.048622
0 0.879841 0.460185 0.049805 0.048622
0 0.887261 0.448344 0.049805 0.048622
0 0.907524 0.463974 0.049805 0.048622
0 0.912946 0.445502 0.049805 0.048622
0 0.924932 0.451186 0.049805 0.048622
0 0.944624 0.459238 0.049805 0.048622
0 0.905241 0.402874 0.049805 0.048622
0 0.903243 0.385823 0.049805 0.048622
0 0.885263 0.384402 0.049805 0.048622
0 0.909236 0.371140 0.049805 0.048622
0 0.917227 0.367351 0.049805 0.048622
0 0.922649 0.371140 0.049805 0.048622
0 0.833037 0.637327 0.049805 0.048622
0 0.728585 0.548283 0.049805 0.048622
0 0.737432 0.545914 0.049805 0.048622
0 0.749704 0.525548 0.049805 0.048622
0 0.839316 0.541652 0.049805 0.048622
0 0.847021 0.533126 0.049805 0.048622
0 0.844167 0.554440 0.049805 0.048622
0 0.856439 0.566281 0.049805 0.048622
0 0.830183 0.574333 0.049805 0.048622
0 0.831325 0.564860 0.049805 0.048622
0 0.816770 0.598962 0.049805 0.048622
0 0.783665 0.469184 0.049805 0.048622
0 0.789373 0.445028 0.049805 0.048622
0 0.778814 0.438871 0.049805 0.048622
0 0.803357 0.448344 0.049805 0.048622
0 0.791085 0.426556 0.049805 0.048622
0 0.822763 0.436029 0.049805 0.048622
0 0.814202 0.435556 0.049805 0.048622
0 0.832752 0.499971 0.049805 0.048622
0 0.847021 0.439345 0.049805 0.048622
0 0.833608 0.435556 0.049805 0.048622
0 0.847307 0.402874 0.049805 0.048622
0 0.853014 0.409032 0.049805 0.048622
0 0.861576 0.422294 0.049805 0.048622
0 0.834750 0.423241 0.049805 0.048622
0 0.845024 0.423241 0.049805 0.048622
0 0.826759 0.371140 0.049805 0.048622
0 0.819053 0.399559 0.049805 0.048622
0 0.788231 0.392928 0.049805 0.048622
0 0.875275 0.303883 0.049805 0.048622
0 0.878985 0.277359 0.049805 0.048622
0 0.913517 0.298673 0.049805 0.048622
0 0.914373 0.292042 0.049805 0.048622
0 0.918368 0.319987 0.049805 0.048622
0 0.905526 0.326144 0.049805 0.048622
0 0.916656 0.251782 0.049805 0.048622
0 0.907809 0.263150 0.049805 0.048622
0 0.740572 0.437924 0.049805 0.048622
0 0.734864 0.438397 0.049805 0.048622
0 0.732295 0.441239 0.049805 0.048622
0 0.738288 0.436029 0.049805 0.048622
0 0.662661 0.523653 0.049805 0.048622
0 0.640971 0.524600 0.049805 0.048622
0 0.668083 0.548283 0.049805 0.048622
0 0.687204 0.603699 0.049805 0.048622
0 0.734864 0.601330 0.049805 0.048622
0 0.737147 0.634959 0.049805 0.048622
0 0.746565 0.638748 0.049805 0.048622
0 0.731154 0.387718 0.049805 0.048622
0 0.714030 0.419925 0.049805 0.048622
0 0.747992 0.493814 0.049805 0.048622
0 0.539658 0.268360 0.049805 0.048622
0 0.521679 0.292042 0.049805 0.048622
0 0.519967 0.287779 0.049805 0.048622
0 0.513403 0.298199 0.049805 0.048622
0 0.511405 0.287779 0.049805 0.048622
0 0.505412 0.282569 0.049805 0.048622
0 0.501987 0.281622 0.049805 0.048622
0 0.504556 0.300567 0.049805 0.048622
0 0.557352 0.309093 0.049805 0.048622
0 0.547649 0.306725 0.049805 0.048622
0 0.535663 0.311935 0.049805 0.048622
0 0.531097 0.310040 0.049805 0.048622
0 0.527957 0.307672 0.049805 0.048622
0 0.521964 0.304830 0.049805 0.048622
0 0.576188 0.381560 0.049805 0.048622
0 0.614715 0.403348 0.049805 0.048622
0 0.837889 0.364509 0.049805 0.048622
0 0.885834 0.355984 0.049805 0.048622
0 0.921793 0.512286 0.049805 0.048622
0 0.922078 0.594699 0.049805 0.048622
0 0.941485 0.582385 0.049805 0.048622
0 0.922364 0.623118 0.049805 0.048622
0 0.858151 0.642064 0.049805 0.048622
0 0.559921 0.266465 0.049805 0.048622
0 0.534521 0.494761 0.049805 0.048622
0 0.516256 0.389139 0.049805 0.048622
0 0.568768 0.302936 0.049805 0.048622
0 0.504556 0.266465 0.049805 0.048622
0 0.511976 0.256992 0.049805 0.048622
0 0.519396 0.258887 0.049805 0.048622
0 0.515400 0.266465 0.049805 0.048622
0 0.518825 0.271202 0.049805 0.048622
0 0.506268 0.274991 0.049805 0.048622
0 0.533380 0.265044 0.049805 0.048622
0 0.529955 0.261255 0.049805 0.048622
0 0.793083 0.348405 0.049805 0.048622
0 0.714601 0.446449 0.049805 0.048622
0 0.679213 0.453554 0.049805 0.048622
0 0.542512 0.504234 0.049805 0.048622
0 0.787375 0.351721 0.049805 0.048622
0 0.358151 0.336416 0.049805 0.048622
0 0.361005 0.328838 0.049805 0.048622
0 0.225161 0.321260 0.049805 0.048622
0 0.230012 0.315103 0.049805 0.048622
0 0.245423 0.322207 0.049805 0.048622
0 0.242284 0.326470 0.049805 0.048622
0 0.232866 0.327891 0.049805 0.048622
0 0.230298 0.320313 0.049805 0.048622
0 0.243140 0.299946 0.049805 0.048622
0 0.247706 0.304682 0.049805 0.048622
0 0.258836 0.302314 0.049805 0.048622
0 0.264259 0.307051 0.049805 0.048622
0 0.252558 0.316050 0.049805 0.048622
0 0.261120 0.318418 0.049805 0.048622
0 0.258266 0.316997 0.049805 0.048622
0 0.282524 0.308472 0.049805 0.048622
0 0.281382 0.291894 0.049805 0.048622
0 0.287375 0.292841 0.049805 0.048622
0 0.297649 0.288579 0.049805 0.048622
0 0.293083 0.330733 0.049805 0.048622
0 0.235149 0.286684 0.049805 0.048622
0 0.246279 0.259213 0.049805 0.048622
0 0.244282 0.247372 0.049805 0.048622
0 0.257980 0.254950 0.049805 0.048622
0 0.259978 0.266791 0.049805 0.048622
0 0.256268 0.265370 0.049805 0.048622
0 0.266256 0.254003 0.049805 0.048622
0 0.276245 0.253529 0.049805 0.048622
0 0.283094 0.253529 0.049805 0.048622
0 0.289088 0.253529 0.049805 0.048622
0 0.292798 0.256844 0.049805 0.048622
0 0.266542 0.281474 0.049805 0.048622
0 0.274247 0.276264 0.049805 0.048622
0 0.277957 0.269633 0.049805 0.048622
0 0.269110 0.271054 0.049805 0.048622
0 0.256839 0.275317 0.049805 0.048622
0 0.260834 0.245951 0.049805 0.048622
0 0.329898 0.286210 0.049805 0.048622
0 0.331610 0.293315 0.049805 0.048622
0 0.323049 0.300893 0.049805 0.048622
0 0.313346 0.305630 0.049805 0.048622
0 0.303642 0.298051 0.049805 0.048622
0 0.302786 0.300893 0.049805 0.048622
0 0.356439 0.307998 0.049805 0.048622
0 0.365286 0.311787 0.049805 0.048622
0 0.376987 0.304682 0.049805 0.048622
0 0.370709 0.290947 0.049805 0.048622
0 0.367284 0.291894 0.049805 0.048622
0 0.376987 0.298051 0.049805 0.048622
0 0.382980 0.288579 0.049805 0.048622
0 0.378414 0.281474 0.049805 0.048622
0 0.383266 0.275790 0.049805 0.048622
0 0.378985 0.268686 0.049805 0.048622
0 0.383836 0.266791 0.049805 0.048622
0 0.374419 0.269159 0.049805 0.048622
0 0.379556 0.256844 0.049805 0.048622
0 0.372135 0.256844 0.049805 0.048622
0 0.232295 0.391833 0.049805 0.048622
0 0.235435 0.388517 0.049805 0.048622
0 0.246565 0.395622 0.049805 0.048622
0 0.242569 0.409357 0.049805 0.048622
0 0.235149 0.430671 0.049805 0.048622
0 0.227158 0.458143 0.049805 0.048622
0 0.235720 0.453880 0.049805 0.048622
0 0.247135 0.448670 0.049805 0.048622
0 0.248562 0.422146 0.049805 0.048622
0 0.257980 0.435408 0.049805 0.048622
0 0.243425 0.385202 0.049805 0.048622
0 0.237718 0.373361 0.049805 0.048622
0 0.233722 0.373361 0.049805 0.048622
0 0.226017 0.377623 0.049805 0.048622
0 0.417512 0.453880 0.049805 0.048622
0 0.439202 0.486561 0.049805 0.048622
0 0.431782 0.484667 0.049805 0.048622
0 0.496279 0.478983 0.049805 0.048622
0 0.529099 0.473773 0.049805 0.048622
0 0.236005 0.337364 0.049805 0.048622
0 0.231154 0.354415 0.049805 0.048622
0 0.227158 0.349205 0.049805 0.048622
0 0.232581 0.345889 0.049805 0.048622
0 0.240572 0.345889 0.049805 0.048622
0 0.224590 0.350152 0.049805 0.048622
0 0.288517 0.191008 0.049805 0.048622
0 0.301645 0.183430 0.049805 0.048622
0 0.400674 0.258265 0.049805 0.048622
0 0.396108 0.277211 0.049805 0.048622
0 0.397820 0.284789 0.049805 0.048622
0 0.387546 0.293789 0.049805 0.048622
0 0.388688 0.267265 0.049805 0.048622
0 0.389544 0.312261 0.049805 0.048622
0 0.396964 0.301841 0.049805 0.048622
0 0.402672 0.306577 0.049805 0.048622
0 0.410377 0.300893 0.049805 0.048622
0 0.397535 0.315103 0.049805 0.048622
0 0.416371 0.294736 0.049805 0.048622
0 0.414944 0.272001 0.049805 0.048622
0 0.412090 0.270580 0.049805 0.048622
0 0.416371 0.263475 0.049805 0.048622
0 0.426074 0.267738 0.049805 0.048622
0 0.425788 0.277685 0.049805 0.048622
0 0.431211 0.260160 0.049805 0.048622
0 0.432923 0.267265 0.049805 0.048622
0 0.443483 0.274843 0.049805 0.048622
0 0.432067 0.295683 0.049805 0.048622
0 0.447763 0.281474 0.049805 0.048622
0 0.451188 0.269633 0.049805 0.048622
0 0.453471 0.259213 0.049805 0.048622
0 0.450617 0.250687 0.049805 0.048622
0 0.446622 0.254476 0.049805 0.048622
0 0.442626 0.262055 0.049805 0.048622
0 0.465172 0.278158 0.049805 0.048622
0 0.462889 0.286684 0.049805 0.048622
0 0.468026 0.273896 0.049805 0.048622
0 0.448049 0.303261 0.049805 0.048622
0 0.440914 0.303261 0.049805 0.048622
0 0.446622 0.294736 0.049805 0.048622
0 0.442341 0.298051 0.049805 0.048622
0 0.435777 0.285263 0.049805 0.048622
0 0.475161 0.302788 0.049805 0.048622
0 0.474590 0.287158 0.049805 0.048622
0 0.460891 0.296630 0.049805 0.048622
0 0.475731 0.277685 0.049805 0.048622
0 0.474019 0.257792 0.049805 0.048622
0 0.479727 0.257792 0.049805 0.048622
0 0.469167 0.248319 0.049805 0.048622
0 0.425788 0.249740 0.049805 0.048622
0 0.186633 0.345889 0.049805 0.048622
0 0.234293 0.495087 0.049805 0.048622
0 0.434065 0.198586 0.049805 0.048622
0 0.408951 0.196218 0.049805 0.048622
0 0.419510 0.194324 0.049805 0.048622
0 0.417798 0.187693 0.049805 0.048622
0 0.408665 0.186272 0.049805 0.048622
0 0.395823 0.179167 0.049805 0.048622
0 0.385263 0.193850 0.049805 0.048622
0 0.382695 0.174904 0.049805 0.048622
0 0.335320 0.202376 0.049805 0.048622
0 0.326759 0.196218 0.049805 0.048622
0 0.324761 0.181535 0.049805 0.048622
0 0.336177 0.185798 0.049805 0.048622
0 0.317626 0.177273 0.049805 0.048622
0 0.359578 0.170642 0.049805 0.048622
0 0.417512 0.158327 0.049805 0.048622
0 0.462889 0.202376 0.049805 0.048622
0 0.466599 0.190061 0.049805 0.048622
0 0.456896 0.187693 0.049805 0.048622
0 0.476873 0.178220 0.049805 0.048622
0 0.490572 0.184377 0.049805 0.048622
0 0.477158 0.186745 0.049805 0.048622
0 0.467741 0.172536 0.049805 0.048622
0 0.459464 0.171589 0.049805 0.048622
0 0.446907 0.164484 0.049805 0.048622
0 0.439202 0.164484 0.049805 0.048622
0 0.433779 0.165431 0.049805 0.048622
0 0.428928 0.156432 0.049805 0.048622
0 0.438346 0.156432 0.049805 0.048622
0 0.446907 0.156906 0.049805 0.048622
0 0.460320 0.156906 0.049805 0.048622
0 0.468026 0.156906 0.049805 0.048622
0 0.489145 0.173010 0.049805 0.048622
0 0.288517 0.204744 0.049805 0.048622
0 0.320195 0.199534 0.049805 0.048622
0 0.450332 0.209480 0.049805 0.048622
0 0.454042 0.215638 0.049805 0.048622
0 0.458037 0.219900 0.049805 0.048622
0 0.467455 0.219900 0.049805 0.048622
0 0.415229 0.211848 0.049805 0.048622
0 0.528528 0.194324 0.049805 0.048622
0 0.534236 0.201428 0.049805 0.048622
0 0.304213 0.240741 0.049805 0.048622
0 0.349590 0.264896 0.049805 0.048622
0 0.346451 0.278158 0.049805 0.048622
0 0.331325 0.274843 0.049805 0.048622
0 0.338745 0.272001 0.049805 0.048622
0 0.326473 0.262528 0.049805 0.048622
0 0.331325 0.253529 0.049805 0.048622
0 0.364715 0.257792 0.049805 0.048622
0 0.361862 0.272948 0.049805 0.048622
0 0.360720 0.285737 0.049805 0.048622
0 0.366428 0.277685 0.049805 0.048622
0 0.363574 0.267738 0.049805 0.048622
0 0.369282 0.269633 0.049805 0.048622
0 0.356439 0.280527 0.049805 0.048622
0 0.354156 0.253529 0.049805 0.048622
0 0.357581 0.316050 0.049805 0.048622
0 0.329327 0.350152 0.049805 0.048622
0 0.322478 0.235057 0.049805 0.048622
0 0.296222 0.267265 0.049805 0.048622
0 0.284521 0.281474 0.049805 0.048622
0 0.384122 0.245003 0.049805 0.048622
0 0.391827 0.243109 0.049805 0.048622
0 0.414658 0.247372 0.049805 0.048622
0 0.491142 0.214217 0.049805 0.048622
0 0.103300 0.392217 0.049805 0.048622
0 0.278528 0.283753 0.049805 0.048622
0 0.242569 0.497366 0.049805 0.048622
0 0.238859 0.488367 0.049805 0.048622
0 0.242855 0.488367 0.049805 0.048622
0 0.234008 0.503050 0.049805 0.048622
0 0.026530 0.318803 0.049805 0.048622
0 0.226017 0.385113 0.049805 0.048622
0 0.215457 0.375166 0.049805 0.048622
0 0.285377 0.375166 0.049805 0.048622
0 0.297935 0.371377 0.049805 0.048622
0 0.295651 0.363325 0.049805 0.048622
0 0.325617 0.358115 0.049805 0.048622
0 0.381553 0.421109 0.049805 0.048622
0 0.773819 0.655563 0.049805 0.048622
0 0.799504 0.746502 0.049805 0.048622
0 0.795509 0.761658 0.049805 0.048622
0 0.759550 0.737976 0.049805 0.048622
0 0.751559 0.768289 0.049805 0.048622
0 0.459892 0.721873 0.049805 0.048622
0 0.411947 0.701980 0.049805 0.048622
0 0.688774 0.704821 0.049805 0.048622
0 0.817769 0.451896 0.049805 0.048622
0 0.124276 0.761658 0.049805 0.048622
0 0.093454 0.759764 0.049805 0.048622
0 0.104870 0.753133 0.049805 0.048622
0 0.074618 0.756922 0.049805 0.048622
0 0.004984 0.773026 0.049805 0.048622
0 0.012975 0.773026 0.049805 0.048622
0 0.484436 0.751238 0.049805 0.048622
0 0.499847 0.759764 0.049805 0.048622
0 0.552358 0.200866 0.049805 0.048622
0 0.541371 0.453080 0.049805 0.048622
0 0.634407 0.532652 0.049805 0.048622
0 0.718597 0.561071 0.049805 0.048622
0 0.417227 0.281148 0.049805 0.048622
0 0.567056 0.288726 0.049805 0.048622
0 0.745138 0.527916 0.049805 0.048622
0 0.611862 0.567228 0.049805 0.048622
0 0.638688 0.565334 0.049805 0.048622
0 0.639544 0.555861 0.049805 0.048622
0 0.627843 0.570544 0.049805 0.048622
0 0.661519 0.566281 0.049805 0.048622
0 0.568483 0.400506 0.049805 0.048622
0 0.458893 0.400506 0.049805 0.048622
0 0.570766 0.203944 0.049805 0.048622
0 0.748848 0.557755 0.049805 0.048622
0 0.517398 0.197313 0.049805 0.048622
0 0.516256 0.180262 0.049805 0.048622
0 0.313774 0.734187 0.049805 0.048622
0 0.297792 0.729451 0.049805 0.048622
0 0.078043 0.691559 0.049805 0.048622
0 0.529103 0.176196 0.049805 0.048622
0 0.529103 0.165419 0.049805 0.048622
0 0.531101 0.157129 0.049805 0.048622
0 0.522110 0.154643 0.049805 0.048622
0 0.512120 0.153814 0.049805 0.048622
0 0.500132 0.172051 0.049805 0.048622
0 0.496136 0.165419 0.049805 0.048622
0 0.486646 0.155471 0.049805 0.048622
0 0.479153 0.158787 0.049805 0.048622
0 0.506126 0.211014 0.049805 0.048622
0 0.498134 0.220133 0.049805 0.048622
0 0.514118 0.215988 0.049805 0.048622
0 0.526106 0.216817 0.049805 0.048622
0 0.493639 0.237542 0.049805 0.048622
0 0.567065 0.183657 0.049805 0.048622
0 0.546586 0.190289 0.049805 0.048622
0 0.539093 0.188631 0.049805 0.048622
0 0.551581 0.167906 0.049805 0.048622
0 0.552080 0.161274 0.049805 0.048622
0 0.546586 0.157129 0.049805 0.048622
0 0.539093 0.155471 0.049805 0.048622
0 0.571561 0.020346 0.049805 0.048622
0 0.585047 0.033610 0.049805 0.048622
0 0.542590 0.026149 0.049805 0.048622
0 0.532600 0.036097 0.049805 0.048622
0 0.519613 0.036926 0.049805 0.048622
0 0.523609 0.025320 0.049805 0.048622
0 0.512120 0.026978 0.049805 0.048622
0 0.498134 0.027807 0.049805 0.048622
0 0.488144 0.026149 0.049805 0.048622
0 0.473159 0.021175 0.049805 0.048622
0 0.467165 0.020346 0.049805 0.048622
0 0.465167 0.036926 0.049805 0.048622
0 0.441691 0.031952 0.049805 0.048622
0 0.436696 0.031952 0.049805 0.048622
0 0.435697 0.026149 0.049805 0.048622
0 0.441691 0.022833 0.049805 0.048622
0 0.424208 0.025320 0.049805 0.048622
0 0.413219 0.027807 0.049805 0.048622
0 0.406725 0.027807 0.049805 0.048622
0 0.400232 0.022004 0.049805 0.048622
0 0.395237 0.028636 0.049805 0.048622
0 0.387744 0.037755 0.049805 0.048622
0 0.386745 0.022004 0.049805 0.048622
0 0.383748 0.030294 0.049805 0.048622
0 0.368763 0.031952 0.049805 0.048622
0 0.373259 0.022833 0.049805 0.048622
0 0.353778 0.030294 0.049805 0.048622
0 0.345287 0.026149 0.049805 0.048622
0 0.333299 0.024491 0.049805 0.048622
0 0.316316 0.032781 0.049805 0.048622
0 0.293838 0.023662 0.049805 0.048622
0 0.287844 0.027807 0.049805 0.048622
0 0.279353 0.036097 0.049805 0.048622
0 0.260871 0.031952 0.049805 0.048622
0 0.133748 0.036097 0.049805 0.048622
0 0.102779 0.034439 0.049805 0.048622
0 0.175706 0.032781 0.049805 0.048622
0 0.187195 0.031123 0.049805 0.048622
0 0.209173 0.033610 0.049805 0.048622
0 0.231151 0.031123 0.049805 0.048622
0 0.119762 0.327073 0.049805 0.048622
0 0.122759 0.330389 0.049805 0.048622
0 0.124258 0.341166 0.049805 0.048622
0 0.129253 0.350285 0.049805 0.048622
0 0.128254 0.357746 0.049805 0.048622
0 0.135746 0.327073 0.049805 0.048622
0 0.130252 0.316296 0.049805 0.048622
0 0.104777 0.316296 0.049805 0.048622
0 0.108274 0.308835 0.049805 0.048622
0 0.062320 0.312151 0.049805 0.048622
0 0.056326 0.324586 0.049805 0.048622
0 0.053329 0.334534 0.049805 0.048622
0 0.047335 0.330389 0.049805 0.048622
0 0.045836 0.335363 0.049805 0.048622
0 0.745387 0.932699 0.049805 0.048622
0 0.746885 0.961714 0.049805 0.048622
0 0.762370 0.962543 0.049805 0.048622
0 0.731900 0.945963 0.049805 0.048622
0 0.731900 0.913632 0.049805 0.048622
0 0.712420 0.873012 0.049805 0.048622
0 0.702430 0.912803 0.049805 0.048622
0 0.687944 0.907829 0.049805 0.048622
0 0.649982 0.751979 0.049805 0.048622
0 0.642490 0.795086 0.049805 0.048622
0 0.673958 0.721306 0.049805 0.048622
0 0.679952 0.714674 0.049805 0.048622
0 0.680951 0.688146 0.049805 0.048622
0 0.644987 0.699752 0.049805 0.048622
0 0.655477 0.704726 0.049805 0.048622
0 0.650482 0.713016 0.049805 0.048622
0 0.661970 0.712187 0.049805 0.048622
0 0.672460 0.754466 0.049805 0.048622
0 0.668464 0.780993 0.049805 0.048622
0 0.652979 0.795086 0.049805 0.048622
0 0.650482 0.822443 0.049805 0.048622
0 0.672959 0.856432 0.049805 0.048622
0 0.732899 0.867209 0.049805 0.048622
0 0.732899 0.834878 0.049805 0.048622
0 0.697934 0.809179 0.049805 0.048622
0 0.689942 0.800060 0.049805 0.048622
0 0.778853 0.756953 0.049805 0.048622
0 0.771860 0.732912 0.049805 0.048622
0 0.728903 0.612708 0.049805 0.048622
0 0.715417 0.588667 0.049805 0.048622
0 0.682450 0.589496 0.049805 0.048622
0 0.676456 0.594470 0.049805 0.048622
0 0.674458 0.562139 0.049805 0.048622
0 0.684448 0.557994 0.049805 0.048622
0 0.671461 0.650013 0.049805 0.048622
0 0.647984 0.648355 0.049805 0.048622
0 0.632500 0.660789 0.049805 0.048622
0 0.624508 0.652499 0.049805 0.048622
0 0.621511 0.554678 0.049805 0.048622
0 0.630002 0.539756 0.049805 0.048622
0 0.835796 0.980550 0.049805 0.048622
0 0.770861 0.983866 0.049805 0.048622
0 0.865766 0.987182 0.049805 0.048622
0 0.849782 0.975576 0.049805 0.048622
0 0.876755 0.924178 0.049805 0.048622
0 0.850781 0.687087 0.049805 0.048622
0 0.812570 0.426552 0.049805 0.048622
0 0.820062 0.421578 0.049805 0.048622
0 0.786596 0.415775 0.049805 0.048622
0 0.852030 0.375984 0.049805 0.048622
0 0.861021 0.400853 0.049805 0.048622
0 0.877505 0.419920 0.049805 0.048622
0 0.949932 0.342824 0.049805 0.048622
0 0.979403 0.341995 0.049805 0.048622
0 0.971411 0.354430 0.049805 0.048622
0 0.965417 0.374326 0.049805 0.048622
0 0.966915 0.387589 0.049805 0.048622
0 0.955427 0.369352 0.049805 0.048622
0 0.991890 0.382616 0.049805 0.048622
0 0.983898 0.303861 0.049805 0.048622
0 0.985896 0.291426 0.049805 0.048622
0 0.989393 0.274846 0.049805 0.048622
0 0.964418 0.262412 0.049805 0.048622
0 0.963918 0.256609 0.049805 0.048622
0 0.954428 0.260754 0.049805 0.048622
0 0.958923 0.256609 0.049805 0.048622
0 0.957425 0.249148 0.049805 0.048622
0 0.952430 0.240858 0.049805 0.048622
0 0.949433 0.229252 0.049805 0.048622
0 0.945936 0.235055 0.049805 0.048622
0 0.943938 0.226765 0.049805 0.048622
0 0.938943 0.231739 0.049805 0.048622
0 0.938943 0.221791 0.049805 0.048622
0 0.922460 0.218475 0.049805 0.048622
0 0.914468 0.220133 0.049805 0.048622
0 0.913968 0.210185 0.049805 0.048622
0 0.919463 0.206040 0.049805 0.048622
0 0.910971 0.199408 0.049805 0.048622
0 0.917964 0.191947 0.049805 0.048622
0 0.914967 0.236713 0.049805 0.048622
0 0.922959 0.242516 0.049805 0.048622
0 0.923958 0.262412 0.049805 0.048622
0 0.923459 0.275675 0.049805 0.048622
0 0.909473 0.291426 0.049805 0.048622
0 0.912470 0.280649 0.049805 0.048622
0 0.906975 0.281478 0.049805 0.048622
0 0.886496 0.265728 0.049805 0.048622
0 0.884498 0.270701 0.049805 0.048622
0 0.882999 0.288110 0.049805 0.048622
0 0.880002 0.269044 0.049805 0.048622
0 0.944438 0.276504 0.049805 0.048622
0 0.946935 0.266557 0.049805 0.048622
0 0.941441 0.254122 0.049805 0.048622
0 0.940941 0.240858 0.049805 0.048622
0 0.946935 0.250806 0.049805 0.048622
0 0.940442 0.282307 0.049805 0.048622
0 0.950432 0.278162 0.049805 0.048622
0 0.952929 0.295571 0.049805 0.048622
0 0.961421 0.308835 0.049805 0.048622
0 0.957425 0.279820 0.049805 0.048622
0 0.971910 0.258267 0.049805 0.048622
0 0.982899 0.261583 0.049805 0.048622
0 0.981401 0.257438 0.049805 0.048622
0 0.815567 0.022833 0.049805 0.048622
0 0.764618 0.003766 0.049805 0.048622
0 0.817065 0.369352 0.049805 0.048622
0 0.833049 0.284794 0.049805 0.048622
0 0.837545 0.284794 0.049805 0.048622
0 0.819563 0.278991 0.049805 0.048622
0 0.826056 0.284794 0.049805 0.048622
0 0.794088 0.254122 0.049805 0.048622
0 0.776106 0.184486 0.049805 0.048622
0 0.675207 0.204382 0.049805 0.048622
0 0.548833 0.214330 0.049805 0.048622
0 0.543838 0.199408 0.049805 0.048622
0 0.539842 0.204382 0.049805 0.048622
0 0.559323 0.176196 0.049805 0.048622
0 0.553828 0.182828 0.049805 0.048622
0 0.573309 0.176196 0.049805 0.048622
0 0.572310 0.183657 0.049805 0.048622
0 0.582799 0.184486 0.049805 0.048622
0 0.587295 0.176196 0.049805 0.048622
0 0.973659 0.924178 0.049805 0.048622
0 0.994638 0.934126 0.049805 0.048622
0 0.835796 0.839621 0.049805 0.048622
0 0.259373 0.798172 0.049805 0.048622
0 0.252380 0.771644 0.049805 0.048622
0 0.248384 0.756722 0.049805 0.048622
0 0.063569 0.771644 0.049805 0.048622
0 0.045587 0.778276 0.049805 0.048622
0 0.028604 0.768328 0.049805 0.048622