0 0.138751 0.243525 0.049805 0.049479
0 0.018522 0.598487 0.049805 0.049479
0 0.058598 0.879021 0.049805 0.049479
0 0.197434 0.174823 0.049805 0.049479
0 0.247529 0.096578 0.049805 0.049479
0 0.276155 0.102303 0.049805 0.049479
0 0.331976 0.025968 0.049805 0.049479
0 0.307644 0.165281 0.049805 0.049479
0 0.334838 0.340853 0.049805 0.049479
0 0.359170 0.125204 0.049805 0.049479
0 0.414991 0.136655 0.049805 0.049479
0 0.518044 0.098487 0.049805 0.049479
0 0.526632 0.003067 0.049805 0.049479
0 0.563846 0.056502 0.049805 0.049479
0 0.538083 0.134746 0.049805 0.049479
0 0.609647 0.066044 0.049805 0.049479
0 0.626823 0.384746 0.049805 0.049479
0 0.709838 0.476349 0.049805 0.049479
0 0.758502 0.371387 0.049805 0.049479
0 0.835792 0.335128 0.049805 0.049479
0 0.878731 0.228258 0.049805 0.049479
0 0.808598 0.749250 0.049805 0.049479
0 0.900201 0.690090 0.049805 0.049479
0 0.910220 0.106120 0.049805 0.049479
0 0.897338 0.075586 0.049805 0.049479
0 0.834361 0.022151 0.049805 0.049479
0 0.810029 0.004975 0.049805 0.049479
0 0.978922 0.043143 0.049805 0.049479
0 0.994667 0.087036 0.049805 0.049479
0 0.445048 0.968716 0.049805 0.049479