0 0.096651 0.962256 0.049254 0.048352
0 0.070834 0.864735 0.049254 0.048352
0 0.013587 0.868041 0.049254 0.048352
0 0.021444 0.820107 0.049254 0.048352
0 0.124713 0.924239 0.049254 0.048352
0 0.102263 0.881264 0.049254 0.048352
0 0.168490 0.929198 0.049254 0.048352
0 0.159510 0.977132 0.049254 0.048352
0 0.203287 0.977132 0.049254 0.048352
0 0.208900 0.922587 0.049254 0.048352
0 0.253799 0.939115 0.049254 0.048352
0 0.252677 0.978785 0.049254 0.048352
0 0.279616 0.975479 0.049254 0.048352
0 0.305434 0.915975 0.049254 0.048352
0 0.286351 0.863082 0.049254 0.048352
0 0.222370 0.882917 0.049254 0.048352
0 0.186450 0.864735 0.049254 0.048352
0 0.124713 0.775479 0.049254 0.048352
0 0.079814 0.785396 0.049254 0.048352
0 0.037159 0.770520 0.049254 0.048352
0 0.012465 0.715975 0.049254 0.048352
0 0.053997 0.702752 0.049254 0.048352
0 0.087671 0.692834 0.049254 0.048352
0 0.128081 0.697793 0.049254 0.048352
0 0.033792 0.659777 0.049254 0.048352
0 0.042772 0.605231 0.049254 0.048352
0 0.321148 0.975479 0.049254 0.048352
0 0.368293 0.968867 0.049254 0.048352
0 0.382885 0.919281 0.049254 0.048352
0 0.314413 0.851512 0.049254 0.048352
0 0.408702 0.975479 0.049254 0.048352
0 0.427785 0.915975 0.049254 0.048352
0 0.464827 0.909363 0.049254 0.048352
0 0.507481 0.920934 0.049254 0.048352
0 0.552381 0.980438 0.049254 0.048352
0 0.565850 0.957297 0.049254 0.048352
0 0.611872 0.970520 0.049254 0.048352
0 0.624220 0.896140 0.049254 0.048352
0 0.662384 0.914322 0.049254 0.048352
0 0.681467 0.963909 0.049254 0.048352
0 0.701671 0.863082 0.049254 0.048352
0 0.717386 0.858124 0.049254 0.048352
0 0.743203 0.788702 0.049254 0.048352
0 0.807185 0.907710 0.049254 0.048352
0 0.852085 0.963909 0.049254 0.048352
0 0.889127 0.980438 0.049254 0.048352
0 0.928414 0.982091 0.049254 0.048352
0 0.875657 0.841595 0.049254 0.048352
0 0.831880 0.735810 0.049254 0.048352
0 0.885759 0.783744 0.049254 0.048352
0 0.861065 0.727545 0.049254 0.048352
0 0.909331 0.722587 0.049254 0.048352
0 0.922801 0.785396 0.049254 0.048352
0 0.954231 0.803578 0.049254 0.048352
0 0.968823 0.778785 0.049254 0.048352
0 0.981171 0.825066 0.049254 0.048352
0 0.996885 0.783744 0.049254 0.048352
0 0.977803 0.734157 0.049254 0.048352
0 0.931781 0.725892 0.049254 0.048352
0 0.927291 0.671347 0.049254 0.048352
0 0.883514 0.687876 0.049254 0.048352
0 0.845350 0.681264 0.049254 0.048352
0 0.769021 0.694487 0.049254 0.048352
0 0.656772 0.793661 0.049254 0.048352
0 0.601770 0.742421 0.049254 0.048352
0 0.569218 0.742421 0.049254 0.048352
0 0.563606 0.691182 0.049254 0.048352
0 0.543401 0.692834 0.049254 0.048352
0 0.518706 0.753991 0.049254 0.048352
0 0.490644 0.762256 0.049254 0.048352
0 0.496256 0.805231 0.049254 0.048352
0 0.458092 0.818454 0.049254 0.048352
0 0.409825 0.811843 0.049254 0.048352
0 0.425540 0.787049 0.049254 0.048352
0 0.369415 0.803578 0.049254 0.048352
0 0.353701 0.770520 0.049254 0.048352
0 0.279616 0.795314 0.049254 0.048352
0 0.244819 0.811843 0.049254 0.048352
0 0.198797 0.753991 0.049254 0.048352
0 0.171858 0.770520 0.049254 0.048352
0 0.181960 0.707710 0.049254 0.048352
0 0.253799 0.735810 0.049254 0.048352
0 0.291964 0.701099 0.049254 0.048352
0 0.259412 0.711016 0.049254 0.048352
0 0.198797 0.654818 0.049254 0.048352
0 0.186450 0.659777 0.049254 0.048352
0 0.150530 0.658124 0.049254 0.048352
0 0.139306 0.621760 0.049254 0.048352
0 0.073079 0.593661 0.049254 0.048352
0 0.010220 0.494487 0.049254 0.048352
0 0.068589 0.534157 0.049254 0.048352
0 0.045017 0.482917 0.049254 0.048352
0 0.010220 0.434983 0.049254 0.048352
0 0.073079 0.436636 0.049254 0.048352
0 0.089916 0.492834 0.049254 0.048352
0 0.134816 0.544074 0.049254 0.048352
0 0.137061 0.492834 0.049254 0.048352
0 0.181960 0.601925 0.049254 0.048352
0 0.224615 0.596967 0.049254 0.048352
0 0.251554 0.585396 0.049254 0.048352
0 0.293086 0.578785 0.049254 0.048352
0 0.312168 0.636636 0.049254 0.048352
0 0.344721 0.588702 0.049254 0.048352
0 0.340231 0.639942 0.049254 0.048352
0 0.345843 0.697793 0.049254 0.048352
0 0.372783 0.701099 0.049254 0.048352
0 0.386253 0.634983 0.049254 0.048352
0 0.459214 0.580438 0.049254 0.048352
0 0.444622 0.519281 0.049254 0.048352
0 0.427785 0.605231 0.049254 0.048352
0 0.470439 0.626719 0.049254 0.048352
0 0.483909 0.686223 0.049254 0.048352
0 0.508604 0.628372 0.049254 0.048352
0 0.492889 0.590355 0.049254 0.048352
0 0.554626 0.611843 0.049254 0.048352
0 0.518706 0.484570 0.049254 0.048352
0 0.546768 0.479611 0.049254 0.048352
0 0.513094 0.446553 0.049254 0.048352
0 0.494011 0.433330 0.049254 0.048352
0 0.584933 0.532504 0.049254 0.048352
0 0.579320 0.466388 0.049254 0.048352
0 0.565850 0.436636 0.049254 0.048352
0 0.639935 0.479611 0.049254 0.048352
0 0.666874 0.524239 0.049254 0.048352
0 0.672487 0.487876 0.049254 0.048352
0 0.705039 0.620107 0.049254 0.048352
0 0.722999 0.570520 0.049254 0.048352
0 0.702794 0.520934 0.049254 0.048352
0 0.745448 0.577132 0.049254 0.048352
0 0.781368 0.621760 0.049254 0.048352
0 0.800450 0.585396 0.049254 0.048352
0 0.830757 0.585396 0.049254 0.048352
0 0.843105 0.616801 0.049254 0.048352
0 0.889127 0.631677 0.049254 0.048352
0 0.863309 0.568867 0.049254 0.048352
0 0.862187 0.524239 0.049254 0.048352
0 0.883514 0.519281 0.049254 0.048352
0 0.900352 0.476306 0.049254 0.048352
0 0.944129 0.552339 0.049254 0.048352
0 0.928414 0.520934 0.049254 0.048352
0 0.954231 0.517628 0.049254 0.048352
0 0.994640 0.575479 0.049254 0.048352
0 0.996885 0.613496 0.049254 0.048352
0 0.971068 0.630025 0.049254 0.048352
0 0.956476 0.630025 0.049254 0.048352
0 0.923924 0.618454 0.049254 0.048352
0 0.985661 0.476306 0.049254 0.048352
0 0.829635 0.474653 0.049254 0.048352
0 0.769021 0.547380 0.049254 0.048352
0 0.862187 0.476306 0.049254 0.048352
0 0.792593 0.479611 0.049254 0.048352
0 0.754428 0.479611 0.049254 0.048352
0 0.721876 0.497793 0.049254 0.048352
0 0.708406 0.441595 0.049254 0.048352
0 0.740958 0.431677 0.049254 0.048352
0 0.773511 0.426719 0.049254 0.048352
0 0.844227 0.423413 0.049254 0.048352
0 0.874534 0.396967 0.049254 0.048352
0 0.912699 0.426719 0.049254 0.048352
0 0.972191 0.431677 0.049254 0.048352
0 0.965456 0.380438 0.049254 0.048352
0 0.938516 0.380438 0.049254 0.048352
0 0.990150 0.436636 0.049254 0.048352
0 0.986783 0.329198 0.049254 0.048352
0 0.947496 0.325892 0.049254 0.048352
0 0.914944 0.337463 0.049254 0.048352
0 0.875657 0.329198 0.049254 0.048352
0 0.844227 0.347380 0.049254 0.048352
0 0.662384 0.449859 0.049254 0.048352
0 0.666874 0.395314 0.049254 0.048352
0 0.641057 0.390355 0.049254 0.048352
0 0.609627 0.373826 0.049254 0.048352
0 0.396355 0.415148 0.049254 0.048352
0 0.422172 0.410190 0.049254 0.048352
0 0.489521 0.388702 0.049254 0.048352
0 0.523196 0.367215 0.049254 0.048352
0 0.504114 0.334157 0.049254 0.048352
0 0.416560 0.350686 0.049254 0.048352
0 0.390743 0.344074 0.049254 0.048352
0 0.410947 0.297793 0.049254 0.048352
0 0.339108 0.335810 0.049254 0.048352
0 0.299821 0.415148 0.049254 0.048352
0 0.327883 0.477958 0.049254 0.048352
0 0.369415 0.486223 0.049254 0.048352
0 0.293086 0.489529 0.049254 0.048352
0 0.299821 0.539115 0.049254 0.048352
0 0.350333 0.525892 0.049254 0.048352
0 0.235839 0.486223 0.049254 0.048352
0 0.229104 0.439942 0.049254 0.048352
0 0.225737 0.383744 0.049254 0.048352
0 0.249309 0.387049 0.049254 0.048352
0 0.196552 0.340768 0.049254 0.048352
0 0.152775 0.334157 0.049254 0.048352
0 0.169613 0.395314 0.049254 0.048352
0 0.128081 0.383744 0.049254 0.048352
0 0.096651 0.382091 0.049254 0.048352
0 0.070834 0.334157 0.049254 0.048352
0 0.080936 0.291182 0.049254 0.048352
0 0.007975 0.390355 0.049254 0.048352
0 0.059609 0.258124 0.049254 0.048352
0 0.030424 0.236636 0.049254 0.048352
0 0.046139 0.231677 0.049254 0.048352
0 0.012465 0.248206 0.049254 0.048352
0 0.011342 0.195314 0.049254 0.048352
0 0.005730 0.064735 0.049254 0.048352
0 0.037159 0.054818 0.049254 0.048352
0 0.034914 0.023413 0.049254 0.048352
0 0.050629 0.109363 0.049254 0.048352
0 0.092161 0.106058 0.049254 0.048352
0 0.115733 0.137463 0.049254 0.048352
0 0.141551 0.144074 0.049254 0.048352
0 0.124713 0.277958 0.049254 0.048352
0 0.183083 0.183744 0.049254 0.048352
0 0.205532 0.190355 0.049254 0.048352
0 0.219002 0.246553 0.049254 0.048352
0 0.269514 0.243248 0.049254 0.048352
0 0.279616 0.294487 0.049254 0.048352
0 0.296454 0.234983 0.049254 0.048352
0 0.322271 0.301099 0.049254 0.048352
0 0.341353 0.226719 0.049254 0.048352
0 0.367170 0.196967 0.049254 0.048352
0 0.399722 0.223413 0.049254 0.048352
0 0.389620 0.276306 0.049254 0.048352
0 0.366048 0.291182 0.049254 0.048352
0 0.423295 0.254818 0.049254 0.048352
0 0.441254 0.287876 0.049254 0.048352
0 0.580443 0.297793 0.049254 0.048352
0 0.511971 0.289529 0.049254 0.048352
0 0.588300 0.340768 0.049254 0.048352
0 0.620852 0.344074 0.049254 0.048352
0 0.669119 0.335810 0.049254 0.048352
0 0.623097 0.296140 0.049254 0.048352
0 0.617485 0.249859 0.049254 0.048352
0 0.642180 0.241595 0.049254 0.048352
0 0.675854 0.241595 0.049254 0.048352
0 0.710651 0.236636 0.049254 0.048352
0 0.700549 0.281264 0.049254 0.048352
0 0.735346 0.296140 0.049254 0.048352
0 0.773511 0.294487 0.049254 0.048352
0 0.744326 0.339115 0.049254 0.048352
0 0.782490 0.327545 0.049254 0.048352
0 0.818410 0.314322 0.049254 0.048352
0 0.852085 0.294487 0.049254 0.048352
0 0.881269 0.279611 0.049254 0.048352
0 0.917189 0.263082 0.049254 0.048352
0 0.931781 0.193661 0.049254 0.048352
0 0.977803 0.198620 0.049254 0.048352
0 0.872289 0.127545 0.049254 0.048352
0 0.923924 0.140768 0.049254 0.048352
0 0.902597 0.102752 0.049254 0.048352
0 0.867799 0.092834 0.049254 0.048352
0 0.868922 0.053165 0.049254 0.048352
0 0.829635 0.049859 0.049254 0.048352
0 0.991273 0.082917 0.049254 0.048352
0 0.987906 0.205231 0.049254 0.048352
0 0.776878 0.061429 0.049254 0.048352
0 0.707284 0.023413 0.049254 0.048352
0 0.740958 0.134157 0.049254 0.048352
0 0.700549 0.150686 0.049254 0.048352
0 0.682589 0.188702 0.049254 0.048352
0 0.666874 0.190355 0.049254 0.048352
0 0.628710 0.152339 0.049254 0.048352
0 0.599525 0.160603 0.049254 0.048352
0 0.609627 0.119281 0.049254 0.048352
0 0.646670 0.106058 0.049254 0.048352
0 0.615240 0.190355 0.049254 0.048352
0 0.556871 0.150686 0.049254 0.048352
0 0.542278 0.195314 0.049254 0.048352
0 0.500746 0.190355 0.049254 0.048352
0 0.518706 0.230025 0.049254 0.048352
0 0.482786 0.205231 0.049254 0.048352
0 0.435642 0.210190 0.049254 0.048352
0 0.456969 0.145727 0.049254 0.048352
0 0.478297 0.150686 0.049254 0.048352
0 0.520951 0.038289 0.049254 0.048352
0 0.553503 0.044901 0.049254 0.048352
0 0.569218 0.026719 0.049254 0.048352
0 0.529931 0.013496 0.049254 0.048352
0 0.477174 0.046553 0.049254 0.048352
0 0.462582 0.074653 0.049254 0.048352
0 0.224615 0.114322 0.049254 0.048352
0 0.242574 0.119281 0.049254 0.048352
0 0.278494 0.106058 0.049254 0.048352
0 0.312168 0.119281 0.049254 0.048352
0 0.296454 0.149033 0.049254 0.048352
0 0.138183 0.018454 0.049254 0.048352
0 0.176348 0.056471 0.049254 0.048352
0 0.162878 0.013496 0.049254 0.048352
0 0.230227 0.058124 0.049254 0.048352
0 0.211145 0.011843 0.049254 0.048352
0 0.239207 0.036636 0.049254 0.048352
0 0.271759 0.059777 0.049254 0.048352
0 0.290841 0.049859 0.049254 0.048352
0 0.272881 0.030025 0.049254 0.048352
0 0.330128 0.038289 0.049254 0.048352
0 0.359313 0.068041 0.049254 0.048352
0 0.363803 0.160603 0.049254 0.048352
0 0.419927 0.076306 0.049254 0.048352
0 0.395233 0.018454 0.049254 0.048352
0 0.350333 0.015148 0.049254 0.048352
0 0.005730 0.585396 0.049254 0.048352
0 0.724121 0.201925 0.049254 0.048352
0 0.721876 0.165562 0.049254 0.048352
0 0.830757 0.851512 0.049254 0.048352
0 0.522074 0.868041 0.049254 0.048352
0 0.549013 0.803578 0.049254 0.048352
0 0.627587 0.758950 0.049254 0.048352
0 0.604015 0.864735 0.049254 0.048352
0 0.563606 0.863082 0.049254 0.048352
0 0.724929 0.016388 0.049254 0.048352
0 0.886567 0.016388 0.049254 0.048352
0 0.978050 0.020520 0.049254 0.048352
0 0.950549 0.014735 0.049254 0.048352
0 0.920242 0.014735 0.049254 0.048352
0 0.795646 0.014735 0.049254 0.048352
0 0.898477 0.070727 0.049254 0.048352
0 0.126711 0.108950 0.049254 0.048352
0 0.748816 0.826719 0.049254 0.048352
0 0.655591 0.724699 0.049254 0.048352
0 0.981266 0.554057 0.049254 0.048352