0 0.174865 0.931800 0.049948 0.049206
0 0.307894 0.961021 0.049948 0.049206
0 0.334500 0.904203 0.049948 0.049206
0 0.501585 0.938294 0.049948 0.049206
0 0.586723 0.918813 0.049948 0.049206
0 0.537768 0.850631 0.049948 0.049206
0 0.681440 0.788943 0.049948 0.049206
0 0.726138 0.771086 0.049948 0.049206
0 0.733587 0.711021 0.049948 0.049206
0 0.817662 0.865242 0.049948 0.049206
0 0.857038 0.917190 0.049948 0.049206
0 0.926213 0.881475 0.049948 0.049206
0 0.963461 0.759722 0.049948 0.049206
0 0.898543 0.730501 0.049948 0.049206
0 0.866616 0.749982 0.049948 0.049206
0 0.830432 0.759722 0.049948 0.049206
0 0.810212 0.805177 0.049948 0.049206
0 0.772964 0.741865 0.049948 0.049206
0 0.594173 0.836021 0.049948 0.049206
0 0.550539 0.740242 0.049948 0.049206
0 0.511163 0.782449 0.049948 0.049206
0 0.463272 0.800307 0.049948 0.049206
0 0.449437 0.743488 0.049948 0.049206
0 0.385583 0.738618 0.049948 0.049206
0 0.360042 0.823034 0.049948 0.049206
0 0.287674 0.816540 0.049948 0.049206
0 0.272775 0.762969 0.049948 0.049206
0 0.216370 0.732125 0.049948 0.049206
0 0.227013 0.685047 0.049948 0.049206
0 0.098240 0.597385 0.049948 0.049206
0 0.133360 0.762969 0.049948 0.049206
0 0.097176 0.905826 0.049948 0.049206
0 0.132296 0.834398 0.049948 0.049206
0 0.051509 0.861589 0.049948 0.049206
0 0.162189 0.576687 0.049948 0.049206
0 0.221254 0.532044 0.049948 0.049206
0 0.265952 0.548277 0.049948 0.049206
0 0.194648 0.528797 0.049948 0.049206
0 0.138244 0.527985 0.049948 0.049206
0 0.064812 0.553959 0.049948 0.049206
0 0.019582 0.560453 0.049948 0.049206
0 0.330338 0.565323 0.049948 0.049206
0 0.404834 0.575063 0.049948 0.049206
0 0.423990 0.664349 0.049948 0.049206
0 0.445275 0.549089 0.049948 0.049206
0 0.369182 0.519868 0.049948 0.049206
0 0.395256 0.540972 0.049948 0.049206
0 0.300445 0.509722 0.049948 0.049206
0 0.278096 0.475631 0.049948 0.049206
0 0.261068 0.449657 0.049948 0.049206
0 0.239783 0.483748 0.049948 0.049206
0 0.208921 0.475631 0.049948 0.049206
0 0.146131 0.472385 0.049948 0.049206
0 0.078020 0.498359 0.049948 0.049206
0 0.099305 0.475631 0.049948 0.049206
0 0.114204 0.422060 0.049948 0.049206
0 0.024808 0.480501 0.049948 0.049206
0 0.449437 0.491865 0.049948 0.049206
0 0.488814 0.555177 0.049948 0.049206
0 0.548411 0.521086 0.049948 0.049206
0 0.683568 0.594138 0.049948 0.049206
0 0.785735 0.577904 0.049948 0.049206
0 0.809148 0.650956 0.049948 0.049206
0 0.870873 0.649333 0.049948 0.049206
0 0.932599 0.657449 0.049948 0.049206
0 0.908121 0.608748 0.049948 0.049206
0 0.963461 0.571411 0.049948 0.049206
0 0.738908 0.449657 0.049948 0.049206
0 0.678247 0.486995 0.049948 0.049206
0 0.625035 0.478878 0.049948 0.049206
0 0.562246 0.461021 0.049948 0.049206
0 0.517548 0.495112 0.049948 0.049206
0 0.422831 0.446411 0.049948 0.049206
0 0.403675 0.438294 0.049948 0.049206
0 0.360042 0.426930 0.049948 0.049206
0 0.300445 0.431800 0.049948 0.049206
0 0.088225 0.391622 0.049948 0.049206
0 0.050445 0.425712 0.049948 0.049206
0 0.077583 0.401362 0.049948 0.049206
0 0.042995 0.363212 0.049948 0.049206
0 0.024371 0.350225 0.049948 0.049206
0 0.046720 0.321005 0.049948 0.049206
0 0.174960 0.383505 0.049948 0.049206
0 0.155804 0.372953 0.049948 0.049206
0 0.142501 0.357531 0.049948 0.049206
0 0.132391 0.374576 0.049948 0.049206
0 0.147822 0.399738 0.049948 0.049206
0 0.091418 0.324251 0.049948 0.049206
0 0.100996 0.293407 0.049948 0.049206
0 0.128666 0.292596 0.049948 0.049206
0 0.181345 0.335615 0.049948 0.049206
0 0.212740 0.331557 0.049948 0.049206
0 0.218061 0.359966 0.049948 0.049206
0 0.219125 0.399738 0.049948 0.049206
0 0.206887 0.419219 0.049948 0.049206
0 0.214336 0.440323 0.049948 0.049206
0 0.330338 0.402985 0.049948 0.049206
0 0.323952 0.351037 0.049948 0.049206
0 0.310117 0.323440 0.049948 0.049206
0 0.280319 0.355907 0.049948 0.049206
0 0.394724 0.381070 0.049948 0.049206
0 0.423458 0.377823 0.049948 0.049206
0 0.462835 0.374576 0.049948 0.049206
0 0.483587 0.441946 0.049948 0.049206
0 0.370779 0.333180 0.049948 0.049206
0 0.390999 0.328310 0.049948 0.049206
0 0.410687 0.303148 0.049948 0.049206
0 0.395788 0.278797 0.049948 0.049206
0 0.367586 0.307206 0.049948 0.049206
0 0.307989 0.277985 0.049948 0.049206
0 0.305328 0.303148 0.049948 0.049206
0 0.279255 0.303959 0.049948 0.049206
0 0.266484 0.291784 0.049948 0.049206
0 0.248392 0.298277 0.049948 0.049206
0 0.153143 0.240648 0.049948 0.049206
0 0.173363 0.207368 0.049948 0.049206
0 0.179217 0.263375 0.049948 0.049206
0 0.172831 0.297466 0.049948 0.049206
0 0.192520 0.292596 0.049948 0.049206
0 0.151015 0.325875 0.049948 0.049206
0 0.099399 0.250388 0.049948 0.049206
0 0.024371 0.286914 0.049948 0.049206
0 0.220722 0.217920 0.049948 0.049206
0 0.251052 0.210615 0.049948 0.049206
0 0.299475 0.210615 0.049948 0.049206
0 0.384081 0.212238 0.049948 0.049206
0 0.421330 0.223602 0.049948 0.049206
0 0.449000 0.208992 0.049948 0.049206
0 0.423458 0.254446 0.049948 0.049206
0 0.465495 0.286102 0.049948 0.049206
0 0.486780 0.299901 0.049948 0.049206
0 0.489440 0.334803 0.049948 0.049206
0 0.467092 0.337238 0.049948 0.049206
0 0.437293 0.294219 0.049948 0.049206
0 0.356944 0.250388 0.049948 0.049206
0 0.196244 0.263375 0.049948 0.049206
0 0.118555 0.208992 0.049948 0.049206
0 0.063215 0.301524 0.049948 0.049206
0 0.040867 0.263375 0.049948 0.049206
0 0.025435 0.243894 0.049948 0.049206
0 0.027032 0.199251 0.049948 0.049206
0 0.059491 0.199251 0.049948 0.049206
0 0.081839 0.200063 0.049948 0.049206
0 0.145693 0.199251 0.049948 0.049206
0 0.156868 0.176524 0.049948 0.049206
0 0.127601 0.174089 0.049948 0.049206
0 0.120152 0.185453 0.049948 0.049206
0 0.105785 0.164349 0.049948 0.049206
0 0.114831 0.148115 0.049948 0.049206
0 0.112702 0.124576 0.049948 0.049206
0 0.082372 0.176524 0.049948 0.049206
0 0.208483 0.196005 0.049948 0.049206
0 0.194648 0.179771 0.049948 0.049206
0 0.190923 0.197628 0.049948 0.049206
0 0.185070 0.156232 0.049948 0.049206
0 0.170703 0.156232 0.049948 0.049206
0 0.220722 0.162725 0.049948 0.049206
0 0.214869 0.144868 0.049948 0.049206
0 0.252649 0.161914 0.049948 0.049206
0 0.237750 0.162725 0.049948 0.049206
0 0.270741 0.183018 0.049948 0.049206
0 0.252649 0.183018 0.049948 0.049206
0 0.311182 0.180583 0.049948 0.049206
0 0.300007 0.168407 0.049948 0.049206
0 0.288301 0.174089 0.049948 0.049206
0 0.284576 0.156232 0.049948 0.049206
0 0.269676 0.131070 0.049948 0.049206
0 0.299475 0.122141 0.049948 0.049206
0 0.324484 0.142433 0.049948 0.049206
0 0.341512 0.156232 0.049948 0.049206
0 0.350558 0.167596 0.049948 0.049206
0 0.346833 0.191946 0.049948 0.049206
0 0.034481 0.163537 0.049948 0.049206
0 0.143565 0.086427 0.049948 0.049206
0 0.162189 0.076687 0.049948 0.049206
0 0.155804 0.065323 0.049948 0.049206
0 0.093546 0.066135 0.049948 0.049206
0 0.093546 0.073440 0.049948 0.049206
0 0.061619 0.071005 0.049948 0.049206
0 0.062151 0.082368 0.049948 0.049206
0 0.070133 0.078310 0.049948 0.049206
0 0.044059 0.067758 0.049948 0.049206
0 0.050445 0.077498 0.049948 0.049206
0 0.032885 0.071816 0.049948 0.049206
0 0.020646 0.076687 0.049948 0.049206
0 0.081839 0.102661 0.049948 0.049206
0 0.085564 0.083180 0.049948 0.049206
0 0.080775 0.086427 0.049948 0.049206
0 0.075454 0.084803 0.049948 0.049206
0 0.028628 0.113212 0.049948 0.049206
0 0.177088 0.125388 0.049948 0.049206
0 0.194116 0.122953 0.049948 0.049206
0 0.129730 0.145680 0.049948 0.049206
0 0.143033 0.110777 0.049948 0.049206
0 0.131858 0.111589 0.049948 0.049206
0 0.231364 0.116459 0.049948 0.049206
0 0.242539 0.122953 0.049948 0.049206
0 0.221786 0.110777 0.049948 0.049206
0 0.204758 0.110777 0.049948 0.049206
0 0.194648 0.105096 0.049948 0.049206
0 0.196777 0.093732 0.049948 0.049206
0 0.169107 0.101037 0.049948 0.049206
0 0.132391 0.084803 0.049948 0.049206
0 0.109510 0.092109 0.049948 0.049206
0 0.227639 0.091297 0.049948 0.049206
0 0.239346 0.095355 0.049948 0.049206
0 0.265952 0.095355 0.049948 0.049206
0 0.292025 0.088862 0.049948 0.049206
0 0.306392 0.102661 0.049948 0.049206
0 0.319163 0.105907 0.049948 0.049206
0 0.271273 0.106719 0.049948 0.049206
0 0.363861 0.159479 0.049948 0.049206
0 0.353751 0.150550 0.049948 0.049206
0 0.352687 0.133505 0.049948 0.049206
0 0.365457 0.128635 0.049948 0.049206
0 0.370246 0.117271 0.049948 0.049206
0 0.383017 0.114024 0.049948 0.049206
0 0.375568 0.101849 0.049948 0.049206
0 0.386742 0.096167 0.049948 0.049206
0 0.413348 0.106719 0.049948 0.049206
0 0.403770 0.120518 0.049948 0.049206
0 0.390467 0.127823 0.049948 0.049206
0 0.400045 0.152174 0.049948 0.049206
0 0.383549 0.170031 0.049948 0.049206
0 0.416541 0.190323 0.049948 0.049206
0 0.404834 0.199251 0.049948 0.049206
0 0.437293 0.185453 0.049948 0.049206
0 0.435697 0.165161 0.049948 0.049206
0 0.435697 0.148115 0.049948 0.049206
0 0.426119 0.122141 0.049948 0.049206
0 0.430376 0.113212 0.049948 0.049206
0 0.383549 0.054771 0.049948 0.049206
0 0.340980 0.122141 0.049948 0.049206
0 0.398715 0.082165 0.049948 0.049206
0 0.428513 0.102863 0.049948 0.049206
0 0.501585 0.415566 0.049948 0.049206
0 0.548411 0.420437 0.049948 0.049206
0 0.590980 0.438294 0.049948 0.049206
0 0.632485 0.404203 0.049948 0.049206
0 0.616522 0.374982 0.049948 0.049206
0 0.589916 0.277579 0.049948 0.049206
0 0.570760 0.347385 0.049948 0.049206
0 0.506906 0.361589 0.049948 0.049206
0 0.514887 0.329933 0.049948 0.049206
0 0.545750 0.288537 0.049948 0.049206
0 0.562778 0.325063 0.049948 0.049206
0 0.558521 0.237401 0.049948 0.049206
0 0.541493 0.258505 0.049948 0.049206
0 0.528190 0.241459 0.049948 0.049206
0 0.489346 0.221167 0.049948 0.049206
0 0.541493 0.215485 0.049948 0.049206
0 0.528722 0.204122 0.049948 0.049206
0 0.523401 0.198440 0.049948 0.049206
0 0.519144 0.184641 0.049948 0.049206
0 0.503181 0.188699 0.049948 0.049206
0 0.571292 0.205745 0.049948 0.049206
0 0.601090 0.214674 0.049948 0.049206
0 0.597365 0.198440 0.049948 0.049206
0 0.615989 0.207368 0.049948 0.049206
0 0.646320 0.210615 0.049948 0.049206
0 0.676119 0.207368 0.049948 0.049206
0 0.706981 0.207368 0.049948 0.049206
0 0.728798 0.227661 0.049948 0.049206
0 0.741037 0.292596 0.049948 0.049206
0 0.730394 0.283667 0.049948 0.049206
0 0.726670 0.309641 0.049948 0.049206
0 0.717092 0.288537 0.049948 0.049206
0 0.719752 0.344544 0.049948 0.049206
0 0.738376 0.367271 0.049948 0.049206
0 0.751679 0.409479 0.049948 0.049206
0 0.683568 0.384316 0.049948 0.049206
0 0.657495 0.301524 0.049948 0.049206
0 0.652173 0.338862 0.049948 0.049206
0 0.633549 0.327498 0.049948 0.049206
0 0.666541 0.269868 0.049948 0.049206
0 0.645256 0.259316 0.049948 0.049206
0 0.626100 0.256881 0.049948 0.049206
0 0.620246 0.288537 0.049948 0.049206
0 0.573952 0.249576 0.049948 0.049206
0 0.709642 0.412725 0.049948 0.049206
0 0.596833 0.387563 0.049948 0.049206
0 0.544154 0.358342 0.049948 0.049206
0 0.521805 0.364024 0.049948 0.049206
0 0.695275 0.249982 0.049948 0.049206
0 0.542557 0.191135 0.049948 0.049206
0 0.562246 0.171654 0.049948 0.049206
0 0.505841 0.161914 0.049948 0.049206
0 0.515420 0.153797 0.049948 0.049206
0 0.483493 0.196005 0.049948 0.049206
0 0.600026 0.161914 0.049948 0.049206
0 0.606411 0.146492 0.049948 0.049206
0 0.585127 0.153797 0.049948 0.049206
0 0.574484 0.153797 0.049948 0.049206
0 0.569695 0.139187 0.049948 0.049206
0 0.576613 0.167596 0.049948 0.049206
0 0.626100 0.158667 0.049948 0.049206
0 0.621311 0.178959 0.049948 0.049206
0 0.656962 0.161914 0.049948 0.049206
0 0.645256 0.125388 0.049948 0.049206
0 0.629825 0.139187 0.049948 0.049206
0 0.566503 0.100225 0.049948 0.049206
0 0.529787 0.080745 0.049948 0.049206
0 0.526062 0.069381 0.049948 0.049206
0 0.507970 0.057206 0.049948 0.049206
0 0.493071 0.059641 0.049948 0.049206
0 0.479768 0.071005 0.049948 0.049206
0 0.471786 0.078310 0.049948 0.049206
0 0.465933 0.093732 0.049948 0.049206
0 0.454226 0.089674 0.049948 0.049206
0 0.447841 0.071005 0.049948 0.049206
0 0.443584 0.085615 0.049948 0.049206
0 0.450501 0.101849 0.049948 0.049206
0 0.552668 0.088050 0.049948 0.049206
0 0.545750 0.084803 0.049948 0.049206
0 0.513291 0.099414 0.049948 0.049206
0 0.504777 0.139187 0.049948 0.049206
0 0.482960 0.127823 0.049948 0.049206
0 0.543622 0.122953 0.049948 0.049206
0 0.548411 0.156232 0.049948 0.049206
0 0.561714 0.114024 0.049948 0.049206
0 0.587255 0.103472 0.049948 0.049206
0 0.618650 0.122953 0.049948 0.049206
0 0.613329 0.093732 0.049948 0.049206
0 0.625568 0.086427 0.049948 0.049206
0 0.649513 0.093732 0.049948 0.049206
0 0.640999 0.093732 0.049948 0.049206
0 0.708578 0.177336 0.049948 0.049206
0 0.680908 0.164349 0.049948 0.049206
0 0.680376 0.150550 0.049948 0.049206
0 0.668669 0.148927 0.049948 0.049206
0 0.674522 0.137563 0.049948 0.049206
0 0.666541 0.127823 0.049948 0.049206
0 0.666541 0.114024 0.049948 0.049206
0 0.659623 0.116459 0.049948 0.049206
0 0.705385 0.144868 0.049948 0.049206
0 0.694211 0.131070 0.049948 0.049206
0 0.726670 0.126199 0.049948 0.049206
0 0.708578 0.106719 0.049948 0.049206
0 0.716027 0.086427 0.049948 0.049206
0 0.726670 0.110777 0.049948 0.049206
0 0.726138 0.095355 0.049948 0.049206
0 0.755404 0.152174 0.049948 0.049206
0 0.753275 0.133505 0.049948 0.049206
0 0.753275 0.122141 0.049948 0.049206
0 0.764450 0.114024 0.049948 0.049206
0 0.771367 0.122141 0.049948 0.049206
0 0.784138 0.114836 0.049948 0.049206
0 0.804891 0.110777 0.049948 0.049206
0 0.764982 0.165972 0.049948 0.049206
0 0.782010 0.146492 0.049948 0.049206
0 0.791588 0.158667 0.049948 0.049206
0 0.801698 0.161914 0.049948 0.049206
0 0.721349 0.162725 0.049948 0.049206
0 0.737844 0.154609 0.049948 0.049206
0 0.727734 0.145680 0.049948 0.049206
0 0.673458 0.076687 0.049948 0.049206
0 0.650577 0.065323 0.049948 0.049206
0 0.683568 0.089674 0.049948 0.049206
0 0.581402 0.062076 0.049948 0.049206
0 0.509034 0.072628 0.049948 0.049206
0 0.487217 0.092109 0.049948 0.049206
0 0.478171 0.088050 0.049948 0.049206
0 0.580870 0.127823 0.049948 0.049206
0 0.591512 0.117271 0.049948 0.049206
0 0.799570 0.083180 0.049948 0.049206
0 0.691018 0.110777 0.049948 0.049206
0 0.790524 0.096979 0.049948 0.049206
0 0.770835 0.078310 0.049948 0.049206
0 0.757000 0.080745 0.049948 0.049206
0 0.763386 0.072628 0.049948 0.049206
0 0.751147 0.068570 0.049948 0.049206
0 0.745826 0.054771 0.049948 0.049206
0 0.612797 0.073440 0.049948 0.049206
0 0.585659 0.084803 0.049948 0.049206
0 0.551603 0.071005 0.049948 0.049206
0 0.557989 0.063699 0.049948 0.049206
0 0.519676 0.053959 0.049948 0.049206
0 0.748220 0.214065 0.049948 0.049206
0 0.770569 0.217312 0.049948 0.049206
0 0.786001 0.213659 0.049948 0.049206
0 0.789193 0.241256 0.049948 0.049206
0 0.789725 0.284276 0.049948 0.049206
0 0.798505 0.320396 0.049948 0.049206
0 0.827240 0.314714 0.049948 0.049206
0 0.820854 0.237198 0.049948 0.049206
0 0.740771 0.189308 0.049948 0.049206
0 0.726138 0.195396 0.049948 0.049206
0 0.842937 0.226646 0.049948 0.049206
0 0.815438 0.185453 0.049948 0.049206
0 0.795750 0.191946 0.049948 0.049206
0 0.822356 0.153797 0.049948 0.049206
0 0.852687 0.165972 0.049948 0.049206
0 0.842576 0.158667 0.049948 0.049206
0 0.864393 0.187888 0.049948 0.049206
0 0.879292 0.199251 0.049948 0.049206
0 0.864393 0.227661 0.049948 0.049206
0 0.885146 0.233342 0.049948 0.049206
0 0.829806 0.128635 0.049948 0.049206
0 0.885146 0.140810 0.049948 0.049206
0 0.893660 0.153797 0.049948 0.049206
0 0.904834 0.167596 0.049948 0.049206
0 0.882485 0.174901 0.049948 0.049206
0 0.884614 0.160290 0.049948 0.049206
0 0.853751 0.141622 0.049948 0.049206
0 0.868650 0.126199 0.049948 0.049206
0 0.861200 0.116459 0.049948 0.049206
0 0.909091 0.141622 0.049948 0.049206
0 0.898449 0.131070 0.049948 0.049206
0 0.896320 0.119706 0.049948 0.049206
0 0.930908 0.141622 0.049948 0.049206
0 0.944743 0.163537 0.049948 0.049206
0 0.955385 0.147303 0.049948 0.049206
0 0.946871 0.144868 0.049948 0.049206
0 0.974541 0.185453 0.049948 0.049206
0 0.961770 0.185453 0.049948 0.049206
0 0.923458 0.168407 0.049948 0.049206
0 0.933036 0.187888 0.049948 0.049206
0 0.918669 0.221979 0.049948 0.049206
0 0.902706 0.202498 0.049948 0.049206
0 0.892595 0.210615 0.049948 0.049206
0 0.906430 0.279609 0.049948 0.049206
0 0.875568 0.293407 0.049948 0.049206
0 0.855347 0.264998 0.049948 0.049206
0 0.861200 0.312076 0.049948 0.049206
0 0.860668 0.337238 0.049948 0.049206
0 0.827677 0.354284 0.049948 0.049206
0 0.811182 0.380258 0.049948 0.049206
0 0.803200 0.418407 0.049948 0.049206
0 0.761163 0.393245 0.049948 0.049206
0 0.829273 0.417596 0.049948 0.049206
0 0.857476 0.434641 0.049948 0.049206
0 0.873439 0.407855 0.049948 0.049206
0 0.888870 0.417596 0.049948 0.049206
0 0.915476 0.412725 0.049948 0.049206
0 0.898449 0.394868 0.049948 0.049206
0 0.898981 0.355096 0.049948 0.049206
0 0.940486 0.327498 0.049948 0.049206
0 0.918137 0.353472 0.049948 0.049206
0 0.972945 0.407044 0.049948 0.049206
0 0.978266 0.316135 0.049948 0.049206
0 0.980394 0.260940 0.049948 0.049206
0 0.956449 0.225225 0.049948 0.049206
0 0.946871 0.293407 0.049948 0.049206
0 0.854283 0.230907 0.049948 0.049206
0 0.844705 0.090282 0.049948 0.049206
0 0.815971 0.088659 0.049948 0.049206
0 0.845332 0.574657 0.049948 0.049206
0 0.596301 0.709398 0.049948 0.049206
0 0.640999 0.709398 0.049948 0.049206
0 0.671862 0.675307 0.049948 0.049206
0 0.666541 0.733748 0.049948 0.049206
0 0.632485 0.886346 0.049948 0.049206
0 0.595237 0.634722 0.049948 0.049206
0 0.553732 0.675307 0.049948 0.049206
0 0.503713 0.662320 0.049948 0.049206
0 0.548411 0.394462 0.049948 0.049206
0 0.497328 0.386346 0.049948 0.049206
0 0.974541 0.148115 0.049948 0.049206
0 0.982523 0.129446 0.049948 0.049206
0 0.966559 0.105096 0.049948 0.049206
0 0.954321 0.110777 0.049948 0.049206
0 0.943146 0.116459 0.049948 0.049206
0 0.905366 0.105096 0.049948 0.049206
0 0.905898 0.083992 0.049948 0.049206
0 0.980927 0.106719 0.049948 0.049206
0 0.950064 0.056394 0.049948 0.049206
0 0.949532 0.076687 0.049948 0.049206
0 0.956981 0.048277 0.049948 0.049206
0 0.853751 0.043407 0.049948 0.049206
0 0.875035 0.056394 0.049948 0.049206
0 0.742006 0.079933 0.049948 0.049206
0 0.821824 0.062076 0.049948 0.049206
0 0.815971 0.062076 0.049948 0.049206
0 0.816503 0.071005 0.049948 0.049206
0 0.830338 0.046654 0.049948 0.049206
0 0.579179 0.105907 0.049948 0.049206
0 0.631326 0.129446 0.049948 0.049206
0 0.232960 0.200063 0.049948 0.049206
0 0.227639 0.180583 0.049948 0.049206
0 0.023307 0.173277 0.049948 0.049206
0 0.054169 0.160290 0.049948 0.049206
0 0.053637 0.143245 0.049948 0.049206
0 0.116959 0.112401 0.049948 0.049206
0 0.203599 0.139998 0.049948 0.049206
0 0.279160 0.100225 0.049948 0.049206
0 0.280224 0.135128 0.049948 0.049206
0 0.297252 0.152174 0.049948 0.049206
0 0.467529 0.122141 0.049948 0.049206
0 0.468593 0.152985 0.049948 0.049206
0 0.451033 0.174089 0.049948 0.049206
0 0.455290 0.156232 0.049948 0.049206
0 0.454758 0.129446 0.049948 0.049206
0 0.331839 0.083992 0.049948 0.049206
0 0.340353 0.065323 0.049948 0.049206
0 0.302041 0.052336 0.049948 0.049206
0 0.079179 0.117271 0.049948 0.049206
0 0.654834 0.135128 0.049948 0.049206
0 0.644192 0.142433 0.049948 0.049206
0 0.734119 0.136751 0.049948 0.049206
0 0.772964 0.668813 0.049948 0.049206
0 0.189764 0.457774 0.049948 0.049206
0 0.874190 0.152782 0.049948 0.049206
0 0.877383 0.145883 0.049948 0.049206
0 0.823198 0.205162 0.049948 0.049206
0 0.837184 0.197543 0.049948 0.049206
0 0.257763 0.247831 0.049948 0.049206
0 0.045975 0.200591 0.049948 0.049206
0 0.350670 0.093920 0.049948 0.049206
0 0.359661 0.077157 0.049948 0.049206