0 0.122143 0.803687 0.050000 0.049462
0 0.051735 0.848233 0.050000 0.049462
0 0.057857 0.769892 0.050000 0.049462
0 0.101735 0.722273 0.050000 0.049462
0 0.080306 0.670046 0.050000 0.049462
0 0.097653 0.597849 0.050000 0.049462
0 0.133367 0.622427 0.050000 0.049462
0 0.056837 0.627035 0.050000 0.049462
0 0.176224 0.791398 0.050000 0.049462
0 0.289490 0.834409 0.050000 0.049462
0 0.329286 0.832873 0.050000 0.049462
0 0.350714 0.739171 0.050000 0.049462
0 0.278265 0.729954 0.050000 0.049462
0 0.226224 0.705376 0.050000 0.049462
0 0.206837 0.700768 0.050000 0.049462
0 0.189490 0.648541 0.050000 0.049462
0 0.226224 0.590169 0.050000 0.049462
0 0.255816 0.576344 0.050000 0.049462
0 0.201735 0.517972 0.050000 0.049462
0 0.261939 0.517972 0.050000 0.049462
0 0.278265 0.501075 0.050000 0.049462
0 0.312959 0.508756 0.050000 0.049462
0 0.305816 0.590169 0.050000 0.049462
0 0.311939 0.670046 0.050000 0.049462
0 0.354796 0.643932 0.050000 0.049462
0 0.411939 0.697696 0.050000 0.049462
0 0.433367 0.613210 0.050000 0.049462
0 0.481327 0.637788 0.050000 0.049462
0 0.505816 0.697696 0.050000 0.049462
0 0.528265 0.845161 0.050000 0.049462
0 0.520102 0.806759 0.050000 0.049462
0 0.585408 0.748387 0.050000 0.049462
0 0.532347 0.931183 0.050000 0.049462
0 0.642551 0.863594 0.050000 0.049462
0 0.812959 0.948080 0.050000 0.049462
0 0.766020 0.918894 0.050000 0.049462
0 0.713980 0.849770 0.050000 0.049462
0 0.700714 0.772965 0.050000 0.049462
0 0.692551 0.659293 0.050000 0.049462
0 0.627245 0.665438 0.050000 0.049462
0 0.576224 0.645469 0.050000 0.049462
0 0.582347 0.590169 0.050000 0.049462
0 0.553776 0.568664 0.050000 0.049462
0 0.449694 0.568664 0.050000 0.049462
0 0.394592 0.525653 0.050000 0.049462
0 0.367041 0.550230 0.050000 0.049462
0 0.341531 0.568664 0.050000 0.049462
0 0.357857 0.508756 0.050000 0.049462
0 0.500714 0.514900 0.050000 0.049462
0 0.516020 0.479570 0.050000 0.049462
0 0.501735 0.471889 0.050000 0.049462
0 0.526224 0.419662 0.050000 0.049462
0 0.592551 0.519508 0.050000 0.049462
0 0.611939 0.514900 0.050000 0.049462
0 0.824184 0.711521 0.050000 0.049462
0 0.769082 0.587097 0.050000 0.049462
0 0.781327 0.551767 0.050000 0.049462
0 0.741531 0.514900 0.050000 0.049462
0 0.908878 0.889708 0.050000 0.049462
0 0.893571 0.806759 0.050000 0.049462
0 0.813980 0.815975 0.050000 0.049462
0 0.984388 0.862058 0.050000 0.049462
0 0.979286 0.763748 0.050000 0.049462
0 0.931327 0.737634 0.050000 0.049462
0 0.876224 0.640860 0.050000 0.049462
0 0.904796 0.594777 0.050000 0.049462
0 0.965000 0.619355 0.050000 0.049462
0 0.955816 0.511828 0.050000 0.049462
0 0.639490 0.551767 0.050000 0.049462
0 0.316020 0.227650 0.050000 0.049462
0 0.424184 0.221505 0.050000 0.049462
0 0.295612 0.378187 0.050000 0.049462
0 0.103776 0.387404 0.050000 0.049462
0 0.080306 0.376651 0.050000 0.049462
0 0.066020 0.372043 0.050000 0.049462
0 0.042551 0.365899 0.050000 0.049462
0 0.012959 0.362826 0.050000 0.049462
0 0.009898 0.335177 0.050000 0.049462
0 0.133367 0.536406 0.050000 0.049462
0 0.098673 0.522581 0.050000 0.049462
0 0.074184 0.501075 0.050000 0.049462
0 0.062959 0.519508 0.050000 0.049462
0 0.042551 0.539478 0.050000 0.049462
0 0.043571 0.565591 0.050000 0.049462
0 0.023163 0.537942 0.050000 0.049462
0 0.023163 0.496467 0.050000 0.049462
0 0.013980 0.608602 0.050000 0.049462
0 0.027245 0.593241 0.050000 0.049462
0 0.408878 0.494931 0.050000 0.049462
0 0.432347 0.544086 0.050000 0.049462
0 0.563980 0.458065 0.050000 0.049462
0 0.559898 0.501075 0.050000 0.049462
0 0.539490 0.501075 0.050000 0.049462
0 0.643571 0.562519 0.050000 0.049462
0 0.640510 0.517972 0.050000 0.049462
0 0.657857 0.517972 0.050000 0.049462
0 0.660918 0.482642 0.050000 0.049462
0 0.658878 0.444240 0.050000 0.049462
0 0.632347 0.425806 0.050000 0.049462
0 0.630306 0.398157 0.050000 0.049462
0 0.611939 0.387404 0.050000 0.049462
0 0.591531 0.373579 0.050000 0.049462
0 0.592551 0.407373 0.050000 0.049462
0 0.526224 0.415054 0.050000 0.049462
0 0.668061 0.387404 0.050000 0.049462
0 0.867041 0.462673 0.050000 0.049462
0 0.825204 0.453456 0.050000 0.049462
0 0.796633 0.493395 0.050000 0.049462
0 0.772143 0.468817 0.050000 0.049462
0 0.756837 0.451920 0.050000 0.049462
0 0.749694 0.428879 0.050000 0.049462
0 0.720102 0.447312 0.050000 0.049462
0 0.701735 0.428879 0.050000 0.049462
0 0.733367 0.355146 0.050000 0.049462
0 0.724184 0.322888 0.050000 0.049462
0 0.826224 0.399693 0.050000 0.049462
0 0.794592 0.381260 0.050000 0.049462
0 0.853776 0.425806 0.050000 0.049462
0 0.836429 0.418126 0.050000 0.049462
0 0.806837 0.450384 0.050000 0.049462
0 0.886429 0.390476 0.050000 0.049462
0 0.928265 0.407373 0.050000 0.049462
0 0.922143 0.461137 0.050000 0.049462
0 0.979286 0.454992 0.050000 0.049462
0 0.997653 0.657757 0.050000 0.049462
0 0.088469 0.469585 0.050000 0.049462
0 0.135918 0.488018 0.050000 0.049462
0 0.225204 0.465745 0.050000 0.049462
0 0.271633 0.460369 0.050000 0.049462
0 0.055816 0.469585 0.050000 0.049462
0 0.013980 0.464209 0.050000 0.049462
0 0.465510 0.500307 0.050000 0.049462
0 0.483878 0.458833 0.050000 0.049462
0 0.697143 0.544086 0.050000 0.049462
0 0.599184 0.464209 0.050000 0.049462
0 0.761429 0.512596 0.050000 0.049462
0 0.785408 0.412750 0.050000 0.049462
0 0.735918 0.389708 0.050000 0.049462
0 0.367041 0.490323 0.050000 0.049462
0 0.343571 0.517972 0.050000 0.049462
0 0.296633 0.474962 0.050000 0.049462
0 0.355816 0.465745 0.050000 0.049462
0 0.872143 0.605530 0.050000 0.049462
0 0.806409 0.418362 0.050000 0.049462
0 0.528686 0.976299 0.050000 0.049462