0 0.021325 0.894276 0.049365 0.049041
0 0.065425 0.962177 0.049365 0.049041
0 0.097275 0.960943 0.049365 0.049041
0 0.144641 0.901683 0.049365 0.049041
0 0.159341 0.980696 0.049365 0.049041
0 0.186291 0.941190 0.049365 0.049041
0 0.218141 0.909091 0.049365 0.049041
0 0.245090 0.948597 0.049365 0.049041
0 0.270407 0.907856 0.049365 0.049041
0 0.305523 0.904153 0.049365 0.049041
0 0.291640 0.975757 0.049365 0.049041
0 0.332473 0.868350 0.049365 0.049041
0 0.384739 0.879461 0.049365 0.049041
0 0.352073 0.976992 0.049365 0.049041
0 0.445172 0.970819 0.049365 0.049041
0 0.457422 0.915264 0.049365 0.049041
0 0.476205 0.879461 0.049365 0.049041
0 0.493355 0.920202 0.049365 0.049041
0 0.497439 0.973288 0.049365 0.049041
0 0.517038 0.884399 0.049365 0.049041
0 0.572571 0.920202 0.049365 0.049041
0 0.638721 0.943659 0.049365 0.049041
0 0.641987 0.978227 0.049365 0.049041
0 0.705687 0.932548 0.049365 0.049041
0 0.797970 0.900449 0.049365 0.049041
0 0.894336 0.833782 0.049365 0.049041
0 0.782453 0.843659 0.049365 0.049041
0 0.801236 0.800449 0.049365 0.049041
0 0.685271 0.841190 0.049365 0.049041
0 0.716304 0.888103 0.049365 0.049041
0 0.624021 0.789338 0.049365 0.049041
0 0.653421 0.827609 0.049365 0.049041
0 0.535822 0.825140 0.049365 0.049041
0 0.494172 0.780696 0.049365 0.049041
0 0.460689 0.818967 0.049365 0.049041
0 0.401073 0.830078 0.049365 0.049041
0 0.425572 0.794276 0.049365 0.049041
0 0.437006 0.741190 0.049365 0.049041
0 0.517038 0.743659 0.049365 0.049041
0 0.346356 0.820202 0.049365 0.049041
0 0.293273 0.806622 0.049365 0.049041
0 0.276940 0.859708 0.049365 0.049041
0 0.212424 0.849832 0.049365 0.049041
0 0.218957 0.793041 0.049365 0.049041
0 0.187924 0.802918 0.049365 0.049041
0 0.159341 0.839955 0.049365 0.049041
0 0.111975 0.858474 0.049365 0.049041
0 0.126675 0.802918 0.049365 0.049041
0 0.044192 0.816498 0.049365 0.049041
0 0.014792 0.806622 0.049365 0.049041
0 0.038475 0.763412 0.049365 0.049041
0 0.076042 0.728844 0.049365 0.049041
0 0.097275 0.758474 0.049365 0.049041
0 0.129941 0.725140 0.049365 0.049041
0 0.146275 0.770819 0.049365 0.049041
0 0.175674 0.680696 0.049365 0.049041
0 0.218957 0.735017 0.049365 0.049041
0 0.282657 0.727609 0.049365 0.049041
0 0.322673 0.737486 0.049365 0.049041
0 0.860853 0.678227 0.049365 0.049041
0 0.824103 0.754770 0.049365 0.049041
0 0.735087 0.721436 0.049365 0.049041
0 0.688537 0.710325 0.049365 0.049041
0 0.622388 0.699214 0.049365 0.049041
0 0.673021 0.656004 0.049365 0.049041
0 0.637904 0.658474 0.049365 0.049041
0 0.708954 0.627609 0.049365 0.049041
0 0.755503 0.626375 0.049365 0.049041
0 0.791436 0.630078 0.049365 0.049041
0 0.869836 0.623906 0.049365 0.049041
0 0.882902 0.554770 0.049365 0.049041
0 0.860036 0.530078 0.049365 0.049041
0 0.792253 0.537486 0.049365 0.049041
0 0.780820 0.485634 0.049365 0.049041
0 0.765303 0.575757 0.049365 0.049041
0 0.721204 0.532548 0.049365 0.049041
0 0.696704 0.569585 0.049365 0.049041
0 0.665671 0.573288 0.049365 0.049041
0 0.640354 0.525140 0.049365 0.049041
0 0.633004 0.621436 0.049365 0.049041
0 0.578288 0.607856 0.049365 0.049041
0 0.588905 0.558474 0.049365 0.049041
0 0.547255 0.614029 0.049365 0.049041
0 0.534188 0.568350 0.049365 0.049041
0 0.535005 0.685634 0.049365 0.049041
0 0.569305 0.681930 0.049365 0.049041
0 0.440272 0.651066 0.049365 0.049041
0 0.471305 0.614029 0.049365 0.049041
0 0.481105 0.567115 0.049365 0.049041
0 0.425572 0.515264 0.049365 0.049041
0 0.432106 0.575757 0.049365 0.049041
0 0.410056 0.654770 0.049365 0.049041
0 0.358606 0.641190 0.049365 0.049041
0 0.287557 0.615264 0.049365 0.049041
0 0.297357 0.565881 0.049365 0.049041
0 0.325940 0.535017 0.049365 0.049041
0 0.378206 0.523906 0.049365 0.049041
0 0.207524 0.601683 0.049365 0.049041
0 0.232841 0.557239 0.049365 0.049041
0 0.271224 0.554770 0.049365 0.049041
0 0.275307 0.509091 0.049365 0.049041
0 0.257340 0.483165 0.049365 0.049041
0 0.232841 0.475757 0.049365 0.049041
0 0.186291 0.548597 0.049365 0.049041
0 0.175674 0.504153 0.049365 0.049041
0 0.150358 0.501683 0.049365 0.049041
0 0.134841 0.556004 0.049365 0.049041
0 0.125041 0.626375 0.049365 0.049041
0 0.098908 0.646128 0.049365 0.049041
0 0.058075 0.596745 0.049365 0.049041
0 0.005809 0.593041 0.049365 0.049041
0 0.005809 0.627609 0.049365 0.049041
0 0.169958 0.642424 0.049365 0.049041
0 0.035209 0.509091 0.049365 0.049041
0 0.071958 0.520202 0.049365 0.049041
0 0.118508 0.478227 0.049365 0.049041
0 0.070325 0.400449 0.049365 0.049041
0 0.005809 0.436251 0.049365 0.049041
0 0.028675 0.384399 0.049365 0.049041
0 0.002542 0.368350 0.049365 0.049041
0 0.088292 0.362177 0.049365 0.049041
0 0.095642 0.364646 0.049365 0.049041
0 0.151991 0.369585 0.049365 0.049041
0 0.209157 0.351066 0.049365 0.049041
0 0.169141 0.323906 0.049365 0.049041
0 0.132391 0.339955 0.049365 0.049041
0 0.176491 0.441190 0.049365 0.049041
0 0.269590 0.397980 0.049365 0.049041
0 0.312873 0.436251 0.049365 0.049041
0 0.218141 0.417733 0.049365 0.049041
0 0.345540 0.464646 0.049365 0.049041
0 0.370856 0.417733 0.049365 0.049041
0 0.454156 0.404153 0.049365 0.049041
0 0.481105 0.380696 0.049365 0.049041
0 0.433739 0.358474 0.049365 0.049041
0 0.494989 0.490572 0.049365 0.049041
0 0.558688 0.454770 0.049365 0.049041
0 0.606871 0.490572 0.049365 0.049041
0 0.628104 0.376992 0.049365 0.049041
0 0.579105 0.364646 0.049365 0.049041
0 0.674654 0.406622 0.049365 0.049041
0 0.699154 0.368350 0.049365 0.049041
0 0.739170 0.433782 0.049365 0.049041
0 0.703237 0.494276 0.049365 0.049041
0 0.641987 0.486869 0.049365 0.049041
0 0.833903 0.431313 0.049365 0.049041
0 0.815936 0.469585 0.049365 0.049041
0 0.878819 0.412794 0.049365 0.049041
0 0.869019 0.358474 0.049365 0.049041
0 0.830636 0.364646 0.049365 0.049041
0 0.772653 0.330078 0.049365 0.049041
0 0.811853 0.317733 0.049365 0.049041
0 0.841253 0.300449 0.049365 0.049041
0 0.875552 0.268350 0.049365 0.049041
0 0.889436 0.220202 0.049365 0.049041
0 0.833903 0.205387 0.049365 0.049041
0 0.803686 0.249832 0.049365 0.049041
0 0.782453 0.217733 0.049365 0.049041
0 0.768570 0.188103 0.049365 0.049041
0 0.750603 0.242424 0.049365 0.049041
0 0.688537 0.206622 0.049365 0.049041
0 0.678737 0.339955 0.049365 0.049041
0 0.652604 0.269585 0.049365 0.049041
0 0.623204 0.263412 0.049365 0.049041
0 0.603604 0.295511 0.049365 0.049041
0 0.635454 0.332548 0.049365 0.049041
0 0.561955 0.327609 0.049365 0.049041
0 0.608504 0.236251 0.049365 0.049041
0 0.579921 0.188103 0.049365 0.049041
0 0.536638 0.216498 0.049365 0.049041
0 0.539088 0.275757 0.049365 0.049041
0 0.520305 0.265881 0.049365 0.049041
0 0.523572 0.336251 0.049365 0.049041
0 0.482739 0.332548 0.049365 0.049041
0 0.454156 0.322671 0.049365 0.049041
0 0.463139 0.272054 0.049365 0.049041
0 0.440272 0.196745 0.049365 0.049041
0 0.407606 0.197980 0.049365 0.049041
0 0.401889 0.321436 0.049365 0.049041
0 0.368406 0.315264 0.049365 0.049041
0 0.349623 0.372054 0.049365 0.049041
0 0.312873 0.372054 0.049365 0.049041
0 0.307973 0.262177 0.049365 0.049041
0 0.276940 0.290572 0.049365 0.049041
0 0.241824 0.257239 0.049365 0.049041
0 0.229574 0.293041 0.049365 0.049041
0 0.206707 0.263412 0.049365 0.049041
0 0.226307 0.212794 0.049365 0.049041
0 0.157708 0.189338 0.049365 0.049041
0 0.153624 0.239955 0.049365 0.049041
0 0.133208 0.193041 0.049365 0.049041
0 0.102992 0.204153 0.049365 0.049041
0 0.102992 0.204153 0.049365 0.049041
0 0.040109 0.189338 0.049365 0.049041
0 0.092375 0.289338 0.049365 0.049041
0 0.099725 0.248597 0.049365 0.049041
0 0.134025 0.290572 0.049365 0.049041
0 0.012342 0.243659 0.049365 0.049041
0 0.251624 0.168350 0.049365 0.049041
0 0.425780 0.623394 0.049365 0.049041
0 0.334372 0.632455 0.049365 0.049041
0 0.319886 0.723823 0.049365 0.049041
0 0.656050 0.618863 0.049365 0.049041
0 0.672533 0.615843 0.049365 0.049041
0 0.420785 0.295677 0.049365 0.049041
0 0.294911 0.377228 0.049365 0.049041
0 0.084372 0.115147 0.049365 0.049041
0 0.090865 0.158188 0.049365 0.049041
0 0.151305 0.123453 0.049365 0.049041
0 0.112344 0.052473 0.049365 0.049041
0 0.147808 0.023023 0.049365 0.049041
0 0.073882 0.055493 0.049365 0.049041
0 0.098857 0.018493 0.049365 0.049041
0 0.072384 0.018493 0.049365 0.049041
0 0.059397 0.035105 0.049365 0.049041
0 0.053403 0.018493 0.049365 0.049041
0 0.039417 0.023023 0.049365 0.049041
0 0.024931 0.072105 0.049365 0.049041
0 0.054901 0.072861 0.049365 0.049041
0 0.042414 0.107595 0.049365 0.049041
0 0.191265 0.048697 0.049365 0.049041
0 0.252204 0.041146 0.049365 0.049041
0 0.248707 0.092493 0.049365 0.049041
0 0.233722 0.122698 0.049365 0.049041
0 0.220735 0.155167 0.049365 0.049041
0 0.200755 0.121187 0.049365 0.049041
0 0.285670 0.126473 0.049365 0.049041
0 0.276180 0.089473 0.049365 0.049041
0 0.273183 0.056248 0.049365 0.049041
0 0.295161 0.023778 0.049365 0.049041
0 0.315141 0.019248 0.049365 0.049041
0 0.326130 0.058513 0.049365 0.049041
0 0.327129 0.119677 0.049365 0.049041
0 0.377578 0.115147 0.049365 0.049041
0 0.408048 0.117412 0.049365 0.049041
0 0.454501 0.125718 0.049365 0.049041
0 0.474481 0.104575 0.049365 0.049041
0 0.442513 0.061534 0.049365 0.049041
0 0.482473 0.050207 0.049365 0.049041
0 0.492463 0.023023 0.049365 0.049041
0 0.449007 0.023778 0.049365 0.049041
0 0.424531 0.019248 0.049365 0.049041
0 0.401055 0.024534 0.049365 0.049041
0 0.438018 0.158943 0.049365 0.049041
0 0.401554 0.161208 0.049365 0.049041
0 0.491964 0.149126 0.049365 0.049041
0 0.308647 0.207270 0.049365 0.049041
0 0.071884 0.353761 0.049365 0.049041
0 0.511694 0.058513 0.049365 0.049041
0 0.536170 0.045677 0.049365 0.049041
0 0.519686 0.089473 0.049365 0.049041
0 0.538168 0.119677 0.049365 0.049041
0 0.557648 0.099289 0.049365 0.049041
0 0.559646 0.063044 0.049365 0.049041
0 0.571135 0.029819 0.049365 0.049041
0 0.604102 0.014717 0.049365 0.049041
0 0.621584 0.060024 0.049365 0.049041
0 0.655051 0.045677 0.049365 0.049041
0 0.661045 0.023023 0.049365 0.049041
0 0.658048 0.117412 0.049365 0.049041
0 0.587119 0.091738 0.049365 0.049041
0 0.505201 0.122698 0.049365 0.049041
0 0.276929 0.066065 0.049365 0.049041
0 0.710745 0.113636 0.049365 0.049041
0 0.726230 0.149126 0.049365 0.049041
0 0.745710 0.158943 0.049365 0.049041
0 0.806150 0.161208 0.049365 0.049041
0 0.632324 0.419455 0.049365 0.049041
0 0.765690 0.044921 0.049365 0.049041
0 0.836619 0.041901 0.049365 0.049041
0 0.874082 0.050207 0.049365 0.049041
0 0.890565 0.081167 0.049365 0.049041
0 0.923033 0.051717 0.049365 0.049041
0 0.965490 0.013962 0.049365 0.049041
0 0.953003 0.070595 0.049365 0.049041
0 0.966489 0.112881 0.049365 0.049041
0 0.998957 0.067575 0.049365 0.049041
0 0.917538 0.122698 0.049365 0.049041
0 0.911045 0.188392 0.049365 0.049041
0 0.848607 0.161208 0.049365 0.049041
0 0.840116 0.089473 0.049365 0.049041
0 0.970985 0.316005 0.049365 0.049041
0 0.985470 0.376414 0.049365 0.049041
0 0.914541 0.440598 0.049365 0.049041
0 0.954501 0.454945 0.049365 0.049041
0 0.876579 0.566761 0.049365 0.049041
0 0.925031 0.490495 0.049365 0.049041
0 0.925031 0.529005 0.049365 0.049041
0 0.983972 0.507107 0.049365 0.049041
0 0.964991 0.573557 0.049365 0.049041
0 0.913043 0.868863 0.049365 0.049041
0 0.988967 0.775230 0.049365 0.049041
0 0.954501 0.719352 0.049365 0.049041
0 0.969486 0.683861 0.049365 0.049041
0 0.907548 0.662718 0.049365 0.049041
0 0.793662 0.587904 0.049365 0.049041
0 0.461744 0.499556 0.049365 0.049041
0 0.224232 0.994966 0.049365 0.049041
0 0.887319 0.011756 0.049365 0.049041
0 0.848358 0.010246 0.049365 0.049041
0 0.988218 0.939029 0.049365 0.049041