0 0.117412 0.755365 0.049805 0.049479
0 0.044305 0.522567 0.049805 0.049479
0 0.264488 0.501924 0.049805 0.049479
0 0.322974 0.461787 0.049805 0.049479
0 0.280830 0.517979 0.049805 0.049479
0 0.257607 0.629218 0.049805 0.049479
0 0.259327 0.374631 0.049805 0.049479
0 0.184500 0.334493 0.049805 0.049479
0 0.144147 0.360439 0.049805 0.049479
0 0.474350 0.684264 0.049805 0.049479
0 0.481231 0.784035 0.049805 0.049479
0 0.565520 0.784035 0.049805 0.049479
0 0.666151 0.904447 0.049805 0.049479
0 0.667011 0.711787 0.049805 0.049479
0 0.636048 0.543209 0.049805 0.049479
0 0.603364 0.402154 0.049805 0.049479
0 0.438227 0.485869 0.049805 0.049479
0 0.395222 0.487016 0.049805 0.049479
0 0.770222 0.700319 0.049805 0.049479
0 0.816667 0.880365 0.049805 0.049479
0 0.944821 0.660181 0.049805 0.049479
0 0.931059 0.597108 0.049805 0.049479
0 0.813227 0.543209 0.049805 0.049479
0 0.792584 0.554677 0.049805 0.049479
0 0.758324 0.271850 0.049805 0.049479
0 0.831862 0.316861 0.049805 0.049479
0 0.829927 0.336930 0.049805 0.049479
0 0.860030 0.342091 0.049805 0.049479
0 0.848204 0.390256 0.049805 0.049479
0 0.793588 0.357572 0.049805 0.049479
0 0.743272 0.354132 0.049805 0.049479
0 0.741122 0.343238 0.049805 0.049479
0 0.734887 0.383949 0.049805 0.049479
0 0.896655 0.381082 0.049805 0.049479
0 0.926114 0.352125 0.049805 0.049479
0 0.988470 0.406884 0.049805 0.049479
0 0.962883 0.306254 0.049805 0.049479
0 0.938585 0.338937 0.049805 0.049479
0 0.931704 0.318868 0.049805 0.049479
0 0.911922 0.326322 0.049805 0.049479
0 0.902246 0.303960 0.049805 0.049479
0 0.945036 0.287618 0.049805 0.049479
0 0.950196 0.302813 0.049805 0.049479
0 0.963528 0.293926 0.049805 0.049479
0 0.973634 0.296219 0.049805 0.049479
0 0.992126 0.313708 0.049805 0.049479
0 0.967613 0.200462 0.049805 0.049479
0 0.985675 0.237733 0.049805 0.049479
0 0.977719 0.223111 0.049805 0.049479
0 0.972344 0.224545 0.049805 0.049479
0 0.999006 0.209350 0.049805 0.049479
0 0.826773 0.243180 0.049805 0.049479
0 0.344477 0.782888 0.049805 0.049479
0 0.931919 0.437704 0.049805 0.049479
0 0.962022 0.394126 0.049805 0.049479
0 0.332929 0.368655 0.049805 0.049479