0 0.530641 0.696952 0.049805 0.049479
0 0.357470 0.713212 0.049805 0.049479
0 0.170885 0.657928 0.049805 0.049479
0 0.112348 0.535977 0.049805 0.049479
0 0.187958 0.563619 0.049805 0.049479
0 0.237958 0.518090 0.049805 0.049479
0 0.057470 0.386383 0.049805 0.049479
0 0.000153 0.397765 0.049805 0.049479
0 0.030641 0.266058 0.049805 0.049479
0 0.157470 0.178253 0.049805 0.049479
0 0.225763 0.157115 0.049805 0.049479
0 0.223324 0.192887 0.049805 0.049479
0 0.258690 0.147359 0.049805 0.049479
0 0.291617 0.121342 0.049805 0.049479
0 0.316007 0.070936 0.049805 0.049479
0 0.331861 0.072562 0.049805 0.049479
0 0.320885 0.103456 0.049805 0.049479
0 0.340397 0.100204 0.049805 0.049479
0 0.363568 0.079066 0.049805 0.049479
0 0.353812 0.072562 0.049805 0.049479
0 0.318446 0.160367 0.049805 0.049479
0 0.278202 0.225408 0.049805 0.049479
0 0.303812 0.262806 0.049805 0.049479
0 0.314787 0.277440 0.049805 0.049479
0 0.461129 0.277440 0.049805 0.049479
0 0.513568 0.274188 0.049805 0.049479
0 0.712348 0.401017 0.049805 0.049479
0 0.780641 0.379879 0.049805 0.049479
0 0.872104 0.233538 0.049805 0.049479
0 0.908690 0.201017 0.049805 0.049479
0 0.725763 0.184757 0.049805 0.049479
0 0.652592 0.179879 0.049805 0.049479
0 0.618446 0.163619 0.049805 0.049479
0 0.507470 0.127847 0.049805 0.049479
0 0.408690 0.031505 0.049805 0.049479
0 0.426982 0.009554 0.049805 0.049479
0 0.450763 0.006302 0.049805 0.049479
0 0.461129 0.021749 0.049805 0.049479
0 0.484300 0.041261 0.049805 0.049479
0 0.481861 0.071342 0.049805 0.049479
0 0.494056 0.075408 0.049805 0.049479
0 0.502592 0.057521 0.049805 0.049479
0 0.498324 0.025814 0.049805 0.049479
0 0.506251 0.004676 0.049805 0.049479
0 0.512348 0.003050 0.049805 0.049479
0 0.514787 0.011180 0.049805 0.049479
0 0.512348 0.025001 0.049805 0.049479
0 0.530031 0.006302 0.049805 0.049479
0 0.525153 0.057521 0.049805 0.049479
0 0.525763 0.085977 0.049805 0.049479
0 0.547104 0.060773 0.049805 0.049479
0 0.560519 0.081099 0.049805 0.049479
0 0.561129 0.038822 0.049805 0.049479
0 0.551373 0.003863 0.049805 0.049479
0 0.561129 0.011993 0.049805 0.049479
0 0.595275 0.015245 0.049805 0.049479
0 0.578812 0.003863 0.049805 0.049479
0 0.606251 0.016871 0.049805 0.049479
0 0.598934 0.043700 0.049805 0.049479
0 0.628812 0.016871 0.049805 0.049479
0 0.630031 0.007928 0.049805 0.049479
0 0.631251 0.035570 0.049805 0.049479
0 0.663568 0.001627 0.049805 0.049479
0 0.662348 0.015855 0.049805 0.049479
0 0.660824 0.037399 0.049805 0.049479
0 0.658080 0.051221 0.049805 0.049479
0 0.669665 0.094310 0.049805 0.049479
0 0.691007 0.108538 0.049805 0.049479
0 0.692226 0.037806 0.049805 0.049479
0 0.731251 0.013416 0.049805 0.049479
0 0.742531 0.047155 0.049805 0.049479
0 0.726678 0.092277 0.049805 0.049479
0 0.748019 0.071139 0.049805 0.049479
0 0.789787 0.077034 0.049805 0.049479
0 0.820275 0.116871 0.049805 0.049479
0 0.840397 0.053456 0.049805 0.049479
0 0.890397 0.094920 0.049805 0.049479
0 0.897104 0.207928 0.049805 0.049479
0 0.912958 0.016871 0.049805 0.049479
0 0.916007 0.080286 0.049805 0.049479
0 0.923324 0.099798 0.049805 0.049479
0 0.951982 0.007928 0.049805 0.049479
0 0.623063 0.001667 0.049805 0.049479
0 0.650446 0.000831 0.049805 0.049479