0 0.155709 0.248970 0.049805 0.049479
0 0.193672 0.248970 0.049805 0.049479
0 0.138116 0.194649 0.049805 0.049479
0 0.252931 0.311933 0.049805 0.049479
0 0.346449 0.298352 0.049805 0.049479
0 0.303857 0.188476 0.049805 0.049479
0 0.286264 0.192180 0.049805 0.049479
0 0.352931 0.181068 0.049805 0.049479
0 0.389042 0.208229 0.049805 0.049479
0 0.433487 0.229217 0.049805 0.049479
0 0.439968 0.198352 0.049805 0.049479
0 0.577005 0.300822 0.049805 0.049479
0 0.527005 0.172426 0.049805 0.049479
0 0.628857 0.336624 0.049805 0.049479
0 0.603857 0.178599 0.049805 0.049479
0 0.642746 0.178599 0.049805 0.049479
0 0.678857 0.178599 0.049805 0.049479
0 0.739042 0.314402 0.049805 0.049479
0 0.727005 0.389710 0.049805 0.049479
0 0.791820 0.356377 0.049805 0.049479
0 0.888116 0.332920 0.049805 0.049479
0 0.849227 0.905760 0.049805 0.049479
0 0.907098 0.047272 0.049805 0.049479
0 0.942283 0.059618 0.049805 0.049479
0 0.953394 0.103136 0.049805 0.049479
0 0.832966 0.012280 0.049805 0.049479
0 0.878799 0.020768 0.049805 0.049479
0 0.909239 0.013977 0.049805 0.049479
0 0.975674 0.035274 0.049805 0.049479
0 0.996507 0.047928 0.049805 0.049479
0 0.806866 0.126902 0.049805 0.049479
0 0.849690 0.124433 0.049805 0.049479
0 0.771449 0.135544 0.049805 0.049479
0 0.757792 0.157149 0.049805 0.049479
0 0.563116 0.119031 0.049805 0.049479
0 0.569598 0.090636 0.049805 0.049479
0 0.670524 0.108538 0.049805 0.049479
0 0.699690 0.091254 0.049805 0.049479
0 0.116357 0.156686 0.049805 0.049479
0 0.123764 0.150513 0.049805 0.049479
0 0.140894 0.136933 0.049805 0.049479
0 0.339505 0.156068 0.049805 0.049479
0 0.352005 0.154217 0.049805 0.049479
0 0.361727 0.132612 0.049805 0.049479
0 0.346449 0.128291 0.049805 0.049479
0 0.353394 0.090019 0.049805 0.049479
0 0.442283 0.106068 0.049805 0.049479
0 0.018324 0.035930 0.049805 0.049479
0 0.041704 0.043028 0.049805 0.049479
0 0.057213 0.054757 0.049805 0.049479
0 0.009962 0.013302 0.049805 0.049479
0 0.097260 0.011450 0.049805 0.049479
0 0.112190 0.009869 0.049805 0.049479
0 0.134347 0.001733 0.049805 0.049479
0 0.154378 0.012589 0.049805 0.049479
0 0.176368 0.032264 0.049805 0.049479
0 0.205651 0.022619 0.049805 0.049479
0 0.487422 0.159309 0.049805 0.049479
0 0.490431 0.091717 0.049805 0.049479
0 0.523996 0.074741 0.049805 0.049479
0 0.448533 0.061778 0.049805 0.049479
0 0.553625 0.074124 0.049805 0.049479
0 0.571681 0.054371 0.049805 0.049479
0 0.551195 0.022349 0.049805 0.049479
0 0.597491 0.037473 0.049805 0.049479
0 0.605477 0.036084 0.049805 0.049479
0 0.563695 0.025089 0.049805 0.049479
0 0.388348 0.054988 0.049805 0.049479
0 0.436120 0.022330 0.049805 0.049479
0 0.441675 0.015926 0.049805 0.049479
0 0.631403 0.011373 0.049805 0.049479
0 0.655824 0.007284 0.049805 0.049479
0 0.641386 0.026420 0.049805 0.049479
0 0.662885 0.051014 0.049805 0.049479
0 0.678568 0.069572 0.049805 0.049479
0 0.723475 0.063939 0.049805 0.049479
0 0.699169 0.177519 0.049805 0.049479
0 0.686091 0.015984 0.049805 0.049479
0 0.709297 0.030104 0.049805 0.049479
0 0.717399 0.005403 0.049805 0.049479
0 0.784123 0.016524 0.049805 0.049479
0 0.813637 0.019379 0.049805 0.049479
0 0.774285 0.027943 0.049805 0.049479
0 0.866849 0.004715 0.049805 0.049479
0 0.977676 0.895809 0.049805 0.049479
0 0.118046 0.218432 0.049805 0.049479
0 0.104250 0.206169 0.049805 0.049479
0 0.043527 0.002922 0.049805 0.049479
0 0.198732 0.005918 0.049805 0.049479