0 0.007509 0.968099 0.050000 0.048611
0 0.036286 0.964213 0.050000 0.048611
0 0.061066 0.953851 0.050000 0.048611
0 0.083448 0.955146 0.050000 0.048611
0 0.098636 0.953851 0.050000 0.048611
0 0.129012 0.968099 0.050000 0.048611
0 0.168180 0.933127 0.050000 0.048611
0 0.204951 0.966803 0.050000 0.048611
0 0.242521 0.982347 0.050000 0.048611
0 0.268900 0.970689 0.050000 0.048611
0 0.254511 0.939603 0.050000 0.048611
0 0.250514 0.912402 0.050000 0.048611
0 0.286486 0.918879 0.050000 0.048611
0 0.300075 0.947375 0.050000 0.048611
0 0.313664 0.914993 0.050000 0.048611
0 0.337645 0.925355 0.050000 0.048611
0 0.332849 0.962918 0.050000 0.048611
0 0.345638 0.962918 0.050000 0.048611
0 0.361626 0.982347 0.050000 0.048611
0 0.375215 0.986232 0.050000 0.048611
0 0.380011 0.946079 0.050000 0.048611
0 0.359227 0.918879 0.050000 0.048611
0 0.345638 0.878726 0.050000 0.048611
0 0.375215 0.889088 0.050000 0.048611
0 0.403992 0.933127 0.050000 0.048611
0 0.391202 0.914993 0.050000 0.048611
0 0.416781 0.933127 0.050000 0.048611
0 0.419979 0.981051 0.050000 0.048611
0 0.440762 0.964213 0.050000 0.048611
0 0.461546 0.981051 0.050000 0.048611
0 0.455151 0.929241 0.050000 0.048611
0 0.433568 0.921469 0.050000 0.048611
0 0.426374 0.905926 0.050000 0.048611
0 0.413584 0.911107 0.050000 0.048611
0 0.400794 0.885202 0.050000 0.048611
0 0.408788 0.864478 0.050000 0.048611
0 0.428772 0.868364 0.050000 0.048611
0 0.456749 0.867068 0.050000 0.048611
0 0.475934 0.869659 0.050000 0.048611
0 0.436765 0.885202 0.050000 0.048611
0 0.503912 0.975870 0.050000 0.048611
0 0.479132 0.946079 0.050000 0.048611
0 0.494319 0.924060 0.050000 0.048611
0 0.524695 0.968099 0.050000 0.048611
0 0.556670 0.981051 0.050000 0.048611
0 0.541482 0.940898 0.050000 0.048611
0 0.564663 0.955146 0.050000 0.048611
0 0.543080 0.911107 0.050000 0.048611
0 0.515103 0.909812 0.050000 0.048611
0 0.498316 0.878726 0.050000 0.048611
0 0.491921 0.854116 0.050000 0.048611
0 0.508708 0.855411 0.050000 0.048611
0 0.534287 0.886497 0.050000 0.048611
0 0.543080 0.838573 0.050000 0.048611
0 0.568660 0.786762 0.050000 0.048611
0 0.612625 0.734952 0.050000 0.048611
0 0.654192 0.718113 0.050000 0.048611
0 0.658188 0.692208 0.050000 0.048611
0 0.674176 0.696094 0.050000 0.048611
0 0.688564 0.671484 0.050000 0.048611
0 0.707749 0.692208 0.050000 0.048611
0 0.731729 0.696094 0.050000 0.048611
0 0.771697 0.728476 0.050000 0.048611
0 0.775694 0.687027 0.050000 0.048611
0 0.758908 0.675370 0.050000 0.048611
0 0.615023 0.854116 0.050000 0.048611
0 0.595039 0.931831 0.050000 0.048611
0 0.568660 0.924060 0.050000 0.048611
0 0.607829 0.960327 0.050000 0.048611
0 0.623816 0.969394 0.050000 0.048611
0 0.624615 0.946079 0.050000 0.048611
0 0.655790 0.956441 0.050000 0.048611
0 0.679771 0.968099 0.050000 0.048611
0 0.700554 0.952556 0.050000 0.048611
0 0.742121 0.962918 0.050000 0.048611
0 0.708548 0.882612 0.050000 0.048611
0 0.751713 0.889088 0.050000 0.048611
0 0.778092 0.973280 0.050000 0.048611
0 0.798876 0.960327 0.050000 0.048611
0 0.811666 0.947375 0.050000 0.048611
0 0.825255 0.986232 0.050000 0.048611
0 0.862025 0.965508 0.050000 0.048611
0 0.883608 0.979756 0.050000 0.048611
0 0.850035 0.940898 0.050000 0.048611
0 0.873216 0.934422 0.050000 0.048611
0 0.877213 0.934422 0.050000 0.048611
0 0.854032 0.911107 0.050000 0.048611
0 0.859627 0.885202 0.050000 0.048611
0 0.862025 0.843754 0.050000 0.048611
0 0.807669 0.808782 0.050000 0.048611
0 0.826853 0.788058 0.050000 0.048611
0 0.879611 0.791943 0.050000 0.048611
0 0.862825 0.790648 0.050000 0.048611
0 0.874815 0.813963 0.050000 0.048611
0 0.874815 0.828211 0.050000 0.048611
0 0.886006 0.845049 0.050000 0.048611
0 0.843640 0.825620 0.050000 0.048611
0 0.854831 0.817848 0.050000 0.048611
0 0.699755 0.443518 0.050000 0.048611
0 0.678972 0.438337 0.050000 0.048611
0 0.686166 0.438337 0.050000 0.048611
0 0.700554 0.597654 0.050000 0.048611
0 0.707749 0.576930 0.050000 0.048611
0 0.684567 0.583406 0.050000 0.048611
0 0.675774 0.583406 0.050000 0.048611
0 0.662185 0.583406 0.050000 0.048611
0 0.649395 0.583406 0.050000 0.048611
0 0.652593 0.582111 0.050000 0.048611
0 0.726933 0.604131 0.050000 0.048611
0 0.776494 0.626150 0.050000 0.048611
0 0.724535 0.657236 0.050000 0.048611
0 0.697357 0.636512 0.050000 0.048611
0 0.683768 0.635217 0.050000 0.048611
0 0.678172 0.652055 0.050000 0.048611
0 0.667781 0.663713 0.050000 0.048611
0 0.650195 0.648169 0.050000 0.048611
0 0.629411 0.655941 0.050000 0.048611
0 0.623816 0.644284 0.050000 0.048611
0 0.617421 0.680551 0.050000 0.048611
0 0.609427 0.701275 0.050000 0.048611
0 0.568660 0.755676 0.050000 0.048611
0 0.596638 0.697389 0.050000 0.048611
0 0.589443 0.725885 0.050000 0.048611
0 0.573456 0.727180 0.050000 0.048611
0 0.543880 0.751790 0.050000 0.048611
0 0.556670 0.737542 0.050000 0.048611
0 0.543880 0.790648 0.050000 0.048611
0 0.531090 0.778991 0.050000 0.048611
0 0.531889 0.797124 0.050000 0.048611
0 0.002713 0.900745 0.050000 0.048611
0 0.019499 0.847639 0.050000 0.048611
0 0.005910 0.828211 0.050000 0.048611
0 0.010706 0.793239 0.050000 0.048611
0 0.027493 0.912402 0.050000 0.048611
0 0.040283 0.883907 0.050000 0.048611
0 0.041082 0.860592 0.050000 0.048611
0 0.068260 0.855411 0.050000 0.048611
0 0.077053 0.820439 0.050000 0.048611
0 0.083448 0.799715 0.050000 0.048611
0 0.092241 0.785467 0.050000 0.048611
0 0.064263 0.778991 0.050000 0.048611
0 0.044279 0.775105 0.050000 0.048611
0 0.030690 0.768629 0.050000 0.048611
0 0.012305 0.769924 0.050000 0.048611
0 0.027493 0.742723 0.050000 0.048611
0 0.014703 0.745314 0.050000 0.048611
0 0.012305 0.712932 0.050000 0.048611
0 0.132209 0.889088 0.050000 0.048611
0 0.114623 0.876135 0.050000 0.048611
0 0.093840 0.894269 0.050000 0.048611
0 0.112225 0.927946 0.050000 0.048611
0 0.129012 0.927946 0.050000 0.048611
0 0.175375 0.885202 0.050000 0.048611
0 0.218540 0.916288 0.050000 0.048611
0 0.204152 0.904631 0.050000 0.048611
0 0.238524 0.903336 0.050000 0.048611
0 0.229731 0.881316 0.050000 0.048611
0 0.222537 0.829506 0.050000 0.048611
0 0.163384 0.859297 0.050000 0.048611
0 0.138604 0.819144 0.050000 0.048611
0 0.151394 0.835982 0.050000 0.048611
0 0.171378 0.806191 0.050000 0.048611
0 0.187365 0.806191 0.050000 0.048611
0 0.198556 0.788058 0.050000 0.048611
0 0.203352 0.759562 0.050000 0.048611
0 0.196957 0.819144 0.050000 0.048611
0 0.256110 0.842458 0.050000 0.048611
0 0.273696 0.832096 0.050000 0.048611
0 0.285686 0.852821 0.050000 0.048611
0 0.007509 0.694799 0.050000 0.048611
0 0.009907 0.670189 0.050000 0.048611
0 0.017901 0.694799 0.050000 0.048611
0 0.045079 0.738838 0.050000 0.048611
0 0.036286 0.732361 0.050000 0.048611
0 0.041082 0.712932 0.050000 0.048611
0 0.061066 0.755676 0.050000 0.048611
0 0.083448 0.758267 0.050000 0.048611
0 0.087445 0.736247 0.050000 0.048611
0 0.063464 0.724590 0.050000 0.048611
0 0.089843 0.709047 0.050000 0.048611
0 0.077853 0.701275 0.050000 0.048611
0 0.194559 0.855411 0.050000 0.048611
0 0.257709 0.881316 0.050000 0.048611
0 0.302473 0.861887 0.050000 0.048611
0 0.326454 0.868364 0.050000 0.048611
0 0.313664 0.886497 0.050000 0.048611
0 0.269699 0.902040 0.050000 0.048611
0 0.381610 0.872249 0.050000 0.048611
0 0.360826 0.867068 0.050000 0.048611
0 0.045079 0.687027 0.050000 0.048611
0 0.078652 0.675370 0.050000 0.048611
0 0.096238 0.680551 0.050000 0.048611
0 0.105830 0.692208 0.050000 0.048611
0 0.116222 0.712932 0.050000 0.048611
0 0.107429 0.728476 0.050000 0.048611
0 0.100235 0.758267 0.050000 0.048611
0 0.115423 0.756971 0.050000 0.048611
0 0.115423 0.775105 0.050000 0.048611
0 0.125814 0.795829 0.050000 0.048611
0 0.133008 0.768629 0.050000 0.048611
0 0.151394 0.769924 0.050000 0.048611
0 0.150594 0.791943 0.050000 0.048611
0 0.170578 0.746609 0.050000 0.048611
0 0.182569 0.728476 0.050000 0.048611
0 0.160986 0.707751 0.050000 0.048611
0 0.148996 0.727180 0.050000 0.048611
0 0.164983 0.731066 0.050000 0.048611
0 0.145798 0.742723 0.050000 0.048611
0 0.131410 0.733657 0.050000 0.048611
0 0.137005 0.710342 0.050000 0.048611
0 0.119419 0.694799 0.050000 0.048611
0 0.125015 0.668894 0.050000 0.048611
0 0.129811 0.641693 0.050000 0.048611
0 0.130610 0.622264 0.050000 0.048611
0 0.119419 0.633922 0.050000 0.048611
0 0.109028 0.636512 0.050000 0.048611
0 0.147397 0.631331 0.050000 0.048611
0 0.152193 0.679256 0.050000 0.048611
0 0.170578 0.689618 0.050000 0.048611
0 0.174575 0.674075 0.050000 0.048611
0 0.162585 0.640398 0.050000 0.048611
0 0.221737 0.810077 0.050000 0.048611
0 0.220139 0.776400 0.050000 0.048611
0 0.220139 0.759562 0.050000 0.048611
0 0.226534 0.771219 0.050000 0.048611
0 0.250514 0.762152 0.050000 0.048611
0 0.238524 0.772514 0.050000 0.048611
0 0.249715 0.780286 0.050000 0.048611
0 0.254511 0.803601 0.050000 0.048611
0 0.253712 0.832096 0.050000 0.048611
0 0.279291 0.806191 0.050000 0.048611
0 0.287285 0.785467 0.050000 0.048611
0 0.306470 0.785467 0.050000 0.048611
0 0.289683 0.807486 0.050000 0.048611
0 0.335247 0.829506 0.050000 0.048611
0 0.330450 0.799715 0.050000 0.048611
0 0.314463 0.808782 0.050000 0.048611
0 0.316062 0.842458 0.050000 0.048611
0 0.299275 0.842458 0.050000 0.048611
0 0.373616 0.828211 0.050000 0.048611
0 0.354431 0.820439 0.050000 0.048611
0 0.364024 0.801010 0.050000 0.048611
0 0.353632 0.801010 0.050000 0.048611
0 0.364024 0.785467 0.050000 0.048611
0 0.386406 0.793239 0.050000 0.048611
0 0.392801 0.812667 0.050000 0.048611
0 0.394399 0.850230 0.050000 0.048611
0 0.407988 0.823030 0.050000 0.048611
0 0.430371 0.807486 0.050000 0.048611
0 0.428772 0.842458 0.050000 0.048611
0 0.459947 0.837277 0.050000 0.048611
0 0.465542 0.821734 0.050000 0.048611
0 0.467141 0.797124 0.050000 0.048611
0 0.451953 0.798420 0.050000 0.048611
0 0.461546 0.778991 0.050000 0.048611
0 0.445558 0.768629 0.050000 0.048611
0 0.431969 0.784172 0.050000 0.048611
0 0.484727 0.769924 0.050000 0.048611
0 0.497517 0.769924 0.050000 0.048611
0 0.506310 0.794534 0.050000 0.048611
0 0.493520 0.811372 0.050000 0.048611
0 0.516701 0.811372 0.050000 0.048611
0 0.490323 0.825620 0.050000 0.048611
0 0.510307 0.759562 0.050000 0.048611
0 0.522297 0.763448 0.050000 0.048611
0 0.515902 0.750495 0.050000 0.048611
0 0.513504 0.741428 0.050000 0.048611
0 0.517501 0.724590 0.050000 0.048611
0 0.527093 0.725885 0.050000 0.048611
0 0.557469 0.710342 0.050000 0.048611
0 0.543880 0.698685 0.050000 0.048611
0 0.535087 0.711637 0.050000 0.048611
0 0.515103 0.709047 0.050000 0.048611
0 0.509507 0.706456 0.050000 0.048611
0 0.491921 0.707751 0.050000 0.048611
0 0.491122 0.720704 0.050000 0.048611
0 0.475135 0.720704 0.050000 0.048611
0 0.474335 0.701275 0.050000 0.048611
0 0.463944 0.699980 0.050000 0.048611
0 0.462345 0.758267 0.050000 0.048611
0 0.455151 0.741428 0.050000 0.048611
0 0.500714 0.736247 0.050000 0.048611
0 0.420778 0.764743 0.050000 0.048611
0 0.435167 0.767333 0.050000 0.048611
0 0.443960 0.747904 0.050000 0.048611
0 0.448756 0.716818 0.050000 0.048611
0 0.407189 0.773810 0.050000 0.048611
0 0.401594 0.751790 0.050000 0.048611
0 0.407988 0.724590 0.050000 0.048611
0 0.420778 0.711637 0.050000 0.048611
0 0.421578 0.740133 0.050000 0.048611
0 0.418380 0.791943 0.050000 0.048611
0 0.384807 0.729771 0.050000 0.048611
0 0.366422 0.759562 0.050000 0.048611
0 0.353632 0.768629 0.050000 0.048611
0 0.336845 0.772514 0.050000 0.048611
0 0.360027 0.738838 0.050000 0.048611
0 0.324855 0.744019 0.050000 0.048611
0 0.339243 0.732361 0.050000 0.048611
0 0.328852 0.723295 0.050000 0.048611
0 0.391202 0.714228 0.050000 0.048611
0 0.413584 0.701275 0.050000 0.048611
0 0.427972 0.698685 0.050000 0.048611
0 0.446358 0.689618 0.050000 0.048611
0 0.468740 0.676665 0.050000 0.048611
0 0.490323 0.685732 0.050000 0.048611
0 0.479132 0.677960 0.050000 0.048611
0 0.515103 0.688322 0.050000 0.048611
0 0.498316 0.680551 0.050000 0.048611
0 0.579052 0.655941 0.050000 0.048611
0 0.586246 0.672779 0.050000 0.048611
0 0.595039 0.674075 0.050000 0.048611
0 0.572657 0.685732 0.050000 0.048611
0 0.551873 0.689618 0.050000 0.048611
0 0.556670 0.671484 0.050000 0.048611
0 0.513504 0.662417 0.050000 0.048611
0 0.191362 0.696094 0.050000 0.048611
0 0.203352 0.696094 0.050000 0.048611
0 0.217741 0.701275 0.050000 0.048611
0 0.223336 0.716818 0.050000 0.048611
0 0.235327 0.721999 0.050000 0.048611
0 0.250514 0.731066 0.050000 0.048611
0 0.265702 0.725885 0.050000 0.048611
0 0.279291 0.733657 0.050000 0.048611
0 0.292081 0.734952 0.050000 0.048611
0 0.281690 0.709047 0.050000 0.048611
0 0.226534 0.736247 0.050000 0.048611
0 0.212145 0.751790 0.050000 0.048611
0 0.173776 0.626150 0.050000 0.048611
0 0.193760 0.649465 0.050000 0.048611
0 0.204951 0.679256 0.050000 0.048611
0 0.228932 0.681846 0.050000 0.048611
0 0.244919 0.699980 0.050000 0.048611
0 0.252113 0.676665 0.050000 0.048611
0 0.296877 0.719409 0.050000 0.048611
0 0.299275 0.698685 0.050000 0.048611
0 0.319259 0.710342 0.050000 0.048611
0 0.306470 0.710342 0.050000 0.048611
0 0.312065 0.692208 0.050000 0.048611
0 0.191362 0.633922 0.050000 0.048611
0 0.106630 0.495329 0.050000 0.048611
0 0.076254 0.481081 0.050000 0.048611
0 0.099435 0.540663 0.050000 0.048611
0 0.113824 0.543253 0.050000 0.048611
0 0.090642 0.497919 0.050000 0.048611
0 0.118620 0.501805 0.050000 0.048611
0 0.222537 0.527710 0.050000 0.048611
0 0.222537 0.583406 0.050000 0.048611
0 0.261705 0.541958 0.050000 0.048611
0 0.259307 0.490148 0.050000 0.048611
0 0.242521 0.628741 0.050000 0.048611
0 0.309667 0.627445 0.050000 0.048611
0 0.325654 0.623559 0.050000 0.048611
0 0.323256 0.644284 0.050000 0.048611
0 0.327253 0.665008 0.050000 0.048611
0 0.340842 0.661122 0.050000 0.048611
0 0.351234 0.641693 0.050000 0.048611
0 0.360826 0.641693 0.050000 0.048611
0 0.359227 0.671484 0.050000 0.048611
0 0.356030 0.619674 0.050000 0.048611
0 0.345638 0.626150 0.050000 0.048611
0 0.363224 0.632626 0.050000 0.048611
0 0.371218 0.626150 0.050000 0.048611
0 0.551873 0.569159 0.050000 0.048611
0 0.451953 0.400775 0.050000 0.048611
0 0.466342 0.395594 0.050000 0.048611
0 0.478332 0.398184 0.050000 0.048611
0 0.499915 0.396889 0.050000 0.048611
0 0.508708 0.398184 0.050000 0.048611
0 0.519100 0.402070 0.050000 0.048611
0 0.529491 0.396889 0.050000 0.048611
0 0.538284 0.396889 0.050000 0.048611
0 0.598236 0.403365 0.050000 0.048611
0 0.670978 0.391708 0.050000 0.048611
0 0.666182 0.411137 0.050000 0.048611
0 0.657389 0.409842 0.050000 0.048611
0 0.437565 0.539368 0.050000 0.048611
0 0.816462 0.767333 0.050000 0.048611
0 0.833248 0.741428 0.050000 0.048611
0 0.823656 0.725885 0.050000 0.048611
0 0.831650 0.707751 0.050000 0.048611
0 0.849235 0.733657 0.050000 0.048611
0 0.882809 0.720704 0.050000 0.048611
0 0.885207 0.764743 0.050000 0.048611
0 0.876414 0.769924 0.050000 0.048611
0 0.861226 0.762152 0.050000 0.048611
0 0.865223 0.727180 0.050000 0.048611
0 0.858828 0.697389 0.050000 0.048611
0 0.840443 0.697389 0.050000 0.048611
0 0.880411 0.684437 0.050000 0.048611
0 0.877213 0.666303 0.050000 0.048611
0 0.854831 0.645579 0.050000 0.048611
0 0.862025 0.639103 0.050000 0.048611
0 0.867621 0.639103 0.050000 0.048611
0 0.846038 0.674075 0.050000 0.048611
0 0.523896 0.569159 0.050000 0.048611
0 0.531889 0.573044 0.050000 0.048611
0 0.623016 0.565273 0.050000 0.048611
0 0.478332 0.540663 0.050000 0.048611
0 0.274495 0.619674 0.050000 0.048611
0 0.252913 0.619674 0.050000 0.048611
0 0.288884 0.649465 0.050000 0.048611
0 0.311266 0.663713 0.050000 0.048611
0 0.288884 0.675370 0.050000 0.048611
0 0.273696 0.672779 0.050000 0.048611
0 0.304072 0.679256 0.050000 0.048611
0 0.371218 0.709047 0.050000 0.048611
0 0.547877 0.530301 0.050000 0.048611
0 0.583848 0.544549 0.050000 0.048611
0 0.567861 0.536777 0.050000 0.048611
0 0.574255 0.545844 0.050000 0.048611
0 0.449555 0.659827 0.050000 0.048611
0 0.456749 0.663713 0.050000 0.048611
0 0.464743 0.662417 0.050000 0.048611
0 0.403192 0.685732 0.050000 0.048611
0 0.376813 0.675370 0.050000 0.048611
0 0.346438 0.689618 0.050000 0.048611
0 0.405590 0.672779 0.050000 0.048611
0 0.423976 0.668894 0.050000 0.048611
0 0.374415 0.655941 0.050000 0.048611
0 0.415982 0.642988 0.050000 0.048611
0 0.762905 0.567863 0.050000 0.048611
0 0.773296 0.567863 0.050000 0.048611
0 0.415183 0.578225 0.050000 0.048611
0 0.403992 0.582111 0.050000 0.048611
0 0.382409 0.585997 0.050000 0.048611
0 0.551074 0.545844 0.050000 0.048611
0 0.431170 0.631331 0.050000 0.048611
0 0.432769 0.574340 0.050000 0.048611
0 0.097118 0.833001 0.050000 0.048611
0 0.116099 0.849189 0.050000 0.048611
0 0.120095 0.824908 0.050000 0.048611
0 0.060155 0.912320 0.050000 0.048611
0 0.037178 0.922033 0.050000 0.048611
0 0.028187 0.800626 0.050000 0.048611
0 0.038177 0.824908 0.050000 0.048611
0 0.043172 0.799008 0.050000 0.048611
0 0.291923 0.889658 0.050000 0.048611
0 0.379835 0.858902 0.050000 0.048611
0 0.369845 0.858902 0.050000 0.048611
0 0.351863 0.852427 0.050000 0.048611
0 0.351863 0.837858 0.050000 0.048611
0 0.544670 0.854045 0.050000 0.048611
0 0.532682 0.871852 0.050000 0.048611
0 0.443771 0.934983 0.050000 0.048611
0 0.832383 0.959264 0.050000 0.048611
0 0.837378 0.983545 0.050000 0.048611
0 0.219995 0.650083 0.050000 0.048611
0 0.219995 0.659795 0.050000 0.048611
0 0.229985 0.653320 0.050000 0.048611
0 0.242972 0.653320 0.050000 0.048611
0 0.261953 0.637133 0.050000 0.048611
0 0.249965 0.641989 0.050000 0.048611
0 0.250964 0.654939 0.050000 0.048611
0 0.260954 0.674364 0.050000 0.048611
0 0.264950 0.697026 0.050000 0.048611
0 0.266948 0.684076 0.050000 0.048611
0 0.140075 0.679220 0.050000 0.048611
0 0.141074 0.663033 0.050000 0.048611
0 0.155060 0.650083 0.050000 0.048611
0 0.144071 0.645226 0.050000 0.048611
0 0.195020 0.664651 0.050000 0.048611
0 0.193022 0.682458 0.050000 0.048611
0 0.185030 0.674364 0.050000 0.048611
0 0.181034 0.697026 0.050000 0.048611
0 0.170045 0.659795 0.050000 0.048611
0 0.181034 0.650083 0.050000 0.048611
0 0.203012 0.635514 0.050000 0.048611
0 0.211004 0.635514 0.050000 0.048611
0 0.232982 0.629039 0.050000 0.048611
0 0.207008 0.654939 0.050000 0.048611
0 0.325889 0.884802 0.050000 0.048611
0 0.342872 0.863758 0.050000 0.048611
0 0.097118 0.810339 0.050000 0.048611
0 0.112103 0.800626 0.050000 0.048611
0 0.087128 0.926889 0.050000 0.048611
0 0.196019 0.883183 0.050000 0.048611
0 0.180035 0.977070 0.050000 0.048611
0 0.024191 0.674364 0.050000 0.048611
0 0.027188 0.706739 0.050000 0.048611
0 0.056159 0.713214 0.050000 0.048611
0 0.107108 0.663033 0.050000 0.048611
0 0.204011 0.721308 0.050000 0.048611
0 0.203012 0.735876 0.050000 0.048611
0 0.187028 0.750445 0.050000 0.048611
0 0.184031 0.774726 0.050000 0.048611
0 0.168047 0.768251 0.050000 0.048611
0 0.173042 0.789295 0.050000 0.048611
0 0.181034 0.794151 0.050000 0.048611
0 0.221993 0.792533 0.050000 0.048611
0 0.274940 0.765014 0.050000 0.048611
0 0.279935 0.752064 0.050000 0.048611
0 0.288926 0.753683 0.050000 0.048611
0 0.304910 0.761776 0.050000 0.048611
0 0.327887 0.766633 0.050000 0.048611
0 0.347867 0.748826 0.050000 0.048611
0 0.389825 0.737495 0.050000 0.048611
0 0.384830 0.756920 0.050000 0.048611
0 0.375839 0.776345 0.050000 0.048611
0 0.397817 0.779583 0.050000 0.048611
0 0.066149 0.881564 0.050000 0.048611
0 0.134081 0.854045 0.050000 0.048611
0 0.149066 0.858902 0.050000 0.048611
0 0.168047 0.841095 0.050000 0.048611
0 0.317897 0.824908 0.050000 0.048611
0 0.311903 0.735876 0.050000 0.048611
0 0.303911 0.729401 0.050000 0.048611
0 0.336878 0.713214 0.050000 0.048611
0 0.343871 0.708358 0.050000 0.048611
0 0.351863 0.708358 0.050000 0.048611
0 0.328886 0.705120 0.050000 0.048611
0 0.335879 0.685695 0.050000 0.048611
0 0.327887 0.680839 0.050000 0.048611
0 0.330884 0.637133 0.050000 0.048611
0 0.332882 0.648464 0.050000 0.048611
0 0.290924 0.640370 0.050000 0.048611
0 0.279935 0.651701 0.050000 0.048611
0 0.271943 0.646845 0.050000 0.048611
0 0.843372 0.866995 0.050000 0.048611
0 0.846369 0.854045 0.050000 0.048611
0 0.838377 0.790914 0.050000 0.048611
0 0.798417 0.727783 0.050000 0.048611
0 0.718497 0.698645 0.050000 0.048611
0 0.717498 0.679220 0.050000 0.048611
0 0.702512 0.556195 0.050000 0.048611
0 0.630584 0.703501 0.050000 0.048611
0 0.667547 0.635514 0.050000 0.048611
0 0.835380 0.774726 0.050000 0.048611
0 0.826389 0.753683 0.050000 0.048611
0 0.813402 0.742351 0.050000 0.048611
0 0.840375 0.756920 0.050000 0.048611
0 0.846369 0.771489 0.050000 0.048611
0 0.889326 0.781201 0.050000 0.048611
0 0.903312 0.790914 0.050000 0.048611
0 0.915300 0.782820 0.050000 0.048611
0 0.898317 0.777964 0.050000 0.048611
0 0.901314 0.760158 0.050000 0.048611
0 0.897318 0.742351 0.050000 0.048611
0 0.908307 0.753683 0.050000 0.048611
0 0.912303 0.737495 0.050000 0.048611
0 0.885330 0.748826 0.050000 0.048611
0 0.874341 0.753683 0.050000 0.048611
0 0.865350 0.753683 0.050000 0.048611
0 0.864351 0.742351 0.050000 0.048611
0 0.842373 0.726164 0.050000 0.048611
0 0.845370 0.713214 0.050000 0.048611
0 0.854361 0.706739 0.050000 0.048611
0 0.895320 0.705120 0.050000 0.048611
0 0.900315 0.693789 0.050000 0.048611
0 0.869346 0.701883 0.050000 0.048611
0 0.880335 0.700264 0.050000 0.048611
0 0.922293 0.761776 0.050000 0.048611
0 0.913302 0.760158 0.050000 0.048611
0 0.913302 0.773108 0.050000 0.048611
0 0.906309 0.724545 0.050000 0.048611
0 0.900315 0.721308 0.050000 0.048611
0 0.892323 0.721308 0.050000 0.048611
0 0.904311 0.709976 0.050000 0.048611
0 0.913302 0.701883 0.050000 0.048611
0 0.923292 0.709976 0.050000 0.048611
0 0.918297 0.731020 0.050000 0.048611
0 0.935280 0.734258 0.050000 0.048611
0 0.954261 0.739114 0.050000 0.048611
0 0.964251 0.739114 0.050000 0.048611
0 0.976239 0.729401 0.050000 0.048611
0 0.972243 0.714833 0.050000 0.048611
0 0.986229 0.719689 0.050000 0.048611
0 0.974241 0.687314 0.050000 0.048611
0 0.983232 0.685695 0.050000 0.048611
0 0.989226 0.692170 0.050000 0.048611
0 0.993222 0.718070 0.050000 0.048611
0 0.983232 0.705120 0.050000 0.048611
0 0.969246 0.701883 0.050000 0.048611
0 0.956259 0.721308 0.050000 0.048611
0 0.963252 0.713214 0.050000 0.048611
0 0.952263 0.711595 0.050000 0.048611
0 0.956259 0.703501 0.050000 0.048611
0 0.952263 0.690551 0.050000 0.048611
0 0.950265 0.703501 0.050000 0.048611
0 0.936279 0.698645 0.050000 0.048611
0 0.942273 0.687314 0.050000 0.048611
0 0.933282 0.682458 0.050000 0.048611
0 0.926289 0.680839 0.050000 0.048611
0 0.935280 0.713214 0.050000 0.048611
0 0.928287 0.705120 0.050000 0.048611
0 0.949266 0.719689 0.050000 0.048611
0 0.947268 0.727783 0.050000 0.048611
0 0.932283 0.724545 0.050000 0.048611
0 0.917298 0.690551 0.050000 0.048611
0 0.907308 0.687314 0.050000 0.048611
0 0.998217 0.675983 0.050000 0.048611
0 0.989226 0.674364 0.050000 0.048611
0 0.984231 0.661414 0.050000 0.048611
0 0.986229 0.653320 0.050000 0.048611
0 0.966249 0.679220 0.050000 0.048611
0 0.968247 0.666270 0.050000 0.048611
0 0.956259 0.654939 0.050000 0.048611
0 0.964251 0.648464 0.050000 0.048611
0 0.974241 0.640370 0.050000 0.048611
0 0.975240 0.650083 0.050000 0.048611
0 0.922293 0.654939 0.050000 0.048611
0 0.924291 0.638751 0.050000 0.048611
0 0.914301 0.637133 0.050000 0.048611
0 0.934281 0.637133 0.050000 0.048611
0 0.912303 0.651701 0.050000 0.048611
0 0.909306 0.667889 0.050000 0.048611
0 0.945270 0.658176 0.050000 0.048611
0 0.953262 0.669508 0.050000 0.048611
0 0.935280 0.669508 0.050000 0.048611
0 0.929286 0.669508 0.050000 0.048611
0 0.967248 0.540007 0.050000 0.048611
0 0.974241 0.527057 0.050000 0.048611
0 0.980235 0.520582 0.050000 0.048611
0 0.983232 0.549720 0.050000 0.048611
0 0.976239 0.543245 0.050000 0.048611
0 0.972243 0.565907 0.050000 0.048611
0 0.951264 0.570764 0.050000 0.048611
0 0.955260 0.565907 0.050000 0.048611
0 0.960255 0.559432 0.050000 0.048611
0 0.964251 0.570764 0.050000 0.048611
0 0.874341 0.737495 0.050000 0.048611
0 0.887328 0.732639 0.050000 0.048611
0 0.933282 0.747208 0.050000 0.048611
0 0.944271 0.750445 0.050000 0.048611
0 0.812403 0.706739 0.050000 0.048611
0 0.820395 0.698645 0.050000 0.048611
0 0.821394 0.693789 0.050000 0.048611
0 0.824391 0.685695 0.050000 0.048611
0 0.816399 0.682458 0.050000 0.048611
0 0.822393 0.674364 0.050000 0.048611
0 0.834381 0.688933 0.050000 0.048611
0 0.843372 0.688933 0.050000 0.048611
0 0.830385 0.680839 0.050000 0.048611
0 0.831384 0.666270 0.050000 0.048611
0 0.847368 0.690551 0.050000 0.048611
0 0.862353 0.684076 0.050000 0.048611
0 0.855360 0.674364 0.050000 0.048611
0 0.864351 0.675983 0.050000 0.048611
0 0.863352 0.659795 0.050000 0.048611
0 0.849366 0.659795 0.050000 0.048611
0 0.841374 0.659795 0.050000 0.048611
0 0.845370 0.648464 0.050000 0.048611
0 0.858357 0.637133 0.050000 0.048611
0 0.874341 0.651701 0.050000 0.048611
0 0.865350 0.651701 0.050000 0.048611
0 0.874341 0.638751 0.050000 0.048611
0 0.878337 0.630658 0.050000 0.048611
0 0.884331 0.630658 0.050000 0.048611
0 0.885330 0.661414 0.050000 0.048611
0 0.888327 0.650083 0.050000 0.048611
0 0.880335 0.648464 0.050000 0.048611
0 0.852363 0.777964 0.050000 0.048611
0 0.543671 0.405651 0.050000 0.048611
0 0.553661 0.405651 0.050000 0.048611
0 0.559655 0.404032 0.050000 0.048611
0 0.574640 0.402414 0.050000 0.048611
0 0.584630 0.395939 0.050000 0.048611
0 0.589625 0.395939 0.050000 0.048611
0 0.613601 0.405651 0.050000 0.048611
0 0.618596 0.407270 0.050000 0.048611
0 0.629585 0.410507 0.050000 0.048611
0 0.636578 0.415364 0.050000 0.048611
0 0.650564 0.413745 0.050000 0.048611
0 0.743472 0.575620 0.050000 0.048611
0 0.751464 0.574001 0.050000 0.048611
0 0.741474 0.586951 0.050000 0.048611
0 0.748467 0.583714 0.050000 0.048611
0 0.756459 0.580476 0.050000 0.048611
0 0.769446 0.577239 0.050000 0.048611
0 0.741474 0.604758 0.050000 0.048611
0 0.747468 0.603139 0.050000 0.048611
0 0.757458 0.603139 0.050000 0.048611
0 0.767448 0.598283 0.050000 0.048611
0 0.780435 0.595045 0.050000 0.048611
0 0.777438 0.582095 0.050000 0.048611
0 0.781434 0.575620 0.050000 0.048611
0 0.785430 0.569145 0.050000 0.048611
0 0.789426 0.577239 0.050000 0.048611
0 0.792423 0.575620 0.050000 0.048611
0 0.797418 0.575620 0.050000 0.048611
0 0.801414 0.575620 0.050000 0.048611
0 0.802413 0.575620 0.050000 0.048611
0 0.806409 0.575620 0.050000 0.048611
0 0.786429 0.586951 0.050000 0.048611
0 0.793422 0.588570 0.050000 0.048611
0 0.796419 0.595045 0.050000 0.048611
0 0.800415 0.588570 0.050000 0.048611
0 0.804411 0.583714 0.050000 0.048611
0 0.810405 0.585332 0.050000 0.048611
0 0.816399 0.582095 0.050000 0.048611
0 0.819396 0.577239 0.050000 0.048611
0 0.824391 0.580476 0.050000 0.048611
0 0.829386 0.577239 0.050000 0.048611
0 0.832383 0.570764 0.050000 0.048611
0 0.850365 0.572382 0.050000 0.048611
0 0.843372 0.572382 0.050000 0.048611
0 0.852363 0.580476 0.050000 0.048611
0 0.858357 0.582095 0.050000 0.048611
0 0.840375 0.583714 0.050000 0.048611
0 0.835380 0.586951 0.050000 0.048611
0 0.829386 0.586951 0.050000 0.048611
0 0.824391 0.591807 0.050000 0.048611
0 0.819396 0.591807 0.050000 0.048611
0 0.814401 0.593426 0.050000 0.048611
0 0.807408 0.596664 0.050000 0.048611
0 0.767448 0.611233 0.050000 0.048611
0 0.773442 0.606376 0.050000 0.048611
0 0.781434 0.607995 0.050000 0.048611
0 0.785430 0.607995 0.050000 0.048611
0 0.789426 0.604758 0.050000 0.048611
0 0.794421 0.604758 0.050000 0.048611
0 0.803412 0.604758 0.050000 0.048611
0 0.809406 0.599901 0.050000 0.048611
0 0.815400 0.601520 0.050000 0.048611
0 0.821394 0.604758 0.050000 0.048611
0 0.828387 0.599901 0.050000 0.048611
0 0.832383 0.595045 0.050000 0.048611
0 0.838377 0.599901 0.050000 0.048611
0 0.842373 0.595045 0.050000 0.048611
0 0.845370 0.590189 0.050000 0.048611
0 0.851364 0.593426 0.050000 0.048611
0 0.787428 0.614470 0.050000 0.048611
0 0.796419 0.614470 0.050000 0.048611
0 0.802413 0.616089 0.050000 0.048611
0 0.809406 0.616089 0.050000 0.048611
0 0.814401 0.617708 0.050000 0.048611
0 0.820395 0.607995 0.050000 0.048611
0 0.829386 0.609614 0.050000 0.048611
0 0.836379 0.607995 0.050000 0.048611
0 0.846369 0.601520 0.050000 0.048611
0 0.819396 0.620945 0.050000 0.048611
0 0.825390 0.627420 0.050000 0.048611
0 0.831384 0.625801 0.050000 0.048611
0 0.835380 0.624183 0.050000 0.048611
0 0.838377 0.622564 0.050000 0.048611
0 0.844371 0.616089 0.050000 0.048611
0 0.846369 0.611233 0.050000 0.048611
0 0.799416 0.638751 0.050000 0.048611
0 0.792423 0.638751 0.050000 0.048611
0 0.788427 0.627420 0.050000 0.048611
0 0.796419 0.627420 0.050000 0.048611
0 0.808407 0.633895 0.050000 0.048611
0 0.812403 0.630658 0.050000 0.048611
0 0.797418 0.646845 0.050000 0.048611
0 0.804411 0.656558 0.050000 0.048611
0 0.797418 0.661414 0.050000 0.048611
0 0.797418 0.669508 0.050000 0.048611
0 0.800415 0.677601 0.050000 0.048611
0 0.810405 0.669508 0.050000 0.048611
0 0.816399 0.666270 0.050000 0.048611
0 0.814401 0.653320 0.050000 0.048611
0 0.818397 0.653320 0.050000 0.048611
0 0.822393 0.643608 0.050000 0.048611
0 0.828387 0.638751 0.050000 0.048611
0 0.834381 0.638751 0.050000 0.048611
0 0.842373 0.633895 0.050000 0.048611
0 0.862353 0.706739 0.050000 0.048611
0 0.997218 0.595045 0.050000 0.048611
0 0.991224 0.586951 0.050000 0.048611
0 0.986229 0.593426 0.050000 0.048611
0 0.980235 0.590189 0.050000 0.048611
0 0.972243 0.586951 0.050000 0.048611
0 0.997218 0.603139 0.050000 0.048611
0 0.997218 0.614470 0.050000 0.048611
0 0.992223 0.630658 0.050000 0.048611
0 0.986229 0.629039 0.050000 0.048611
0 0.982233 0.619326 0.050000 0.048611
0 0.999216 0.656558 0.050000 0.048611
0 0.998217 0.646845 0.050000 0.048611
0 0.997218 0.637133 0.050000 0.048611
0 0.993222 0.640370 0.050000 0.048611
0 0.986229 0.645226 0.050000 0.048611
0 0.937278 0.658176 0.050000 0.048611
0 0.944271 0.640370 0.050000 0.048611
0 0.951264 0.643608 0.050000 0.048611
0 0.946269 0.650083 0.050000 0.048611
0 0.956259 0.633895 0.050000 0.048611
0 0.959256 0.629039 0.050000 0.048611
0 0.957258 0.624183 0.050000 0.048611
0 0.948267 0.624183 0.050000 0.048611
0 0.931284 0.624183 0.050000 0.048611
0 0.923292 0.625801 0.050000 0.048611
0 0.945270 0.616089 0.050000 0.048611
0 0.938277 0.620945 0.050000 0.048611
0 0.939276 0.603139 0.050000 0.048611
0 0.949266 0.609614 0.050000 0.048611
0 0.954261 0.606376 0.050000 0.048611
0 0.963252 0.606376 0.050000 0.048611
0 0.969246 0.609614 0.050000 0.048611
0 0.978237 0.604758 0.050000 0.048611
0 0.986229 0.606376 0.050000 0.048611
0 0.964251 0.630658 0.050000 0.048611
0 0.969246 0.630658 0.050000 0.048611
0 0.978237 0.629039 0.050000 0.048611
0 0.962253 0.616089 0.050000 0.048611
0 0.971244 0.620945 0.050000 0.048611
0 0.959256 0.616089 0.050000 0.048611
0 0.920295 0.559432 0.050000 0.048611
0 0.930285 0.559432 0.050000 0.048611
0 0.941274 0.567526 0.050000 0.048611
0 0.914301 0.574001 0.050000 0.048611
0 0.922293 0.570764 0.050000 0.048611
0 0.933282 0.570764 0.050000 0.048611
0 0.913302 0.590189 0.050000 0.048611
0 0.919296 0.585332 0.050000 0.048611
0 0.925290 0.578857 0.050000 0.048611
0 0.931284 0.580476 0.050000 0.048611
0 0.939276 0.580476 0.050000 0.048611
0 0.947268 0.588570 0.050000 0.048611
0 0.916299 0.606376 0.050000 0.048611
0 0.923292 0.604758 0.050000 0.048611
0 0.928287 0.599901 0.050000 0.048611
0 0.936279 0.593426 0.050000 0.048611
0 0.960255 0.572382 0.050000 0.048611
0 0.912303 0.619326 0.050000 0.048611
0 0.919296 0.619326 0.050000 0.048611
0 0.924291 0.614470 0.050000 0.048611
0 0.933282 0.609614 0.050000 0.048611
0 0.955260 0.590189 0.050000 0.048611
0 0.383831 0.616089 0.050000 0.048611
0 0.377837 0.622564 0.050000 0.048611
0 0.374840 0.601520 0.050000 0.048611
0 0.373841 0.582095 0.050000 0.048611
0 0.390824 0.586951 0.050000 0.048611
0 0.395819 0.580476 0.050000 0.048611
0 0.390824 0.687314 0.050000 0.048611
0 0.396818 0.695408 0.050000 0.048611
0 0.403811 0.695408 0.050000 0.048611
0 0.383831 0.672745 0.050000 0.048611
0 0.389825 0.674364 0.050000 0.048611
0 0.382832 0.658176 0.050000 0.048611
0 0.384830 0.658176 0.050000 0.048611
0 0.380834 0.641989 0.050000 0.048611
0 0.385829 0.641989 0.050000 0.048611
0 0.393821 0.625801 0.050000 0.048611
0 0.396818 0.624183 0.050000 0.048611
0 0.393821 0.669508 0.050000 0.048611
0 0.397817 0.664651 0.050000 0.048611
0 0.401813 0.653320 0.050000 0.048611
0 0.403811 0.635514 0.050000 0.048611
0 0.407807 0.635514 0.050000 0.048611
0 0.414800 0.607995 0.050000 0.048611
0 0.407807 0.606376 0.050000 0.048611
0 0.421793 0.604758 0.050000 0.048611
0 0.409805 0.596664 0.050000 0.048611
0 0.417797 0.596664 0.050000 0.048611
0 0.428786 0.611233 0.050000 0.048611
0 0.436778 0.603139 0.050000 0.048611
0 0.439775 0.607995 0.050000 0.048611
0 0.448766 0.586951 0.050000 0.048611
0 0.453761 0.535151 0.050000 0.048611
0 0.462752 0.544864 0.050000 0.048611
0 0.460754 0.611233 0.050000 0.048611
0 0.464750 0.599901 0.050000 0.048611
0 0.458756 0.593426 0.050000 0.048611
0 0.450764 0.604758 0.050000 0.048611
0 0.437777 0.588570 0.050000 0.048611
0 0.489725 0.596664 0.050000 0.048611
0 0.496718 0.606376 0.050000 0.048611
0 0.505709 0.582095 0.050000 0.048611
0 0.495719 0.629039 0.050000 0.048611
0 0.488726 0.632276 0.050000 0.048611
0 0.482732 0.625801 0.050000 0.048611
0 0.484730 0.611233 0.050000 0.048611
0 0.487727 0.611233 0.050000 0.048611
0 0.492722 0.612851 0.050000 0.048611
0 0.495719 0.612851 0.050000 0.048611
0 0.502712 0.617708 0.050000 0.048611
0 0.505709 0.606376 0.050000 0.048611
0 0.505709 0.633895 0.050000 0.048611
0 0.500714 0.640370 0.050000 0.048611
0 0.497717 0.653320 0.050000 0.048611
0 0.492722 0.664651 0.050000 0.048611
0 0.547667 0.659795 0.050000 0.048611
0 0.554660 0.654939 0.050000 0.048611
0 0.560654 0.663033 0.050000 0.048611
0 0.587627 0.693789 0.050000 0.048611
0 0.581633 0.706739 0.050000 0.048611
0 0.557657 0.768251 0.050000 0.048611
0 0.568646 0.561051 0.050000 0.048611
0 0.608606 0.493064 0.050000 0.048611
0 0.615599 0.488207 0.050000 0.048611
0 0.620594 0.484970 0.050000 0.048611
0 0.626588 0.484970 0.050000 0.048611
0 0.626588 0.491445 0.050000 0.048611
0 0.630584 0.491445 0.050000 0.048611
0 0.631583 0.483351 0.050000 0.048611
0 0.638576 0.493064 0.050000 0.048611
0 0.642572 0.481732 0.050000 0.048611
0 0.656558 0.486589 0.050000 0.048611
0 0.662552 0.486589 0.050000 0.048611
0 0.666548 0.493064 0.050000 0.048611
0 0.649565 0.488207 0.050000 0.048611
0 0.693521 0.663033 0.050000 0.048611
0 0.640574 0.629039 0.050000 0.048611
0 0.615599 0.654939 0.050000 0.048611
0 0.595619 0.747208 0.050000 0.048611
0 0.515699 0.540007 0.050000 0.048611
0 0.523691 0.538389 0.050000 0.048611
0 0.530684 0.554576 0.050000 0.048611
0 0.532682 0.548101 0.050000 0.048611
0 0.532682 0.541626 0.050000 0.048611
0 0.503711 0.543245 0.050000 0.048611
0 0.509705 0.548101 0.050000 0.048611
0 0.547667 0.551339 0.050000 0.048611
0 0.542672 0.569145 0.050000 0.048611
0 0.542672 0.548101 0.050000 0.048611
0 0.563651 0.549720 0.050000 0.048611
0 0.555659 0.541626 0.050000 0.048611
0 0.559655 0.531914 0.050000 0.048611
0 0.556658 0.531914 0.050000 0.048611
0 0.584630 0.575620 0.050000 0.048611
0 0.576638 0.561051 0.050000 0.048611
0 0.596618 0.538389 0.050000 0.048611
0 0.440774 0.612851 0.050000 0.048611
0 0.442772 0.612851 0.050000 0.048611
0 0.452762 0.630658 0.050000 0.048611
0 0.461753 0.625801 0.050000 0.048611
0 0.469745 0.624183 0.050000 0.048611
0 0.475739 0.616089 0.050000 0.048611
0 0.472742 0.609614 0.050000 0.048611
0 0.425789 0.648464 0.050000 0.048611
0 0.432782 0.656558 0.050000 0.048611
0 0.432782 0.641989 0.050000 0.048611
0 0.440774 0.643608 0.050000 0.048611
0 0.446768 0.645226 0.050000 0.048611
0 0.440774 0.630658 0.050000 0.048611
0 0.439775 0.667889 0.050000 0.048611
0 0.432782 0.671126 0.050000 0.048611
0 0.432782 0.688933 0.050000 0.048611
0 0.458756 0.680839 0.050000 0.048611
0 0.445769 0.682458 0.050000 0.048611
0 0.479735 0.902608 0.050000 0.048611
0 0.480734 0.883183 0.050000 0.048611
0 0.461753 0.891277 0.050000 0.048611
0 0.446768 0.900989 0.050000 0.048611
0 0.389825 0.957645 0.050000 0.048611
0 0.389825 0.889658 0.050000 0.048611
0 0.409805 0.803864 0.050000 0.048611
0 0.129086 0.701883 0.050000 0.048611
0 0.233981 0.755301 0.050000 0.048611
0 0.233981 0.740733 0.050000 0.048611
0 0.316898 0.756920 0.050000 0.048611
0 0.528686 0.654939 0.050000 0.048611
0 0.540674 0.651701 0.050000 0.048611
0 0.520694 0.659795 0.050000 0.048611
0 0.530684 0.685695 0.050000 0.048611
0 0.536678 0.687314 0.050000 0.048611
0 0.534680 0.672745 0.050000 0.048611
0 0.543671 0.671126 0.050000 0.048611
0 0.525689 0.701883 0.050000 0.048611
0 0.505709 0.684076 0.050000 0.048611
0 0.523691 0.675983 0.050000 0.048611
0 0.499715 0.667889 0.050000 0.048611
0 0.501713 0.700264 0.050000 0.048611
0 0.433781 0.713214 0.050000 0.048611
0 0.444770 0.731020 0.050000 0.048611
0 0.458756 0.724545 0.050000 0.048611
0 0.472742 0.737495 0.050000 0.048611
0 0.254960 0.750445 0.050000 0.048611
0 0.192023 0.719689 0.050000 0.048611
0 0.227987 0.703501 0.050000 0.048611
0 0.699515 0.986783 0.050000 0.048611
0 0.657557 0.991639 0.050000 0.048611
0 0.645569 0.968977 0.050000 0.048611
0 0.459755 0.915558 0.050000 0.048611
0 0.385829 0.700264 0.050000 0.048611
0 0.373841 0.690551 0.050000 0.048611
0 0.358856 0.682458 0.050000 0.048611
0 0.317897 0.684076 0.050000 0.048611
0 0.293921 0.641989 0.050000 0.048611
0 0.300914 0.641989 0.050000 0.048611
0 0.298916 0.654939 0.050000 0.048611
0 0.309905 0.643608 0.050000 0.048611
0 0.316898 0.633895 0.050000 0.048611
0 0.318896 0.627420 0.050000 0.048611
0 0.472742 0.758539 0.050000 0.048611
0 0.483731 0.752064 0.050000 0.048611
0 0.542672 0.719689 0.050000 0.048611
0 0.371843 0.800626 0.050000 0.048611
0 0.120095 0.722926 0.050000 0.048611
0 0.177038 0.708358 0.050000 0.048611
0 0.159056 0.784439 0.050000 0.048611
0 0.381833 0.601520 0.050000 0.048611
0 0.490724 0.638751 0.050000 0.048611