0 0.921641 0.645659 0.049805 0.049479
0 0.805112 0.313427 0.049805 0.049479
0 0.629079 0.415907 0.049805 0.049479
0 0.971228 0.090287 0.049805 0.049479
0 0.676186 0.085328 0.049805 0.049479
0 0.645195 0.205989 0.049805 0.049479
0 0.588170 0.244006 0.049805 0.049479
0 0.505112 0.278717 0.049805 0.049479
0 0.190236 0.268799 0.049805 0.049479
0 0.056352 0.242353 0.049805 0.049479
0 0.134451 0.194419 0.049805 0.049479
0 0.107178 0.169626 0.049805 0.049479
0 0.086104 0.080370 0.049805 0.049479
0 0.124533 0.080370 0.049805 0.049479
0 0.181558 0.093593 0.049805 0.049479
0 0.221228 0.093593 0.049805 0.049479
0 0.255938 0.100204 0.049805 0.049479
0 0.303046 0.088634 0.049805 0.049479
0 0.316682 0.005989 0.049805 0.049479
0 0.027839 0.086981 0.049805 0.049479