0 0.056475 0.756834 0.049805 0.049479
0 0.007179 0.738054 0.049805 0.049479
0 0.090513 0.755269 0.049805 0.049479
0 0.083470 0.716145 0.049805 0.049479
0 0.074081 0.692671 0.049805 0.049479
0 0.034175 0.691106 0.049805 0.049479
0 0.155067 0.780308 0.049805 0.049479
0 0.157414 0.733360 0.049805 0.049479
0 0.119855 0.711450 0.049805 0.049479
0 0.202015 0.734925 0.049805 0.049479
0 0.246616 0.772483 0.049805 0.049479
0 0.239574 0.736489 0.049805 0.049479
0 0.226663 0.711450 0.049805 0.049479
0 0.243095 0.692671 0.049805 0.049479
0 0.278306 0.700496 0.049805 0.049479
0 0.287696 0.766223 0.049805 0.049479
0 0.307649 0.780308 0.049805 0.049479
0 0.324081 0.867945 0.049805 0.049479
0 0.385114 0.960277 0.049805 0.049479
0 0.440278 0.853860 0.049805 0.049479
0 0.390982 0.802217 0.049805 0.049479
0 0.369855 0.813172 0.049805 0.049479
0 0.436757 0.780308 0.049805 0.049479
0 0.530653 0.944627 0.049805 0.049479
0 0.564691 0.872640 0.049805 0.049479
0 0.675020 0.877335 0.049805 0.049479
0 0.707884 0.972796 0.049805 0.049479
0 0.861639 0.949322 0.049805 0.049479
0 0.987226 0.963407 0.049805 0.049479
0 0.952015 0.875770 0.049805 0.049479
0 0.939104 0.741184 0.049805 0.049479
0 0.801780 0.839776 0.049805 0.049479
0 0.608118 0.777178 0.049805 0.049479
0 0.624550 0.741184 0.049805 0.049479
0 0.671499 0.744314 0.049805 0.049479
0 0.752484 0.738054 0.049805 0.049479
0 0.825254 0.736489 0.049805 0.049479
0 0.876898 0.711450 0.049805 0.049479
0 0.919151 0.702061 0.049805 0.049479
0 0.941452 0.686411 0.049805 0.049479
0 0.936757 0.659807 0.049805 0.049479
0 0.896851 0.647288 0.049805 0.049479
0 0.913283 0.609729 0.049805 0.049479
0 0.912109 0.664502 0.049805 0.049479
0 0.876898 0.675457 0.049805 0.049479
0 0.847555 0.656677 0.049805 0.049479
0 0.825254 0.645723 0.049805 0.049479
0 0.802954 0.689541 0.049805 0.049479
0 0.752484 0.700496 0.049805 0.049479
0 0.698494 0.692671 0.049805 0.049479
0 0.658588 0.667632 0.049805 0.049479
0 0.617508 0.703626 0.049805 0.049479
0 0.583470 0.725535 0.049805 0.049479
0 0.592860 0.692671 0.049805 0.049479
0 0.556475 0.716145 0.049805 0.049479
0 0.536522 0.703626 0.049805 0.049479
0 0.524785 0.747444 0.049805 0.049479
0 0.450841 0.711450 0.049805 0.049479
0 0.464926 0.678587 0.049805 0.049479
0 0.490747 0.703626 0.049805 0.049479
0 0.521264 0.675457 0.049805 0.049479
0 0.582297 0.667632 0.049805 0.049479
0 0.597555 0.645723 0.049805 0.049479
0 0.613987 0.648853 0.049805 0.049479
0 0.599902 0.620684 0.049805 0.049479
0 0.621029 0.620684 0.049805 0.049479
0 0.642156 0.614424 0.049805 0.049479
0 0.671499 0.625378 0.049805 0.049479
0 0.692625 0.614424 0.049805 0.049479
0 0.703189 0.639463 0.049805 0.049479
0 0.690278 0.642593 0.049805 0.049479
0 0.003071 0.664502 0.049805 0.049479
0 0.016569 0.662937 0.049805 0.049479
0 0.045325 0.651200 0.049805 0.049479
0 0.031827 0.655895 0.049805 0.049479
0 0.063517 0.649635 0.049805 0.049479
0 0.018330 0.697366 0.049805 0.049479
0 0.033001 0.680934 0.049805 0.049479
0 0.085231 0.633203 0.049805 0.049479
0 0.062930 0.615989 0.049805 0.049479
0 0.050607 0.598774 0.049805 0.049479
0 0.026546 0.587820 0.049805 0.049479
0 0.013635 0.612859 0.049805 0.049479
0 0.003071 0.631638 0.049805 0.049479
0 0.001898 0.587820 0.049805 0.049479
0 0.025372 0.565128 0.049805 0.049479
0 0.013048 0.554173 0.049805 0.049479
0 0.015395 0.535394 0.049805 0.049479
0 0.003658 0.525222 0.049805 0.049479
0 0.011874 0.518962 0.049805 0.049479
0 0.022438 0.512702 0.049805 0.049479
0 0.003071 0.500183 0.049805 0.049479
0 0.018916 0.497053 0.049805 0.049479
0 0.017743 0.501748 0.049805 0.049479
0 0.014808 0.507225 0.049805 0.049479
0 0.009527 0.496270 0.049805 0.049479
0 0.046499 0.463407 0.049805 0.049479
0 0.038869 0.477491 0.049805 0.049479
0 0.032414 0.490793 0.049805 0.049479
0 0.024198 0.491576 0.049805 0.049479
0 0.023024 0.481403 0.049805 0.049479
0 0.014222 0.481403 0.049805 0.049479
0 0.035348 0.500965 0.049805 0.049479
0 0.030067 0.503313 0.049805 0.049479
0 0.006592 0.490793 0.049805 0.049479
0 0.003071 0.486098 0.049805 0.049479
0 0.032414 0.514267 0.049805 0.049479
0 0.038869 0.510355 0.049805 0.049479
0 0.047085 0.490011 0.049805 0.049479
0 0.048259 0.502530 0.049805 0.049479
0 0.045912 0.517397 0.049805 0.049479
0 0.050607 0.510355 0.049805 0.049479
0 0.052367 0.479838 0.049805 0.049479
0 0.118095 0.671544 0.049805 0.049479
0 0.147438 0.687976 0.049805 0.049479
0 0.058236 0.719275 0.049805 0.049479
0 0.175020 0.682499 0.049805 0.049479
0 0.182062 0.708320 0.049805 0.049479
0 0.182649 0.644158 0.049805 0.049479
0 0.167391 0.641028 0.049805 0.049479
0 0.133353 0.625378 0.049805 0.049479
0 0.109879 0.637115 0.049805 0.049479
0 0.079949 0.592515 0.049805 0.049479
0 0.087578 0.579995 0.049805 0.049479
0 0.072320 0.566693 0.049805 0.049479
0 0.056475 0.574518 0.049805 0.049479
0 0.035935 0.574518 0.049805 0.049479
0 0.039456 0.560433 0.049805 0.049479
0 0.047672 0.559651 0.049805 0.049479
0 0.065278 0.548696 0.049805 0.049479
0 0.053541 0.548696 0.049805 0.049479
0 0.047672 0.534612 0.049805 0.049479
0 0.055301 0.532264 0.049805 0.049479
0 0.038283 0.524439 0.049805 0.049479
0 0.068212 0.532264 0.049805 0.049479
0 0.068799 0.519745 0.049805 0.049479
0 0.064691 0.521310 0.049805 0.049479
0 0.059409 0.511137 0.049805 0.049479
0 0.060583 0.490793 0.049805 0.049479
0 0.068799 0.478274 0.049805 0.049479
0 0.064104 0.483751 0.049805 0.049479
0 0.071733 0.490793 0.049805 0.049479
0 0.071733 0.485316 0.049805 0.049479
0 0.079949 0.495488 0.049805 0.049479
0 0.073494 0.500965 0.049805 0.049479
0 0.085231 0.497835 0.049805 0.049479
0 0.084057 0.472796 0.049805 0.049479
0 0.084644 0.506443 0.049805 0.049479
0 0.077015 0.518180 0.049805 0.049479
0 0.086405 0.532264 0.049805 0.049479
0 0.090513 0.516615 0.049805 0.049479
0 0.078776 0.529134 0.049805 0.049479
0 0.077602 0.548696 0.049805 0.049479
0 0.079362 0.558086 0.049805 0.049479
0 0.095794 0.545566 0.049805 0.049479
0 0.104597 0.550261 0.049805 0.049479
0 0.105184 0.540089 0.049805 0.049479
0 0.104597 0.530699 0.049805 0.049479
0 0.099902 0.523657 0.049805 0.049479
0 0.108705 0.511920 0.049805 0.049479
0 0.119269 0.511920 0.049805 0.049479
0 0.119269 0.537741 0.049805 0.049479
0 0.113400 0.554173 0.049805 0.049479
0 0.109879 0.558086 0.049805 0.049479
0 0.110466 0.576083 0.049805 0.049479
0 0.121616 0.567475 0.049805 0.049479
0 0.136287 0.566693 0.049805 0.049479
0 0.136287 0.579212 0.049805 0.049479
0 0.120442 0.587820 0.049805 0.049479
0 0.124550 0.603469 0.049805 0.049479
0 0.145090 0.604252 0.049805 0.049479
0 0.152132 0.578430 0.049805 0.049479
0 0.165630 0.608946 0.049805 0.049479
0 0.189104 0.617554 0.049805 0.049479
0 0.189691 0.590167 0.049805 0.049479
0 0.173846 0.576083 0.049805 0.049479
0 0.165043 0.572953 0.049805 0.049479
0 0.152132 0.544001 0.049805 0.049479
0 0.150372 0.558086 0.049805 0.049479
0 0.143916 0.537741 0.049805 0.049479
0 0.162109 0.548696 0.049805 0.049479
0 0.171499 0.551826 0.049805 0.049479
0 0.183823 0.556521 0.049805 0.049479
0 0.194386 0.559651 0.049805 0.049479
0 0.188517 0.549479 0.049805 0.049479
0 0.194386 0.538524 0.049805 0.049479
0 0.185583 0.571388 0.049805 0.049479
0 0.202602 0.578430 0.049805 0.049479
0 0.212578 0.607381 0.049805 0.049479
0 0.198494 0.614424 0.049805 0.049479
0 0.229597 0.609729 0.049805 0.049479
0 0.218447 0.583125 0.049805 0.049479
0 0.213752 0.563563 0.049805 0.049479
0 0.224315 0.555738 0.049805 0.049479
0 0.211992 0.543219 0.049805 0.049479
0 0.229597 0.540089 0.049805 0.049479
0 0.236053 0.565910 0.049805 0.049479
0 0.240161 0.543219 0.049805 0.049479
0 0.233705 0.533047 0.049805 0.049479
0 0.226663 0.526787 0.049805 0.049479
0 0.236053 0.519745 0.049805 0.049479
0 0.217273 0.519745 0.049805 0.049479
0 0.209057 0.522874 0.049805 0.049479
0 0.199081 0.526787 0.049805 0.049479
0 0.188517 0.529134 0.049805 0.049479
0 0.246616 0.615206 0.049805 0.049479
0 0.260114 0.598774 0.049805 0.049479
0 0.251311 0.576083 0.049805 0.049479
0 0.238987 0.637115 0.049805 0.049479
0 0.214339 0.648070 0.049805 0.049479
0 0.332884 0.750574 0.049805 0.049479
0 0.374550 0.727100 0.049805 0.049479
0 0.398024 0.727882 0.049805 0.049479
0 0.449668 0.738054 0.049805 0.049479
0 0.397438 0.686411 0.049805 0.049479
0 0.348729 0.698931 0.049805 0.049479
0 0.324668 0.702843 0.049805 0.049479
0 0.296499 0.702843 0.049805 0.049479
0 0.289456 0.666067 0.049805 0.049479
0 0.301193 0.648070 0.049805 0.049479
0 0.278306 0.617554 0.049805 0.049479
0 0.285935 0.601904 0.049805 0.049479
0 0.296499 0.615206 0.049805 0.049479
0 0.301193 0.601122 0.049805 0.049479
0 0.312344 0.628508 0.049805 0.049479
0 0.329362 0.606599 0.049805 0.049479
0 0.351663 0.628508 0.049805 0.049479
0 0.347555 0.651982 0.049805 0.049479
0 0.385114 0.637115 0.049805 0.049479
0 0.374550 0.669979 0.049805 0.049479
0 0.399198 0.651200 0.049805 0.049479
0 0.412109 0.664502 0.049805 0.049479
0 0.420325 0.639463 0.049805 0.049479
0 0.411522 0.626161 0.049805 0.049479
0 0.439104 0.628508 0.049805 0.049479
0 0.470794 0.634768 0.049805 0.049479
0 0.459644 0.655895 0.049805 0.049479
0 0.459057 0.597992 0.049805 0.049479
0 0.443799 0.598774 0.049805 0.049479
0 0.426780 0.595644 0.049805 0.049479
0 0.415630 0.598774 0.049805 0.049479
0 0.403306 0.599557 0.049805 0.049479
0 0.411522 0.577648 0.049805 0.049479
0 0.385700 0.607381 0.049805 0.049479
0 0.366334 0.612859 0.049805 0.049479
0 0.375137 0.598774 0.049805 0.049479
0 0.345207 0.582342 0.049805 0.049479
0 0.337578 0.562781 0.049805 0.049479
0 0.370442 0.577648 0.049805 0.049479
0 0.384527 0.561216 0.049805 0.049479
0 0.398024 0.576083 0.049805 0.049479
0 0.409761 0.566693 0.049805 0.049479
0 0.405653 0.549479 0.049805 0.049479
0 0.427954 0.568258 0.049805 0.049479
0 0.436170 0.566693 0.049805 0.049479
0 0.447320 0.570605 0.049805 0.049479
0 0.454362 0.576083 0.049805 0.049479
0 0.470794 0.570605 0.049805 0.049479
0 0.459644 0.565910 0.049805 0.049479
0 0.493682 0.576083 0.049805 0.049479
0 0.481945 0.566693 0.049805 0.049479
0 0.486053 0.551826 0.049805 0.049479
0 0.497203 0.554173 0.049805 0.049479
0 0.459057 0.551043 0.049805 0.049479
0 0.443799 0.549479 0.049805 0.049479
0 0.430301 0.544001 0.049805 0.049479
0 0.420325 0.533829 0.049805 0.049479
0 0.408588 0.532264 0.049805 0.049479
0 0.397438 0.527569 0.049805 0.049479
0 0.393916 0.534612 0.049805 0.049479
0 0.388635 0.537741 0.049805 0.049479
0 0.382179 0.526787 0.049805 0.049479
0 0.373376 0.530699 0.049805 0.049479
0 0.369269 0.551826 0.049805 0.049479
0 0.367508 0.537741 0.049805 0.049479
0 0.368095 0.521310 0.049805 0.049479
0 0.358705 0.533047 0.049805 0.049479
0 0.349315 0.543219 0.049805 0.049479
0 0.350489 0.560433 0.049805 0.049479
0 0.309996 0.574518 0.049805 0.049479
0 0.299433 0.563563 0.049805 0.049479
0 0.309409 0.554956 0.049805 0.049479
0 0.321146 0.554173 0.049805 0.049479
0 0.330536 0.541654 0.049805 0.049479
0 0.308823 0.543219 0.049805 0.049479
0 0.308236 0.527569 0.049805 0.049479
0 0.315865 0.538524 0.049805 0.049479
0 0.319973 0.521310 0.049805 0.049479
0 0.342860 0.532264 0.049805 0.049479
0 0.335818 0.522092 0.049805 0.049479
0 0.329362 0.522092 0.049805 0.049479
0 0.346381 0.516615 0.049805 0.049479
0 0.354010 0.514267 0.049805 0.049479
0 0.359879 0.512702 0.049805 0.049479
0 0.351076 0.532264 0.049805 0.049479
0 0.271264 0.576083 0.049805 0.049479
0 0.278893 0.577648 0.049805 0.049479
0 0.257179 0.563563 0.049805 0.049479
0 0.263048 0.545566 0.049805 0.049479
0 0.252484 0.545566 0.049805 0.049479
0 0.274785 0.547131 0.049805 0.049479
0 0.285935 0.551043 0.049805 0.049479
0 0.291804 0.559651 0.049805 0.049479
0 0.296499 0.539306 0.049805 0.049479
0 0.299433 0.529917 0.049805 0.049479
0 0.285935 0.533829 0.049805 0.049479
0 0.275959 0.529134 0.049805 0.049479
0 0.262461 0.532264 0.049805 0.049479
0 0.250137 0.529134 0.049805 0.049479
0 0.244855 0.526787 0.049805 0.049479
0 0.256006 0.521310 0.049805 0.049479
0 0.264808 0.517397 0.049805 0.049479
0 0.281827 0.512702 0.049805 0.049479
0 0.274785 0.517397 0.049805 0.049479
0 0.286522 0.504878 0.049805 0.049479
0 0.296499 0.512702 0.049805 0.049479
0 0.296499 0.500183 0.049805 0.049479
0 0.124550 0.551043 0.049805 0.049479
0 0.126898 0.513485 0.049805 0.049479
0 0.133940 0.521310 0.049805 0.049479
0 0.139222 0.522092 0.049805 0.049479
0 0.145090 0.523657 0.049805 0.049479
0 0.149785 0.522092 0.049805 0.049479
0 0.162109 0.523657 0.049805 0.049479
0 0.173259 0.525222 0.049805 0.049479
0 0.178541 0.518180 0.049805 0.049479
0 0.174433 0.510355 0.049805 0.049479
0 0.165043 0.511920 0.049805 0.049479
0 0.154480 0.506443 0.049805 0.049479
0 0.147438 0.507225 0.049805 0.049479
0 0.135700 0.505660 0.049805 0.049479
0 0.128658 0.504878 0.049805 0.049479
0 0.099315 0.483751 0.049805 0.049479
0 0.095207 0.488446 0.049805 0.049479
0 0.091686 0.475926 0.049805 0.049479
0 0.094034 0.472014 0.049805 0.049479
0 0.100489 0.472014 0.049805 0.049479
0 0.235759 0.594471 0.049805 0.049479
0 0.182062 0.507225 0.049805 0.049479
0 0.169445 0.493140 0.049805 0.049479
0 0.157414 0.491967 0.049805 0.049479
0 0.147144 0.497053 0.049805 0.049479
0 0.138928 0.499792 0.049805 0.049479
0 0.132766 0.499792 0.049805 0.049479
0 0.141569 0.495879 0.049805 0.049479
0 0.146557 0.491967 0.049805 0.049479
0 0.149785 0.487272 0.049805 0.049479
0 0.140689 0.488837 0.049805 0.049479
0 0.127191 0.497835 0.049805 0.049479
0 0.124257 0.503313 0.049805 0.049479
0 0.114574 0.505269 0.049805 0.049479
0 0.104304 0.500574 0.049805 0.049479
0 0.095501 0.506051 0.049805 0.049479
0 0.089632 0.500965 0.049805 0.049479
0 0.062637 0.500574 0.049805 0.049479
0 0.079656 0.505269 0.049805 0.049479
0 0.025959 0.491576 0.049805 0.049479
0 0.027719 0.492749 0.049805 0.049479
0 0.059116 0.476317 0.049805 0.049479
0 0.086405 0.400809 0.049805 0.049479
0 0.069386 0.398070 0.049805 0.049479
0 0.035055 0.403547 0.049805 0.049479
0 0.021264 0.404721 0.049805 0.049479
0 0.122790 0.394158 0.049805 0.049479
0 0.126017 0.477882 0.049805 0.049479
0 0.118095 0.468493 0.049805 0.049479
0 0.111346 0.472405 0.049805 0.049479
0 0.114280 0.476317 0.049805 0.049479
0 0.104891 0.482186 0.049805 0.049479
0 0.107238 0.480230 0.049805 0.049479
0 0.097555 0.493140 0.049805 0.049479
0 0.092860 0.491576 0.049805 0.049479
0 0.111053 0.483360 0.049805 0.049479
0 0.107531 0.487272 0.049805 0.049479
0 0.112226 0.490011 0.049805 0.049479
0 0.120149 0.484533 0.049805 0.049479
0 0.131592 0.467319 0.049805 0.049479
0 0.157121 0.464971 0.049805 0.049479
0 0.152132 0.472405 0.049805 0.049479
0 0.149492 0.477882 0.049805 0.049479
0 0.174139 0.495488 0.049805 0.049479
0 0.172085 0.503313 0.049805 0.049479
0 0.177074 0.504095 0.049805 0.049479
0 0.185583 0.494705 0.049805 0.049479
0 0.193799 0.491967 0.049805 0.049479
0 0.209057 0.490011 0.049805 0.049479
0 0.207590 0.508007 0.049805 0.049479
0 0.200841 0.513485 0.049805 0.049479
0 0.194092 0.516223 0.049805 0.049479
0 0.156240 0.532655 0.049805 0.049479
0 0.151546 0.528352 0.049805 0.049479
0 0.127778 0.539306 0.049805 0.049479
0 0.113400 0.542045 0.049805 0.049479
0 0.113693 0.518962 0.049805 0.049479
0 0.105477 0.521701 0.049805 0.049479
0 0.096381 0.531482 0.049805 0.049479
0 0.093153 0.528743 0.049805 0.049479
0 0.219034 0.527178 0.049805 0.049479
0 0.200254 0.480230 0.049805 0.049479
0 0.205536 0.479447 0.049805 0.049479
0 0.199668 0.486489 0.049805 0.049479
0 0.191745 0.486489 0.049805 0.049479
0 0.185583 0.480621 0.049805 0.049479
0 0.180301 0.487272 0.049805 0.049479
0 0.177367 0.481012 0.049805 0.049479
0 0.180008 0.476709 0.049805 0.049479
0 0.183823 0.469275 0.049805 0.049479
0 0.187930 0.466536 0.049805 0.049479
0 0.184409 0.455973 0.049805 0.049479
0 0.192919 0.457147 0.049805 0.049479
0 0.199374 0.459885 0.049805 0.049479
0 0.204362 0.459103 0.049805 0.049479
0 0.210818 0.452843 0.049805 0.049479
0 0.211992 0.458712 0.049805 0.049479
0 0.220501 0.448540 0.049805 0.049479
0 0.219914 0.458320 0.049805 0.049479
0 0.218153 0.454017 0.049805 0.049479
0 0.231651 0.447366 0.049805 0.049479
0 0.236346 0.447757 0.049805 0.049479
0 0.242215 0.448148 0.049805 0.049479
0 0.245442 0.447366 0.049805 0.049479
0 0.246323 0.454408 0.049805 0.049479
0 0.245149 0.458712 0.049805 0.049479
0 0.248083 0.465754 0.049805 0.049479
0 0.241921 0.474752 0.049805 0.049479
0 0.242801 0.465754 0.049805 0.049479
0 0.241628 0.461842 0.049805 0.049479
0 0.234879 0.459494 0.049805 0.049479
0 0.233412 0.464580 0.049805 0.049479
0 0.233118 0.469666 0.049805 0.049479
0 0.235172 0.477882 0.049805 0.049479
0 0.229597 0.476317 0.049805 0.049479
0 0.226663 0.471231 0.049805 0.049479
0 0.227837 0.464971 0.049805 0.049479
0 0.221968 0.465363 0.049805 0.049479
0 0.216100 0.464189 0.049805 0.049479
0 0.212285 0.463798 0.049805 0.049479
0 0.210818 0.466536 0.049805 0.049479
0 0.207884 0.472796 0.049805 0.049479
0 0.203776 0.469275 0.049805 0.049479
0 0.201722 0.465754 0.049805 0.049479
0 0.205536 0.463798 0.049805 0.049479
0 0.197320 0.470449 0.049805 0.049479
0 0.202015 0.473579 0.049805 0.049479
0 0.189104 0.476317 0.049805 0.049479
0 0.173259 0.486098 0.049805 0.049479
0 0.163283 0.486098 0.049805 0.049479
0 0.158588 0.485707 0.049805 0.049479
0 0.156827 0.481012 0.049805 0.049479
0 0.131006 0.490011 0.049805 0.049479
0 0.165923 0.531873 0.049805 0.049479
0 0.225196 0.479056 0.049805 0.049479
0 0.218447 0.480621 0.049805 0.049479
0 0.221968 0.476317 0.049805 0.049479
0 0.219327 0.472405 0.049805 0.049479
0 0.221968 0.472014 0.049805 0.049479
0 0.211111 0.472796 0.049805 0.049479
0 0.214046 0.481795 0.049805 0.049479
0 0.235466 0.488446 0.049805 0.049479
0 0.230184 0.488837 0.049805 0.049479
0 0.224609 0.488837 0.049805 0.049479
0 0.243388 0.486098 0.049805 0.049479
0 0.236053 0.498227 0.049805 0.049479
0 0.239280 0.494314 0.049805 0.049479
0 0.242508 0.495488 0.049805 0.049479
0 0.248376 0.495488 0.049805 0.049479
0 0.241921 0.500574 0.049805 0.049479
0 0.237520 0.508007 0.049805 0.049479
0 0.246909 0.511920 0.049805 0.049479
0 0.223435 0.514658 0.049805 0.049479
0 0.210231 0.511920 0.049805 0.049479
0 0.071146 0.472796 0.049805 0.049479
0 0.072320 0.478274 0.049805 0.049479
0 0.078189 0.479056 0.049805 0.049479
0 0.077015 0.487272 0.049805 0.049479
0 0.265102 0.500965 0.049805 0.049479
0 0.259233 0.499009 0.049805 0.049479
0 0.262754 0.511137 0.049805 0.049479
0 0.271851 0.494314 0.049805 0.049479
0 0.265982 0.488837 0.049805 0.049479
0 0.260700 0.488446 0.049805 0.049479
0 0.257473 0.479056 0.049805 0.049479
0 0.252778 0.464189 0.049805 0.049479
0 0.257473 0.462233 0.049805 0.049479
0 0.261287 0.463407 0.049805 0.049479
0 0.261287 0.471231 0.049805 0.049479
0 0.270090 0.475926 0.049805 0.049479
0 0.275665 0.473579 0.049805 0.049479
0 0.271557 0.483360 0.049805 0.049479
0 0.277426 0.483360 0.049805 0.049479
0 0.276546 0.493923 0.049805 0.049479
0 0.284175 0.484533 0.049805 0.049479
0 0.287989 0.488446 0.049805 0.049479
0 0.294738 0.492749 0.049805 0.049479
0 0.293858 0.487663 0.049805 0.049479
0 0.298846 0.487663 0.049805 0.049479
0 0.304128 0.487272 0.049805 0.049479
0 0.303541 0.506443 0.049805 0.049479
0 0.309409 0.516615 0.049805 0.049479
0 0.309703 0.499009 0.049805 0.049479
0 0.305301 0.497444 0.049805 0.049479
0 0.311170 0.488446 0.049805 0.049479
0 0.314398 0.497444 0.049805 0.049479
0 0.322320 0.499009 0.049805 0.049479
0 0.327015 0.509181 0.049805 0.049479
0 0.333764 0.501748 0.049805 0.049479
0 0.330243 0.503704 0.049805 0.049479
0 0.341100 0.500183 0.049805 0.049479
0 0.349315 0.500183 0.049805 0.049479
0 0.356064 0.503704 0.049805 0.049479
0 0.363107 0.499009 0.049805 0.049479
0 0.371323 0.505660 0.049805 0.049479
0 0.378658 0.505269 0.049805 0.049479
0 0.365454 0.505660 0.049805 0.049479
0 0.377484 0.516615 0.049805 0.049479
0 0.387168 0.516615 0.049805 0.049479
0 0.386287 0.505269 0.049805 0.049479
0 0.383646 0.499792 0.049805 0.049479
0 0.386581 0.492358 0.049805 0.049479
0 0.378365 0.495488 0.049805 0.049479
0 0.375430 0.491576 0.049805 0.049479
0 0.376898 0.488446 0.049805 0.049479
0 0.373670 0.484925 0.049805 0.049479
0 0.379832 0.481795 0.049805 0.049479
0 0.381886 0.484925 0.049805 0.049479
0 0.387461 0.482186 0.049805 0.049479
0 0.383940 0.479447 0.049805 0.049479
0 0.376311 0.476709 0.049805 0.049479
0 0.368095 0.476709 0.049805 0.049479
0 0.371909 0.474752 0.049805 0.049479
0 0.373376 0.470840 0.049805 0.049479
0 0.379538 0.466928 0.049805 0.049479
0 0.363400 0.487663 0.049805 0.049479
0 0.356651 0.491576 0.049805 0.049479
0 0.349022 0.484533 0.049805 0.049479
0 0.341980 0.481403 0.049805 0.049479
0 0.336698 0.483360 0.049805 0.049479
0 0.333470 0.488837 0.049805 0.049479
0 0.325841 0.486881 0.049805 0.049479
0 0.320560 0.482968 0.049805 0.049479
0 0.293271 0.482186 0.049805 0.049479
0 0.300313 0.480230 0.049805 0.049479
0 0.306769 0.479447 0.049805 0.049479
0 0.295912 0.474752 0.049805 0.049479
0 0.290043 0.476709 0.049805 0.049479
0 0.285642 0.473187 0.049805 0.049479
0 0.281240 0.473970 0.049805 0.049479
0 0.277719 0.464971 0.049805 0.049479
0 0.272438 0.459494 0.049805 0.049479
0 0.270090 0.458320 0.049805 0.049479
0 0.265102 0.457538 0.049805 0.049479
0 0.251898 0.445018 0.049805 0.049479
0 0.258940 0.443062 0.049805 0.049479
0 0.263928 0.441106 0.049805 0.049479
0 0.269797 0.443062 0.049805 0.049479
0 0.274492 0.444236 0.049805 0.049479
0 0.279480 0.443062 0.049805 0.049479
0 0.289456 0.442280 0.049805 0.049479
0 0.305888 0.446192 0.049805 0.049479
0 0.329069 0.440715 0.049805 0.049479
0 0.379832 0.427022 0.049805 0.049479
0 0.380125 0.435629 0.049805 0.049479
0 0.376604 0.434846 0.049805 0.049479
0 0.382473 0.434846 0.049805 0.049479
0 0.285348 0.456756 0.049805 0.049479
0 0.277719 0.457929 0.049805 0.049479
0 0.282121 0.455191 0.049805 0.049479
0 0.288869 0.459494 0.049805 0.049479
0 0.289163 0.463015 0.049805 0.049479
0 0.284175 0.464971 0.049805 0.049479
0 0.292684 0.463407 0.049805 0.049479
0 0.292097 0.456756 0.049805 0.049479
0 0.297966 0.461059 0.049805 0.049479
0 0.301780 0.468884 0.049805 0.049479
0 0.302954 0.457538 0.049805 0.049479
0 0.305888 0.455973 0.049805 0.049479
0 0.307649 0.454017 0.049805 0.049479
0 0.309703 0.464189 0.049805 0.049479
0 0.305595 0.462233 0.049805 0.049479
0 0.307062 0.459494 0.049805 0.049479
0 0.312344 0.458320 0.049805 0.049479
0 0.313517 0.454408 0.049805 0.049479
0 0.317625 0.467710 0.049805 0.049479
0 0.317038 0.457147 0.049805 0.049479
0 0.322614 0.460277 0.049805 0.049479
0 0.327308 0.461450 0.049805 0.049479
0 0.319973 0.460668 0.049805 0.049479
0 0.321733 0.451278 0.049805 0.049479
0 0.311463 0.448931 0.049805 0.049479
0 0.299433 0.451278 0.049805 0.049479
0 0.328189 0.451278 0.049805 0.049479
0 0.331416 0.448540 0.049805 0.049479
0 0.334938 0.458320 0.049805 0.049479
0 0.352543 0.464971 0.049805 0.049479
0 0.344621 0.462233 0.049805 0.049479
0 0.339339 0.459494 0.049805 0.049479
0 0.343153 0.454017 0.049805 0.049479
0 0.346088 0.456756 0.049805 0.049479
0 0.349315 0.462233 0.049805 0.049479
0 0.334351 0.469666 0.049805 0.049479
0 0.324081 0.466536 0.049805 0.049479
0 0.319973 0.465363 0.049805 0.049479
0 0.330536 0.465363 0.049805 0.049479
0 0.354891 0.478665 0.049805 0.049479
0 0.358118 0.468884 0.049805 0.049479
0 0.363107 0.470840 0.049805 0.049479
0 0.383060 0.458712 0.049805 0.049479
0 0.373670 0.459494 0.049805 0.049479
0 0.369269 0.462233 0.049805 0.049479
0 0.364574 0.461450 0.049805 0.049479
0 0.355771 0.456756 0.049805 0.049479
0 0.325548 0.474752 0.049805 0.049479
0 0.336698 0.476122 0.049805 0.049479
0 0.330683 0.475730 0.049805 0.049479
0 0.321587 0.474752 0.049805 0.049479
0 0.340806 0.466145 0.049805 0.049479
0 0.338019 0.465558 0.049805 0.049479
0 0.339486 0.454995 0.049805 0.049479
0 0.324961 0.453626 0.049805 0.049479
0 0.309556 0.448735 0.049805 0.049479
0 0.279626 0.479838 0.049805 0.049479
0 0.251311 0.496857 0.049805 0.049479
0 0.350049 0.477491 0.049805 0.049479
0 0.345648 0.472014 0.049805 0.049479
0 0.340073 0.448344 0.049805 0.049479
0 0.364574 0.449322 0.049805 0.049479
0 0.374257 0.452843 0.049805 0.049479
0 0.380125 0.448148 0.049805 0.049479
0 0.389808 0.457147 0.049805 0.049479
0 0.393623 0.457147 0.049805 0.049479
0 0.382766 0.467319 0.049805 0.049479
0 0.381886 0.473579 0.049805 0.049479
0 0.394210 0.474752 0.049805 0.049479
0 0.387461 0.474361 0.049805 0.049479
0 0.398611 0.481795 0.049805 0.049479
0 0.392156 0.481012 0.049805 0.049479
0 0.395090 0.490011 0.049805 0.049479
0 0.401546 0.489228 0.049805 0.049479
0 0.405360 0.503704 0.049805 0.049479
0 0.396264 0.504486 0.049805 0.049479
0 0.395090 0.519353 0.049805 0.049479
0 0.415043 0.522874 0.049805 0.049479
0 0.413283 0.511920 0.049805 0.049479
0 0.422672 0.518962 0.049805 0.049479
0 0.429715 0.528352 0.049805 0.049479
0 0.436170 0.529134 0.049805 0.049479
0 0.422085 0.552217 0.049805 0.049479
0 0.415923 0.554956 0.049805 0.049479
0 0.463165 0.538524 0.049805 0.049479
0 0.471088 0.529917 0.049805 0.049479
0 0.454656 0.533829 0.049805 0.049479
0 0.450254 0.520136 0.049805 0.049479
0 0.458470 0.519353 0.049805 0.049479
0 0.457297 0.509181 0.049805 0.049479
0 0.469034 0.512311 0.049805 0.049479
0 0.462578 0.502530 0.049805 0.049479
0 0.449961 0.506443 0.049805 0.049479
0 0.433236 0.510746 0.049805 0.049479
0 0.421792 0.505269 0.049805 0.049479
0 0.430008 0.500183 0.049805 0.049479
0 0.437930 0.501748 0.049805 0.049479
0 0.443212 0.502139 0.049805 0.049479
0 0.428247 0.509181 0.049805 0.049479
0 0.421499 0.499009 0.049805 0.049479
0 0.411229 0.494705 0.049805 0.049479
0 0.404186 0.493140 0.049805 0.049479
0 0.423846 0.490011 0.049805 0.049479
0 0.431182 0.489228 0.049805 0.049479
0 0.435876 0.491967 0.049805 0.049479
0 0.445266 0.487272 0.049805 0.049479
0 0.440278 0.481012 0.049805 0.049479
0 0.435583 0.481012 0.049805 0.049479
0 0.430301 0.479056 0.049805 0.049479
0 0.426780 0.481795 0.049805 0.049479
0 0.422379 0.481795 0.049805 0.049479
0 0.425607 0.476317 0.049805 0.049479
0 0.417684 0.478274 0.049805 0.049479
0 0.407707 0.476709 0.049805 0.049479
0 0.406827 0.482968 0.049805 0.049479
0 0.400078 0.472796 0.049805 0.049479
0 0.407414 0.471622 0.049805 0.049479
0 0.403893 0.467319 0.049805 0.049479
0 0.398611 0.465754 0.049805 0.049479
0 0.388635 0.466145 0.049805 0.049479
0 0.371909 0.466145 0.049805 0.049479
0 0.368975 0.452061 0.049805 0.049479
0 0.379245 0.457929 0.049805 0.049479
0 0.378365 0.461059 0.049805 0.049479
0 0.360172 0.462624 0.049805 0.049479
0 0.360759 0.452843 0.049805 0.049479
0 0.356651 0.449713 0.049805 0.049479
0 0.351369 0.457929 0.049805 0.049479
0 0.349315 0.454408 0.049805 0.049479
0 0.458177 0.494705 0.049805 0.049479
0 0.451428 0.491967 0.049805 0.049479
0 0.449668 0.482577 0.049805 0.049479
0 0.446733 0.476317 0.049805 0.049479
0 0.464339 0.485316 0.049805 0.049479
0 0.464046 0.477100 0.049805 0.049479
0 0.459351 0.472014 0.049805 0.049479
0 0.452895 0.476709 0.049805 0.049479
0 0.447907 0.469275 0.049805 0.049479
0 0.441158 0.470058 0.049805 0.049479
0 0.440278 0.463798 0.049805 0.049479
0 0.432942 0.466536 0.049805 0.049479
0 0.427954 0.468493 0.049805 0.049479
0 0.412989 0.470840 0.049805 0.049479
0 0.410642 0.467319 0.049805 0.049479
0 0.414163 0.466145 0.049805 0.049479
0 0.406534 0.466536 0.049805 0.049479
0 0.407707 0.461842 0.049805 0.049479
0 0.398905 0.460277 0.049805 0.049479
0 0.405067 0.457147 0.049805 0.049479
0 0.425607 0.463015 0.049805 0.049479
0 0.430888 0.459885 0.049805 0.049479
0 0.418858 0.457929 0.049805 0.049479
0 0.420912 0.467319 0.049805 0.049479
0 0.417684 0.466536 0.049805 0.049479
0 0.390102 0.431325 0.049805 0.049479
0 0.403600 0.436802 0.049805 0.049479
0 0.400372 0.436802 0.049805 0.049479
0 0.396851 0.430151 0.049805 0.049479
0 0.395677 0.435629 0.049805 0.049479
0 0.390395 0.442280 0.049805 0.049479
0 0.400665 0.450887 0.049805 0.049479
0 0.398318 0.450105 0.049805 0.049479
0 0.407121 0.448148 0.049805 0.049479
0 0.409175 0.448148 0.049805 0.049479
0 0.405653 0.438367 0.049805 0.049479
0 0.406827 0.431716 0.049805 0.049479
0 0.410348 0.431716 0.049805 0.049479
0 0.415337 0.443845 0.049805 0.049479
0 0.415630 0.432890 0.049805 0.049479
0 0.414750 0.428978 0.049805 0.049479
0 0.409468 0.426630 0.049805 0.049479
0 0.406534 0.420762 0.049805 0.049479
0 0.431182 0.417632 0.049805 0.049479
0 0.437930 0.418806 0.049805 0.049479
0 0.443799 0.416458 0.049805 0.049479
0 0.448200 0.416849 0.049805 0.049479
0 0.451135 0.416458 0.049805 0.049479
0 0.456123 0.418806 0.049805 0.049479
0 0.459351 0.417632 0.049805 0.049479
0 0.461405 0.419197 0.049805 0.049479
0 0.424433 0.454408 0.049805 0.049479
0 0.425607 0.457929 0.049805 0.049479
0 0.429128 0.452843 0.049805 0.049479
0 0.431475 0.452843 0.049805 0.049479
0 0.440278 0.452452 0.049805 0.049479
0 0.434703 0.453626 0.049805 0.049479
0 0.384673 0.470253 0.049805 0.049479
0 0.392303 0.467515 0.049805 0.049479
0 0.381299 0.475730 0.049805 0.049479
0 0.408588 0.440128 0.049805 0.049479
0 0.400225 0.441302 0.049805 0.049479
0 0.403013 0.443258 0.049805 0.049479
0 0.411815 0.443258 0.049805 0.049479
0 0.418124 0.440715 0.049805 0.049479
0 0.417977 0.418610 0.049805 0.049479
0 0.422232 0.416654 0.049805 0.049479
0 0.423553 0.425065 0.049805 0.049479
0 0.456123 0.468101 0.049805 0.049479
0 0.453482 0.462037 0.049805 0.049479
0 0.449814 0.460277 0.049805 0.049479
0 0.453335 0.458125 0.049805 0.049479
0 0.451281 0.454799 0.049805 0.049479
0 0.448054 0.453626 0.049805 0.049479
0 0.455683 0.450300 0.049805 0.049479
0 0.456710 0.454799 0.049805 0.049479
0 0.457590 0.461646 0.049805 0.049479
0 0.462138 0.456756 0.049805 0.049479
0 0.462725 0.466145 0.049805 0.049479
0 0.475489 0.474752 0.049805 0.049479
0 0.470354 0.468884 0.049805 0.049479
0 0.473288 0.465754 0.049805 0.049479
0 0.469180 0.463407 0.049805 0.049479
0 0.464192 0.461646 0.049805 0.049479
0 0.465366 0.453039 0.049805 0.049479
0 0.476516 0.461842 0.049805 0.049479
0 0.472115 0.456364 0.049805 0.049479
0 0.451868 0.445997 0.049805 0.049479
0 0.448934 0.444823 0.049805 0.049479
0 0.447467 0.441497 0.049805 0.049479
0 0.444679 0.443258 0.049805 0.049479
0 0.437490 0.448540 0.049805 0.049479
0 0.429715 0.448148 0.049805 0.049479
0 0.421645 0.448148 0.049805 0.049479
0 0.449081 0.496270 0.049805 0.049479
0 0.454949 0.482186 0.049805 0.049479
0 0.483118 0.493532 0.049805 0.049479
0 0.470207 0.493532 0.049805 0.049479
0 0.466393 0.495488 0.049805 0.049479
0 0.478423 0.496270 0.049805 0.049479
0 0.476076 0.486489 0.049805 0.049479
0 0.472555 0.488054 0.049805 0.049479
0 0.483412 0.477491 0.049805 0.049479
0 0.479597 0.475144 0.049805 0.049479
0 0.480477 0.468884 0.049805 0.049479
0 0.483705 0.470840 0.049805 0.049479
0 0.491921 0.472405 0.049805 0.049479
0 0.486053 0.466145 0.049805 0.049479
0 0.481358 0.462624 0.049805 0.049479
0 0.480477 0.456364 0.049805 0.049479
0 0.493095 0.487272 0.049805 0.049479
0 0.486346 0.499792 0.049805 0.049479
0 0.492801 0.491967 0.049805 0.049479
0 0.496616 0.499400 0.049805 0.049479
0 0.485759 0.515441 0.049805 0.049479
0 0.475196 0.514267 0.049805 0.049479
0 0.478423 0.527961 0.049805 0.049479
0 0.488987 0.529134 0.049805 0.049479
0 0.495149 0.537741 0.049805 0.049479
0 0.503952 0.530699 0.049805 0.049479
0 0.498376 0.520918 0.049805 0.049479
0 0.498083 0.508790 0.049805 0.049479
0 0.505125 0.506051 0.049805 0.049479
0 0.513048 0.526396 0.049805 0.049479
0 0.522144 0.534220 0.049805 0.049479
0 0.507766 0.564737 0.049805 0.049479
0 0.522438 0.561216 0.049805 0.049479
0 0.532707 0.531873 0.049805 0.049479
0 0.537109 0.517397 0.049805 0.049479
0 0.521851 0.515441 0.049805 0.049479
0 0.511874 0.510355 0.049805 0.049479
0 0.523611 0.503704 0.049805 0.049479
0 0.529480 0.507616 0.049805 0.049479
0 0.535348 0.507225 0.049805 0.049479
0 0.530653 0.497053 0.049805 0.049479
0 0.520384 0.494705 0.049805 0.049479
0 0.516862 0.494705 0.049805 0.049479
0 0.510114 0.496662 0.049805 0.049479
0 0.503952 0.497053 0.049805 0.049479
0 0.505125 0.488837 0.049805 0.049479
0 0.496909 0.488837 0.049805 0.049479
0 0.497790 0.482577 0.049805 0.049479
0 0.500430 0.477491 0.049805 0.049479
0 0.493095 0.481795 0.049805 0.049479
0 0.487226 0.482577 0.049805 0.049479
0 0.501311 0.470840 0.049805 0.049479
0 0.507473 0.481012 0.049805 0.049479
0 0.509233 0.472014 0.049805 0.049479
0 0.505125 0.473579 0.049805 0.049479
0 0.505419 0.465363 0.049805 0.049479
0 0.496909 0.470840 0.049805 0.049479
0 0.495442 0.474361 0.049805 0.049479
0 0.512754 0.468884 0.049805 0.049479
0 0.513635 0.461842 0.049805 0.049479
0 0.520090 0.477100 0.049805 0.049479
0 0.521851 0.471622 0.049805 0.049479
0 0.526252 0.467319 0.049805 0.049479
0 0.534175 0.479838 0.049805 0.049479
0 0.529480 0.481795 0.049805 0.049479
0 0.535348 0.488054 0.049805 0.049479
0 0.537696 0.475144 0.049805 0.049479
0 0.535935 0.466536 0.049805 0.049479
0 0.531827 0.464189 0.049805 0.049479
0 0.524785 0.458320 0.049805 0.049479
0 0.520970 0.455973 0.049805 0.049479
0 0.526839 0.452843 0.049805 0.049479
0 0.527719 0.450496 0.049805 0.049479
0 0.530653 0.451669 0.049805 0.049479
0 0.533588 0.449713 0.049805 0.049479
0 0.535642 0.455582 0.049805 0.049479
0 0.536522 0.447757 0.049805 0.049479
0 0.490747 0.464189 0.049805 0.049479
0 0.488693 0.472796 0.049805 0.049479
0 0.488107 0.468101 0.049805 0.049479
0 0.497790 0.462624 0.049805 0.049479
0 0.494269 0.463798 0.049805 0.049479
0 0.495442 0.459885 0.049805 0.049479
0 0.489867 0.458712 0.049805 0.049479
0 0.487226 0.455973 0.049805 0.049479
0 0.483999 0.459885 0.049805 0.049479
0 0.484879 0.452843 0.049805 0.049479
0 0.482238 0.449713 0.049805 0.049479
0 0.486053 0.448931 0.049805 0.049479
0 0.490161 0.448148 0.049805 0.049479
0 0.488693 0.452452 0.049805 0.049479
0 0.491628 0.453234 0.049805 0.049479
0 0.493388 0.451669 0.049805 0.049479
0 0.496909 0.452843 0.049805 0.049479
0 0.502191 0.459885 0.049805 0.049479
0 0.503952 0.451669 0.049805 0.049479
0 0.470794 0.435238 0.049805 0.049479
0 0.451722 0.436802 0.049805 0.049479
0 0.447907 0.437976 0.049805 0.049479
0 0.439398 0.439150 0.049805 0.049479
0 0.440278 0.436411 0.049805 0.049479
0 0.436170 0.436802 0.049805 0.049479
0 0.433236 0.432499 0.049805 0.049479
0 0.435290 0.430934 0.049805 0.049479
0 0.432942 0.425848 0.049805 0.049479
0 0.429128 0.424283 0.049805 0.049479
0 0.427661 0.424283 0.049805 0.049479
0 0.440865 0.427413 0.049805 0.049479
0 0.451135 0.424674 0.049805 0.049479
0 0.442919 0.425457 0.049805 0.049479
0 0.464339 0.421153 0.049805 0.049479
0 0.469034 0.421153 0.049805 0.049479
0 0.466100 0.427022 0.049805 0.049479
0 0.474315 0.419979 0.049805 0.049479
0 0.476956 0.418414 0.049805 0.049479
0 0.481358 0.414893 0.049805 0.049479
0 0.477543 0.414502 0.049805 0.049479
0 0.490747 0.424674 0.049805 0.049479
0 0.485172 0.418806 0.049805 0.049479
0 0.488400 0.416067 0.049805 0.049479
0 0.494562 0.414502 0.049805 0.049479
0 0.491921 0.415676 0.049805 0.049479
0 0.499257 0.414893 0.049805 0.049479
0 0.494269 0.423892 0.049805 0.049479
0 0.481064 0.437976 0.049805 0.049479
0 0.478130 0.434064 0.049805 0.049479
0 0.474902 0.435238 0.049805 0.049479
0 0.476663 0.438367 0.049805 0.049479
0 0.476076 0.441889 0.049805 0.049479
0 0.467273 0.448931 0.049805 0.049479
0 0.499550 0.432499 0.049805 0.049479
0 0.492801 0.434064 0.049805 0.049479
0 0.490747 0.430934 0.049805 0.049479
0 0.428247 0.434259 0.049805 0.049479
0 0.424580 0.440324 0.049805 0.049479
0 0.446587 0.447561 0.049805 0.049479
0 0.426340 0.445214 0.049805 0.049479
0 0.408881 0.454408 0.049805 0.049479
0 0.423699 0.468884 0.049805 0.049479
0 0.420765 0.473774 0.049805 0.049479
0 0.451281 0.428587 0.049805 0.049479
0 0.447614 0.421153 0.049805 0.049479
0 0.431622 0.435433 0.049805 0.049479
0 0.420618 0.436216 0.049805 0.049479
0 0.479304 0.450300 0.049805 0.049479
0 0.476663 0.453039 0.049805 0.049479
0 0.472848 0.460277 0.049805 0.049479
0 0.461992 0.429369 0.049805 0.049479
0 0.520970 0.449322 0.049805 0.049479
0 0.544738 0.456560 0.049805 0.049479
0 0.541070 0.456951 0.049805 0.049479
0 0.541070 0.466928 0.049805 0.049479
0 0.537989 0.470253 0.049805 0.049479
0 0.549433 0.471427 0.049805 0.049479
0 0.547379 0.477882 0.049805 0.049479
0 0.542684 0.482381 0.049805 0.049479
0 0.538283 0.480034 0.049805 0.049479
0 0.546499 0.489033 0.049805 0.049479
0 0.542097 0.495292 0.049805 0.049479
0 0.550313 0.486294 0.049805 0.049479
0 0.553394 0.484533 0.049805 0.049479
0 0.555888 0.476513 0.049805 0.049479
0 0.554274 0.467906 0.049805 0.049479
0 0.552367 0.462428 0.049805 0.049479
0 0.556915 0.461059 0.049805 0.049479
0 0.559409 0.455582 0.049805 0.049479
0 0.550313 0.454604 0.049805 0.049479
0 0.544591 0.452061 0.049805 0.049479
0 0.541657 0.450105 0.049805 0.049479
0 0.544591 0.448735 0.049805 0.049479
0 0.542684 0.445410 0.049805 0.049479
0 0.540630 0.445997 0.049805 0.049479
0 0.531974 0.445214 0.049805 0.049479
0 0.528893 0.446583 0.049805 0.049479
0 0.526252 0.444627 0.049805 0.049479
0 0.513488 0.425261 0.049805 0.049479
0 0.514808 0.419784 0.049805 0.049479
0 0.513341 0.416263 0.049805 0.049479
0 0.519503 0.417436 0.049805 0.049479
0 0.519943 0.414306 0.049805 0.049479
0 0.508353 0.414306 0.049805 0.049479
0 0.515542 0.414502 0.049805 0.049479
0 0.503365 0.418806 0.049805 0.049479
0 0.494709 0.420762 0.049805 0.049479
0 0.460378 0.486098 0.049805 0.049479
0 0.459791 0.426826 0.049805 0.049479
0 0.499403 0.439150 0.049805 0.049479
0 0.501898 0.435824 0.049805 0.049479
0 0.540923 0.413328 0.049805 0.049479
0 0.539456 0.416654 0.049805 0.049479
0 0.534615 0.415676 0.049805 0.049479
0 0.531827 0.414698 0.049805 0.049479
0 0.530360 0.416458 0.049805 0.049479
0 0.528159 0.418023 0.049805 0.049479
0 0.525078 0.419001 0.049805 0.049479
0 0.516422 0.457342 0.049805 0.049479
0 0.516129 0.472992 0.049805 0.049479
0 0.540043 0.460668 0.049805 0.049479
0 0.546792 0.436411 0.049805 0.049479
0 0.550460 0.440910 0.049805 0.049479
0 0.555742 0.437781 0.049805 0.049479
0 0.558969 0.434846 0.049805 0.049479
0 0.550753 0.430347 0.049805 0.049479
0 0.554128 0.427608 0.049805 0.049479
0 0.543124 0.425457 0.049805 0.049479
0 0.547819 0.417241 0.049805 0.049479
0 0.544738 0.418610 0.049805 0.049479
0 0.513048 0.448931 0.049805 0.049479
0 0.511581 0.445410 0.049805 0.049479
0 0.522731 0.434846 0.049805 0.049479
0 0.560876 0.462624 0.049805 0.049479
0 0.566452 0.455582 0.049805 0.049479
0 0.570853 0.459885 0.049805 0.049479
0 0.567038 0.463798 0.049805 0.049479
0 0.565278 0.468493 0.049805 0.049479
0 0.565278 0.475926 0.049805 0.049479
0 0.568799 0.472796 0.049805 0.049479
0 0.571733 0.471231 0.049805 0.049479
0 0.573787 0.467319 0.049805 0.049479
0 0.577602 0.465754 0.049805 0.049479
0 0.577895 0.457538 0.049805 0.049479
0 0.577015 0.452843 0.049805 0.049479
0 0.582590 0.458320 0.049805 0.049479
0 0.572027 0.454017 0.049805 0.049479
0 0.572320 0.482186 0.049805 0.049479
0 0.566745 0.484533 0.049805 0.049479
0 0.569092 0.483751 0.049805 0.049479
0 0.559996 0.484142 0.049805 0.049479
0 0.560583 0.489228 0.049805 0.049479
0 0.567919 0.496662 0.049805 0.049479
0 0.559703 0.503704 0.049805 0.049479
0 0.558236 0.514658 0.049805 0.049479
0 0.553541 0.525613 0.049805 0.049479
0 0.540923 0.533438 0.049805 0.049479
0 0.540923 0.512702 0.049805 0.049479
0 0.542391 0.546349 0.049805 0.049479
0 0.544151 0.554956 0.049805 0.049479
0 0.540923 0.562389 0.049805 0.049479
0 0.553247 0.556130 0.049805 0.049479
0 0.561757 0.560433 0.049805 0.049479
0 0.563811 0.525222 0.049805 0.049479
0 0.548846 0.541654 0.049805 0.049479
0 0.572614 0.532264 0.049805 0.049479
0 0.581416 0.552608 0.049805 0.049479
0 0.585818 0.532655 0.049805 0.049479
0 0.587578 0.523657 0.049805 0.049479
0 0.578189 0.516615 0.049805 0.049479
0 0.570560 0.510355 0.049805 0.049479
0 0.580243 0.502139 0.049805 0.049479
0 0.573494 0.495097 0.049805 0.049479
0 0.578776 0.484142 0.049805 0.049479
0 0.589926 0.488446 0.049805 0.049479
0 0.584644 0.494705 0.049805 0.049479
0 0.596088 0.504486 0.049805 0.049479
0 0.588752 0.497835 0.049805 0.049479
0 0.585231 0.511920 0.049805 0.049479
0 0.589926 0.520136 0.049805 0.049479
0 0.594914 0.518180 0.049805 0.049479
0 0.602837 0.511920 0.049805 0.049479
0 0.609292 0.515832 0.049805 0.049479
0 0.607825 0.530308 0.049805 0.049479
0 0.618388 0.529917 0.049805 0.049479
0 0.606358 0.552608 0.049805 0.049479
0 0.594914 0.561607 0.049805 0.049479
0 0.590513 0.473579 0.049805 0.049479
0 0.582590 0.474752 0.049805 0.049479
0 0.585524 0.464580 0.049805 0.049479
0 0.594914 0.480230 0.049805 0.049479
0 0.601663 0.483751 0.049805 0.049479
0 0.603717 0.490793 0.049805 0.049479
0 0.611346 0.490402 0.049805 0.049479
0 0.608118 0.481012 0.049805 0.049479
0 0.615747 0.507225 0.049805 0.049479
0 0.604891 0.500965 0.049805 0.049479
0 0.622350 0.507616 0.049805 0.049479
0 0.629245 0.524439 0.049805 0.049479
0 0.638195 0.510355 0.049805 0.049479
0 0.628071 0.505073 0.049805 0.049479
0 0.622056 0.500378 0.049805 0.049479
0 0.614574 0.491380 0.049805 0.049479
0 0.614574 0.485903 0.049805 0.049479
0 0.615454 0.474361 0.049805 0.049479
0 0.621176 0.483751 0.049805 0.049479
0 0.626017 0.479447 0.049805 0.049479
0 0.629245 0.485903 0.049805 0.049479
0 0.632326 0.481208 0.049805 0.049479
0 0.636874 0.482381 0.049805 0.049479
0 0.632326 0.493532 0.049805 0.049479
0 0.640689 0.499987 0.049805 0.049479
0 0.653600 0.521505 0.049805 0.049479
0 0.654480 0.510942 0.049805 0.049479
0 0.662842 0.509377 0.049805 0.049479
0 0.660935 0.497248 0.049805 0.049479
0 0.653746 0.492554 0.049805 0.049479
0 0.645970 0.493532 0.049805 0.049479
0 0.645530 0.486294 0.049805 0.049479
0 0.651399 0.482381 0.049805 0.049479
0 0.643770 0.478078 0.049805 0.049479
0 0.649051 0.474557 0.049805 0.049479
0 0.650078 0.468493 0.049805 0.049479
0 0.656240 0.479447 0.049805 0.049479
0 0.661815 0.471818 0.049805 0.049479
0 0.656974 0.467123 0.049805 0.049479
0 0.664750 0.465754 0.049805 0.049479
0 0.661815 0.457734 0.049805 0.049479
0 0.658001 0.456364 0.049805 0.049479
0 0.657854 0.452061 0.049805 0.049479
0 0.655653 0.457147 0.049805 0.049479
0 0.653453 0.461450 0.049805 0.049479
0 0.653746 0.464580 0.049805 0.049479
0 0.648905 0.462624 0.049805 0.049479
0 0.641129 0.463993 0.049805 0.049479
0 0.641862 0.469471 0.049805 0.049479
0 0.638195 0.468884 0.049805 0.049479
0 0.631006 0.471818 0.049805 0.049479
0 0.628365 0.472209 0.049805 0.049479
0 0.622203 0.470449 0.049805 0.049479
0 0.618828 0.468688 0.049805 0.049479
0 0.605331 0.465754 0.049805 0.049479
0 0.601956 0.467515 0.049805 0.049479
0 0.602983 0.476317 0.049805 0.049479
0 0.594621 0.470058 0.049805 0.049479
0 0.582003 0.465754 0.049805 0.049479
0 0.605624 0.453234 0.049805 0.049479
0 0.592420 0.429565 0.049805 0.049479
0 0.563664 0.448344 0.049805 0.049479
0 0.573641 0.449713 0.049805 0.049479
0 0.566892 0.446192 0.049805 0.049479
0 0.578042 0.447953 0.049805 0.049479
0 0.571000 0.444236 0.049805 0.049479
0 0.608999 0.461450 0.049805 0.049479
0 0.614867 0.464189 0.049805 0.049479
0 0.618388 0.462624 0.049805 0.049479
0 0.621909 0.462624 0.049805 0.049479
0 0.630125 0.459885 0.049805 0.049479
0 0.625724 0.461059 0.049805 0.049479
0 0.617801 0.454799 0.049805 0.049479
0 0.612520 0.455973 0.049805 0.049479
0 0.610466 0.450105 0.049805 0.049479
0 0.602543 0.446192 0.049805 0.049479
0 0.596968 0.443453 0.049805 0.049479
0 0.580536 0.443453 0.049805 0.049479
0 0.589632 0.443845 0.049805 0.049479
0 0.580830 0.451669 0.049805 0.049479
0 0.566452 0.436020 0.049805 0.049479
0 0.562930 0.432108 0.049805 0.049479
0 0.561463 0.424674 0.049805 0.049479
0 0.540923 0.429760 0.049805 0.049479
0 0.545031 0.432108 0.049805 0.049479
0 0.526546 0.437585 0.049805 0.049479
0 0.528306 0.432890 0.049805 0.049479
0 0.526252 0.429369 0.049805 0.049479
0 0.522438 0.424674 0.049805 0.049479
0 0.527426 0.422718 0.049805 0.049479
0 0.529773 0.422327 0.049805 0.049479
0 0.496616 0.424283 0.049805 0.049479
0 0.494855 0.429760 0.049805 0.049479
0 0.498670 0.428587 0.049805 0.049479
0 0.505419 0.431325 0.049805 0.049479
0 0.504832 0.425065 0.049805 0.049479
0 0.507766 0.423109 0.049805 0.049479
0 0.506592 0.418806 0.049805 0.049479
0 0.494269 0.447366 0.049805 0.049479
0 0.505125 0.443453 0.049805 0.049479
0 0.548259 0.459885 0.049805 0.049479
0 0.545618 0.463407 0.049805 0.049479
0 0.622203 0.450105 0.049805 0.049479
0 0.614867 0.446583 0.049805 0.049479
0 0.609585 0.443062 0.049805 0.049479
0 0.605771 0.443845 0.049805 0.049479
0 0.605184 0.447366 0.049805 0.049479
0 0.613107 0.444627 0.049805 0.049479
0 0.619562 0.442280 0.049805 0.049479
0 0.621909 0.444627 0.049805 0.049479
0 0.626017 0.447366 0.049805 0.049479
0 0.631886 0.450105 0.049805 0.049479
0 0.632179 0.455582 0.049805 0.049479
0 0.638048 0.455582 0.049805 0.049479
0 0.642156 0.455973 0.049805 0.049479
0 0.646851 0.458320 0.049805 0.049479
0 0.634820 0.468101 0.049805 0.049479
0 0.635114 0.475144 0.049805 0.049479
0 0.648024 0.480621 0.049805 0.049479
0 0.660055 0.485316 0.049805 0.049479
0 0.664750 0.479838 0.049805 0.049479
0 0.673553 0.474752 0.049805 0.049479
0 0.672379 0.483751 0.049805 0.049479
0 0.665923 0.489228 0.049805 0.049479
0 0.668271 0.500965 0.049805 0.049479
0 0.675020 0.492749 0.049805 0.049479
0 0.682062 0.504486 0.049805 0.049479
0 0.675607 0.507225 0.049805 0.049479
0 0.671499 0.537350 0.049805 0.049479
0 0.667391 0.523657 0.049805 0.049479
0 0.688224 0.535003 0.049805 0.049479
0 0.675020 0.525613 0.049805 0.049479
0 0.685583 0.523657 0.049805 0.049479
0 0.676780 0.565519 0.049805 0.049479
0 0.688224 0.567084 0.049805 0.049479
0 0.692038 0.585081 0.049805 0.049479
0 0.709644 0.578430 0.049805 0.049479
0 0.704949 0.565128 0.049805 0.049479
0 0.694679 0.544392 0.049805 0.049479
0 0.704362 0.534612 0.049805 0.049479
0 0.721381 0.529917 0.049805 0.049479
0 0.715219 0.547131 0.049805 0.049479
0 0.716980 0.562389 0.049805 0.049479
0 0.664163 0.583125 0.049805 0.049479
0 0.654186 0.585863 0.049805 0.049479
0 0.629245 0.583907 0.049805 0.049479
0 0.610466 0.583907 0.049805 0.049479
0 0.587872 0.577648 0.049805 0.049479
0 0.577015 0.578430 0.049805 0.049479
0 0.552954 0.582342 0.049805 0.049479
0 0.600196 0.553000 0.049805 0.049479
0 0.621909 0.549087 0.049805 0.049479
0 0.628952 0.537350 0.049805 0.049479
0 0.623083 0.571779 0.049805 0.049479
0 0.631886 0.563563 0.049805 0.049479
0 0.641569 0.540089 0.049805 0.049479
0 0.652426 0.541654 0.049805 0.049479
0 0.711698 0.527961 0.049805 0.049479
0 0.714632 0.512702 0.049805 0.049479
0 0.699961 0.511920 0.049805 0.049479
0 0.688517 0.504486 0.049805 0.049479
0 0.699374 0.496270 0.049805 0.049479
0 0.710818 0.499009 0.049805 0.049479
0 0.724609 0.502530 0.049805 0.049479
0 0.721968 0.486489 0.049805 0.049479
0 0.727250 0.480230 0.049805 0.049479
0 0.715513 0.479056 0.049805 0.049479
0 0.709644 0.472405 0.049805 0.049479
0 0.709351 0.482577 0.049805 0.049479
0 0.704949 0.477100 0.049805 0.049479
0 0.699374 0.477100 0.049805 0.049479
0 0.699081 0.486489 0.049805 0.049479
0 0.681475 0.491967 0.049805 0.049479
0 0.685876 0.491184 0.049805 0.049479
0 0.685290 0.480621 0.049805 0.049479
0 0.679715 0.481012 0.049805 0.049479
0 0.678541 0.474361 0.049805 0.049479
0 0.679715 0.468884 0.049805 0.049479
0 0.683236 0.470058 0.049805 0.049479
0 0.688811 0.472405 0.049805 0.049479
0 0.688811 0.479056 0.049805 0.049479
0 0.694092 0.468884 0.049805 0.049479
0 0.701722 0.468884 0.049805 0.049479
0 0.703482 0.462624 0.049805 0.049479
0 0.707003 0.469666 0.049805 0.049479
0 0.716100 0.468101 0.049805 0.049479
0 0.714046 0.468101 0.049805 0.049479
0 0.724902 0.468101 0.049805 0.049479
0 0.723142 0.472405 0.049805 0.049479
0 0.702895 0.452843 0.049805 0.049479
0 0.696146 0.452843 0.049805 0.049479
0 0.692919 0.447366 0.049805 0.049479
0 0.697614 0.445018 0.049805 0.049479
0 0.698200 0.436802 0.049805 0.049479
0 0.696146 0.432890 0.049805 0.049479
0 0.693212 0.433281 0.049805 0.049479
0 0.691745 0.435238 0.049805 0.049479
0 0.693506 0.441106 0.049805 0.049479
0 0.694092 0.444627 0.049805 0.049479
0 0.689398 0.443453 0.049805 0.049479
0 0.686170 0.444627 0.049805 0.049479
0 0.682062 0.444627 0.049805 0.049479
0 0.680888 0.446583 0.049805 0.049479
0 0.679421 0.451278 0.049805 0.049479
0 0.687637 0.454799 0.049805 0.049479
0 0.690865 0.455582 0.049805 0.049479
0 0.689398 0.450105 0.049805 0.049479
0 0.686170 0.452061 0.049805 0.049479
0 0.684116 0.455582 0.049805 0.049479
0 0.680008 0.461842 0.049805 0.049479
0 0.689104 0.463798 0.049805 0.049479
0 0.685876 0.462624 0.049805 0.049479
0 0.684116 0.461059 0.049805 0.049479
0 0.670031 0.468101 0.049805 0.049479
0 0.669151 0.461842 0.049805 0.049479
0 0.670912 0.452061 0.049805 0.049479
0 0.673553 0.452843 0.049805 0.049479
0 0.667391 0.452061 0.049805 0.049479
0 0.664456 0.451669 0.049805 0.049479
0 0.663869 0.445801 0.049805 0.049479
0 0.660348 0.448540 0.049805 0.049479
0 0.660642 0.444627 0.049805 0.049479
0 0.662402 0.441106 0.049805 0.049479
0 0.654186 0.444627 0.049805 0.049479
0 0.650078 0.440715 0.049805 0.049479
0 0.645677 0.443062 0.049805 0.049479
0 0.645677 0.449322 0.049805 0.049479
0 0.646851 0.447366 0.049805 0.049479
0 0.646851 0.443062 0.049805 0.049479
0 0.642449 0.450105 0.049805 0.049479
0 0.640102 0.445801 0.049805 0.049479
0 0.640982 0.441889 0.049805 0.049479
0 0.636287 0.445018 0.049805 0.049479
0 0.631299 0.443062 0.049805 0.049479
0 0.589339 0.456756 0.049805 0.049479
0 0.592860 0.451669 0.049805 0.049479
0 0.590806 0.465363 0.049805 0.049479
0 0.591686 0.459885 0.049805 0.049479
0 0.594327 0.463407 0.049805 0.049479
0 0.596381 0.466145 0.049805 0.049479
0 0.574081 0.436411 0.049805 0.049479
0 0.576722 0.435238 0.049805 0.049479
0 0.569973 0.425065 0.049805 0.049479
0 0.573200 0.425065 0.049805 0.049479
0 0.633940 0.526787 0.049805 0.049479
0 0.664456 0.436020 0.049805 0.049479
0 0.661522 0.436020 0.049805 0.049479
0 0.657414 0.436020 0.049805 0.049479
0 0.653893 0.429369 0.049805 0.049479
0 0.650078 0.425848 0.049805 0.049479
0 0.642743 0.435629 0.049805 0.049479
0 0.641276 0.439150 0.049805 0.049479
0 0.639808 0.434846 0.049805 0.049479
0 0.630419 0.422718 0.049805 0.049479
0 0.623083 0.425065 0.049805 0.049479
0 0.616628 0.432499 0.049805 0.049479
0 0.558823 0.445801 0.049805 0.049479
0 0.658001 0.446192 0.049805 0.049479
0 0.658001 0.441106 0.049805 0.049479
0 0.634233 0.412155 0.049805 0.049479
0 0.629245 0.410198 0.049805 0.049479
0 0.624257 0.412937 0.049805 0.049479
0 0.621909 0.412937 0.049805 0.049479
0 0.618682 0.412155 0.049805 0.049479
0 0.610172 0.414111 0.049805 0.049479
0 0.604891 0.414502 0.049805 0.049479
0 0.600783 0.414502 0.049805 0.049479
0 0.596088 0.420371 0.049805 0.049479
0 0.589339 0.414111 0.049805 0.049479
0 0.662989 0.409025 0.049805 0.049479
0 0.660935 0.409025 0.049805 0.049479
0 0.657121 0.409025 0.049805 0.049479
0 0.658881 0.409025 0.049805 0.049479
0 0.655360 0.409025 0.049805 0.049479
0 0.642743 0.412155 0.049805 0.049479
0 0.640102 0.414893 0.049805 0.049479
0 0.637754 0.412937 0.049805 0.049479
0 0.684996 0.440324 0.049805 0.049479
0 0.681475 0.432108 0.049805 0.049479
0 0.670912 0.425065 0.049805 0.049479
0 0.666804 0.422718 0.049805 0.049479
0 0.665630 0.418414 0.049805 0.049479
0 0.662696 0.419197 0.049805 0.049479
0 0.662402 0.421935 0.049805 0.049479
0 0.660348 0.425065 0.049805 0.049479
0 0.657414 0.428195 0.049805 0.049479
0 0.657121 0.431325 0.049805 0.049479
0 0.660935 0.428195 0.049805 0.049479
0 0.662989 0.425848 0.049805 0.049479
0 0.675313 0.432890 0.049805 0.049479
0 0.674726 0.422327 0.049805 0.049479
0 0.703482 0.441889 0.049805 0.049479
0 0.699961 0.442280 0.049805 0.049479
0 0.707297 0.439150 0.049805 0.049479
0 0.701722 0.447366 0.049805 0.049479
0 0.708764 0.455582 0.049805 0.049479
0 0.669151 0.445018 0.049805 0.049479
0 0.672672 0.444627 0.049805 0.049479
0 0.674139 0.441889 0.049805 0.049479
0 0.665043 0.439150 0.049805 0.049479
0 0.667977 0.435238 0.049805 0.049479
0 0.670912 0.434846 0.049805 0.049479
0 0.670618 0.430934 0.049805 0.049479
0 0.663869 0.433281 0.049805 0.049479
0 0.642156 0.425848 0.049805 0.049479
0 0.642743 0.422327 0.049805 0.049479
0 0.637168 0.426630 0.049805 0.049479
0 0.633353 0.427022 0.049805 0.049479
0 0.633060 0.421153 0.049805 0.049479
0 0.628071 0.420371 0.049805 0.049479
0 0.582297 0.400417 0.049805 0.049479
0 0.568506 0.450496 0.049805 0.049479
0 0.579362 0.416067 0.049805 0.049479
0 0.575695 0.413720 0.049805 0.049479
0 0.570266 0.414306 0.049805 0.049479
0 0.556035 0.414502 0.049805 0.049479
0 0.560583 0.414502 0.049805 0.049479
0 0.615601 0.414111 0.049805 0.049479
0 0.588752 0.401396 0.049805 0.049479
0 0.585671 0.401787 0.049805 0.049479
0 0.593740 0.401200 0.049805 0.049479
0 0.605918 0.401004 0.049805 0.049479
0 0.597702 0.400809 0.049805 0.049479
0 0.587578 0.410003 0.049805 0.049479
0 0.591540 0.407264 0.049805 0.049479
0 0.584497 0.410003 0.049805 0.049479
0 0.582003 0.412350 0.049805 0.049479
0 0.587138 0.415871 0.049805 0.049479
0 0.625430 0.439737 0.049805 0.049479
0 0.672379 0.406286 0.049805 0.049479
0 0.666217 0.410198 0.049805 0.049479
0 0.675313 0.410198 0.049805 0.049479
0 0.681475 0.410590 0.049805 0.049479
0 0.687050 0.410198 0.049805 0.049479
0 0.687637 0.407069 0.049805 0.049479
0 0.691452 0.409807 0.049805 0.049479
0 0.692332 0.405895 0.049805 0.049479
0 0.697027 0.409025 0.049805 0.049479
0 0.700841 0.409807 0.049805 0.049479
0 0.702602 0.409807 0.049805 0.049479
0 0.704069 0.409807 0.049805 0.049479
0 0.696146 0.418414 0.049805 0.049479
0 0.686170 0.428587 0.049805 0.049479
0 0.685583 0.419588 0.049805 0.049479
0 0.604891 0.425065 0.049805 0.049479
0 0.601956 0.429369 0.049805 0.049479
0 0.610759 0.423892 0.049805 0.049479
0 0.556769 0.441106 0.049805 0.049479
0 0.697614 0.391419 0.049805 0.049479
0 0.707297 0.389854 0.049805 0.049479
0 0.825254 0.676239 0.049805 0.049479
0 0.883940 0.630856 0.049805 0.049479
0 0.893916 0.599557 0.049805 0.049479
0 0.881006 0.590167 0.049805 0.049479
0 0.841686 0.623031 0.049805 0.049479
0 0.856358 0.612076 0.049805 0.049479
0 0.864574 0.583125 0.049805 0.049479
0 0.873963 0.576865 0.049805 0.049479
0 0.849315 0.573735 0.049805 0.049479
0 0.828776 0.576083 0.049805 0.049479
0 0.818212 0.576083 0.049805 0.049479
0 0.824081 0.599557 0.049805 0.049479
0 0.830536 0.587820 0.049805 0.049479
0 0.798846 0.620684 0.049805 0.049479
0 0.793564 0.644940 0.049805 0.049479
0 0.765395 0.646505 0.049805 0.049479
0 0.773024 0.634768 0.049805 0.049479
0 0.753658 0.623031 0.049805 0.049479
0 0.755419 0.595644 0.049805 0.049479
0 0.740161 0.590950 0.049805 0.049479
0 0.717860 0.601904 0.049805 0.049479
0 0.725489 0.595644 0.049805 0.049479
0 0.729597 0.579995 0.049805 0.049479
0 0.730184 0.558086 0.049805 0.049479
0 0.743095 0.566693 0.049805 0.049479
0 0.672085 0.595644 0.049805 0.049479
0 0.785935 0.557303 0.049805 0.049479
0 0.771264 0.565128 0.049805 0.049479
0 0.770090 0.602687 0.049805 0.049479
0 0.785348 0.605034 0.049805 0.049479
0 0.801193 0.552608 0.049805 0.049479
0 0.810583 0.565128 0.049805 0.049479
0 0.840513 0.540871 0.049805 0.049479
0 0.839339 0.527569 0.049805 0.049479
0 0.826428 0.532264 0.049805 0.049479
0 0.812930 0.526787 0.049805 0.049479
0 0.816452 0.515832 0.049805 0.049479
0 0.806475 0.504878 0.049805 0.049479
0 0.805301 0.524439 0.049805 0.049479
0 0.795325 0.526787 0.049805 0.049479
0 0.805301 0.537741 0.049805 0.049479
0 0.788283 0.529917 0.049805 0.049479
0 0.778893 0.529917 0.049805 0.049479
0 0.775372 0.543219 0.049805 0.049479
0 0.767743 0.535394 0.049805 0.049479
0 0.757766 0.551826 0.049805 0.049479
0 0.748376 0.538524 0.049805 0.049479
0 0.736053 0.548696 0.049805 0.049479
0 0.736053 0.537741 0.049805 0.049479
0 0.736053 0.526787 0.049805 0.049479
0 0.741921 0.513485 0.049805 0.049479
0 0.754832 0.502530 0.049805 0.049479
0 0.756006 0.521310 0.049805 0.049479
0 0.747790 0.521310 0.049805 0.049479
0 0.763635 0.516615 0.049805 0.049479
0 0.774198 0.511137 0.049805 0.049479
0 0.773611 0.522092 0.049805 0.049479
0 0.781240 0.515832 0.049805 0.049479
0 0.778306 0.503313 0.049805 0.049479
0 0.795325 0.502530 0.049805 0.049479
0 0.788869 0.510355 0.049805 0.049479
0 0.865747 0.557303 0.049805 0.049479
0 0.852837 0.554173 0.049805 0.049479
0 0.890982 0.584690 0.049805 0.049479
0 0.893916 0.533047 0.049805 0.049479
0 0.879832 0.514267 0.049805 0.049479
0 0.871029 0.508007 0.049805 0.049479
0 0.915043 0.540871 0.049805 0.049479
0 0.922672 0.543219 0.049805 0.049479
0 0.930301 0.536176 0.049805 0.049479
0 0.938517 0.526787 0.049805 0.049479
0 0.949081 0.530699 0.049805 0.049479
0 0.939104 0.560433 0.049805 0.049479
0 0.958470 0.562781 0.049805 0.049479
0 0.948494 0.554173 0.049805 0.049479
0 0.957884 0.535394 0.049805 0.049479
0 0.957297 0.583125 0.049805 0.049479
0 0.896851 0.503313 0.049805 0.049479
0 0.920912 0.502530 0.049805 0.049479
0 0.913869 0.522874 0.049805 0.049479
0 0.934409 0.513485 0.049805 0.049479
0 0.926780 0.518962 0.049805 0.049479
0 0.940278 0.517397 0.049805 0.049479
0 0.950254 0.516615 0.049805 0.049479
0 0.944973 0.522874 0.049805 0.049479
0 0.544151 0.629291 0.049805 0.049479
0 0.533588 0.620684 0.049805 0.049479
0 0.520677 0.615206 0.049805 0.049479
0 0.507766 0.618336 0.049805 0.049479
0 0.497790 0.634768 0.049805 0.049479
0 0.503658 0.590167 0.049805 0.049479
0 0.564691 0.606599 0.049805 0.049479
0 0.575841 0.617554 0.049805 0.049479
0 0.646264 0.559651 0.049805 0.049479
0 0.480771 0.617554 0.049805 0.049479
0 0.937344 0.717710 0.049805 0.049479
0 0.996616 0.583907 0.049805 0.049479
0 0.970207 0.567475 0.049805 0.049479
0 0.988987 0.561998 0.049805 0.049479
0 0.986639 0.541654 0.049805 0.049479
0 0.981358 0.532264 0.049805 0.049479
0 0.974315 0.521310 0.049805 0.049479
0 0.992508 0.521310 0.049805 0.049479
0 0.996029 0.536176 0.049805 0.049479
0 0.997203 0.558086 0.049805 0.049479
0 0.966686 0.510355 0.049805 0.049479
0 0.959057 0.504878 0.049805 0.049479
0 0.950254 0.500965 0.049805 0.049479
0 0.940865 0.494705 0.049805 0.049479
0 0.932649 0.492358 0.049805 0.049479
0 0.930888 0.481403 0.049805 0.049479
0 0.922672 0.479056 0.049805 0.049479
0 0.915630 0.488446 0.049805 0.049479
0 0.904480 0.492358 0.049805 0.049479
0 0.896264 0.486881 0.049805 0.049479
0 0.888635 0.483751 0.049805 0.049479
0 0.878658 0.479056 0.049805 0.049479
0 0.865161 0.495488 0.049805 0.049479
0 0.856358 0.490011 0.049805 0.049479
0 0.863400 0.486881 0.049805 0.049479
0 0.853423 0.478274 0.049805 0.049479
0 0.849902 0.488446 0.049805 0.049479
0 0.844034 0.479838 0.049805 0.049479
0 0.841100 0.493923 0.049805 0.049479
0 0.851076 0.503313 0.049805 0.049479
0 0.839339 0.510355 0.049805 0.049479
0 0.798846 0.478274 0.049805 0.049479
0 0.821733 0.468101 0.049805 0.049479
0 0.816452 0.470449 0.049805 0.049479
0 0.841686 0.468101 0.049805 0.049479
0 0.834644 0.468101 0.049805 0.049479
0 0.828776 0.464971 0.049805 0.049479
0 0.848729 0.467319 0.049805 0.049479
0 0.855771 0.472014 0.049805 0.049479
0 0.863987 0.477491 0.049805 0.049479
0 0.888048 0.494705 0.049805 0.049479
0 0.872790 0.490793 0.049805 0.049479
0 0.871029 0.470449 0.049805 0.049479
0 0.863400 0.467319 0.049805 0.049479
0 0.856358 0.459494 0.049805 0.049479
0 0.851076 0.456364 0.049805 0.049479
0 0.858118 0.450887 0.049805 0.049479
0 0.863400 0.459494 0.049805 0.049479
0 0.872203 0.459494 0.049805 0.049479
0 0.873376 0.464971 0.049805 0.049479
0 0.878071 0.464971 0.049805 0.049479
0 0.881006 0.472014 0.049805 0.049479
0 0.887461 0.472796 0.049805 0.049479
0 0.893916 0.475926 0.049805 0.049479
0 0.981945 0.500183 0.049805 0.049479
0 0.974902 0.504878 0.049805 0.049479
0 0.970794 0.493923 0.049805 0.049479
0 0.984292 0.492358 0.049805 0.049479
0 0.996616 0.505660 0.049805 0.049479
0 0.995442 0.517397 0.049805 0.049479
0 0.984879 0.511920 0.049805 0.049479
0 0.979597 0.479056 0.049805 0.049479
0 0.970794 0.479056 0.049805 0.049479
0 0.972555 0.470449 0.049805 0.049479
0 0.965513 0.468101 0.049805 0.049479
0 0.960818 0.467319 0.049805 0.049479
0 0.961405 0.475926 0.049805 0.049479
0 0.958470 0.486881 0.049805 0.049479
0 0.953189 0.481403 0.049805 0.049479
0 0.947907 0.475926 0.049805 0.049479
0 0.955536 0.470449 0.049805 0.049479
0 0.939691 0.481403 0.049805 0.049479
0 0.936757 0.474361 0.049805 0.049479
0 0.927954 0.473579 0.049805 0.049479
0 0.942625 0.470449 0.049805 0.049479
0 0.939104 0.462624 0.049805 0.049479
0 0.945560 0.465754 0.049805 0.049479
0 0.942625 0.459494 0.049805 0.049479
0 0.936170 0.454017 0.049805 0.049479
0 0.944973 0.454017 0.049805 0.049479
0 0.948494 0.461842 0.049805 0.049479
0 0.953189 0.459494 0.049805 0.049479
0 0.949668 0.448540 0.049805 0.049479
0 0.953189 0.447757 0.049805 0.049479
0 0.944386 0.445410 0.049805 0.049479
0 0.936757 0.449322 0.049805 0.049479
0 0.932062 0.449322 0.049805 0.049479
0 0.921499 0.454799 0.049805 0.049479
0 0.903306 0.478274 0.049805 0.049479
0 0.900959 0.482968 0.049805 0.049479
0 0.915043 0.472014 0.049805 0.049479
0 0.905653 0.472796 0.049805 0.049479
0 0.899785 0.470449 0.049805 0.049479
0 0.895677 0.462624 0.049805 0.049479
0 0.892743 0.465754 0.049805 0.049479
0 0.887461 0.462624 0.049805 0.049479
0 0.892156 0.460277 0.049805 0.049479
0 0.896851 0.454017 0.049805 0.049479
0 0.891569 0.450887 0.049805 0.049479
0 0.903306 0.450887 0.049805 0.049479
0 0.897438 0.448540 0.049805 0.049479
0 0.907414 0.451669 0.049805 0.049479
0 0.915630 0.454017 0.049805 0.049479
0 0.997203 0.492358 0.049805 0.049479
0 0.992508 0.483751 0.049805 0.049479
0 0.985466 0.479838 0.049805 0.049479
0 0.978423 0.470449 0.049805 0.049479
0 0.975489 0.464971 0.049805 0.049479
0 0.980184 0.459494 0.049805 0.049479
0 0.977250 0.454017 0.049805 0.049479
0 0.971381 0.461842 0.049805 0.049479
0 0.981358 0.467319 0.049805 0.049479
0 0.985466 0.464971 0.049805 0.049479
0 0.988987 0.472014 0.049805 0.049479
0 0.994269 0.477491 0.049805 0.049479
0 0.998963 0.468884 0.049805 0.049479
0 0.991334 0.464971 0.049805 0.049479
0 0.987226 0.458712 0.049805 0.049479
0 0.992508 0.456364 0.049805 0.049479
0 0.996616 0.459494 0.049805 0.049479
0 0.984292 0.449322 0.049805 0.049479
0 0.981358 0.453234 0.049805 0.049479
0 0.969034 0.445410 0.049805 0.049479
0 0.965513 0.454017 0.049805 0.049479
0 0.958470 0.448540 0.049805 0.049479
0 0.960231 0.456364 0.049805 0.049479
0 0.860466 0.534612 0.049805 0.049479
0 0.758940 0.493923 0.049805 0.049479
0 0.747203 0.495488 0.049805 0.049479
0 0.740747 0.493923 0.049805 0.049479
0 0.736053 0.485316 0.049805 0.049479
0 0.729597 0.488446 0.049805 0.049479
0 0.730184 0.511920 0.049805 0.049479
0 0.746029 0.510355 0.049805 0.049479
0 0.767743 0.505660 0.049805 0.049479
0 0.762461 0.479838 0.049805 0.049479
0 0.754832 0.481403 0.049805 0.049479
0 0.744269 0.477491 0.049805 0.049479
0 0.739574 0.473579 0.049805 0.049479
0 0.734292 0.473579 0.049805 0.049479
0 0.731358 0.470449 0.049805 0.049479
0 0.746029 0.464971 0.049805 0.049479
0 0.750724 0.472014 0.049805 0.049479
0 0.771264 0.482968 0.049805 0.049479
0 0.767156 0.481403 0.049805 0.049479
0 0.777132 0.479838 0.049805 0.049479
0 0.821733 0.459494 0.049805 0.049479
0 0.815865 0.451669 0.049805 0.049479
0 0.807649 0.451669 0.049805 0.049479
0 0.802367 0.453234 0.049805 0.049479
0 0.802954 0.454017 0.049805 0.049479
0 0.795912 0.454017 0.049805 0.049479
0 0.783588 0.453234 0.049805 0.049479
0 0.788283 0.454017 0.049805 0.049479
0 0.762461 0.457147 0.049805 0.049479
0 0.751311 0.454017 0.049805 0.049479
0 0.756006 0.451669 0.049805 0.049479
0 0.771851 0.454799 0.049805 0.049479
0 0.765395 0.451669 0.049805 0.049479
0 0.953776 0.453626 0.049805 0.049479
0 0.965513 0.438759 0.049805 0.049479
0 0.974609 0.437976 0.049805 0.049479
0 0.979010 0.437194 0.049805 0.049479
0 0.981064 0.441889 0.049805 0.049479
0 0.984292 0.436411 0.049805 0.049479
0 0.994269 0.447366 0.049805 0.049479
0 0.998963 0.446192 0.049805 0.049479
0 0.966393 0.496270 0.049805 0.049479
0 0.960524 0.498227 0.049805 0.049479
0 0.948494 0.486489 0.049805 0.049479
0 0.866628 0.465754 0.049805 0.049479
0 0.873963 0.448931 0.049805 0.049479
0 0.870442 0.442671 0.049805 0.049479
0 0.873083 0.440715 0.049805 0.049479
0 0.866628 0.441889 0.049805 0.049479
0 0.866628 0.435238 0.049805 0.049479
0 0.864280 0.434455 0.049805 0.049479
0 0.860172 0.435238 0.049805 0.049479
0 0.853130 0.443845 0.049805 0.049479
0 0.848435 0.443845 0.049805 0.049479
0 0.849315 0.447366 0.049805 0.049479
0 0.844327 0.446192 0.049805 0.049479
0 0.839339 0.450887 0.049805 0.049479
0 0.834938 0.457147 0.049805 0.049479
0 0.830243 0.459103 0.049805 0.049479
0 0.838752 0.457538 0.049805 0.049479
0 0.847555 0.458320 0.049805 0.049479
0 0.844327 0.453626 0.049805 0.049479
0 0.849022 0.462624 0.049805 0.049479
0 0.885700 0.452452 0.049805 0.049479
0 0.906240 0.445410 0.049805 0.049479
0 0.905653 0.439932 0.049805 0.049479
0 0.903893 0.433673 0.049805 0.049479
0 0.899785 0.435238 0.049805 0.049479
0 0.898318 0.438759 0.049805 0.049479
0 0.894797 0.440715 0.049805 0.049479
0 0.893623 0.444627 0.049805 0.049479
0 0.898611 0.442671 0.049805 0.049479
0 0.909761 0.439150 0.049805 0.049479
0 0.916510 0.439932 0.049805 0.049479
0 0.920031 0.435629 0.049805 0.049479
0 0.915630 0.443845 0.049805 0.049479
0 0.919445 0.447366 0.049805 0.049479
0 0.921499 0.443845 0.049805 0.049479
0 0.926780 0.441106 0.049805 0.049479
0 0.932355 0.442671 0.049805 0.049479
0 0.937050 0.440715 0.049805 0.049479
0 0.939691 0.437194 0.049805 0.049479
0 0.935290 0.435629 0.049805 0.049479
0 0.931475 0.436020 0.049805 0.049479
0 0.925020 0.436020 0.049805 0.049479
0 0.928834 0.431716 0.049805 0.049479
0 0.922672 0.471231 0.049805 0.049479
0 0.925900 0.496662 0.049805 0.049479
0 0.925900 0.491967 0.049805 0.049479
0 0.920912 0.488837 0.049805 0.049479
0 0.930301 0.508007 0.049805 0.049479
0 0.948787 0.438367 0.049805 0.049479
0 0.961405 0.432499 0.049805 0.049479
0 0.968153 0.438759 0.049805 0.049479
0 0.970501 0.436411 0.049805 0.049479
0 0.987226 0.439932 0.049805 0.049479
0 0.976663 0.448931 0.049805 0.049479
0 0.988107 0.447366 0.049805 0.049479
0 0.884233 0.392984 0.049805 0.049479
0 0.881006 0.386724 0.049805 0.049479
0 0.846381 0.436411 0.049805 0.049479
0 0.839046 0.440715 0.049805 0.049479
0 0.830243 0.437976 0.049805 0.049479
0 0.813224 0.419588 0.049805 0.049479
0 0.813811 0.402765 0.049805 0.049479
0 0.816158 0.403939 0.049805 0.049479
0 0.824081 0.406677 0.049805 0.049479
0 0.855771 0.427022 0.049805 0.049479
0 0.845207 0.427413 0.049805 0.049479
0 0.843447 0.423500 0.049805 0.049479
0 0.844034 0.418023 0.049805 0.049479
0 0.896851 0.518180 0.049805 0.049479
0 0.943799 0.476317 0.049805 0.049479
0 0.873963 0.427022 0.049805 0.049479
0 0.869855 0.431716 0.049805 0.049479
0 0.863400 0.428195 0.049805 0.049479
0 0.860172 0.430151 0.049805 0.049479
0 0.850196 0.437976 0.049805 0.049479
0 0.845207 0.439932 0.049805 0.049479
0 0.842273 0.439932 0.049805 0.049479
0 0.921792 0.380856 0.049805 0.049479
0 0.925313 0.380856 0.049805 0.049479
0 0.931182 0.376552 0.049805 0.049479
0 0.936463 0.375378 0.049805 0.049479
0 0.932062 0.382812 0.049805 0.049479
0 0.953482 0.369119 0.049805 0.049479
0 0.949374 0.371075 0.049805 0.049479
0 0.957884 0.371075 0.049805 0.049479
0 0.952308 0.375770 0.049805 0.049479
0 0.943212 0.380856 0.049805 0.049479
0 0.936757 0.380856 0.049805 0.049479
0 0.940278 0.379682 0.049805 0.049479
0 0.943799 0.376552 0.049805 0.049479
0 0.946440 0.375770 0.049805 0.049479
0 0.947027 0.372640 0.049805 0.049479
0 0.956416 0.375770 0.049805 0.049479
0 0.954656 0.373031 0.049805 0.049479
0 0.940278 0.419197 0.049805 0.049479
0 0.930301 0.414893 0.049805 0.049479
0 0.927074 0.409807 0.049805 0.049479
0 0.893623 0.391028 0.049805 0.049479
0 0.863400 0.367554 0.049805 0.049479
0 0.860172 0.371857 0.049805 0.049479
0 0.858118 0.369119 0.049805 0.049479
0 0.756299 0.384768 0.049805 0.049479
0 0.802954 0.405504 0.049805 0.049479
0 0.836992 0.443453 0.049805 0.049479
0 0.826135 0.456364 0.049805 0.049479
0 0.901839 0.465754 0.049805 0.049479
0 0.469621 0.588602 0.049805 0.049479
0 0.389222 0.585472 0.049805 0.049479
0 0.096968 0.599557 0.049805 0.049479
0 0.122790 0.579995 0.049805 0.049479
0 0.542391 0.592123 0.049805 0.049479
0 0.530653 0.596036 0.049805 0.049479
0 0.490161 0.588993 0.049805 0.049479
0 0.953776 0.427413 0.049805 0.049479
0 0.826428 0.416458 0.049805 0.049479
0 0.635994 0.520136 0.049805 0.049479
0 0.626017 0.492749 0.049805 0.049479
0 0.787109 0.462233 0.049805 0.049479
0 0.624990 0.558086 0.049805 0.049479
0 0.659761 0.476317 0.049805 0.049479
0 0.669298 0.472209 0.049805 0.049479
0 0.578482 0.471036 0.049805 0.049479
0 0.576428 0.477295 0.049805 0.049479
0 0.521411 0.461842 0.049805 0.049479
0 0.523318 0.453039 0.049805 0.049479
0 0.542684 0.459494 0.049805 0.049479
0 0.542391 0.474948 0.049805 0.049479
0 0.560583 0.468297 0.049805 0.049479
0 0.404480 0.513094 0.049805 0.049479
0 0.402866 0.517202 0.049805 0.049479
0 0.411815 0.515832 0.049805 0.049479
0 0.432796 0.473774 0.049805 0.049479
0 0.443212 0.474361 0.049805 0.049479
0 0.414163 0.447170 0.049805 0.049479
0 0.419004 0.463407 0.049805 0.049479
0 0.418124 0.471231 0.049805 0.049479
0 0.453922 0.454995 0.049805 0.049479
0 0.446587 0.458125 0.049805 0.049479
0 0.443359 0.449713 0.049805 0.049479
0 0.442038 0.433281 0.049805 0.049479
0 0.457003 0.445410 0.049805 0.049479
0 0.042684 0.491576 0.049805 0.049479
0 0.037696 0.487272 0.049805 0.049479
0 0.034761 0.490011 0.049805 0.049479
0 0.056475 0.486881 0.049805 0.049479
0 0.066452 0.495097 0.049805 0.049479
0 0.056769 0.496662 0.049805 0.049479
0 0.052074 0.522483 0.049805 0.049479
0 0.047379 0.522483 0.049805 0.049479
0 0.039456 0.502921 0.049805 0.049479
0 0.014515 0.492358 0.049805 0.049479
0 0.026546 0.515050 0.049805 0.049479
0 0.042977 0.543219 0.049805 0.049479
0 0.035055 0.550261 0.049805 0.049479
0 0.019210 0.518571 0.049805 0.049479
0 0.039456 0.586646 0.049805 0.049479
0 0.059703 0.521310 0.049805 0.049479
0 0.085818 0.521310 0.049805 0.049479
0 0.102837 0.488446 0.049805 0.049479
0 0.098729 0.477491 0.049805 0.049479
0 0.121323 0.477882 0.049805 0.049479
0 0.124550 0.485316 0.049805 0.049479
0 0.128952 0.481403 0.049805 0.049479
0 0.135114 0.486881 0.049805 0.049479
0 0.139808 0.469275 0.049805 0.049479
0 0.131299 0.476317 0.049805 0.049479
0 0.136287 0.493923 0.049805 0.049479
0 0.123083 0.492358 0.049805 0.049479
0 0.117801 0.495488 0.049805 0.049479
0 0.131592 0.510355 0.049805 0.049479
0 0.177954 0.494314 0.049805 0.049479
0 0.201135 0.496270 0.049805 0.049479
0 0.208470 0.498227 0.049805 0.049479
0 0.212285 0.500183 0.049805 0.049479
0 0.224315 0.506051 0.049805 0.049479
0 0.215513 0.509181 0.049805 0.049479
0 0.241334 0.512311 0.049805 0.049479
0 0.210524 0.480621 0.049805 0.049479
0 0.215219 0.470449 0.049805 0.049479
0 0.229010 0.459885 0.049805 0.049479
0 0.238693 0.460668 0.049805 0.049479
0 0.238400 0.474752 0.049805 0.049479
0 0.177074 0.468884 0.049805 0.049479
0 0.171792 0.468884 0.049805 0.049479
0 0.169445 0.475926 0.049805 0.049479
0 0.165043 0.476317 0.049805 0.049479
0 0.160055 0.474752 0.049805 0.049479
0 0.161522 0.466145 0.049805 0.049479
0 0.158001 0.473187 0.049805 0.049479
0 0.147438 0.469666 0.049805 0.049479
0 0.142449 0.481403 0.049805 0.049479
0 0.170031 0.480621 0.049805 0.049479
0 0.183823 0.487272 0.049805 0.049479
0 0.189398 0.491184 0.049805 0.049479
0 0.053247 0.495488 0.049805 0.049479
0 0.042977 0.481403 0.049805 0.049479
0 0.362226 0.479838 0.049805 0.049479
0 0.381592 0.489228 0.049805 0.049479
0 0.330243 0.484142 0.049805 0.049479
0 0.329656 0.457929 0.049805 0.049479
0 0.333470 0.452452 0.049805 0.049479
0 0.206123 0.563563 0.049805 0.049479
0 0.351076 0.448931 0.049805 0.049479
0 0.372203 0.448931 0.049805 0.049479
0 0.389808 0.422718 0.049805 0.049479
0 0.384527 0.450887 0.049805 0.049479
0 0.386287 0.457929 0.049805 0.049479
0 0.266569 0.464971 0.049805 0.049479
0 0.417684 0.506834 0.049805 0.049479
0 0.348435 0.466536 0.049805 0.049479
0 0.368388 0.470058 0.049805 0.049479
0 0.393036 0.462233 0.049805 0.049479
0 0.397438 0.454799 0.049805 0.049479
0 0.401839 0.454408 0.049805 0.049479
0 0.388928 0.446583 0.049805 0.049479
0 0.383646 0.446192 0.049805 0.049479
0 0.459644 0.447366 0.049805 0.049479
0 0.465219 0.469666 0.049805 0.049479
0 0.451722 0.467319 0.049805 0.049479
0 0.490747 0.504095 0.049805 0.049479
0 0.514222 0.557303 0.049805 0.049479
0 0.551487 0.497835 0.049805 0.049479
0 0.525665 0.487272 0.049805 0.049479
0 0.498376 0.443453 0.049805 0.049479
0 0.488693 0.436411 0.049805 0.049479
0 0.487520 0.431716 0.049805 0.049479
0 0.621616 0.521701 0.049805 0.049479
0 0.650665 0.448540 0.049805 0.049479
0 0.631299 0.466536 0.049805 0.049479
0 0.705830 0.413328 0.049805 0.049479
0 0.739574 0.501356 0.049805 0.049479
0 0.871323 0.481795 0.049805 0.049479
0 0.872790 0.476709 0.049805 0.049479
0 0.832003 0.419197 0.049805 0.049479
0 0.826135 0.420762 0.049805 0.049479
0 0.819386 0.424283 0.049805 0.049479
0 0.816452 0.420762 0.049805 0.049479
0 0.806182 0.425457 0.049805 0.049479
0 0.799433 0.413720 0.049805 0.049479
0 0.796792 0.420371 0.049805 0.049479
0 0.848435 0.423500 0.049805 0.049479
0 0.850783 0.425457 0.049805 0.049479
0 0.852250 0.427022 0.049805 0.049479
0 0.815278 0.459494 0.049805 0.049479
0 0.817332 0.454799 0.049805 0.049479
0 0.757473 0.486489 0.049805 0.049479
0 0.943212 0.489228 0.049805 0.049479
0 0.854010 0.433673 0.049805 0.049479
0 0.850489 0.432108 0.049805 0.049479
0 0.856651 0.432499 0.049805 0.049479
0 0.869269 0.390637 0.049805 0.049479
0 0.873963 0.391028 0.049805 0.049479
0 0.839339 0.408633 0.049805 0.049479
0 0.830536 0.429369 0.049805 0.049479
0 0.864280 0.454408 0.049805 0.049479
0 0.973142 0.411372 0.049805 0.049479
0 0.043564 0.988446 0.049805 0.049479
0 0.585192 0.436102 0.049805 0.049479
0 0.586457 0.431464 0.049805 0.049479
0 0.583295 0.423454 0.049805 0.049479
0 0.578868 0.426827 0.049805 0.049479
0 0.579500 0.421768 0.049805 0.049479
0 0.599737 0.419660 0.049805 0.049479
0 0.599104 0.425984 0.049805 0.049479
0 0.603531 0.421768 0.049805 0.049479
0 0.628510 0.428935 0.049805 0.049479
0 0.648113 0.416709 0.049805 0.049479
0 0.647165 0.410807 0.049805 0.049479
0 0.650643 0.410385 0.049805 0.049479
0 0.652224 0.412915 0.049805 0.049479
0 0.655386 0.416287 0.049805 0.049479
0 0.660761 0.415444 0.049805 0.049479
0 0.656651 0.420925 0.049805 0.049479
0 0.653805 0.423454 0.049805 0.049479
0 0.650011 0.419238 0.049805 0.049479
0 0.645584 0.422189 0.049805 0.049479
0 0.610171 0.402375 0.049805 0.049479
0 0.602266 0.405748 0.049805 0.049479
0 0.577603 0.405748 0.049805 0.049479
0 0.574758 0.405748 0.049805 0.049479
0 0.562110 0.409120 0.049805 0.049479
0 0.563691 0.409964 0.049805 0.049479
0 0.566853 0.414601 0.049805 0.049479
0 0.549779 0.412915 0.049805 0.049479
0 0.617443 0.395630 0.049805 0.049479
0 0.621870 0.396473 0.049805 0.049479
0 0.624399 0.395208 0.049805 0.049479
0 0.627877 0.396473 0.049805 0.049479
0 0.630407 0.397316 0.049805 0.049479
0 0.633569 0.395630 0.049805 0.049479
0 0.636414 0.395208 0.049805 0.049479
0 0.636414 0.392257 0.049805 0.049479
0 0.638944 0.396473 0.049805 0.049479
0 0.641157 0.394786 0.049805 0.049479
0 0.642106 0.398159 0.049805 0.049479
0 0.644635 0.397316 0.049805 0.049479
0 0.648746 0.393943 0.049805 0.049479
0 0.649694 0.397316 0.049805 0.049479
0 0.652224 0.394365 0.049805 0.049479
0 0.652224 0.397738 0.049805 0.049479
0 0.654121 0.396894 0.049805 0.049479
0 0.656967 0.394365 0.049805 0.049479
0 0.657599 0.399424 0.049805 0.049479
0 0.662974 0.393100 0.049805 0.049479
0 0.660129 0.396894 0.049805 0.049479
0 0.665820 0.395208 0.049805 0.049479
0 0.669298 0.394365 0.049805 0.049479
0 0.672144 0.396051 0.049805 0.049479
0 0.674357 0.393100 0.049805 0.049479
0 0.678151 0.395208 0.049805 0.049479
0 0.609538 0.408277 0.049805 0.049479
0 0.607009 0.407434 0.049805 0.049479
0 0.597839 0.409964 0.049805 0.049479
0 0.593413 0.410807 0.049805 0.049479
0 0.592464 0.417130 0.049805 0.049479
0 0.595626 0.415023 0.049805 0.049479
0 0.585508 0.419660 0.049805 0.049479
0 0.589935 0.420925 0.049805 0.049479
0 0.572544 0.419238 0.049805 0.049479
0 0.568434 0.418817 0.049805 0.049479
0 0.565272 0.417974 0.049805 0.049479
0 0.557367 0.421768 0.049805 0.049479
0 0.553573 0.419660 0.049805 0.049479
0 0.551360 0.422189 0.049805 0.049479
0 0.550095 0.425141 0.049805 0.049479
0 0.566221 0.427249 0.049805 0.049479
0 0.565588 0.423876 0.049805 0.049479
0 0.570647 0.431464 0.049805 0.049479
0 0.575390 0.431043 0.049805 0.049479
0 0.582979 0.431464 0.049805 0.049479
0 0.585192 0.427670 0.049805 0.049479
0 0.587721 0.428513 0.049805 0.049479
0 0.598156 0.432308 0.049805 0.049479
0 0.600685 0.435259 0.049805 0.049479
0 0.603215 0.436945 0.049805 0.049479
0 0.606693 0.431464 0.049805 0.049479
0 0.609222 0.436945 0.049805 0.049479
0 0.613965 0.436523 0.049805 0.049479
0 0.616811 0.425562 0.049805 0.049479
0 0.621870 0.421346 0.049805 0.049479
0 0.624715 0.418817 0.049805 0.049479
0 0.617759 0.421346 0.049805 0.049479
0 0.613649 0.402797 0.049805 0.049479
0 0.617759 0.401110 0.049805 0.049479
0 0.620289 0.405326 0.049805 0.049479
0 0.621237 0.400267 0.049805 0.049479
0 0.625348 0.404905 0.049805 0.049479
0 0.629458 0.403640 0.049805 0.049479
0 0.631672 0.406591 0.049805 0.049479
0 0.636731 0.402797 0.049805 0.049479
0 0.637995 0.407856 0.049805 0.049479
0 0.645584 0.404483 0.049805 0.049479
0 0.643054 0.407434 0.049805 0.049479
0 0.645900 0.408699 0.049805 0.049479
0 0.645584 0.416709 0.049805 0.049479
0 0.642422 0.418395 0.049805 0.049479
0 0.637995 0.419660 0.049805 0.049479
0 0.644319 0.429778 0.049805 0.049479
0 0.650011 0.436523 0.049805 0.049479
0 0.653805 0.436945 0.049805 0.049479
0 0.647165 0.428513 0.049805 0.049479
0 0.635466 0.434415 0.049805 0.049479
0 0.631355 0.432729 0.049805 0.049479
0 0.630091 0.437788 0.049805 0.049479
0 0.672776 0.419238 0.049805 0.049479
0 0.669298 0.416709 0.049805 0.049479
0 0.667401 0.401532 0.049805 0.049479
0 0.666452 0.398159 0.049805 0.049479
0 0.660129 0.403640 0.049805 0.049479
0 0.654437 0.402375 0.049805 0.049479
0 0.641473 0.401532 0.049805 0.049479
0 0.681946 0.393943 0.049805 0.049479
0 0.685740 0.392257 0.049805 0.049479
0 0.689534 0.391835 0.049805 0.049479
0 0.693328 0.392679 0.049805 0.049479
0 0.691115 0.398581 0.049805 0.049479
0 0.681313 0.400689 0.049805 0.049479
0 0.676570 0.402797 0.049805 0.049479
0 0.673092 0.401953 0.049805 0.049479
0 0.680681 0.416709 0.049805 0.049479
0 0.680681 0.423454 0.049805 0.049479
0 0.687321 0.423876 0.049805 0.049479
0 0.689218 0.428092 0.049805 0.049479
0 0.695226 0.427670 0.049805 0.049479
0 0.692696 0.420925 0.049805 0.049479
0 0.691748 0.415866 0.049805 0.049479
0 0.699336 0.425141 0.049805 0.049479
0 0.700601 0.430621 0.049805 0.049479
0 0.703130 0.425984 0.049805 0.049479
0 0.706608 0.423876 0.049805 0.049479
0 0.702182 0.415444 0.049805 0.049479
0 0.699020 0.402375 0.049805 0.049479
0 0.698071 0.396894 0.049805 0.049479
0 0.702498 0.402797 0.049805 0.049479
0 0.707557 0.403218 0.049805 0.049479
0 0.710403 0.400267 0.049805 0.049479
0 0.708189 0.395630 0.049805 0.049479
0 0.720837 0.389306 0.049805 0.049479
0 0.723683 0.388041 0.049805 0.049479
0 0.721785 0.391414 0.049805 0.049479
0 0.457452 0.436945 0.049805 0.049479
0 0.460613 0.437367 0.049805 0.049479
0 0.463143 0.438631 0.049805 0.049479
0 0.466305 0.433994 0.049805 0.049479
0 0.470731 0.428935 0.049805 0.049479
0 0.472945 0.425141 0.049805 0.049479
0 0.474842 0.428092 0.049805 0.049479
0 0.478320 0.427670 0.049805 0.049479
0 0.478952 0.424297 0.049805 0.049479
0 0.481798 0.428092 0.049805 0.049479
0 0.459033 0.430621 0.049805 0.049479
0 0.456187 0.429778 0.049805 0.049479
0 0.738754 0.407012 0.049805 0.049479
0 0.740968 0.406169 0.049805 0.049479
0 0.743497 0.405326 0.049805 0.049479
0 0.747608 0.404483 0.049805 0.049479
0 0.748872 0.403640 0.049805 0.049479
0 0.752983 0.403640 0.049805 0.049479
0 0.755512 0.404061 0.049805 0.049479
0 0.732747 0.387620 0.049805 0.049479
0 0.732430 0.392257 0.049805 0.049479
0 0.729269 0.390992 0.049805 0.049479
0 0.703025 0.390571 0.049805 0.049479
0 0.702709 0.395208 0.049805 0.049479
0 0.700812 0.399424 0.049805 0.049479
0 0.692591 0.402375 0.049805 0.049479
0 0.689113 0.402375 0.049805 0.049479
0 0.686899 0.403218 0.049805 0.049479
0 0.683105 0.404483 0.049805 0.049479
0 0.679943 0.405326 0.049805 0.049479
0 0.735592 0.389727 0.049805 0.049479
0 0.738754 0.390992 0.049805 0.049479
0 0.741284 0.391414 0.049805 0.049479
0 0.743813 0.392679 0.049805 0.049479
0 0.744446 0.388041 0.049805 0.049479
0 0.742865 0.385512 0.049805 0.049479
0 0.738754 0.385512 0.049805 0.049479
0 0.746027 0.387198 0.049805 0.049479
0 0.747291 0.391835 0.049805 0.049479
0 0.749188 0.390571 0.049805 0.049479
0 0.749821 0.385512 0.049805 0.049479
0 0.752034 0.389727 0.049805 0.049479
0 0.752983 0.385090 0.049805 0.049479
0 0.739387 0.396051 0.049805 0.049479
0 0.742232 0.396473 0.049805 0.049479
0 0.746659 0.398159 0.049805 0.049479
0 0.748240 0.395208 0.049805 0.049479
0 0.750769 0.394365 0.049805 0.049479
0 0.752667 0.394786 0.049805 0.049479
0 0.755196 0.393100 0.049805 0.049479
0 0.755828 0.390149 0.049805 0.049479
0 0.757093 0.385933 0.049805 0.049479
0 0.758990 0.394365 0.049805 0.049479
0 0.760571 0.388463 0.049805 0.049479
0 0.762468 0.393100 0.049805 0.049479
0 0.764998 0.388463 0.049805 0.049479
0 0.765947 0.384668 0.049805 0.049479
0 0.767211 0.390149 0.049805 0.049479
0 0.765314 0.394786 0.049805 0.049479
0 0.762785 0.401532 0.049805 0.049479
0 0.757093 0.399424 0.049805 0.049479
0 0.754248 0.399424 0.049805 0.049479
0 0.752983 0.399845 0.049805 0.049479
0 0.746975 0.401110 0.049805 0.049479
0 0.742232 0.401110 0.049805 0.049479
0 0.736857 0.401532 0.049805 0.049479
0 0.734011 0.400267 0.049805 0.049479
0 0.734328 0.395630 0.049805 0.049479
0 0.761204 0.397316 0.049805 0.049479
0 0.763101 0.397316 0.049805 0.049479
0 0.768160 0.396473 0.049805 0.049479
0 0.770057 0.393943 0.049805 0.049479
0 0.771006 0.391414 0.049805 0.049479
0 0.771322 0.384668 0.049805 0.049479
0 0.770057 0.386355 0.049805 0.049479
0 0.770689 0.388463 0.049805 0.049479
0 0.781756 0.388463 0.049805 0.049479
0 0.786183 0.387198 0.049805 0.049479
0 0.788396 0.385933 0.049805 0.049479
0 0.789661 0.385933 0.049805 0.049479
0 0.792823 0.385933 0.049805 0.049479
0 0.796933 0.383404 0.049805 0.049479
0 0.799146 0.382982 0.049805 0.049479
0 0.799463 0.379609 0.049805 0.049479
0 0.796933 0.380031 0.049805 0.049479
0 0.805786 0.380453 0.049805 0.049479
0 0.808632 0.380453 0.049805 0.049479
0 0.812110 0.380031 0.049805 0.049479
0 0.816221 0.380031 0.049805 0.049479
0 0.820015 0.380031 0.049805 0.049479
0 0.823177 0.380031 0.049805 0.049479
0 0.827920 0.380031 0.049805 0.049479
0 0.832662 0.379188 0.049805 0.049479
0 0.836140 0.378345 0.049805 0.049479
0 0.839302 0.375815 0.049805 0.049479
0 0.785550 0.404483 0.049805 0.049479
0 0.789344 0.401532 0.049805 0.049479
0 0.789661 0.405748 0.049805 0.049479
0 0.789661 0.408699 0.049805 0.049479
0 0.791558 0.410807 0.049805 0.049479
0 0.794404 0.404905 0.049805 0.049479
0 0.795352 0.407012 0.049805 0.049479
0 0.799146 0.401953 0.049805 0.049479
0 0.794404 0.401532 0.049805 0.049479
0 0.793455 0.397316 0.049805 0.049479
0 0.790293 0.395208 0.049805 0.049479
0 0.798514 0.399424 0.049805 0.049479
0 0.803889 0.399002 0.049805 0.049479
0 0.805470 0.396473 0.049805 0.049479
0 0.808948 0.396473 0.049805 0.049479
0 0.807367 0.402797 0.049805 0.049479
0 0.807051 0.409964 0.049805 0.049479
0 0.805154 0.414601 0.049805 0.049479
0 0.804838 0.419660 0.049805 0.049479
0 0.807367 0.419660 0.049805 0.049479
0 0.809264 0.417552 0.049805 0.049479
0 0.811478 0.413758 0.049805 0.049479
0 0.813691 0.411228 0.049805 0.049479
0 0.818118 0.409964 0.049805 0.049479
0 0.828868 0.401532 0.049805 0.049479
0 0.823493 0.403218 0.049805 0.049479
0 0.818750 0.404061 0.049805 0.049479
0 0.828868 0.403640 0.049805 0.049479
0 0.831398 0.406169 0.049805 0.049479
0 0.835508 0.406169 0.049805 0.049479
0 0.837721 0.396894 0.049805 0.049479
0 0.842464 0.397738 0.049805 0.049479
0 0.844678 0.397738 0.049805 0.049479
0 0.848156 0.396473 0.049805 0.049479
0 0.852266 0.396051 0.049805 0.049479
0 0.856693 0.394365 0.049805 0.049479
0 0.858590 0.390571 0.049805 0.049479
0 0.835613 0.425562 0.049805 0.049479
0 0.838775 0.416709 0.049805 0.049479
0 0.835297 0.413758 0.049805 0.049479
0 0.831819 0.411650 0.049805 0.049479
0 0.826760 0.411650 0.049805 0.049479
0 0.820753 0.412071 0.049805 0.049479
0 0.817591 0.398159 0.049805 0.049479
0 0.811267 0.395208 0.049805 0.049479
0 0.811583 0.391835 0.049805 0.049479
0 0.813480 0.386776 0.049805 0.049479
0 0.808105 0.384247 0.049805 0.049479
0 0.803046 0.385090 0.049805 0.049479
0 0.798303 0.387198 0.049805 0.049479
0 0.792296 0.389306 0.049805 0.049479
0 0.788817 0.390571 0.049805 0.049479
0 0.795141 0.390571 0.049805 0.049479
0 0.800833 0.390992 0.049805 0.049479
0 0.804627 0.390149 0.049805 0.049479
0 0.808105 0.387620 0.049805 0.049479
0 0.820120 0.390149 0.049805 0.049479
0 0.822650 0.390149 0.049805 0.049479
0 0.811899 0.398159 0.049805 0.049479
0 0.808105 0.399845 0.049805 0.049479
0 0.821385 0.398159 0.049805 0.049479
0 0.825179 0.396894 0.049805 0.049479
0 0.829290 0.392679 0.049805 0.049479
0 0.831503 0.390149 0.049805 0.049479
0 0.834665 0.393100 0.049805 0.049479
0 0.837827 0.386776 0.049805 0.049479
0 0.840672 0.389727 0.049805 0.049479
0 0.843202 0.388041 0.049805 0.049479
0 0.845099 0.373707 0.049805 0.049479
0 0.851107 0.374972 0.049805 0.049479
0 0.853320 0.376237 0.049805 0.049479
0 0.856166 0.374550 0.049805 0.049479
0 0.850791 0.390571 0.049805 0.049479
0 0.854901 0.389727 0.049805 0.049479
0 0.872924 0.397316 0.049805 0.049479
0 0.876086 0.397316 0.049805 0.049479
0 0.876718 0.392257 0.049805 0.049479
0 0.879880 0.392257 0.049805 0.049479
0 0.879880 0.394365 0.049805 0.049479
0 0.887785 0.388884 0.049805 0.049479
0 0.889049 0.390992 0.049805 0.049479
0 0.922565 0.426827 0.049805 0.049479
0 0.924463 0.421346 0.049805 0.049479
0 0.921301 0.420082 0.049805 0.049479
0 0.918771 0.421768 0.049805 0.049479
0 0.929205 0.423033 0.049805 0.049479
0 0.932683 0.420503 0.049805 0.049479
0 0.933316 0.425141 0.049805 0.049479
0 0.935529 0.421346 0.049805 0.049479
0 0.932051 0.409964 0.049805 0.049479
0 0.929522 0.407012 0.049805 0.049479
0 0.926992 0.402797 0.049805 0.049479
0 0.933000 0.404061 0.049805 0.049479
0 0.935213 0.403640 0.049805 0.049479
0 0.933948 0.398159 0.049805 0.049479
0 0.931419 0.399002 0.049805 0.049479
0 0.929522 0.395630 0.049805 0.049479
0 0.932683 0.392679 0.049805 0.049479
0 0.907072 0.382560 0.049805 0.049479
0 0.902329 0.385933 0.049805 0.049479
0 0.895373 0.385090 0.049805 0.049479