0 0.029421 0.405895 0.049805 0.049479
0 0.266007 0.975001 0.049805 0.049479
0 0.557470 0.768497 0.049805 0.049479
0 0.708690 0.939229 0.049805 0.049479
0 0.831861 0.683944 0.049805 0.049479
0 0.839178 0.539229 0.049805 0.049479
0 0.483080 0.576627 0.049805 0.049479
0 0.509909 0.522968 0.049805 0.049479
0 0.639178 0.433538 0.049805 0.049479
0 0.502592 0.332725 0.049805 0.049479
0 0.366007 0.350611 0.049805 0.049479
0 0.345275 0.274188 0.049805 0.049479
0 0.125763 0.244920 0.049805 0.049479
0 0.152592 0.204269 0.049805 0.049479
0 0.172104 0.183131 0.049805 0.049479
0 0.185519 0.139229 0.049805 0.049479
0 0.205031 0.114838 0.049805 0.049479
0 0.156251 0.093700 0.049805 0.049479
0 0.152592 0.062806 0.049805 0.049479
0 0.025763 0.036790 0.049805 0.049479
0 0.061129 0.092074 0.049805 0.049479
0 0.040397 0.137603 0.049805 0.049479
0 0.174543 0.022155 0.049805 0.049479
0 0.225763 0.023781 0.049805 0.049479
0 0.367226 0.038416 0.049805 0.049479
0 0.352592 0.082318 0.049805 0.049479
0 0.406251 0.085570 0.049805 0.049479
0 0.406251 0.171749 0.049805 0.049479
0 0.472104 0.161993 0.049805 0.049479
0 0.472104 0.036790 0.049805 0.049479
0 0.459909 0.022155 0.049805 0.049479
0 0.557470 0.005895 0.049805 0.049479
0 0.619665 0.020529 0.049805 0.049479
0 0.598934 0.067684 0.049805 0.049479
0 0.601373 0.148985 0.049805 0.049479
0 0.611129 0.225408 0.049805 0.049479
0 0.842836 0.266058 0.049805 0.049479
0 0.794056 0.199391 0.049805 0.049479
0 0.885519 0.147359 0.049805 0.049479
0 0.934300 0.184757 0.049805 0.049479
0 0.976982 0.201017 0.049805 0.049479
0 0.989178 0.145733 0.049805 0.049479
0 0.968446 0.043294 0.049805 0.049479
0 0.926982 0.035164 0.049805 0.049479
0 0.883080 0.018903 0.049805 0.049479
0 0.813568 0.030286 0.049805 0.049479
0 0.724543 0.022155 0.049805 0.049479
0 0.662348 0.009147 0.049805 0.049479
0 0.657470 0.056302 0.049805 0.049479
0 0.922714 0.036383 0.049805 0.049479