0 0.283034 0.515301 0.050000 0.048148
0 0.446800 0.463086 0.050000 0.048148
0 0.516816 0.404542 0.050000 0.048148
0 0.470534 0.364985 0.050000 0.048148
0 0.437307 0.372896 0.050000 0.048148
0 0.381531 0.366567 0.050000 0.048148
0 0.404079 0.303276 0.050000 0.048148
0 0.358984 0.300111 0.050000 0.048148
0 0.335250 0.284289 0.050000 0.048148
0 0.299648 0.311187 0.050000 0.048148
0 0.296088 0.376061 0.050000 0.048148
0 0.268794 0.320681 0.050000 0.048148
0 0.241500 0.328592 0.050000 0.048148
0 0.230819 0.347580 0.050000 0.048148
0 0.191658 0.338086 0.050000 0.048148
0 0.190471 0.368149 0.050000 0.048148
0 0.259300 0.398213 0.050000 0.048148
0 0.245060 0.360238 0.050000 0.048148
0 0.319822 0.527959 0.050000 0.048148
0 0.392212 0.521630 0.050000 0.048148
0 0.375598 0.577010 0.050000 0.048148
0 0.386278 0.624478 0.050000 0.048148
0 0.350677 0.690934 0.050000 0.048148
0 0.291341 0.595997 0.050000 0.048148
0 0.280661 0.679858 0.050000 0.048148
0 0.215392 0.603909 0.050000 0.048148
0 0.208272 0.690934 0.050000 0.048148
0 0.250993 0.716251 0.050000 0.048148
0 0.163177 0.925111 0.050000 0.048148
0 0.241500 0.989985 0.050000 0.048148
0 0.319822 0.882390 0.050000 0.048148
0 0.368477 0.760554 0.050000 0.048148
0 0.438493 0.706757 0.050000 0.048148
0 0.499015 0.662453 0.050000 0.048148
0 0.516816 0.725744 0.050000 0.048148
0 0.508509 0.796947 0.050000 0.048148
0 0.623620 0.771630 0.050000 0.048148
0 0.617686 0.705175 0.050000 0.048148
0 0.591579 0.649795 0.050000 0.048148
0 0.578525 0.521630 0.050000 0.048148
0 0.655661 0.524795 0.050000 0.048148
0 0.693636 0.648213 0.050000 0.048148
0 0.716183 0.705175 0.050000 0.048148
0 0.758905 0.702010 0.050000 0.048148
0 0.827734 0.694099 0.050000 0.048148
0 0.844348 0.798529 0.050000 0.048148
0 0.891816 0.847580 0.050000 0.048148
0 0.909617 0.885554 0.050000 0.048148
0 0.911990 0.687770 0.050000 0.048148
0 0.906057 0.637137 0.050000 0.048148
0 0.896563 0.546947 0.050000 0.048148
0 0.915550 0.480491 0.050000 0.048148
0 0.966579 0.399795 0.050000 0.048148
0 0.831294 0.439352 0.050000 0.048148
0 0.818240 0.342833 0.050000 0.048148
0 0.853841 0.342833 0.050000 0.048148
0 0.729237 0.320681 0.050000 0.048148
0 0.722117 0.276377 0.050000 0.048148
0 0.818240 0.205175 0.050000 0.048148
0 0.131136 0.145048 0.050000 0.048148
0 0.214205 0.220997 0.050000 0.048148
0 0.267607 0.228909 0.050000 0.048148
0 0.216579 0.276377 0.050000 0.048148
0 0.163177 0.270048 0.050000 0.048148
0 0.070614 0.393466 0.050000 0.048148
0 0.051626 0.327010 0.050000 0.048148
0 0.024332 0.244732 0.050000 0.048148
0 0.037386 0.198846 0.050000 0.048148
0 0.084854 0.244732 0.050000 0.048148
0 0.088414 0.206757 0.050000 0.048148
0 0.095534 0.377643 0.050000 0.048148
0 0.112148 0.345997 0.050000 0.048148
0 0.120455 0.303276 0.050000 0.048148
0 0.147750 0.510554 0.050000 0.048148
0 0.113335 0.426694 0.050000 0.048148
0 0.150123 0.382390 0.050000 0.048148
0 0.065867 0.458339 0.050000 0.048148
0 0.083667 0.494732 0.050000 0.048148
0 0.099095 0.624478 0.050000 0.048148
0 0.134696 0.670365 0.050000 0.048148
0 0.345930 0.198846 0.050000 0.048148
0 0.414759 0.181440 0.050000 0.048148
0 0.478841 0.143466 0.050000 0.048148
0 0.518003 0.140301 0.050000 0.048148
0 0.633114 0.290618 0.050000 0.048148
0 0.616500 0.322263 0.050000 0.048148
0 0.569031 0.312770 0.050000 0.048148
0 0.522750 0.317516 0.050000 0.048148
0 0.468161 0.317516 0.050000 0.048148
0 0.496642 0.342833 0.050000 0.048148
0 0.621246 0.401377 0.050000 0.048148
0 0.572591 0.383972 0.050000 0.048148
0 0.634300 0.388719 0.050000 0.048148
0 0.674648 0.382390 0.050000 0.048148
0 0.684142 0.327010 0.050000 0.048148
0 0.781452 0.336504 0.050000 0.048148
0 0.694822 0.893466 0.050000 0.048148
0 0.795693 0.939352 0.050000 0.048148
0 0.855028 0.189352 0.050000 0.048148
0 0.930977 0.176694 0.050000 0.048148
0 0.973699 0.111820 0.050000 0.048148
0 0.944031 0.121314 0.050000 0.048148
0 0.909617 0.103909 0.050000 0.048148
0 0.627180 0.081757 0.050000 0.048148
0 0.729237 0.198846 0.050000 0.048148
0 0.756531 0.205175 0.050000 0.048148
0 0.627180 0.206757 0.050000 0.048148
0 0.637860 0.235238 0.050000 0.048148
0 0.578525 0.220997 0.050000 0.048148
0 0.550044 0.159289 0.050000 0.048148
0 0.535803 0.247896 0.050000 0.048148
0 0.567845 0.260554 0.050000 0.048148
0 0.482402 0.243149 0.050000 0.048148
0 0.458667 0.213086 0.050000 0.048148
0 0.434933 0.258972 0.050000 0.048148
0 0.396959 0.227327 0.050000 0.048148
0 0.504949 0.543782 0.050000 0.048148
0 0.024332 0.466251 0.050000 0.048148
0 0.677022 0.217833 0.050000 0.048148
0 0.655661 0.162453 0.050000 0.048148
0 0.898936 0.132390 0.050000 0.048148
0 0.869269 0.148213 0.050000 0.048148
0 0.484775 0.099162 0.050000 0.048148
0 0.612940 0.143466 0.050000 0.048148
0 0.618873 0.132390 0.050000 0.048148
0 0.614126 0.029542 0.050000 0.048148
0 0.668715 0.037453 0.050000 0.048148
0 0.751784 0.083339 0.050000 0.048148
0 0.773145 0.072263 0.050000 0.048148
0 0.790946 0.099162 0.050000 0.048148
0 0.785012 0.184605 0.050000 0.048148
0 0.703129 0.187770 0.050000 0.048148
0 0.574965 0.143466 0.050000 0.048148
0 0.529870 0.270048 0.050000 0.048148
0 0.759481 0.176469 0.050000 0.048148
0 0.658544 0.094697 0.050000 0.048148
0 0.690486 0.087883 0.050000 0.048148
0 0.648322 0.120250 0.050000 0.048148
0 0.983075 0.757388 0.050000 0.048148
0 0.979242 0.873232 0.050000 0.048148
0 0.082309 0.549552 0.050000 0.048148