0 0.819147 0.905237 0.049805 0.049479
0 0.929942 0.749393 0.049805 0.049479
0 0.834975 0.619522 0.049805 0.049479
0 0.791143 0.630886 0.049805 0.049479
0 0.455104 0.788354 0.049805 0.049479
0 0.140981 0.653613 0.049805 0.049479
0 0.008270 0.676341 0.049805 0.049479
0 0.228643 0.491276 0.049805 0.049479
0 0.251777 0.475042 0.049805 0.049479
0 0.530591 0.483159 0.049805 0.049479
0 0.629212 0.486406 0.049805 0.049479
0 0.653562 0.346795 0.049805 0.049479
0 0.720527 0.363029 0.049805 0.049479
0 0.917767 0.488029 0.049805 0.049479
0 0.939682 0.387380 0.049805 0.049479
0 0.954293 0.348419 0.049805 0.049479
0 0.934812 0.293224 0.049805 0.049479
0 0.820364 0.205561 0.049805 0.049479
0 0.343091 0.278613 0.049805 0.049479
0 0.259082 0.296470 0.049805 0.049479
0 0.259082 0.270496 0.049805 0.049479
0 0.246906 0.260756 0.049805 0.049479
0 0.237166 0.216925 0.049805 0.049479
0 0.187247 0.221795 0.049805 0.049479
0 0.140981 0.278613 0.049805 0.049479
0 0.176290 0.363029 0.049805 0.049479
0 0.250559 0.380886 0.049805 0.049479
0 0.112978 0.333808 0.049805 0.049479
0 0.067929 0.267250 0.049805 0.049479
0 0.028968 0.259133 0.049805 0.049479
0 0.024098 0.223419 0.049805 0.049479
0 0.077669 0.238029 0.049805 0.049479
0 0.738587 0.198662 0.049805 0.049479
0 0.733716 0.149961 0.049805 0.049479
0 0.678319 0.131292 0.049805 0.049479
0 0.986354 0.210026 0.049805 0.049479
0 0.999139 0.132915 0.049805 0.049479
0 0.987572 0.155643 0.049805 0.049479
0 0.978441 0.125610 0.049805 0.049479
0 0.977223 0.102071 0.049805 0.049479
0 0.968091 0.089084 0.049805 0.049479
0 0.954090 0.089084 0.049805 0.049479
0 0.938262 0.096389 0.049805 0.049479
0 0.932783 0.081779 0.049805 0.049479
0 0.920608 0.076909 0.049805 0.049479
0 0.904171 0.072850 0.049805 0.049479
0 0.898692 0.056617 0.049805 0.049479
0 0.887126 0.044441 0.049805 0.049479
0 0.875559 0.083402 0.049805 0.049479
0 0.859731 0.076097 0.049805 0.049479
0 0.929130 0.147526 0.049805 0.049479
0 0.947393 0.213272 0.049805 0.049479
0 0.927913 0.210837 0.049805 0.049479
0 0.898692 0.169441 0.049805 0.049479
0 0.860949 0.127233 0.049805 0.049479
0 0.827466 0.127233 0.049805 0.049479
0 0.801898 0.163759 0.049805 0.049479
0 0.810421 0.133727 0.049805 0.049479
0 0.816509 0.076097 0.049805 0.049479
0 0.810421 0.076097 0.049805 0.049479
0 0.762937 0.102071 0.049805 0.049479
0 0.748327 0.098824 0.049805 0.049479
0 0.741630 0.093143 0.049805 0.049479
0 0.713018 0.104506 0.049805 0.049479
0 0.699017 0.089084 0.049805 0.049479
0 0.731281 0.073662 0.049805 0.049479
0 0.742848 0.051746 0.049805 0.049479
0 0.776330 0.059052 0.049805 0.049479
0 0.860340 0.057428 0.049805 0.049479
0 0.846947 0.055805 0.049805 0.049479
0 0.871906 0.045253 0.049805 0.049479
0 0.620486 0.173500 0.049805 0.049479
0 0.567523 0.179182 0.049805 0.049479
0 0.560827 0.106130 0.049805 0.049479
0 0.618660 0.085026 0.049805 0.049479
0 0.603441 0.076097 0.049805 0.049479
0 0.593700 0.085026 0.049805 0.049479
0 0.574829 0.081779 0.049805 0.049479
0 0.558392 0.085026 0.049805 0.049479
0 0.536476 0.104506 0.049805 0.049479
0 0.872211 0.020294 0.049805 0.049479
0 0.877994 0.002436 0.049805 0.049479
0 0.867036 0.008118 0.049805 0.049479
0 0.852122 0.009742 0.049805 0.049479
0 0.863992 0.038759 0.049805 0.049479
0 0.856079 0.025772 0.049805 0.049479
0 0.842077 0.016032 0.049805 0.049479
0 0.843294 0.033078 0.049805 0.049479
0 0.834163 0.038759 0.049805 0.049479
0 0.830510 0.016032 0.049805 0.049479
0 0.829902 0.002233 0.049805 0.049479
0 0.816509 0.003045 0.049805 0.049479
0 0.810421 0.016032 0.049805 0.049479
0 0.806768 0.004669 0.049805 0.049479
0 0.797028 0.005480 0.049805 0.049479
0 0.796419 0.011974 0.049805 0.049479
0 0.801898 0.021714 0.049805 0.049479
0 0.798246 0.030643 0.049805 0.049479
0 0.795811 0.046065 0.049805 0.049479
0 0.818944 0.030643 0.049805 0.049479
0 0.817117 0.016844 0.049805 0.049479
0 0.778765 0.004669 0.049805 0.049479
0 0.786070 0.002233 0.049805 0.049479
0 0.754415 0.030643 0.049805 0.049479
0 0.751371 0.021714 0.049805 0.049479
0 0.734934 0.033078 0.049805 0.049479
0 0.736152 0.019279 0.049805 0.049479
0 0.736152 0.007915 0.049805 0.049479
0 0.737978 0.054182 0.049805 0.049479
0 0.775721 0.038759 0.049805 0.049479
0 0.773286 0.004669 0.049805 0.049479
0 0.690494 0.007915 0.049805 0.049479
0 0.714845 0.002233 0.049805 0.049479
0 0.699626 0.038759 0.049805 0.049479
0 0.716062 0.059052 0.049805 0.049479
0 0.708757 0.062298 0.049805 0.049479
0 0.685624 0.059052 0.049805 0.049479
0 0.669796 0.050935 0.049805 0.049479
0 0.669796 0.038759 0.049805 0.049479
0 0.673449 0.017656 0.049805 0.049479
0 0.652142 0.006292 0.049805 0.049479
0 0.653968 0.002233 0.049805 0.049479
0 0.662998 0.022323 0.049805 0.049479
0 0.664520 0.010959 0.049805 0.049479
0 0.667564 0.000001 0.049805 0.049479
0 0.626472 0.005277 0.049805 0.049479
0 0.631342 0.018670 0.049805 0.049479
0 0.632560 0.043832 0.049805 0.049479
0 0.635299 0.035716 0.049805 0.049479
0 0.626472 0.034498 0.049805 0.049479
0 0.611253 0.004060 0.049805 0.049479
0 0.617645 0.015423 0.049805 0.049479
0 0.619776 0.004060 0.049805 0.049479
0 0.596338 0.021105 0.049805 0.049479
0 0.601513 0.028816 0.049805 0.049479
0 0.577466 0.016641 0.049805 0.049479
0 0.600600 0.046673 0.049805 0.049479
0 0.582945 0.051544 0.049805 0.049479
0 0.558290 0.046673 0.049805 0.049479
0 0.549159 0.047891 0.049805 0.049479
0 0.533331 0.069401 0.049805 0.049479
0 0.507458 0.068589 0.049805 0.049479
0 0.526635 0.063719 0.049805 0.049479
0 0.498631 0.112420 0.049805 0.049479
0 0.493761 0.120943 0.049805 0.049479
0 0.493457 0.053979 0.049805 0.049479
0 0.492239 0.031251 0.049805 0.049479
0 0.508372 0.019482 0.049805 0.049479
0 0.520242 0.032875 0.049805 0.049479
0 0.516590 0.021105 0.049805 0.049479
0 0.529678 0.022323 0.049805 0.049479
0 0.538201 0.023946 0.049805 0.049479
0 0.548550 0.014612 0.049805 0.049479
0 0.559204 0.019482 0.049805 0.049479
0 0.565596 0.018264 0.049805 0.049479
0 0.565900 0.005277 0.049805 0.049479
0 0.559204 0.008118 0.049805 0.049479
0 0.554029 0.002436 0.049805 0.049479
0 0.550985 0.006089 0.049805 0.049479
0 0.531505 0.008118 0.049805 0.049479
0 0.519938 0.010959 0.049805 0.049479
0 0.517807 0.001625 0.049805 0.049479
0 0.511415 0.008118 0.049805 0.049479
0 0.504110 0.011365 0.049805 0.049479
0 0.496196 0.013800 0.049805 0.049479
0 0.487065 0.014206 0.049805 0.049479
0 0.432580 0.128045 0.049805 0.049479
0 0.472150 0.114246 0.049805 0.049479
0 0.483716 0.089896 0.049805 0.049479
0 0.472759 0.051746 0.049805 0.049479
0 0.449626 0.063110 0.049805 0.049479
0 0.436233 0.088272 0.049805 0.049479
0 0.410056 0.096389 0.049805 0.049479
0 0.399098 0.089896 0.049805 0.049479
0 0.379009 0.102883 0.049805 0.049479
0 0.368660 0.115870 0.049805 0.049479
0 0.343091 0.096592 0.049805 0.049479
0 0.353745 0.086852 0.049805 0.049479
0 0.338830 0.069401 0.049805 0.049479
0 0.359833 0.056008 0.049805 0.049479
0 0.361354 0.033686 0.049805 0.049479
0 0.352527 0.010147 0.049805 0.049479
0 0.459061 0.005277 0.049805 0.049479
0 0.462410 0.005683 0.049805 0.049479
0 0.482499 0.002436 0.049805 0.049479
0 0.481890 0.021511 0.049805 0.049479
0 0.480673 0.033686 0.049805 0.049479
0 0.465758 0.025164 0.049805 0.049479
0 0.460888 0.029628 0.049805 0.049479
0 0.457540 0.031251 0.049805 0.049479
0 0.454191 0.027193 0.049805 0.049479
0 0.449017 0.018670 0.049805 0.049479
0 0.442016 0.016641 0.049805 0.049479
0 0.448104 0.032469 0.049805 0.049479
0 0.435015 0.038151 0.049805 0.049479
0 0.407012 0.025164 0.049805 0.049479
0 0.427710 0.040992 0.049805 0.049479
0 0.432580 0.061284 0.049805 0.049479
0 0.425275 0.059660 0.049805 0.049479
0 0.424057 0.072242 0.049805 0.049479
0 0.400316 0.049920 0.049805 0.049479
0 0.411882 0.036933 0.049805 0.049479
0 0.396967 0.054384 0.049805 0.049479
0 0.392706 0.044644 0.049805 0.049479
0 0.377791 0.042615 0.049805 0.049479
0 0.376878 0.052761 0.049805 0.049479
0 0.396054 0.076706 0.049805 0.049479
0 0.379313 0.083605 0.049805 0.049479
0 0.386010 0.083605 0.049805 0.049479
0 0.391184 0.066560 0.049805 0.049479
0 0.361659 0.073459 0.049805 0.049479
0 0.368051 0.069807 0.049805 0.049479
0 0.362572 0.087258 0.049805 0.049479
0 0.370182 0.001219 0.049805 0.049479
0 0.323611 0.028005 0.049805 0.049479
0 0.320567 0.027193 0.049805 0.049479
0 0.302000 0.038151 0.049805 0.049479
0 0.299565 0.030845 0.049805 0.049479
0 0.288607 0.044238 0.049805 0.049479
0 0.285563 0.038557 0.049805 0.049479
0 0.280389 0.041397 0.049805 0.049479
0 0.275823 0.045862 0.049805 0.049479
0 0.278867 0.034092 0.049805 0.049479
0 0.284346 0.031251 0.049805 0.049479
0 0.270344 0.047485 0.049805 0.049479
0 0.187856 0.070212 0.049805 0.049479
0 0.192726 0.064125 0.049805 0.049479
0 0.188769 0.053979 0.049805 0.049479
0 0.185725 0.053979 0.049805 0.049479
0 0.203988 0.062501 0.049805 0.049479
0 0.207641 0.050326 0.049805 0.049479
0 0.209772 0.041803 0.049805 0.049479
0 0.222556 0.052355 0.049805 0.049479
0 0.226817 0.056820 0.049805 0.049479
0 0.230165 0.053167 0.049805 0.049479
0 0.226817 0.048703 0.049805 0.049479
0 0.232296 0.047079 0.049805 0.049479
0 0.229557 0.048703 0.049805 0.049479
0 0.236862 0.044644 0.049805 0.049479
0 0.234427 0.047891 0.049805 0.049479
0 0.245993 0.044644 0.049805 0.049479
0 0.249037 0.043832 0.049805 0.049479
0 0.262126 0.040992 0.049805 0.049479
0 0.270648 0.036933 0.049805 0.049479
0 0.272779 0.033686 0.049805 0.049479
0 0.275823 0.035310 0.049805 0.049479
0 0.291955 0.034092 0.049805 0.049479
0 0.287694 0.031251 0.049805 0.049479
0 0.291955 0.030034 0.049805 0.049479
0 0.160462 0.122363 0.049805 0.049479
0 0.156200 0.119928 0.049805 0.049479
0 0.153156 0.114246 0.049805 0.049479
0 0.135502 0.124798 0.049805 0.049479
0 0.121501 0.127233 0.049805 0.049479
0 0.120283 0.129669 0.049805 0.049479
0 0.238384 0.084214 0.049805 0.049479
0 0.257255 0.074474 0.049805 0.049479
0 0.271866 0.062298 0.049805 0.049479
0 0.281606 0.070415 0.049805 0.049479
0 0.292564 0.063110 0.049805 0.049479
0 0.298043 0.067169 0.049805 0.049479
0 0.309609 0.059863 0.049805 0.049479
0 0.330916 0.064733 0.049805 0.049479
0 0.321176 0.091519 0.049805 0.049479
0 0.335786 0.093143 0.049805 0.049479
0 0.274301 0.111000 0.049805 0.049479
0 0.254820 0.119117 0.049805 0.049479
0 0.240819 0.123987 0.049805 0.049479
0 0.252994 0.149961 0.049805 0.049479
0 0.266996 0.161324 0.049805 0.049479
0 0.230470 0.131292 0.049805 0.049479
0 0.224991 0.138597 0.049805 0.049479
0 0.233514 0.148337 0.049805 0.049479
0 0.213424 0.136974 0.049805 0.049479
0 0.204902 0.144279 0.049805 0.049479
0 0.199423 0.152396 0.049805 0.049479
0 0.192117 0.157266 0.049805 0.049479
0 0.176898 0.149961 0.049805 0.049479
0 0.166549 0.157266 0.049805 0.049479
0 0.155591 0.163759 0.049805 0.049479
0 0.112369 0.161324 0.049805 0.049479
0 0.103846 0.201909 0.049805 0.049479
0 0.077061 0.212461 0.049805 0.049479
0 0.097150 0.244117 0.049805 0.049479
0 0.198814 0.193792 0.049805 0.049479
0 0.214033 0.170253 0.049805 0.049479
0 0.215859 0.187298 0.049805 0.049479
0 0.118457 0.085026 0.049805 0.049479
0 0.112978 0.087461 0.049805 0.049479
0 0.106281 0.091519 0.049805 0.049479
0 0.099585 0.093143 0.049805 0.049479
0 0.129415 0.091519 0.049805 0.049479
0 0.126371 0.082591 0.049805 0.049479
0 0.128197 0.076097 0.049805 0.049479
0 0.133676 0.087461 0.049805 0.049479
0 0.136111 0.088272 0.049805 0.049479
0 0.134285 0.080156 0.049805 0.049479
0 0.137329 0.080156 0.049805 0.049479
0 0.140981 0.076909 0.049805 0.049479
0 0.158027 0.073662 0.049805 0.049479
0 0.160462 0.070415 0.049805 0.049479
0 0.164114 0.072039 0.049805 0.049479
0 0.165941 0.070415 0.049805 0.049479
0 0.158635 0.088272 0.049805 0.049479
0 0.164723 0.085026 0.049805 0.049479
0 0.170202 0.080156 0.049805 0.049479
0 0.189682 0.076909 0.049805 0.049479
0 0.192726 0.072039 0.049805 0.049479
0 0.231079 0.063110 0.049805 0.049479
0 0.196988 0.072850 0.049805 0.049479
0 0.087410 0.096389 0.049805 0.049479
0 0.056971 0.231535 0.049805 0.049479
0 0.089845 0.262380 0.049805 0.049479
0 0.026533 0.151990 0.049805 0.049479
0 0.035056 0.239652 0.049805 0.049479
0 0.192726 0.112420 0.049805 0.049479
0 0.233818 0.078735 0.049805 0.049479
0 0.140981 0.179384 0.049805 0.049479
0 0.303826 0.207388 0.049805 0.049479
0 0.319958 0.206982 0.049805 0.049479
0 0.334163 0.238435 0.049805 0.049479
0 0.322596 0.264409 0.049805 0.049479
0 0.121704 0.104162 0.049805 0.049479
0 0.102891 0.105834 0.049805 0.049479
0 0.106654 0.105277 0.049805 0.049479
0 0.108535 0.102211 0.049805 0.049479
0 0.098502 0.107646 0.049805 0.049479
0 0.091499 0.107785 0.049805 0.049479
0 0.113343 0.102908 0.049805 0.049479
0 0.110103 0.090645 0.049805 0.049479
0 0.010605 0.126319 0.049805 0.049479
0 0.016667 0.121999 0.049805 0.049479
0 0.023983 0.106113 0.049805 0.049479
0 0.027327 0.108482 0.049805 0.049479
0 0.032762 0.106113 0.049805 0.049479
0 0.065580 0.092317 0.049805 0.049479
0 0.069342 0.095243 0.049805 0.049479
0 0.078853 0.088415 0.049805 0.049479
0 0.083870 0.091899 0.049805 0.049479
0 0.086065 0.101375 0.049805 0.049479
0 0.018548 0.095522 0.049805 0.049479
0 0.007365 0.131196 0.049805 0.049479
0 0.002034 0.110990 0.049805 0.049479
0 0.006738 0.111408 0.049805 0.049479
0 0.010918 0.107924 0.049805 0.049479
0 0.014472 0.109179 0.049805 0.049479
0 0.002871 0.127852 0.049805 0.049479
0 0.025237 0.119073 0.049805 0.049479
0 0.175843 0.116704 0.049805 0.049479
0 0.466708 0.476793 0.049805 0.049479
0 0.243987 0.084931 0.049805 0.049479
0 0.242942 0.072807 0.049805 0.049479
0 0.210751 0.066258 0.049805 0.049479
0 0.205212 0.067442 0.049805 0.049479
0 0.207981 0.067024 0.049805 0.049479
0 0.215715 0.064028 0.049805 0.049479
0 0.218015 0.063262 0.049805 0.049479
0 0.218328 0.053019 0.049805 0.049479
0 0.196119 0.066118 0.049805 0.049479
0 0.176993 0.078800 0.049805 0.049479
0 0.142241 0.090018 0.049805 0.049479
0 0.154679 0.084304 0.049805 0.049479
0 0.153372 0.075176 0.049805 0.049479
0 0.150655 0.089112 0.049805 0.049479
0 0.118673 0.092735 0.049805 0.049479
0 0.267816 0.043334 0.049805 0.049479
0 0.370136 0.011318 0.049805 0.049479
0 0.329794 0.085628 0.049805 0.049479
0 0.324881 0.085628 0.049805 0.049479
0 0.287361 0.167150 0.049805 0.049479
0 0.273983 0.139836 0.049805 0.049479
0 0.221307 0.210628 0.049805 0.049479
0 0.472143 0.016021 0.049805 0.049479
0 0.587423 0.001249 0.049805 0.049479
0 0.600279 0.004594 0.049805 0.049479
0 0.592231 0.010168 0.049805 0.049479
0 0.577494 0.009750 0.049805 0.049479
0 0.667795 0.110851 0.049805 0.049479