0 0.078036 0.931900 0.050000 0.046595
0 0.130536 0.913466 0.050000 0.046595
0 0.193750 0.755248 0.050000 0.046595
0 0.074821 0.472606 0.050000 0.046595
0 0.177679 0.426523 0.050000 0.046595
0 0.079107 0.299027 0.050000 0.046595
0 0.136964 0.199181 0.050000 0.046595
0 0.254821 0.366615 0.050000 0.046595
0 0.334107 0.616999 0.050000 0.046595
0 0.433750 0.561700 0.050000 0.046595
0 0.522679 0.423451 0.050000 0.046595
0 0.613750 0.389657 0.050000 0.046595
0 0.605179 0.231439 0.050000 0.046595
0 0.697321 0.357399 0.050000 0.046595
0 0.794821 0.507937 0.050000 0.046595
0 0.648036 0.690732 0.050000 0.046595
0 0.654464 0.948797 0.050000 0.046595
0 0.529107 0.976446 0.050000 0.046595
0 0.844107 0.726062 0.050000 0.046595
0 0.853750 0.469534 0.050000 0.046595
0 0.859107 0.317460 0.050000 0.046595
0 0.816250 0.206861 0.050000 0.046595
0 0.815179 0.145417 0.050000 0.046595
0 0.700536 0.168459 0.050000 0.046595
0 0.743393 0.070148 0.050000 0.046595
0 0.893393 0.027138 0.050000 0.046595
0 0.986607 0.206861 0.050000 0.046595
0 0.965179 0.388121 0.050000 0.046595
0 0.990893 0.504864 0.050000 0.046595
0 0.464821 0.103943 0.050000 0.046595
0 0.431607 0.171531 0.050000 0.046595
0 0.382321 0.220686 0.050000 0.046595
0 0.195893 0.097798 0.050000 0.046595
0 0.232321 0.093190 0.050000 0.046595
0 0.095179 0.037890 0.050000 0.046595
0 0.161607 0.074757 0.050000 0.046595
0 0.048036 0.016385 0.050000 0.046595
0 0.021250 0.113159 0.050000 0.046595