0 0.062892 0.308410 0.049805 0.049479
0 0.014228 0.241616 0.049805 0.049479
0 0.060029 0.445815 0.049805 0.049479
0 0.150201 0.594670 0.049805 0.049479
0 0.161651 0.325586 0.049805 0.049479
0 0.211747 0.317952 0.049805 0.049479
0 0.300487 0.434365 0.049805 0.049479
0 0.260411 0.316044 0.049805 0.049479
0 0.287605 0.275968 0.049805 0.049479
0 0.352014 0.331311 0.049805 0.049479
0 0.353445 0.375204 0.049805 0.049479
0 0.452205 0.308410 0.049805 0.049479
0 0.403541 0.856120 0.049805 0.049479
0 0.546670 0.802685 0.049805 0.049479
0 0.329113 0.190090 0.049805 0.049479
0 0.367758 0.188181 0.049805 0.049479
0 0.392090 0.201540 0.049805 0.049479
0 0.330544 0.115662 0.049805 0.049479
0 0.316231 0.092762 0.049805 0.049479
0 0.256117 0.083220 0.049805 0.049479
0 0.227491 0.106120 0.049805 0.049479
0 0.204590 0.092762 0.049805 0.049479
0 0.168808 0.106120 0.049805 0.049479
0 0.143044 0.111845 0.049805 0.049479
0 0.125869 0.106120 0.049805 0.049479
0 0.095812 0.119479 0.049805 0.049479
0 0.092949 0.087036 0.049805 0.049479
0 0.237510 0.071769 0.049805 0.049479
0 0.206022 0.067952 0.049805 0.049479
0 0.226060 0.066044 0.049805 0.049479
0 0.545239 0.067952 0.049805 0.049479
0 0.804304 0.445815 0.049805 0.049479
0 0.821480 0.514517 0.049805 0.049479
0 0.875869 0.659555 0.049805 0.049479
0 0.987510 0.525968 0.049805 0.049479
0 0.925964 0.321769 0.049805 0.049479
0 0.811460 0.317952 0.049805 0.049479
0 0.837224 0.222532 0.049805 0.049479
0 0.712701 0.289326 0.049805 0.049479
0 0.681212 0.312227 0.049805 0.049479
0 0.591041 0.268334 0.049805 0.049479
0 0.563846 0.296960 0.049805 0.049479
0 0.545239 0.188181 0.049805 0.049479
0 0.563846 0.159555 0.049805 0.049479
0 0.576728 0.100395 0.049805 0.049479
0 0.611079 0.094670 0.049805 0.049479
0 0.621098 0.062227 0.049805 0.049479
0 0.661174 0.052685 0.049805 0.049479
0 0.643999 0.027876 0.049805 0.049479
0 0.599628 0.039326 0.049805 0.049479
0 0.692663 0.071769 0.049805 0.049479
0 0.741327 0.113754 0.049805 0.049479
0 0.729876 0.150013 0.049805 0.049479
0 0.782834 0.081311 0.049805 0.049479
0 0.844380 0.033601 0.049805 0.049479
0 0.890182 0.102303 0.049805 0.049479
0 0.844380 0.119479 0.049805 0.049479
0 0.913083 0.071769 0.049805 0.049479
0 0.971766 0.018334 0.049805 0.049479
0 0.930258 0.008792 0.049805 0.049479
0 0.907357 0.018334 0.049805 0.049479