0 0.273324 0.519716 0.049805 0.049479
0 0.130641 0.438416 0.049805 0.049479
0 0.025763 0.409147 0.049805 0.049479
0 0.014787 0.314838 0.049805 0.049479
0 0.108690 0.254676 0.049805 0.049479
0 0.124543 0.171749 0.049805 0.049479
0 0.145275 0.134351 0.049805 0.049479
0 0.112348 0.062806 0.049805 0.049479
0 0.191617 0.004269 0.049805 0.049479
0 0.230641 0.005895 0.049805 0.049479
0 0.224543 0.027034 0.049805 0.049479
0 0.242836 0.059554 0.049805 0.049479
0 0.173324 0.100204 0.049805 0.049479
0 0.239178 0.178253 0.049805 0.049479
0 0.248934 0.251424 0.049805 0.049479
0 0.302592 0.139229 0.049805 0.049479
0 0.308690 0.080692 0.049805 0.049479
0 0.347714 0.176627 0.049805 0.049479
0 0.358690 0.114838 0.049805 0.049479
0 0.364787 0.048172 0.049805 0.049479
0 0.378202 0.030286 0.049805 0.049479
0 0.391617 0.059554 0.049805 0.049479
0 0.417226 0.106708 0.049805 0.049479
0 0.441617 0.077440 0.049805 0.049479
0 0.426982 0.080692 0.049805 0.049479
0 0.424543 0.041668 0.049805 0.049479
0 0.461129 0.114838 0.049805 0.049479
0 0.451373 0.321342 0.049805 0.049479
0 0.518446 0.309960 0.049805 0.049479
0 0.608690 0.386383 0.049805 0.049479
0 0.659909 0.474188 0.049805 0.049479
0 0.647714 0.617277 0.049805 0.049479
0 0.623324 0.324594 0.049805 0.049479
0 0.689178 0.292074 0.049805 0.049479
0 0.770885 0.327847 0.049805 0.049479
0 0.872104 0.298578 0.049805 0.049479
0 0.544056 0.183131 0.049805 0.049479
0 0.597714 0.168497 0.049805 0.049479
0 0.652592 0.192887 0.049805 0.049479
0 0.631861 0.139229 0.049805 0.049479
0 0.658690 0.148985 0.049805 0.049479
0 0.685519 0.147359 0.049805 0.049479
0 0.730641 0.147359 0.049805 0.049479
0 0.695275 0.101830 0.049805 0.049479
0 0.689178 0.079066 0.049805 0.049479
0 0.748934 0.137603 0.049805 0.049479
0 0.768446 0.161993 0.049805 0.049479
0 0.790397 0.202643 0.049805 0.049479
0 0.819665 0.160367 0.049805 0.049479
0 0.837958 0.153863 0.049805 0.049479
0 0.619665 0.057928 0.049805 0.049479
0 0.633080 0.044920 0.049805 0.049479
0 0.605031 0.030286 0.049805 0.049479
0 0.539178 0.018903 0.049805 0.049479
0 0.475763 0.012399 0.049805 0.049479
0 0.645275 0.005895 0.049805 0.049479
0 0.680641 0.014025 0.049805 0.049479
0 0.601324 0.247417 0.049805 0.049479
0 0.518548 0.015672 0.049805 0.049479